ID,typeNum,region_Brussels,region_Flanders,region_Wallonie,province_Antwerp,province_Brussels,province_East Flanders,province_Flemish Brabant,province_Hainaut,province_Limburg,province_Liège,province_Luxembourg,province_Namur,province_Walloon Brabant,province_West Flanders,lType_X000,lType_X0X0,lType_XX00,lType_XXX0,sc_netHabitableSurface,sc_bedroomCount,sc_bathroomCount,sc_showerRoomCount,sc_toiletCount,conditionNum,epcScoreNum,hasLift,fireplaceExists,hasSwimmingPool,hasAirConditioning,hasGarden,hasTerrace,sc_gardenSurface,sc_terraceSurface,sc_land,price
10616910,0,0.0,1.0,0.0,0.0,0.0,0.0,0.0,0.0,1.0,0.0,0.0,0.0,0.0,0.0,0.0,0.0,0.0,1.0,0.10714285714285715,0.09090909090909091,0.09090909090909091,0.0,0.05555555555555555,1,2,1,0,0,0,0,1,0.0,0.24,0.0,399000.0
10616880,0,0.0,1.0,0.0,1.0,0.0,0.0,0.0,0.0,0.0,0.0,0.0,0.0,0.0,0.0,0.0,0.0,1.0,0.0,0.06632653061224492,0.09090909090909091,0.0,0.0,0.05555555555555555,3,1,0,0,0,0,0,1,0.0,0.0,0.0,218000.0
10616933,0,0.0,1.0,0.0,0.0,0.0,0.0,0.0,0.0,0.0,0.0,0.0,0.0,0.0,1.0,0.0,0.0,1.0,0.0,0.02142857142857143,0.0,0.0,0.0,0.05555555555555555,4,6,1,0,0,0,0,0,0.0,0.0,0.0,95000.0
10616913,0,0.0,1.0,0.0,1.0,0.0,0.0,0.0,0.0,0.0,0.0,0.0,0.0,0.0,0.0,0.0,1.0,0.0,0.0,0.09183673469387757,0.1818181818181818,0.0,0.0,0.0,1,2,1,0,0,0,1,1,0.0,0.01,0.0,359000.0
10616926,0,0.0,0.0,1.0,0.0,0.0,0.0,0.0,0.0,0.0,1.0,0.0,0.0,0.0,0.0,0.0,0.0,1.0,0.0,0.051020408163265314,0.09090909090909091,0.0,0.07142857142857142,0.05555555555555555,0,5,0,1,0,0,1,0,0.09,0.0,0.0,165000.0
10616911,0,0.0,0.0,1.0,0.0,0.0,0.0,0.0,0.0,0.0,0.0,0.0,0.0,1.0,0.0,0.0,0.0,0.0,1.0,0.13775510204081634,0.1818181818181818,0.09090909090909091,0.14285714285714285,0.1111111111111111,1,2,1,0,0,0,0,1,0.0,0.0,0.0,423000.0
10616934,0,0.0,0.0,1.0,0.0,0.0,0.0,0.0,0.0,0.0,1.0,0.0,0.0,0.0,0.0,0.0,1.0,0.0,0.0,0.034693877551020415,0.0,0.09090909090909091,0.07142857142857142,0.05555555555555555,1,2,0,0,0,0,0,0,0.0,0.0,0.0,169000.0
10616833,0,0.0,0.0,1.0,0.0,0.0,0.0,0.0,0.0,0.0,0.0,0.0,0.0,1.0,0.0,0.0,0.0,0.0,1.0,0.04693877551020408,0.0,0.09090909090909091,0.0,0.05555555555555555,1,1,1,0,0,0,0,1,0.0,0.09,0.0,275000.0
10616966,0,0.0,1.0,0.0,1.0,0.0,0.0,0.0,0.0,0.0,0.0,0.0,0.0,0.0,0.0,0.0,0.0,0.0,1.0,0.05510204081632653,0.09090909090909091,0.09090909090909091,0.0,0.05555555555555555,3,3,0,0,0,0,0,0,0.0,0.0,0.0,185000.0
10485868,0,0.0,0.0,1.0,0.0,0.0,0.0,0.0,1.0,0.0,0.0,0.0,0.0,0.0,0.0,0.0,0.0,1.0,0.0,0.07959183673469389,0.09090909090909091,0.0,0.0,0.0,0,0,0,0,0,0,0,1,0.0,0.11,0.0,205186.0
10616949,0,0.0,1.0,0.0,0.0,0.0,1.0,0.0,0.0,0.0,0.0,0.0,0.0,0.0,0.0,0.0,0.0,1.0,0.0,0.05000000000000001,0.09090909090909091,0.09090909090909091,0.0,0.0,3,3,0,0,0,0,0,0,0.0,0.0,0.0,199000.0
10616967,0,0.0,1.0,0.0,1.0,0.0,0.0,0.0,0.0,0.0,0.0,0.0,0.0,0.0,0.0,0.0,0.0,0.0,1.0,0.07346938775510206,0.09090909090909091,0.8181818181818182,0.0,0.05555555555555555,4,3,0,0,0,0,0,1,0.0,0.0,0.0,185000.0
10617013,0,0.0,1.0,0.0,0.0,0.0,1.0,0.0,0.0,0.0,0.0,0.0,0.0,0.0,0.0,1.0,0.0,0.0,0.0,0.15000000000000002,0.09090909090909091,0.18181818181818182,0.0,0.1111111111111111,0,0,1,0,0,0,1,1,0.0,0.2,0.0,759000.0
10617020,0,0.0,1.0,0.0,1.0,0.0,0.0,0.0,0.0,0.0,0.0,0.0,0.0,0.0,0.0,0.0,0.0,1.0,0.0,0.08469387755102042,0.09090909090909091,0.09090909090909091,0.0,0.0,1,2,1,0,0,0,1,1,0.0,0.0,0.0,339000.0
10617017,0,0.0,1.0,0.0,0.0,0.0,0.0,0.0,0.0,0.0,0.0,0.0,0.0,0.0,1.0,0.0,0.0,1.0,0.0,0.10204081632653061,0.09090909090909091,0.09090909090909091,0.07142857142857142,0.05555555555555555,2,1,1,0,0,0,0,1,0.0,0.1,0.0,425000.0
10617014,0,0.0,1.0,0.0,0.0,0.0,1.0,0.0,0.0,0.0,0.0,0.0,0.0,0.0,0.0,1.0,0.0,0.0,0.0,0.059183673469387764,0.0,0.09090909090909091,0.0,0.1111111111111111,0,0,1,0,0,0,1,1,0.0,0.27,0.0,364500.0
10617025,0,0.0,1.0,0.0,0.0,0.0,0.0,0.0,0.0,1.0,0.0,0.0,0.0,0.0,0.0,0.0,0.0,0.0,1.0,0.07653061224489796,0.0,0.09090909090909091,0.0,0.05555555555555555,1,4,0,0,0,0,1,1,0.0,0.34,0.0,197500.0
10485969,0,0.0,1.0,0.0,0.0,0.0,0.0,0.0,0.0,0.0,0.0,0.0,0.0,0.0,1.0,0.0,0.0,0.0,1.0,0.11734693877551022,0.09090909090909091,0.09090909090909091,0.0,0.05555555555555555,0,2,1,0,0,0,1,1,0.0,0.0,0.0,699000.0
10617076,0,0.0,1.0,0.0,1.0,0.0,0.0,0.0,0.0,0.0,0.0,0.0,0.0,0.0,0.0,0.0,0.0,0.0,1.0,0.10204081632653061,0.09090909090909091,0.09090909090909091,0.0,0.0,3,1,1,0,0,0,0,1,0.0,0.21,0.0,480000.0
10617046,0,0.0,1.0,0.0,0.0,0.0,0.0,0.0,0.0,0.0,0.0,0.0,0.0,0.0,1.0,0.0,0.0,0.0,1.0,0.1163265306122449,0.1818181818181818,0.0,0.0,0.1111111111111111,1,2,1,0,0,0,0,1,0.0,0.0,0.0,1140000.0
10617080,0,0.0,1.0,0.0,0.0,0.0,0.0,0.0,0.0,0.0,0.0,0.0,0.0,0.0,1.0,0.0,0.0,1.0,0.0,0.06122448979591837,0.09090909090909091,0.09090909090909091,0.0,0.0,0,2,1,0,0,0,0,1,0.0,0.0,0.0,249000.0
10617086,0,1.0,0.0,0.0,0.0,1.0,0.0,0.0,0.0,0.0,0.0,0.0,0.0,0.0,0.0,0.0,0.0,0.0,1.0,0.1836734693877551,0.1818181818181818,0.18181818181818182,0.0,0.1111111111111111,0,0,1,1,0,0,0,1,0.0,0.73,0.0,1590000.0
10617087,0,1.0,0.0,0.0,0.0,1.0,0.0,0.0,0.0,0.0,0.0,0.0,0.0,0.0,0.0,0.0,0.0,0.0,1.0,0.2857142857142857,0.1818181818181818,0.18181818181818182,0.0,0.2222222222222222,0,0,1,1,1,0,1,1,0.86,0.56,0.0,2350000.0
10617085,0,1.0,0.0,0.0,0.0,1.0,0.0,0.0,0.0,0.0,0.0,0.0,0.0,0.0,0.0,0.0,0.0,0.0,1.0,0.1795918367346939,0.1818181818181818,0.18181818181818182,0.0,0.16666666666666666,0,0,1,1,0,0,1,1,0.04,0.65,0.0,1490000.0
10617158,0,0.0,1.0,0.0,1.0,0.0,0.0,0.0,0.0,0.0,0.0,0.0,0.0,0.0,0.0,0.0,0.0,0.0,1.0,0.06836734693877553,0.09090909090909091,0.09090909090909091,0.0,0.0,5,2,1,0,0,0,0,1,0.0,0.06,0.0,195000.0
10355016,0,1.0,0.0,0.0,0.0,1.0,0.0,0.0,0.0,0.0,0.0,0.0,0.0,0.0,0.0,0.0,0.0,0.0,1.0,0.0816326530612245,0.09090909090909091,0.09090909090909091,0.0,0.05555555555555555,3,6,1,0,0,0,0,1,0.0,0.09,0.0,330000.0
10617169,0,0.0,0.0,1.0,0.0,0.0,0.0,0.0,0.0,0.0,1.0,0.0,0.0,0.0,0.0,0.0,0.0,0.0,1.0,0.09387755102040818,0.09090909090909091,0.09090909090909091,0.0,0.05555555555555555,0,2,0,0,0,0,0,1,0.0,0.12,0.0,335000.0
10617224,0,0.0,0.0,1.0,0.0,0.0,0.0,0.0,0.0,0.0,1.0,0.0,0.0,0.0,0.0,1.0,0.0,0.0,0.0,0.0816326530612245,0.09090909090909091,0.09090909090909091,0.07142857142857142,0.05555555555555555,1,2,1,0,0,0,0,1,0.0,0.06,0.0,229000.0
10617170,0,1.0,0.0,0.0,0.0,1.0,0.0,0.0,0.0,0.0,0.0,0.0,0.0,0.0,0.0,0.0,1.0,0.0,0.0,0.025510204081632654,0.0,0.0,0.07142857142857142,0.05555555555555555,0,0,0,0,0,0,0,1,0.0,0.2,0.0,159000.0
10617185,0,1.0,0.0,0.0,0.0,1.0,0.0,0.0,0.0,0.0,0.0,0.0,0.0,0.0,0.0,0.0,1.0,0.0,0.0,0.07653061224489796,0.09090909090909091,0.09090909090909091,0.0,0.05555555555555555,4,6,0,0,0,0,0,1,0.0,0.06,0.0,310000.0
10617222,0,1.0,0.0,0.0,0.0,1.0,0.0,0.0,0.0,0.0,0.0,0.0,0.0,0.0,0.0,1.0,0.0,0.0,0.0,0.09897959183673471,0.09090909090909091,0.18181818181818182,0.0,0.05555555555555555,1,3,1,0,0,0,0,1,0.0,0.05,0.0,399000.0
10617204,1,0.0,1.0,0.0,1.0,0.0,0.0,0.0,0.0,0.0,0.0,0.0,0.0,0.0,0.0,0.0,0.0,0.0,1.0,0.163265306122449,0.2727272727272727,0.09090909090909091,0.0,0.0,1,3,0,0,0,0,0,1,0.0,0.0,7.15280688063341e-05,225000.0
10617238,0,1.0,0.0,0.0,0.0,1.0,0.0,0.0,0.0,0.0,0.0,0.0,0.0,0.0,0.0,0.0,0.0,0.0,1.0,0.1622448979591837,0.09090909090909091,0.09090909090909091,0.14285714285714285,0.1111111111111111,5,4,0,0,0,0,0,0,0.0,0.0,0.0,389000.0
10617239,0,1.0,0.0,0.0,0.0,1.0,0.0,0.0,0.0,0.0,0.0,0.0,0.0,0.0,0.0,0.0,0.0,0.0,1.0,0.15000000000000002,0.09090909090909091,0.09090909090909091,0.07142857142857142,0.1111111111111111,5,4,0,0,0,0,0,0,0.0,0.0,0.0,349000.0
10617248,0,0.0,1.0,0.0,1.0,0.0,0.0,0.0,0.0,0.0,0.0,0.0,0.0,0.0,0.0,0.0,0.0,0.0,1.0,0.17551020408163268,0.2727272727272727,0.09090909090909091,0.0,0.0,2,2,0,0,0,0,0,1,0.0,0.15,0.0,250000.0
10617250,0,0.0,1.0,0.0,0.0,0.0,1.0,0.0,0.0,0.0,0.0,0.0,0.0,0.0,0.0,0.0,0.0,1.0,0.0,0.07142857142857142,0.1818181818181818,0.09090909090909091,0.0,0.0,3,2,1,0,0,0,0,1,0.0,0.0,0.0,179000.0
10617276,0,0.0,1.0,0.0,1.0,0.0,0.0,0.0,0.0,0.0,0.0,0.0,0.0,0.0,0.0,0.0,0.0,0.0,1.0,0.059183673469387764,0.09090909090909091,0.09090909090909091,0.07142857142857142,0.05555555555555555,1,0,1,0,0,0,0,1,0.0,0.18,0.0,365500.0
10617282,0,0.0,0.0,1.0,0.0,0.0,0.0,0.0,0.0,0.0,0.0,0.0,0.0,1.0,0.0,0.0,0.0,1.0,0.0,0.04387755102040817,0.0,0.09090909090909091,0.07142857142857142,0.05555555555555555,1,2,1,0,0,0,0,1,0.0,0.36,0.0,250000.0
10617277,0,0.0,1.0,0.0,1.0,0.0,0.0,0.0,0.0,0.0,0.0,0.0,0.0,0.0,0.0,0.0,0.0,0.0,1.0,0.10918367346938776,0.1818181818181818,0.09090909090909091,0.07142857142857142,0.05555555555555555,1,0,1,0,0,0,0,1,0.0,0.18,0.0,409820.0
10617274,1,0.0,1.0,0.0,1.0,0.0,0.0,0.0,0.0,0.0,0.0,0.0,0.0,0.0,0.0,0.0,0.0,0.0,1.0,0.1306122448979592,0.1818181818181818,0.09090909090909091,0.0,0.05555555555555555,5,6,0,0,0,0,0,0,0.0,0.0,0.0002567674264842762,180000.0
10617278,0,0.0,1.0,0.0,1.0,0.0,0.0,0.0,0.0,0.0,0.0,0.0,0.0,0.0,0.0,0.0,0.0,0.0,1.0,0.06938775510204082,0.09090909090909091,0.09090909090909091,0.07142857142857142,0.05555555555555555,1,0,1,0,0,0,0,1,0.0,0.26,0.0,387040.0
10617311,0,1.0,0.0,0.0,0.0,1.0,0.0,0.0,0.0,0.0,0.0,0.0,0.0,0.0,0.0,0.0,1.0,0.0,0.0,0.07244897959183674,0.09090909090909091,0.09090909090909091,0.0,0.1111111111111111,5,6,0,0,0,0,0,1,0.0,0.1,0.0,335000.0
10617299,0,1.0,0.0,0.0,0.0,1.0,0.0,0.0,0.0,0.0,0.0,0.0,0.0,0.0,0.0,0.0,1.0,0.0,0.0,0.06836734693877553,0.09090909090909091,0.09090909090909091,0.0,0.05555555555555555,3,5,1,0,0,0,0,1,0.0,0.03,0.0,260000.0
10617330,0,0.0,1.0,0.0,1.0,0.0,0.0,0.0,0.0,0.0,0.0,0.0,0.0,0.0,0.0,0.0,0.0,0.0,1.0,0.04387755102040817,0.09090909090909091,0.09090909090909091,0.0,0.05555555555555555,3,5,0,0,0,0,0,1,0.0,0.04,0.0,209000.0
10617358,0,1.0,0.0,0.0,0.0,1.0,0.0,0.0,0.0,0.0,0.0,0.0,0.0,0.0,0.0,0.0,0.0,1.0,0.0,0.2142857142857143,0.2727272727272727,0.2727272727272727,0.0,0.16666666666666666,0,6,0,1,0,0,0,0,0.0,0.0,0.0,510000.0
10617394,0,1.0,0.0,0.0,0.0,1.0,0.0,0.0,0.0,0.0,0.0,0.0,0.0,0.0,0.0,0.0,0.0,0.0,1.0,0.07857142857142857,0.09090909090909091,0.0,0.07142857142857142,0.05555555555555555,0,0,0,0,0,0,0,1,0.0,0.15,0.0,370000.0
10617404,0,0.0,0.0,1.0,0.0,0.0,0.0,0.0,0.0,0.0,0.0,0.0,0.0,1.0,0.0,0.0,0.0,0.0,1.0,0.06122448979591837,0.09090909090909091,0.09090909090909091,0.0,0.05555555555555555,3,3,1,0,0,0,0,0,0.0,0.0,0.0,185000.0
10617389,0,0.0,1.0,0.0,0.0,0.0,0.0,1.0,0.0,0.0,0.0,0.0,0.0,0.0,0.0,0.0,0.0,0.0,1.0,0.09693877551020408,0.1818181818181818,0.09090909090909091,0.0,0.05555555555555555,0,3,0,0,0,0,0,0,0.0,0.0,0.0,265000.0
10617456,0,1.0,0.0,0.0,0.0,1.0,0.0,0.0,0.0,0.0,0.0,0.0,0.0,0.0,0.0,0.0,1.0,0.0,0.0,0.1836734693877551,0.1818181818181818,0.2727272727272727,0.0,0.0,3,0,1,1,0,0,0,0,0.0,0.0,0.0,825000.0
10617472,0,0.0,0.0,1.0,0.0,0.0,0.0,0.0,0.0,0.0,0.0,0.0,0.0,1.0,0.0,0.0,0.0,0.0,1.0,0.06836734693877553,0.09090909090909091,0.0,0.07142857142857142,0.05555555555555555,1,4,0,0,0,0,0,0,0.0,0.0,0.0,230000.0
10617473,0,0.0,1.0,0.0,0.0,0.0,0.0,0.0,0.0,0.0,0.0,0.0,0.0,0.0,1.0,0.0,0.0,0.0,1.0,0.025510204081632654,0.0,0.09090909090909091,0.0,0.05555555555555555,3,2,1,1,0,0,0,1,0.0,0.1,0.0,249000.0
10617475,0,0.0,0.0,1.0,0.0,0.0,0.0,0.0,0.0,0.0,0.0,0.0,0.0,1.0,0.0,0.0,0.0,0.0,1.0,0.06632653061224492,0.09090909090909091,0.09090909090909091,0.0,0.05555555555555555,1,3,0,0,0,0,0,0,0.0,0.0,0.0,235000.0
10617474,0,0.0,0.0,1.0,0.0,0.0,0.0,0.0,0.0,0.0,0.0,0.0,0.0,1.0,0.0,0.0,0.0,0.0,1.0,0.09183673469387757,0.1818181818181818,0.0,0.07142857142857142,0.05555555555555555,1,4,0,0,0,0,0,1,0.0,0.43,0.0,299000.0
10617477,0,0.0,0.0,1.0,0.0,0.0,0.0,0.0,0.0,0.0,0.0,0.0,0.0,1.0,0.0,0.0,0.0,0.0,1.0,0.11734693877551022,0.1818181818181818,0.0,0.14285714285714285,0.1111111111111111,1,3,0,0,0,0,0,1,0.0,0.08,0.0,317000.0
10486442,1,0.0,0.0,1.0,0.0,0.0,0.0,0.0,1.0,0.0,0.0,0.0,0.0,0.0,0.0,0.0,0.0,1.0,0.0,0.3163265306122449,0.36363636363636365,0.2727272727272727,0.0,0.0,3,4,0,0,0,0,0,1,0.0,0.0,0.0032105098575766107,650000.0
10617487,0,0.0,1.0,0.0,0.0,0.0,0.0,0.0,0.0,0.0,0.0,0.0,0.0,0.0,1.0,0.0,0.0,1.0,0.0,0.1602040816326531,0.09090909090909091,0.09090909090909091,0.0,0.1111111111111111,3,1,0,0,0,0,0,0,0.0,0.0,0.0,557575.0
10617542,0,0.0,1.0,0.0,0.0,0.0,1.0,0.0,0.0,0.0,0.0,0.0,0.0,0.0,0.0,1.0,0.0,0.0,0.0,0.09183673469387757,0.1818181818181818,0.09090909090909091,0.0,0.05555555555555555,2,3,0,1,0,0,0,1,0.0,0.0,0.0,275000.0
10617541,0,0.0,1.0,0.0,0.0,0.0,1.0,0.0,0.0,0.0,0.0,0.0,0.0,0.0,0.0,0.0,1.0,0.0,0.0,0.09183673469387757,0.1818181818181818,0.0,0.0,0.0,2,3,0,1,0,0,0,1,0.0,0.0,0.0,275000.0
10617552,0,0.0,0.0,1.0,0.0,0.0,0.0,0.0,1.0,0.0,0.0,0.0,0.0,0.0,0.0,0.0,0.0,1.0,0.0,0.09897959183673471,0.1818181818181818,0.09090909090909091,0.07142857142857142,0.1111111111111111,2,2,0,0,0,0,0,0,0.0,0.0,0.0,292000.0
10617553,0,0.0,1.0,0.0,1.0,0.0,0.0,0.0,0.0,0.0,0.0,0.0,0.0,0.0,0.0,0.0,0.0,0.0,1.0,0.04897959183673469,0.0,0.09090909090909091,0.0,0.05555555555555555,3,0,0,0,0,0,0,1,0.0,0.0,0.0,238000.0
10617556,0,0.0,0.0,1.0,0.0,0.0,0.0,0.0,0.0,0.0,0.0,0.0,0.0,1.0,0.0,0.0,0.0,0.0,1.0,0.07142857142857142,0.09090909090909091,0.18181818181818182,0.0,0.0,1,2,0,0,0,0,0,1,0.0,0.0,0.0,299000.0
10617569,0,0.0,1.0,0.0,0.0,0.0,0.0,0.0,0.0,1.0,0.0,0.0,0.0,0.0,0.0,0.0,0.0,0.0,1.0,0.10612244897959186,0.09090909090909091,0.09090909090909091,0.0,0.0,3,2,0,1,0,0,0,1,0.0,0.0,0.0,225000.0
10617575,0,0.0,1.0,0.0,0.0,0.0,0.0,0.0,0.0,1.0,0.0,0.0,0.0,0.0,0.0,0.0,0.0,0.0,1.0,0.07551020408163267,0.09090909090909091,0.09090909090909091,0.0,0.05555555555555555,0,0,1,1,0,0,1,1,0.16,0.14,0.0,252000.0
10617574,0,0.0,1.0,0.0,0.0,0.0,0.0,0.0,0.0,1.0,0.0,0.0,0.0,0.0,0.0,0.0,0.0,0.0,1.0,0.07551020408163267,0.09090909090909091,0.09090909090909091,0.0,0.05555555555555555,0,0,1,1,0,0,1,1,0.16,0.14,0.0,252000.0
10617591,0,0.0,1.0,0.0,0.0,0.0,0.0,1.0,0.0,0.0,0.0,0.0,0.0,0.0,0.0,0.0,0.0,0.0,1.0,0.07346938775510206,0.09090909090909091,0.09090909090909091,0.0,0.05555555555555555,3,6,1,0,0,0,0,0,0.0,0.0,0.0,295000.0
10617618,0,0.0,1.0,0.0,0.0,0.0,1.0,0.0,0.0,0.0,0.0,0.0,0.0,0.0,0.0,0.0,0.0,1.0,0.0,0.030612244897959183,0.0,0.09090909090909091,0.0,0.05555555555555555,1,2,1,0,0,0,0,1,0.0,0.04,0.0,169900.0
10617583,0,0.0,1.0,0.0,1.0,0.0,0.0,0.0,0.0,0.0,0.0,0.0,0.0,0.0,0.0,0.0,0.0,1.0,0.0,0.10714285714285715,0.1818181818181818,0.09090909090909091,0.0,0.05555555555555555,3,2,1,1,0,0,1,1,0.0,0.06,0.0,269000.0
10617604,0,1.0,0.0,0.0,0.0,1.0,0.0,0.0,0.0,0.0,0.0,0.0,0.0,0.0,0.0,1.0,0.0,0.0,0.0,0.1836734693877551,0.2727272727272727,0.18181818181818182,0.14285714285714285,0.1111111111111111,2,5,1,0,0,0,0,1,0.0,0.1,0.0,854000.0
10617614,0,0.0,1.0,0.0,1.0,0.0,0.0,0.0,0.0,0.0,0.0,0.0,0.0,0.0,0.0,0.0,0.0,0.0,1.0,0.08673469387755103,0.09090909090909091,0.18181818181818182,0.0,0.16666666666666666,0,4,0,1,0,0,0,0,0.0,0.0,0.0,199000.0
10617620,0,0.0,1.0,0.0,0.0,0.0,0.0,0.0,0.0,0.0,0.0,0.0,0.0,0.0,1.0,0.0,0.0,1.0,0.0,0.3163265306122449,0.1818181818181818,0.18181818181818182,0.07142857142857142,0.16666666666666666,1,2,1,0,0,0,0,1,0.0,1.0,0.0,1025000.0
10224414,1,0.0,1.0,0.0,1.0,0.0,0.0,0.0,0.0,0.0,0.0,0.0,0.0,0.0,0.0,0.0,0.0,1.0,0.0,0.1928571428571429,0.2727272727272727,0.18181818181818182,0.0,0.0,1,3,0,0,0,0,1,0,0.0,0.0,0.0002099990738032116,412000.0
10617623,1,0.0,1.0,0.0,0.0,0.0,0.0,0.0,0.0,0.0,0.0,0.0,0.0,0.0,1.0,0.0,0.0,1.0,0.0,0.12346938775510205,0.2727272727272727,0.09090909090909091,0.07142857142857142,0.1111111111111111,1,0,0,0,0,0,0,1,0.0,0.0,0.00015956261502951451,398000.0
10617639,0,0.0,0.0,1.0,0.0,0.0,0.0,0.0,0.0,0.0,0.0,0.0,1.0,0.0,0.0,1.0,0.0,0.0,0.0,0.06122448979591837,0.09090909090909091,0.09090909090909091,0.0,0.05555555555555555,3,3,1,1,0,0,0,0,0.0,0.0,0.0,185000.0
10617637,0,0.0,1.0,0.0,0.0,0.0,1.0,0.0,0.0,0.0,0.0,0.0,0.0,0.0,0.0,0.0,0.0,1.0,0.0,0.11224489795918369,0.09090909090909091,0.09090909090909091,0.0,0.0,4,2,0,0,0,0,0,1,0.0,0.08,0.0,349000.0
10617642,0,0.0,1.0,0.0,0.0,0.0,0.0,1.0,0.0,0.0,0.0,0.0,0.0,0.0,0.0,0.0,0.0,0.0,1.0,0.057142857142857155,0.09090909090909091,0.09090909090909091,0.0,0.1111111111111111,3,2,0,1,0,0,0,0,0.0,0.0,0.0,295000.0
10617643,0,0.0,1.0,0.0,1.0,0.0,0.0,0.0,0.0,0.0,0.0,0.0,0.0,0.0,0.0,0.0,1.0,0.0,0.0,0.1306122448979592,0.09090909090909091,0.09090909090909091,0.0,0.0,4,2,1,1,0,0,0,0,0.0,0.0,0.0,349000.0
10617650,0,1.0,0.0,0.0,0.0,1.0,0.0,0.0,0.0,0.0,0.0,0.0,0.0,0.0,0.0,0.0,1.0,0.0,0.0,0.1836734693877551,0.1818181818181818,0.18181818181818182,0.0,0.0,0,0,1,0,0,0,0,1,0.0,0.08,0.0,790000.0
10617651,0,0.0,1.0,0.0,1.0,0.0,0.0,0.0,0.0,0.0,0.0,0.0,0.0,0.0,0.0,0.0,0.0,0.0,1.0,0.20612244897959187,0.1818181818181818,0.18181818181818182,0.07142857142857142,0.1111111111111111,0,0,1,1,0,0,0,1,0.0,0.55,0.0,835000.0
10617644,0,1.0,0.0,0.0,0.0,1.0,0.0,0.0,0.0,0.0,0.0,0.0,0.0,0.0,0.0,0.0,1.0,0.0,0.0,0.057142857142857155,0.09090909090909091,0.09090909090909091,0.0,0.05555555555555555,4,5,0,1,0,0,0,1,0.0,0.0,0.0,249000.0
10617652,0,0.0,1.0,0.0,1.0,0.0,0.0,0.0,0.0,0.0,0.0,0.0,0.0,0.0,0.0,0.0,0.0,0.0,1.0,0.22346938775510206,0.1818181818181818,0.18181818181818182,0.07142857142857142,0.1111111111111111,0,0,1,1,0,0,0,1,0.0,0.58,0.0,1150000.0
10617653,0,0.0,1.0,0.0,1.0,0.0,0.0,0.0,0.0,0.0,0.0,0.0,0.0,0.0,0.0,0.0,0.0,0.0,1.0,0.17551020408163268,0.1818181818181818,0.18181818181818182,0.07142857142857142,0.1111111111111111,0,0,1,1,0,0,0,1,0.0,0.44,0.0,875000.0
10617665,0,0.0,1.0,0.0,0.0,0.0,0.0,1.0,0.0,0.0,0.0,0.0,0.0,0.0,0.0,0.0,0.0,0.0,1.0,0.05816326530612246,0.09090909090909091,0.09090909090909091,0.0,0.05555555555555555,0,0,1,1,0,0,1,1,0.337,0.15,0.0,335000.0
10617667,0,0.0,1.0,0.0,0.0,0.0,0.0,1.0,0.0,0.0,0.0,0.0,0.0,0.0,0.0,0.0,0.0,0.0,1.0,0.07346938775510206,0.0,0.09090909090909091,0.0,0.05555555555555555,0,0,1,1,0,0,1,1,0.04,0.15,0.0,370000.0
10617670,0,0.0,1.0,0.0,0.0,0.0,0.0,1.0,0.0,0.0,0.0,0.0,0.0,0.0,0.0,0.0,0.0,0.0,1.0,0.0653061224489796,0.0,0.09090909090909091,0.0,0.05555555555555555,0,0,1,1,0,0,1,1,0.04,0.1,0.0,365000.0
10617669,0,0.0,1.0,0.0,0.0,0.0,0.0,1.0,0.0,0.0,0.0,0.0,0.0,0.0,0.0,0.0,0.0,0.0,1.0,0.0653061224489796,0.09090909090909091,0.09090909090909091,0.0,0.05555555555555555,0,0,1,1,0,0,1,1,0.337,0.13,0.0,360000.0
10617654,0,0.0,1.0,0.0,1.0,0.0,0.0,0.0,0.0,0.0,0.0,0.0,0.0,0.0,0.0,1.0,0.0,0.0,0.0,0.05612244897959184,0.09090909090909091,0.09090909090909091,0.0,0.0,0,0,0,0,0,0,0,0,0.0,0.0,0.0,295000.0
10617668,0,0.0,1.0,0.0,0.0,0.0,0.0,1.0,0.0,0.0,0.0,0.0,0.0,0.0,0.0,0.0,0.0,0.0,1.0,0.06122448979591837,0.09090909090909091,0.09090909090909091,0.0,0.05555555555555555,0,0,1,1,0,0,1,1,0.337,0.13,0.0,355000.0
10617666,0,0.0,1.0,0.0,0.0,0.0,0.0,1.0,0.0,0.0,0.0,0.0,0.0,0.0,0.0,0.0,0.0,0.0,1.0,0.07346938775510206,0.0,0.09090909090909091,0.0,0.05555555555555555,0,0,1,1,0,0,1,1,0.05,0.2,0.0,380000.0
10617684,0,0.0,0.0,1.0,0.0,0.0,0.0,0.0,0.0,0.0,1.0,0.0,0.0,0.0,0.0,0.0,1.0,0.0,0.0,0.1,0.09090909090909091,0.09090909090909091,0.07142857142857142,0.05555555555555555,1,0,1,0,0,0,0,1,0.0,0.08,0.0,380000.0
10617702,0,0.0,1.0,0.0,1.0,0.0,0.0,0.0,0.0,0.0,0.0,0.0,0.0,0.0,0.0,0.0,0.0,0.0,1.0,0.05306122448979592,0.0,0.09090909090909091,0.0,0.05555555555555555,3,4,0,1,0,0,1,1,0.1,0.2,0.0,215000.0
10617716,0,0.0,1.0,0.0,0.0,0.0,1.0,0.0,0.0,0.0,0.0,0.0,0.0,0.0,0.0,0.0,0.0,1.0,0.0,0.06020408163265307,0.0,0.09090909090909091,0.0,0.1111111111111111,0,2,1,1,0,0,0,0,0.0,0.0,0.0,245000.0
10486638,0,0.0,1.0,0.0,0.0,0.0,0.0,0.0,0.0,0.0,0.0,0.0,0.0,0.0,1.0,0.0,0.0,1.0,0.0,0.0673469387755102,0.09090909090909091,0.18181818181818182,0.0,0.05555555555555555,4,6,1,0,0,0,0,1,0.0,0.45,0.0,995000.0
10617746,0,0.0,1.0,0.0,0.0,0.0,0.0,0.0,0.0,0.0,0.0,0.0,0.0,0.0,1.0,0.0,0.0,0.0,1.0,0.09183673469387757,0.09090909090909091,0.0,0.0,0.05555555555555555,3,3,0,0,0,0,1,1,0.0,0.0,0.0,209000.0
10617777,0,0.0,1.0,0.0,0.0,0.0,1.0,0.0,0.0,0.0,0.0,0.0,0.0,0.0,0.0,0.0,0.0,1.0,0.0,0.0816326530612245,0.1818181818181818,0.09090909090909091,0.0,0.05555555555555555,3,2,0,0,0,0,0,1,0.0,0.1,0.0,215000.0
10355615,0,0.0,0.0,1.0,0.0,0.0,0.0,0.0,0.0,0.0,0.0,1.0,0.0,0.0,0.0,0.0,0.0,1.0,0.0,0.06122448979591837,0.09090909090909091,0.0,0.07142857142857142,0.05555555555555555,0,2,1,1,0,0,0,1,0.0,0.0,0.0,249000.0
10617724,0,1.0,0.0,0.0,0.0,1.0,0.0,0.0,0.0,0.0,0.0,0.0,0.0,0.0,0.0,0.0,1.0,0.0,0.0,0.07653061224489796,0.09090909090909091,0.09090909090909091,0.0,0.05555555555555555,0,4,0,1,0,0,0,0,0.0,0.0,0.0,255000.0
10617736,0,0.0,0.0,1.0,0.0,0.0,0.0,0.0,0.0,0.0,0.0,1.0,0.0,0.0,0.0,0.0,0.0,1.0,0.0,0.06224489795918368,0.09090909090909091,0.0,0.07142857142857142,0.0,0,2,1,1,0,0,0,1,0.0,0.0,0.0,265000.0
10617784,0,1.0,0.0,0.0,0.0,1.0,0.0,0.0,0.0,0.0,0.0,0.0,0.0,0.0,0.0,1.0,0.0,0.0,0.0,0.2142857142857143,0.1818181818181818,0.18181818181818182,0.0,0.16666666666666666,1,4,1,1,0,0,0,0,0.0,0.0,0.0,995000.0
10617800,0,0.0,1.0,0.0,1.0,0.0,0.0,0.0,0.0,0.0,0.0,0.0,0.0,0.0,0.0,0.0,1.0,0.0,0.0,0.07346938775510206,0.09090909090909091,0.09090909090909091,0.0,0.05555555555555555,1,0,1,0,0,0,0,1,0.0,0.11,0.0,325000.0
10617786,0,0.0,1.0,0.0,1.0,0.0,0.0,0.0,0.0,0.0,0.0,0.0,0.0,0.0,0.0,1.0,0.0,0.0,0.0,0.0816326530612245,0.0,0.09090909090909091,0.0,0.05555555555555555,1,0,0,0,0,0,0,1,0.0,0.17,0.0,298000.0
10617803,0,1.0,0.0,0.0,0.0,1.0,0.0,0.0,0.0,0.0,0.0,0.0,0.0,0.0,0.0,0.0,0.0,0.0,1.0,0.051020408163265314,0.0,0.09090909090909091,0.0,0.05555555555555555,0,7,0,0,0,0,0,1,0.0,0.21,0.0,185000.0
10617822,0,0.0,1.0,0.0,1.0,0.0,0.0,0.0,0.0,0.0,0.0,0.0,0.0,0.0,0.0,0.0,0.0,0.0,1.0,0.08775510204081632,0.09090909090909091,0.09090909090909091,0.0,0.1111111111111111,0,2,0,1,0,0,0,1,0.0,0.0,0.0,279000.0
10617834,1,0.0,1.0,0.0,1.0,0.0,0.0,0.0,0.0,0.0,0.0,0.0,0.0,0.0,0.0,0.0,0.0,0.0,1.0,0.11224489795918369,0.09090909090909091,0.09090909090909091,0.0,0.05555555555555555,5,6,0,1,0,0,1,0,0.505,0.0,0.0009628778493160358,365000.0
10617823,0,1.0,0.0,0.0,0.0,1.0,0.0,0.0,0.0,0.0,0.0,0.0,0.0,0.0,0.0,0.0,1.0,0.0,0.0,0.09489795918367347,0.09090909090909091,0.0,0.07142857142857142,0.05555555555555555,3,0,1,1,0,0,0,1,0.0,0.07,0.0,319000.0
10617839,0,0.0,0.0,1.0,0.0,0.0,0.0,0.0,0.0,0.0,1.0,0.0,0.0,0.0,0.0,0.0,0.0,1.0,0.0,0.06326530612244899,0.09090909090909091,0.09090909090909091,0.0,0.0,3,2,1,0,0,0,0,1,0.0,0.04,0.0,229000.0
10617848,0,0.0,1.0,0.0,0.0,0.0,0.0,0.0,0.0,0.0,0.0,0.0,0.0,0.0,1.0,0.0,0.0,0.0,1.0,0.06632653061224492,0.09090909090909091,0.0,0.0,0.0,1,3,0,0,0,0,0,1,0.0,0.03,0.0,440000.0
10617846,0,1.0,0.0,0.0,0.0,1.0,0.0,0.0,0.0,0.0,0.0,0.0,0.0,0.0,0.0,0.0,0.0,0.0,1.0,0.04591836734693878,0.0,0.09090909090909091,0.0,0.05555555555555555,5,6,1,0,0,0,0,1,0.0,0.03,0.0,215000.0
10617882,0,0.0,1.0,0.0,1.0,0.0,0.0,0.0,0.0,0.0,0.0,0.0,0.0,0.0,0.0,0.0,0.0,0.0,1.0,0.04591836734693878,0.09090909090909091,0.09090909090909091,0.0,0.05555555555555555,3,0,0,0,0,0,1,0,0.07,0.0,0.0,295000.0
10617885,0,0.0,1.0,0.0,1.0,0.0,0.0,0.0,0.0,0.0,0.0,0.0,0.0,0.0,0.0,0.0,0.0,0.0,1.0,0.051020408163265314,0.09090909090909091,0.09090909090909091,0.0,0.05555555555555555,3,0,0,0,0,0,0,0,0.0,0.0,0.0,269000.0
10617881,0,0.0,1.0,0.0,1.0,0.0,0.0,0.0,0.0,0.0,0.0,0.0,0.0,0.0,0.0,0.0,0.0,0.0,1.0,0.051020408163265314,0.09090909090909091,0.09090909090909091,0.0,0.05555555555555555,3,0,0,0,0,0,0,0,0.0,0.0,0.0,269000.0
10618026,0,1.0,0.0,0.0,0.0,1.0,0.0,0.0,0.0,0.0,0.0,0.0,0.0,0.0,0.0,0.0,1.0,0.0,0.0,0.08571428571428572,0.1818181818181818,0.09090909090909091,0.0,0.05555555555555555,3,5,0,0,0,0,0,1,0.0,0.04,0.0,440000.0
10617902,0,1.0,0.0,0.0,0.0,1.0,0.0,0.0,0.0,0.0,0.0,0.0,0.0,0.0,0.0,0.0,0.0,0.0,1.0,0.04897959183673469,0.0,0.09090909090909091,0.0,0.05555555555555555,4,5,0,0,0,0,0,0,0.0,0.0,0.0,230000.0
10618044,0,0.0,0.0,1.0,0.0,0.0,0.0,0.0,1.0,0.0,0.0,0.0,0.0,0.0,0.0,0.0,0.0,1.0,0.0,0.05816326530612246,0.0,0.09090909090909091,1.0,0.0,3,4,0,0,0,0,0,0,0.0,0.0,0.0,129000.0
10618031,0,0.0,1.0,0.0,1.0,0.0,0.0,0.0,0.0,0.0,0.0,0.0,0.0,0.0,0.0,0.0,0.0,1.0,0.0,0.11734693877551022,0.09090909090909091,0.09090909090909091,0.0,0.05555555555555555,1,1,1,0,0,0,0,1,0.0,0.13,0.0,279000.0
10618042,0,1.0,0.0,0.0,0.0,1.0,0.0,0.0,0.0,0.0,0.0,0.0,0.0,0.0,0.0,0.0,0.0,0.0,1.0,0.10714285714285715,0.2727272727272727,0.18181818181818182,0.07142857142857142,0.1111111111111111,3,5,0,0,0,0,0,1,0.0,0.02,0.0,460000.0
10618047,1,0.0,0.0,1.0,0.0,0.0,0.0,0.0,0.0,0.0,0.0,0.0,0.0,1.0,0.0,0.0,0.0,0.0,1.0,0.19897959183673472,0.1818181818181818,0.18181818181818182,0.0,0.16666666666666666,4,0,0,1,0,0,1,1,0.65,0.5,0.00079414496905494,449000.0
10618062,0,0.0,1.0,0.0,0.0,0.0,1.0,0.0,0.0,0.0,0.0,0.0,0.0,0.0,0.0,0.0,0.0,0.0,1.0,0.059183673469387764,0.09090909090909091,0.09090909090909091,0.0,0.0,3,1,1,0,0,0,0,1,0.0,0.07,0.0,228000.0
10618069,0,1.0,0.0,0.0,0.0,1.0,0.0,0.0,0.0,0.0,0.0,0.0,0.0,0.0,0.0,0.0,1.0,0.0,0.0,0.09489795918367347,0.1818181818181818,0.18181818181818182,0.0,0.1111111111111111,1,2,1,0,0,0,0,1,0.0,0.12,0.0,438000.0
10618071,1,0.0,0.0,1.0,0.0,0.0,0.0,0.0,1.0,0.0,0.0,0.0,0.0,0.0,0.0,0.0,0.0,0.0,1.0,0.030612244897959183,0.0,0.09090909090909091,0.0,0.05555555555555555,3,4,0,0,0,0,0,0,0.0,0.0,0.0,80000.0
10618088,0,0.0,1.0,0.0,1.0,0.0,0.0,0.0,0.0,0.0,0.0,0.0,0.0,0.0,0.0,0.0,0.0,0.0,1.0,0.06224489795918368,0.09090909090909091,0.09090909090909091,0.0,0.05555555555555555,1,2,1,0,0,0,0,1,0.0,0.13,0.0,249500.0
10618086,0,0.0,1.0,0.0,1.0,0.0,0.0,0.0,0.0,0.0,0.0,0.0,0.0,0.0,0.0,0.0,0.0,1.0,0.0,0.1316326530612245,0.1818181818181818,0.18181818181818182,0.0,0.0,3,2,0,1,0,0,0,1,0.0,0.0,0.0,289000.0
10618100,0,1.0,0.0,0.0,0.0,1.0,0.0,0.0,0.0,0.0,0.0,0.0,0.0,0.0,0.0,1.0,0.0,0.0,0.0,0.12040816326530615,0.1818181818181818,0.09090909090909091,0.0,0.1111111111111111,2,4,0,1,0,0,0,0,0.0,0.0,0.0,585000.0
10618123,0,1.0,0.0,0.0,0.0,1.0,0.0,0.0,0.0,0.0,0.0,0.0,0.0,0.0,0.0,0.0,0.0,0.0,1.0,0.05816326530612246,0.0,0.09090909090909091,0.0,0.05555555555555555,2,0,0,1,0,0,0,1,0.0,0.3,0.0,240000.0
10618094,0,0.0,1.0,0.0,0.0,0.0,0.0,1.0,0.0,0.0,0.0,0.0,0.0,0.0,0.0,0.0,0.0,1.0,0.0,0.0653061224489796,0.09090909090909091,0.09090909090909091,0.0,0.05555555555555555,3,5,0,0,0,0,0,1,0.0,0.2,0.0,285000.0
10618119,0,0.0,0.0,1.0,0.0,0.0,0.0,0.0,0.0,0.0,0.0,0.0,1.0,0.0,0.0,0.0,0.0,1.0,0.0,0.05000000000000001,0.0,0.09090909090909091,0.0,0.05555555555555555,0,3,0,0,0,0,0,0,0.0,0.0,0.0,189000.0
10618146,0,0.0,1.0,0.0,0.0,0.0,0.0,1.0,0.0,0.0,0.0,0.0,0.0,0.0,0.0,0.0,0.0,0.0,1.0,0.08877551020408164,0.09090909090909091,0.09090909090909091,0.0,0.1111111111111111,1,2,0,0,0,0,0,1,0.0,0.06,0.0,345000.0
10618126,0,0.0,1.0,0.0,1.0,0.0,0.0,0.0,0.0,0.0,0.0,0.0,0.0,0.0,0.0,0.0,0.0,1.0,0.0,0.1316326530612245,0.1818181818181818,0.09090909090909091,0.0,0.0,3,2,1,0,0,0,0,1,0.0,0.25,0.0,299000.0
10618137,0,0.0,1.0,0.0,0.0,0.0,0.0,0.0,0.0,0.0,0.0,0.0,0.0,0.0,1.0,0.0,0.0,0.0,1.0,0.07346938775510206,0.09090909090909091,0.0,0.0,0.05555555555555555,3,2,1,0,0,0,0,1,0.0,0.0,0.0,385000.0
10618162,0,0.0,1.0,0.0,0.0,0.0,0.0,0.0,0.0,0.0,0.0,0.0,0.0,0.0,1.0,0.0,0.0,1.0,0.0,0.0653061224489796,0.09090909090909091,0.09090909090909091,0.0,0.05555555555555555,3,2,1,0,0,0,0,1,0.0,0.06,0.0,255000.0
10618164,0,0.0,1.0,0.0,0.0,0.0,1.0,0.0,0.0,0.0,0.0,0.0,0.0,0.0,0.0,1.0,0.0,0.0,0.0,0.05612244897959184,0.0,0.09090909090909091,0.0,0.05555555555555555,1,3,0,0,0,0,0,0,0.0,0.0,0.0,366000.0
10618198,0,0.0,0.0,1.0,0.0,0.0,0.0,0.0,0.0,0.0,1.0,0.0,0.0,0.0,0.0,1.0,0.0,0.0,0.0,0.12040816326530615,0.1818181818181818,0.09090909090909091,0.0,0.05555555555555555,0,2,0,0,0,0,0,1,0.0,0.1,0.0,295000.0
10618170,0,0.0,0.0,1.0,0.0,0.0,0.0,0.0,0.0,0.0,1.0,0.0,0.0,0.0,0.0,0.0,1.0,0.0,0.0,0.05612244897959184,0.09090909090909091,0.0,0.07142857142857142,0.05555555555555555,3,3,1,1,0,0,0,1,0.0,0.12,0.0,149500.0
10618180,0,0.0,0.0,1.0,0.0,0.0,0.0,0.0,0.0,0.0,0.0,0.0,0.0,1.0,0.0,0.0,0.0,1.0,0.0,0.06122448979591837,0.09090909090909091,0.09090909090909091,0.0,0.05555555555555555,0,5,0,0,0,0,0,1,0.0,0.06,0.0,195000.0
10618267,0,0.0,1.0,0.0,1.0,0.0,0.0,0.0,0.0,0.0,0.0,0.0,0.0,0.0,0.0,1.0,0.0,0.0,0.0,0.1316326530612245,0.1818181818181818,0.18181818181818182,0.0,0.1111111111111111,3,2,1,1,0,0,0,1,0.0,0.21,0.0,568000.0
10618263,1,0.0,0.0,1.0,0.0,0.0,0.0,0.0,0.0,0.0,0.0,0.0,0.0,1.0,0.0,0.0,0.0,0.0,1.0,0.10204081632653061,0.09090909090909091,0.09090909090909091,0.0,0.05555555555555555,1,3,0,1,0,0,0,1,0.0,0.0,0.00017606909244636084,265000.0
10618204,0,0.0,0.0,1.0,0.0,0.0,0.0,0.0,0.0,0.0,1.0,0.0,0.0,0.0,0.0,0.0,0.0,0.0,1.0,0.07142857142857142,0.09090909090909091,0.0,0.07142857142857142,0.05555555555555555,0,1,0,0,1,0,0,1,0.0,0.04,0.0,335000.0
10618211,0,0.0,0.0,1.0,0.0,0.0,0.0,0.0,0.0,0.0,1.0,0.0,0.0,0.0,0.0,0.0,1.0,0.0,0.0,0.051020408163265314,0.09090909090909091,0.09090909090909091,0.07142857142857142,0.1111111111111111,3,4,0,0,0,0,1,0,0.049,0.0,0.0,180000.0
10618275,0,1.0,0.0,0.0,0.0,1.0,0.0,0.0,0.0,0.0,0.0,0.0,0.0,0.0,0.0,0.0,1.0,0.0,0.0,0.06224489795918368,0.09090909090909091,0.0,0.07142857142857142,0.05555555555555555,1,7,0,1,0,0,1,1,0.3,0.09,0.0,255000.0
10618291,0,0.0,1.0,0.0,0.0,0.0,0.0,1.0,0.0,0.0,0.0,0.0,0.0,0.0,0.0,0.0,0.0,0.0,1.0,0.07551020408163267,0.09090909090909091,0.09090909090909091,0.0,0.05555555555555555,0,0,1,1,0,0,0,1,0.0,0.1,0.0,355000.0
10618277,0,0.0,1.0,0.0,1.0,0.0,0.0,0.0,0.0,0.0,0.0,0.0,0.0,0.0,0.0,0.0,0.0,0.0,1.0,0.14081632653061227,0.0,0.0,0.0,0.0,5,5,0,1,0,0,0,0,0.0,0.0,0.0,280000.0
10618276,0,0.0,1.0,0.0,1.0,0.0,0.0,0.0,0.0,0.0,0.0,0.0,0.0,0.0,0.0,0.0,0.0,0.0,1.0,0.0816326530612245,0.0,0.09090909090909091,0.0,0.05555555555555555,5,3,0,1,0,0,0,0,0.0,0.0,0.0,220000.0
10618292,0,0.0,1.0,0.0,0.0,0.0,0.0,1.0,0.0,0.0,0.0,0.0,0.0,0.0,0.0,0.0,0.0,0.0,1.0,0.07755102040816328,0.09090909090909091,0.09090909090909091,0.0,0.05555555555555555,0,0,1,1,0,0,0,1,0.0,0.1,0.0,360000.0
10618289,0,0.0,1.0,0.0,0.0,0.0,0.0,0.0,0.0,0.0,0.0,0.0,0.0,0.0,1.0,0.0,0.0,0.0,1.0,0.023469387755102045,0.0,0.09090909090909091,0.0,0.05555555555555555,3,2,1,0,0,0,0,1,0.0,0.0,0.0,149000.0
10618308,1,0.0,1.0,0.0,0.0,0.0,0.0,0.0,0.0,0.0,0.0,0.0,0.0,0.0,1.0,0.0,0.0,0.0,1.0,0.15000000000000002,0.1818181818181818,0.0,0.0,0.0,5,6,0,0,0,0,0,0,0.0,0.0,0.00017423503940004458,148700.0
10618293,0,0.0,1.0,0.0,0.0,0.0,0.0,1.0,0.0,0.0,0.0,0.0,0.0,0.0,0.0,0.0,0.0,0.0,1.0,0.07755102040816328,0.09090909090909091,0.09090909090909091,0.0,0.05555555555555555,0,0,1,1,0,0,0,1,0.0,0.1,0.0,355000.0
10618367,0,0.0,1.0,0.0,0.0,0.0,1.0,0.0,0.0,0.0,0.0,0.0,0.0,0.0,0.0,0.0,1.0,0.0,0.0,0.08673469387755103,0.09090909090909091,0.09090909090909091,0.0,0.05555555555555555,3,4,1,1,0,0,0,1,0.0,0.85,0.0,365000.0
10487287,1,0.0,1.0,0.0,0.0,0.0,1.0,0.0,0.0,0.0,0.0,0.0,0.0,0.0,0.0,0.0,0.0,1.0,0.0,0.12142857142857144,0.1818181818181818,0.09090909090909091,0.0,0.0,5,0,0,0,0,0,0,0,0.0,0.0,0.0011004318277897552,395000.0
10618424,0,1.0,0.0,0.0,0.0,1.0,0.0,0.0,0.0,0.0,0.0,0.0,0.0,0.0,0.0,0.0,0.0,1.0,0.0,0.12448979591836737,0.1818181818181818,0.18181818181818182,0.07142857142857142,0.1111111111111111,3,4,1,0,0,0,1,1,0.06,0.2,0.0,549000.0
10618315,0,0.0,0.0,1.0,0.0,0.0,0.0,0.0,1.0,0.0,0.0,0.0,0.0,0.0,0.0,0.0,0.0,0.0,1.0,0.06326530612244899,0.09090909090909091,0.0,0.07142857142857142,0.05555555555555555,0,2,1,1,0,0,0,1,0.0,0.0,0.0,225000.0
10618423,0,0.0,1.0,0.0,1.0,0.0,0.0,0.0,0.0,0.0,0.0,0.0,0.0,0.0,0.0,0.0,0.0,1.0,0.0,0.11020408163265308,0.1818181818181818,0.09090909090909091,0.0,0.0,3,4,1,0,0,0,0,1,0.0,0.0,0.0,225000.0
10618431,0,0.0,1.0,0.0,1.0,0.0,0.0,0.0,0.0,0.0,0.0,0.0,0.0,0.0,0.0,0.0,1.0,0.0,0.0,0.10204081632653061,0.09090909090909091,0.09090909090909091,0.0,0.05555555555555555,0,0,0,0,0,0,0,1,0.0,0.07,0.0,325000.0
10618435,0,0.0,0.0,1.0,0.0,0.0,0.0,0.0,1.0,0.0,0.0,0.0,0.0,0.0,0.0,0.0,0.0,1.0,0.0,0.07448979591836735,0.09090909090909091,0.09090909090909091,0.0,0.05555555555555555,3,3,0,1,0,0,0,0,0.0,0.0,0.0,175000.0
10618527,0,0.0,1.0,0.0,1.0,0.0,0.0,0.0,0.0,0.0,0.0,0.0,0.0,0.0,0.0,0.0,0.0,0.0,1.0,0.07653061224489796,0.1818181818181818,0.09090909090909091,0.0,0.05555555555555555,3,0,0,0,0,0,0,1,0.0,0.04,0.0,269000.0
10487393,1,0.0,1.0,0.0,0.0,0.0,1.0,0.0,0.0,0.0,0.0,0.0,0.0,0.0,0.0,0.0,0.0,1.0,0.0,0.1295918367346939,0.1818181818181818,0.09090909090909091,0.0,0.05555555555555555,5,6,0,1,0,0,1,1,0.0,0.0,0.003241688759363987,395000.0
10356397,1,0.0,0.0,1.0,0.0,0.0,0.0,0.0,0.0,0.0,0.0,0.0,1.0,0.0,0.0,0.0,0.0,1.0,0.0,0.3520408163265306,0.4545454545454545,0.2727272727272727,0.21428571428571427,0.2222222222222222,1,6,0,0,1,0,0,1,0.0,0.0,0.006957480231200727,850000.0
10618544,0,0.0,1.0,0.0,0.0,0.0,0.0,1.0,0.0,0.0,0.0,0.0,0.0,0.0,0.0,0.0,0.0,0.0,1.0,0.03877551020408163,0.0,0.09090909090909091,0.0,0.0,1,1,1,0,0,0,0,1,0.0,0.06,0.0,244900.0
10618541,1,1.0,0.0,0.0,0.0,1.0,0.0,0.0,0.0,0.0,0.0,0.0,0.0,0.0,0.0,0.0,1.0,0.0,0.0,0.336734693877551,0.36363636363636365,0.2727272727272727,0.0,0.0,3,7,0,0,0,0,0,0,0.0,0.0,0.00011921344801055682,790000.0
10618555,0,0.0,0.0,1.0,0.0,0.0,0.0,0.0,1.0,0.0,0.0,0.0,0.0,0.0,0.0,1.0,0.0,0.0,0.0,0.08775510204081632,0.1818181818181818,0.09090909090909091,0.0,0.05555555555555555,0,0,1,1,0,0,0,1,0.0,0.0,0.0,145000.0
10618546,0,1.0,0.0,0.0,0.0,1.0,0.0,0.0,0.0,0.0,0.0,0.0,0.0,0.0,0.0,0.0,1.0,0.0,0.0,0.1295918367346939,0.1818181818181818,0.18181818181818182,0.14285714285714285,0.1111111111111111,1,2,1,0,0,0,0,1,0.0,0.06,0.0,695000.0
10618545,0,0.0,1.0,0.0,0.0,0.0,0.0,0.0,0.0,0.0,0.0,0.0,0.0,0.0,1.0,0.0,0.0,1.0,0.0,0.04081632653061225,0.0,0.09090909090909091,0.0,0.05555555555555555,3,3,1,1,0,0,0,0,0.0,0.0,0.0,190000.0
10618556,0,0.0,0.0,1.0,0.0,0.0,0.0,0.0,1.0,0.0,0.0,0.0,0.0,0.0,0.0,0.0,0.0,0.0,1.0,0.09693877551020408,0.09090909090909091,0.09090909090909091,0.0,0.05555555555555555,3,6,0,1,0,0,0,0,0.0,0.0,0.0,135000.0
10618572,0,0.0,1.0,0.0,1.0,0.0,0.0,0.0,0.0,0.0,0.0,0.0,0.0,0.0,0.0,0.0,0.0,0.0,1.0,0.09387755102040818,0.1818181818181818,1.0,0.0,0.0,3,2,1,1,0,0,0,1,0.0,0.0,0.0,319000.0
10618558,0,1.0,0.0,0.0,0.0,1.0,0.0,0.0,0.0,0.0,0.0,0.0,0.0,0.0,0.0,0.0,1.0,0.0,0.0,0.010204081632653062,0.0,0.09090909090909091,0.0,0.0,0,7,0,1,0,0,0,0,0.0,0.0,0.0,125000.0
10356427,1,1.0,0.0,0.0,0.0,1.0,0.0,0.0,0.0,0.0,0.0,0.0,0.0,0.0,0.0,0.0,1.0,0.0,0.0,0.163265306122449,0.09090909090909091,0.09090909090909091,0.0,0.0,3,0,0,0,0,0,0,0,0.0,0.0,0.0,359000.0
10618579,0,0.0,1.0,0.0,1.0,0.0,0.0,0.0,0.0,0.0,0.0,0.0,0.0,0.0,0.0,0.0,0.0,1.0,0.0,0.03877551020408163,0.0,0.09090909090909091,0.0,0.05555555555555555,1,2,1,1,0,0,0,1,0.0,0.04,0.0,135000.0
10618577,0,0.0,1.0,0.0,1.0,0.0,0.0,0.0,0.0,0.0,0.0,0.0,0.0,0.0,0.0,0.0,0.0,0.0,1.0,0.05204081632653062,0.09090909090909091,0.09090909090909091,0.0,0.05555555555555555,3,3,0,1,0,0,0,1,0.0,0.02,0.0,219000.0
10618598,0,0.0,1.0,0.0,0.0,0.0,0.0,0.0,0.0,1.0,0.0,0.0,0.0,0.0,0.0,0.0,0.0,1.0,0.0,0.10714285714285715,0.1818181818181818,0.09090909090909091,0.0,0.05555555555555555,0,3,1,0,0,0,0,0,0.0,0.0,0.0,305000.0
10618627,0,0.0,1.0,0.0,0.0,0.0,0.0,0.0,0.0,0.0,0.0,0.0,0.0,0.0,1.0,0.0,0.0,0.0,1.0,0.0816326530612245,0.09090909090909091,0.09090909090909091,0.0,0.1111111111111111,0,2,0,0,0,0,0,1,0.0,0.44,0.0,275000.0
10618584,0,0.0,1.0,0.0,1.0,0.0,0.0,0.0,0.0,0.0,0.0,0.0,0.0,0.0,0.0,0.0,0.0,1.0,0.0,0.09489795918367347,0.09090909090909091,0.09090909090909091,0.0,0.0,4,3,0,1,0,0,1,0,0.115,0.0,0.0,315000.0
10618586,0,0.0,1.0,0.0,1.0,0.0,0.0,0.0,0.0,0.0,0.0,0.0,0.0,0.0,0.0,0.0,0.0,1.0,0.0,0.06632653061224492,0.09090909090909091,0.09090909090909091,0.0,0.0,0,0,1,0,0,0,0,1,0.0,0.16,0.0,200000.0
10618643,0,0.0,1.0,0.0,0.0,0.0,0.0,0.0,0.0,0.0,0.0,0.0,0.0,0.0,1.0,0.0,0.0,0.0,1.0,0.07142857142857142,0.09090909090909091,0.09090909090909091,0.0,0.05555555555555555,3,0,0,0,0,0,0,0,0.0,0.0,0.0,201000.0
10618648,0,0.0,1.0,0.0,0.0,0.0,1.0,0.0,0.0,0.0,0.0,0.0,0.0,0.0,0.0,0.0,0.0,0.0,1.0,0.10204081632653061,0.09090909090909091,0.09090909090909091,0.0,0.1111111111111111,3,3,0,0,0,0,0,1,0.0,0.0,0.0,249000.0
10618665,0,0.0,1.0,0.0,0.0,0.0,1.0,0.0,0.0,0.0,0.0,0.0,0.0,0.0,0.0,0.0,0.0,1.0,0.0,0.09489795918367347,0.09090909090909091,0.09090909090909091,0.0,0.05555555555555555,1,3,1,0,0,0,0,1,0.0,0.11,0.0,220000.0
10618673,0,0.0,1.0,0.0,0.0,0.0,0.0,0.0,0.0,0.0,0.0,0.0,0.0,0.0,1.0,1.0,0.0,0.0,0.0,0.06122448979591837,0.09090909090909091,0.09090909090909091,0.0,0.05555555555555555,1,2,0,0,0,0,0,0,0.0,0.0,0.0,245000.0
10618653,0,0.0,1.0,0.0,1.0,0.0,0.0,0.0,0.0,0.0,0.0,0.0,0.0,0.0,0.0,0.0,0.0,0.0,1.0,0.06122448979591837,0.09090909090909091,0.09090909090909091,0.0,0.05555555555555555,4,2,1,1,0,0,0,1,0.0,0.13,0.0,185000.0
10618644,0,0.0,1.0,0.0,0.0,0.0,0.0,0.0,0.0,0.0,0.0,0.0,0.0,0.0,1.0,0.0,0.0,0.0,1.0,0.07142857142857142,0.09090909090909091,0.09090909090909091,0.0,0.05555555555555555,3,0,0,0,0,0,0,0,0.0,0.0,0.0,195000.0
10618681,0,0.0,1.0,0.0,1.0,0.0,0.0,0.0,0.0,0.0,0.0,0.0,0.0,0.0,0.0,0.0,0.0,0.0,1.0,0.06326530612244899,0.09090909090909091,0.09090909090909091,0.0,0.05555555555555555,2,3,0,1,0,0,0,1,0.0,0.06,0.0,299000.0
10618699,0,1.0,0.0,0.0,0.0,1.0,0.0,0.0,0.0,0.0,0.0,0.0,0.0,0.0,0.0,0.0,0.0,0.0,1.0,0.042857142857142864,0.0,0.09090909090909091,0.0,0.05555555555555555,1,2,1,0,0,0,0,1,0.0,0.05,0.0,275000.0
10618674,0,0.0,1.0,0.0,1.0,0.0,0.0,0.0,0.0,0.0,0.0,0.0,0.0,0.0,0.0,0.0,0.0,0.0,1.0,0.07040816326530613,0.09090909090909091,0.09090909090909091,0.0,0.05555555555555555,1,3,0,1,0,0,0,1,0.0,0.0,0.0,258000.0
10618720,0,1.0,0.0,0.0,0.0,1.0,0.0,0.0,0.0,0.0,0.0,0.0,0.0,0.0,0.0,0.0,1.0,0.0,0.0,0.07142857142857142,0.0,0.0,0.07142857142857142,0.0,4,4,0,1,0,0,0,0,0.0,0.0,0.0,350000.0
10618725,0,1.0,0.0,0.0,0.0,1.0,0.0,0.0,0.0,0.0,0.0,0.0,0.0,0.0,0.0,0.0,1.0,0.0,0.0,0.07653061224489796,0.09090909090909091,0.09090909090909091,0.0,0.0,0,0,1,1,0,0,0,1,0.0,0.08,0.0,295000.0
10618728,1,1.0,0.0,0.0,0.0,1.0,0.0,0.0,0.0,0.0,0.0,0.0,0.0,0.0,0.0,1.0,0.0,0.0,0.0,0.06122448979591837,0.0,0.09090909090909091,0.0,0.05555555555555555,0,4,0,1,0,0,1,1,0.015,0.1,0.0,375000.0
10618750,0,0.0,1.0,0.0,0.0,0.0,0.0,0.0,0.0,0.0,0.0,0.0,0.0,0.0,1.0,0.0,0.0,1.0,0.0,0.08061224489795918,0.09090909090909091,0.09090909090909091,0.0,0.05555555555555555,1,0,1,0,0,0,1,1,0.068,0.15,0.0,225000.0
10618730,0,1.0,0.0,0.0,0.0,1.0,0.0,0.0,0.0,0.0,0.0,0.0,0.0,0.0,0.0,0.0,1.0,0.0,0.0,0.04591836734693878,0.0,0.0,0.07142857142857142,0.0,4,7,0,1,0,0,0,0,0.0,0.0,0.0,159000.0
10618751,0,0.0,1.0,0.0,0.0,0.0,0.0,0.0,0.0,0.0,0.0,0.0,0.0,0.0,1.0,0.0,0.0,1.0,0.0,0.08061224489795918,0.09090909090909091,0.09090909090909091,0.0,0.05555555555555555,1,0,1,0,0,0,1,1,0.068,0.15,0.0,240000.0
10618754,0,1.0,0.0,0.0,0.0,1.0,0.0,0.0,0.0,0.0,0.0,0.0,0.0,0.0,0.0,0.0,1.0,0.0,0.0,0.11224489795918369,0.1818181818181818,0.18181818181818182,0.07142857142857142,0.1111111111111111,1,1,1,0,0,0,0,1,0.0,0.0,0.0,399000.0
10618759,0,0.0,1.0,0.0,0.0,0.0,0.0,0.0,0.0,1.0,0.0,0.0,0.0,0.0,0.0,0.0,0.0,1.0,0.0,0.042857142857142864,0.0,0.09090909090909091,0.0,0.05555555555555555,0,0,1,1,0,0,0,1,0.0,0.16,0.0,239000.0
10618757,0,0.0,1.0,0.0,0.0,0.0,0.0,0.0,0.0,1.0,0.0,0.0,0.0,0.0,0.0,0.0,0.0,1.0,0.0,0.04183673469387755,0.0,0.09090909090909091,0.0,0.05555555555555555,0,0,1,1,0,0,0,1,0.0,0.12,0.0,237000.0
10618758,0,0.0,1.0,0.0,0.0,0.0,0.0,0.0,0.0,1.0,0.0,0.0,0.0,0.0,0.0,0.0,0.0,1.0,0.0,0.039795918367346944,0.0,0.09090909090909091,0.0,0.05555555555555555,0,0,1,1,0,0,0,1,0.0,0.11,0.0,235000.0
10618769,0,1.0,0.0,0.0,0.0,1.0,0.0,0.0,0.0,0.0,0.0,0.0,0.0,0.0,0.0,0.0,0.0,0.0,1.0,0.08673469387755103,0.09090909090909091,0.0,0.07142857142857142,0.05555555555555555,0,5,1,1,0,0,0,1,0.0,0.05,0.0,300000.0
10618763,1,0.0,0.0,1.0,0.0,0.0,0.0,0.0,0.0,0.0,0.0,1.0,0.0,0.0,0.0,0.0,0.0,0.0,1.0,0.3010204081632653,0.2727272727272727,0.09090909090909091,0.0,0.1111111111111111,2,2,0,0,0,0,1,1,0.025,0.2,0.0,299000.0
10618779,0,0.0,1.0,0.0,1.0,0.0,0.0,0.0,0.0,0.0,0.0,0.0,0.0,0.0,0.0,0.0,0.0,0.0,1.0,0.059183673469387764,0.09090909090909091,0.09090909090909091,0.0,0.05555555555555555,3,3,0,0,0,0,0,0,0.0,0.0,0.0,215000.0
10618782,0,0.0,1.0,0.0,1.0,0.0,0.0,0.0,0.0,0.0,0.0,0.0,0.0,0.0,0.0,0.0,1.0,0.0,0.0,0.03571428571428572,0.0,0.09090909090909091,0.0,0.05555555555555555,1,2,1,0,0,0,0,0,0.0,0.0,0.0,224000.0
10618795,0,0.0,1.0,0.0,0.0,0.0,1.0,0.0,0.0,0.0,0.0,0.0,0.0,0.0,0.0,0.0,0.0,0.0,1.0,0.06938775510204082,0.09090909090909091,0.09090909090909091,0.0,0.05555555555555555,0,0,1,1,0,0,1,1,0.106,0.1,0.0,281570.0
10618797,0,0.0,1.0,0.0,0.0,0.0,1.0,0.0,0.0,0.0,0.0,0.0,0.0,0.0,0.0,0.0,0.0,0.0,1.0,0.07346938775510206,0.09090909090909091,0.09090909090909091,0.0,0.05555555555555555,0,0,1,1,0,0,1,1,0.0,0.26,0.0,298820.0
10618794,0,0.0,1.0,0.0,0.0,0.0,1.0,0.0,0.0,0.0,0.0,0.0,0.0,0.0,0.0,0.0,0.0,0.0,1.0,0.0836734693877551,0.09090909090909091,0.09090909090909091,0.0,0.05555555555555555,0,0,1,1,0,0,1,1,0.117,0.1,0.0,326111.0
10618793,0,0.0,1.0,0.0,0.0,0.0,1.0,0.0,0.0,0.0,0.0,0.0,0.0,0.0,0.0,0.0,1.0,0.0,0.0,0.0816326530612245,0.09090909090909091,0.09090909090909091,0.07142857142857142,0.05555555555555555,0,2,1,1,0,0,0,0,0.0,0.0,0.0,315000.0
10618823,0,0.0,1.0,0.0,0.0,0.0,0.0,0.0,0.0,0.0,0.0,0.0,0.0,0.0,1.0,0.0,0.0,0.0,1.0,0.020408163265306124,0.0,0.09090909090909091,0.0,0.0,2,2,1,0,0,0,0,1,0.0,0.0,0.0,189000.0
10618836,0,1.0,0.0,0.0,0.0,1.0,0.0,0.0,0.0,0.0,0.0,0.0,0.0,0.0,0.0,1.0,0.0,0.0,0.0,0.0816326530612245,0.0,0.09090909090909091,0.0,0.05555555555555555,3,0,0,0,0,0,0,0,0.0,0.0,0.0,365000.0
10618853,1,0.0,1.0,0.0,0.0,0.0,0.0,1.0,0.0,0.0,0.0,0.0,0.0,0.0,0.0,0.0,0.0,0.0,1.0,0.23265306122448984,0.36363636363636365,0.09090909090909091,0.0,0.05555555555555555,3,4,0,0,0,0,0,1,0.0,0.14,0.00028702930174849447,379000.0
10618834,0,1.0,0.0,0.0,0.0,1.0,0.0,0.0,0.0,0.0,0.0,0.0,0.0,0.0,0.0,0.0,0.0,1.0,0.0,0.08877551020408164,0.09090909090909091,0.09090909090909091,0.0,0.0,1,4,1,0,0,0,0,1,0.0,0.07,0.0,350000.0
10618860,0,0.0,1.0,0.0,0.0,0.0,0.0,1.0,0.0,0.0,0.0,0.0,0.0,0.0,0.0,0.0,0.0,0.0,1.0,0.07551020408163267,0.1818181818181818,0.09090909090909091,0.07142857142857142,0.05555555555555555,1,2,0,0,0,0,0,1,0.0,0.05,0.0,369000.0
10487778,1,0.0,1.0,0.0,0.0,0.0,1.0,0.0,0.0,0.0,0.0,0.0,0.0,0.0,0.0,0.0,0.0,0.0,1.0,0.12244897959183676,0.1818181818181818,0.09090909090909091,0.0,0.05555555555555555,5,5,0,1,0,0,1,0,0.0,0.0,9.720481145476171e-05,206000.0
10618883,0,0.0,1.0,0.0,0.0,0.0,0.0,0.0,0.0,0.0,0.0,0.0,0.0,0.0,1.0,0.0,0.0,0.0,1.0,0.05816326530612246,0.0,0.09090909090909091,0.0,0.05555555555555555,0,1,1,0,0,0,1,1,0.0,0.25,0.0,274000.0
10618887,0,0.0,1.0,0.0,0.0,0.0,0.0,0.0,0.0,0.0,0.0,0.0,0.0,0.0,1.0,0.0,0.0,1.0,0.0,0.07653061224489796,0.09090909090909091,0.0,0.0,0.0,3,3,0,0,0,0,0,0,0.0,0.0,0.0,135000.0
10618889,0,0.0,1.0,0.0,0.0,0.0,1.0,0.0,0.0,0.0,0.0,0.0,0.0,0.0,0.0,0.0,0.0,1.0,0.0,0.07142857142857142,0.09090909090909091,0.0,0.0,0.05555555555555555,1,5,0,0,0,0,1,0,0.0,0.0,0.0,219000.0
10618918,0,0.0,1.0,0.0,0.0,0.0,1.0,0.0,0.0,0.0,0.0,0.0,0.0,0.0,0.0,0.0,0.0,0.0,1.0,0.07959183673469389,0.09090909090909091,0.09090909090909091,0.0,0.1111111111111111,0,2,1,0,0,0,0,1,0.0,0.18,0.0,299000.0
10618913,0,0.0,0.0,1.0,0.0,0.0,0.0,0.0,1.0,0.0,0.0,0.0,0.0,0.0,0.0,0.0,0.0,0.0,1.0,0.0816326530612245,0.09090909090909091,0.09090909090909091,0.0,0.05555555555555555,0,0,1,0,0,0,1,1,1.0,0.12,0.0,314000.0
10618934,0,0.0,1.0,0.0,1.0,0.0,0.0,0.0,0.0,0.0,0.0,0.0,0.0,0.0,0.0,0.0,0.0,1.0,0.0,0.09897959183673471,0.1818181818181818,0.18181818181818182,0.0,0.05555555555555555,1,4,1,0,0,0,0,1,0.0,0.18,0.0,299000.0
10618914,0,0.0,0.0,1.0,0.0,0.0,0.0,0.0,1.0,0.0,0.0,0.0,0.0,0.0,0.0,0.0,0.0,0.0,1.0,0.08979591836734696,0.09090909090909091,0.09090909090909091,0.0,0.1111111111111111,0,0,1,0,0,0,1,1,1.0,0.0,0.0,328000.0
10618912,0,0.0,0.0,1.0,0.0,0.0,0.0,0.0,1.0,0.0,0.0,0.0,0.0,0.0,0.0,0.0,0.0,0.0,1.0,0.0673469387755102,0.0,0.09090909090909091,0.0,0.05555555555555555,0,0,1,0,0,0,1,0,1.0,0.0,0.0,289000.0
10618935,0,0.0,1.0,0.0,0.0,0.0,1.0,0.0,0.0,0.0,0.0,0.0,0.0,0.0,0.0,1.0,0.0,0.0,0.0,0.09081632653061225,0.1818181818181818,0.09090909090909091,0.0,0.05555555555555555,4,2,0,0,0,0,0,1,0.0,0.1,0.0,285000.0
10618938,0,0.0,1.0,0.0,0.0,0.0,1.0,0.0,0.0,0.0,0.0,0.0,0.0,0.0,0.0,0.0,0.0,1.0,0.0,0.0673469387755102,0.09090909090909091,0.0,0.0,0.0,4,4,0,0,0,0,0,0,0.0,0.0,0.0,169000.0
10618944,0,0.0,1.0,0.0,0.0,0.0,1.0,0.0,0.0,0.0,0.0,0.0,0.0,0.0,0.0,0.0,0.0,0.0,1.0,0.07142857142857142,0.09090909090909091,0.09090909090909091,0.0,0.1111111111111111,1,2,0,0,0,0,1,1,0.0,0.0,0.0,209000.0
10618954,0,0.0,1.0,0.0,1.0,0.0,0.0,0.0,0.0,0.0,0.0,0.0,0.0,0.0,0.0,1.0,0.0,0.0,0.0,0.0816326530612245,0.1818181818181818,0.09090909090909091,0.0,0.0,0,2,1,0,0,0,0,0,0.0,0.0,0.0,288000.0
10618976,0,0.0,1.0,0.0,0.0,0.0,1.0,0.0,0.0,0.0,0.0,0.0,0.0,0.0,0.0,1.0,0.0,0.0,0.0,0.09693877551020408,0.09090909090909091,0.09090909090909091,0.0,0.0,0,0,1,0,0,0,0,1,0.0,0.08,0.0,670777.0
10618967,0,0.0,1.0,0.0,0.0,0.0,0.0,0.0,0.0,0.0,0.0,0.0,0.0,0.0,1.0,0.0,0.0,1.0,0.0,0.012244897959183675,0.0,0.09090909090909091,0.0,0.0,1,3,1,0,0,0,0,1,0.0,0.0,0.0,345000.0
10618966,0,0.0,1.0,0.0,0.0,0.0,0.0,0.0,0.0,0.0,0.0,0.0,0.0,0.0,1.0,0.0,0.0,1.0,0.0,0.036734693877551024,0.09090909090909091,0.09090909090909091,0.0,0.0,2,2,1,0,0,0,0,1,0.0,0.0,0.0,495000.0
10618977,0,0.0,1.0,0.0,0.0,0.0,1.0,0.0,0.0,0.0,0.0,0.0,0.0,0.0,0.0,1.0,0.0,0.0,0.0,0.06632653061224492,0.09090909090909091,0.09090909090909091,0.0,0.0,0,0,1,0,0,0,0,1,0.0,0.06,0.0,529629.0
10619000,0,0.0,1.0,0.0,0.0,0.0,0.0,1.0,0.0,0.0,0.0,0.0,0.0,0.0,0.0,1.0,0.0,0.0,0.0,0.06938775510204082,0.0,0.09090909090909091,0.0,0.05555555555555555,0,1,1,0,0,0,1,1,0.0,0.29,0.0,365000.0
10619005,0,0.0,1.0,0.0,1.0,0.0,0.0,0.0,0.0,0.0,0.0,0.0,0.0,0.0,0.0,0.0,0.0,1.0,0.0,0.08775510204081632,0.09090909090909091,0.09090909090909091,0.0,0.05555555555555555,0,0,1,1,0,0,0,1,0.0,0.09,0.0,346800.0
10619004,0,0.0,1.0,0.0,1.0,0.0,0.0,0.0,0.0,0.0,0.0,0.0,0.0,0.0,0.0,0.0,0.0,1.0,0.0,0.06836734693877553,0.09090909090909091,0.09090909090909091,0.0,0.05555555555555555,0,0,0,1,0,0,0,1,0.0,0.12,0.0,305453.0
10619007,0,0.0,1.0,0.0,1.0,0.0,0.0,0.0,0.0,0.0,0.0,0.0,0.0,0.0,0.0,0.0,0.0,1.0,0.0,0.05000000000000001,0.0,0.09090909090909091,0.0,0.05555555555555555,0,0,0,1,0,0,0,1,0.0,0.05,0.0,199932.0
10487929,1,0.0,1.0,0.0,0.0,0.0,0.0,1.0,0.0,0.0,0.0,0.0,0.0,0.0,0.0,0.0,0.0,1.0,0.0,0.17448979591836736,0.2727272727272727,0.2727272727272727,0.0,0.0,5,5,0,0,0,0,1,0,0.848,0.0,0.0007776384916380937,179000.0
10619008,0,0.0,1.0,0.0,1.0,0.0,0.0,0.0,0.0,0.0,0.0,0.0,0.0,0.0,0.0,0.0,0.0,1.0,0.0,0.05000000000000001,0.0,0.09090909090909091,0.0,0.05555555555555555,0,0,0,1,0,0,0,1,0.0,0.05,0.0,202095.0
10619017,0,0.0,1.0,0.0,1.0,0.0,0.0,0.0,0.0,0.0,0.0,0.0,0.0,0.0,0.0,0.0,0.0,1.0,0.0,0.11734693877551022,0.1818181818181818,0.18181818181818182,0.0,0.05555555555555555,0,0,1,1,0,0,0,1,0.0,0.28,0.0,465528.0
10619018,0,0.0,1.0,0.0,1.0,0.0,0.0,0.0,0.0,0.0,0.0,0.0,0.0,0.0,0.0,0.0,0.0,1.0,0.0,0.1479591836734694,0.1818181818181818,0.18181818181818182,0.0,0.1111111111111111,0,0,1,1,0,0,0,1,0.0,0.36,0.0,568140.0
10619036,0,0.0,1.0,0.0,1.0,0.0,0.0,0.0,0.0,0.0,0.0,0.0,0.0,0.0,0.0,0.0,0.0,1.0,0.0,0.12551020408163266,0.1818181818181818,0.09090909090909091,0.07142857142857142,0.1111111111111111,3,2,1,0,0,0,0,1,0.0,0.12,0.0,299000.0
10619009,0,0.0,1.0,0.0,1.0,0.0,0.0,0.0,0.0,0.0,0.0,0.0,0.0,0.0,0.0,0.0,0.0,1.0,0.0,0.06122448979591837,0.09090909090909091,0.09090909090909091,0.0,0.05555555555555555,0,0,0,1,0,0,0,1,0.0,0.09,0.0,251957.0
10619109,1,0.0,1.0,0.0,0.0,0.0,0.0,0.0,0.0,0.0,0.0,0.0,0.0,0.0,1.0,0.0,0.0,1.0,0.0,0.1295918367346939,0.2727272727272727,0.09090909090909091,0.0,0.1111111111111111,5,6,0,0,0,0,0,1,0.0,0.0,0.0,180000.0
10619118,0,1.0,0.0,0.0,0.0,1.0,0.0,0.0,0.0,0.0,0.0,0.0,0.0,0.0,0.0,0.0,1.0,0.0,0.0,0.08673469387755103,0.09090909090909091,0.09090909090909091,0.0,0.05555555555555555,4,7,0,0,0,0,0,0,0.0,0.0,0.0,480000.0
10619112,0,0.0,1.0,0.0,0.0,0.0,1.0,0.0,0.0,0.0,0.0,0.0,0.0,0.0,0.0,0.0,0.0,1.0,0.0,0.06428571428571428,0.09090909090909091,0.09090909090909091,0.0,0.05555555555555555,1,2,1,0,0,0,1,1,0.0,0.0,0.0,273000.0
10619117,0,0.0,1.0,0.0,1.0,0.0,0.0,0.0,0.0,0.0,0.0,0.0,0.0,0.0,0.0,0.0,0.0,1.0,0.0,0.06122448979591837,0.09090909090909091,0.09090909090909091,0.0,0.05555555555555555,3,2,0,1,0,0,0,0,0.0,0.0,0.0,184000.0
10619133,0,0.0,1.0,0.0,0.0,0.0,1.0,0.0,0.0,0.0,0.0,0.0,0.0,0.0,0.0,0.0,0.0,1.0,0.0,0.07959183673469389,0.09090909090909091,0.09090909090909091,0.0,0.05555555555555555,1,1,1,0,0,0,0,1,0.0,0.14,0.0,419000.0
10619140,0,1.0,0.0,0.0,0.0,1.0,0.0,0.0,0.0,0.0,0.0,0.0,0.0,0.0,0.0,0.0,0.0,0.0,1.0,0.10306122448979593,0.1818181818181818,0.18181818181818182,0.0,0.1111111111111111,1,5,0,0,0,0,1,1,0.15,0.2,0.0,495000.0
10619165,0,0.0,0.0,1.0,0.0,0.0,0.0,0.0,0.0,0.0,0.0,0.0,0.0,1.0,0.0,0.0,0.0,0.0,1.0,0.1479591836734694,0.1818181818181818,0.09090909090909091,0.07142857142857142,0.05555555555555555,1,2,0,0,1,0,1,1,0.3,1.0,0.0,395000.0
10619164,0,0.0,0.0,1.0,0.0,0.0,0.0,0.0,0.0,0.0,0.0,0.0,0.0,1.0,0.0,0.0,0.0,0.0,1.0,0.0816326530612245,0.09090909090909091,0.09090909090909091,0.07142857142857142,0.05555555555555555,1,3,0,0,1,0,1,1,0.2,0.4,0.0,225000.0
10619166,0,0.0,0.0,1.0,0.0,0.0,0.0,0.0,0.0,0.0,0.0,0.0,0.0,1.0,0.0,0.0,0.0,0.0,1.0,0.13775510204081634,0.1818181818181818,0.09090909090909091,0.07142857142857142,0.05555555555555555,1,5,0,0,0,0,0,1,0.0,0.25,0.0,275000.0
10619199,0,0.0,0.0,1.0,0.0,0.0,0.0,0.0,0.0,0.0,1.0,0.0,0.0,0.0,0.0,0.0,0.0,1.0,0.0,0.05306122448979592,0.09090909090909091,0.09090909090909091,0.0,0.05555555555555555,3,3,1,0,0,0,0,1,0.0,0.0,0.0,155000.0
10619203,0,0.0,1.0,0.0,1.0,0.0,0.0,0.0,0.0,0.0,0.0,0.0,0.0,0.0,0.0,0.0,1.0,0.0,0.0,0.05408163265306123,0.0,0.09090909090909091,0.0,0.0,0,2,1,0,0,0,0,0,0.0,0.0,0.0,169500.0
10619181,0,0.0,1.0,0.0,1.0,0.0,0.0,0.0,0.0,0.0,0.0,0.0,0.0,0.0,0.0,0.0,1.0,0.0,0.0,0.07653061224489796,0.09090909090909091,0.09090909090909091,0.0,0.0,1,1,1,0,0,0,0,1,0.0,0.04,0.0,315000.0
10619172,0,1.0,0.0,0.0,0.0,1.0,0.0,0.0,0.0,0.0,0.0,0.0,0.0,0.0,0.0,0.0,0.0,0.0,1.0,0.06632653061224492,0.1818181818181818,0.09090909090909091,0.07142857142857142,0.05555555555555555,1,0,1,0,0,0,0,1,0.0,0.0,0.0,400000.0
10619207,0,1.0,0.0,0.0,0.0,1.0,0.0,0.0,0.0,0.0,0.0,0.0,0.0,0.0,0.0,0.0,0.0,0.0,1.0,0.06020408163265307,0.09090909090909091,0.09090909090909091,0.0,0.05555555555555555,4,3,0,0,0,0,0,1,0.0,0.16,0.0,310000.0
10619215,0,0.0,1.0,0.0,1.0,0.0,0.0,0.0,0.0,0.0,0.0,0.0,0.0,0.0,0.0,1.0,0.0,0.0,0.0,0.02448979591836735,0.0,0.09090909090909091,0.07142857142857142,0.05555555555555555,3,2,0,0,0,0,0,0,0.0,0.0,0.0,194500.0
10619217,0,0.0,1.0,0.0,1.0,0.0,0.0,0.0,0.0,0.0,0.0,0.0,0.0,0.0,0.0,0.0,0.0,0.0,1.0,0.051020408163265314,0.0,0.09090909090909091,0.0,0.1111111111111111,1,1,1,0,0,0,0,1,0.0,0.0,0.0,229000.0
10619218,0,0.0,1.0,0.0,1.0,0.0,0.0,0.0,0.0,0.0,0.0,0.0,0.0,0.0,0.0,0.0,0.0,0.0,1.0,0.06122448979591837,0.09090909090909091,0.09090909090909091,0.0,0.05555555555555555,0,4,0,0,0,0,0,1,0.0,0.0,0.0,199000.0
10619222,0,0.0,1.0,0.0,0.0,0.0,0.0,1.0,0.0,0.0,0.0,0.0,0.0,0.0,0.0,0.0,1.0,0.0,0.0,0.06122448979591837,0.09090909090909091,0.09090909090909091,0.0,0.05555555555555555,1,2,1,0,0,0,0,1,0.0,0.03,0.0,349000.0
10619221,0,0.0,1.0,0.0,0.0,0.0,1.0,0.0,0.0,0.0,0.0,0.0,0.0,0.0,0.0,0.0,0.0,0.0,1.0,0.07346938775510206,0.09090909090909091,0.09090909090909091,0.0,0.1111111111111111,3,2,0,0,0,0,0,0,0.0,0.0,0.0,210000.0
10619227,0,0.0,1.0,0.0,1.0,0.0,0.0,0.0,0.0,0.0,0.0,0.0,0.0,0.0,0.0,0.0,0.0,0.0,1.0,0.0653061224489796,0.0,0.09090909090909091,0.0,0.1111111111111111,1,2,1,0,0,0,0,1,0.0,0.08,0.0,249500.0
10619235,0,1.0,0.0,0.0,0.0,1.0,0.0,0.0,0.0,0.0,0.0,0.0,0.0,0.0,0.0,0.0,0.0,0.0,1.0,0.051020408163265314,0.0,0.09090909090909091,0.0,0.05555555555555555,4,7,1,0,0,0,0,1,0.0,0.25,0.0,285000.0
10619229,0,0.0,1.0,0.0,1.0,0.0,0.0,0.0,0.0,0.0,0.0,0.0,0.0,0.0,0.0,0.0,0.0,0.0,1.0,0.12244897959183676,0.1818181818181818,0.09090909090909091,0.07142857142857142,0.1111111111111111,0,2,1,0,0,0,0,1,0.0,0.19,0.0,305000.0
10619251,0,1.0,0.0,0.0,0.0,1.0,0.0,0.0,0.0,0.0,0.0,0.0,0.0,0.0,0.0,0.0,0.0,0.0,1.0,0.04693877551020408,0.0,0.09090909090909091,0.07142857142857142,0.05555555555555555,1,4,0,0,0,0,0,1,0.0,0.07,0.0,248000.0
10619226,0,1.0,0.0,0.0,0.0,1.0,0.0,0.0,0.0,0.0,0.0,0.0,0.0,0.0,0.0,1.0,0.0,0.0,0.0,0.05000000000000001,0.0,0.09090909090909091,0.07142857142857142,0.05555555555555555,1,2,1,0,0,0,0,1,0.0,0.24,0.0,420000.0
10619225,0,1.0,0.0,0.0,0.0,1.0,0.0,0.0,0.0,0.0,0.0,0.0,0.0,0.0,0.0,0.0,0.0,0.0,1.0,0.051020408163265314,0.0,0.09090909090909091,0.0,0.05555555555555555,1,1,1,0,0,0,0,1,0.0,0.13,0.0,345000.0
10619274,0,0.0,1.0,0.0,0.0,0.0,1.0,0.0,0.0,0.0,0.0,0.0,0.0,0.0,0.0,1.0,0.0,0.0,0.0,0.1653061224489796,0.2727272727272727,0.09090909090909091,0.0,0.1111111111111111,3,2,1,0,0,0,0,0,0.0,0.0,0.0,529000.0
10619303,0,0.0,0.0,1.0,0.0,0.0,0.0,0.0,1.0,0.0,0.0,0.0,0.0,0.0,0.0,0.0,0.0,1.0,0.0,0.026530612244897965,0.0,0.09090909090909091,0.0,0.0,2,2,0,0,0,0,0,0,0.0,0.0,0.0,149000.0
10619309,0,0.0,0.0,1.0,0.0,0.0,0.0,0.0,1.0,0.0,0.0,0.0,0.0,0.0,0.0,0.0,0.0,1.0,0.0,0.07857142857142857,0.09090909090909091,0.09090909090909091,0.07142857142857142,0.05555555555555555,3,5,0,0,0,0,1,0,0.08,0.0,0.0,129000.0
10619323,0,0.0,0.0,1.0,0.0,0.0,0.0,0.0,1.0,0.0,0.0,0.0,0.0,0.0,0.0,0.0,0.0,1.0,0.0,0.10816326530612247,0.09090909090909091,0.09090909090909091,0.07142857142857142,0.1111111111111111,1,3,1,0,0,0,0,1,0.0,0.0,0.0,330000.0
10619322,0,0.0,0.0,1.0,0.0,0.0,0.0,0.0,1.0,0.0,0.0,0.0,0.0,0.0,0.0,0.0,0.0,1.0,0.0,0.02755102040816327,0.0,0.09090909090909091,0.07142857142857142,0.05555555555555555,2,4,0,0,0,0,0,1,0.0,0.0,0.0,149000.0
10619313,0,0.0,0.0,1.0,0.0,0.0,0.0,0.0,1.0,0.0,0.0,0.0,0.0,0.0,0.0,0.0,0.0,1.0,0.0,0.11530612244897961,0.09090909090909091,0.09090909090909091,0.07142857142857142,0.05555555555555555,1,3,1,0,0,0,0,1,0.0,0.0,0.0,235000.0
10619329,0,0.0,0.0,1.0,0.0,0.0,0.0,0.0,1.0,0.0,0.0,0.0,0.0,0.0,0.0,0.0,0.0,1.0,0.0,0.07959183673469389,0.09090909090909091,0.09090909090909091,0.07142857142857142,0.05555555555555555,1,2,1,0,0,0,0,1,0.0,0.0,0.0,269000.0
10619341,0,0.0,0.0,1.0,0.0,0.0,0.0,0.0,1.0,0.0,0.0,0.0,0.0,0.0,0.0,0.0,0.0,1.0,0.0,0.14285714285714288,0.0,0.09090909090909091,0.0,0.0,3,4,0,0,0,0,1,1,0.053,0.67,0.0,349000.0
10619342,0,0.0,0.0,1.0,0.0,0.0,0.0,0.0,1.0,0.0,0.0,0.0,0.0,0.0,0.0,0.0,0.0,1.0,0.0,0.10306122448979593,0.0,0.09090909090909091,0.0,0.0,3,3,0,0,0,0,0,1,0.0,0.0,0.0,195000.0
10619325,0,0.0,0.0,1.0,0.0,0.0,0.0,0.0,1.0,0.0,0.0,0.0,0.0,0.0,0.0,0.0,0.0,1.0,0.0,0.03775510204081633,0.0,0.09090909090909091,0.07142857142857142,0.05555555555555555,3,2,0,0,0,0,0,0,0.0,0.0,0.0,89000.0
10619340,0,0.0,0.0,1.0,0.0,0.0,0.0,0.0,1.0,0.0,0.0,0.0,0.0,0.0,0.0,0.0,0.0,1.0,0.0,0.04795918367346939,0.0,0.09090909090909091,0.0,0.0,3,3,0,0,0,0,0,0,0.0,0.0,0.0,129000.0
10619343,0,0.0,0.0,1.0,0.0,0.0,0.0,0.0,1.0,0.0,0.0,0.0,0.0,0.0,0.0,0.0,0.0,1.0,0.0,0.12040816326530615,0.09090909090909091,0.09090909090909091,0.0,0.0,3,5,0,0,0,0,0,1,0.0,0.08,0.0,195000.0
10619351,1,0.0,0.0,1.0,0.0,0.0,0.0,0.0,0.0,0.0,0.0,0.0,0.0,1.0,0.0,0.0,0.0,1.0,0.0,0.0816326530612245,0.09090909090909091,0.09090909090909091,0.0,0.0,3,3,0,0,0,0,0,0,0.0,0.0,0.0,250000.0
10619390,0,0.0,1.0,0.0,1.0,0.0,0.0,0.0,0.0,0.0,0.0,0.0,0.0,0.0,0.0,0.0,0.0,0.0,1.0,0.0653061224489796,0.09090909090909091,0.09090909090909091,0.0,0.05555555555555555,4,2,0,0,0,0,0,1,0.0,0.0,0.0,182000.0
10619396,0,0.0,0.0,1.0,0.0,0.0,0.0,0.0,0.0,0.0,1.0,0.0,0.0,0.0,0.0,0.0,1.0,0.0,0.0,0.06122448979591837,0.09090909090909091,0.18181818181818182,0.14285714285714285,0.1111111111111111,0,5,0,0,0,0,0,0,0.0,0.0,0.0,150000.0
10488304,1,0.0,0.0,1.0,0.0,0.0,0.0,0.0,1.0,0.0,0.0,0.0,0.0,0.0,0.0,0.0,0.0,1.0,0.0,0.08673469387755103,0.1818181818181818,0.09090909090909091,0.0,0.05555555555555555,5,7,0,1,0,0,1,0,0.0,0.0,0.0002155012329421604,185000.0
10619377,0,0.0,1.0,0.0,1.0,0.0,0.0,0.0,0.0,0.0,0.0,0.0,0.0,0.0,0.0,0.0,0.0,1.0,0.0,0.10408163265306122,0.1818181818181818,0.0,0.0,0.0,3,2,1,0,0,0,0,1,0.0,0.0,0.0,269000.0
10619375,0,0.0,1.0,0.0,0.0,0.0,0.0,1.0,0.0,0.0,0.0,0.0,0.0,0.0,0.0,0.0,0.0,0.0,1.0,0.059183673469387764,0.09090909090909091,0.09090909090909091,0.0,0.05555555555555555,3,4,0,0,0,0,0,0,0.0,0.0,0.0,279000.0
10619416,0,0.0,0.0,1.0,0.0,0.0,0.0,0.0,0.0,0.0,0.0,0.0,1.0,0.0,0.0,0.0,0.0,1.0,0.0,0.051020408163265314,0.09090909090909091,0.09090909090909091,0.0,0.05555555555555555,3,7,0,0,0,0,0,0,0.0,0.0,0.0,145000.0
10619411,0,0.0,0.0,1.0,0.0,0.0,0.0,0.0,0.0,0.0,1.0,0.0,0.0,0.0,0.0,0.0,1.0,0.0,0.0,0.04693877551020408,0.0,0.09090909090909091,0.0,0.05555555555555555,1,3,1,0,0,0,0,1,0.0,0.0,0.0,115000.0
10619459,0,0.0,1.0,0.0,0.0,0.0,0.0,1.0,0.0,0.0,0.0,0.0,0.0,0.0,0.0,0.0,0.0,1.0,0.0,0.04693877551020408,0.09090909090909091,0.09090909090909091,0.0,0.0,1,2,0,0,0,0,0,1,0.0,0.0,0.0,250000.0
10488379,0,0.0,1.0,0.0,1.0,0.0,0.0,0.0,0.0,0.0,0.0,0.0,0.0,0.0,0.0,0.0,0.0,0.0,1.0,0.06632653061224492,0.09090909090909091,0.09090909090909091,0.0,0.05555555555555555,0,0,0,1,0,0,0,1,0.0,0.04,0.0,280000.0
10619408,0,1.0,0.0,0.0,0.0,1.0,0.0,0.0,0.0,0.0,0.0,0.0,0.0,0.0,0.0,0.0,0.0,0.0,1.0,0.28061224489795916,0.2727272727272727,0.18181818181818182,0.0,0.1111111111111111,1,6,1,0,0,0,0,1,0.0,0.1,0.0,1185000.0
10357312,0,0.0,1.0,0.0,1.0,0.0,0.0,0.0,0.0,0.0,0.0,0.0,0.0,0.0,0.0,0.0,0.0,0.0,1.0,0.11224489795918369,0.09090909090909091,0.09090909090909091,0.0,0.05555555555555555,3,2,1,0,0,0,0,1,0.0,0.0,0.0,259000.0
10619451,0,0.0,0.0,1.0,0.0,0.0,0.0,0.0,0.0,0.0,0.0,0.0,1.0,0.0,0.0,1.0,0.0,0.0,0.0,0.09693877551020408,0.1818181818181818,0.09090909090909091,0.0,0.05555555555555555,3,7,1,0,0,0,0,1,0.0,0.07,0.0,175000.0
10619483,1,0.0,0.0,1.0,0.0,0.0,0.0,0.0,1.0,0.0,0.0,0.0,0.0,0.0,0.0,0.0,0.0,1.0,0.0,0.11734693877551022,0.1818181818181818,0.09090909090909091,0.0,0.05555555555555555,4,7,0,0,0,0,1,0,0.0,0.0,0.001787284693635194,249000.0
10619481,0,0.0,1.0,0.0,0.0,0.0,1.0,0.0,0.0,0.0,0.0,0.0,0.0,0.0,0.0,1.0,0.0,0.0,0.0,0.02959183673469388,0.0,0.09090909090909091,0.0,0.05555555555555555,4,4,1,0,0,0,0,0,0.0,0.0,0.0,210000.0
10357327,1,0.0,1.0,0.0,0.0,0.0,0.0,0.0,0.0,0.0,0.0,0.0,0.0,0.0,1.0,0.0,0.0,1.0,0.0,0.3836734693877551,0.2727272727272727,0.2727272727272727,0.0,0.2222222222222222,2,2,0,1,0,0,1,0,0.0,0.0,0.0003411338666148241,4275000.0
10619487,0,0.0,1.0,0.0,0.0,0.0,0.0,0.0,0.0,0.0,0.0,0.0,0.0,0.0,1.0,1.0,0.0,0.0,0.0,0.12040816326530615,0.09090909090909091,0.18181818181818182,0.14285714285714285,0.05555555555555555,3,2,1,0,0,0,0,1,0.0,0.0,0.0,265000.0
10619492,0,0.0,1.0,0.0,0.0,0.0,0.0,1.0,0.0,0.0,0.0,0.0,0.0,0.0,0.0,0.0,0.0,1.0,0.0,0.06836734693877553,0.09090909090909091,0.09090909090909091,0.0,0.05555555555555555,1,1,1,0,0,0,0,1,0.0,0.15,0.0,275000.0
10619505,0,0.0,0.0,1.0,0.0,0.0,0.0,0.0,0.0,0.0,0.0,1.0,0.0,0.0,0.0,0.0,0.0,0.0,1.0,0.0673469387755102,0.09090909090909091,0.18181818181818182,0.0,0.05555555555555555,0,2,0,0,0,0,0,1,0.0,0.1,0.0,216500.0
10488454,0,0.0,1.0,0.0,0.0,0.0,0.0,1.0,0.0,0.0,0.0,0.0,0.0,0.0,0.0,0.0,0.0,1.0,0.0,0.08877551020408164,0.09090909090909091,0.09090909090909091,0.0,0.1111111111111111,3,2,0,0,0,0,1,1,0.113,0.19,0.0,315000.0
10619556,0,0.0,1.0,0.0,0.0,0.0,1.0,0.0,0.0,0.0,0.0,0.0,0.0,0.0,0.0,0.0,0.0,0.0,1.0,0.11224489795918369,0.09090909090909091,0.18181818181818182,0.0,0.05555555555555555,3,2,1,1,0,0,0,1,0.0,0.2,0.0,500000.0
10619547,0,0.0,1.0,0.0,0.0,0.0,0.0,1.0,0.0,0.0,0.0,0.0,0.0,0.0,0.0,0.0,0.0,1.0,0.0,0.08979591836734696,0.09090909090909091,0.09090909090909091,0.0,0.05555555555555555,5,3,0,0,0,0,0,1,0.0,0.02,0.0,260000.0
10619552,0,0.0,1.0,0.0,1.0,0.0,0.0,0.0,0.0,0.0,0.0,0.0,0.0,0.0,0.0,0.0,0.0,0.0,1.0,0.08265306122448982,0.09090909090909091,0.09090909090909091,0.0,0.0,0,0,0,0,0,0,1,0,0.0,0.0,0.0,388200.0
10619594,0,0.0,1.0,0.0,1.0,0.0,0.0,0.0,0.0,0.0,0.0,0.0,0.0,0.0,0.0,0.0,0.0,1.0,0.0,0.12244897959183676,0.09090909090909091,0.09090909090909091,0.0,0.05555555555555555,3,1,1,0,0,0,0,1,0.0,0.3,0.0,399000.0
10619557,0,1.0,0.0,0.0,0.0,1.0,0.0,0.0,0.0,0.0,0.0,0.0,0.0,0.0,0.0,0.0,0.0,1.0,0.0,0.07142857142857142,0.09090909090909091,0.09090909090909091,0.0,0.0,0,0,0,0,0,0,0,0,0.0,0.0,0.0,360000.0
10619605,0,1.0,0.0,0.0,0.0,1.0,0.0,0.0,0.0,0.0,0.0,0.0,0.0,0.0,0.0,0.0,0.0,0.0,1.0,0.28061224489795916,0.2727272727272727,0.18181818181818182,0.0,0.1111111111111111,1,6,1,0,0,0,0,1,0.0,0.1,0.0,1185000.0
10619603,0,0.0,0.0,1.0,0.0,0.0,0.0,0.0,1.0,0.0,0.0,0.0,0.0,0.0,0.0,0.0,0.0,1.0,0.0,0.07040816326530613,0.09090909090909091,0.09090909090909091,0.0,0.05555555555555555,2,2,0,0,0,0,0,0,0.0,0.0,0.0,225000.0
10619619,0,0.0,0.0,1.0,0.0,0.0,0.0,0.0,0.0,0.0,1.0,0.0,0.0,0.0,0.0,1.0,0.0,0.0,0.0,0.015306122448979595,0.0,0.09090909090909091,0.0,0.0,4,3,1,0,0,0,0,0,0.0,0.0,0.0,79000.0
10619628,0,0.0,1.0,0.0,0.0,0.0,0.0,1.0,0.0,0.0,0.0,0.0,0.0,0.0,0.0,0.0,0.0,0.0,1.0,0.08265306122448982,0.09090909090909091,0.09090909090909091,0.07142857142857142,0.05555555555555555,0,0,0,0,0,0,0,1,0.0,0.12,0.0,323000.0
10619623,0,1.0,0.0,0.0,0.0,1.0,0.0,0.0,0.0,0.0,0.0,0.0,0.0,0.0,0.0,0.0,1.0,0.0,0.0,0.14183673469387756,0.09090909090909091,0.09090909090909091,0.07142857142857142,0.1111111111111111,3,6,1,0,0,0,0,1,0.0,0.0,0.0,470000.0
10619634,0,1.0,0.0,0.0,0.0,1.0,0.0,0.0,0.0,0.0,0.0,0.0,0.0,0.0,0.0,0.0,1.0,0.0,0.0,0.031632653061224494,0.0,0.09090909090909091,0.0,0.0,3,0,0,0,0,0,0,1,0.0,0.05,0.0,225000.0
10619638,0,0.0,0.0,1.0,0.0,0.0,0.0,0.0,0.0,0.0,1.0,0.0,0.0,0.0,0.0,0.0,1.0,0.0,0.0,0.05306122448979592,0.09090909090909091,0.09090909090909091,0.0,0.05555555555555555,5,2,1,0,0,0,0,1,0.0,0.07,0.0,145000.0
10619656,0,0.0,1.0,0.0,1.0,0.0,0.0,0.0,0.0,0.0,0.0,0.0,0.0,0.0,0.0,0.0,0.0,0.0,1.0,0.11224489795918369,0.1818181818181818,0.18181818181818182,0.0,0.05555555555555555,3,2,0,0,0,0,0,1,0.0,0.09,0.0,275000.0
10619660,0,0.0,1.0,0.0,0.0,0.0,0.0,1.0,0.0,0.0,0.0,0.0,0.0,0.0,0.0,1.0,0.0,0.0,0.0,0.09489795918367347,0.09090909090909091,0.0,0.0,0.0,0,0,0,0,0,0,0,1,0.0,0.09,0.0,457596.0
10619657,0,0.0,1.0,0.0,1.0,0.0,0.0,0.0,0.0,0.0,0.0,0.0,0.0,0.0,0.0,0.0,0.0,0.0,1.0,0.08673469387755103,0.1818181818181818,0.18181818181818182,0.0,0.05555555555555555,1,2,0,0,0,0,0,1,0.0,0.09,0.0,275000.0
10488756,1,0.0,1.0,0.0,0.0,0.0,1.0,0.0,0.0,0.0,0.0,0.0,0.0,0.0,0.0,0.0,0.0,1.0,0.0,0.2653061224489796,0.4545454545454545,0.18181818181818182,0.0,0.1111111111111111,0,0,0,0,0,0,1,0,0.0,0.0,0.00038881924581904686,335000.0
10488761,1,0.0,1.0,0.0,0.0,0.0,1.0,0.0,0.0,0.0,0.0,0.0,0.0,0.0,0.0,0.0,0.0,1.0,0.0,0.2653061224489796,0.4545454545454545,0.18181818181818182,0.0,0.1111111111111111,0,0,0,0,0,0,1,0,0.0,0.0,0.00038881924581904686,335000.0
10488824,1,0.0,1.0,0.0,0.0,0.0,0.0,1.0,0.0,0.0,0.0,0.0,0.0,0.0,0.0,0.0,1.0,0.0,0.0,0.1785714285714286,0.1818181818181818,0.18181818181818182,0.07142857142857142,0.0,3,2,0,1,0,0,1,0,0.43,0.0,0.0005768096830664634,425000.0
10620175,0,0.0,0.0,1.0,0.0,0.0,0.0,0.0,0.0,0.0,1.0,0.0,0.0,0.0,0.0,0.0,1.0,0.0,0.0,0.039795918367346944,0.0,0.09090909090909091,0.0,0.05555555555555555,5,3,0,0,0,0,0,0,0.0,0.0,0.0,100000.0
10488762,0,0.0,1.0,0.0,0.0,0.0,1.0,0.0,0.0,0.0,0.0,0.0,0.0,0.0,0.0,0.0,0.0,1.0,0.0,0.2653061224489796,0.4545454545454545,0.18181818181818182,0.0,0.1111111111111111,0,0,0,0,0,0,1,0,0.0,0.0,0.0,335000.0
10620173,0,0.0,0.0,1.0,0.0,0.0,0.0,0.0,0.0,0.0,0.0,0.0,1.0,0.0,0.0,0.0,0.0,0.0,1.0,0.07755102040816328,0.09090909090909091,0.0,0.07142857142857142,0.05555555555555555,1,2,1,0,0,0,1,1,0.1,0.15,0.0,228400.0
10620176,0,0.0,0.0,1.0,0.0,0.0,0.0,0.0,0.0,0.0,1.0,0.0,0.0,0.0,0.0,0.0,1.0,0.0,0.0,0.04387755102040817,0.0,0.09090909090909091,0.0,0.05555555555555555,3,3,0,0,0,0,0,0,0.0,0.0,0.0,155000.0
10620181,0,0.0,1.0,0.0,0.0,0.0,1.0,0.0,0.0,0.0,0.0,0.0,0.0,0.0,0.0,0.0,1.0,0.0,0.0,0.12142857142857144,0.09090909090909091,0.09090909090909091,0.07142857142857142,0.1111111111111111,1,1,0,0,0,0,0,0,0.0,0.0,0.0,339000.0
10620177,0,0.0,1.0,0.0,0.0,0.0,0.0,0.0,0.0,0.0,0.0,0.0,0.0,0.0,1.0,1.0,0.0,0.0,0.0,0.16122448979591839,0.1818181818181818,0.2727272727272727,0.0,0.16666666666666666,3,6,0,0,0,0,0,1,0.0,0.12,0.0,850000.0
10620232,0,1.0,0.0,0.0,0.0,1.0,0.0,0.0,0.0,0.0,0.0,0.0,0.0,0.0,0.0,1.0,0.0,0.0,0.0,0.18877551020408165,0.09090909090909091,0.18181818181818182,0.14285714285714285,0.1111111111111111,1,3,1,0,0,0,0,1,0.0,0.4,0.0,745000.0
10620199,0,0.0,0.0,1.0,0.0,0.0,0.0,0.0,1.0,0.0,0.0,0.0,0.0,0.0,0.0,0.0,0.0,1.0,0.0,0.06224489795918368,0.09090909090909091,0.09090909090909091,0.0,0.05555555555555555,0,2,0,0,0,0,0,0,0.0,0.0,0.0,180000.0
10620219,0,1.0,0.0,0.0,0.0,1.0,0.0,0.0,0.0,0.0,0.0,0.0,0.0,0.0,0.0,0.0,1.0,0.0,0.0,0.03877551020408163,0.0,0.09090909090909091,0.0,0.05555555555555555,0,4,1,0,0,0,0,0,0.0,0.0,0.0,147500.0
10620236,0,1.0,0.0,0.0,0.0,1.0,0.0,0.0,0.0,0.0,0.0,0.0,0.0,0.0,0.0,0.0,0.0,0.0,1.0,0.0816326530612245,0.09090909090909091,0.0,0.07142857142857142,0.05555555555555555,3,6,0,0,0,0,0,0,0.0,0.0,0.0,350000.0
10620301,0,1.0,0.0,0.0,0.0,1.0,0.0,0.0,0.0,0.0,0.0,0.0,0.0,0.0,0.0,0.0,0.0,0.0,1.0,0.2459183673469388,0.1818181818181818,0.18181818181818182,0.07142857142857142,0.16666666666666666,3,4,1,1,0,0,0,1,0.0,0.0,0.0,1695000.0
10620304,0,1.0,0.0,0.0,0.0,1.0,0.0,0.0,0.0,0.0,0.0,0.0,0.0,0.0,0.0,0.0,1.0,0.0,0.0,0.11224489795918369,0.09090909090909091,0.09090909090909091,0.0,0.05555555555555555,0,5,0,0,0,0,0,1,0.0,0.1,0.0,269000.0
10620307,0,0.0,1.0,0.0,0.0,0.0,0.0,0.0,0.0,0.0,0.0,0.0,0.0,0.0,1.0,0.0,0.0,0.0,1.0,0.08265306122448982,0.09090909090909091,0.09090909090909091,0.0,0.05555555555555555,1,0,1,0,0,0,1,1,0.15,0.56,0.0,263000.0
10620336,0,0.0,1.0,0.0,0.0,0.0,0.0,0.0,0.0,0.0,0.0,0.0,0.0,0.0,1.0,0.0,0.0,0.0,1.0,0.1,0.09090909090909091,0.18181818181818182,0.0,0.0,4,2,1,0,0,0,0,1,0.0,0.0,0.0,425000.0
10620358,0,0.0,1.0,0.0,0.0,0.0,0.0,0.0,0.0,0.0,0.0,0.0,0.0,0.0,1.0,0.0,0.0,0.0,1.0,0.06428571428571428,0.09090909090909091,0.09090909090909091,0.0,0.0,3,1,1,0,0,0,0,1,0.0,0.0,0.0,283000.0
10620361,0,0.0,0.0,1.0,0.0,0.0,0.0,0.0,1.0,0.0,0.0,0.0,0.0,0.0,0.0,0.0,0.0,1.0,0.0,0.04387755102040817,0.09090909090909091,0.09090909090909091,0.0,0.0,0,6,0,0,0,0,0,0,0.0,0.0,0.0,129000.0
10620366,0,0.0,0.0,1.0,0.0,0.0,0.0,0.0,0.0,0.0,1.0,0.0,0.0,0.0,0.0,0.0,0.0,1.0,0.0,0.07959183673469389,0.0,0.09090909090909091,0.0,0.05555555555555555,3,6,1,0,0,0,0,0,0.0,0.0,0.0,179000.0
10620373,0,1.0,0.0,0.0,0.0,1.0,0.0,0.0,0.0,0.0,0.0,0.0,0.0,0.0,0.0,0.0,0.0,0.0,1.0,0.06122448979591837,0.0,0.0,0.07142857142857142,0.05555555555555555,3,6,1,1,0,0,0,0,0.0,0.0,0.0,230000.0
10620380,0,0.0,1.0,0.0,1.0,0.0,0.0,0.0,0.0,0.0,0.0,0.0,0.0,0.0,0.0,0.0,1.0,0.0,0.0,0.08775510204081632,0.09090909090909091,0.0,0.0,0.05555555555555555,3,4,0,0,0,0,1,0,0.036000000000000004,0.0,0.0,385000.0
10620374,0,1.0,0.0,0.0,0.0,1.0,0.0,0.0,0.0,0.0,0.0,0.0,0.0,0.0,0.0,0.0,0.0,0.0,1.0,0.06122448979591837,0.0,0.0,0.07142857142857142,0.05555555555555555,3,6,1,1,0,0,0,0,0.0,0.0,0.0,230000.0
10620386,0,0.0,0.0,1.0,0.0,0.0,0.0,0.0,0.0,0.0,0.0,0.0,1.0,0.0,0.0,0.0,0.0,0.0,1.0,0.08877551020408164,0.1818181818181818,0.0,0.07142857142857142,0.05555555555555555,1,2,1,0,0,0,1,1,0.0,0.11,0.0,248400.0
10620400,0,0.0,1.0,0.0,0.0,0.0,0.0,0.0,0.0,0.0,0.0,0.0,0.0,0.0,1.0,0.0,0.0,1.0,0.0,0.1163265306122449,0.1818181818181818,0.0,0.0,0.1111111111111111,1,1,1,0,0,0,0,1,0.0,0.13,0.0,419000.0
10620401,0,0.0,1.0,0.0,0.0,0.0,0.0,0.0,0.0,0.0,0.0,0.0,0.0,0.0,1.0,0.0,0.0,1.0,0.0,0.08775510204081632,0.09090909090909091,0.0,0.0,0.05555555555555555,1,1,1,0,0,0,0,1,0.0,0.11,0.0,349000.0
10620396,0,0.0,0.0,1.0,0.0,0.0,0.0,0.0,0.0,0.0,0.0,0.0,0.0,1.0,0.0,0.0,0.0,0.0,1.0,0.04693877551020408,0.0,0.09090909090909091,0.07142857142857142,0.05555555555555555,2,2,0,0,0,1,1,0,0.01,0.0,0.0,285000.0
10489338,1,0.0,1.0,0.0,1.0,0.0,0.0,0.0,0.0,0.0,0.0,0.0,0.0,0.0,0.0,0.0,0.0,0.0,1.0,0.09897959183673471,0.1818181818181818,0.09090909090909091,0.0,0.05555555555555555,2,5,0,1,0,0,1,0,0.2,0.0,0.00032095928310534527,300000.0
10620424,0,1.0,0.0,0.0,0.0,1.0,0.0,0.0,0.0,0.0,0.0,0.0,0.0,0.0,0.0,0.0,1.0,0.0,0.0,0.04897959183673469,0.0,0.09090909090909091,0.0,0.05555555555555555,1,0,1,0,0,0,1,1,0.05,0.2,0.0,375000.0
10620476,0,0.0,0.0,1.0,0.0,0.0,0.0,0.0,0.0,0.0,0.0,0.0,1.0,0.0,0.0,0.0,0.0,1.0,0.0,0.07755102040816328,0.1818181818181818,0.09090909090909091,0.0,0.05555555555555555,3,5,0,0,0,0,0,1,0.0,0.06,0.0,205000.0
10489406,1,0.0,0.0,1.0,0.0,0.0,0.0,0.0,0.0,0.0,0.0,0.0,1.0,0.0,0.0,0.0,0.0,0.0,1.0,0.20816326530612247,0.2727272727272727,0.09090909090909091,0.0,0.1111111111111111,3,6,0,0,0,0,0,1,0.0,0.0,0.0002751079569474388,189000.0
10620497,0,0.0,1.0,0.0,0.0,0.0,1.0,0.0,0.0,0.0,0.0,0.0,0.0,0.0,0.0,0.0,0.0,0.0,1.0,0.08469387755102042,0.09090909090909091,0.09090909090909091,0.0,0.0,0,2,1,0,0,0,0,1,0.0,0.25,0.0,275000.0
10620502,0,1.0,0.0,0.0,0.0,1.0,0.0,0.0,0.0,0.0,0.0,0.0,0.0,0.0,0.0,1.0,0.0,0.0,0.0,0.030612244897959183,0.0,0.09090909090909091,0.0,0.05555555555555555,1,2,1,0,0,0,0,0,0.0,0.0,0.0,290000.0
10620503,0,1.0,0.0,0.0,0.0,1.0,0.0,0.0,0.0,0.0,0.0,0.0,0.0,0.0,0.0,0.0,1.0,0.0,0.0,0.1836734693877551,0.1818181818181818,0.0,0.0,0.0,0,0,0,0,0,0,0,0,0.0,0.0,0.0,229000.0
10620508,0,0.0,1.0,0.0,0.0,0.0,0.0,0.0,0.0,0.0,0.0,0.0,0.0,0.0,1.0,0.0,0.0,0.0,1.0,0.031632653061224494,0.09090909090909091,0.0,0.0,0.05555555555555555,3,4,0,0,0,0,0,0,0.0,0.0,0.0,155000.0
10489447,0,0.0,1.0,0.0,0.0,0.0,1.0,0.0,0.0,0.0,0.0,0.0,0.0,0.0,0.0,0.0,0.0,1.0,0.0,0.10204081632653061,0.1818181818181818,0.18181818181818182,0.07142857142857142,0.05555555555555555,1,2,1,0,0,0,0,1,0.0,0.15,0.0,250000.0
10620519,0,0.0,0.0,1.0,0.0,0.0,0.0,0.0,0.0,0.0,1.0,0.0,0.0,0.0,0.0,0.0,0.0,0.0,1.0,0.0020408163265306124,0.0,0.09090909090909091,0.0,0.0,3,5,0,1,0,0,0,0,0.0,0.0,0.0,75000.0
10620515,0,0.0,0.0,1.0,0.0,0.0,0.0,0.0,0.0,0.0,1.0,0.0,0.0,0.0,0.0,0.0,0.0,0.0,1.0,0.23163265306122452,0.1818181818181818,0.09090909090909091,0.0,0.1111111111111111,1,4,0,1,0,0,0,1,0.0,0.76,0.0,590000.0
10620520,0,0.0,0.0,1.0,0.0,0.0,0.0,0.0,0.0,0.0,1.0,0.0,0.0,0.0,0.0,0.0,0.0,0.0,1.0,0.013265306122448979,0.0,0.09090909090909091,0.0,0.0,3,6,0,1,0,0,0,1,0.0,0.0,0.0,145000.0
10620546,0,1.0,0.0,0.0,0.0,1.0,0.0,0.0,0.0,0.0,0.0,0.0,0.0,0.0,0.0,0.0,1.0,0.0,0.0,0.05306122448979592,0.09090909090909091,0.09090909090909091,0.0,0.05555555555555555,0,3,1,0,0,0,0,1,0.0,0.12,0.0,175000.0
10620575,0,0.0,1.0,0.0,1.0,0.0,0.0,0.0,0.0,0.0,0.0,0.0,0.0,0.0,0.0,1.0,0.0,0.0,0.0,0.07142857142857142,0.09090909090909091,0.0,0.0,0.0,0,0,0,0,0,0,0,1,0.0,0.07,0.0,485000.0
10620548,0,0.0,1.0,0.0,0.0,0.0,0.0,1.0,0.0,0.0,0.0,0.0,0.0,0.0,0.0,0.0,0.0,0.0,1.0,0.15306122448979595,0.1818181818181818,0.09090909090909091,0.0,0.1111111111111111,1,5,0,1,0,0,0,0,0.0,0.0,0.0,395000.0
10620547,1,0.0,0.0,1.0,0.0,0.0,0.0,0.0,0.0,0.0,1.0,0.0,0.0,0.0,0.0,0.0,1.0,0.0,0.0,0.15408163265306124,0.36363636363636365,0.09090909090909091,0.0,0.0,2,5,0,0,0,0,1,1,0.1,0.12,0.00022925663078953234,280000.0
10620589,0,0.0,1.0,0.0,1.0,0.0,0.0,0.0,0.0,0.0,0.0,0.0,0.0,0.0,0.0,0.0,0.0,1.0,0.0,0.06836734693877553,0.09090909090909091,0.09090909090909091,0.0,0.05555555555555555,2,2,0,1,0,0,0,0,0.0,0.0,0.0,205000.0
10620597,0,0.0,1.0,0.0,0.0,0.0,0.0,0.0,0.0,0.0,0.0,0.0,0.0,0.0,1.0,0.0,0.0,0.0,1.0,0.0673469387755102,0.1818181818181818,0.09090909090909091,0.0,0.05555555555555555,3,2,1,0,0,0,0,0,0.0,0.0,0.0,335000.0
10620590,1,0.0,1.0,0.0,0.0,0.0,1.0,0.0,0.0,0.0,0.0,0.0,0.0,0.0,0.0,0.0,1.0,0.0,0.0,0.13877551020408166,0.1818181818181818,0.09090909090909091,0.0,0.05555555555555555,5,4,0,0,0,0,1,1,0.009000000000000001,0.07,8.253238708423164e-05,295000.0
10620593,0,0.0,1.0,0.0,0.0,0.0,0.0,0.0,0.0,0.0,0.0,0.0,0.0,0.0,1.0,0.0,0.0,0.0,1.0,0.04183673469387755,0.09090909090909091,0.09090909090909091,0.0,0.05555555555555555,3,2,0,0,0,0,0,0,0.0,0.0,0.0,295000.0
10620601,0,0.0,1.0,0.0,0.0,0.0,0.0,0.0,0.0,0.0,0.0,0.0,0.0,0.0,1.0,0.0,0.0,0.0,1.0,0.12346938775510205,0.1818181818181818,0.09090909090909091,0.0,0.1111111111111111,0,5,0,0,0,0,0,1,0.0,0.0,0.0,275000.0
10620606,1,0.0,0.0,1.0,0.0,0.0,0.0,0.0,0.0,0.0,0.0,0.0,0.0,1.0,0.0,0.0,0.0,0.0,1.0,0.8836734693877552,0.5454545454545454,0.18181818181818182,0.21428571428571427,0.38888888888888884,1,2,0,1,1,1,1,1,0.5,1.0,0.0012462390449718978,2250000.0
10620627,0,0.0,1.0,0.0,0.0,0.0,1.0,0.0,0.0,0.0,0.0,0.0,0.0,0.0,0.0,0.0,0.0,1.0,0.0,0.12346938775510205,0.1818181818181818,0.09090909090909091,0.0,0.05555555555555555,4,6,1,0,0,0,1,0,0.0,0.0,0.0,189000.0
10620628,0,0.0,1.0,0.0,0.0,0.0,1.0,0.0,0.0,0.0,0.0,0.0,0.0,0.0,0.0,0.0,0.0,1.0,0.0,0.08877551020408164,0.09090909090909091,0.09090909090909091,0.0,0.05555555555555555,3,2,1,0,0,0,1,1,0.0,0.0,0.0,349000.0
10620646,0,0.0,1.0,0.0,0.0,0.0,0.0,0.0,0.0,0.0,0.0,0.0,0.0,0.0,1.0,0.0,0.0,0.0,1.0,0.10510204081632654,0.1818181818181818,0.18181818181818182,0.0,0.1111111111111111,3,2,0,0,0,0,0,1,0.0,0.29,0.0,1020000.0
10620663,0,0.0,0.0,1.0,0.0,0.0,0.0,0.0,0.0,0.0,1.0,0.0,0.0,0.0,0.0,1.0,0.0,0.0,0.0,0.10306122448979593,0.1818181818181818,0.0,0.0,0.1111111111111111,3,0,0,1,0,0,0,1,0.0,0.63,0.0,179000.0
10620664,0,0.0,0.0,1.0,0.0,0.0,0.0,0.0,0.0,0.0,1.0,0.0,0.0,0.0,0.0,1.0,0.0,0.0,0.0,0.09693877551020408,0.09090909090909091,0.0,0.07142857142857142,0.1111111111111111,0,0,1,1,0,0,0,1,0.0,0.22,0.0,279000.0
10620649,0,0.0,1.0,0.0,1.0,0.0,0.0,0.0,0.0,0.0,0.0,0.0,0.0,0.0,0.0,0.0,0.0,0.0,1.0,0.06224489795918368,0.09090909090909091,0.09090909090909091,0.0,0.05555555555555555,3,3,0,1,0,0,0,1,0.0,0.0,0.0,275000.0
10620666,0,0.0,0.0,1.0,0.0,0.0,0.0,0.0,0.0,0.0,1.0,0.0,0.0,0.0,0.0,1.0,0.0,0.0,0.0,0.08877551020408164,0.09090909090909091,0.0,0.07142857142857142,0.1111111111111111,0,0,1,1,0,0,0,1,0.0,0.09,0.0,275000.0
10620691,0,0.0,0.0,1.0,0.0,0.0,0.0,0.0,0.0,0.0,0.0,0.0,1.0,0.0,0.0,0.0,0.0,0.0,1.0,0.5918367346938775,0.1818181818181818,0.09090909090909091,0.0,0.0,0,7,0,0,0,0,0,1,0.0,0.31,0.0,400000.0
10620697,0,1.0,0.0,0.0,0.0,1.0,0.0,0.0,0.0,0.0,0.0,0.0,0.0,0.0,0.0,0.0,1.0,0.0,0.0,0.0816326530612245,0.1818181818181818,0.0,0.0,0.0,0,0,1,0,0,0,0,1,0.0,0.07,0.0,219000.0
10620703,0,1.0,0.0,0.0,0.0,1.0,0.0,0.0,0.0,0.0,0.0,0.0,0.0,0.0,0.0,0.0,1.0,0.0,0.0,0.05000000000000001,0.0,0.09090909090909091,0.07142857142857142,0.05555555555555555,5,6,0,0,0,0,0,1,0.0,0.02,0.0,175000.0
10620740,0,0.0,1.0,0.0,1.0,0.0,0.0,0.0,0.0,0.0,0.0,0.0,0.0,0.0,0.0,0.0,0.0,1.0,0.0,0.10612244897959186,0.09090909090909091,0.18181818181818182,0.0,0.0,4,4,1,1,0,0,0,0,0.0,0.0,0.0,265000.0
10620729,1,0.0,1.0,0.0,0.0,0.0,0.0,1.0,0.0,0.0,0.0,0.0,0.0,0.0,0.0,0.0,0.0,0.0,1.0,0.2448979591836735,0.36363636363636365,0.0,0.0,0.0,0,4,0,1,0,0,0,0,0.0,0.0,0.0006859358393222808,799000.0
10620783,0,0.0,1.0,0.0,0.0,0.0,0.0,0.0,0.0,0.0,0.0,0.0,0.0,0.0,1.0,0.0,0.0,1.0,0.0,0.06836734693877553,0.09090909090909091,0.09090909090909091,0.0,0.05555555555555555,3,2,1,1,0,0,0,1,0.0,0.0,0.0,199900.0
10620793,0,0.0,1.0,0.0,0.0,0.0,0.0,0.0,0.0,0.0,0.0,0.0,0.0,0.0,1.0,0.0,0.0,0.0,1.0,0.030612244897959183,0.0,0.0,0.0,0.0,3,6,0,1,0,0,0,1,0.0,0.0,0.0,159000.0
10489670,0,0.0,1.0,0.0,1.0,0.0,0.0,0.0,0.0,0.0,0.0,0.0,0.0,0.0,0.0,0.0,0.0,0.0,1.0,0.09183673469387757,0.09090909090909091,0.09090909090909091,0.0,0.05555555555555555,3,2,1,0,0,0,0,1,0.0,0.06,0.0,415000.0
10620815,0,0.0,1.0,0.0,1.0,0.0,0.0,0.0,0.0,0.0,0.0,0.0,0.0,0.0,0.0,1.0,0.0,0.0,0.0,0.031632653061224494,0.0,0.09090909090909091,0.0,0.05555555555555555,3,2,0,1,0,0,0,0,0.0,0.0,0.0,179000.0
10620804,0,0.0,1.0,0.0,0.0,0.0,1.0,0.0,0.0,0.0,0.0,0.0,0.0,0.0,0.0,0.0,0.0,0.0,1.0,0.1142857142857143,0.0,0.09090909090909091,0.07142857142857142,0.05555555555555555,1,2,0,0,0,0,1,1,0.0,0.0,0.0,280000.0
10620882,0,0.0,0.0,1.0,0.0,0.0,0.0,0.0,0.0,0.0,0.0,0.0,0.0,1.0,0.0,0.0,0.0,0.0,1.0,0.1295918367346939,0.1818181818181818,0.18181818181818182,0.07142857142857142,0.1111111111111111,2,1,0,0,0,0,0,0,0.0,0.0,0.0,549000.0
10620819,0,1.0,0.0,0.0,0.0,1.0,0.0,0.0,0.0,0.0,0.0,0.0,0.0,0.0,0.0,0.0,0.0,0.0,1.0,0.10918367346938776,0.1818181818181818,0.18181818181818182,0.0,0.1111111111111111,0,4,1,0,0,0,0,1,0.0,0.13,0.0,599000.0
10620842,0,0.0,1.0,0.0,0.0,0.0,1.0,0.0,0.0,0.0,0.0,0.0,0.0,0.0,0.0,1.0,0.0,0.0,0.0,0.1785714285714286,0.1818181818181818,0.18181818181818182,0.0,0.0,6,3,0,0,0,0,1,1,0.039,0.04,0.0,425000.0
10620890,0,0.0,1.0,0.0,0.0,0.0,1.0,0.0,0.0,0.0,0.0,0.0,0.0,0.0,0.0,1.0,0.0,0.0,0.0,0.11530612244897961,0.09090909090909091,0.09090909090909091,0.0,0.1111111111111111,1,1,1,0,0,0,0,1,0.0,0.9500000000000001,0.0,470000.0
10620900,0,0.0,1.0,0.0,0.0,0.0,0.0,0.0,0.0,0.0,0.0,0.0,0.0,0.0,1.0,0.0,0.0,0.0,1.0,0.03571428571428572,0.09090909090909091,0.0,0.0,0.05555555555555555,3,4,1,0,1,0,0,1,0.0,0.0,0.0,169000.0
10620911,0,0.0,1.0,0.0,0.0,0.0,0.0,0.0,0.0,1.0,0.0,0.0,0.0,0.0,0.0,0.0,0.0,0.0,1.0,0.10102040816326532,0.09090909090909091,0.09090909090909091,0.0,0.05555555555555555,0,1,0,1,0,0,0,1,0.0,0.13,0.0,270000.0
10620910,0,0.0,0.0,1.0,0.0,0.0,0.0,0.0,0.0,0.0,0.0,0.0,0.0,1.0,0.0,0.0,0.0,1.0,0.0,0.1979591836734694,0.2727272727272727,0.09090909090909091,0.07142857142857142,0.1111111111111111,0,2,1,1,0,0,0,0,0.0,0.0,0.0,399000.0
10620914,0,0.0,0.0,1.0,0.0,0.0,0.0,0.0,1.0,0.0,0.0,0.0,0.0,0.0,0.0,0.0,1.0,0.0,0.0,0.04897959183673469,0.09090909090909091,0.0,0.07142857142857142,0.05555555555555555,0,0,0,0,0,0,1,1,0.081,0.07,0.0,189500.0
10620964,0,0.0,0.0,1.0,0.0,0.0,0.0,0.0,0.0,0.0,1.0,0.0,0.0,0.0,0.0,0.0,0.0,1.0,0.0,0.11020408163265308,0.1818181818181818,0.09090909090909091,0.07142857142857142,0.05555555555555555,3,4,0,1,0,0,0,1,0.0,0.05,0.0,259000.0
10620913,0,0.0,0.0,1.0,0.0,0.0,0.0,0.0,1.0,0.0,0.0,0.0,0.0,0.0,0.0,0.0,1.0,0.0,0.0,0.034693877551020415,0.0,0.0,0.07142857142857142,0.05555555555555555,0,0,0,0,0,0,0,1,0.0,0.06,0.0,154000.0
10620922,0,1.0,0.0,0.0,0.0,1.0,0.0,0.0,0.0,0.0,0.0,0.0,0.0,0.0,0.0,0.0,1.0,0.0,0.0,0.07142857142857142,0.09090909090909091,0.18181818181818182,0.14285714285714285,0.05555555555555555,3,7,1,0,0,0,0,1,0.0,0.15,0.0,235000.0
10620968,0,1.0,0.0,0.0,0.0,1.0,0.0,0.0,0.0,0.0,0.0,0.0,0.0,0.0,0.0,0.0,1.0,0.0,0.0,0.15714285714285717,0.09090909090909091,0.09090909090909091,0.07142857142857142,0.05555555555555555,3,3,1,0,0,0,0,1,0.0,0.0,0.0,529500.0
10620947,0,0.0,1.0,0.0,0.0,0.0,0.0,0.0,0.0,0.0,0.0,0.0,0.0,0.0,1.0,0.0,0.0,0.0,1.0,0.113265306122449,0.1818181818181818,0.09090909090909091,0.0,0.0,3,4,1,0,0,0,0,1,0.0,0.0,0.0,990000.0
10620972,0,1.0,0.0,0.0,0.0,1.0,0.0,0.0,0.0,0.0,0.0,0.0,0.0,0.0,0.0,1.0,0.0,0.0,0.0,0.1438775510204082,0.2727272727272727,0.09090909090909091,0.07142857142857142,0.1111111111111111,0,0,0,0,0,0,0,0,0.0,0.0,0.0,510000.0
10621003,0,1.0,0.0,0.0,0.0,1.0,0.0,0.0,0.0,0.0,0.0,0.0,0.0,0.0,0.0,1.0,0.0,0.0,0.0,0.012244897959183675,0.0,0.0,0.07142857142857142,0.05555555555555555,3,4,1,0,0,0,0,0,0.0,0.0,0.0,159000.0
10620971,0,1.0,0.0,0.0,0.0,1.0,0.0,0.0,0.0,0.0,0.0,0.0,0.0,0.0,0.0,1.0,0.0,0.0,0.0,0.11020408163265308,0.1818181818181818,0.09090909090909091,0.07142857142857142,0.1111111111111111,0,0,0,0,0,0,0,0,0.0,0.0,0.0,410000.0
10621023,0,0.0,1.0,0.0,0.0,0.0,0.0,1.0,0.0,0.0,0.0,0.0,0.0,0.0,0.0,1.0,0.0,0.0,0.0,0.0836734693877551,0.09090909090909091,0.09090909090909091,0.0,0.05555555555555555,0,2,1,0,0,1,0,1,0.0,0.08,0.0,395000.0
10621021,0,0.0,1.0,0.0,0.0,0.0,0.0,0.0,0.0,0.0,0.0,0.0,0.0,0.0,1.0,0.0,0.0,0.0,1.0,0.09081632653061225,0.1818181818181818,0.0,0.07142857142857142,0.05555555555555555,3,3,1,0,0,0,0,1,0.0,0.0,0.0,415000.0
10621005,0,0.0,1.0,0.0,1.0,0.0,0.0,0.0,0.0,0.0,0.0,0.0,0.0,0.0,0.0,0.0,0.0,0.0,1.0,0.06836734693877553,0.09090909090909091,0.09090909090909091,0.0,0.05555555555555555,3,3,0,1,0,0,0,0,0.0,0.0,0.0,279000.0
10489947,0,1.0,0.0,0.0,0.0,1.0,0.0,0.0,0.0,0.0,0.0,0.0,0.0,0.0,0.0,0.0,1.0,0.0,0.0,0.07653061224489796,0.09090909090909091,0.09090909090909091,0.0,0.05555555555555555,3,6,1,1,0,0,0,1,0.0,0.09,0.0,225000.0
10621039,0,0.0,1.0,0.0,0.0,0.0,0.0,0.0,0.0,0.0,0.0,0.0,0.0,0.0,1.0,0.0,0.0,0.0,1.0,0.06122448979591837,0.09090909090909091,0.09090909090909091,0.0,0.05555555555555555,3,3,0,0,0,0,0,0,0.0,0.0,0.0,215000.0
10621034,0,0.0,1.0,0.0,0.0,0.0,0.0,0.0,0.0,0.0,0.0,0.0,0.0,0.0,1.0,0.0,0.0,1.0,0.0,0.06428571428571428,0.09090909090909091,0.09090909090909091,0.0,0.05555555555555555,3,4,0,0,0,0,0,0,0.0,0.0,0.0,259000.0
10621032,0,0.0,1.0,0.0,0.0,0.0,1.0,0.0,0.0,0.0,0.0,0.0,0.0,0.0,0.0,1.0,0.0,0.0,0.0,0.1316326530612245,0.1818181818181818,0.09090909090909091,0.0,0.05555555555555555,3,2,1,0,0,0,0,1,0.0,0.0,0.0,395000.0
10621066,0,0.0,1.0,0.0,0.0,0.0,0.0,0.0,0.0,0.0,0.0,0.0,0.0,0.0,1.0,0.0,0.0,1.0,0.0,0.08469387755102042,0.09090909090909091,0.18181818181818182,0.0,0.1111111111111111,3,2,1,1,0,1,0,0,0.0,0.0,0.0,1095000.0
10621052,0,0.0,1.0,0.0,1.0,0.0,0.0,0.0,0.0,0.0,0.0,0.0,0.0,0.0,0.0,1.0,0.0,0.0,0.0,0.08571428571428572,0.09090909090909091,0.09090909090909091,0.0,0.05555555555555555,1,2,1,0,0,0,0,1,0.0,0.06,0.0,449000.0
10621085,0,0.0,1.0,0.0,1.0,0.0,0.0,0.0,0.0,0.0,0.0,0.0,0.0,0.0,0.0,0.0,1.0,0.0,0.0,0.08673469387755103,0.09090909090909091,0.09090909090909091,0.0,0.05555555555555555,3,3,1,0,0,0,1,0,0.15,0.0,0.0,375000.0
10621146,1,1.0,0.0,0.0,0.0,1.0,0.0,0.0,0.0,0.0,0.0,0.0,0.0,0.0,0.0,0.0,1.0,0.0,0.0,0.163265306122449,0.1818181818181818,0.0,0.07142857142857142,0.1111111111111111,2,7,0,1,0,0,0,1,0.0,0.3,8.43664401305479e-05,395000.0
10621123,0,0.0,1.0,0.0,0.0,0.0,0.0,1.0,0.0,0.0,0.0,0.0,0.0,0.0,0.0,0.0,1.0,0.0,0.0,0.014285714285714284,0.0,0.09090909090909091,0.07142857142857142,0.05555555555555555,3,3,1,0,0,0,0,1,0.0,0.06,0.0,145000.0
10621147,1,1.0,0.0,0.0,0.0,1.0,0.0,0.0,0.0,0.0,0.0,0.0,0.0,0.0,0.0,0.0,0.0,0.0,1.0,0.163265306122449,0.1818181818181818,0.0,0.07142857142857142,0.1111111111111111,2,7,0,1,0,0,0,1,0.0,0.3,8.43664401305479e-05,395000.0
10621148,1,1.0,0.0,0.0,0.0,1.0,0.0,0.0,0.0,0.0,0.0,0.0,0.0,0.0,0.0,0.0,1.0,0.0,0.0,0.163265306122449,0.1818181818181818,0.0,0.07142857142857142,0.1111111111111111,2,7,0,1,0,0,0,1,0.0,0.3,8.43664401305479e-05,395000.0
10621149,1,1.0,0.0,0.0,0.0,1.0,0.0,0.0,0.0,0.0,0.0,0.0,0.0,0.0,0.0,0.0,0.0,0.0,1.0,0.163265306122449,0.1818181818181818,0.0,0.07142857142857142,0.1111111111111111,2,7,0,1,0,0,0,1,0.0,0.3,8.43664401305479e-05,395000.0
10621170,0,0.0,1.0,0.0,1.0,0.0,0.0,0.0,0.0,0.0,0.0,0.0,0.0,0.0,0.0,0.0,0.0,1.0,0.0,0.07551020408163267,0.0,0.09090909090909091,0.0,0.05555555555555555,1,0,1,0,0,0,0,1,0.0,0.07,0.0,349000.0
10621174,0,0.0,0.0,1.0,0.0,0.0,0.0,0.0,0.0,0.0,1.0,0.0,0.0,0.0,0.0,0.0,0.0,0.0,1.0,0.034693877551020415,0.0,0.0,0.07142857142857142,0.05555555555555555,3,2,1,1,0,0,0,0,0.0,0.0,0.0,175000.0
10621189,0,0.0,1.0,0.0,1.0,0.0,0.0,0.0,0.0,0.0,0.0,0.0,0.0,0.0,0.0,0.0,0.0,0.0,1.0,0.05204081632653062,0.09090909090909091,0.09090909090909091,0.0,0.05555555555555555,1,1,0,1,0,0,1,1,0.0,0.2,0.0,249000.0
10621171,0,0.0,0.0,1.0,0.0,0.0,0.0,0.0,1.0,0.0,0.0,0.0,0.0,0.0,0.0,1.0,0.0,0.0,0.0,0.06122448979591837,0.09090909090909091,0.09090909090909091,0.0,0.05555555555555555,0,3,1,0,0,0,1,0,1.0,0.0,0.0,100000.0
10621188,0,0.0,1.0,0.0,1.0,0.0,0.0,0.0,0.0,0.0,0.0,0.0,0.0,0.0,0.0,0.0,0.0,1.0,0.0,0.06122448979591837,0.09090909090909091,0.09090909090909091,0.0,0.0,4,5,0,1,0,0,0,1,0.0,0.05,0.0,165000.0
10621205,0,0.0,1.0,0.0,1.0,0.0,0.0,0.0,0.0,0.0,0.0,0.0,0.0,0.0,0.0,0.0,0.0,1.0,0.0,0.28775510204081634,0.1818181818181818,0.18181818181818182,0.0,0.1111111111111111,3,2,0,1,0,0,0,0,0.0,0.0,0.0,339000.0
10621220,0,0.0,1.0,0.0,1.0,0.0,0.0,0.0,0.0,0.0,0.0,0.0,0.0,0.0,0.0,0.0,0.0,1.0,0.0,0.09693877551020408,0.09090909090909091,0.09090909090909091,0.0,0.05555555555555555,3,4,1,1,0,0,0,1,0.0,0.0,0.0,259000.0
10621212,0,0.0,1.0,0.0,1.0,0.0,0.0,0.0,0.0,0.0,0.0,0.0,0.0,0.0,0.0,0.0,0.0,1.0,0.0,0.05408163265306123,0.09090909090909091,0.09090909090909091,0.0,0.05555555555555555,3,3,0,1,0,0,0,0,0.0,0.0,0.0,159000.0
10621242,0,0.0,0.0,1.0,0.0,0.0,0.0,0.0,0.0,0.0,0.0,1.0,0.0,0.0,0.0,0.0,0.0,1.0,0.0,0.07653061224489796,0.09090909090909091,0.18181818181818182,0.07142857142857142,0.05555555555555555,3,2,1,0,0,0,0,1,0.0,0.06,0.0,319000.0
10621230,0,0.0,1.0,0.0,1.0,0.0,0.0,0.0,0.0,0.0,0.0,0.0,0.0,0.0,0.0,0.0,0.0,1.0,0.0,0.06836734693877553,0.09090909090909091,0.09090909090909091,0.0,0.05555555555555555,3,2,0,1,0,0,1,1,0.0,0.0,0.0,178000.0
10621252,0,0.0,1.0,0.0,1.0,0.0,0.0,0.0,0.0,0.0,0.0,0.0,0.0,0.0,0.0,0.0,0.0,0.0,1.0,0.06938775510204082,0.09090909090909091,0.09090909090909091,0.0,0.1111111111111111,2,2,1,1,0,0,0,1,0.0,0.05,0.0,239000.0
10621264,0,0.0,1.0,0.0,1.0,0.0,0.0,0.0,0.0,0.0,0.0,0.0,0.0,0.0,0.0,0.0,0.0,0.0,1.0,0.08877551020408164,0.09090909090909091,0.09090909090909091,0.0,0.05555555555555555,3,3,1,1,0,0,0,0,0.0,0.0,0.0,267000.0
10621276,0,0.0,1.0,0.0,0.0,0.0,0.0,0.0,0.0,1.0,0.0,0.0,0.0,0.0,0.0,0.0,0.0,0.0,1.0,0.13673469387755105,0.09090909090909091,0.09090909090909091,0.0,0.05555555555555555,3,2,0,1,0,0,0,0,0.0,0.0,0.0,299000.0
10621289,0,1.0,0.0,0.0,0.0,1.0,0.0,0.0,0.0,0.0,0.0,0.0,0.0,0.0,0.0,0.0,1.0,0.0,0.0,0.04081632653061225,0.09090909090909091,0.0,0.07142857142857142,0.05555555555555555,3,7,0,1,0,0,0,0,0.0,0.0,0.0,199500.0
10621303,0,0.0,1.0,0.0,0.0,0.0,0.0,0.0,0.0,1.0,0.0,0.0,0.0,0.0,0.0,0.0,0.0,0.0,1.0,0.06122448979591837,0.09090909090909091,0.09090909090909091,0.0,0.05555555555555555,6,0,0,0,0,0,0,0,0.0,0.0,0.0,169000.0
10621350,0,0.0,1.0,0.0,1.0,0.0,0.0,0.0,0.0,0.0,0.0,0.0,0.0,0.0,0.0,0.0,0.0,1.0,0.0,0.07142857142857142,0.09090909090909091,0.0,0.0,0.0,0,2,1,0,0,0,0,1,0.0,0.0,0.0,249000.0
10490279,1,0.0,1.0,0.0,0.0,0.0,0.0,1.0,0.0,0.0,0.0,0.0,0.0,0.0,0.0,0.0,0.0,0.0,1.0,0.07448979591836735,0.09090909090909091,0.09090909090909091,0.0,0.05555555555555555,1,4,0,0,0,0,1,1,0.06,0.6,0.0001375539784737194,329000.0
10621319,0,0.0,0.0,1.0,0.0,0.0,0.0,0.0,1.0,0.0,0.0,0.0,0.0,0.0,0.0,0.0,0.0,0.0,1.0,0.16938775510204085,0.09090909090909091,0.09090909090909091,0.0,0.1111111111111111,0,3,0,0,0,0,0,0,0.0,0.0,0.0,340000.0
10621356,0,1.0,0.0,0.0,0.0,1.0,0.0,0.0,0.0,0.0,0.0,0.0,0.0,0.0,0.0,0.0,1.0,0.0,0.0,0.09183673469387757,0.09090909090909091,0.09090909090909091,0.0,0.05555555555555555,3,4,1,0,0,0,0,1,0.0,0.01,0.0,255000.0
10359228,0,0.0,1.0,0.0,0.0,0.0,0.0,0.0,0.0,0.0,0.0,0.0,0.0,0.0,1.0,0.0,0.0,1.0,0.0,0.07040816326530613,0.09090909090909091,0.0,0.0,0.0,1,3,1,0,0,0,0,1,0.0,0.0,0.0,195000.0
10621358,0,0.0,0.0,1.0,0.0,0.0,0.0,0.0,0.0,0.0,1.0,0.0,0.0,0.0,0.0,0.0,0.0,1.0,0.0,0.07448979591836735,0.09090909090909091,0.09090909090909091,0.0,0.05555555555555555,3,5,1,0,0,0,0,1,0.0,0.07,0.0,179000.0
10621411,0,1.0,0.0,0.0,0.0,1.0,0.0,0.0,0.0,0.0,0.0,0.0,0.0,0.0,0.0,0.0,1.0,0.0,0.0,0.10204081632653061,0.09090909090909091,0.09090909090909091,0.0,0.05555555555555555,4,5,0,1,0,0,0,1,0.0,0.06,0.0,330000.0
10621412,0,1.0,0.0,0.0,0.0,1.0,0.0,0.0,0.0,0.0,0.0,0.0,0.0,0.0,0.0,0.0,1.0,0.0,0.0,0.04591836734693878,0.0,0.09090909090909091,0.0,0.0,0,7,0,0,0,0,0,0,0.0,0.0,0.0,229000.0
10621420,0,1.0,0.0,0.0,0.0,1.0,0.0,0.0,0.0,0.0,0.0,0.0,0.0,0.0,0.0,0.0,1.0,0.0,0.0,0.07755102040816328,0.09090909090909091,0.09090909090909091,0.0,0.05555555555555555,3,0,1,1,0,0,0,1,0.0,0.06,0.0,249000.0
10621421,0,0.0,0.0,1.0,0.0,0.0,0.0,0.0,0.0,0.0,0.0,1.0,0.0,0.0,0.0,0.0,0.0,1.0,0.0,0.1275510204081633,0.1818181818181818,0.18181818181818182,0.0,0.05555555555555555,1,2,0,0,0,0,0,1,0.0,0.2,0.0,315000.0
10621423,0,1.0,0.0,0.0,0.0,1.0,0.0,0.0,0.0,0.0,0.0,0.0,0.0,0.0,0.0,0.0,1.0,0.0,0.0,0.11224489795918369,0.1818181818181818,0.0,0.0,0.0,0,7,0,0,0,0,0,0,0.0,0.0,0.0,335000.0
10621431,0,1.0,0.0,0.0,0.0,1.0,0.0,0.0,0.0,0.0,0.0,0.0,0.0,0.0,0.0,0.0,1.0,0.0,0.0,0.030612244897959183,0.09090909090909091,0.0,0.07142857142857142,0.0,2,0,1,0,0,0,0,0,0.0,0.0,0.0,275000.0
10621425,0,1.0,0.0,0.0,0.0,1.0,0.0,0.0,0.0,0.0,0.0,0.0,0.0,0.0,0.0,0.0,1.0,0.0,0.0,0.030612244897959183,0.09090909090909091,0.0,0.07142857142857142,0.0,2,0,1,0,0,0,0,0,0.0,0.0,0.0,275000.0
10621429,0,0.0,0.0,1.0,0.0,0.0,0.0,0.0,0.0,0.0,1.0,0.0,0.0,0.0,0.0,0.0,0.0,1.0,0.0,0.12244897959183676,0.09090909090909091,0.09090909090909091,0.0,0.0,3,2,1,0,0,0,0,0,0.0,0.0,0.0,349000.0
10621459,0,1.0,0.0,0.0,0.0,1.0,0.0,0.0,0.0,0.0,0.0,0.0,0.0,0.0,0.0,0.0,1.0,0.0,0.0,0.0816326530612245,0.1818181818181818,0.09090909090909091,0.07142857142857142,0.05555555555555555,3,4,0,0,0,0,0,1,0.0,0.0,0.0,219000.0
10621456,1,0.0,0.0,1.0,0.0,0.0,0.0,0.0,1.0,0.0,0.0,0.0,0.0,0.0,0.0,0.0,0.0,1.0,0.0,0.2142857142857143,0.2727272727272727,0.09090909090909091,0.0,0.0,0,7,0,0,0,0,0,0,0.0,0.0,0.00032095928310534527,115000.0
10621458,0,1.0,0.0,0.0,0.0,1.0,0.0,0.0,0.0,0.0,0.0,0.0,0.0,0.0,0.0,0.0,1.0,0.0,0.0,0.06938775510204082,0.09090909090909091,0.09090909090909091,0.0,0.0,1,4,0,0,0,0,0,0,0.0,0.0,0.0,209000.0
10621487,1,0.0,1.0,0.0,1.0,0.0,0.0,0.0,0.0,0.0,0.0,0.0,0.0,0.0,0.0,0.0,0.0,0.0,1.0,0.09183673469387757,0.1818181818181818,0.09090909090909091,0.0,0.1111111111111111,3,4,0,1,0,0,1,1,0.033,0.3,0.00010545805016318488,399000.0
10621482,0,0.0,0.0,1.0,0.0,0.0,0.0,0.0,0.0,0.0,0.0,1.0,0.0,0.0,0.0,0.0,0.0,1.0,0.0,0.12551020408163266,0.1818181818181818,0.18181818181818182,0.0,0.05555555555555555,1,2,0,0,0,0,0,1,0.0,0.4,0.0,315000.0
10621508,0,1.0,0.0,0.0,0.0,1.0,0.0,0.0,0.0,0.0,0.0,0.0,0.0,0.0,0.0,0.0,0.0,0.0,1.0,0.1836734693877551,0.2727272727272727,0.2727272727272727,0.0,0.0,4,5,1,1,0,0,0,1,0.0,0.22,0.0,450000.0
10621497,0,0.0,1.0,0.0,0.0,0.0,0.0,1.0,0.0,0.0,0.0,0.0,0.0,0.0,0.0,0.0,0.0,1.0,0.0,0.07346938775510206,0.09090909090909091,0.09090909090909091,0.0,0.05555555555555555,3,0,1,0,0,0,0,1,0.0,0.34,0.0,267000.0
10621539,0,0.0,1.0,0.0,1.0,0.0,0.0,0.0,0.0,0.0,0.0,0.0,0.0,0.0,0.0,0.0,0.0,0.0,1.0,0.1602040816326531,0.09090909090909091,0.09090909090909091,0.0,0.0,3,2,1,1,0,0,0,1,0.0,0.47000000000000003,0.0,445000.0
10621526,0,0.0,0.0,1.0,0.0,0.0,0.0,0.0,0.0,0.0,0.0,0.0,1.0,0.0,0.0,0.0,1.0,0.0,0.0,0.19897959183673472,0.1818181818181818,0.09090909090909091,0.0,0.0,0,4,0,1,0,0,0,0,0.0,0.0,0.0,199000.0
10621561,1,0.0,1.0,0.0,0.0,0.0,1.0,0.0,0.0,0.0,0.0,0.0,0.0,0.0,0.0,0.0,0.0,0.0,1.0,0.11836734693877551,0.1818181818181818,0.09090909090909091,0.0,0.1111111111111111,1,2,0,1,0,0,1,0,0.03,0.0,9.170265231581294e-05,439000.0
10621569,0,1.0,0.0,0.0,0.0,1.0,0.0,0.0,0.0,0.0,0.0,0.0,0.0,0.0,0.0,1.0,0.0,0.0,0.0,0.10204081632653061,0.1818181818181818,0.18181818181818182,0.0,0.1111111111111111,5,4,1,1,0,0,0,1,0.0,0.1,0.0,434000.0
10621570,0,1.0,0.0,0.0,0.0,1.0,0.0,0.0,0.0,0.0,0.0,0.0,0.0,0.0,0.0,0.0,1.0,0.0,0.0,0.09693877551020408,0.09090909090909091,0.09090909090909091,0.0,0.05555555555555555,3,7,0,1,0,0,1,0,0.075,0.0,0.0,474000.0
10621579,0,0.0,1.0,0.0,1.0,0.0,0.0,0.0,0.0,0.0,0.0,0.0,0.0,0.0,0.0,0.0,0.0,1.0,0.0,0.09183673469387757,0.09090909090909091,0.09090909090909091,0.0,0.05555555555555555,4,4,1,1,0,0,0,1,0.0,0.51,0.0,230000.0
10621618,0,0.0,0.0,1.0,0.0,0.0,0.0,0.0,1.0,0.0,0.0,0.0,0.0,0.0,0.0,1.0,0.0,0.0,0.0,0.06632653061224492,0.09090909090909091,0.09090909090909091,0.0,0.05555555555555555,3,2,1,0,0,0,0,0,0.0,0.0,0.0,85000.0
10621567,0,0.0,1.0,0.0,0.0,0.0,0.0,1.0,0.0,0.0,0.0,0.0,0.0,0.0,0.0,0.0,0.0,0.0,1.0,0.11938775510204083,0.09090909090909091,0.09090909090909091,0.0,0.05555555555555555,4,2,0,1,0,0,1,0,0.05,0.0,0.0,397000.0
10621601,0,1.0,0.0,0.0,0.0,1.0,0.0,0.0,0.0,0.0,0.0,0.0,0.0,0.0,0.0,0.0,1.0,0.0,0.0,0.09183673469387757,0.09090909090909091,0.09090909090909091,0.0,0.05555555555555555,3,3,1,1,0,0,0,1,0.0,0.05,0.0,375000.0
10621628,1,0.0,0.0,1.0,0.0,0.0,0.0,0.0,1.0,0.0,0.0,0.0,0.0,0.0,0.0,0.0,0.0,0.0,1.0,0.10204081632653061,0.1818181818181818,0.09090909090909091,0.0,0.0,0,4,0,0,0,0,0,0,0.0,0.0,0.0,94500.0
10490581,1,0.0,1.0,0.0,0.0,0.0,0.0,0.0,0.0,1.0,0.0,0.0,0.0,0.0,0.0,0.0,0.0,0.0,1.0,0.14489795918367349,0.2727272727272727,0.09090909090909091,0.0,0.1111111111111111,3,4,0,1,0,0,1,0,0.335,0.0,0.0,306000.0
10621663,0,0.0,1.0,0.0,1.0,0.0,0.0,0.0,0.0,0.0,0.0,0.0,0.0,0.0,0.0,0.0,0.0,0.0,1.0,0.0673469387755102,0.09090909090909091,0.09090909090909091,0.0,0.05555555555555555,1,2,0,1,0,0,1,0,0.055,0.0,0.0,217500.0
10621665,0,0.0,1.0,0.0,1.0,0.0,0.0,0.0,0.0,0.0,0.0,0.0,0.0,0.0,0.0,0.0,0.0,1.0,0.0,0.07448979591836735,0.09090909090909091,0.09090909090909091,0.0,0.05555555555555555,5,2,1,1,0,0,0,0,0.0,0.0,0.0,169000.0
10621692,0,0.0,0.0,1.0,0.0,0.0,0.0,0.0,1.0,0.0,0.0,0.0,0.0,0.0,0.0,0.0,0.0,0.0,1.0,0.0326530612244898,0.0,0.09090909090909091,0.0,0.0,3,5,0,1,0,0,0,0,0.0,0.0,0.0,99000.0
10621693,0,0.0,0.0,1.0,0.0,0.0,0.0,0.0,1.0,0.0,0.0,0.0,0.0,0.0,0.0,0.0,0.0,0.0,1.0,0.08061224489795918,0.09090909090909091,0.09090909090909091,0.0,0.0,3,4,0,1,0,0,0,0,0.0,0.0,0.0,149000.0
10621710,0,0.0,1.0,0.0,0.0,0.0,1.0,0.0,0.0,0.0,0.0,0.0,0.0,0.0,0.0,0.0,0.0,0.0,1.0,0.2285714285714286,0.1818181818181818,0.18181818181818182,0.0,0.0,3,2,0,0,0,0,1,0,0.0,0.0,0.0,539000.0
10621701,0,0.0,0.0,1.0,0.0,0.0,0.0,0.0,1.0,0.0,0.0,0.0,0.0,0.0,0.0,0.0,0.0,0.0,1.0,0.07448979591836735,0.09090909090909091,0.09090909090909091,0.0,0.05555555555555555,0,2,0,1,0,0,1,1,0.126,0.33,0.0,279000.0
10621718,0,1.0,0.0,0.0,0.0,1.0,0.0,0.0,0.0,0.0,0.0,0.0,0.0,0.0,0.0,0.0,0.0,0.0,1.0,0.0816326530612245,0.09090909090909091,0.09090909090909091,0.0,0.05555555555555555,3,4,1,1,0,0,0,1,0.0,0.15,0.0,275000.0
10621719,0,0.0,1.0,0.0,0.0,0.0,0.0,0.0,0.0,0.0,0.0,0.0,0.0,0.0,1.0,0.0,0.0,1.0,0.0,0.05612244897959184,0.1818181818181818,0.18181818181818182,0.0,0.05555555555555555,3,2,1,0,0,0,0,0,0.0,0.0,0.0,885000.0
10621721,0,0.0,1.0,0.0,1.0,0.0,0.0,0.0,0.0,0.0,0.0,0.0,0.0,0.0,0.0,0.0,0.0,0.0,1.0,0.06632653061224492,0.1818181818181818,0.09090909090909091,0.0,0.05555555555555555,3,3,0,0,0,0,0,1,0.0,0.04,0.0,240000.0
10621753,0,0.0,1.0,0.0,0.0,0.0,0.0,0.0,0.0,0.0,0.0,0.0,0.0,0.0,1.0,0.0,0.0,0.0,1.0,0.11836734693877551,0.09090909090909091,0.0,0.0,0.0,3,3,0,0,0,0,0,0,0.0,0.0,0.0,349000.0
10621731,0,0.0,1.0,0.0,0.0,0.0,0.0,0.0,0.0,0.0,0.0,0.0,0.0,0.0,1.0,0.0,0.0,0.0,1.0,0.09081632653061225,0.09090909090909091,0.09090909090909091,0.0,0.05555555555555555,3,3,0,0,0,0,0,1,0.0,0.04,0.0,279000.0
10621732,0,0.0,1.0,0.0,0.0,0.0,0.0,0.0,0.0,0.0,0.0,0.0,0.0,0.0,1.0,0.0,0.0,1.0,0.0,0.04795918367346939,0.0,0.09090909090909091,0.0,0.05555555555555555,3,2,1,0,0,0,1,1,0.004,0.04,0.0,165000.0
10621757,0,0.0,1.0,0.0,0.0,0.0,0.0,0.0,0.0,0.0,0.0,0.0,0.0,0.0,1.0,0.0,0.0,1.0,0.0,0.12142857142857144,0.1818181818181818,0.0,0.0,0.0,3,0,1,0,0,0,1,1,0.052000000000000005,0.52,0.0,425000.0
10621751,0,0.0,1.0,0.0,0.0,0.0,0.0,0.0,0.0,0.0,0.0,0.0,0.0,0.0,1.0,0.0,0.0,1.0,0.0,0.04693877551020408,0.09090909090909091,0.09090909090909091,0.0,0.05555555555555555,3,2,1,0,0,0,0,1,0.0,0.0,0.0,165000.0
10621783,0,0.0,0.0,1.0,0.0,0.0,0.0,0.0,0.0,0.0,1.0,0.0,0.0,0.0,0.0,1.0,0.0,0.0,0.0,0.07551020408163267,0.0,0.09090909090909091,0.0,0.05555555555555555,5,6,0,1,0,0,0,0,0.0,0.0,0.0,149500.0
10621802,0,1.0,0.0,0.0,0.0,1.0,0.0,0.0,0.0,0.0,0.0,0.0,0.0,0.0,0.0,1.0,0.0,0.0,0.0,0.16734693877551024,0.36363636363636365,0.2727272727272727,0.0,0.16666666666666666,0,5,0,1,0,0,0,1,0.0,0.16,0.0,625000.0
10621771,1,0.0,0.0,1.0,0.0,0.0,0.0,0.0,0.0,0.0,1.0,0.0,0.0,0.0,0.0,0.0,1.0,0.0,0.0,0.1459183673469388,0.2727272727272727,0.0,0.5,0.38888888888888884,5,7,0,1,0,0,1,0,0.061,0.0,0.00012013047453371494,199000.0
10621792,1,0.0,1.0,0.0,0.0,0.0,0.0,0.0,0.0,0.0,0.0,0.0,0.0,0.0,1.0,0.0,1.0,0.0,0.0,0.13775510204081634,0.2727272727272727,0.09090909090909091,0.07142857142857142,0.1111111111111111,1,1,0,0,0,0,1,1,0.0,0.01,0.00017423503940004458,415000.0
10621806,0,1.0,0.0,0.0,0.0,1.0,0.0,0.0,0.0,0.0,0.0,0.0,0.0,0.0,0.0,0.0,1.0,0.0,0.0,0.10204081632653061,0.1818181818181818,0.18181818181818182,0.0,0.0,3,0,0,0,0,0,0,0,0.0,0.0,0.0,305000.0
10621812,0,1.0,0.0,0.0,0.0,1.0,0.0,0.0,0.0,0.0,0.0,0.0,0.0,0.0,0.0,0.0,0.0,0.0,1.0,0.11836734693877551,0.09090909090909091,0.0,0.0,0.0,0,0,1,0,0,0,0,0,0.0,0.0,0.0,399000.0
10621811,0,0.0,1.0,0.0,1.0,0.0,0.0,0.0,0.0,0.0,0.0,0.0,0.0,0.0,0.0,0.0,0.0,0.0,1.0,0.08673469387755103,0.2727272727272727,0.09090909090909091,0.0,0.05555555555555555,1,4,0,1,0,0,0,1,0.0,0.05,0.0,229000.0
10621815,0,0.0,1.0,0.0,0.0,0.0,0.0,1.0,0.0,0.0,0.0,0.0,0.0,0.0,0.0,0.0,1.0,0.0,0.0,0.04591836734693878,0.09090909090909091,0.09090909090909091,0.0,0.0,3,2,1,0,0,0,0,1,0.0,0.01,0.0,269000.0
10621820,0,1.0,0.0,0.0,0.0,1.0,0.0,0.0,0.0,0.0,0.0,0.0,0.0,0.0,0.0,0.0,1.0,0.0,0.0,0.030612244897959183,0.0,0.09090909090909091,0.0,0.05555555555555555,3,3,1,1,0,0,0,0,0.0,0.0,0.0,215000.0
10621819,0,0.0,1.0,0.0,0.0,0.0,0.0,0.0,0.0,1.0,0.0,0.0,0.0,0.0,0.0,0.0,0.0,1.0,0.0,0.10816326530612247,0.1818181818181818,0.09090909090909091,0.0,0.1111111111111111,3,0,0,0,0,0,0,0,0.0,0.0,0.0,279000.0
10621838,0,1.0,0.0,0.0,0.0,1.0,0.0,0.0,0.0,0.0,0.0,0.0,0.0,0.0,0.0,0.0,0.0,0.0,1.0,0.06632653061224492,0.09090909090909091,0.0,0.07142857142857142,0.05555555555555555,0,0,1,1,0,0,0,1,0.0,0.08,0.0,330000.0
10621837,0,1.0,0.0,0.0,0.0,1.0,0.0,0.0,0.0,0.0,0.0,0.0,0.0,0.0,0.0,0.0,1.0,0.0,0.0,0.03571428571428572,0.0,0.09090909090909091,0.0,0.0,3,0,0,0,0,0,0,0,0.0,0.0,0.0,175000.0
10621836,0,1.0,0.0,0.0,0.0,1.0,0.0,0.0,0.0,0.0,0.0,0.0,0.0,0.0,0.0,0.0,1.0,0.0,0.0,0.03571428571428572,0.0,0.09090909090909091,0.0,0.0,3,0,0,0,0,0,0,0,0.0,0.0,0.0,205000.0
10621864,0,0.0,1.0,0.0,1.0,0.0,0.0,0.0,0.0,0.0,0.0,0.0,0.0,0.0,0.0,0.0,0.0,0.0,1.0,0.07755102040816328,0.09090909090909091,0.09090909090909091,0.0,0.05555555555555555,1,2,1,0,0,0,0,1,0.0,0.18,0.0,319000.0
10621884,1,0.0,1.0,0.0,0.0,0.0,1.0,0.0,0.0,0.0,0.0,0.0,0.0,0.0,0.0,0.0,0.0,0.0,1.0,0.16734693877551024,0.1818181818181818,0.09090909090909091,0.0,0.0,3,4,0,0,0,0,0,1,0.0,0.0,0.0003218763096285034,299000.0
10621899,0,0.0,1.0,0.0,1.0,0.0,0.0,0.0,0.0,0.0,0.0,0.0,0.0,0.0,0.0,0.0,0.0,1.0,0.0,0.0653061224489796,0.09090909090909091,0.09090909090909091,0.0,0.05555555555555555,3,2,0,1,0,0,0,0,0.0,0.0,0.0,198000.0
10621900,0,0.0,1.0,0.0,1.0,0.0,0.0,0.0,0.0,0.0,0.0,0.0,0.0,0.0,0.0,0.0,1.0,0.0,0.0,0.07040816326530613,0.09090909090909091,0.09090909090909091,0.0,0.05555555555555555,3,0,0,0,0,0,0,1,0.0,0.06,0.0,215000.0
10621910,0,0.0,1.0,0.0,1.0,0.0,0.0,0.0,0.0,0.0,0.0,0.0,0.0,0.0,0.0,0.0,0.0,0.0,1.0,0.14285714285714288,0.2727272727272727,0.18181818181818182,0.0,0.0,3,4,0,1,0,0,1,1,0.193,0.16,0.0,299900.0
10621912,0,0.0,1.0,0.0,0.0,0.0,0.0,0.0,0.0,0.0,0.0,0.0,0.0,0.0,1.0,0.0,0.0,0.0,1.0,0.05306122448979592,0.0,0.09090909090909091,0.0,0.05555555555555555,2,2,1,0,0,0,0,1,0.0,0.0,0.0,399000.0
10621923,0,0.0,1.0,0.0,1.0,0.0,0.0,0.0,0.0,0.0,0.0,0.0,0.0,0.0,0.0,0.0,0.0,0.0,1.0,0.1275510204081633,0.1818181818181818,0.09090909090909091,0.0,0.05555555555555555,1,3,1,0,0,0,0,1,0.0,0.0,0.0,295000.0
10621915,0,0.0,1.0,0.0,1.0,0.0,0.0,0.0,0.0,0.0,0.0,0.0,0.0,0.0,0.0,0.0,0.0,0.0,1.0,0.07142857142857142,0.09090909090909091,0.0,0.0,0.0,2,0,1,0,0,0,0,1,0.0,0.1,0.0,315000.0
10621942,0,0.0,1.0,0.0,0.0,0.0,0.0,0.0,0.0,0.0,0.0,0.0,0.0,0.0,1.0,0.0,0.0,0.0,1.0,0.04183673469387755,0.0,0.09090909090909091,0.0,0.0,5,3,1,0,0,0,0,0,0.0,0.0,0.0,159000.0
10621922,0,0.0,1.0,0.0,1.0,0.0,0.0,0.0,0.0,0.0,0.0,0.0,0.0,0.0,0.0,0.0,0.0,0.0,1.0,0.0816326530612245,0.09090909090909091,0.09090909090909091,0.0,0.05555555555555555,1,0,0,0,0,0,1,1,0.0,0.0,0.0,235000.0
10621965,0,0.0,1.0,0.0,0.0,0.0,0.0,0.0,0.0,0.0,0.0,0.0,0.0,0.0,1.0,0.0,0.0,1.0,0.0,0.8163265306122449,0.8181818181818182,0.5454545454545454,0.0,0.3333333333333333,1,0,0,0,0,0,1,1,0.0,0.0,0.0,1200000.0
10621952,0,0.0,1.0,0.0,0.0,0.0,0.0,0.0,0.0,0.0,0.0,0.0,0.0,0.0,1.0,0.0,0.0,0.0,1.0,0.034693877551020415,0.0,0.09090909090909091,0.0,0.0,4,2,0,0,0,0,0,1,0.0,0.0,0.0,118000.0
10621949,0,0.0,1.0,0.0,0.0,0.0,0.0,0.0,0.0,0.0,0.0,0.0,0.0,0.0,1.0,0.0,0.0,1.0,0.0,0.051020408163265314,0.09090909090909091,0.0,0.0,0.05555555555555555,1,2,0,0,0,0,0,1,0.0,0.0,0.0,575000.0
10621971,0,0.0,1.0,0.0,0.0,0.0,0.0,0.0,0.0,0.0,0.0,0.0,0.0,0.0,1.0,0.0,0.0,0.0,1.0,0.06326530612244899,0.09090909090909091,0.09090909090909091,0.0,0.05555555555555555,1,1,0,0,0,0,1,1,0.0,0.0,0.0,280000.0
10621978,0,0.0,1.0,0.0,1.0,0.0,0.0,0.0,0.0,0.0,0.0,0.0,0.0,0.0,0.0,0.0,1.0,0.0,0.0,0.028571428571428574,0.0,0.09090909090909091,0.0,0.05555555555555555,2,3,0,0,0,0,0,0,0.0,0.0,0.0,225000.0
10621988,0,0.0,1.0,0.0,0.0,0.0,0.0,0.0,0.0,0.0,0.0,0.0,0.0,0.0,1.0,0.0,0.0,1.0,0.0,0.15000000000000002,0.2727272727272727,0.2727272727272727,0.0,0.16666666666666666,0,2,1,0,0,0,0,1,0.0,0.0,0.0,1620000.0
10621997,0,1.0,0.0,0.0,0.0,1.0,0.0,0.0,0.0,0.0,0.0,0.0,0.0,0.0,0.0,0.0,1.0,0.0,0.0,0.1959183673469388,0.1818181818181818,0.18181818181818182,0.0,0.16666666666666666,0,4,0,1,0,1,0,1,0.0,0.6,0.0,850000.0
10622008,0,0.0,1.0,0.0,0.0,0.0,0.0,0.0,0.0,0.0,0.0,0.0,0.0,0.0,1.0,0.0,0.0,0.0,1.0,0.06836734693877553,0.09090909090909091,0.09090909090909091,0.0,0.05555555555555555,0,0,1,0,0,0,0,1,0.0,0.0,0.0,239500.0
10490944,1,0.0,0.0,1.0,0.0,0.0,0.0,0.0,0.0,0.0,0.0,1.0,0.0,0.0,0.0,0.0,0.0,1.0,0.0,0.43979591836734694,0.36363636363636365,0.2727272727272727,0.0,0.2777777777777778,0,3,0,1,0,0,1,1,1.0,0.4,0.0037598087449483304,765000.0
10622037,1,0.0,1.0,0.0,0.0,0.0,1.0,0.0,0.0,0.0,0.0,0.0,0.0,0.0,0.0,0.0,0.0,0.0,1.0,0.1285714285714286,0.1818181818181818,0.09090909090909091,0.0,0.1111111111111111,0,0,0,0,0,0,1,0,0.0,0.0,0.00033471468095271724,354000.0
10622038,1,0.0,1.0,0.0,0.0,0.0,1.0,0.0,0.0,0.0,0.0,0.0,0.0,0.0,0.0,0.0,0.0,0.0,1.0,0.1295918367346939,0.1818181818181818,0.09090909090909091,0.0,0.1111111111111111,0,0,0,0,0,0,1,0,0.0,0.0,0.0004722686594264366,400000.0
10622045,1,0.0,1.0,0.0,0.0,0.0,1.0,0.0,0.0,0.0,0.0,0.0,0.0,0.0,0.0,0.0,0.0,0.0,1.0,0.1285714285714286,0.1818181818181818,0.09090909090909091,0.0,0.1111111111111111,0,0,0,0,0,0,1,0,0.0,0.0,0.00033288062790640094,353500.0
10622063,0,0.0,1.0,0.0,0.0,0.0,0.0,0.0,0.0,0.0,0.0,0.0,0.0,0.0,1.0,0.0,0.0,0.0,1.0,0.04081632653061225,0.09090909090909091,0.09090909090909091,0.0,0.05555555555555555,2,2,1,0,0,0,1,1,0.0,0.0,0.0,325000.0
10491021,0,0.0,1.0,0.0,0.0,0.0,1.0,0.0,0.0,0.0,0.0,0.0,0.0,0.0,0.0,0.0,0.0,1.0,0.0,0.06326530612244899,0.09090909090909091,0.09090909090909091,0.0,0.0,1,1,1,0,0,0,0,1,0.0,0.0,0.0,274900.0
10622118,0,0.0,0.0,1.0,0.0,0.0,0.0,0.0,1.0,0.0,0.0,0.0,0.0,0.0,0.0,0.0,0.0,0.0,1.0,0.07959183673469389,0.1818181818181818,0.09090909090909091,0.0,0.05555555555555555,0,0,1,0,0,0,1,0,1.0,0.0,0.0,325000.0
10622112,0,0.0,1.0,0.0,0.0,0.0,1.0,0.0,0.0,0.0,0.0,0.0,0.0,0.0,0.0,0.0,0.0,1.0,0.0,0.034693877551020415,0.0,0.09090909090909091,0.0,0.05555555555555555,4,3,1,0,0,0,1,0,0.0,0.0,0.0,140000.0
10622117,0,0.0,0.0,1.0,0.0,0.0,0.0,0.0,1.0,0.0,0.0,0.0,0.0,0.0,0.0,0.0,0.0,0.0,1.0,0.039795918367346944,0.0,0.09090909090909091,0.0,0.05555555555555555,0,0,1,0,0,0,1,1,1.0,0.0,0.0,217000.0
10622116,0,0.0,0.0,1.0,0.0,0.0,0.0,0.0,1.0,0.0,0.0,0.0,0.0,0.0,0.0,0.0,0.0,0.0,1.0,0.051020408163265314,0.0,0.09090909090909091,0.0,0.05555555555555555,0,0,1,0,0,0,1,0,1.0,0.0,0.0,220000.0
10622120,0,1.0,0.0,0.0,0.0,1.0,0.0,0.0,0.0,0.0,0.0,0.0,0.0,0.0,0.0,0.0,1.0,0.0,0.0,0.07653061224489796,0.09090909090909091,0.09090909090909091,0.0,0.05555555555555555,2,3,1,1,0,0,0,1,0.0,0.0,0.0,269000.0
10622123,0,0.0,1.0,0.0,0.0,0.0,1.0,0.0,0.0,0.0,0.0,0.0,0.0,0.0,0.0,0.0,0.0,0.0,1.0,0.06938775510204082,0.09090909090909091,0.09090909090909091,0.0,0.05555555555555555,1,0,0,0,0,0,1,1,0.0,0.19,0.0,322000.0
10622122,0,0.0,1.0,0.0,0.0,0.0,0.0,0.0,0.0,0.0,0.0,0.0,0.0,0.0,1.0,0.0,0.0,1.0,0.0,0.11734693877551022,0.1818181818181818,0.18181818181818182,0.0,0.1111111111111111,1,1,1,0,0,0,0,1,0.0,0.0,0.0,1135000.0
10622132,0,0.0,1.0,0.0,0.0,0.0,1.0,0.0,0.0,0.0,0.0,0.0,0.0,0.0,0.0,1.0,0.0,0.0,0.0,0.10204081632653061,0.09090909090909091,0.09090909090909091,0.07142857142857142,0.05555555555555555,2,2,1,0,0,0,0,0,0.0,0.0,0.0,499000.0
10491057,1,0.0,1.0,0.0,0.0,0.0,0.0,0.0,0.0,0.0,0.0,0.0,0.0,0.0,1.0,0.0,0.0,1.0,0.0,0.163265306122449,0.36363636363636365,0.18181818181818182,0.0,0.0,1,2,0,1,0,0,0,0,0.0,0.0,0.00013296884585792875,1250000.0
10622133,0,0.0,1.0,0.0,0.0,0.0,0.0,0.0,0.0,1.0,0.0,0.0,0.0,0.0,0.0,0.0,0.0,0.0,1.0,0.08571428571428572,0.09090909090909091,0.09090909090909091,0.0,0.0,1,1,0,0,0,0,0,1,0.0,0.0,0.0,279000.0
10491062,0,0.0,1.0,0.0,0.0,0.0,0.0,0.0,0.0,0.0,0.0,0.0,0.0,0.0,1.0,0.0,0.0,0.0,1.0,0.07857142857142857,0.0,0.09090909090909091,0.0,0.05555555555555555,1,1,1,0,0,0,0,1,0.0,0.04,0.0,219500.0
10622160,0,0.0,1.0,0.0,0.0,0.0,0.0,1.0,0.0,0.0,0.0,0.0,0.0,0.0,0.0,1.0,0.0,0.0,0.0,0.0326530612244898,0.0,0.09090909090909091,0.0,0.05555555555555555,1,5,0,0,0,0,0,0,0.0,0.0,0.0,229000.0
10622139,0,0.0,1.0,0.0,1.0,0.0,0.0,0.0,0.0,0.0,0.0,0.0,0.0,0.0,0.0,1.0,0.0,0.0,0.0,0.023469387755102045,0.0,0.09090909090909091,0.0,0.0,0,2,0,0,0,0,0,0,0.0,0.0,0.0,250000.0
10491096,0,0.0,1.0,0.0,0.0,0.0,0.0,0.0,0.0,0.0,0.0,0.0,0.0,0.0,1.0,0.0,0.0,1.0,0.0,0.06122448979591837,0.09090909090909091,0.09090909090909091,0.0,0.0,0,3,1,0,0,0,0,0,0.0,0.0,0.0,175000.0
10622202,0,0.0,1.0,0.0,0.0,0.0,1.0,0.0,0.0,0.0,0.0,0.0,0.0,0.0,0.0,0.0,1.0,0.0,0.0,0.07142857142857142,0.09090909090909091,0.09090909090909091,0.0,0.05555555555555555,1,2,1,1,0,0,1,0,0.0,0.0,0.0,330000.0
10622201,0,0.0,1.0,0.0,0.0,0.0,1.0,0.0,0.0,0.0,0.0,0.0,0.0,0.0,0.0,0.0,1.0,0.0,0.0,0.07142857142857142,0.09090909090909091,0.09090909090909091,0.0,0.05555555555555555,1,2,1,1,0,0,1,0,0.0,0.0,0.0,300000.0
10622209,0,0.0,1.0,0.0,0.0,0.0,0.0,0.0,0.0,0.0,0.0,0.0,0.0,0.0,1.0,0.0,0.0,0.0,1.0,0.1326530612244898,0.1818181818181818,0.18181818181818182,0.0,0.05555555555555555,0,0,1,0,0,0,1,1,0.0,0.21,0.0,479000.0
10622237,0,0.0,1.0,0.0,1.0,0.0,0.0,0.0,0.0,0.0,0.0,0.0,0.0,0.0,0.0,0.0,0.0,1.0,0.0,0.030612244897959183,0.0,0.09090909090909091,0.0,0.05555555555555555,1,3,0,0,0,0,1,0,0.07,0.0,0.0,179000.0
10622206,0,0.0,1.0,0.0,0.0,0.0,0.0,0.0,0.0,0.0,0.0,0.0,0.0,0.0,1.0,0.0,0.0,1.0,0.0,0.04387755102040817,0.09090909090909091,0.09090909090909091,0.0,0.0,1,3,1,0,0,0,0,0,0.0,0.0,0.0,349000.0
10622255,1,0.0,1.0,0.0,0.0,0.0,0.0,0.0,0.0,0.0,0.0,0.0,0.0,0.0,1.0,0.0,0.0,0.0,1.0,0.11938775510204083,0.1818181818181818,0.18181818181818182,0.0,0.0,5,6,0,0,0,0,0,0,0.0,0.0,0.0001283837132421381,249000.0
10622252,0,0.0,1.0,0.0,0.0,0.0,0.0,0.0,0.0,0.0,0.0,0.0,0.0,0.0,1.0,0.0,0.0,0.0,1.0,0.0326530612244898,0.0,0.0,0.0,0.05555555555555555,1,5,1,0,0,0,0,1,0.0,0.02,0.0,179000.0
10622258,0,0.0,1.0,0.0,0.0,0.0,0.0,0.0,0.0,0.0,0.0,0.0,0.0,0.0,1.0,0.0,0.0,0.0,1.0,0.023469387755102045,0.0,0.09090909090909091,0.0,0.0,1,2,1,0,0,0,0,0,0.0,0.0,0.0,175000.0
10622257,0,0.0,1.0,0.0,0.0,0.0,0.0,0.0,0.0,0.0,0.0,0.0,0.0,0.0,1.0,0.0,0.0,0.0,1.0,0.057142857142857155,0.09090909090909091,0.09090909090909091,0.0,0.0,0,4,1,0,0,0,0,0,0.0,0.0,0.0,349000.0
10622259,0,0.0,1.0,0.0,1.0,0.0,0.0,0.0,0.0,0.0,0.0,0.0,0.0,0.0,0.0,0.0,0.0,0.0,1.0,0.04081632653061225,0.0,0.09090909090909091,0.07142857142857142,0.05555555555555555,1,0,1,0,0,0,0,1,0.0,0.06,0.0,265000.0
10622261,0,0.0,1.0,0.0,1.0,0.0,0.0,0.0,0.0,0.0,0.0,0.0,0.0,0.0,0.0,0.0,0.0,0.0,1.0,0.05408163265306123,0.0,0.09090909090909091,0.0,0.05555555555555555,1,2,0,0,0,0,0,0,0.0,0.0,0.0,225500.0
10622277,0,0.0,1.0,0.0,0.0,0.0,0.0,0.0,0.0,0.0,0.0,0.0,0.0,0.0,1.0,0.0,0.0,1.0,0.0,0.14183673469387756,0.1818181818181818,0.09090909090909091,0.0,0.1111111111111111,1,6,1,0,0,0,0,0,0.0,0.0,0.0,349000.0
10622311,0,0.0,1.0,0.0,1.0,0.0,0.0,0.0,0.0,0.0,0.0,0.0,0.0,0.0,0.0,0.0,0.0,0.0,1.0,0.06122448979591837,0.09090909090909091,0.09090909090909091,0.0,0.05555555555555555,0,2,0,0,0,0,0,0,0.0,0.0,0.0,209000.0
10622337,0,0.0,1.0,0.0,0.0,0.0,0.0,0.0,0.0,0.0,0.0,0.0,0.0,0.0,1.0,0.0,0.0,0.0,1.0,0.07959183673469389,0.0,0.09090909090909091,0.0,0.0,0,2,0,0,0,0,0,1,0.0,0.0,0.0,229500.0
10622318,0,0.0,1.0,0.0,0.0,0.0,0.0,1.0,0.0,0.0,0.0,0.0,0.0,0.0,0.0,1.0,0.0,0.0,0.0,0.06122448979591837,0.09090909090909091,0.09090909090909091,0.0,0.05555555555555555,0,2,0,0,0,0,0,0,0.0,0.0,0.0,315000.0
10622340,0,0.0,1.0,0.0,0.0,0.0,0.0,0.0,0.0,0.0,0.0,0.0,0.0,0.0,1.0,0.0,0.0,0.0,1.0,0.113265306122449,0.1818181818181818,0.09090909090909091,0.0,0.1111111111111111,0,4,1,0,0,0,0,1,0.0,0.0,0.0,990000.0
10622347,0,1.0,0.0,0.0,0.0,1.0,0.0,0.0,0.0,0.0,0.0,0.0,0.0,0.0,0.0,0.0,1.0,0.0,0.0,0.1142857142857143,0.1818181818181818,0.18181818181818182,0.0,0.0,0,3,0,0,0,0,0,1,0.0,0.0,0.0,1100000.0
10622346,0,0.0,1.0,0.0,0.0,0.0,0.0,0.0,0.0,0.0,0.0,0.0,0.0,0.0,1.0,1.0,0.0,0.0,0.0,0.12346938775510205,0.1818181818181818,0.09090909090909091,0.0,0.05555555555555555,5,3,0,0,0,0,0,0,0.0,0.0,0.0,230000.0
10622358,0,1.0,0.0,0.0,0.0,1.0,0.0,0.0,0.0,0.0,0.0,0.0,0.0,0.0,0.0,1.0,0.0,0.0,0.0,0.03571428571428572,0.0,0.09090909090909091,0.07142857142857142,0.05555555555555555,4,5,1,0,0,0,0,0,0.0,0.0,0.0,200000.0
10622359,0,1.0,0.0,0.0,0.0,1.0,0.0,0.0,0.0,0.0,0.0,0.0,0.0,0.0,0.0,0.0,1.0,0.0,0.0,0.12244897959183676,0.09090909090909091,0.18181818181818182,0.0,0.16666666666666666,1,5,1,0,0,0,1,1,0.075,0.0,0.0,640000.0
10360218,0,1.0,0.0,0.0,0.0,1.0,0.0,0.0,0.0,0.0,0.0,0.0,0.0,0.0,0.0,0.0,1.0,0.0,0.0,0.031632653061224494,0.0,0.09090909090909091,0.0,0.05555555555555555,3,4,1,0,0,0,0,0,0.0,0.0,0.0,121500.0
10622353,0,1.0,0.0,0.0,0.0,1.0,0.0,0.0,0.0,0.0,0.0,0.0,0.0,0.0,0.0,0.0,1.0,0.0,0.0,0.09183673469387757,0.1818181818181818,0.09090909090909091,0.0,0.05555555555555555,4,7,0,1,0,0,0,0,0.0,0.0,0.0,269000.0
10491294,0,0.0,1.0,0.0,0.0,0.0,1.0,0.0,0.0,0.0,0.0,0.0,0.0,0.0,0.0,0.0,0.0,1.0,0.0,0.15816326530612246,0.09090909090909091,0.09090909090909091,0.0,0.1111111111111111,1,2,0,0,0,0,0,1,0.0,0.4,0.0,479000.0
10622370,0,0.0,1.0,0.0,1.0,0.0,0.0,0.0,0.0,0.0,0.0,0.0,0.0,0.0,0.0,0.0,0.0,1.0,0.0,0.07142857142857142,0.09090909090909091,0.09090909090909091,0.0,0.05555555555555555,0,2,1,0,0,0,1,1,0.08,0.0,0.0,225000.0
10622387,0,1.0,0.0,0.0,0.0,1.0,0.0,0.0,0.0,0.0,0.0,0.0,0.0,0.0,0.0,0.0,1.0,0.0,0.0,0.09591836734693879,0.09090909090909091,0.09090909090909091,0.07142857142857142,0.1111111111111111,1,1,1,0,0,0,1,1,0.023,0.28,0.0,418000.0
10622388,0,1.0,0.0,0.0,0.0,1.0,0.0,0.0,0.0,0.0,0.0,0.0,0.0,0.0,0.0,0.0,0.0,0.0,1.0,0.20408163265306126,0.1818181818181818,0.2727272727272727,0.0,0.16666666666666666,2,4,1,0,0,0,0,1,0.0,0.25,0.0,995000.0
10622386,0,1.0,0.0,0.0,0.0,1.0,0.0,0.0,0.0,0.0,0.0,0.0,0.0,0.0,0.0,0.0,1.0,0.0,0.0,0.07551020408163267,0.09090909090909091,0.09090909090909091,0.07142857142857142,0.05555555555555555,1,1,1,0,1,0,1,1,0.019,0.27,0.0,404000.0
10622391,0,1.0,0.0,0.0,0.0,1.0,0.0,0.0,0.0,0.0,0.0,0.0,0.0,0.0,0.0,0.0,0.0,0.0,1.0,0.07244897959183674,0.0,0.09090909090909091,0.07142857142857142,0.05555555555555555,1,3,1,0,0,0,0,1,0.0,0.25,0.0,302000.0
10622390,0,1.0,0.0,0.0,0.0,1.0,0.0,0.0,0.0,0.0,0.0,0.0,0.0,0.0,0.0,0.0,0.0,0.0,1.0,0.12142857142857144,0.1818181818181818,0.18181818181818182,0.07142857142857142,0.1111111111111111,1,1,1,0,0,0,0,1,0.0,0.47000000000000003,0.0,629000.0
10622393,0,1.0,0.0,0.0,0.0,1.0,0.0,0.0,0.0,0.0,0.0,0.0,0.0,0.0,0.0,0.0,0.0,0.0,1.0,0.12448979591836737,0.1818181818181818,0.18181818181818182,0.07142857142857142,0.05555555555555555,1,1,1,0,0,0,0,1,0.0,0.53,0.0,509000.0
10622423,0,0.0,1.0,0.0,1.0,0.0,0.0,0.0,0.0,0.0,0.0,0.0,0.0,0.0,0.0,0.0,1.0,0.0,0.0,0.036734693877551024,0.0,0.09090909090909091,0.0,0.05555555555555555,3,5,0,0,0,0,0,0,0.0,0.0,0.0,149000.0
10622395,0,1.0,0.0,0.0,0.0,1.0,0.0,0.0,0.0,0.0,0.0,0.0,0.0,0.0,0.0,0.0,1.0,0.0,0.0,0.29081632653061223,0.1818181818181818,0.18181818181818182,0.07142857142857142,0.16666666666666666,1,2,1,0,0,0,0,1,0.0,1.0,0.0,3297000.0
10622408,0,0.0,1.0,0.0,0.0,0.0,1.0,0.0,0.0,0.0,0.0,0.0,0.0,0.0,0.0,0.0,0.0,0.0,1.0,0.07857142857142857,0.09090909090909091,0.09090909090909091,0.0,0.05555555555555555,1,2,1,0,0,0,1,1,0.06,0.3,0.0,229000.0
10622394,0,1.0,0.0,0.0,0.0,1.0,0.0,0.0,0.0,0.0,0.0,0.0,0.0,0.0,0.0,0.0,0.0,0.0,1.0,0.05510204081632653,0.0,0.09090909090909091,0.0,0.05555555555555555,1,1,1,0,0,0,0,1,0.0,0.23,0.0,345000.0
10622429,0,0.0,1.0,0.0,1.0,0.0,0.0,0.0,0.0,0.0,0.0,0.0,0.0,0.0,0.0,1.0,0.0,0.0,0.0,0.18571428571428575,0.1818181818181818,0.18181818181818182,0.0,0.16666666666666666,1,2,1,0,0,0,0,1,0.0,0.0,0.0,1990000.0
10622431,0,0.0,1.0,0.0,1.0,0.0,0.0,0.0,0.0,0.0,0.0,0.0,0.0,0.0,0.0,0.0,1.0,0.0,0.0,0.08265306122448982,0.09090909090909091,0.09090909090909091,0.0,0.05555555555555555,3,3,1,0,0,0,0,1,0.0,0.02,0.0,375000.0
10622433,0,0.0,1.0,0.0,1.0,0.0,0.0,0.0,0.0,0.0,0.0,0.0,0.0,0.0,0.0,0.0,0.0,1.0,0.0,0.09081632653061225,0.09090909090909091,0.09090909090909091,0.0,0.05555555555555555,3,3,1,0,0,0,0,1,0.0,0.0,0.0,290000.0
10622444,0,0.0,1.0,0.0,1.0,0.0,0.0,0.0,0.0,0.0,0.0,0.0,0.0,0.0,0.0,0.0,1.0,0.0,0.0,0.1326530612244898,0.09090909090909091,0.09090909090909091,0.0,0.1111111111111111,1,2,1,0,0,0,0,1,0.0,0.29,0.0,595000.0
10622459,0,0.0,1.0,0.0,0.0,0.0,0.0,0.0,0.0,0.0,0.0,0.0,0.0,0.0,1.0,0.0,0.0,1.0,0.0,0.1285714285714286,0.1818181818181818,0.18181818181818182,0.14285714285714285,0.16666666666666666,3,3,1,0,0,0,0,0,0.0,0.0,0.0,1350000.0
10622460,0,0.0,1.0,0.0,0.0,0.0,0.0,0.0,0.0,0.0,0.0,0.0,0.0,0.0,1.0,0.0,0.0,1.0,0.0,0.18469387755102043,0.1818181818181818,0.18181818181818182,0.07142857142857142,0.16666666666666666,1,2,1,0,1,0,0,0,0.0,0.0,0.0,1850000.0
10622473,0,0.0,0.0,1.0,0.0,0.0,0.0,0.0,0.0,0.0,1.0,0.0,0.0,0.0,0.0,0.0,0.0,0.0,1.0,0.06632653061224492,0.09090909090909091,0.09090909090909091,0.0,0.05555555555555555,3,4,0,0,0,0,0,0,0.0,0.0,0.0,139000.0
9180689,0,0.0,1.0,0.0,0.0,0.0,1.0,0.0,0.0,0.0,0.0,0.0,0.0,0.0,0.0,0.0,0.0,1.0,0.0,0.039795918367346944,0.0,0.09090909090909091,0.0,0.0,1,2,1,0,1,0,0,1,0.0,0.05,0.0,219000.0
10622467,0,0.0,1.0,0.0,1.0,0.0,0.0,0.0,0.0,0.0,0.0,0.0,0.0,0.0,0.0,0.0,0.0,1.0,0.0,0.06020408163265307,0.09090909090909091,0.09090909090909091,0.0,0.05555555555555555,3,2,1,1,0,0,0,1,0.0,0.15,0.0,179000.0
10622483,0,0.0,1.0,0.0,1.0,0.0,0.0,0.0,0.0,0.0,0.0,0.0,0.0,0.0,0.0,0.0,0.0,1.0,0.0,0.07959183673469389,0.1818181818181818,0.09090909090909091,0.0,0.1111111111111111,2,4,0,0,0,0,0,0,0.0,0.0,0.0,249000.0
10622485,0,1.0,0.0,0.0,0.0,1.0,0.0,0.0,0.0,0.0,0.0,0.0,0.0,0.0,0.0,0.0,0.0,1.0,0.0,0.113265306122449,0.1818181818181818,0.09090909090909091,0.07142857142857142,0.1111111111111111,3,3,1,0,0,0,0,1,0.0,0.1,0.0,595000.0
10622494,0,0.0,0.0,1.0,0.0,0.0,0.0,0.0,1.0,0.0,0.0,0.0,0.0,0.0,0.0,0.0,0.0,1.0,0.0,0.08775510204081632,0.09090909090909091,0.09090909090909091,0.0,0.0,1,1,0,0,0,0,0,1,0.0,0.11,0.0,265000.0
10622495,0,0.0,0.0,1.0,0.0,0.0,0.0,0.0,1.0,0.0,0.0,0.0,0.0,0.0,0.0,0.0,0.0,1.0,0.0,0.08673469387755103,0.09090909090909091,0.09090909090909091,0.0,0.0,1,1,0,0,0,0,0,1,0.0,0.11,0.0,285000.0
10622509,0,0.0,1.0,0.0,0.0,0.0,1.0,0.0,0.0,0.0,0.0,0.0,0.0,0.0,0.0,0.0,0.0,0.0,1.0,0.1438775510204082,0.1818181818181818,0.09090909090909091,0.0,0.1111111111111111,1,1,0,0,0,0,0,1,0.0,0.26,0.0,319000.0
10622496,0,0.0,0.0,1.0,0.0,0.0,0.0,0.0,1.0,0.0,0.0,0.0,0.0,0.0,0.0,0.0,0.0,1.0,0.0,0.08571428571428572,0.09090909090909091,0.09090909090909091,0.0,0.0,1,2,0,0,0,0,1,1,0.09,0.12,0.0,255000.0
10622515,0,1.0,0.0,0.0,0.0,1.0,0.0,0.0,0.0,0.0,0.0,0.0,0.0,0.0,0.0,0.0,1.0,0.0,0.0,0.05612244897959184,0.1818181818181818,0.09090909090909091,0.0,0.05555555555555555,3,4,1,0,0,0,0,1,0.0,0.09,0.0,199000.0
10622512,0,0.0,1.0,0.0,0.0,0.0,0.0,0.0,0.0,1.0,0.0,0.0,0.0,0.0,0.0,0.0,0.0,0.0,1.0,0.08061224489795918,0.09090909090909091,0.09090909090909091,0.0,0.05555555555555555,3,3,0,0,0,0,0,1,0.0,0.0,0.0,219000.0
10622534,0,0.0,1.0,0.0,0.0,0.0,1.0,0.0,0.0,0.0,0.0,0.0,0.0,0.0,0.0,0.0,0.0,1.0,0.0,0.113265306122449,0.1818181818181818,0.18181818181818182,0.0,0.0,4,4,1,0,0,0,0,1,0.0,0.55,0.0,299000.0
10622551,0,0.0,1.0,0.0,1.0,0.0,0.0,0.0,0.0,0.0,0.0,0.0,0.0,0.0,0.0,0.0,0.0,0.0,1.0,0.05510204081632653,0.0,0.09090909090909091,0.0,0.05555555555555555,3,3,1,0,0,0,0,1,0.0,0.1,0.0,215000.0
10622580,1,0.0,0.0,1.0,0.0,0.0,0.0,0.0,1.0,0.0,0.0,0.0,0.0,0.0,0.0,0.0,0.0,0.0,1.0,0.0816326530612245,0.1818181818181818,0.09090909090909091,0.07142857142857142,0.05555555555555555,3,5,0,0,0,0,1,1,0.07,0.1,0.00014122208456635192,169500.0
10622573,0,0.0,1.0,0.0,0.0,0.0,1.0,0.0,0.0,0.0,0.0,0.0,0.0,0.0,0.0,1.0,0.0,0.0,0.0,0.10918367346938776,0.09090909090909091,0.09090909090909091,0.0,0.1111111111111111,3,1,1,0,0,0,1,1,0.085,0.8,0.0,490000.0
10622582,0,0.0,0.0,1.0,0.0,0.0,0.0,0.0,0.0,0.0,1.0,0.0,0.0,0.0,0.0,0.0,0.0,1.0,0.0,0.06632653061224492,0.0,0.09090909090909091,0.07142857142857142,0.05555555555555555,4,3,1,0,0,0,0,1,0.0,0.0,0.0,159000.0
10622607,0,0.0,0.0,1.0,0.0,0.0,0.0,0.0,1.0,0.0,0.0,0.0,0.0,0.0,0.0,0.0,0.0,1.0,0.0,0.15000000000000002,0.09090909090909091,0.18181818181818182,0.14285714285714285,0.05555555555555555,1,1,1,0,0,0,0,1,0.0,0.16,0.0,360000.0
10622609,0,0.0,0.0,1.0,0.0,0.0,0.0,0.0,1.0,0.0,0.0,0.0,0.0,0.0,0.0,0.0,0.0,1.0,0.0,0.22448979591836737,0.1818181818181818,0.18181818181818182,0.14285714285714285,0.1111111111111111,1,2,0,0,0,0,0,1,0.0,1.0,0.0,555000.0
10622632,0,0.0,0.0,1.0,0.0,0.0,0.0,0.0,0.0,0.0,1.0,0.0,0.0,0.0,0.0,0.0,0.0,0.0,1.0,0.0816326530612245,0.09090909090909091,0.09090909090909091,0.07142857142857142,0.05555555555555555,4,3,1,0,0,0,0,1,0.0,0.02,0.0,138000.0
10491549,1,0.0,1.0,0.0,1.0,0.0,0.0,0.0,0.0,0.0,0.0,0.0,0.0,0.0,0.0,0.0,0.0,0.0,1.0,0.1459183673469388,0.1818181818181818,0.09090909090909091,0.0,0.0,2,2,0,0,0,0,0,1,0.0,0.0,0.00030812091178113144,455000.0
10622620,0,0.0,1.0,0.0,0.0,0.0,1.0,0.0,0.0,0.0,0.0,0.0,0.0,0.0,0.0,0.0,0.0,0.0,1.0,0.06938775510204082,0.09090909090909091,0.09090909090909091,0.0,0.0,1,1,1,0,0,0,0,1,0.0,0.2,0.0,229000.0
10622613,0,0.0,1.0,0.0,1.0,0.0,0.0,0.0,0.0,0.0,0.0,0.0,0.0,0.0,0.0,0.0,0.0,0.0,1.0,0.0816326530612245,0.09090909090909091,0.0,0.07142857142857142,0.05555555555555555,2,0,1,0,0,1,0,0,0.0,0.0,0.0,295000.0
10622644,0,0.0,1.0,0.0,1.0,0.0,0.0,0.0,0.0,0.0,0.0,0.0,0.0,0.0,0.0,0.0,0.0,0.0,1.0,0.18673469387755104,0.1818181818181818,0.18181818181818182,0.0,0.1111111111111111,1,0,1,0,0,0,0,1,0.0,0.3,0.0,765000.0
10622643,0,0.0,1.0,0.0,1.0,0.0,0.0,0.0,0.0,0.0,0.0,0.0,0.0,0.0,0.0,0.0,0.0,1.0,0.0,0.06326530612244899,0.1818181818181818,0.09090909090909091,0.0,0.05555555555555555,4,3,1,0,0,0,0,1,0.0,0.0,0.0,248000.0
10622625,1,0.0,0.0,1.0,0.0,0.0,0.0,0.0,1.0,0.0,0.0,0.0,0.0,0.0,0.0,0.0,0.0,1.0,0.0,0.31326530612244896,0.1818181818181818,0.2727272727272727,0.0,0.16666666666666666,3,5,0,0,0,0,1,1,0.723,0.42,0.0008051492873328375,450000.0
10622656,0,1.0,0.0,0.0,0.0,1.0,0.0,0.0,0.0,0.0,0.0,0.0,0.0,0.0,0.0,0.0,1.0,0.0,0.0,0.1,0.09090909090909091,0.09090909090909091,0.07142857142857142,0.1111111111111111,3,6,1,0,0,0,0,1,0.0,0.04,0.0,295000.0
10622645,0,0.0,1.0,0.0,1.0,0.0,0.0,0.0,0.0,0.0,0.0,0.0,0.0,0.0,0.0,0.0,0.0,0.0,1.0,0.16938775510204085,0.1818181818181818,0.18181818181818182,0.0,0.1111111111111111,1,0,0,0,0,0,0,1,0.0,0.4,0.0,739000.0
10622677,0,1.0,0.0,0.0,0.0,1.0,0.0,0.0,0.0,0.0,0.0,0.0,0.0,0.0,0.0,0.0,1.0,0.0,0.0,0.026530612244897965,0.0,0.09090909090909091,0.0,0.05555555555555555,1,3,1,0,0,0,0,0,0.0,0.0,0.0,240000.0
10622680,0,0.0,1.0,0.0,0.0,0.0,0.0,0.0,0.0,0.0,0.0,0.0,0.0,0.0,1.0,0.0,0.0,1.0,0.0,0.05204081632653062,0.1818181818181818,0.18181818181818182,0.0,0.05555555555555555,1,2,1,0,0,0,0,1,0.0,0.0,0.0,885000.0
10622681,0,1.0,0.0,0.0,0.0,1.0,0.0,0.0,0.0,0.0,0.0,0.0,0.0,0.0,0.0,0.0,0.0,0.0,1.0,0.11224489795918369,0.09090909090909091,0.18181818181818182,0.0,0.16666666666666666,1,5,1,0,0,0,0,1,0.0,0.2,0.0,495000.0
10622679,0,1.0,0.0,0.0,0.0,1.0,0.0,0.0,0.0,0.0,0.0,0.0,0.0,0.0,0.0,0.0,1.0,0.0,0.0,0.026530612244897965,0.0,0.09090909090909091,0.0,0.05555555555555555,1,4,1,0,0,0,0,0,0.0,0.0,0.0,235000.0
10622682,0,0.0,0.0,1.0,0.0,0.0,0.0,0.0,0.0,0.0,1.0,0.0,0.0,0.0,0.0,0.0,1.0,0.0,0.0,0.23469387755102042,0.1818181818181818,0.18181818181818182,0.14285714285714285,0.1111111111111111,1,2,1,0,0,0,0,1,0.0,0.2,0.0,799000.0
10622683,0,0.0,0.0,1.0,0.0,0.0,0.0,0.0,0.0,0.0,1.0,0.0,0.0,0.0,0.0,1.0,0.0,0.0,0.0,0.23469387755102042,0.1818181818181818,0.18181818181818182,0.14285714285714285,0.1111111111111111,1,2,1,0,0,0,0,1,0.0,0.2,0.0,799000.0
10622693,0,1.0,0.0,0.0,0.0,1.0,0.0,0.0,0.0,0.0,0.0,0.0,0.0,0.0,0.0,0.0,0.0,0.0,1.0,0.11224489795918369,0.1818181818181818,0.09090909090909091,0.07142857142857142,0.05555555555555555,1,4,1,0,0,0,0,1,0.0,0.0,0.0,380000.0
10622716,0,0.0,1.0,0.0,0.0,0.0,0.0,1.0,0.0,0.0,0.0,0.0,0.0,0.0,0.0,0.0,0.0,1.0,0.0,0.06632653061224492,0.09090909090909091,0.09090909090909091,0.0,0.05555555555555555,1,0,1,0,0,0,0,1,0.0,0.0,0.0,272500.0
10622717,0,0.0,1.0,0.0,0.0,0.0,0.0,1.0,0.0,0.0,0.0,0.0,0.0,0.0,0.0,0.0,0.0,1.0,0.0,0.06836734693877553,0.09090909090909091,0.09090909090909091,0.0,0.05555555555555555,1,1,1,0,0,0,0,1,0.0,0.15,0.0,257500.0
10622720,0,1.0,0.0,0.0,0.0,1.0,0.0,0.0,0.0,0.0,0.0,0.0,0.0,0.0,0.0,0.0,1.0,0.0,0.0,0.06326530612244899,0.09090909090909091,0.09090909090909091,0.07142857142857142,0.05555555555555555,4,4,1,0,0,0,0,0,0.0,0.0,0.0,189000.0
10622721,0,1.0,0.0,0.0,0.0,1.0,0.0,0.0,0.0,0.0,0.0,0.0,0.0,0.0,0.0,0.0,0.0,0.0,1.0,0.04591836734693878,0.0,0.09090909090909091,0.0,0.05555555555555555,5,4,1,0,0,0,0,1,0.0,0.15,0.0,179000.0
10622724,0,0.0,0.0,1.0,0.0,0.0,0.0,0.0,0.0,0.0,0.0,1.0,0.0,0.0,0.0,0.0,0.0,0.0,1.0,0.04693877551020408,0.0,0.09090909090909091,0.07142857142857142,0.05555555555555555,1,2,1,0,0,0,0,0,0.0,0.0,0.0,150000.0
10622725,0,0.0,1.0,0.0,1.0,0.0,0.0,0.0,0.0,0.0,0.0,0.0,0.0,0.0,0.0,0.0,0.0,1.0,0.0,0.08877551020408164,0.09090909090909091,0.09090909090909091,0.0,0.05555555555555555,2,3,1,0,0,0,0,1,0.0,0.0,0.0,375000.0
10622726,0,0.0,0.0,1.0,0.0,0.0,0.0,0.0,0.0,0.0,0.0,1.0,0.0,0.0,0.0,0.0,0.0,0.0,1.0,0.042857142857142864,0.09090909090909091,0.09090909090909091,0.07142857142857142,0.05555555555555555,1,2,1,0,0,0,0,0,0.0,0.0,0.0,180000.0
10622728,0,0.0,0.0,1.0,0.0,0.0,0.0,0.0,0.0,0.0,0.0,1.0,0.0,0.0,0.0,0.0,0.0,0.0,1.0,0.05816326530612246,0.09090909090909091,0.09090909090909091,0.07142857142857142,0.05555555555555555,1,2,1,0,0,0,0,0,0.0,0.0,0.0,185000.0
10622741,0,0.0,1.0,0.0,0.0,0.0,1.0,0.0,0.0,0.0,0.0,0.0,0.0,0.0,0.0,0.0,0.0,0.0,1.0,0.10204081632653061,0.09090909090909091,0.09090909090909091,0.0,0.05555555555555555,3,4,1,0,0,0,0,1,0.0,0.0,0.0,260000.0
10622758,0,0.0,1.0,0.0,1.0,0.0,0.0,0.0,0.0,0.0,0.0,0.0,0.0,0.0,0.0,0.0,0.0,1.0,0.0,0.22448979591836737,0.09090909090909091,0.09090909090909091,0.0,0.0,0,3,0,0,0,0,0,1,0.0,0.0,0.0,299000.0
10622756,0,0.0,1.0,0.0,0.0,0.0,1.0,0.0,0.0,0.0,0.0,0.0,0.0,0.0,0.0,0.0,0.0,1.0,0.0,0.05510204081632653,0.0,0.09090909090909091,0.0,0.05555555555555555,3,2,1,0,0,0,0,0,0.0,0.0,0.0,215000.0
10622816,0,1.0,0.0,0.0,0.0,1.0,0.0,0.0,0.0,0.0,0.0,0.0,0.0,0.0,0.0,0.0,1.0,0.0,0.0,0.0816326530612245,0.1818181818181818,0.09090909090909091,0.0,0.05555555555555555,3,7,1,0,0,0,0,1,0.0,0.0,0.0,359000.0
10622744,0,0.0,1.0,0.0,1.0,0.0,0.0,0.0,0.0,0.0,0.0,0.0,0.0,0.0,0.0,1.0,0.0,0.0,0.0,0.12244897959183676,0.09090909090909091,0.09090909090909091,0.0,0.0,3,6,1,0,0,0,0,1,0.0,0.0,0.0,515000.0
10622817,0,1.0,0.0,0.0,0.0,1.0,0.0,0.0,0.0,0.0,0.0,0.0,0.0,0.0,0.0,0.0,1.0,0.0,0.0,0.0816326530612245,0.1818181818181818,0.09090909090909091,0.0,0.05555555555555555,3,7,1,0,0,0,0,0,0.0,0.0,0.0,314000.0
10622827,0,0.0,1.0,0.0,1.0,0.0,0.0,0.0,0.0,0.0,0.0,0.0,0.0,0.0,0.0,0.0,0.0,0.0,1.0,0.0816326530612245,0.09090909090909091,0.09090909090909091,0.0,0.05555555555555555,0,0,1,1,0,0,0,1,0.0,0.19,0.0,415000.0
10622829,0,0.0,1.0,0.0,1.0,0.0,0.0,0.0,0.0,0.0,0.0,0.0,0.0,0.0,0.0,0.0,0.0,1.0,0.0,0.06632653061224492,0.09090909090909091,0.09090909090909091,0.0,0.05555555555555555,3,4,0,0,0,0,0,0,0.0,0.0,0.0,199500.0
10622847,0,0.0,1.0,0.0,1.0,0.0,0.0,0.0,0.0,0.0,0.0,0.0,0.0,0.0,0.0,1.0,0.0,0.0,0.0,0.04693877551020408,0.09090909090909091,0.09090909090909091,0.0,0.0,1,2,1,0,0,0,0,1,0.0,0.15,0.0,220000.0
10360845,0,0.0,1.0,0.0,1.0,0.0,0.0,0.0,0.0,0.0,0.0,0.0,0.0,0.0,0.0,0.0,0.0,0.0,1.0,0.2602040816326531,0.09090909090909091,0.18181818181818182,0.0,0.1111111111111111,3,2,1,1,0,0,0,1,0.0,1.0,0.0,975000.0
10623008,0,1.0,0.0,0.0,0.0,1.0,0.0,0.0,0.0,0.0,0.0,0.0,0.0,0.0,0.0,0.0,1.0,0.0,0.0,0.3316326530612245,0.2727272727272727,0.36363636363636365,0.0,0.0,1,6,0,0,0,0,0,1,0.0,0.9500000000000001,0.0,1980000.0
10623021,0,0.0,1.0,0.0,1.0,0.0,0.0,0.0,0.0,0.0,0.0,0.0,0.0,0.0,0.0,0.0,0.0,0.0,1.0,0.04897959183673469,0.0,0.09090909090909091,0.0,0.0,0,0,0,0,0,0,0,1,0.0,0.09,0.0,219000.0
10623023,0,0.0,1.0,0.0,0.0,0.0,1.0,0.0,0.0,0.0,0.0,0.0,0.0,0.0,0.0,0.0,0.0,1.0,0.0,0.10204081632653061,0.1818181818181818,0.18181818181818182,0.07142857142857142,0.05555555555555555,0,2,1,0,0,0,0,1,0.0,0.15,0.0,250000.0
10623032,0,0.0,0.0,1.0,0.0,0.0,0.0,0.0,1.0,0.0,0.0,0.0,0.0,0.0,0.0,0.0,1.0,0.0,0.0,0.31020408163265306,0.5454545454545454,0.18181818181818182,0.0,0.1111111111111111,3,4,0,0,0,0,0,1,0.0,0.35000000000000003,0.0,199999.0
10623015,0,0.0,1.0,0.0,0.0,0.0,0.0,1.0,0.0,0.0,0.0,0.0,0.0,0.0,0.0,0.0,0.0,0.0,1.0,0.113265306122449,0.1818181818181818,0.09090909090909091,0.0,0.05555555555555555,3,3,1,0,0,0,0,0,0.0,0.0,0.0,399000.0
10623044,0,0.0,1.0,0.0,0.0,0.0,1.0,0.0,0.0,0.0,0.0,0.0,0.0,0.0,0.0,1.0,0.0,0.0,0.0,0.04897959183673469,0.0,0.09090909090909091,0.07142857142857142,0.05555555555555555,2,2,0,0,0,0,0,0,0.0,0.0,0.0,355000.0
10623045,0,0.0,1.0,0.0,0.0,0.0,1.0,0.0,0.0,0.0,0.0,0.0,0.0,0.0,0.0,1.0,0.0,0.0,0.0,0.03775510204081633,0.0,0.09090909090909091,0.07142857142857142,0.05555555555555555,2,3,0,0,0,0,0,0,0.0,0.0,0.0,329000.0
10623054,0,0.0,1.0,0.0,0.0,0.0,0.0,0.0,0.0,0.0,0.0,0.0,0.0,0.0,1.0,0.0,0.0,1.0,0.0,0.1295918367346939,0.1818181818181818,0.18181818181818182,0.14285714285714285,0.1111111111111111,2,2,1,0,0,0,0,1,0.0,0.12,0.0,955000.0
10623070,0,0.0,1.0,0.0,0.0,0.0,0.0,1.0,0.0,0.0,0.0,0.0,0.0,0.0,0.0,0.0,1.0,0.0,0.0,0.07653061224489796,0.09090909090909091,0.09090909090909091,0.0,0.05555555555555555,3,4,0,0,0,0,0,1,0.0,0.0,0.0,308000.0
10623046,0,0.0,1.0,0.0,1.0,0.0,0.0,0.0,0.0,0.0,0.0,0.0,0.0,0.0,0.0,0.0,0.0,0.0,1.0,0.09183673469387757,0.1818181818181818,0.09090909090909091,0.0,0.0,1,2,0,0,0,0,0,1,0.0,0.46,0.0,359000.0
10623089,0,1.0,0.0,0.0,0.0,1.0,0.0,0.0,0.0,0.0,0.0,0.0,0.0,0.0,0.0,0.0,0.0,0.0,1.0,0.07653061224489796,0.09090909090909091,0.09090909090909091,0.07142857142857142,0.05555555555555555,3,5,1,0,0,0,0,1,0.0,0.06,0.0,348000.0
10623090,0,0.0,1.0,0.0,1.0,0.0,0.0,0.0,0.0,0.0,0.0,0.0,0.0,0.0,0.0,0.0,0.0,0.0,1.0,0.07959183673469389,0.09090909090909091,0.09090909090909091,0.0,0.05555555555555555,0,2,0,0,0,0,0,1,0.0,0.16,0.0,225000.0
10623098,1,0.0,0.0,1.0,0.0,0.0,0.0,0.0,1.0,0.0,0.0,0.0,0.0,0.0,0.0,0.0,0.0,1.0,0.0,0.21836734693877555,0.1818181818181818,0.09090909090909091,0.14285714285714285,0.0,1,3,0,0,1,0,1,1,0.45,0.55,0.0008748433030928554,590000.0
10623136,0,1.0,0.0,0.0,0.0,1.0,0.0,0.0,0.0,0.0,0.0,0.0,0.0,0.0,0.0,0.0,1.0,0.0,0.0,0.0816326530612245,0.09090909090909091,0.09090909090909091,0.0,0.05555555555555555,3,3,1,0,0,0,0,1,0.0,0.0,0.0,239000.0
10623149,0,0.0,0.0,1.0,0.0,0.0,0.0,0.0,1.0,0.0,0.0,0.0,0.0,0.0,0.0,0.0,1.0,0.0,0.0,0.030612244897959183,0.0,0.09090909090909091,0.0,0.05555555555555555,0,7,0,0,0,0,0,1,0.0,0.03,0.0,110000.0
10623205,0,0.0,1.0,0.0,1.0,0.0,0.0,0.0,0.0,0.0,0.0,0.0,0.0,0.0,0.0,0.0,0.0,1.0,0.0,0.08571428571428572,0.09090909090909091,0.09090909090909091,0.0,0.0,3,2,0,0,0,0,0,1,0.0,0.16,0.0,249000.0
10623172,0,1.0,0.0,0.0,0.0,1.0,0.0,0.0,0.0,0.0,0.0,0.0,0.0,0.0,0.0,0.0,1.0,0.0,0.0,0.05306122448979592,0.0,0.0,0.07142857142857142,0.05555555555555555,1,2,1,0,0,0,0,1,0.0,0.08,0.0,195000.0
10623215,0,0.0,1.0,0.0,0.0,0.0,0.0,0.0,0.0,0.0,0.0,0.0,0.0,0.0,1.0,0.0,0.0,0.0,1.0,0.042857142857142864,0.0,0.0,0.0,0.0,1,1,1,0,0,0,0,1,0.0,0.03,0.0,239000.0
10623222,0,0.0,0.0,1.0,0.0,0.0,0.0,0.0,0.0,0.0,1.0,0.0,0.0,0.0,0.0,1.0,0.0,0.0,0.0,0.11734693877551022,0.1818181818181818,0.09090909090909091,0.0,0.1111111111111111,2,4,1,1,0,0,0,1,0.0,0.04,0.0,379000.0
10623221,0,0.0,0.0,1.0,0.0,0.0,0.0,0.0,0.0,0.0,1.0,0.0,0.0,0.0,0.0,0.0,1.0,0.0,0.0,0.11734693877551022,0.1818181818181818,0.09090909090909091,0.0,0.1111111111111111,2,4,1,1,0,0,0,1,0.0,0.04,0.0,379000.0
10623217,0,0.0,1.0,0.0,1.0,0.0,0.0,0.0,0.0,0.0,0.0,0.0,0.0,0.0,0.0,0.0,1.0,0.0,0.0,0.013265306122448979,0.0,0.09090909090909091,0.07142857142857142,0.05555555555555555,3,2,1,0,0,0,0,1,0.0,0.06,0.0,139500.0
10623186,0,1.0,0.0,0.0,0.0,1.0,0.0,0.0,0.0,0.0,0.0,0.0,0.0,0.0,0.0,0.0,1.0,0.0,0.0,0.0816326530612245,0.09090909090909091,0.09090909090909091,0.0,0.05555555555555555,0,7,0,1,0,0,0,1,0.0,0.06,0.0,249000.0
10623233,0,0.0,1.0,0.0,0.0,0.0,0.0,0.0,0.0,0.0,0.0,0.0,0.0,0.0,1.0,0.0,0.0,1.0,0.0,0.12142857142857144,0.1818181818181818,0.0,0.0,0.05555555555555555,3,3,1,0,0,0,0,0,0.0,0.0,0.0,399000.0
10623270,0,0.0,0.0,1.0,0.0,0.0,0.0,0.0,1.0,0.0,0.0,0.0,0.0,0.0,0.0,1.0,0.0,0.0,0.0,0.10204081632653061,0.1818181818181818,0.09090909090909091,0.0,0.05555555555555555,5,4,1,0,0,0,0,1,0.0,0.09,0.0,90000.0
10623283,0,0.0,0.0,1.0,0.0,0.0,0.0,0.0,0.0,0.0,0.0,0.0,0.0,1.0,0.0,0.0,0.0,0.0,1.0,0.051020408163265314,0.09090909090909091,0.0,0.07142857142857142,0.05555555555555555,4,0,0,0,0,0,0,1,0.0,0.05,0.0,185000.0
10361144,1,0.0,1.0,0.0,1.0,0.0,0.0,0.0,0.0,0.0,0.0,0.0,0.0,0.0,0.0,0.0,0.0,0.0,1.0,0.13877551020408166,0.09090909090909091,0.09090909090909091,0.0,0.1111111111111111,3,5,0,1,0,0,1,1,0.0,0.87,0.00018523935767794213,268000.0
10623274,0,0.0,0.0,1.0,0.0,0.0,0.0,0.0,0.0,0.0,1.0,0.0,0.0,0.0,0.0,1.0,0.0,0.0,0.0,0.25510204081632654,0.09090909090909091,0.0,0.07142857142857142,0.1111111111111111,3,2,0,0,0,0,0,0,0.0,0.0,0.0,319000.0
10623287,0,0.0,1.0,0.0,0.0,0.0,0.0,0.0,0.0,0.0,0.0,0.0,0.0,0.0,1.0,0.0,0.0,0.0,1.0,0.02959183673469388,0.0,0.09090909090909091,0.0,0.0,5,4,0,0,0,0,0,1,0.0,0.0,0.0,115000.0
10623296,0,1.0,0.0,0.0,0.0,1.0,0.0,0.0,0.0,0.0,0.0,0.0,0.0,0.0,0.0,0.0,1.0,0.0,0.0,0.17755102040816328,0.1818181818181818,0.2727272727272727,0.21428571428571427,0.16666666666666666,2,3,0,0,0,0,1,1,0.008,0.12,0.0,495000.0
10623290,0,0.0,1.0,0.0,0.0,0.0,0.0,0.0,0.0,0.0,0.0,0.0,0.0,0.0,1.0,0.0,0.0,1.0,0.0,0.07142857142857142,0.09090909090909091,0.18181818181818182,0.0,0.05555555555555555,1,0,1,0,0,0,0,1,0.0,0.06,0.0,749000.0
10623291,0,0.0,1.0,0.0,0.0,0.0,0.0,0.0,0.0,0.0,0.0,0.0,0.0,0.0,1.0,0.0,0.0,0.0,1.0,0.05000000000000001,0.09090909090909091,0.09090909090909091,0.0,0.05555555555555555,2,1,1,0,0,0,0,1,0.0,0.02,0.0,329000.0
10623299,0,0.0,1.0,0.0,0.0,0.0,1.0,0.0,0.0,0.0,0.0,0.0,0.0,0.0,0.0,1.0,0.0,0.0,0.0,0.09489795918367347,0.09090909090909091,0.09090909090909091,0.0,0.05555555555555555,0,3,0,0,0,0,0,1,0.0,0.14,0.0,445000.0
10623323,0,0.0,0.0,1.0,0.0,0.0,0.0,0.0,0.0,0.0,1.0,0.0,0.0,0.0,0.0,0.0,0.0,1.0,0.0,0.1836734693877551,0.1818181818181818,0.0,0.0,0.0,1,2,0,0,0,0,0,0,0.0,0.0,0.0,862000.0
10623321,0,0.0,1.0,0.0,0.0,0.0,0.0,0.0,0.0,0.0,0.0,0.0,0.0,0.0,1.0,0.0,0.0,0.0,1.0,0.09183673469387757,0.09090909090909091,0.09090909090909091,0.0,0.0,3,2,1,0,0,0,0,1,0.0,0.08,0.0,325000.0
10623339,0,0.0,0.0,1.0,0.0,0.0,0.0,0.0,0.0,0.0,0.0,1.0,0.0,0.0,0.0,0.0,0.0,1.0,0.0,0.09183673469387757,0.09090909090909091,0.09090909090909091,0.07142857142857142,0.1111111111111111,3,3,0,0,0,0,1,1,0.129,0.23,0.0,174000.0
10623375,0,1.0,0.0,0.0,0.0,1.0,0.0,0.0,0.0,0.0,0.0,0.0,0.0,0.0,0.0,0.0,0.0,0.0,1.0,0.25,0.2727272727272727,0.18181818181818182,0.14285714285714285,0.16666666666666666,1,6,1,0,0,0,0,1,0.0,0.0,0.0,1245000.0
10623390,1,1.0,0.0,0.0,0.0,1.0,0.0,0.0,0.0,0.0,0.0,0.0,0.0,0.0,0.0,0.0,1.0,0.0,0.0,0.22244897959183677,0.2727272727272727,0.09090909090909091,0.07142857142857142,0.16666666666666666,3,0,0,0,0,0,1,1,0.08,0.3,0.00043008543936116266,665000.0
10623410,0,0.0,1.0,0.0,1.0,0.0,0.0,0.0,0.0,0.0,0.0,0.0,0.0,0.0,0.0,0.0,0.0,0.0,1.0,0.07346938775510206,0.09090909090909091,0.09090909090909091,0.0,0.05555555555555555,2,2,1,1,0,0,0,1,0.0,0.04,0.0,249000.0
10623406,0,0.0,0.0,1.0,0.0,0.0,0.0,0.0,1.0,0.0,0.0,0.0,0.0,0.0,0.0,0.0,0.0,0.0,1.0,0.07857142857142857,0.09090909090909091,0.09090909090909091,0.07142857142857142,0.05555555555555555,2,3,0,0,0,0,1,1,0.16,0.38,0.0,249900.0
10623399,1,0.0,0.0,1.0,0.0,0.0,0.0,0.0,1.0,0.0,0.0,0.0,0.0,0.0,0.0,0.0,0.0,0.0,1.0,0.15714285714285717,0.09090909090909091,0.09090909090909091,0.0,0.05555555555555555,4,6,0,0,0,0,0,1,0.0,0.0,0.0016506477416846329,170000.0
10623411,0,0.0,1.0,0.0,1.0,0.0,0.0,0.0,0.0,0.0,0.0,0.0,0.0,0.0,0.0,0.0,0.0,0.0,1.0,0.057142857142857155,0.09090909090909091,0.09090909090909091,0.0,0.05555555555555555,3,4,1,1,0,0,0,0,0.0,0.0,0.0,174000.0
10623429,0,0.0,1.0,0.0,1.0,0.0,0.0,0.0,0.0,0.0,0.0,0.0,0.0,0.0,0.0,0.0,0.0,1.0,0.0,0.057142857142857155,0.09090909090909091,0.09090909090909091,0.0,0.05555555555555555,3,4,1,1,0,0,0,0,0.0,0.0,0.0,174000.0
10623452,0,0.0,1.0,0.0,0.0,0.0,1.0,0.0,0.0,0.0,0.0,0.0,0.0,0.0,0.0,0.0,0.0,0.0,1.0,0.07448979591836735,0.09090909090909091,0.09090909090909091,0.0,0.0,0,0,1,1,0,0,1,0,0.078,0.0,0.0,285000.0
10623448,1,0.0,0.0,1.0,0.0,0.0,0.0,0.0,0.0,0.0,0.0,0.0,0.0,1.0,0.0,0.0,0.0,1.0,0.0,0.1928571428571429,0.4545454545454545,0.09090909090909091,0.14285714285714285,0.1111111111111111,3,4,0,1,0,0,1,1,1.0,0.64,0.0011490342335171361,540000.0
10623439,0,0.0,1.0,0.0,1.0,0.0,0.0,0.0,0.0,0.0,0.0,0.0,0.0,0.0,0.0,0.0,0.0,0.0,1.0,0.08775510204081632,0.1818181818181818,0.09090909090909091,0.0,0.05555555555555555,0,1,0,0,0,1,0,1,0.0,0.08,0.0,299000.0
10623457,1,0.0,1.0,0.0,1.0,0.0,0.0,0.0,0.0,0.0,0.0,0.0,0.0,0.0,0.0,0.0,0.0,1.0,0.0,0.21734693877551023,0.2727272727272727,0.18181818181818182,0.0,0.1111111111111111,0,0,0,0,0,0,1,0,0.0,0.0,0.0015057575510256484,1149000.0
10623473,0,0.0,1.0,0.0,0.0,0.0,0.0,0.0,0.0,0.0,0.0,0.0,0.0,0.0,1.0,0.0,0.0,1.0,0.0,0.04081632653061225,0.0,0.09090909090909091,0.0,0.05555555555555555,3,3,1,0,0,0,0,0,0.0,0.0,0.0,397500.0
10623498,0,0.0,1.0,0.0,0.0,0.0,1.0,0.0,0.0,0.0,0.0,0.0,0.0,0.0,0.0,0.0,0.0,0.0,1.0,0.07448979591836735,0.09090909090909091,0.09090909090909091,0.0,0.05555555555555555,3,0,1,0,0,0,0,1,0.0,0.14,0.0,249000.0
10623509,0,0.0,1.0,0.0,1.0,0.0,0.0,0.0,0.0,0.0,0.0,0.0,0.0,0.0,0.0,0.0,1.0,0.0,0.0,0.10204081632653061,0.09090909090909091,0.09090909090909091,0.0,0.05555555555555555,0,2,1,1,0,0,0,1,0.0,0.7000000000000001,0.0,465000.0
10623503,0,0.0,1.0,0.0,0.0,0.0,1.0,0.0,0.0,0.0,0.0,0.0,0.0,0.0,0.0,0.0,0.0,0.0,1.0,0.18673469387755104,0.09090909090909091,0.09090909090909091,0.0,0.1111111111111111,3,3,0,0,0,0,0,1,0.0,0.0,0.0,526000.0
10492451,1,0.0,1.0,0.0,0.0,0.0,1.0,0.0,0.0,0.0,0.0,0.0,0.0,0.0,0.0,0.0,0.0,0.0,1.0,0.2938775510204082,0.2727272727272727,0.18181818181818182,0.0,0.1111111111111111,3,3,0,1,0,0,1,1,0.0,0.0,0.0006079885848538398,524000.0
10623540,0,0.0,1.0,0.0,0.0,0.0,0.0,0.0,0.0,1.0,0.0,0.0,0.0,0.0,0.0,0.0,0.0,0.0,1.0,0.13979591836734695,0.1818181818181818,0.09090909090909091,0.0,0.1111111111111111,3,2,0,0,0,1,0,0,0.0,0.0,0.0,298000.0
10623547,0,0.0,1.0,0.0,0.0,0.0,0.0,0.0,0.0,0.0,0.0,0.0,0.0,0.0,1.0,0.0,0.0,1.0,0.0,0.0673469387755102,0.09090909090909091,0.09090909090909091,0.0,0.05555555555555555,3,1,1,0,0,0,0,0,0.0,0.0,0.0,189000.0
10623549,0,1.0,0.0,0.0,0.0,1.0,0.0,0.0,0.0,0.0,0.0,0.0,0.0,0.0,0.0,0.0,1.0,0.0,0.0,0.3316326530612245,0.2727272727272727,0.0,0.14285714285714285,0.1111111111111111,1,4,1,0,0,0,0,0,0.0,0.0,0.0,940000.0
10623544,0,0.0,0.0,1.0,0.0,0.0,0.0,0.0,0.0,0.0,1.0,0.0,0.0,0.0,0.0,1.0,0.0,0.0,0.0,0.113265306122449,0.1818181818181818,0.09090909090909091,0.0,0.1111111111111111,3,3,1,0,0,0,0,1,0.0,0.0,0.0,319000.0
10623555,0,0.0,1.0,0.0,0.0,0.0,1.0,0.0,0.0,0.0,0.0,0.0,0.0,0.0,0.0,1.0,0.0,0.0,0.0,0.13571428571428573,0.1818181818181818,0.0,0.0,0.1111111111111111,1,3,1,0,0,0,0,0,0.0,0.0,0.0,399000.0
10623560,0,0.0,1.0,0.0,0.0,0.0,0.0,0.0,0.0,0.0,0.0,0.0,0.0,0.0,1.0,0.0,0.0,1.0,0.0,0.07959183673469389,0.09090909090909091,0.09090909090909091,0.0,0.05555555555555555,3,3,1,0,0,0,1,0,0.009000000000000001,0.0,0.0,235000.0
10623564,0,0.0,1.0,0.0,0.0,0.0,0.0,0.0,0.0,0.0,0.0,0.0,0.0,0.0,1.0,0.0,0.0,0.0,1.0,0.12244897959183676,0.09090909090909091,0.18181818181818182,0.0,0.05555555555555555,4,0,1,1,0,0,0,1,0.0,0.1,0.0,335000.0
10623556,0,1.0,0.0,0.0,0.0,1.0,0.0,0.0,0.0,0.0,0.0,0.0,0.0,0.0,0.0,0.0,1.0,0.0,0.0,0.163265306122449,0.09090909090909091,0.09090909090909091,0.07142857142857142,0.05555555555555555,2,4,0,0,0,0,1,1,0.037,0.37,0.0,745000.0
10623622,0,1.0,0.0,0.0,0.0,1.0,0.0,0.0,0.0,0.0,0.0,0.0,0.0,0.0,0.0,0.0,1.0,0.0,0.0,0.07142857142857142,0.09090909090909091,0.09090909090909091,0.0,0.05555555555555555,0,6,1,0,0,0,0,1,0.0,0.03,0.0,249999.0
10623612,0,1.0,0.0,0.0,0.0,1.0,0.0,0.0,0.0,0.0,0.0,0.0,0.0,0.0,0.0,0.0,0.0,0.0,1.0,0.0326530612244898,0.0,0.0,0.07142857142857142,0.0,5,5,0,0,0,0,0,0,0.0,0.0,0.0,139000.0
10623625,0,1.0,0.0,0.0,0.0,1.0,0.0,0.0,0.0,0.0,0.0,0.0,0.0,0.0,0.0,0.0,1.0,0.0,0.0,0.06836734693877553,0.09090909090909091,0.0,0.0,0.0,0,3,1,0,0,0,0,1,0.0,0.18,0.0,240000.0
10623626,0,1.0,0.0,0.0,0.0,1.0,0.0,0.0,0.0,0.0,0.0,0.0,0.0,0.0,0.0,0.0,1.0,0.0,0.0,0.07653061224489796,0.1818181818181818,0.09090909090909091,0.0,0.05555555555555555,0,7,1,0,0,0,0,1,0.0,0.18,0.0,250000.0
10623629,0,1.0,0.0,0.0,0.0,1.0,0.0,0.0,0.0,0.0,0.0,0.0,0.0,0.0,0.0,0.0,1.0,0.0,0.0,0.16836734693877553,0.2727272727272727,0.09090909090909091,0.07142857142857142,0.1111111111111111,0,6,0,0,0,0,0,1,0.0,0.45,0.0,370000.0
10623631,0,1.0,0.0,0.0,0.0,1.0,0.0,0.0,0.0,0.0,0.0,0.0,0.0,0.0,0.0,0.0,1.0,0.0,0.0,0.05510204081632653,0.0,0.09090909090909091,0.0,0.05555555555555555,0,7,0,0,0,0,0,1,0.0,0.05,0.0,205000.0
10623633,0,1.0,0.0,0.0,0.0,1.0,0.0,0.0,0.0,0.0,0.0,0.0,0.0,0.0,0.0,0.0,1.0,0.0,0.0,0.051020408163265314,0.09090909090909091,0.09090909090909091,0.0,0.05555555555555555,0,7,0,0,0,0,0,1,0.0,0.02,0.0,199900.0
10623632,0,0.0,1.0,0.0,0.0,0.0,0.0,1.0,0.0,0.0,0.0,0.0,0.0,0.0,0.0,0.0,0.0,0.0,1.0,0.06122448979591837,0.09090909090909091,0.0,0.07142857142857142,0.05555555555555555,0,3,1,0,0,0,0,1,0.0,0.16,0.0,174000.0
10623634,0,1.0,0.0,0.0,0.0,1.0,0.0,0.0,0.0,0.0,0.0,0.0,0.0,0.0,0.0,0.0,1.0,0.0,0.0,0.07653061224489796,0.1818181818181818,0.09090909090909091,0.0,0.0,0,2,1,0,0,0,0,1,0.0,0.22,0.0,249000.0
10623636,0,1.0,0.0,0.0,0.0,1.0,0.0,0.0,0.0,0.0,0.0,0.0,0.0,0.0,0.0,0.0,1.0,0.0,0.0,0.07142857142857142,0.09090909090909091,0.0,0.07142857142857142,0.05555555555555555,0,3,1,0,0,0,0,1,0.0,0.15,0.0,255000.0
10492572,0,0.0,1.0,0.0,0.0,0.0,0.0,1.0,0.0,0.0,0.0,0.0,0.0,0.0,0.0,0.0,0.0,0.0,1.0,0.08673469387755103,0.1818181818181818,0.0,0.0,0.05555555555555555,3,2,0,0,0,0,0,0,0.0,0.0,0.0,325000.0
10623647,1,0.0,1.0,0.0,0.0,0.0,0.0,0.0,0.0,1.0,0.0,0.0,0.0,0.0,0.0,0.0,0.0,0.0,1.0,0.1142857142857143,0.1818181818181818,0.09090909090909091,0.0,0.0,4,4,0,0,0,0,1,1,0.395,0.4,0.0004410897576390602,229000.0
10623669,0,1.0,0.0,0.0,0.0,1.0,0.0,0.0,0.0,0.0,0.0,0.0,0.0,0.0,0.0,0.0,1.0,0.0,0.0,0.07142857142857142,0.09090909090909091,0.09090909090909091,0.0,0.05555555555555555,3,4,1,0,0,0,0,0,0.0,0.0,0.0,295000.0
10623688,0,1.0,0.0,0.0,0.0,1.0,0.0,0.0,0.0,0.0,0.0,0.0,0.0,0.0,0.0,0.0,0.0,0.0,1.0,0.05000000000000001,0.0,0.0,0.07142857142857142,0.05555555555555555,1,2,1,1,0,0,0,1,0.0,0.26,0.0,370000.0
10623689,0,1.0,0.0,0.0,0.0,1.0,0.0,0.0,0.0,0.0,0.0,0.0,0.0,0.0,0.0,0.0,0.0,0.0,1.0,0.04693877551020408,0.0,0.0,0.07142857142857142,0.05555555555555555,1,2,1,1,0,0,0,1,0.0,0.15,0.0,350000.0
10623674,0,1.0,0.0,0.0,0.0,1.0,0.0,0.0,0.0,0.0,0.0,0.0,0.0,0.0,0.0,0.0,0.0,0.0,1.0,0.2530612244897959,0.2727272727272727,0.2727272727272727,0.14285714285714285,0.16666666666666666,4,4,1,0,0,0,0,1,0.0,0.03,0.0,990000.0
10623690,0,1.0,0.0,0.0,0.0,1.0,0.0,0.0,0.0,0.0,0.0,0.0,0.0,0.0,0.0,0.0,1.0,0.0,0.0,0.1510204081632653,0.2727272727272727,0.09090909090909091,0.07142857142857142,0.1111111111111111,0,7,0,1,0,0,0,0,0.0,0.0,0.0,485000.0
10623693,0,0.0,1.0,0.0,0.0,0.0,0.0,0.0,0.0,0.0,0.0,0.0,0.0,0.0,1.0,0.0,0.0,1.0,0.0,0.07551020408163267,0.1818181818181818,0.09090909090909091,0.0,0.05555555555555555,3,2,0,1,0,0,0,0,0.0,0.0,0.0,185000.0
10623741,0,0.0,1.0,0.0,1.0,0.0,0.0,0.0,0.0,0.0,0.0,0.0,0.0,0.0,0.0,0.0,0.0,1.0,0.0,0.05612244897959184,0.09090909090909091,0.09090909090909091,0.0,0.05555555555555555,3,2,1,1,0,0,0,1,0.0,0.04,0.0,199500.0
10623724,0,0.0,1.0,0.0,0.0,0.0,0.0,0.0,0.0,0.0,0.0,0.0,0.0,0.0,1.0,0.0,0.0,1.0,0.0,0.07959183673469389,0.1818181818181818,0.09090909090909091,0.07142857142857142,0.05555555555555555,0,3,1,1,0,0,0,1,0.0,0.0,0.0,450000.0
10623736,0,0.0,1.0,0.0,0.0,0.0,0.0,0.0,0.0,1.0,0.0,0.0,0.0,0.0,0.0,0.0,0.0,0.0,1.0,0.07653061224489796,0.09090909090909091,0.0,0.0,0.0,0,2,1,1,0,0,0,1,0.0,0.0,0.0,229000.0
10623750,0,0.0,1.0,0.0,1.0,0.0,0.0,0.0,0.0,0.0,0.0,0.0,0.0,0.0,0.0,0.0,0.0,0.0,1.0,0.04897959183673469,0.09090909090909091,0.0,0.0,0.05555555555555555,3,2,0,0,0,0,0,0,0.0,0.0,0.0,175000.0
10623742,0,0.0,1.0,0.0,1.0,0.0,0.0,0.0,0.0,0.0,0.0,0.0,0.0,0.0,0.0,0.0,1.0,0.0,0.0,0.059183673469387764,0.0,0.09090909090909091,0.0,0.05555555555555555,1,3,0,1,0,0,0,0,0.0,0.0,0.0,159900.0
10623768,0,0.0,1.0,0.0,0.0,0.0,1.0,0.0,0.0,0.0,0.0,0.0,0.0,0.0,0.0,0.0,0.0,0.0,1.0,0.07346938775510206,0.09090909090909091,0.09090909090909091,0.0,0.05555555555555555,3,1,0,1,0,0,0,1,0.0,0.15,0.0,259000.0
10623807,0,1.0,0.0,0.0,0.0,1.0,0.0,0.0,0.0,0.0,0.0,0.0,0.0,0.0,0.0,0.0,0.0,1.0,0.0,0.08571428571428572,0.09090909090909091,0.09090909090909091,0.07142857142857142,0.05555555555555555,3,2,1,0,0,0,0,1,0.0,0.07,0.0,325000.0
10623798,0,0.0,1.0,0.0,0.0,0.0,0.0,0.0,0.0,0.0,0.0,0.0,0.0,0.0,1.0,0.0,0.0,0.0,1.0,0.08673469387755103,0.1818181818181818,0.18181818181818182,0.0,0.1111111111111111,3,2,1,0,0,0,0,1,0.0,0.2,0.0,299000.0
10230566,1,0.0,1.0,0.0,0.0,0.0,0.0,0.0,0.0,1.0,0.0,0.0,0.0,0.0,0.0,0.0,0.0,0.0,1.0,0.27040816326530615,0.2727272727272727,0.09090909090909091,0.0,0.0,5,6,0,0,0,0,1,0,0.0,0.0,0.005255479004219239,585000.0
10623818,0,0.0,0.0,1.0,0.0,0.0,0.0,0.0,0.0,0.0,1.0,0.0,0.0,0.0,0.0,1.0,0.0,0.0,0.0,0.06938775510204082,0.1818181818181818,0.09090909090909091,0.0,0.05555555555555555,3,3,1,0,0,0,0,0,0.0,0.0,0.0,194000.0
10623832,0,0.0,1.0,0.0,1.0,0.0,0.0,0.0,0.0,0.0,0.0,0.0,0.0,0.0,0.0,0.0,0.0,1.0,0.0,0.10816326530612247,0.09090909090909091,0.09090909090909091,0.0,0.05555555555555555,0,0,1,1,0,0,0,1,0.0,0.34,0.0,365000.0
10623830,0,0.0,1.0,0.0,1.0,0.0,0.0,0.0,0.0,0.0,0.0,0.0,0.0,0.0,0.0,0.0,0.0,1.0,0.0,0.15816326530612246,0.1818181818181818,0.09090909090909091,0.07142857142857142,0.05555555555555555,0,0,1,1,0,0,1,1,0.0,0.28,0.0,399000.0
10623833,0,0.0,1.0,0.0,1.0,0.0,0.0,0.0,0.0,0.0,0.0,0.0,0.0,0.0,0.0,0.0,0.0,1.0,0.0,0.10816326530612247,0.09090909090909091,0.09090909090909091,0.0,0.05555555555555555,0,0,1,1,0,0,0,1,0.0,0.34,0.0,365000.0
10623836,0,0.0,1.0,0.0,1.0,0.0,0.0,0.0,0.0,0.0,0.0,0.0,0.0,0.0,0.0,0.0,0.0,1.0,0.0,0.07040816326530613,0.09090909090909091,0.09090909090909091,0.0,0.05555555555555555,0,0,1,1,0,0,1,1,0.0,0.08,0.0,286000.0
10623838,0,0.0,1.0,0.0,1.0,0.0,0.0,0.0,0.0,0.0,0.0,0.0,0.0,0.0,0.0,0.0,0.0,1.0,0.0,0.07040816326530613,0.09090909090909091,0.09090909090909091,0.0,0.05555555555555555,0,0,1,1,0,0,1,1,0.0,0.08,0.0,289000.0
10623839,0,0.0,1.0,0.0,1.0,0.0,0.0,0.0,0.0,0.0,0.0,0.0,0.0,0.0,0.0,0.0,0.0,1.0,0.0,0.05204081632653062,0.0,0.09090909090909091,0.0,0.05555555555555555,0,0,1,1,0,0,1,1,0.05,0.1,0.0,269000.0
10623840,0,0.0,1.0,0.0,1.0,0.0,0.0,0.0,0.0,0.0,0.0,0.0,0.0,0.0,0.0,0.0,0.0,1.0,0.0,0.05204081632653062,0.0,0.09090909090909091,0.0,0.05555555555555555,0,0,1,1,0,0,1,1,0.05,0.1,0.0,269000.0
10623842,0,0.0,1.0,0.0,1.0,0.0,0.0,0.0,0.0,0.0,0.0,0.0,0.0,0.0,0.0,0.0,0.0,1.0,0.0,0.07755102040816328,0.09090909090909091,0.09090909090909091,0.0,0.05555555555555555,0,0,1,1,0,0,1,1,0.062,0.1,0.0,310000.0
10623843,0,0.0,1.0,0.0,1.0,0.0,0.0,0.0,0.0,0.0,0.0,0.0,0.0,0.0,0.0,0.0,0.0,1.0,0.0,0.07755102040816328,0.09090909090909091,0.09090909090909091,0.0,0.05555555555555555,0,0,1,1,0,0,1,1,0.062,0.1,0.0,310000.0
10623877,0,1.0,0.0,0.0,0.0,1.0,0.0,0.0,0.0,0.0,0.0,0.0,0.0,0.0,0.0,0.0,1.0,0.0,0.0,0.04693877551020408,0.0,0.0,0.07142857142857142,0.05555555555555555,3,7,1,1,0,0,0,1,0.0,0.02,0.0,247000.0
10623841,0,0.0,1.0,0.0,1.0,0.0,0.0,0.0,0.0,0.0,0.0,0.0,0.0,0.0,0.0,0.0,0.0,1.0,0.0,0.07040816326530613,0.09090909090909091,0.09090909090909091,0.0,0.05555555555555555,0,0,1,1,0,0,1,1,0.0,0.08,0.0,287000.0
10623903,0,0.0,0.0,1.0,0.0,0.0,0.0,0.0,1.0,0.0,0.0,0.0,0.0,0.0,0.0,0.0,0.0,0.0,1.0,0.10204081632653061,0.1818181818181818,0.09090909090909091,0.0,0.1111111111111111,0,5,0,0,0,0,1,1,0.015,0.08,0.0,149000.0
10623896,0,0.0,1.0,0.0,0.0,0.0,0.0,0.0,0.0,0.0,0.0,0.0,0.0,0.0,1.0,0.0,0.0,0.0,1.0,0.015306122448979595,0.0,0.0,0.07142857142857142,0.05555555555555555,3,2,0,0,0,0,1,1,0.0,0.0,0.0,147000.0
10623905,0,0.0,1.0,0.0,0.0,0.0,0.0,0.0,0.0,0.0,0.0,0.0,0.0,0.0,1.0,0.0,0.0,0.0,1.0,0.057142857142857155,0.09090909090909091,0.09090909090909091,0.0,0.05555555555555555,3,4,1,0,0,0,0,0,0.0,0.0,0.0,150000.0
10623907,0,0.0,0.0,1.0,0.0,0.0,0.0,0.0,1.0,0.0,0.0,0.0,0.0,0.0,0.0,0.0,1.0,0.0,0.0,0.05612244897959184,0.09090909090909091,0.0,0.07142857142857142,0.05555555555555555,0,6,0,0,0,0,0,1,0.0,0.03,0.0,135000.0
10623916,0,1.0,0.0,0.0,0.0,1.0,0.0,0.0,0.0,0.0,0.0,0.0,0.0,0.0,0.0,0.0,1.0,0.0,0.0,0.0816326530612245,0.1818181818181818,0.09090909090909091,0.0,0.05555555555555555,0,7,1,0,0,0,0,1,0.0,0.08,0.0,259900.0
10623928,0,0.0,1.0,0.0,0.0,0.0,0.0,0.0,0.0,0.0,0.0,0.0,0.0,0.0,1.0,0.0,0.0,1.0,0.0,0.1112244897959184,0.1818181818181818,0.09090909090909091,0.0,0.05555555555555555,3,3,0,0,0,0,0,0,0.0,0.0,0.0,395000.0
10623934,0,0.0,1.0,0.0,0.0,0.0,1.0,0.0,0.0,0.0,0.0,0.0,0.0,0.0,0.0,0.0,0.0,1.0,0.0,0.1,0.09090909090909091,0.09090909090909091,0.0,0.05555555555555555,1,1,1,0,0,0,0,1,0.0,0.8,0.0,414000.0
10623935,0,0.0,1.0,0.0,0.0,0.0,0.0,0.0,0.0,0.0,0.0,0.0,0.0,0.0,1.0,0.0,0.0,0.0,1.0,0.07244897959183674,0.09090909090909091,0.09090909090909091,0.0,0.05555555555555555,3,1,0,0,0,0,0,0,0.0,0.0,0.0,199000.0
10623939,0,0.0,1.0,0.0,0.0,0.0,1.0,0.0,0.0,0.0,0.0,0.0,0.0,0.0,0.0,0.0,0.0,1.0,0.0,0.1326530612244898,0.1818181818181818,0.18181818181818182,0.0,0.1111111111111111,3,2,1,0,0,1,0,0,0.0,0.0,0.0,795000.0
10623941,0,0.0,1.0,0.0,0.0,0.0,0.0,0.0,0.0,0.0,0.0,0.0,0.0,0.0,1.0,0.0,0.0,1.0,0.0,0.06224489795918368,0.09090909090909091,0.09090909090909091,0.0,0.05555555555555555,0,1,1,0,0,0,0,1,0.0,0.05,0.0,659000.0
10623948,0,0.0,1.0,0.0,0.0,0.0,0.0,0.0,0.0,0.0,0.0,0.0,0.0,0.0,1.0,0.0,0.0,0.0,1.0,0.05816326530612246,0.09090909090909091,0.09090909090909091,0.07142857142857142,0.05555555555555555,0,0,1,1,0,0,0,1,0.0,0.0,0.0,275000.0
10623942,0,0.0,0.0,1.0,0.0,0.0,0.0,0.0,0.0,0.0,0.0,1.0,0.0,0.0,0.0,0.0,0.0,1.0,0.0,0.030612244897959183,0.0,0.09090909090909091,0.0,0.0,0,3,1,0,0,0,0,0,0.0,0.0,0.0,145000.0
10623959,0,0.0,1.0,0.0,0.0,0.0,0.0,0.0,0.0,0.0,0.0,0.0,0.0,0.0,1.0,0.0,0.0,0.0,1.0,0.030612244897959183,0.0,0.0,0.0,0.05555555555555555,3,2,1,0,0,0,0,0,0.0,0.0,0.0,189000.0
10623975,0,0.0,1.0,0.0,0.0,0.0,0.0,0.0,0.0,1.0,0.0,0.0,0.0,0.0,0.0,0.0,0.0,1.0,0.0,0.07857142857142857,0.09090909090909091,0.09090909090909091,0.0,0.05555555555555555,1,1,1,0,0,0,0,1,0.0,0.12,0.0,298000.0
10623980,0,0.0,1.0,0.0,1.0,0.0,0.0,0.0,0.0,0.0,0.0,0.0,0.0,0.0,0.0,0.0,1.0,0.0,0.0,0.06326530612244899,0.0,0.09090909090909091,0.0,0.05555555555555555,2,2,1,0,0,0,0,1,0.0,0.05,0.0,285000.0
10623977,1,0.0,1.0,0.0,0.0,0.0,0.0,1.0,0.0,0.0,0.0,0.0,0.0,0.0,0.0,0.0,0.0,0.0,1.0,0.10408163265306122,0.1818181818181818,0.18181818181818182,0.0,0.1111111111111111,4,3,0,0,0,0,1,1,0.125,0.04,0.00020357988814110472,495000.0
10623985,0,1.0,0.0,0.0,0.0,1.0,0.0,0.0,0.0,0.0,0.0,0.0,0.0,0.0,0.0,0.0,0.0,0.0,1.0,0.09591836734693879,0.1818181818181818,0.0,0.07142857142857142,0.0,0,4,1,0,0,0,0,1,0.0,0.02,0.0,340000.0
10623984,0,1.0,0.0,0.0,0.0,1.0,0.0,0.0,0.0,0.0,0.0,0.0,0.0,0.0,0.0,0.0,1.0,0.0,0.0,0.07244897959183674,0.09090909090909091,0.09090909090909091,0.0,0.05555555555555555,1,3,1,0,0,0,0,1,0.0,0.04,0.0,268000.0
10623999,0,0.0,1.0,0.0,1.0,0.0,0.0,0.0,0.0,0.0,0.0,0.0,0.0,0.0,0.0,0.0,1.0,0.0,0.0,0.13469387755102044,0.0,0.09090909090909091,0.0,0.05555555555555555,1,0,1,0,0,0,1,1,0.06,0.0,0.0,335000.0
10624043,0,0.0,1.0,0.0,0.0,0.0,1.0,0.0,0.0,0.0,0.0,0.0,0.0,0.0,0.0,0.0,0.0,1.0,0.0,0.04591836734693878,0.0,0.09090909090909091,0.0,0.0,0,0,0,0,0,0,0,1,0.0,0.05,0.0,219000.0
10623997,0,0.0,1.0,0.0,0.0,0.0,0.0,1.0,0.0,0.0,0.0,0.0,0.0,0.0,0.0,0.0,0.0,1.0,0.0,0.08571428571428572,0.09090909090909091,0.09090909090909091,0.0,0.0,3,2,1,0,0,0,0,1,0.0,0.04,0.0,255000.0
10624006,0,0.0,1.0,0.0,0.0,0.0,0.0,0.0,0.0,1.0,0.0,0.0,0.0,0.0,0.0,0.0,0.0,0.0,1.0,0.0816326530612245,0.09090909090909091,0.09090909090909091,0.0,0.0,3,2,1,0,0,0,0,1,0.0,0.0,0.0,289000.0
10624008,0,0.0,1.0,0.0,1.0,0.0,0.0,0.0,0.0,0.0,0.0,0.0,0.0,0.0,0.0,0.0,0.0,1.0,0.0,0.09081632653061225,0.09090909090909091,0.18181818181818182,0.0,0.0,3,3,0,0,0,0,0,0,0.0,0.0,0.0,349000.0
10624030,1,0.0,0.0,1.0,0.0,0.0,0.0,0.0,1.0,0.0,0.0,0.0,0.0,0.0,0.0,0.0,0.0,0.0,1.0,0.2448979591836735,0.4545454545454545,0.18181818181818182,0.0,0.0,0,0,0,0,0,0,1,1,0.5,0.25,0.0006244950622706861,375000.0
10624080,0,0.0,1.0,0.0,0.0,0.0,0.0,1.0,0.0,0.0,0.0,0.0,0.0,0.0,0.0,0.0,0.0,1.0,0.0,0.04489795918367347,0.0,0.09090909090909091,0.07142857142857142,0.05555555555555555,1,2,1,0,0,0,0,1,0.0,0.06,0.0,279000.0
10624075,0,0.0,1.0,0.0,0.0,0.0,1.0,0.0,0.0,0.0,0.0,0.0,0.0,0.0,0.0,0.0,0.0,1.0,0.0,0.08877551020408164,0.09090909090909091,0.09090909090909091,0.0,0.0,0,0,0,0,0,0,0,1,0.0,0.1,0.0,310000.0
10624057,0,0.0,1.0,0.0,0.0,0.0,0.0,0.0,0.0,0.0,0.0,0.0,0.0,0.0,1.0,0.0,0.0,1.0,0.0,0.057142857142857155,0.09090909090909091,0.18181818181818182,0.0,0.1111111111111111,1,3,1,0,0,0,0,1,0.0,0.0,0.0,1475000.0
10624082,0,0.0,0.0,1.0,0.0,0.0,0.0,0.0,1.0,0.0,0.0,0.0,0.0,0.0,0.0,0.0,1.0,0.0,0.0,0.1836734693877551,0.36363636363636365,0.0,0.0,0.0,0,0,0,1,0,0,0,0,0.0,0.0,0.0,175000.0
10624078,0,1.0,0.0,0.0,0.0,1.0,0.0,0.0,0.0,0.0,0.0,0.0,0.0,0.0,0.0,0.0,0.0,0.0,1.0,0.2112244897959184,0.2727272727272727,0.18181818181818182,0.14285714285714285,0.16666666666666666,1,4,1,0,0,0,0,1,0.0,0.25,0.0,895000.0
10493036,1,0.0,1.0,0.0,0.0,0.0,0.0,0.0,0.0,0.0,0.0,0.0,0.0,0.0,1.0,0.0,0.0,1.0,0.0,0.1653061224489796,0.36363636363636365,0.18181818181818182,0.14285714285714285,0.16666666666666666,3,2,0,0,0,0,0,1,0.0,0.0,0.00013296884585792875,1250000.0
10624086,0,1.0,0.0,0.0,0.0,1.0,0.0,0.0,0.0,0.0,0.0,0.0,0.0,0.0,0.0,0.0,1.0,0.0,0.0,0.07653061224489796,0.09090909090909091,0.09090909090909091,0.0,0.05555555555555555,0,6,1,1,0,0,1,1,0.09,0.08,0.0,339000.0
10624094,0,1.0,0.0,0.0,0.0,1.0,0.0,0.0,0.0,0.0,0.0,0.0,0.0,0.0,0.0,0.0,1.0,0.0,0.0,0.051020408163265314,0.0,0.09090909090909091,0.0,0.0,0,7,0,0,0,0,1,0,0.03,0.0,0.0,239000.0
10493035,0,0.0,1.0,0.0,0.0,0.0,0.0,0.0,0.0,0.0,0.0,0.0,0.0,0.0,1.0,0.0,0.0,1.0,0.0,0.05816326530612246,0.1818181818181818,0.18181818181818182,0.0,0.1111111111111111,1,1,1,0,0,0,0,1,0.0,0.0,0.0,795000.0
10624120,1,0.0,0.0,1.0,0.0,0.0,0.0,0.0,0.0,0.0,0.0,1.0,0.0,0.0,0.0,0.0,0.0,0.0,1.0,0.11224489795918369,0.1818181818181818,0.18181818181818182,0.0,0.05555555555555555,3,3,0,1,0,0,1,0,0.0,0.0,0.0,170000.0
10624167,0,0.0,1.0,0.0,0.0,0.0,0.0,0.0,0.0,0.0,0.0,0.0,0.0,0.0,1.0,0.0,0.0,0.0,1.0,0.04387755102040817,0.0,0.0,0.0,0.05555555555555555,3,1,0,0,0,0,0,1,0.0,0.0,0.0,240000.0
10624110,0,0.0,1.0,0.0,0.0,0.0,0.0,0.0,0.0,0.0,0.0,0.0,0.0,0.0,1.0,0.0,0.0,0.0,1.0,0.042857142857142864,0.0,0.09090909090909091,0.0,0.05555555555555555,1,1,1,1,0,0,0,1,0.0,0.0,0.0,325000.0
10624253,1,0.0,1.0,0.0,1.0,0.0,0.0,0.0,0.0,0.0,0.0,0.0,0.0,0.0,0.0,0.0,0.0,0.0,1.0,0.16836734693877553,0.2727272727272727,0.09090909090909091,0.0,0.1111111111111111,5,3,0,1,0,0,0,0,0.0,0.0,0.0002063309677105791,365000.0
10624170,0,0.0,0.0,1.0,0.0,0.0,0.0,0.0,0.0,0.0,1.0,0.0,0.0,0.0,0.0,0.0,1.0,0.0,0.0,0.0163265306122449,0.0,0.09090909090909091,0.07142857142857142,0.05555555555555555,1,2,0,0,0,0,0,0,0.0,0.0,0.0,149000.0
10624243,0,0.0,0.0,1.0,0.0,0.0,0.0,0.0,0.0,0.0,0.0,0.0,0.0,1.0,0.0,0.0,0.0,0.0,1.0,0.09693877551020408,0.1818181818181818,0.09090909090909091,0.07142857142857142,0.1111111111111111,3,2,1,0,0,0,1,1,0.35000000000000003,0.15,0.0,425000.0
10624283,0,0.0,1.0,0.0,0.0,0.0,1.0,0.0,0.0,0.0,0.0,0.0,0.0,0.0,0.0,0.0,0.0,0.0,1.0,0.0673469387755102,0.0,0.09090909090909091,0.0,0.05555555555555555,3,0,1,0,0,0,1,1,0.017,0.2,0.0,322000.0
10624264,0,0.0,0.0,1.0,0.0,0.0,0.0,0.0,0.0,0.0,0.0,0.0,0.0,1.0,0.0,0.0,0.0,0.0,1.0,0.0,0.0,0.0,0.07142857142857142,0.05555555555555555,3,4,0,0,0,0,0,0,0.0,0.0,0.0,120000.0
10624277,0,0.0,1.0,0.0,0.0,0.0,0.0,0.0,0.0,0.0,0.0,0.0,0.0,0.0,1.0,0.0,0.0,1.0,0.0,0.08979591836734696,0.1818181818181818,0.18181818181818182,0.0,0.0,3,0,0,0,0,0,0,1,0.0,0.12,0.0,745000.0
10624278,0,0.0,1.0,0.0,0.0,0.0,0.0,0.0,0.0,0.0,0.0,0.0,0.0,0.0,1.0,0.0,0.0,0.0,1.0,0.020408163265306124,0.0,0.09090909090909091,0.0,0.05555555555555555,0,5,0,0,0,0,0,0,0.0,0.0,0.0,155000.0
10624323,0,0.0,1.0,0.0,1.0,0.0,0.0,0.0,0.0,0.0,0.0,0.0,0.0,0.0,0.0,0.0,0.0,1.0,0.0,0.06938775510204082,0.09090909090909091,0.09090909090909091,0.0,0.05555555555555555,3,2,0,1,0,0,0,1,0.0,0.03,0.0,239000.0
10624304,0,0.0,1.0,0.0,1.0,0.0,0.0,0.0,0.0,0.0,0.0,0.0,0.0,0.0,0.0,1.0,0.0,0.0,0.0,0.04693877551020408,0.0,0.09090909090909091,0.0,0.05555555555555555,0,6,0,1,0,0,0,0,0.0,0.0,0.0,299000.0
10624324,0,0.0,1.0,0.0,1.0,0.0,0.0,0.0,0.0,0.0,0.0,0.0,0.0,0.0,0.0,0.0,1.0,0.0,0.0,0.030612244897959183,0.0,0.09090909090909091,0.0,0.05555555555555555,3,1,1,1,0,0,0,1,0.0,0.13,0.0,224000.0
10624314,0,0.0,1.0,0.0,0.0,0.0,1.0,0.0,0.0,0.0,0.0,0.0,0.0,0.0,0.0,1.0,0.0,0.0,0.0,0.12040816326530615,0.1818181818181818,0.18181818181818182,0.0,0.1111111111111111,0,2,1,1,0,0,0,1,0.0,0.09,0.0,395000.0
10624337,0,0.0,1.0,0.0,0.0,0.0,1.0,0.0,0.0,0.0,0.0,0.0,0.0,0.0,0.0,0.0,0.0,0.0,1.0,0.07551020408163267,0.09090909090909091,0.09090909090909091,0.0,0.05555555555555555,1,0,1,0,0,0,1,1,0.07100000000000001,0.16,0.0,349000.0
10493267,0,0.0,1.0,0.0,0.0,0.0,0.0,0.0,0.0,0.0,0.0,0.0,0.0,0.0,1.0,0.0,0.0,0.0,1.0,0.051020408163265314,0.09090909090909091,0.09090909090909091,0.0,0.05555555555555555,3,3,1,0,0,0,0,0,0.0,0.0,0.0,195000.0
10624339,0,0.0,1.0,0.0,0.0,0.0,1.0,0.0,0.0,0.0,0.0,0.0,0.0,0.0,0.0,0.0,0.0,0.0,1.0,0.07346938775510206,0.09090909090909091,0.09090909090909091,0.0,0.05555555555555555,3,0,1,0,0,0,0,1,0.0,0.16,0.0,305000.0
10624333,0,0.0,1.0,0.0,0.0,0.0,0.0,0.0,0.0,0.0,0.0,0.0,0.0,0.0,1.0,0.0,0.0,1.0,0.0,0.05510204081632653,0.0,0.09090909090909091,0.0,0.0,1,0,1,0,0,0,0,1,0.0,0.09,0.0,210179.0
10624335,0,0.0,1.0,0.0,0.0,0.0,0.0,0.0,0.0,0.0,0.0,0.0,0.0,0.0,1.0,0.0,0.0,1.0,0.0,0.06122448979591837,0.09090909090909091,0.09090909090909091,0.0,0.0,1,0,1,0,0,0,0,1,0.0,0.06,0.0,229350.0
10624341,0,0.0,1.0,0.0,0.0,0.0,1.0,0.0,0.0,0.0,0.0,0.0,0.0,0.0,0.0,0.0,0.0,0.0,1.0,0.05306122448979592,0.0,0.09090909090909091,0.0,0.05555555555555555,1,0,1,0,0,0,0,1,0.0,0.11,0.0,255000.0
10624347,0,0.0,1.0,0.0,0.0,0.0,1.0,0.0,0.0,0.0,0.0,0.0,0.0,0.0,0.0,0.0,0.0,0.0,1.0,0.07346938775510206,0.09090909090909091,0.09090909090909091,0.0,0.05555555555555555,1,0,1,0,0,0,0,1,0.0,0.1,0.0,310000.0
10624343,0,0.0,1.0,0.0,0.0,0.0,1.0,0.0,0.0,0.0,0.0,0.0,0.0,0.0,0.0,0.0,0.0,0.0,1.0,0.10612244897959186,0.09090909090909091,0.09090909090909091,0.0,0.05555555555555555,1,0,1,0,0,0,0,1,0.0,0.13,0.0,369000.0
10624345,0,0.0,1.0,0.0,0.0,0.0,1.0,0.0,0.0,0.0,0.0,0.0,0.0,0.0,0.0,0.0,0.0,0.0,1.0,0.07551020408163267,0.09090909090909091,0.09090909090909091,0.0,0.05555555555555555,1,0,1,0,0,0,0,1,0.0,0.1,0.0,315000.0
10624349,0,0.0,1.0,0.0,0.0,0.0,1.0,0.0,0.0,0.0,0.0,0.0,0.0,0.0,0.0,0.0,0.0,0.0,1.0,0.05306122448979592,0.0,0.09090909090909091,0.0,0.05555555555555555,1,0,1,0,0,0,0,1,0.0,0.11,0.0,265000.0
10624351,0,0.0,1.0,0.0,0.0,0.0,1.0,0.0,0.0,0.0,0.0,0.0,0.0,0.0,0.0,0.0,0.0,0.0,1.0,0.10612244897959186,0.09090909090909091,0.09090909090909091,0.0,0.05555555555555555,1,0,1,0,0,0,0,1,0.0,0.13,0.0,385000.0
10624355,0,0.0,1.0,0.0,0.0,0.0,1.0,0.0,0.0,0.0,0.0,0.0,0.0,0.0,0.0,0.0,0.0,0.0,1.0,0.07346938775510206,0.09090909090909091,0.09090909090909091,0.0,0.05555555555555555,1,0,1,0,0,0,0,1,0.0,0.1,0.0,315000.0
10624353,0,0.0,1.0,0.0,0.0,0.0,1.0,0.0,0.0,0.0,0.0,0.0,0.0,0.0,0.0,0.0,0.0,0.0,1.0,0.07551020408163267,0.09090909090909091,0.09090909090909091,0.0,0.05555555555555555,1,0,1,0,0,0,0,1,0.0,0.1,0.0,325000.0
10624357,0,0.0,1.0,0.0,0.0,0.0,1.0,0.0,0.0,0.0,0.0,0.0,0.0,0.0,0.0,0.0,0.0,0.0,1.0,0.05306122448979592,0.0,0.09090909090909091,0.0,0.05555555555555555,1,0,1,0,0,0,0,1,0.0,0.11,0.0,275000.0
10624360,0,0.0,1.0,0.0,0.0,0.0,1.0,0.0,0.0,0.0,0.0,0.0,0.0,0.0,0.0,0.0,0.0,0.0,1.0,0.10612244897959186,0.09090909090909091,0.09090909090909091,0.0,0.05555555555555555,1,0,1,0,0,0,0,1,0.0,0.13,0.0,399000.0
10624371,0,0.0,1.0,0.0,1.0,0.0,0.0,0.0,0.0,0.0,0.0,0.0,0.0,0.0,0.0,0.0,0.0,0.0,1.0,0.051020408163265314,0.09090909090909091,0.09090909090909091,0.0,0.05555555555555555,3,2,0,1,0,0,0,1,0.0,0.02,0.0,209000.0
10624397,0,0.0,1.0,0.0,1.0,0.0,0.0,0.0,0.0,0.0,0.0,0.0,0.0,0.0,0.0,0.0,0.0,1.0,0.0,0.07142857142857142,0.09090909090909091,0.09090909090909091,0.0,0.05555555555555555,3,2,1,1,0,0,0,0,0.0,0.0,0.0,229000.0
10624402,0,0.0,0.0,1.0,0.0,0.0,0.0,0.0,0.0,0.0,0.0,1.0,0.0,0.0,0.0,0.0,0.0,1.0,0.0,0.0836734693877551,0.09090909090909091,0.09090909090909091,0.0,0.05555555555555555,3,3,1,1,0,0,0,1,0.0,0.07,0.0,315000.0
10624405,0,1.0,0.0,0.0,0.0,1.0,0.0,0.0,0.0,0.0,0.0,0.0,0.0,0.0,0.0,0.0,0.0,1.0,0.0,0.0816326530612245,0.09090909090909091,0.09090909090909091,0.0,0.1111111111111111,0,6,1,1,0,0,0,1,0.0,0.02,0.0,345000.0
10624412,0,0.0,1.0,0.0,1.0,0.0,0.0,0.0,0.0,0.0,0.0,0.0,0.0,0.0,0.0,0.0,0.0,0.0,1.0,0.04591836734693878,0.0,0.09090909090909091,0.0,0.0,0,1,1,1,0,0,0,1,0.0,0.0,0.0,325000.0
10624392,0,0.0,1.0,0.0,1.0,0.0,0.0,0.0,0.0,0.0,0.0,0.0,0.0,0.0,0.0,1.0,0.0,0.0,0.0,0.12244897959183676,0.09090909090909091,0.09090909090909091,0.0,0.1111111111111111,3,6,1,1,0,0,0,1,0.0,0.03,0.0,379000.0
10624416,0,0.0,1.0,0.0,1.0,0.0,0.0,0.0,0.0,0.0,0.0,0.0,0.0,0.0,0.0,0.0,0.0,1.0,0.0,0.07448979591836735,0.1818181818181818,0.09090909090909091,0.0,0.05555555555555555,1,3,0,1,0,0,0,0,0.0,0.0,0.0,210000.0
10624441,0,1.0,0.0,0.0,0.0,1.0,0.0,0.0,0.0,0.0,0.0,0.0,0.0,0.0,0.0,0.0,0.0,1.0,0.0,0.07551020408163267,0.09090909090909091,0.09090909090909091,0.07142857142857142,0.05555555555555555,4,7,1,0,0,0,0,1,0.0,0.09,0.0,305000.0
10624415,0,0.0,1.0,0.0,1.0,0.0,0.0,0.0,0.0,0.0,0.0,0.0,0.0,0.0,0.0,0.0,0.0,0.0,1.0,0.07448979591836735,0.09090909090909091,0.09090909090909091,0.0,0.0,3,3,0,1,0,0,0,1,0.0,0.0,0.0,215000.0
10624430,0,1.0,0.0,0.0,0.0,1.0,0.0,0.0,0.0,0.0,0.0,0.0,0.0,0.0,0.0,0.0,1.0,0.0,0.0,0.04183673469387755,0.0,0.09090909090909091,0.0,0.05555555555555555,1,0,1,1,0,0,0,0,0.0,0.0,0.0,189000.0
10624449,0,1.0,0.0,0.0,0.0,1.0,0.0,0.0,0.0,0.0,0.0,0.0,0.0,0.0,0.0,0.0,1.0,0.0,0.0,0.08673469387755103,0.09090909090909091,0.09090909090909091,0.0,0.05555555555555555,5,0,1,1,0,0,0,1,0.0,0.09,0.0,325000.0
10624458,0,0.0,1.0,0.0,0.0,0.0,1.0,0.0,0.0,0.0,0.0,0.0,0.0,0.0,0.0,0.0,0.0,0.0,1.0,0.07653061224489796,0.09090909090909091,0.09090909090909091,0.0,0.05555555555555555,0,3,0,0,0,0,0,1,0.0,0.32,0.0,297000.0
10624496,1,0.0,1.0,0.0,0.0,0.0,0.0,1.0,0.0,0.0,0.0,0.0,0.0,0.0,0.0,1.0,0.0,0.0,0.0,0.12040816326530615,0.1818181818181818,0.18181818181818182,0.0,0.16666666666666666,3,2,0,1,0,0,1,0,0.042,0.0,0.00011462831539476617,405000.0
10624465,0,0.0,1.0,0.0,0.0,0.0,0.0,0.0,0.0,0.0,0.0,0.0,0.0,0.0,1.0,0.0,0.0,0.0,1.0,0.0673469387755102,0.09090909090909091,0.09090909090909091,0.0,0.05555555555555555,4,3,0,0,0,0,0,1,0.0,0.0,0.0,245000.0
10624478,0,0.0,1.0,0.0,0.0,0.0,0.0,0.0,0.0,0.0,0.0,0.0,0.0,0.0,1.0,0.0,0.0,0.0,1.0,0.09387755102040818,0.1818181818181818,0.18181818181818182,0.0,0.0,0,0,0,0,0,0,0,1,0.0,0.35000000000000003,0.0,505083.0
10624480,0,0.0,1.0,0.0,0.0,0.0,0.0,0.0,0.0,0.0,0.0,0.0,0.0,0.0,1.0,0.0,0.0,0.0,1.0,0.07857142857142857,0.09090909090909091,0.09090909090909091,0.0,0.0,0,0,1,0,0,0,0,0,0.0,0.0,0.0,615000.0
10624479,0,0.0,1.0,0.0,1.0,0.0,0.0,0.0,0.0,0.0,0.0,0.0,0.0,0.0,0.0,0.0,0.0,0.0,1.0,0.12142857142857144,0.1818181818181818,0.09090909090909091,0.0,0.05555555555555555,0,2,0,1,0,0,0,1,0.0,0.08,0.0,399000.0
10624504,0,0.0,1.0,0.0,1.0,0.0,0.0,0.0,0.0,0.0,0.0,0.0,0.0,0.0,0.0,0.0,0.0,1.0,0.0,0.07653061224489796,0.09090909090909091,0.09090909090909091,0.0,0.05555555555555555,3,2,0,0,0,0,0,0,0.0,0.0,0.0,255000.0
10624514,0,0.0,0.0,1.0,0.0,0.0,0.0,0.0,1.0,0.0,0.0,0.0,0.0,0.0,0.0,1.0,0.0,0.0,0.0,0.06428571428571428,0.09090909090909091,0.0,0.07142857142857142,0.05555555555555555,2,4,1,1,0,0,0,0,0.0,0.0,0.0,158000.0
10624598,0,0.0,0.0,1.0,0.0,0.0,0.0,0.0,0.0,0.0,1.0,0.0,0.0,0.0,0.0,1.0,0.0,0.0,0.0,0.11938775510204083,0.09090909090909091,0.09090909090909091,0.0,0.1111111111111111,0,2,0,1,0,0,0,1,0.0,0.3,0.0,235000.0
10624596,0,0.0,1.0,0.0,0.0,0.0,0.0,0.0,0.0,1.0,0.0,0.0,0.0,0.0,0.0,0.0,0.0,1.0,0.0,0.07959183673469389,0.09090909090909091,0.09090909090909091,0.0,0.0,3,4,0,1,0,0,0,0,0.0,0.0,0.0,199000.0
10624600,0,0.0,0.0,1.0,0.0,0.0,0.0,0.0,0.0,0.0,1.0,0.0,0.0,0.0,0.0,1.0,0.0,0.0,0.0,0.0673469387755102,0.0,0.09090909090909091,0.0,0.05555555555555555,0,2,0,1,0,0,0,0,0.0,0.0,0.0,195000.0
10624599,0,0.0,0.0,1.0,0.0,0.0,0.0,0.0,0.0,0.0,1.0,0.0,0.0,0.0,0.0,1.0,0.0,0.0,0.0,0.08673469387755103,0.09090909090909091,0.09090909090909091,0.0,0.05555555555555555,0,2,0,1,0,0,0,0,0.0,0.0,0.0,210000.0
10624605,0,1.0,0.0,0.0,0.0,1.0,0.0,0.0,0.0,0.0,0.0,0.0,0.0,0.0,0.0,0.0,1.0,0.0,0.0,0.06632653061224492,0.09090909090909091,0.09090909090909091,0.0,0.05555555555555555,4,5,0,1,0,0,0,1,0.0,0.03,0.0,245000.0
10624623,0,0.0,1.0,0.0,0.0,0.0,0.0,0.0,0.0,1.0,0.0,0.0,0.0,0.0,0.0,0.0,0.0,1.0,0.0,0.05612244897959184,0.0,0.09090909090909091,0.0,0.05555555555555555,2,2,0,1,0,0,0,1,0.0,0.14,0.0,235000.0
10624625,0,0.0,1.0,0.0,0.0,0.0,0.0,0.0,0.0,1.0,0.0,0.0,0.0,0.0,0.0,0.0,0.0,1.0,0.0,0.08979591836734696,0.09090909090909091,0.09090909090909091,0.0,0.1111111111111111,2,0,0,1,0,0,0,1,0.0,0.12,0.0,325000.0
10624635,0,1.0,0.0,0.0,0.0,1.0,0.0,0.0,0.0,0.0,0.0,0.0,0.0,0.0,0.0,0.0,0.0,0.0,1.0,0.057142857142857155,0.0,0.09090909090909091,0.0,0.05555555555555555,5,7,0,1,0,0,0,0,0.0,0.0,0.0,269000.0
10624634,0,1.0,0.0,0.0,0.0,1.0,0.0,0.0,0.0,0.0,0.0,0.0,0.0,0.0,0.0,0.0,0.0,0.0,1.0,0.10714285714285715,0.09090909090909091,0.18181818181818182,0.0,0.1111111111111111,5,5,0,1,0,0,1,1,0.05,0.17,0.0,395000.0
10624653,0,0.0,1.0,0.0,1.0,0.0,0.0,0.0,0.0,0.0,0.0,0.0,0.0,0.0,0.0,0.0,0.0,0.0,1.0,0.08265306122448982,0.09090909090909091,0.09090909090909091,0.0,0.1111111111111111,2,2,0,1,0,0,0,1,0.0,0.13,0.0,339000.0
10624644,0,0.0,1.0,0.0,0.0,0.0,0.0,0.0,0.0,0.0,0.0,0.0,0.0,0.0,1.0,0.0,0.0,1.0,0.0,0.07551020408163267,0.0,0.09090909090909091,0.0,0.05555555555555555,3,3,0,1,0,0,0,0,0.0,0.0,0.0,179000.0
10624643,0,0.0,1.0,0.0,0.0,0.0,0.0,0.0,0.0,0.0,0.0,0.0,0.0,0.0,1.0,0.0,0.0,1.0,0.0,0.1969387755102041,0.1818181818181818,0.09090909090909091,0.0,0.1111111111111111,3,2,1,1,0,0,0,1,0.0,0.42,0.0,449000.0
10624652,0,0.0,1.0,0.0,1.0,0.0,0.0,0.0,0.0,0.0,0.0,0.0,0.0,0.0,0.0,0.0,0.0,0.0,1.0,0.07448979591836735,0.09090909090909091,0.09090909090909091,0.0,0.1111111111111111,2,3,0,1,0,0,0,1,0.0,0.09,0.0,319000.0
10624648,0,0.0,1.0,0.0,0.0,0.0,0.0,0.0,0.0,1.0,0.0,0.0,0.0,0.0,0.0,0.0,0.0,1.0,0.0,0.06122448979591837,0.0,0.09090909090909091,0.0,0.1111111111111111,0,5,0,1,0,0,0,0,0.0,0.0,0.0,185000.0
10624667,0,0.0,1.0,0.0,0.0,0.0,0.0,0.0,0.0,0.0,0.0,0.0,0.0,0.0,1.0,0.0,0.0,0.0,1.0,0.07448979591836735,0.09090909090909091,0.09090909090909091,0.0,0.05555555555555555,1,6,0,0,0,0,1,1,0.0,0.0,0.0,269000.0
10624657,0,1.0,0.0,0.0,0.0,1.0,0.0,0.0,0.0,0.0,0.0,0.0,0.0,0.0,0.0,0.0,0.0,0.0,1.0,0.3316326530612245,0.1818181818181818,0.18181818181818182,0.07142857142857142,0.0,0,0,1,0,0,0,1,1,0.2,1.0,0.0,2450000.0
10624684,0,0.0,0.0,1.0,0.0,0.0,0.0,0.0,0.0,0.0,1.0,0.0,0.0,0.0,0.0,0.0,0.0,0.0,1.0,0.10204081632653061,0.09090909090909091,0.09090909090909091,0.07142857142857142,0.05555555555555555,1,1,0,1,0,0,1,1,0.0,0.12,0.0,280000.0
10624673,0,0.0,1.0,0.0,0.0,0.0,0.0,0.0,0.0,0.0,0.0,0.0,0.0,0.0,1.0,0.0,0.0,0.0,1.0,0.0326530612244898,0.0,0.09090909090909091,0.0,0.05555555555555555,4,3,0,0,0,0,0,0,0.0,0.0,0.0,159000.0
10624703,0,0.0,1.0,0.0,0.0,0.0,0.0,0.0,0.0,0.0,0.0,0.0,0.0,0.0,1.0,0.0,0.0,0.0,1.0,0.08979591836734696,0.09090909090909091,0.0,0.0,0.0,4,3,1,0,0,0,0,0,0.0,0.0,0.0,155000.0
10624685,0,0.0,0.0,1.0,0.0,0.0,0.0,0.0,0.0,0.0,1.0,0.0,0.0,0.0,0.0,1.0,0.0,0.0,0.0,0.07142857142857142,0.09090909090909091,0.09090909090909091,0.0,0.05555555555555555,4,2,0,1,0,0,0,1,0.0,0.0,0.0,225000.0
10493617,0,0.0,1.0,0.0,0.0,0.0,0.0,0.0,0.0,0.0,0.0,0.0,0.0,0.0,1.0,0.0,0.0,0.0,1.0,0.06224489795918368,0.09090909090909091,0.09090909090909091,0.0,0.05555555555555555,1,4,1,0,0,0,0,1,0.0,0.0,0.0,339000.0
10624704,0,0.0,1.0,0.0,0.0,0.0,0.0,0.0,0.0,0.0,0.0,0.0,0.0,0.0,1.0,0.0,0.0,1.0,0.0,0.09183673469387757,0.09090909090909091,0.09090909090909091,0.0,0.0,1,2,0,0,0,0,0,0,0.0,0.0,0.0,269000.0
10624708,0,0.0,1.0,0.0,0.0,0.0,0.0,0.0,0.0,0.0,0.0,0.0,0.0,0.0,1.0,0.0,0.0,0.0,1.0,0.03775510204081633,0.0,0.09090909090909091,0.0,0.05555555555555555,1,3,1,0,0,0,1,1,0.0,0.0,0.0,275000.0
10624713,0,0.0,1.0,0.0,0.0,0.0,1.0,0.0,0.0,0.0,0.0,0.0,0.0,0.0,0.0,0.0,0.0,1.0,0.0,0.09489795918367347,0.1818181818181818,0.09090909090909091,0.0,0.05555555555555555,0,2,1,0,0,0,0,1,0.0,0.12,0.0,315000.0
10624727,0,0.0,1.0,0.0,0.0,0.0,1.0,0.0,0.0,0.0,0.0,0.0,0.0,0.0,0.0,0.0,0.0,1.0,0.0,0.07142857142857142,0.09090909090909091,0.09090909090909091,0.0,0.05555555555555555,2,3,0,0,0,0,0,1,0.0,0.0,0.0,219000.0
10624729,0,0.0,1.0,0.0,0.0,0.0,0.0,0.0,0.0,0.0,0.0,0.0,0.0,0.0,1.0,0.0,0.0,0.0,1.0,0.025510204081632654,0.0,0.09090909090909091,0.0,0.05555555555555555,2,4,0,0,0,0,1,1,0.0,0.0,0.0,198000.0
10624734,0,0.0,1.0,0.0,0.0,0.0,0.0,0.0,0.0,0.0,0.0,0.0,0.0,0.0,1.0,0.0,0.0,1.0,0.0,0.0816326530612245,0.09090909090909091,0.09090909090909091,0.07142857142857142,0.1111111111111111,0,0,0,0,0,0,0,0,0.0,0.0,0.0,665000.0
10624763,0,0.0,1.0,0.0,0.0,0.0,1.0,0.0,0.0,0.0,0.0,0.0,0.0,0.0,0.0,0.0,0.0,1.0,0.0,0.07142857142857142,0.09090909090909091,0.09090909090909091,0.0,0.1111111111111111,1,4,1,0,0,0,0,1,0.0,0.0,0.0,235000.0
10624770,0,0.0,0.0,1.0,0.0,0.0,0.0,0.0,1.0,0.0,0.0,0.0,0.0,0.0,0.0,0.0,0.0,0.0,1.0,0.13571428571428573,0.1818181818181818,0.09090909090909091,0.0,0.05555555555555555,0,0,1,0,0,0,1,1,1.0,0.15,0.0,446000.0
10624783,0,0.0,1.0,0.0,1.0,0.0,0.0,0.0,0.0,0.0,0.0,0.0,0.0,0.0,0.0,0.0,0.0,0.0,1.0,0.2653061224489796,0.1818181818181818,0.18181818181818182,0.0,0.0,0,2,1,0,0,0,1,1,0.0,0.0,0.0,739000.0
10624795,0,0.0,1.0,0.0,0.0,0.0,0.0,0.0,0.0,0.0,0.0,0.0,0.0,0.0,1.0,0.0,0.0,0.0,1.0,0.059183673469387764,0.09090909090909091,0.09090909090909091,0.0,0.05555555555555555,1,3,1,0,1,0,0,1,0.0,0.06,0.0,595000.0
10624785,0,0.0,1.0,0.0,0.0,0.0,0.0,0.0,0.0,0.0,0.0,0.0,0.0,0.0,1.0,0.0,0.0,1.0,0.0,0.10204081632653061,0.09090909090909091,0.18181818181818182,0.0,0.05555555555555555,0,0,1,0,0,0,1,1,0.0,0.16,0.0,367000.0
10362662,0,1.0,0.0,0.0,0.0,1.0,0.0,0.0,0.0,0.0,0.0,0.0,0.0,0.0,0.0,0.0,1.0,0.0,0.0,0.10306122448979593,0.1818181818181818,0.18181818181818182,0.07142857142857142,0.05555555555555555,1,3,1,0,0,0,0,1,0.0,0.07,0.0,429000.0
10624803,0,0.0,1.0,0.0,0.0,0.0,0.0,0.0,0.0,0.0,0.0,0.0,0.0,0.0,1.0,0.0,0.0,0.0,1.0,0.04693877551020408,0.0,0.0,0.0,0.0,0,2,1,0,0,0,0,1,0.0,0.27,0.0,216000.0
10624805,0,0.0,1.0,0.0,0.0,0.0,0.0,0.0,0.0,0.0,0.0,0.0,0.0,0.0,1.0,0.0,0.0,1.0,0.0,0.051020408163265314,0.09090909090909091,0.09090909090909091,0.07142857142857142,0.05555555555555555,0,0,0,0,0,0,0,1,0.0,0.09,0.0,481000.0
10624806,0,0.0,1.0,0.0,0.0,0.0,0.0,0.0,0.0,0.0,0.0,0.0,0.0,0.0,1.0,0.0,0.0,1.0,0.0,0.0326530612244898,0.0,0.09090909090909091,0.07142857142857142,0.05555555555555555,0,0,1,0,0,0,0,1,0.0,0.12,0.0,379000.0
10624824,0,0.0,1.0,0.0,0.0,0.0,0.0,0.0,0.0,0.0,0.0,0.0,0.0,0.0,1.0,0.0,0.0,1.0,0.0,0.04795918367346939,0.0,0.09090909090909091,0.0,0.05555555555555555,0,1,1,0,0,0,0,1,0.0,0.0,0.0,269000.0
10624811,0,1.0,0.0,0.0,0.0,1.0,0.0,0.0,0.0,0.0,0.0,0.0,0.0,0.0,0.0,0.0,0.0,0.0,1.0,0.05612244897959184,0.09090909090909091,0.09090909090909091,0.0,0.0,5,3,1,0,0,0,0,1,0.0,0.0,0.0,238000.0
10624828,0,0.0,1.0,0.0,0.0,0.0,1.0,0.0,0.0,0.0,0.0,0.0,0.0,0.0,0.0,1.0,0.0,0.0,0.0,0.02142857142857143,0.0,0.09090909090909091,0.0,0.05555555555555555,1,3,0,0,0,0,0,0,0.0,0.0,0.0,225000.0
10624829,0,0.0,1.0,0.0,0.0,0.0,1.0,0.0,0.0,0.0,0.0,0.0,0.0,0.0,0.0,1.0,0.0,0.0,0.0,0.0979591836734694,0.1818181818181818,0.09090909090909091,0.0,0.0,0,1,0,0,0,0,1,1,0.08,0.14,0.0,645700.0
10624835,0,0.0,1.0,0.0,1.0,0.0,0.0,0.0,0.0,0.0,0.0,0.0,0.0,0.0,0.0,0.0,0.0,0.0,1.0,0.10408163265306122,0.09090909090909091,0.0,0.0,0.0,1,0,1,0,0,0,0,1,0.0,0.12,0.0,348000.0
10624846,0,0.0,1.0,0.0,0.0,0.0,0.0,0.0,0.0,0.0,0.0,0.0,0.0,0.0,1.0,0.0,0.0,0.0,1.0,0.09693877551020408,0.09090909090909091,0.09090909090909091,0.0,0.05555555555555555,1,1,1,0,0,0,0,1,0.0,0.0,0.0,249000.0
10624849,1,0.0,0.0,1.0,0.0,0.0,0.0,0.0,0.0,0.0,0.0,0.0,1.0,0.0,0.0,0.0,0.0,1.0,0.0,0.0816326530612245,0.2727272727272727,0.09090909090909091,0.0,0.05555555555555555,5,6,0,0,0,0,0,0,0.0,0.0,0.0,199000.0
10624844,0,0.0,1.0,0.0,0.0,0.0,0.0,0.0,0.0,0.0,0.0,0.0,0.0,0.0,1.0,0.0,0.0,0.0,1.0,0.042857142857142864,0.0,0.09090909090909091,0.0,0.05555555555555555,1,3,0,0,0,0,0,0,0.0,0.0,0.0,165000.0
10624842,0,0.0,1.0,0.0,0.0,0.0,1.0,0.0,0.0,0.0,0.0,0.0,0.0,0.0,0.0,0.0,0.0,0.0,1.0,0.1326530612244898,0.1818181818181818,0.18181818181818182,0.0,0.05555555555555555,0,0,1,0,0,0,1,1,0.0,0.0,0.0,399500.0
10624851,1,0.0,1.0,0.0,0.0,0.0,0.0,0.0,0.0,0.0,0.0,0.0,0.0,0.0,1.0,0.0,0.0,0.0,1.0,0.09081632653061225,0.1818181818181818,0.09090909090909091,0.0,0.05555555555555555,5,6,0,0,0,0,1,0,0.0,0.0,0.0003438849461842985,195000.0
10624879,0,0.0,1.0,0.0,1.0,0.0,0.0,0.0,0.0,0.0,0.0,0.0,0.0,0.0,0.0,0.0,0.0,1.0,0.0,0.05612244897959184,0.09090909090909091,0.09090909090909091,0.0,0.05555555555555555,0,1,1,0,0,0,0,1,0.0,0.04,0.0,179900.0
10493789,1,0.0,1.0,0.0,0.0,0.0,0.0,1.0,0.0,0.0,0.0,0.0,0.0,0.0,0.0,0.0,0.0,0.0,1.0,0.15714285714285717,0.1818181818181818,0.09090909090909091,0.0,0.1111111111111111,0,0,0,0,0,0,0,0,0.0,0.0,0.0007611320142212473,679459.0
10624878,0,0.0,1.0,0.0,1.0,0.0,0.0,0.0,0.0,0.0,0.0,0.0,0.0,0.0,0.0,0.0,1.0,0.0,0.0,0.2163265306122449,0.1818181818181818,0.2727272727272727,0.0,0.0,5,5,0,0,0,0,0,0,0.0,0.0,0.0,389000.0
10624880,0,0.0,1.0,0.0,1.0,0.0,0.0,0.0,0.0,0.0,0.0,0.0,0.0,0.0,0.0,0.0,0.0,0.0,1.0,0.0816326530612245,0.09090909090909091,0.09090909090909091,0.0,0.05555555555555555,0,2,1,0,0,0,0,1,0.0,0.08,0.0,199000.0
10624900,0,0.0,1.0,0.0,0.0,0.0,0.0,0.0,0.0,0.0,0.0,0.0,0.0,0.0,1.0,0.0,0.0,0.0,1.0,0.07244897959183674,0.09090909090909091,0.09090909090909091,0.0,0.05555555555555555,1,1,1,0,0,0,1,1,0.0,0.0,0.0,199000.0
10624906,0,0.0,1.0,0.0,1.0,0.0,0.0,0.0,0.0,0.0,0.0,0.0,0.0,0.0,0.0,0.0,0.0,1.0,0.0,0.05408163265306123,0.09090909090909091,0.09090909090909091,0.0,0.05555555555555555,1,2,0,0,0,0,0,0,0.0,0.0,0.0,335000.0
10624917,0,0.0,1.0,0.0,1.0,0.0,0.0,0.0,0.0,0.0,0.0,0.0,0.0,0.0,0.0,0.0,1.0,0.0,0.0,0.06122448979591837,0.09090909090909091,0.09090909090909091,0.0,0.05555555555555555,0,0,1,0,0,0,0,1,0.0,0.15,0.0,319500.0
10624915,0,0.0,1.0,0.0,0.0,0.0,1.0,0.0,0.0,0.0,0.0,0.0,0.0,0.0,0.0,0.0,0.0,0.0,1.0,0.09693877551020408,0.09090909090909091,0.0,0.0,0.0,1,3,0,0,0,0,1,0,0.0,0.0,0.0,315000.0
10624771,0,0.0,0.0,1.0,0.0,0.0,0.0,0.0,1.0,0.0,0.0,0.0,0.0,0.0,0.0,0.0,0.0,0.0,1.0,0.04795918367346939,0.0,0.09090909090909091,0.0,0.05555555555555555,0,0,1,0,0,0,1,1,1.0,0.17,0.0,229000.0
10624918,0,0.0,1.0,0.0,1.0,0.0,0.0,0.0,0.0,0.0,0.0,0.0,0.0,0.0,0.0,0.0,1.0,0.0,0.0,0.09693877551020408,0.09090909090909091,0.09090909090909091,0.0,0.1111111111111111,0,0,1,0,0,0,0,1,0.0,0.15,0.0,369000.0
10624946,0,0.0,1.0,0.0,1.0,0.0,0.0,0.0,0.0,0.0,0.0,0.0,0.0,0.0,0.0,0.0,0.0,0.0,1.0,0.07653061224489796,0.09090909090909091,0.09090909090909091,0.0,0.05555555555555555,1,3,0,0,0,0,0,1,0.0,0.02,0.0,209900.0
10624967,0,0.0,1.0,0.0,0.0,0.0,0.0,0.0,0.0,0.0,0.0,0.0,0.0,0.0,1.0,0.0,0.0,0.0,1.0,0.05816326530612246,0.09090909090909091,0.09090909090909091,0.0,0.1111111111111111,0,4,1,0,0,0,0,1,0.0,0.0,0.0,685000.0
10624966,0,0.0,1.0,0.0,0.0,0.0,0.0,0.0,0.0,0.0,0.0,0.0,0.0,0.0,1.0,0.0,0.0,0.0,1.0,0.022448979591836733,0.0,0.09090909090909091,0.0,0.05555555555555555,0,3,0,0,0,0,0,0,0.0,0.0,0.0,225000.0
10625041,0,0.0,1.0,0.0,1.0,0.0,0.0,0.0,0.0,0.0,0.0,0.0,0.0,0.0,0.0,0.0,0.0,0.0,1.0,0.0836734693877551,0.09090909090909091,0.18181818181818182,0.0,0.05555555555555555,2,2,0,0,0,0,0,1,0.0,0.0,0.0,335000.0
10625035,0,0.0,1.0,0.0,0.0,0.0,0.0,0.0,0.0,0.0,0.0,0.0,0.0,0.0,1.0,0.0,0.0,0.0,1.0,0.05510204081632653,0.09090909090909091,0.09090909090909091,0.0,0.05555555555555555,1,2,1,0,0,0,1,0,0.0,0.0,0.0,299000.0
10625045,0,0.0,1.0,0.0,0.0,0.0,1.0,0.0,0.0,0.0,0.0,0.0,0.0,0.0,0.0,1.0,0.0,0.0,0.0,0.04591836734693878,0.0,0.09090909090909091,0.0,0.05555555555555555,1,3,0,0,0,0,0,0,0.0,0.0,0.0,220000.0
10625043,0,0.0,1.0,0.0,1.0,0.0,0.0,0.0,0.0,0.0,0.0,0.0,0.0,0.0,0.0,0.0,0.0,0.0,1.0,0.13673469387755105,0.09090909090909091,0.09090909090909091,0.0,0.05555555555555555,2,2,0,0,0,0,0,0,0.0,0.0,0.0,415000.0
10625042,0,0.0,1.0,0.0,1.0,0.0,0.0,0.0,0.0,0.0,0.0,0.0,0.0,0.0,0.0,0.0,0.0,0.0,1.0,0.07653061224489796,0.09090909090909091,0.18181818181818182,0.0,0.05555555555555555,2,2,0,0,0,0,0,1,0.0,0.0,0.0,315000.0
10625044,0,0.0,1.0,0.0,1.0,0.0,0.0,0.0,0.0,0.0,0.0,0.0,0.0,0.0,0.0,0.0,0.0,0.0,1.0,0.09183673469387757,0.09090909090909091,0.09090909090909091,0.0,0.05555555555555555,2,2,0,0,0,0,1,0,0.0,0.0,0.0,375000.0
10625057,0,0.0,1.0,0.0,0.0,0.0,0.0,0.0,0.0,0.0,0.0,0.0,0.0,0.0,1.0,0.0,0.0,0.0,1.0,0.08979591836734696,0.09090909090909091,0.09090909090909091,0.0,0.05555555555555555,4,3,0,1,0,0,0,1,0.0,0.0,0.0,155000.0
10625054,0,1.0,0.0,0.0,0.0,1.0,0.0,0.0,0.0,0.0,0.0,0.0,0.0,0.0,0.0,0.0,1.0,0.0,0.0,0.1326530612244898,0.1818181818181818,0.18181818181818182,0.14285714285714285,0.16666666666666666,1,3,0,0,0,0,0,0,0.0,0.0,0.0,585000.0
10625058,0,1.0,0.0,0.0,0.0,1.0,0.0,0.0,0.0,0.0,0.0,0.0,0.0,0.0,0.0,0.0,1.0,0.0,0.0,0.05510204081632653,0.0,0.09090909090909091,0.0,0.05555555555555555,1,5,0,0,0,0,1,1,0.025,0.0,0.0,495000.0
10625073,0,0.0,1.0,0.0,1.0,0.0,0.0,0.0,0.0,0.0,0.0,0.0,0.0,0.0,0.0,0.0,0.0,0.0,1.0,0.0653061224489796,0.09090909090909091,0.09090909090909091,0.0,0.05555555555555555,0,3,0,0,0,0,0,0,0.0,0.0,0.0,219000.0
10625077,0,0.0,1.0,0.0,1.0,0.0,0.0,0.0,0.0,0.0,0.0,0.0,0.0,0.0,0.0,0.0,0.0,1.0,0.0,0.09387755102040818,0.09090909090909091,0.09090909090909091,0.0,0.0,0,3,0,0,0,0,0,0,0.0,0.0,0.0,270000.0
10625093,0,1.0,0.0,0.0,0.0,1.0,0.0,0.0,0.0,0.0,0.0,0.0,0.0,0.0,0.0,0.0,1.0,0.0,0.0,0.1295918367346939,0.09090909090909091,0.09090909090909091,0.0,0.05555555555555555,5,6,1,0,0,0,0,1,0.0,0.1,0.0,340000.0
10625088,0,0.0,1.0,0.0,0.0,0.0,0.0,0.0,0.0,1.0,0.0,0.0,0.0,0.0,0.0,0.0,0.0,1.0,0.0,0.04693877551020408,0.0,0.09090909090909091,0.0,0.0,3,4,0,0,0,0,0,0,0.0,0.0,0.0,179000.0
10625095,0,1.0,0.0,0.0,0.0,1.0,0.0,0.0,0.0,0.0,0.0,0.0,0.0,0.0,0.0,0.0,0.0,0.0,1.0,0.07653061224489796,0.09090909090909091,0.09090909090909091,0.07142857142857142,0.1111111111111111,1,5,0,0,0,0,1,1,0.068,0.28,0.0,375000.0
10625100,0,0.0,0.0,1.0,0.0,0.0,0.0,0.0,0.0,0.0,1.0,0.0,0.0,0.0,0.0,0.0,1.0,0.0,0.0,0.06632653061224492,0.09090909090909091,0.09090909090909091,0.0,0.05555555555555555,3,4,1,0,0,0,0,1,0.0,0.02,0.0,195000.0
10624972,0,0.0,1.0,0.0,0.0,0.0,1.0,0.0,0.0,0.0,0.0,0.0,0.0,0.0,0.0,0.0,0.0,1.0,0.0,0.0653061224489796,0.09090909090909091,0.09090909090909091,0.0,0.05555555555555555,2,2,1,0,0,0,1,1,0.0,0.21,0.0,180000.0
10625111,0,0.0,0.0,1.0,0.0,0.0,0.0,0.0,0.0,0.0,0.0,1.0,0.0,0.0,0.0,0.0,0.0,0.0,1.0,0.07244897959183674,0.09090909090909091,0.09090909090909091,0.0,0.1111111111111111,2,2,0,0,0,0,0,1,0.0,0.32,0.0,215000.0
10625109,0,0.0,1.0,0.0,1.0,0.0,0.0,0.0,0.0,0.0,0.0,0.0,0.0,0.0,0.0,0.0,0.0,0.0,1.0,0.05816326530612246,0.0,0.09090909090909091,0.0,0.05555555555555555,3,2,1,0,0,0,0,1,0.0,0.07,0.0,195000.0
10494051,0,0.0,1.0,0.0,0.0,0.0,0.0,0.0,0.0,0.0,0.0,0.0,0.0,0.0,1.0,0.0,0.0,0.0,1.0,0.12448979591836737,0.09090909090909091,0.18181818181818182,0.14285714285714285,0.0,0,0,1,0,0,0,0,1,0.0,0.29,0.0,525000.0
10625140,0,0.0,1.0,0.0,0.0,0.0,1.0,0.0,0.0,0.0,0.0,0.0,0.0,0.0,0.0,0.0,0.0,1.0,0.0,0.0326530612244898,0.0,0.09090909090909091,0.0,0.05555555555555555,1,2,1,0,0,0,0,1,0.0,0.1,0.0,245000.0
10625158,0,1.0,0.0,0.0,0.0,1.0,0.0,0.0,0.0,0.0,0.0,0.0,0.0,0.0,0.0,1.0,0.0,0.0,0.0,0.2142857142857143,0.1818181818181818,0.2727272727272727,0.0,0.16666666666666666,1,4,0,0,0,0,0,1,0.0,0.36,0.0,649000.0
10625162,1,1.0,0.0,0.0,0.0,1.0,0.0,0.0,0.0,0.0,0.0,0.0,0.0,0.0,0.0,0.0,0.0,0.0,1.0,0.2091836734693878,0.2727272727272727,0.09090909090909091,0.0,0.0,5,7,0,0,0,0,0,1,0.0,0.3,0.00010637507668634301,420000.0
10494104,0,1.0,0.0,0.0,0.0,1.0,0.0,0.0,0.0,0.0,0.0,0.0,0.0,0.0,0.0,0.0,0.0,0.0,1.0,0.10714285714285715,0.1818181818181818,0.18181818181818182,0.14285714285714285,0.1111111111111111,3,7,1,0,0,0,0,1,0.0,0.36,0.0,330000.0
10625211,1,0.0,1.0,0.0,1.0,0.0,0.0,0.0,0.0,0.0,0.0,0.0,0.0,0.0,0.0,0.0,0.0,1.0,0.0,0.20408163265306126,0.2727272727272727,0.18181818181818182,0.0,0.1111111111111111,1,3,0,0,0,0,0,0,0.0,0.0,0.0015057575510256484,1149000.0
10625215,0,0.0,1.0,0.0,1.0,0.0,0.0,0.0,0.0,0.0,0.0,0.0,0.0,0.0,0.0,0.0,1.0,0.0,0.0,0.22448979591836737,0.09090909090909091,0.18181818181818182,0.0,0.0,1,2,1,0,0,0,0,1,0.0,0.32,0.0,749000.0
10625222,0,0.0,0.0,1.0,0.0,0.0,0.0,0.0,1.0,0.0,0.0,0.0,0.0,0.0,0.0,0.0,0.0,1.0,0.0,0.1326530612244898,0.09090909090909091,0.18181818181818182,0.14285714285714285,0.1111111111111111,1,3,0,0,0,0,0,1,0.0,0.5,0.0,249500.0
10363074,0,1.0,0.0,0.0,0.0,1.0,0.0,0.0,0.0,0.0,0.0,0.0,0.0,0.0,0.0,0.0,0.0,0.0,1.0,0.05306122448979592,0.0,0.09090909090909091,0.0,0.05555555555555555,0,0,1,1,0,0,0,1,0.0,0.15,0.0,219000.0
10625210,0,0.0,1.0,0.0,0.0,0.0,1.0,0.0,0.0,0.0,0.0,0.0,0.0,0.0,0.0,0.0,0.0,0.0,1.0,0.0326530612244898,0.0,0.09090909090909091,0.0,0.05555555555555555,3,2,1,0,0,0,0,0,0.0,0.0,0.0,160000.0
10625247,0,0.0,1.0,0.0,0.0,0.0,0.0,0.0,0.0,0.0,0.0,0.0,0.0,0.0,1.0,0.0,0.0,1.0,0.0,0.07346938775510206,0.09090909090909091,0.18181818181818182,0.14285714285714285,0.05555555555555555,3,2,1,0,0,0,0,1,0.0,0.5,0.0,750000.0
10625242,0,0.0,1.0,0.0,0.0,0.0,1.0,0.0,0.0,0.0,0.0,0.0,0.0,0.0,0.0,0.0,0.0,0.0,1.0,0.09183673469387757,0.09090909090909091,0.09090909090909091,0.0,0.05555555555555555,1,1,0,0,0,0,0,1,0.0,0.08,0.0,259000.0
10625271,0,0.0,1.0,0.0,1.0,0.0,0.0,0.0,0.0,0.0,0.0,0.0,0.0,0.0,0.0,0.0,0.0,0.0,1.0,0.07142857142857142,0.09090909090909091,0.09090909090909091,0.07142857142857142,0.1111111111111111,1,2,0,0,0,0,0,1,0.0,0.04,0.0,299000.0
10625294,0,0.0,0.0,1.0,0.0,0.0,0.0,0.0,0.0,0.0,0.0,1.0,0.0,0.0,0.0,0.0,0.0,0.0,1.0,0.030612244897959183,0.0,0.09090909090909091,0.0,0.0,1,3,0,0,0,0,0,1,0.0,0.0,0.0,149000.0
10625273,0,0.0,1.0,0.0,1.0,0.0,0.0,0.0,0.0,0.0,0.0,0.0,0.0,0.0,0.0,0.0,0.0,0.0,1.0,0.0979591836734694,0.09090909090909091,0.09090909090909091,0.07142857142857142,0.1111111111111111,1,2,0,0,0,0,1,1,0.20800000000000002,0.15,0.0,374500.0
10625272,0,0.0,1.0,0.0,1.0,0.0,0.0,0.0,0.0,0.0,0.0,0.0,0.0,0.0,0.0,0.0,0.0,0.0,1.0,0.07142857142857142,0.09090909090909091,0.09090909090909091,0.07142857142857142,0.1111111111111111,1,2,0,0,0,0,0,1,0.0,0.04,0.0,299000.0
10625310,0,0.0,1.0,0.0,1.0,0.0,0.0,0.0,0.0,0.0,0.0,0.0,0.0,0.0,0.0,0.0,0.0,1.0,0.0,0.06428571428571428,0.09090909090909091,0.09090909090909091,0.0,0.05555555555555555,1,2,0,1,0,0,0,0,0.0,0.0,0.0,239000.0
10494234,1,0.0,0.0,1.0,0.0,0.0,0.0,0.0,1.0,0.0,0.0,0.0,0.0,0.0,0.0,0.0,1.0,0.0,0.0,0.163265306122449,0.2727272727272727,0.09090909090909091,0.0,0.0,1,0,0,0,0,0,0,1,0.0,0.26,0.00022008636555795105,185000.0
10625326,0,1.0,0.0,0.0,0.0,1.0,0.0,0.0,0.0,0.0,0.0,0.0,0.0,0.0,0.0,0.0,0.0,0.0,1.0,0.12040816326530615,0.1818181818181818,0.18181818181818182,0.07142857142857142,0.1111111111111111,4,6,1,0,0,0,0,1,0.0,0.22,0.0,525000.0
10625268,0,0.0,1.0,0.0,0.0,0.0,1.0,0.0,0.0,0.0,0.0,0.0,0.0,0.0,0.0,0.0,1.0,0.0,0.0,0.13775510204081634,0.2727272727272727,0.09090909090909091,0.0,0.1111111111111111,3,3,1,0,0,0,0,1,0.0,0.0,0.0,329000.0
10625327,0,1.0,0.0,0.0,0.0,1.0,0.0,0.0,0.0,0.0,0.0,0.0,0.0,0.0,0.0,0.0,0.0,0.0,1.0,0.2530612244897959,0.2727272727272727,0.18181818181818182,0.07142857142857142,0.1111111111111111,1,4,1,0,0,0,0,1,0.0,0.03,0.0,990000.0
10625328,0,1.0,0.0,0.0,0.0,1.0,0.0,0.0,0.0,0.0,0.0,0.0,0.0,0.0,0.0,1.0,0.0,0.0,0.0,0.1836734693877551,0.09090909090909091,0.18181818181818182,0.07142857142857142,0.1111111111111111,2,4,1,0,0,0,0,0,0.0,0.0,0.0,865000.0
10625334,0,1.0,0.0,0.0,0.0,1.0,0.0,0.0,0.0,0.0,0.0,0.0,0.0,0.0,0.0,0.0,0.0,0.0,1.0,0.15306122448979595,0.1818181818181818,0.18181818181818182,0.14285714285714285,0.1111111111111111,1,2,1,0,0,0,0,1,0.0,0.0,0.0,765000.0
10625340,0,0.0,0.0,1.0,0.0,0.0,0.0,0.0,0.0,0.0,1.0,0.0,0.0,0.0,0.0,0.0,0.0,0.0,1.0,0.018367346938775515,0.0,0.09090909090909091,0.0,0.0,3,6,0,0,0,0,0,1,0.0,0.0,0.0,35000.0
10625335,0,1.0,0.0,0.0,0.0,1.0,0.0,0.0,0.0,0.0,0.0,0.0,0.0,0.0,0.0,1.0,0.0,0.0,0.0,0.08061224489795918,0.0,0.09090909090909091,0.07142857142857142,0.05555555555555555,1,2,1,0,0,0,0,1,0.0,0.5700000000000001,0.0,675000.0
10625341,0,0.0,0.0,1.0,0.0,0.0,0.0,0.0,0.0,0.0,1.0,0.0,0.0,0.0,0.0,0.0,0.0,0.0,1.0,0.1326530612244898,0.1818181818181818,0.09090909090909091,0.0,0.0,1,2,0,0,0,0,0,1,0.0,0.0,0.0,360000.0
10625356,0,1.0,0.0,0.0,0.0,1.0,0.0,0.0,0.0,0.0,0.0,0.0,0.0,0.0,0.0,0.0,1.0,0.0,0.0,0.02755102040816327,0.0,0.09090909090909091,0.07142857142857142,0.05555555555555555,1,7,0,0,0,0,0,0,0.0,0.0,0.0,169000.0
10625346,0,0.0,1.0,0.0,1.0,0.0,0.0,0.0,0.0,0.0,0.0,0.0,0.0,0.0,0.0,0.0,0.0,1.0,0.0,0.1,0.09090909090909091,0.09090909090909091,0.0,0.0,0,2,1,0,0,0,0,1,0.0,0.0,0.0,199000.0
10494285,0,0.0,0.0,1.0,0.0,0.0,0.0,0.0,0.0,0.0,1.0,0.0,0.0,0.0,0.0,0.0,0.0,1.0,0.0,0.04795918367346939,0.09090909090909091,0.09090909090909091,0.0,0.05555555555555555,0,2,1,0,0,0,0,1,0.0,0.04,0.0,210000.0
10625343,0,0.0,1.0,0.0,1.0,0.0,0.0,0.0,0.0,0.0,0.0,0.0,0.0,0.0,0.0,0.0,1.0,0.0,0.0,0.05306122448979592,0.09090909090909091,0.09090909090909091,0.0,0.0,0,2,1,0,0,0,0,1,0.0,0.02,0.0,187000.0
10625358,0,0.0,1.0,0.0,0.0,0.0,0.0,1.0,0.0,0.0,0.0,0.0,0.0,0.0,0.0,0.0,0.0,0.0,1.0,0.06122448979591837,0.0,0.09090909090909091,0.0,0.05555555555555555,1,2,1,0,0,0,0,1,0.0,0.07,0.0,300000.0
10625364,0,1.0,0.0,0.0,0.0,1.0,0.0,0.0,0.0,0.0,0.0,0.0,0.0,0.0,0.0,1.0,0.0,0.0,0.0,0.11734693877551022,0.1818181818181818,0.18181818181818182,0.0,0.05555555555555555,3,5,0,0,0,0,0,1,0.0,0.0,0.0,370000.0
10625365,0,0.0,1.0,0.0,0.0,0.0,1.0,0.0,0.0,0.0,0.0,0.0,0.0,0.0,0.0,1.0,0.0,0.0,0.0,0.018367346938775515,0.0,0.09090909090909091,0.0,0.0,4,3,1,0,0,0,0,1,0.0,0.4,0.0,225000.0
10625369,0,0.0,1.0,0.0,1.0,0.0,0.0,0.0,0.0,0.0,0.0,0.0,0.0,0.0,0.0,1.0,0.0,0.0,0.0,0.08979591836734696,0.09090909090909091,0.09090909090909091,0.0,0.0,0,1,1,0,0,0,0,1,0.0,0.07,0.0,699000.0
10625372,0,0.0,1.0,0.0,0.0,0.0,0.0,0.0,0.0,0.0,0.0,0.0,0.0,0.0,1.0,0.0,0.0,1.0,0.0,0.059183673469387764,0.09090909090909091,0.18181818181818182,0.0,0.0,1,3,1,0,0,0,0,1,0.0,0.0,0.0,695000.0
10625371,0,0.0,1.0,0.0,0.0,0.0,0.0,0.0,0.0,0.0,0.0,0.0,0.0,0.0,1.0,0.0,0.0,1.0,0.0,0.06632653061224492,0.09090909090909091,0.18181818181818182,0.0,0.1111111111111111,3,2,1,0,0,0,0,1,0.0,0.0,0.0,795000.0
10625375,0,0.0,1.0,0.0,1.0,0.0,0.0,0.0,0.0,0.0,0.0,0.0,0.0,0.0,0.0,0.0,0.0,0.0,1.0,0.0816326530612245,0.09090909090909091,0.09090909090909091,0.0,0.05555555555555555,3,2,0,0,0,0,0,1,0.0,0.0,0.0,269000.0
10625381,0,0.0,1.0,0.0,0.0,0.0,0.0,1.0,0.0,0.0,0.0,0.0,0.0,0.0,0.0,1.0,0.0,0.0,0.0,0.07653061224489796,0.0,0.09090909090909091,0.0,0.05555555555555555,1,2,0,0,0,0,0,0,0.0,0.0,0.0,495000.0
10625380,0,0.0,1.0,0.0,0.0,0.0,0.0,1.0,0.0,0.0,0.0,0.0,0.0,0.0,0.0,1.0,0.0,0.0,0.0,0.07653061224489796,0.09090909090909091,0.09090909090909091,0.0,0.05555555555555555,1,3,0,0,0,0,0,0,0.0,0.0,0.0,545000.0
10625366,0,0.0,1.0,0.0,1.0,0.0,0.0,0.0,0.0,0.0,0.0,0.0,0.0,0.0,0.0,1.0,0.0,0.0,0.0,0.07653061224489796,0.09090909090909091,0.09090909090909091,0.0,0.0,3,3,1,0,0,0,0,1,0.0,0.0,0.0,430000.0
10625384,0,0.0,1.0,0.0,0.0,0.0,0.0,0.0,0.0,0.0,0.0,0.0,0.0,0.0,1.0,0.0,0.0,1.0,0.0,0.07346938775510206,0.09090909090909091,0.18181818181818182,0.0,0.1111111111111111,3,2,1,0,0,0,0,1,0.0,0.75,0.0,750000.0
10625389,0,0.0,1.0,0.0,0.0,0.0,0.0,1.0,0.0,0.0,0.0,0.0,0.0,0.0,0.0,0.0,0.0,0.0,1.0,0.02142857142857143,0.0,0.09090909090909091,0.0,0.05555555555555555,3,5,0,0,0,0,0,0,0.0,0.0,0.0,149500.0
10625391,0,0.0,0.0,1.0,0.0,0.0,0.0,0.0,1.0,0.0,0.0,0.0,0.0,0.0,0.0,0.0,0.0,0.0,1.0,0.10816326530612247,0.1818181818181818,0.09090909090909091,0.07142857142857142,0.1111111111111111,2,3,0,0,0,0,0,1,0.0,0.3,0.0,239900.0
10625386,0,1.0,0.0,0.0,0.0,1.0,0.0,0.0,0.0,0.0,0.0,0.0,0.0,0.0,0.0,0.0,0.0,0.0,1.0,0.06122448979591837,0.0,0.09090909090909091,0.0,0.05555555555555555,3,7,1,0,0,0,0,1,0.0,0.14,0.0,215000.0
10625419,0,0.0,1.0,0.0,1.0,0.0,0.0,0.0,0.0,0.0,0.0,0.0,0.0,0.0,0.0,0.0,0.0,1.0,0.0,0.11224489795918369,0.1818181818181818,0.18181818181818182,0.0,0.0,1,2,1,0,0,0,0,1,0.0,0.1,0.0,399000.0
10625403,0,1.0,0.0,0.0,0.0,1.0,0.0,0.0,0.0,0.0,0.0,0.0,0.0,0.0,0.0,0.0,0.0,0.0,1.0,0.07551020408163267,0.09090909090909091,0.18181818181818182,0.0,0.05555555555555555,1,2,1,0,0,0,0,1,0.0,0.0,0.0,374000.0
10625399,0,0.0,0.0,1.0,0.0,0.0,0.0,0.0,0.0,0.0,1.0,0.0,0.0,0.0,0.0,1.0,0.0,0.0,0.0,0.05408163265306123,0.09090909090909091,0.09090909090909091,0.2857142857142857,0.05555555555555555,3,2,1,0,0,0,0,0,0.0,0.0,0.0,175000.0
10625454,0,0.0,1.0,0.0,0.0,0.0,1.0,0.0,0.0,0.0,0.0,0.0,0.0,0.0,0.0,0.0,0.0,0.0,1.0,0.07551020408163267,0.09090909090909091,0.09090909090909091,0.0,0.05555555555555555,1,1,1,0,0,0,0,1,0.0,0.24,0.0,299000.0
10625426,0,1.0,0.0,0.0,0.0,1.0,0.0,0.0,0.0,0.0,0.0,0.0,0.0,0.0,0.0,0.0,0.0,0.0,1.0,0.3,0.09090909090909091,0.2727272727272727,0.0,0.0,1,6,1,0,0,0,0,1,0.0,1.0,0.0,2990000.0
10625450,0,0.0,1.0,0.0,0.0,0.0,0.0,0.0,0.0,1.0,0.0,0.0,0.0,0.0,0.0,0.0,0.0,0.0,1.0,0.07142857142857142,0.09090909090909091,0.09090909090909091,0.0,0.05555555555555555,3,2,1,0,0,0,0,1,0.0,0.14,0.0,224000.0
10625428,0,1.0,0.0,0.0,0.0,1.0,0.0,0.0,0.0,0.0,0.0,0.0,0.0,0.0,0.0,0.0,0.0,0.0,1.0,0.12551020408163266,0.09090909090909091,0.0,0.0,0.0,1,2,1,0,0,0,0,1,0.0,1.0,0.0,1350000.0
10625457,0,0.0,1.0,0.0,1.0,0.0,0.0,0.0,0.0,0.0,0.0,0.0,0.0,0.0,0.0,0.0,0.0,0.0,1.0,0.10204081632653061,0.09090909090909091,0.09090909090909091,0.0,0.0,0,0,0,0,0,0,1,1,0.06,0.0,0.0,259000.0
10625459,0,0.0,1.0,0.0,1.0,0.0,0.0,0.0,0.0,0.0,0.0,0.0,0.0,0.0,0.0,0.0,0.0,1.0,0.0,0.15612244897959185,0.2727272727272727,0.18181818181818182,0.0,0.0,5,5,0,0,0,0,0,0,0.0,0.0,0.0,299000.0
10625471,0,0.0,1.0,0.0,0.0,0.0,0.0,1.0,0.0,0.0,0.0,0.0,0.0,0.0,0.0,0.0,0.0,0.0,1.0,0.14285714285714288,0.1818181818181818,0.09090909090909091,0.0,0.1111111111111111,3,2,1,0,0,0,0,1,0.0,0.1,0.0,389000.0
10625451,0,0.0,1.0,0.0,0.0,0.0,0.0,0.0,0.0,1.0,0.0,0.0,0.0,0.0,0.0,0.0,0.0,0.0,1.0,0.22448979591836737,0.2727272727272727,0.18181818181818182,0.0,0.0,5,0,0,0,0,0,0,0,0.0,0.0,0.0,375000.0
10625470,0,0.0,1.0,0.0,1.0,0.0,0.0,0.0,0.0,0.0,0.0,0.0,0.0,0.0,0.0,0.0,0.0,0.0,1.0,0.05612244897959184,0.09090909090909091,0.09090909090909091,0.07142857142857142,0.05555555555555555,3,2,1,0,0,0,0,1,0.0,0.08,0.0,269000.0
10625519,0,0.0,1.0,0.0,0.0,0.0,0.0,1.0,0.0,0.0,0.0,0.0,0.0,0.0,0.0,0.0,0.0,1.0,0.0,0.10102040816326532,0.1818181818181818,0.09090909090909091,0.0,0.05555555555555555,3,5,0,0,0,0,0,1,0.0,0.0,0.0,254000.0
10625553,0,0.0,1.0,0.0,0.0,0.0,0.0,1.0,0.0,0.0,0.0,0.0,0.0,0.0,0.0,0.0,0.0,1.0,0.0,0.07959183673469389,0.09090909090909091,0.09090909090909091,0.0,0.05555555555555555,3,2,1,1,0,0,0,1,0.0,0.05,0.0,269000.0
10625565,0,0.0,0.0,1.0,0.0,0.0,0.0,0.0,1.0,0.0,0.0,0.0,0.0,0.0,0.0,1.0,0.0,0.0,0.0,0.2142857142857143,0.1818181818181818,0.09090909090909091,0.07142857142857142,0.1111111111111111,1,4,1,0,0,0,0,1,0.0,1.0,0.0,498000.0
10625576,0,0.0,1.0,0.0,1.0,0.0,0.0,0.0,0.0,0.0,0.0,0.0,0.0,0.0,0.0,0.0,1.0,0.0,0.0,0.14285714285714288,0.09090909090909091,0.09090909090909091,0.07142857142857142,0.05555555555555555,2,2,1,0,0,0,0,1,0.0,0.25,0.0,599000.0
10625572,0,0.0,0.0,1.0,0.0,0.0,0.0,0.0,1.0,0.0,0.0,0.0,0.0,0.0,0.0,1.0,0.0,0.0,0.0,0.06836734693877553,0.09090909090909091,0.09090909090909091,0.07142857142857142,0.05555555555555555,3,6,1,0,0,0,0,0,0.0,0.0,0.0,119000.0
10625585,0,0.0,1.0,0.0,1.0,0.0,0.0,0.0,0.0,0.0,0.0,0.0,0.0,0.0,0.0,0.0,0.0,0.0,1.0,0.07346938775510206,0.09090909090909091,0.09090909090909091,0.07142857142857142,0.05555555555555555,0,1,0,0,0,0,1,1,0.068,0.0,0.0,340000.0
10625610,0,1.0,0.0,0.0,0.0,1.0,0.0,0.0,0.0,0.0,0.0,0.0,0.0,0.0,0.0,1.0,0.0,0.0,0.0,0.2714285714285714,0.4545454545454545,0.36363636363636365,0.0,0.2222222222222222,3,4,1,0,0,0,0,1,0.0,0.3,0.0,1390000.0
10625607,0,0.0,1.0,0.0,1.0,0.0,0.0,0.0,0.0,0.0,0.0,0.0,0.0,0.0,0.0,1.0,0.0,0.0,0.0,0.0163265306122449,0.0,0.09090909090909091,0.0,0.0,3,2,0,0,0,0,0,0,0.0,0.0,0.0,165000.0
10625609,0,1.0,0.0,0.0,0.0,1.0,0.0,0.0,0.0,0.0,0.0,0.0,0.0,0.0,0.0,0.0,1.0,0.0,0.0,0.2714285714285714,0.4545454545454545,0.36363636363636365,0.0,0.2222222222222222,3,4,1,0,0,0,0,1,0.0,0.3,0.0,1390000.0
10625612,0,0.0,1.0,0.0,0.0,0.0,0.0,0.0,0.0,0.0,0.0,0.0,0.0,0.0,1.0,0.0,0.0,1.0,0.0,0.08571428571428572,0.09090909090909091,0.18181818181818182,0.0,0.05555555555555555,0,0,1,0,0,0,0,1,0.0,0.14,0.0,790000.0
10625611,0,0.0,1.0,0.0,0.0,0.0,0.0,0.0,0.0,0.0,0.0,0.0,0.0,0.0,1.0,0.0,0.0,1.0,0.0,0.08979591836734696,0.09090909090909091,0.18181818181818182,0.0,0.05555555555555555,0,0,1,0,0,0,0,1,0.0,0.13,0.0,745000.0
10625584,0,0.0,1.0,0.0,1.0,0.0,0.0,0.0,0.0,0.0,0.0,0.0,0.0,0.0,0.0,0.0,0.0,1.0,0.0,0.0816326530612245,0.09090909090909091,0.09090909090909091,0.07142857142857142,0.05555555555555555,3,2,0,0,0,0,0,1,0.0,0.43,0.0,245000.0
10625620,0,0.0,0.0,1.0,0.0,0.0,0.0,0.0,1.0,0.0,0.0,0.0,0.0,0.0,0.0,1.0,0.0,0.0,0.0,0.051020408163265314,0.0,0.09090909090909091,0.0,0.05555555555555555,4,2,1,0,0,0,0,1,0.0,0.0,0.0,94999.0
10625623,0,0.0,0.0,1.0,0.0,0.0,0.0,0.0,0.0,0.0,1.0,0.0,0.0,0.0,0.0,0.0,0.0,1.0,0.0,0.1836734693877551,0.1818181818181818,0.0,0.0,0.0,1,2,0,0,0,0,0,0,0.0,0.0,0.0,862000.0
10625631,0,1.0,0.0,0.0,0.0,1.0,0.0,0.0,0.0,0.0,0.0,0.0,0.0,0.0,0.0,0.0,0.0,0.0,1.0,0.1653061224489796,0.1818181818181818,0.18181818181818182,0.0,0.16666666666666666,1,4,1,0,0,0,0,1,0.0,0.1,0.0,660000.0
10625634,0,0.0,1.0,0.0,0.0,0.0,0.0,1.0,0.0,0.0,0.0,0.0,0.0,0.0,0.0,0.0,0.0,1.0,0.0,0.05204081632653062,0.09090909090909091,0.09090909090909091,0.0,0.05555555555555555,3,2,1,0,0,0,0,1,0.0,0.8300000000000001,0.0,189000.0
10625637,0,0.0,1.0,0.0,0.0,0.0,0.0,1.0,0.0,0.0,0.0,0.0,0.0,0.0,0.0,0.0,0.0,0.0,1.0,0.0673469387755102,0.09090909090909091,0.09090909090909091,0.07142857142857142,0.1111111111111111,0,0,1,0,0,0,0,1,0.0,0.18,0.0,324309.0
10625636,0,0.0,1.0,0.0,0.0,0.0,0.0,1.0,0.0,0.0,0.0,0.0,0.0,0.0,0.0,0.0,0.0,0.0,1.0,0.05408163265306123,0.0,0.09090909090909091,0.07142857142857142,0.1111111111111111,0,0,1,0,0,0,0,1,0.0,0.16,0.0,271137.0
10625638,0,0.0,1.0,0.0,0.0,0.0,0.0,1.0,0.0,0.0,0.0,0.0,0.0,0.0,0.0,0.0,0.0,0.0,1.0,0.07244897959183674,0.09090909090909091,0.09090909090909091,0.07142857142857142,0.05555555555555555,0,0,1,0,0,0,0,1,0.0,0.14,0.0,315000.0
10625639,0,0.0,1.0,0.0,0.0,0.0,0.0,1.0,0.0,0.0,0.0,0.0,0.0,0.0,0.0,0.0,0.0,0.0,1.0,0.05816326530612246,0.0,0.09090909090909091,0.07142857142857142,0.05555555555555555,0,0,1,0,0,0,0,1,0.0,0.16,0.0,289000.0
10625645,0,0.0,1.0,0.0,0.0,0.0,0.0,0.0,0.0,0.0,0.0,0.0,0.0,0.0,1.0,0.0,0.0,1.0,0.0,0.08265306122448982,0.09090909090909091,0.09090909090909091,0.0,0.1111111111111111,1,0,1,0,0,0,0,1,0.0,0.06,0.0,395000.0
10625640,0,0.0,1.0,0.0,0.0,0.0,0.0,1.0,0.0,0.0,0.0,0.0,0.0,0.0,0.0,0.0,0.0,0.0,1.0,0.08469387755102042,0.1818181818181818,0.18181818181818182,0.07142857142857142,0.05555555555555555,0,0,1,0,0,0,0,1,0.0,0.22,0.0,359000.0
10625646,0,1.0,0.0,0.0,0.0,1.0,0.0,0.0,0.0,0.0,0.0,0.0,0.0,0.0,0.0,0.0,1.0,0.0,0.0,0.07142857142857142,0.09090909090909091,0.09090909090909091,0.0,0.05555555555555555,3,3,1,0,0,0,0,0,0.0,0.0,0.0,395000.0
10625665,0,0.0,1.0,0.0,0.0,0.0,0.0,0.0,0.0,0.0,0.0,0.0,0.0,0.0,1.0,0.0,0.0,0.0,1.0,0.05612244897959184,0.09090909090909091,0.09090909090909091,0.0,0.05555555555555555,2,2,1,0,0,0,0,1,0.0,0.0,0.0,349000.0
10625650,0,0.0,1.0,0.0,0.0,0.0,0.0,1.0,0.0,0.0,0.0,0.0,0.0,0.0,0.0,0.0,0.0,1.0,0.0,0.10510204081632654,0.1818181818181818,0.09090909090909091,0.0,0.0,3,6,1,0,0,0,0,1,0.0,0.26,0.0,350000.0
10625674,0,0.0,0.0,1.0,0.0,0.0,0.0,0.0,0.0,0.0,0.0,0.0,1.0,0.0,0.0,1.0,0.0,0.0,0.0,0.034693877551020415,0.0,0.09090909090909091,0.0,0.05555555555555555,3,3,1,0,0,0,0,1,0.0,0.05,0.0,149000.0
10625677,0,0.0,0.0,1.0,0.0,0.0,0.0,0.0,0.0,0.0,0.0,0.0,1.0,0.0,0.0,1.0,0.0,0.0,0.0,0.05306122448979592,0.09090909090909091,0.09090909090909091,0.07142857142857142,0.05555555555555555,3,3,1,0,0,0,0,1,0.0,0.0,0.0,175000.0
10625697,0,0.0,1.0,0.0,0.0,0.0,0.0,1.0,0.0,0.0,0.0,0.0,0.0,0.0,0.0,1.0,0.0,0.0,0.0,0.07244897959183674,0.09090909090909091,0.09090909090909091,0.0,0.05555555555555555,1,2,1,0,0,0,0,0,0.0,0.0,0.0,339000.0
10625695,0,0.0,1.0,0.0,0.0,0.0,0.0,1.0,0.0,0.0,0.0,0.0,0.0,0.0,0.0,0.0,0.0,0.0,1.0,0.11836734693877551,0.1818181818181818,0.09090909090909091,0.07142857142857142,0.05555555555555555,1,3,0,0,0,0,0,1,0.0,0.23,0.0,370000.0
10625676,0,0.0,0.0,1.0,0.0,0.0,0.0,0.0,0.0,0.0,0.0,0.0,1.0,0.0,0.0,1.0,0.0,0.0,0.0,0.05306122448979592,0.09090909090909091,0.09090909090909091,0.0,0.05555555555555555,0,3,1,0,0,0,0,1,0.0,0.1,0.0,165000.0
10625738,0,0.0,1.0,0.0,0.0,0.0,1.0,0.0,0.0,0.0,0.0,0.0,0.0,0.0,0.0,0.0,0.0,0.0,1.0,0.04081632653061225,0.0,0.0,0.07142857142857142,0.05555555555555555,1,0,0,0,0,0,0,1,0.0,0.03,0.0,199500.0
10625675,0,0.0,0.0,1.0,0.0,0.0,0.0,0.0,0.0,0.0,0.0,0.0,1.0,0.0,0.0,1.0,0.0,0.0,0.0,0.034693877551020415,0.0,0.09090909090909091,0.0,0.0,3,3,1,0,0,0,0,1,0.0,0.05,0.0,145000.0
10625743,0,0.0,1.0,0.0,0.0,0.0,0.0,0.0,0.0,0.0,0.0,0.0,0.0,0.0,1.0,0.0,0.0,0.0,1.0,0.03571428571428572,0.09090909090909091,0.09090909090909091,0.0,0.0,3,4,1,0,0,0,0,1,0.0,0.0,0.0,175000.0
10625706,0,0.0,1.0,0.0,1.0,0.0,0.0,0.0,0.0,0.0,0.0,0.0,0.0,0.0,0.0,0.0,0.0,1.0,0.0,0.04591836734693878,0.0,0.09090909090909091,0.0,0.05555555555555555,1,1,0,0,0,0,0,1,0.0,0.05,0.0,228000.0
10625745,0,0.0,1.0,0.0,1.0,0.0,0.0,0.0,0.0,0.0,0.0,0.0,0.0,0.0,0.0,0.0,0.0,0.0,1.0,0.07653061224489796,0.09090909090909091,0.09090909090909091,0.0,0.05555555555555555,4,4,1,0,0,0,0,1,0.0,0.0,0.0,209000.0
10625736,0,0.0,1.0,0.0,0.0,0.0,0.0,0.0,0.0,0.0,0.0,0.0,0.0,0.0,1.0,0.0,0.0,0.0,1.0,0.05816326530612246,0.09090909090909091,0.09090909090909091,0.0,0.05555555555555555,0,0,0,0,0,0,0,0,0.0,0.0,0.0,107500.0
10625793,0,0.0,1.0,0.0,0.0,0.0,0.0,0.0,0.0,0.0,0.0,0.0,0.0,0.0,1.0,0.0,0.0,0.0,1.0,0.059183673469387764,0.0,0.09090909090909091,0.0,0.05555555555555555,1,1,1,0,0,0,0,1,0.0,0.07,0.0,235000.0
10625773,0,0.0,1.0,0.0,1.0,0.0,0.0,0.0,0.0,0.0,0.0,0.0,0.0,0.0,0.0,0.0,0.0,0.0,1.0,0.1285714285714286,0.1818181818181818,0.0,0.0,0.1111111111111111,1,2,0,0,0,0,0,1,0.0,0.2,0.0,380000.0
10625839,0,0.0,1.0,0.0,0.0,0.0,1.0,0.0,0.0,0.0,0.0,0.0,0.0,0.0,0.0,0.0,0.0,1.0,0.0,0.3642857142857143,0.2727272727272727,0.0,0.0,0.0,0,0,0,1,0,0,0,1,0.0,0.0,0.0,350000.0
10625849,0,0.0,1.0,0.0,0.0,0.0,0.0,0.0,0.0,0.0,0.0,0.0,0.0,0.0,1.0,0.0,0.0,1.0,0.0,0.06632653061224492,0.1818181818181818,0.18181818181818182,0.0,0.1111111111111111,3,3,1,0,0,0,0,1,0.0,0.0,0.0,685000.0
10625871,0,0.0,1.0,0.0,1.0,0.0,0.0,0.0,0.0,0.0,0.0,0.0,0.0,0.0,0.0,1.0,0.0,0.0,0.0,0.017346938775510204,0.0,0.09090909090909091,0.0,0.05555555555555555,1,2,1,1,0,0,1,0,0.0,0.0,0.0,189000.0
10625819,0,0.0,0.0,1.0,0.0,0.0,0.0,0.0,0.0,0.0,1.0,0.0,0.0,0.0,0.0,0.0,0.0,1.0,0.0,0.08061224489795918,0.09090909090909091,0.09090909090909091,0.0,0.05555555555555555,3,2,1,0,0,0,0,1,0.0,0.03,0.0,219000.0
10625898,0,0.0,0.0,1.0,0.0,0.0,0.0,0.0,1.0,0.0,0.0,0.0,0.0,0.0,0.0,0.0,0.0,1.0,0.0,0.10102040816326532,0.09090909090909091,0.09090909090909091,0.0,0.05555555555555555,1,5,0,0,0,0,1,1,0.757,0.2,0.0,230000.0
10625872,0,0.0,1.0,0.0,0.0,0.0,0.0,1.0,0.0,0.0,0.0,0.0,0.0,0.0,0.0,0.0,0.0,1.0,0.0,0.22448979591836737,0.2727272727272727,0.09090909090909091,0.0,0.0,0,5,0,0,0,0,1,0,0.095,0.0,0.0,250000.0
10625896,0,0.0,1.0,0.0,0.0,0.0,1.0,0.0,0.0,0.0,0.0,0.0,0.0,0.0,0.0,0.0,0.0,0.0,1.0,0.17040816326530614,0.1818181818181818,0.09090909090909091,0.0,0.1111111111111111,1,0,1,0,0,0,0,1,0.0,0.23,0.0,587500.0
10625904,0,0.0,0.0,1.0,0.0,0.0,0.0,0.0,0.0,0.0,0.0,0.0,1.0,0.0,0.0,0.0,0.0,1.0,0.0,0.08571428571428572,0.1818181818181818,0.0,0.07142857142857142,0.05555555555555555,3,2,1,1,0,0,0,1,0.0,0.11,0.0,290000.0
10625895,0,1.0,0.0,0.0,0.0,1.0,0.0,0.0,0.0,0.0,0.0,0.0,0.0,0.0,0.0,0.0,1.0,0.0,0.0,0.07142857142857142,0.1818181818181818,0.09090909090909091,0.0,0.0,2,4,0,0,0,0,0,0,0.0,0.0,0.0,239000.0
10494822,1,0.0,1.0,0.0,0.0,0.0,0.0,0.0,0.0,0.0,0.0,0.0,0.0,0.0,1.0,0.0,0.0,0.0,1.0,0.2418367346938776,0.1818181818181818,0.09090909090909091,0.0,0.1111111111111111,3,2,0,0,0,0,1,1,0.045,0.02,0.00014030505804319378,449000.0
10625929,1,0.0,1.0,0.0,0.0,0.0,0.0,1.0,0.0,0.0,0.0,0.0,0.0,0.0,0.0,0.0,0.0,1.0,0.0,0.11224489795918369,0.09090909090909091,0.09090909090909091,0.0,0.1111111111111111,2,3,0,0,0,0,1,1,0.15,0.16,0.0002567674264842762,249000.0
10625934,0,0.0,1.0,0.0,0.0,0.0,0.0,0.0,0.0,1.0,0.0,0.0,0.0,0.0,0.0,0.0,0.0,1.0,0.0,0.05000000000000001,0.0,0.09090909090909091,0.0,0.05555555555555555,0,1,0,1,0,0,0,1,0.0,0.1,0.0,384000.0
10625936,0,0.0,1.0,0.0,1.0,0.0,0.0,0.0,0.0,0.0,0.0,0.0,0.0,0.0,0.0,0.0,0.0,1.0,0.0,0.06122448979591837,0.0,0.09090909090909091,0.0,0.05555555555555555,1,0,0,0,0,0,1,1,0.08,0.12,0.0,230000.0
10625951,0,0.0,1.0,0.0,0.0,0.0,0.0,0.0,0.0,0.0,0.0,0.0,0.0,0.0,1.0,0.0,0.0,0.0,1.0,0.05306122448979592,0.0,0.09090909090909091,0.0,0.05555555555555555,3,3,1,0,0,0,0,1,0.0,0.0,0.0,190000.0
10625957,0,0.0,1.0,0.0,0.0,0.0,0.0,0.0,0.0,0.0,0.0,0.0,0.0,0.0,1.0,0.0,0.0,1.0,0.0,0.06632653061224492,0.09090909090909091,0.09090909090909091,0.0,0.05555555555555555,0,0,0,0,0,0,0,1,0.0,0.04,0.0,310000.0
10625959,0,0.0,0.0,1.0,0.0,0.0,0.0,0.0,0.0,0.0,0.0,0.0,0.0,1.0,0.0,0.0,0.0,0.0,1.0,0.04387755102040817,0.09090909090909091,0.09090909090909091,0.0,0.05555555555555555,1,6,1,1,0,0,1,1,0.09,0.1,0.0,245000.0
10625977,0,0.0,1.0,0.0,1.0,0.0,0.0,0.0,0.0,0.0,0.0,0.0,0.0,0.0,0.0,0.0,0.0,0.0,1.0,0.08979591836734696,0.1818181818181818,0.09090909090909091,0.0,0.1111111111111111,3,3,0,1,0,0,0,1,0.0,0.04,0.0,269000.0
10626024,0,1.0,0.0,0.0,0.0,1.0,0.0,0.0,0.0,0.0,0.0,0.0,0.0,0.0,0.0,1.0,0.0,0.0,0.0,0.1622448979591837,0.1818181818181818,0.18181818181818182,0.14285714285714285,0.1111111111111111,1,5,1,0,0,0,0,1,0.0,0.0,0.0,775000.0
10626010,0,0.0,1.0,0.0,1.0,0.0,0.0,0.0,0.0,0.0,0.0,0.0,0.0,0.0,0.0,0.0,0.0,0.0,1.0,0.0816326530612245,0.0,0.09090909090909091,0.0,0.05555555555555555,0,3,0,0,0,0,1,0,0.02,0.0,0.0,235000.0
10626047,1,1.0,0.0,0.0,0.0,1.0,0.0,0.0,0.0,0.0,0.0,0.0,0.0,0.0,0.0,0.0,1.0,0.0,0.0,0.20408163265306126,0.1818181818181818,0.18181818181818182,0.0,0.1111111111111111,3,4,0,0,0,0,1,1,0.04,0.3,0.0,469000.0
10626041,0,0.0,1.0,0.0,0.0,0.0,1.0,0.0,0.0,0.0,0.0,0.0,0.0,0.0,0.0,1.0,0.0,0.0,0.0,0.0673469387755102,0.09090909090909091,0.09090909090909091,0.0,0.05555555555555555,1,2,1,0,0,0,0,0,0.0,0.0,0.0,375000.0
10626000,0,1.0,0.0,0.0,0.0,1.0,0.0,0.0,0.0,0.0,0.0,0.0,0.0,0.0,0.0,0.0,0.0,0.0,1.0,0.23469387755102042,0.1818181818181818,0.0,0.0,0.0,0,0,0,1,0,0,0,0,0.0,0.0,0.0,950000.0
10626025,0,1.0,0.0,0.0,0.0,1.0,0.0,0.0,0.0,0.0,0.0,0.0,0.0,0.0,0.0,0.0,0.0,0.0,1.0,0.21938775510204084,0.09090909090909091,0.18181818181818182,0.14285714285714285,0.16666666666666666,1,7,1,0,0,0,0,1,0.0,0.1,0.0,995000.0
10626062,0,1.0,0.0,0.0,0.0,1.0,0.0,0.0,0.0,0.0,0.0,0.0,0.0,0.0,0.0,0.0,1.0,0.0,0.0,0.07142857142857142,0.09090909090909091,0.09090909090909091,0.0,0.05555555555555555,5,5,1,0,0,0,0,1,0.0,0.09,0.0,255000.0
10626065,0,1.0,0.0,0.0,0.0,1.0,0.0,0.0,0.0,0.0,0.0,0.0,0.0,0.0,0.0,0.0,0.0,1.0,0.0,0.030612244897959183,0.0,0.09090909090909091,0.07142857142857142,0.05555555555555555,4,4,0,0,0,0,0,0,0.0,0.0,0.0,205000.0
10626089,0,0.0,1.0,0.0,0.0,0.0,0.0,0.0,0.0,0.0,0.0,0.0,0.0,0.0,1.0,0.0,0.0,1.0,0.0,0.05408163265306123,0.09090909090909091,0.09090909090909091,0.0,0.0,3,0,0,0,0,0,0,1,0.0,0.0,0.0,579000.0
10626117,0,1.0,0.0,0.0,0.0,1.0,0.0,0.0,0.0,0.0,0.0,0.0,0.0,0.0,0.0,0.0,1.0,0.0,0.0,0.025510204081632654,0.0,0.09090909090909091,0.07142857142857142,0.05555555555555555,2,6,0,0,0,0,0,0,0.0,0.0,0.0,225000.0
10626085,0,0.0,1.0,0.0,0.0,0.0,0.0,0.0,0.0,0.0,0.0,0.0,0.0,0.0,1.0,0.0,0.0,0.0,1.0,0.059183673469387764,0.09090909090909091,0.09090909090909091,0.0,0.0,3,2,0,0,0,0,0,1,0.0,0.0,0.0,245000.0
10626147,0,0.0,1.0,0.0,0.0,0.0,0.0,0.0,0.0,0.0,0.0,0.0,0.0,0.0,1.0,0.0,0.0,1.0,0.0,0.05612244897959184,0.09090909090909091,0.09090909090909091,0.07142857142857142,0.05555555555555555,1,2,1,0,0,0,0,1,0.0,0.0,0.0,565000.0
10626149,0,0.0,1.0,0.0,1.0,0.0,0.0,0.0,0.0,0.0,0.0,0.0,0.0,0.0,0.0,0.0,0.0,0.0,1.0,0.04489795918367347,0.0,0.09090909090909091,0.0,0.0,2,2,0,0,0,0,0,1,0.0,0.24,0.0,269000.0
10626138,0,1.0,0.0,0.0,0.0,1.0,0.0,0.0,0.0,0.0,0.0,0.0,0.0,0.0,0.0,1.0,0.0,0.0,0.0,0.23163265306122452,0.1818181818181818,0.18181818181818182,0.07142857142857142,0.16666666666666666,2,3,1,0,0,0,0,1,0.0,0.5,0.0,1790000.0
10626150,0,0.0,1.0,0.0,1.0,0.0,0.0,0.0,0.0,0.0,0.0,0.0,0.0,0.0,0.0,0.0,0.0,0.0,1.0,0.04591836734693878,0.0,0.09090909090909091,0.0,0.0,2,2,0,0,0,0,0,1,0.0,0.24,0.0,269000.0
10626139,0,0.0,1.0,0.0,0.0,0.0,1.0,0.0,0.0,0.0,0.0,0.0,0.0,0.0,0.0,0.0,0.0,0.0,1.0,0.051020408163265314,0.0,0.09090909090909091,0.0,0.05555555555555555,1,1,0,0,0,0,0,1,0.0,0.1,0.0,245000.0
10626152,0,1.0,0.0,0.0,0.0,1.0,0.0,0.0,0.0,0.0,0.0,0.0,0.0,0.0,0.0,0.0,1.0,0.0,0.0,0.07142857142857142,0.0,0.18181818181818182,0.0,0.1111111111111111,1,0,1,0,0,0,0,1,0.0,0.07,0.0,365000.0
10626177,0,0.0,1.0,0.0,0.0,0.0,0.0,0.0,0.0,0.0,0.0,0.0,0.0,0.0,1.0,0.0,0.0,1.0,0.0,0.031632653061224494,0.0,0.09090909090909091,0.0,0.05555555555555555,1,1,1,0,0,0,0,1,0.0,0.0,0.0,179990.0
10626180,0,0.0,1.0,0.0,0.0,0.0,0.0,0.0,0.0,0.0,0.0,0.0,0.0,0.0,1.0,0.0,0.0,0.0,1.0,0.07755102040816328,0.1818181818181818,0.09090909090909091,0.07142857142857142,0.1111111111111111,1,0,1,0,0,0,0,1,0.0,0.05,0.0,295000.0
10626212,0,0.0,1.0,0.0,0.0,0.0,0.0,0.0,0.0,1.0,0.0,0.0,0.0,0.0,0.0,0.0,0.0,0.0,1.0,0.1285714285714286,0.1818181818181818,0.09090909090909091,0.0,0.0,3,0,0,0,0,0,0,1,0.0,0.09,0.0,299500.0
10626260,1,0.0,1.0,0.0,1.0,0.0,0.0,0.0,0.0,0.0,0.0,0.0,0.0,0.0,0.0,0.0,0.0,0.0,1.0,0.10510204081632654,0.1818181818181818,0.09090909090909091,0.0,0.05555555555555555,5,5,0,0,0,0,1,0,0.365,0.0,0.000467683526810646,314990.0
10626235,0,0.0,1.0,0.0,0.0,0.0,0.0,0.0,0.0,1.0,0.0,0.0,0.0,0.0,0.0,0.0,0.0,1.0,0.0,0.10306122448979593,0.0,0.09090909090909091,0.0,0.0,0,1,1,0,0,0,0,1,0.0,0.2,0.0,429000.0
10626204,0,0.0,1.0,0.0,0.0,0.0,0.0,0.0,0.0,0.0,0.0,0.0,0.0,0.0,1.0,0.0,0.0,0.0,1.0,0.06224489795918368,0.09090909090909091,0.09090909090909091,0.0,0.05555555555555555,1,1,0,0,0,0,0,0,0.0,0.0,0.0,235000.0
10626246,0,0.0,1.0,0.0,1.0,0.0,0.0,0.0,0.0,0.0,0.0,0.0,0.0,0.0,0.0,0.0,0.0,0.0,1.0,0.07653061224489796,0.1818181818181818,0.09090909090909091,0.0,0.1111111111111111,1,2,0,0,0,0,0,1,0.0,0.0,0.0,265000.0
10626258,0,0.0,1.0,0.0,0.0,0.0,0.0,0.0,0.0,0.0,0.0,0.0,0.0,0.0,1.0,0.0,0.0,0.0,1.0,0.08571428571428572,0.1818181818181818,0.0,0.0,0.0,0,3,0,0,0,0,0,0,0.0,0.0,0.0,875000.0
10626264,0,0.0,1.0,0.0,0.0,0.0,0.0,0.0,0.0,0.0,0.0,0.0,0.0,0.0,1.0,0.0,0.0,1.0,0.0,0.14081632653061227,0.1818181818181818,0.18181818181818182,0.0,0.1111111111111111,2,3,0,0,0,0,0,1,0.0,0.0,0.0,875000.0
10626285,0,1.0,0.0,0.0,0.0,1.0,0.0,0.0,0.0,0.0,0.0,0.0,0.0,0.0,0.0,0.0,1.0,0.0,0.0,0.07653061224489796,0.09090909090909091,0.09090909090909091,0.0,0.05555555555555555,1,4,0,0,0,0,0,1,0.0,0.06,0.0,255000.0
10626305,0,0.0,0.0,1.0,0.0,0.0,0.0,0.0,1.0,0.0,0.0,0.0,0.0,0.0,0.0,0.0,0.0,0.0,1.0,0.051020408163265314,0.09090909090909091,0.09090909090909091,0.07142857142857142,0.05555555555555555,2,4,0,0,0,0,0,0,0.0,0.0,0.0,140000.0
10626308,0,0.0,1.0,0.0,0.0,0.0,0.0,0.0,0.0,1.0,0.0,0.0,0.0,0.0,0.0,0.0,0.0,0.0,1.0,0.08775510204081632,0.09090909090909091,0.09090909090909091,0.0,0.0,0,4,0,0,0,0,0,1,0.0,0.0,0.0,192500.0
10626277,1,0.0,1.0,0.0,0.0,0.0,0.0,1.0,0.0,0.0,0.0,0.0,0.0,0.0,0.0,0.0,0.0,0.0,1.0,0.163265306122449,0.2727272727272727,0.0,0.0,0.0,5,6,0,1,0,0,0,0,0.0,0.0,0.0006941890780307039,350000.0
10626333,0,0.0,1.0,0.0,1.0,0.0,0.0,0.0,0.0,0.0,0.0,0.0,0.0,0.0,0.0,0.0,0.0,0.0,1.0,0.06938775510204082,0.09090909090909091,0.09090909090909091,0.0,0.05555555555555555,1,1,0,0,0,0,0,1,0.0,0.06,0.0,309000.0
10626309,0,0.0,1.0,0.0,0.0,0.0,0.0,0.0,0.0,1.0,0.0,0.0,0.0,0.0,0.0,0.0,0.0,0.0,1.0,0.08265306122448982,0.09090909090909091,0.09090909090909091,0.0,0.0,0,2,0,0,0,0,0,1,0.0,0.0,0.0,187500.0
10626320,0,0.0,1.0,0.0,1.0,0.0,0.0,0.0,0.0,0.0,0.0,0.0,0.0,0.0,0.0,0.0,0.0,1.0,0.0,0.12244897959183676,0.1818181818181818,0.18181818181818182,0.0,0.05555555555555555,4,3,1,1,0,0,0,1,0.0,0.1,0.0,329000.0
10626376,0,0.0,1.0,0.0,1.0,0.0,0.0,0.0,0.0,0.0,0.0,0.0,0.0,0.0,0.0,0.0,0.0,0.0,1.0,0.051020408163265314,0.09090909090909091,0.09090909090909091,0.0,0.05555555555555555,3,3,0,0,0,0,0,1,0.0,0.02,0.0,197000.0
10626392,0,1.0,0.0,0.0,0.0,1.0,0.0,0.0,0.0,0.0,0.0,0.0,0.0,0.0,0.0,1.0,0.0,0.0,0.0,0.07755102040816328,0.0,0.09090909090909091,0.07142857142857142,0.05555555555555555,3,2,1,0,0,0,0,0,0.0,0.0,0.0,349000.0
10626406,0,0.0,1.0,0.0,0.0,0.0,0.0,1.0,0.0,0.0,0.0,0.0,0.0,0.0,0.0,1.0,0.0,0.0,0.0,0.015306122448979595,0.0,0.09090909090909091,0.07142857142857142,0.05555555555555555,0,0,0,0,0,0,1,0,0.0,0.0,0.0,215000.0
10626365,0,0.0,1.0,0.0,0.0,0.0,0.0,0.0,0.0,0.0,0.0,0.0,0.0,0.0,1.0,0.0,0.0,1.0,0.0,0.0816326530612245,0.09090909090909091,0.0,0.0,0.0,0,1,0,0,0,0,0,0,0.0,0.0,0.0,665000.0
10626431,0,0.0,1.0,0.0,0.0,0.0,0.0,0.0,0.0,0.0,0.0,0.0,0.0,0.0,1.0,0.0,0.0,0.0,1.0,0.12142857142857144,0.09090909090909091,0.09090909090909091,0.0,0.05555555555555555,3,2,1,0,0,0,0,1,0.0,0.0,0.0,268000.0
10626437,0,0.0,1.0,0.0,0.0,0.0,0.0,0.0,0.0,0.0,0.0,0.0,0.0,0.0,1.0,0.0,0.0,1.0,0.0,0.08979591836734696,0.09090909090909091,0.18181818181818182,0.0,0.05555555555555555,1,0,1,0,0,0,0,1,0.0,0.13,0.0,745000.0
10626438,0,0.0,1.0,0.0,0.0,0.0,0.0,0.0,0.0,0.0,0.0,0.0,0.0,0.0,1.0,0.0,0.0,1.0,0.0,0.08775510204081632,0.09090909090909091,0.18181818181818182,0.0,0.1111111111111111,1,0,1,0,0,0,0,1,0.0,0.12,0.0,750000.0
10626439,0,0.0,1.0,0.0,0.0,0.0,0.0,0.0,0.0,0.0,0.0,0.0,0.0,0.0,1.0,0.0,0.0,1.0,0.0,0.08979591836734696,0.09090909090909091,0.18181818181818182,0.0,0.05555555555555555,1,0,1,0,0,0,0,1,0.0,0.12,0.0,785000.0
10626440,0,0.0,1.0,0.0,0.0,0.0,0.0,0.0,0.0,0.0,0.0,0.0,0.0,0.0,1.0,0.0,0.0,1.0,0.0,0.08673469387755103,0.09090909090909091,0.18181818181818182,0.0,0.1111111111111111,1,0,1,0,0,0,0,1,0.0,0.1,0.0,780000.0
10626442,0,0.0,1.0,0.0,0.0,0.0,0.0,0.0,0.0,0.0,0.0,0.0,0.0,0.0,1.0,0.0,0.0,1.0,0.0,0.08571428571428572,0.09090909090909091,0.18181818181818182,0.0,0.1111111111111111,1,0,1,0,0,0,0,1,0.0,0.14,0.0,790000.0
10626441,0,0.0,1.0,0.0,0.0,0.0,0.0,0.0,0.0,0.0,0.0,0.0,0.0,0.0,1.0,0.0,0.0,1.0,0.0,0.0816326530612245,0.09090909090909091,0.18181818181818182,0.0,0.05555555555555555,1,0,0,0,0,0,0,1,0.0,0.17,0.0,785000.0
10626445,0,0.0,1.0,0.0,0.0,0.0,0.0,0.0,0.0,0.0,0.0,0.0,0.0,0.0,1.0,0.0,0.0,1.0,0.0,0.08979591836734696,0.09090909090909091,0.18181818181818182,0.0,0.05555555555555555,0,0,0,0,0,0,0,0,0.0,0.0,0.0,785000.0
10626486,0,0.0,1.0,0.0,0.0,0.0,0.0,1.0,0.0,0.0,0.0,0.0,0.0,0.0,0.0,0.0,0.0,0.0,1.0,0.08571428571428572,0.1818181818181818,0.09090909090909091,0.0,0.05555555555555555,1,2,1,0,0,0,1,1,0.034,0.0,0.0,354000.0
10626475,0,1.0,0.0,0.0,0.0,1.0,0.0,0.0,0.0,0.0,0.0,0.0,0.0,0.0,0.0,0.0,1.0,0.0,0.0,0.06428571428571428,0.09090909090909091,0.09090909090909091,0.0,0.05555555555555555,1,2,1,0,0,0,0,1,0.0,0.1,0.0,290000.0
10626491,0,0.0,1.0,0.0,0.0,0.0,0.0,1.0,0.0,0.0,0.0,0.0,0.0,0.0,0.0,0.0,0.0,0.0,1.0,0.06428571428571428,0.09090909090909091,0.09090909090909091,0.07142857142857142,0.05555555555555555,0,0,1,0,0,0,0,1,0.0,0.06,0.0,333000.0
10626493,0,0.0,1.0,0.0,0.0,0.0,0.0,1.0,0.0,0.0,0.0,0.0,0.0,0.0,0.0,0.0,0.0,0.0,1.0,0.0673469387755102,0.09090909090909091,0.09090909090909091,0.07142857142857142,0.05555555555555555,1,0,1,0,0,0,1,1,0.097,0.0,0.0,337000.0
10626492,0,0.0,1.0,0.0,0.0,0.0,0.0,1.0,0.0,0.0,0.0,0.0,0.0,0.0,0.0,0.0,0.0,0.0,1.0,0.06326530612244899,0.09090909090909091,0.09090909090909091,0.07142857142857142,0.05555555555555555,1,0,1,0,0,0,0,1,0.0,0.12,0.0,344000.0
10626494,0,0.0,1.0,0.0,0.0,0.0,0.0,1.0,0.0,0.0,0.0,0.0,0.0,0.0,0.0,0.0,0.0,0.0,1.0,0.057142857142857155,0.0,0.09090909090909091,0.07142857142857142,0.05555555555555555,0,0,1,0,0,0,0,1,0.0,0.05,0.0,295500.0
10626527,0,0.0,1.0,0.0,0.0,0.0,0.0,0.0,0.0,0.0,0.0,0.0,0.0,0.0,1.0,0.0,0.0,1.0,0.0,0.06836734693877553,0.09090909090909091,0.0,0.0,0.0,1,0,1,0,0,0,0,1,0.0,0.12,0.0,293000.0
10495466,1,0.0,1.0,0.0,0.0,0.0,1.0,0.0,0.0,0.0,0.0,0.0,0.0,0.0,0.0,1.0,0.0,0.0,0.0,0.163265306122449,0.1818181818181818,0.09090909090909091,0.0,0.1111111111111111,0,6,0,0,0,0,1,0,0.0,0.0,5.593861791264589e-05,310000.0
10364395,1,0.0,1.0,0.0,0.0,0.0,1.0,0.0,0.0,0.0,0.0,0.0,0.0,0.0,0.0,0.0,0.0,1.0,0.0,0.10816326530612247,0.1818181818181818,0.09090909090909091,0.0,0.1111111111111111,0,1,0,0,0,0,0,0,0.0,0.0,0.00032095928310534527,298000.0
10495485,1,0.0,1.0,0.0,0.0,0.0,0.0,0.0,0.0,0.0,0.0,0.0,0.0,0.0,1.0,0.0,0.0,1.0,0.0,0.3836734693877551,0.2727272727272727,0.2727272727272727,0.0,0.0,1,2,0,0,0,0,0,0,0.0,0.0,0.0003411338666148241,4275000.0
10626542,0,1.0,0.0,0.0,0.0,1.0,0.0,0.0,0.0,0.0,0.0,0.0,0.0,0.0,0.0,0.0,1.0,0.0,0.0,0.06122448979591837,0.0,0.09090909090909091,0.07142857142857142,0.05555555555555555,1,5,0,1,0,0,0,0,0.0,0.0,0.0,349000.0
10626566,0,0.0,0.0,1.0,0.0,0.0,0.0,0.0,0.0,0.0,1.0,0.0,0.0,0.0,0.0,0.0,0.0,1.0,0.0,0.03571428571428572,0.0,0.09090909090909091,0.0,0.05555555555555555,5,3,0,1,0,0,0,1,0.0,0.06,0.0,130000.0
10626563,0,0.0,1.0,0.0,0.0,0.0,0.0,0.0,0.0,0.0,0.0,0.0,0.0,0.0,1.0,0.0,0.0,0.0,1.0,0.018367346938775515,0.0,0.09090909090909091,0.0,0.05555555555555555,4,5,0,0,0,0,0,0,0.0,0.0,0.0,79000.0
10626579,0,0.0,1.0,0.0,0.0,0.0,0.0,0.0,0.0,0.0,0.0,0.0,0.0,0.0,1.0,0.0,0.0,0.0,1.0,0.031632653061224494,0.0,0.09090909090909091,0.0,0.05555555555555555,1,2,1,0,0,0,0,1,0.0,0.0,0.0,260000.0
10626595,0,0.0,1.0,0.0,0.0,0.0,0.0,0.0,0.0,1.0,0.0,0.0,0.0,0.0,0.0,0.0,0.0,0.0,1.0,0.12653061224489798,0.1818181818181818,0.09090909090909091,0.0,0.05555555555555555,0,3,0,0,0,0,0,1,0.0,0.07,0.0,249000.0
10626591,0,0.0,1.0,0.0,0.0,0.0,0.0,0.0,0.0,0.0,0.0,0.0,0.0,0.0,1.0,0.0,0.0,1.0,0.0,0.09897959183673471,0.1818181818181818,0.18181818181818182,0.0,0.05555555555555555,2,3,1,0,0,0,0,1,0.0,0.0,0.0,2125000.0
10626593,0,0.0,1.0,0.0,0.0,0.0,0.0,0.0,0.0,0.0,0.0,0.0,0.0,0.0,1.0,0.0,0.0,1.0,0.0,0.06224489795918368,0.09090909090909091,0.18181818181818182,0.0,0.05555555555555555,2,2,1,0,0,0,0,1,0.0,0.0,0.0,1995000.0
10495536,0,0.0,1.0,0.0,1.0,0.0,0.0,0.0,0.0,0.0,0.0,0.0,0.0,0.0,0.0,0.0,0.0,0.0,1.0,0.07244897959183674,0.09090909090909091,0.09090909090909091,0.0,0.05555555555555555,3,4,0,0,0,0,0,1,0.0,0.13,0.0,179000.0
10626596,0,0.0,1.0,0.0,0.0,0.0,0.0,0.0,0.0,1.0,0.0,0.0,0.0,0.0,0.0,0.0,0.0,0.0,1.0,0.11530612244897961,0.1818181818181818,0.09090909090909091,0.0,0.1111111111111111,1,2,0,0,0,0,0,1,0.0,0.22,0.0,349000.0
10626636,0,0.0,1.0,0.0,0.0,0.0,0.0,0.0,0.0,0.0,0.0,0.0,0.0,0.0,1.0,0.0,0.0,1.0,0.0,0.0816326530612245,0.1818181818181818,0.09090909090909091,0.07142857142857142,0.05555555555555555,0,2,1,0,0,0,1,1,0.0,0.0,0.0,995000.0
10626609,0,0.0,1.0,0.0,0.0,0.0,1.0,0.0,0.0,0.0,0.0,0.0,0.0,0.0,0.0,0.0,1.0,0.0,0.0,0.0336734693877551,0.0,0.09090909090909091,0.0,0.05555555555555555,3,3,0,1,0,0,0,1,0.0,0.03,0.0,185000.0
10626630,0,0.0,1.0,0.0,0.0,0.0,1.0,0.0,0.0,0.0,0.0,0.0,0.0,0.0,0.0,0.0,0.0,0.0,1.0,0.05000000000000001,0.09090909090909091,0.09090909090909091,0.0,0.05555555555555555,0,2,0,0,0,0,0,0,0.0,0.0,0.0,249500.0
10626651,0,0.0,1.0,0.0,0.0,0.0,0.0,0.0,0.0,0.0,0.0,0.0,0.0,0.0,1.0,0.0,0.0,1.0,0.0,0.12244897959183676,0.0,0.0,0.0,0.0,0,2,1,0,0,0,0,0,0.0,0.0,0.0,345000.0
10626658,0,0.0,1.0,0.0,0.0,0.0,1.0,0.0,0.0,0.0,0.0,0.0,0.0,0.0,0.0,0.0,1.0,0.0,0.0,0.09897959183673471,0.1818181818181818,0.18181818181818182,0.0,0.1111111111111111,2,3,0,0,0,0,1,1,0.0,0.0,0.0,299000.0
10626702,0,0.0,1.0,0.0,0.0,0.0,1.0,0.0,0.0,0.0,0.0,0.0,0.0,0.0,0.0,1.0,0.0,0.0,0.0,0.22959183673469388,0.1818181818181818,0.18181818181818182,0.0,0.16666666666666666,3,3,0,0,0,0,0,1,0.0,0.0,0.0,1560000.0
10626695,0,0.0,1.0,0.0,0.0,0.0,0.0,0.0,0.0,0.0,0.0,0.0,0.0,0.0,1.0,0.0,0.0,1.0,0.0,0.06632653061224492,0.09090909090909091,0.09090909090909091,0.0,0.05555555555555555,0,4,0,0,0,0,1,0,0.024,0.0,0.0,155000.0
10626707,0,1.0,0.0,0.0,0.0,1.0,0.0,0.0,0.0,0.0,0.0,0.0,0.0,0.0,0.0,0.0,0.0,0.0,1.0,0.1326530612244898,0.09090909090909091,0.18181818181818182,0.0,0.1111111111111111,1,4,1,0,0,0,0,0,0.0,0.0,0.0,485000.0
10626657,0,0.0,1.0,0.0,0.0,0.0,1.0,0.0,0.0,0.0,0.0,0.0,0.0,0.0,0.0,1.0,0.0,0.0,0.0,0.09897959183673471,0.1818181818181818,0.18181818181818182,0.0,0.1111111111111111,2,3,0,0,0,0,1,1,0.0,0.0,0.0,299000.0
10626721,0,0.0,1.0,0.0,0.0,0.0,0.0,1.0,0.0,0.0,0.0,0.0,0.0,0.0,0.0,0.0,0.0,0.0,1.0,0.07551020408163267,0.09090909090909091,0.09090909090909091,0.0,0.05555555555555555,0,1,0,0,0,0,0,1,0.0,0.0,0.0,435000.0
10626745,0,0.0,1.0,0.0,0.0,0.0,0.0,0.0,0.0,1.0,0.0,0.0,0.0,0.0,0.0,0.0,0.0,0.0,1.0,0.09693877551020408,0.09090909090909091,0.09090909090909091,0.0,0.0,3,1,0,0,0,0,0,1,0.0,0.27,0.0,319000.0
10626730,0,0.0,1.0,0.0,0.0,0.0,1.0,0.0,0.0,0.0,0.0,0.0,0.0,0.0,0.0,0.0,0.0,0.0,1.0,0.12653061224489798,0.1818181818181818,0.09090909090909091,0.0,0.05555555555555555,1,2,1,0,0,0,1,1,0.0,0.0,0.0,389000.0
10626746,0,0.0,1.0,0.0,0.0,0.0,0.0,0.0,0.0,1.0,0.0,0.0,0.0,0.0,0.0,0.0,0.0,0.0,1.0,0.07448979591836735,0.09090909090909091,0.09090909090909091,0.0,0.0,3,3,0,0,0,0,0,0,0.0,0.0,0.0,195000.0
10626761,0,0.0,1.0,0.0,0.0,0.0,0.0,0.0,0.0,0.0,0.0,0.0,0.0,0.0,1.0,0.0,0.0,0.0,1.0,0.07857142857142857,0.09090909090909091,0.09090909090909091,0.0,0.1111111111111111,1,1,1,0,0,0,0,1,0.0,0.0,0.0,345000.0
10626749,0,1.0,0.0,0.0,0.0,1.0,0.0,0.0,0.0,0.0,0.0,0.0,0.0,0.0,0.0,0.0,1.0,0.0,0.0,0.08673469387755103,0.09090909090909091,0.09090909090909091,0.0,0.05555555555555555,3,0,1,0,0,0,1,1,0.095,0.0,0.0,342000.0
10626805,0,0.0,1.0,0.0,1.0,0.0,0.0,0.0,0.0,0.0,0.0,0.0,0.0,0.0,0.0,0.0,1.0,0.0,0.0,0.06122448979591837,0.09090909090909091,0.09090909090909091,0.0,0.0,3,2,0,0,0,0,0,0,0.0,0.0,0.0,179000.0
10626809,0,1.0,0.0,0.0,0.0,1.0,0.0,0.0,0.0,0.0,0.0,0.0,0.0,0.0,0.0,1.0,0.0,0.0,0.0,0.13877551020408166,0.09090909090909091,0.09090909090909091,0.07142857142857142,0.1111111111111111,1,4,1,0,0,0,0,1,0.0,0.4,0.0,530000.0
10626792,0,1.0,0.0,0.0,0.0,1.0,0.0,0.0,0.0,0.0,0.0,0.0,0.0,0.0,0.0,0.0,1.0,0.0,0.0,0.0816326530612245,0.09090909090909091,0.09090909090909091,0.0,0.05555555555555555,3,4,1,0,0,0,0,1,0.0,0.02,0.0,320000.0
10626808,0,1.0,0.0,0.0,0.0,1.0,0.0,0.0,0.0,0.0,0.0,0.0,0.0,0.0,0.0,0.0,1.0,0.0,0.0,0.13877551020408166,0.09090909090909091,0.09090909090909091,0.07142857142857142,0.1111111111111111,1,4,1,0,0,0,0,1,0.0,0.4,0.0,530000.0
10626807,0,1.0,0.0,0.0,0.0,1.0,0.0,0.0,0.0,0.0,0.0,0.0,0.0,0.0,0.0,0.0,1.0,0.0,0.0,0.08673469387755103,0.09090909090909091,0.18181818181818182,0.21428571428571427,0.1111111111111111,1,3,1,0,0,0,0,1,0.0,0.13,0.0,650000.0
10626838,0,0.0,0.0,1.0,0.0,0.0,0.0,0.0,0.0,0.0,0.0,1.0,0.0,0.0,0.0,0.0,0.0,1.0,0.0,0.020408163265306124,0.0,0.0,0.07142857142857142,0.05555555555555555,2,4,0,1,0,0,0,0,0.0,0.0,0.0,159000.0
10626855,0,0.0,1.0,0.0,1.0,0.0,0.0,0.0,0.0,0.0,0.0,0.0,0.0,0.0,0.0,0.0,0.0,0.0,1.0,0.113265306122449,0.1818181818181818,0.09090909090909091,0.0,0.05555555555555555,3,3,0,1,0,0,0,1,0.0,0.04,0.0,255000.0
10626844,0,0.0,1.0,0.0,1.0,0.0,0.0,0.0,0.0,0.0,0.0,0.0,0.0,0.0,0.0,0.0,0.0,0.0,1.0,0.08265306122448982,0.09090909090909091,0.09090909090909091,0.0,0.0,3,2,1,1,0,0,0,1,0.0,0.07,0.0,269000.0
10626845,0,0.0,1.0,0.0,1.0,0.0,0.0,0.0,0.0,0.0,0.0,0.0,0.0,0.0,0.0,0.0,0.0,0.0,1.0,0.09693877551020408,0.09090909090909091,0.09090909090909091,0.0,0.05555555555555555,5,3,1,1,0,0,0,1,0.0,0.1,0.0,200000.0
10626856,0,0.0,1.0,0.0,1.0,0.0,0.0,0.0,0.0,0.0,0.0,0.0,0.0,0.0,0.0,0.0,0.0,0.0,1.0,0.14081632653061227,0.09090909090909091,0.09090909090909091,0.0,0.1111111111111111,3,2,1,1,0,0,0,1,0.0,0.0,0.0,364000.0
10626891,0,1.0,0.0,0.0,0.0,1.0,0.0,0.0,0.0,0.0,0.0,0.0,0.0,0.0,0.0,0.0,0.0,0.0,1.0,0.08061224489795918,0.09090909090909091,0.18181818181818182,0.14285714285714285,0.05555555555555555,1,3,1,0,0,0,0,1,0.0,0.07,0.0,395000.0
10626862,0,0.0,1.0,0.0,0.0,0.0,0.0,1.0,0.0,0.0,0.0,0.0,0.0,0.0,0.0,0.0,0.0,0.0,1.0,0.15816326530612246,0.1818181818181818,0.09090909090909091,0.0,0.05555555555555555,0,1,0,0,0,0,0,1,0.0,0.06,0.0,365000.0
10626903,0,0.0,1.0,0.0,0.0,0.0,0.0,1.0,0.0,0.0,0.0,0.0,0.0,0.0,0.0,0.0,0.0,0.0,1.0,0.11224489795918369,0.1818181818181818,0.09090909090909091,0.0,0.1111111111111111,0,1,0,1,0,0,0,1,0.0,0.1,0.0,340000.0
10626890,0,1.0,0.0,0.0,0.0,1.0,0.0,0.0,0.0,0.0,0.0,0.0,0.0,0.0,0.0,0.0,1.0,0.0,0.0,0.030612244897959183,0.0,0.09090909090909091,0.07142857142857142,0.05555555555555555,1,0,0,0,0,0,0,0,0.0,0.0,0.0,185000.0
10626900,1,0.0,1.0,0.0,0.0,0.0,0.0,1.0,0.0,0.0,0.0,0.0,0.0,0.0,0.0,0.0,0.0,0.0,1.0,0.15306122448979595,0.1818181818181818,0.18181818181818182,0.0,0.1111111111111111,1,3,0,0,0,0,0,0,0.0,0.0,0.0022283744512742545,649000.0
10626897,0,0.0,1.0,0.0,0.0,0.0,0.0,1.0,0.0,0.0,0.0,0.0,0.0,0.0,0.0,0.0,0.0,0.0,1.0,0.06632653061224492,0.0,0.09090909090909091,0.07142857142857142,0.05555555555555555,1,0,1,0,0,0,0,1,0.0,0.12,0.0,319000.0
10626918,0,0.0,0.0,1.0,0.0,0.0,0.0,0.0,0.0,0.0,0.0,0.0,0.0,1.0,0.0,0.0,0.0,1.0,0.0,0.030612244897959183,0.09090909090909091,0.09090909090909091,0.0,0.05555555555555555,5,7,0,1,0,0,0,0,0.0,0.0,0.0,150000.0
10626905,0,0.0,1.0,0.0,0.0,0.0,0.0,1.0,0.0,0.0,0.0,0.0,0.0,0.0,0.0,0.0,0.0,0.0,1.0,0.07755102040816328,0.1818181818181818,0.09090909090909091,0.0,0.05555555555555555,3,3,1,1,0,0,0,1,0.0,0.01,0.0,315000.0
10626955,0,0.0,1.0,0.0,0.0,0.0,1.0,0.0,0.0,0.0,0.0,0.0,0.0,0.0,0.0,1.0,0.0,0.0,0.0,0.10714285714285715,0.1818181818181818,0.09090909090909091,0.0,0.1111111111111111,1,0,1,0,0,0,0,1,0.0,0.26,0.0,545000.0
10626990,1,0.0,1.0,0.0,0.0,0.0,0.0,1.0,0.0,0.0,0.0,0.0,0.0,0.0,0.0,0.0,0.0,0.0,1.0,0.17346938775510207,0.2727272727272727,0.18181818181818182,0.0,0.1111111111111111,5,6,0,1,0,0,0,1,0.0,0.0,0.0009665459554086683,625000.0
10626965,0,0.0,0.0,1.0,0.0,0.0,0.0,0.0,0.0,0.0,0.0,0.0,0.0,1.0,0.0,0.0,0.0,0.0,1.0,0.10612244897959186,0.09090909090909091,0.09090909090909091,0.0,0.05555555555555555,1,1,1,1,0,0,1,1,0.0,0.16,0.0,545000.0
10627031,0,1.0,0.0,0.0,0.0,1.0,0.0,0.0,0.0,0.0,0.0,0.0,0.0,0.0,0.0,0.0,0.0,0.0,1.0,0.06938775510204082,0.0,0.09090909090909091,0.0,0.0,4,0,0,0,0,0,1,1,0.05,0.08,0.0,280000.0
10627055,0,1.0,0.0,0.0,0.0,1.0,0.0,0.0,0.0,0.0,0.0,0.0,0.0,0.0,0.0,0.0,1.0,0.0,0.0,0.11224489795918369,0.1818181818181818,0.09090909090909091,0.07142857142857142,0.1111111111111111,2,6,0,0,0,0,0,1,0.0,0.0,0.0,240000.0
10627109,0,0.0,1.0,0.0,0.0,0.0,1.0,0.0,0.0,0.0,0.0,0.0,0.0,0.0,0.0,0.0,0.0,0.0,1.0,0.0836734693877551,0.09090909090909091,0.09090909090909091,0.0,0.1111111111111111,1,2,1,0,0,0,0,1,0.0,0.18,0.0,297000.0
10627131,0,0.0,0.0,1.0,0.0,0.0,0.0,0.0,0.0,0.0,1.0,0.0,0.0,0.0,0.0,1.0,0.0,0.0,0.0,0.07857142857142857,0.09090909090909091,0.09090909090909091,0.0,0.0,3,3,0,0,0,0,0,0,0.0,0.0,0.0,169000.0
10627128,0,0.0,0.0,1.0,0.0,0.0,0.0,0.0,0.0,0.0,1.0,0.0,0.0,0.0,0.0,1.0,0.0,0.0,0.0,0.11938775510204083,0.09090909090909091,0.09090909090909091,0.0,0.0,3,4,0,0,0,0,0,1,0.0,0.4,0.0,209000.0
10627147,0,0.0,1.0,0.0,1.0,0.0,0.0,0.0,0.0,0.0,0.0,0.0,0.0,0.0,0.0,0.0,0.0,1.0,0.0,0.0836734693877551,0.1818181818181818,0.09090909090909091,0.0,0.05555555555555555,1,2,1,0,0,0,0,1,0.0,0.1,0.0,298000.0
10627170,0,0.0,1.0,0.0,1.0,0.0,0.0,0.0,0.0,0.0,0.0,0.0,0.0,0.0,0.0,0.0,0.0,1.0,0.0,0.07142857142857142,0.09090909090909091,0.09090909090909091,0.07142857142857142,0.05555555555555555,3,0,1,0,0,0,0,1,0.0,0.04,0.0,199000.0
10627150,0,0.0,1.0,0.0,1.0,0.0,0.0,0.0,0.0,0.0,0.0,0.0,0.0,0.0,0.0,0.0,0.0,1.0,0.0,0.07857142857142857,0.09090909090909091,0.0,0.0,0.0,0,0,0,1,0,0,0,1,0.0,1.0,0.0,399000.0
10627198,0,0.0,1.0,0.0,0.0,0.0,0.0,1.0,0.0,0.0,0.0,0.0,0.0,0.0,0.0,0.0,0.0,0.0,1.0,0.051020408163265314,0.0,0.0,0.0,0.0,1,2,1,0,0,0,0,0,0.0,0.0,0.0,235000.0
10496123,1,0.0,1.0,0.0,0.0,0.0,0.0,1.0,0.0,0.0,0.0,0.0,0.0,0.0,0.0,0.0,0.0,0.0,1.0,0.1306122448979592,0.1818181818181818,0.09090909090909091,0.0,0.05555555555555555,1,4,0,0,0,0,1,0,0.0,0.0,0.0009271138149128688,325000.0
10627226,0,0.0,0.0,1.0,0.0,0.0,0.0,0.0,1.0,0.0,0.0,0.0,0.0,0.0,0.0,0.0,0.0,0.0,1.0,0.05510204081632653,0.09090909090909091,0.09090909090909091,0.0,0.05555555555555555,3,6,1,0,0,0,0,1,0.0,0.04,0.0,165000.0
10627253,0,0.0,0.0,1.0,0.0,0.0,0.0,0.0,0.0,0.0,1.0,0.0,0.0,0.0,0.0,0.0,0.0,1.0,0.0,0.09183673469387757,0.09090909090909091,0.09090909090909091,0.0,0.0,0,1,1,0,0,0,0,1,0.0,0.0,0.0,345000.0
10627268,0,1.0,0.0,0.0,0.0,1.0,0.0,0.0,0.0,0.0,0.0,0.0,0.0,0.0,0.0,0.0,1.0,0.0,0.0,0.05204081632653062,0.0,0.09090909090909091,0.0,0.05555555555555555,0,3,1,0,0,0,0,1,0.0,0.02,0.0,280000.0
10627284,0,1.0,0.0,0.0,0.0,1.0,0.0,0.0,0.0,0.0,0.0,0.0,0.0,0.0,0.0,0.0,0.0,0.0,1.0,0.04183673469387755,0.0,0.09090909090909091,0.0,0.05555555555555555,3,5,0,0,0,0,0,0,0.0,0.0,0.0,210000.0
10627294,0,1.0,0.0,0.0,0.0,1.0,0.0,0.0,0.0,0.0,0.0,0.0,0.0,0.0,0.0,0.0,1.0,0.0,0.0,0.0836734693877551,0.09090909090909091,0.09090909090909091,0.0,0.05555555555555555,0,4,0,0,0,0,0,1,0.0,0.08,0.0,389000.0
10627385,0,0.0,1.0,0.0,0.0,0.0,0.0,1.0,0.0,0.0,0.0,0.0,0.0,0.0,0.0,0.0,0.0,1.0,0.0,0.07142857142857142,0.1818181818181818,0.09090909090909091,0.0,0.05555555555555555,0,2,1,0,0,0,0,1,0.0,0.0,0.0,295000.0
10627458,0,0.0,0.0,1.0,0.0,0.0,0.0,0.0,0.0,0.0,1.0,0.0,0.0,0.0,0.0,0.0,0.0,1.0,0.0,0.05612244897959184,0.09090909090909091,0.09090909090909091,0.0,0.05555555555555555,3,2,1,1,0,0,0,0,0.0,0.0,0.0,149500.0
10627412,0,0.0,1.0,0.0,0.0,0.0,0.0,0.0,0.0,0.0,0.0,0.0,0.0,0.0,1.0,0.0,0.0,0.0,1.0,0.07142857142857142,0.0,0.09090909090909091,0.0,0.05555555555555555,1,2,0,0,0,0,0,0,0.0,0.0,0.0,160000.0
10627435,0,1.0,0.0,0.0,0.0,1.0,0.0,0.0,0.0,0.0,0.0,0.0,0.0,0.0,0.0,0.0,0.0,0.0,1.0,0.07653061224489796,0.09090909090909091,0.09090909090909091,0.0,0.05555555555555555,0,4,1,0,0,0,0,1,0.0,0.06,0.0,329000.0
10627420,0,1.0,0.0,0.0,0.0,1.0,0.0,0.0,0.0,0.0,0.0,0.0,0.0,0.0,0.0,0.0,1.0,0.0,0.0,0.06632653061224492,0.09090909090909091,0.09090909090909091,0.0,0.05555555555555555,0,7,0,1,0,0,1,1,0.06,0.0,0.0,220000.0
10627470,0,0.0,1.0,0.0,1.0,0.0,0.0,0.0,0.0,0.0,0.0,0.0,0.0,0.0,0.0,0.0,0.0,0.0,1.0,0.1469387755102041,0.1818181818181818,0.09090909090909091,0.0,0.1111111111111111,2,3,0,1,0,0,0,1,0.0,0.3,0.0,429000.0
10627484,0,1.0,0.0,0.0,0.0,1.0,0.0,0.0,0.0,0.0,0.0,0.0,0.0,0.0,0.0,0.0,0.0,0.0,1.0,0.15306122448979595,0.1818181818181818,0.09090909090909091,0.0,0.1111111111111111,1,7,0,1,0,0,0,0,0.0,0.0,0.0,395000.0
10627487,0,0.0,1.0,0.0,1.0,0.0,0.0,0.0,0.0,0.0,0.0,0.0,0.0,0.0,0.0,0.0,1.0,0.0,0.0,0.07142857142857142,0.09090909090909091,0.09090909090909091,0.0,0.05555555555555555,3,3,1,1,0,0,0,0,0.0,0.0,0.0,175000.0
10627495,0,1.0,0.0,0.0,0.0,1.0,0.0,0.0,0.0,0.0,0.0,0.0,0.0,0.0,0.0,0.0,0.0,0.0,1.0,0.15000000000000002,0.09090909090909091,0.18181818181818182,0.0,0.16666666666666666,0,3,1,0,0,0,0,1,0.0,0.12,0.0,760000.0
10627497,0,0.0,1.0,0.0,0.0,0.0,0.0,0.0,0.0,0.0,0.0,0.0,0.0,0.0,1.0,0.0,0.0,0.0,1.0,0.05408163265306123,0.09090909090909091,0.0,0.0,0.05555555555555555,3,4,1,0,0,0,0,0,0.0,0.0,0.0,210000.0
10627515,0,0.0,1.0,0.0,1.0,0.0,0.0,0.0,0.0,0.0,0.0,0.0,0.0,0.0,0.0,0.0,1.0,0.0,0.0,0.0816326530612245,0.1818181818181818,0.18181818181818182,0.0,0.05555555555555555,1,2,1,0,0,0,0,1,0.0,0.04,0.0,415000.0
10627514,0,1.0,0.0,0.0,0.0,1.0,0.0,0.0,0.0,0.0,0.0,0.0,0.0,0.0,0.0,0.0,1.0,0.0,0.0,0.051020408163265314,0.09090909090909091,0.09090909090909091,0.0,0.0,0,7,0,0,0,0,0,1,0.0,0.08,0.0,235000.0
10627490,0,1.0,0.0,0.0,0.0,1.0,0.0,0.0,0.0,0.0,0.0,0.0,0.0,0.0,0.0,0.0,0.0,0.0,1.0,0.08775510204081632,0.1818181818181818,0.09090909090909091,0.0,0.0,3,4,1,0,0,0,0,1,0.0,0.22,0.0,370000.0
10627512,0,0.0,1.0,0.0,1.0,0.0,0.0,0.0,0.0,0.0,0.0,0.0,0.0,0.0,0.0,0.0,0.0,0.0,1.0,0.07142857142857142,0.0,0.09090909090909091,0.0,0.05555555555555555,3,2,1,0,0,0,0,1,0.0,0.06,0.0,179000.0
10627525,0,0.0,0.0,1.0,0.0,0.0,0.0,0.0,0.0,0.0,1.0,0.0,0.0,0.0,0.0,0.0,1.0,0.0,0.0,0.07142857142857142,0.09090909090909091,0.09090909090909091,0.0,0.1111111111111111,3,2,1,0,0,0,0,1,0.0,0.0,0.0,209000.0
10627524,0,0.0,1.0,0.0,0.0,0.0,0.0,0.0,0.0,0.0,0.0,0.0,0.0,0.0,1.0,0.0,0.0,1.0,0.0,0.1326530612244898,0.09090909090909091,0.18181818181818182,0.0,0.1111111111111111,0,1,0,0,0,0,0,0,0.0,0.0,0.0,2950000.0
10496457,0,0.0,0.0,1.0,0.0,0.0,0.0,0.0,0.0,0.0,1.0,0.0,0.0,0.0,0.0,0.0,0.0,1.0,0.0,0.051020408163265314,0.09090909090909091,0.0,0.07142857142857142,0.05555555555555555,2,3,0,1,0,0,0,1,0.0,0.1,0.0,140000.0
10627531,0,0.0,1.0,0.0,0.0,0.0,0.0,0.0,0.0,0.0,0.0,0.0,0.0,0.0,1.0,0.0,0.0,0.0,1.0,0.04489795918367347,0.09090909090909091,0.0,0.0,0.0,0,4,0,0,0,0,0,0,0.0,0.0,0.0,179000.0
10627559,0,0.0,1.0,0.0,0.0,0.0,1.0,0.0,0.0,0.0,0.0,0.0,0.0,0.0,0.0,0.0,0.0,0.0,1.0,0.08877551020408164,0.09090909090909091,0.09090909090909091,0.0,0.05555555555555555,0,0,1,1,0,0,0,1,0.0,0.1,0.0,280000.0
10627547,0,0.0,1.0,0.0,1.0,0.0,0.0,0.0,0.0,0.0,0.0,0.0,0.0,0.0,0.0,0.0,0.0,0.0,1.0,0.06122448979591837,0.1818181818181818,0.09090909090909091,0.0,0.05555555555555555,5,2,0,1,0,0,0,0,0.0,0.0,0.0,159000.0
10627536,0,0.0,1.0,0.0,0.0,0.0,0.0,0.0,0.0,0.0,0.0,0.0,0.0,0.0,1.0,0.0,0.0,0.0,1.0,0.17551020408163268,0.09090909090909091,0.09090909090909091,0.0,0.1111111111111111,1,2,1,0,0,0,1,1,0.014,0.14,0.0,351000.0
10627545,0,0.0,1.0,0.0,1.0,0.0,0.0,0.0,0.0,0.0,0.0,0.0,0.0,0.0,0.0,0.0,0.0,1.0,0.0,0.06122448979591837,0.09090909090909091,0.09090909090909091,0.0,0.05555555555555555,3,2,1,1,0,0,0,1,0.0,0.13,0.0,225000.0
10365410,1,0.0,1.0,0.0,1.0,0.0,0.0,0.0,0.0,0.0,0.0,0.0,0.0,0.0,0.0,0.0,0.0,0.0,1.0,0.2459183673469388,0.5454545454545454,0.09090909090909091,0.0,0.1111111111111111,2,3,0,1,0,0,1,0,0.42,0.0,0.0005043645877369712,395000.0
10627591,1,0.0,0.0,1.0,0.0,0.0,0.0,0.0,1.0,0.0,0.0,0.0,0.0,0.0,0.0,0.0,0.0,0.0,1.0,0.2142857142857143,0.2727272727272727,0.18181818181818182,0.0,0.1111111111111111,1,2,0,0,1,0,1,1,0.18,0.3,0.0005667223913117239,475000.0
10627629,0,0.0,1.0,0.0,0.0,0.0,0.0,0.0,0.0,0.0,0.0,0.0,0.0,0.0,1.0,0.0,0.0,1.0,0.0,0.0653061224489796,0.09090909090909091,0.0,0.0,0.1111111111111111,3,3,0,0,0,0,0,1,0.0,0.0,0.0,369000.0
10627651,0,0.0,1.0,0.0,0.0,0.0,0.0,0.0,0.0,0.0,0.0,0.0,0.0,0.0,1.0,0.0,0.0,0.0,1.0,0.04591836734693878,0.09090909090909091,0.09090909090909091,0.0,0.05555555555555555,3,2,1,1,0,0,0,1,0.0,0.02,0.0,229000.0
10627675,0,0.0,0.0,1.0,0.0,0.0,0.0,0.0,0.0,0.0,1.0,0.0,0.0,0.0,0.0,1.0,0.0,0.0,0.0,0.12142857142857144,0.1818181818181818,0.0,0.07142857142857142,0.05555555555555555,3,7,0,0,0,0,0,1,0.0,0.37,0.0,299000.0
10103423,0,0.0,1.0,0.0,0.0,0.0,0.0,0.0,0.0,0.0,0.0,0.0,0.0,0.0,1.0,0.0,0.0,1.0,0.0,0.07857142857142857,0.1818181818181818,0.18181818181818182,0.0,0.1111111111111111,0,1,1,0,0,0,0,1,0.0,0.0,0.0,2095000.0
10627699,0,0.0,1.0,0.0,0.0,0.0,0.0,0.0,0.0,0.0,0.0,0.0,0.0,0.0,1.0,1.0,0.0,0.0,0.0,0.0,0.0,0.09090909090909091,0.0,0.05555555555555555,3,0,1,1,0,0,0,1,0.0,0.0,0.0,115000.0
10627704,0,0.0,0.0,1.0,0.0,0.0,0.0,0.0,1.0,0.0,0.0,0.0,0.0,0.0,0.0,1.0,0.0,0.0,0.0,0.04081632653061225,0.09090909090909091,0.09090909090909091,0.0,0.0,0,7,1,1,0,0,0,1,0.0,0.04,0.0,119000.0
10627726,0,0.0,0.0,1.0,0.0,0.0,0.0,0.0,0.0,0.0,1.0,0.0,0.0,0.0,0.0,0.0,0.0,0.0,1.0,0.07653061224489796,0.09090909090909091,0.09090909090909091,0.0,0.05555555555555555,3,0,1,1,0,0,0,0,0.0,0.0,0.0,275000.0
10627727,0,0.0,0.0,1.0,0.0,0.0,0.0,0.0,0.0,0.0,0.0,0.0,0.0,1.0,0.0,0.0,0.0,0.0,1.0,0.057142857142857155,0.09090909090909091,0.09090909090909091,0.0,0.05555555555555555,1,3,0,0,0,0,0,0,0.0,0.0,0.0,150000.0
10627769,0,0.0,1.0,0.0,0.0,0.0,0.0,1.0,0.0,0.0,0.0,0.0,0.0,0.0,0.0,0.0,0.0,1.0,0.0,0.0673469387755102,0.09090909090909091,0.09090909090909091,0.0,0.0,3,4,0,0,0,0,0,0,0.0,0.0,0.0,185000.0
10627766,0,0.0,0.0,1.0,0.0,0.0,0.0,0.0,0.0,0.0,0.0,0.0,1.0,0.0,0.0,0.0,0.0,0.0,1.0,0.0816326530612245,0.09090909090909091,0.09090909090909091,0.0,0.0,0,5,0,0,0,0,0,0,0.0,0.0,0.0,225000.0
10627767,0,1.0,0.0,0.0,0.0,1.0,0.0,0.0,0.0,0.0,0.0,0.0,0.0,0.0,0.0,0.0,1.0,0.0,0.0,0.06122448979591837,0.0,0.0,0.07142857142857142,0.05555555555555555,0,0,0,1,0,0,0,0,0.0,0.0,0.0,267000.0
10627777,0,1.0,0.0,0.0,0.0,1.0,0.0,0.0,0.0,0.0,0.0,0.0,0.0,0.0,0.0,0.0,1.0,0.0,0.0,0.04387755102040817,0.0,0.09090909090909091,0.0,0.05555555555555555,5,7,0,0,0,0,0,0,0.0,0.0,0.0,180000.0
10627778,0,1.0,0.0,0.0,0.0,1.0,0.0,0.0,0.0,0.0,0.0,0.0,0.0,0.0,0.0,0.0,1.0,0.0,0.0,0.04387755102040817,0.0,0.09090909090909091,0.0,0.05555555555555555,5,6,0,0,0,0,0,0,0.0,0.0,0.0,180000.0
10627779,0,1.0,0.0,0.0,0.0,1.0,0.0,0.0,0.0,0.0,0.0,0.0,0.0,0.0,0.0,0.0,1.0,0.0,0.0,0.03571428571428572,0.0,0.09090909090909091,0.0,0.05555555555555555,4,6,0,0,0,0,0,0,0.0,0.0,0.0,185000.0
10627782,0,1.0,0.0,0.0,0.0,1.0,0.0,0.0,0.0,0.0,0.0,0.0,0.0,0.0,0.0,0.0,1.0,0.0,0.0,0.0336734693877551,0.0,0.09090909090909091,0.0,0.05555555555555555,5,7,0,0,0,0,0,1,0.0,0.12,0.0,175000.0
10627797,0,0.0,0.0,1.0,0.0,0.0,0.0,0.0,0.0,0.0,0.0,0.0,0.0,1.0,0.0,0.0,0.0,0.0,1.0,0.057142857142857155,0.09090909090909091,0.09090909090909091,0.0,0.05555555555555555,1,3,0,0,0,0,0,0,0.0,0.0,0.0,155000.0
10627783,0,1.0,0.0,0.0,0.0,1.0,0.0,0.0,0.0,0.0,0.0,0.0,0.0,0.0,0.0,0.0,1.0,0.0,0.0,0.04183673469387755,0.0,0.09090909090909091,0.0,0.05555555555555555,4,7,0,0,0,0,0,0,0.0,0.0,0.0,185000.0
10627799,0,0.0,0.0,1.0,0.0,0.0,0.0,0.0,1.0,0.0,0.0,0.0,0.0,0.0,0.0,0.0,0.0,0.0,1.0,0.09183673469387757,0.09090909090909091,0.09090909090909091,0.0,0.1111111111111111,1,5,1,1,0,0,1,1,0.1,0.13,0.0,319000.0
10627801,0,0.0,0.0,1.0,0.0,0.0,0.0,0.0,0.0,0.0,0.0,0.0,0.0,1.0,0.0,0.0,0.0,0.0,1.0,0.05510204081632653,0.0,0.09090909090909091,0.0,0.05555555555555555,1,3,0,0,0,0,0,0,0.0,0.0,0.0,120000.0
10627805,0,0.0,0.0,1.0,0.0,0.0,0.0,0.0,0.0,0.0,0.0,0.0,1.0,0.0,0.0,1.0,0.0,0.0,0.0,0.05612244897959184,0.09090909090909091,0.0,0.07142857142857142,0.05555555555555555,0,2,0,0,0,0,0,0,0.0,0.0,0.0,169000.0
10627844,0,0.0,0.0,1.0,0.0,0.0,0.0,0.0,0.0,0.0,0.0,0.0,0.0,1.0,0.0,0.0,0.0,0.0,1.0,0.04795918367346939,0.09090909090909091,0.09090909090909091,0.0,0.05555555555555555,1,2,0,0,0,0,0,0,0.0,0.0,0.0,160000.0
10627854,0,0.0,0.0,1.0,0.0,0.0,0.0,0.0,0.0,0.0,0.0,0.0,0.0,1.0,0.0,0.0,0.0,0.0,1.0,0.051020408163265314,0.09090909090909091,0.0,0.0,0.0,0,3,0,0,0,0,0,0,0.0,0.0,0.0,185000.0
10627856,0,0.0,0.0,1.0,0.0,0.0,0.0,0.0,0.0,0.0,0.0,0.0,1.0,0.0,0.0,0.0,0.0,0.0,1.0,0.09693877551020408,0.09090909090909091,0.09090909090909091,0.0,0.05555555555555555,1,5,0,0,0,0,0,1,0.0,0.4,0.0,249000.0
10627864,0,1.0,0.0,0.0,0.0,1.0,0.0,0.0,0.0,0.0,0.0,0.0,0.0,0.0,0.0,0.0,0.0,0.0,1.0,0.05612244897959184,0.09090909090909091,0.09090909090909091,0.0,0.05555555555555555,0,0,0,0,0,0,0,1,0.0,0.15,0.0,235000.0
10627865,0,0.0,1.0,0.0,0.0,0.0,0.0,1.0,0.0,0.0,0.0,0.0,0.0,0.0,0.0,0.0,0.0,0.0,1.0,0.030612244897959183,0.0,0.09090909090909091,0.0,0.05555555555555555,3,4,1,0,0,0,0,0,0.0,0.0,0.0,195000.0
10627883,0,1.0,0.0,0.0,0.0,1.0,0.0,0.0,0.0,0.0,0.0,0.0,0.0,0.0,0.0,0.0,1.0,0.0,0.0,0.07755102040816328,0.09090909090909091,0.09090909090909091,0.0,0.05555555555555555,1,6,1,0,0,0,0,0,0.0,0.0,0.0,230000.0
10627905,0,1.0,0.0,0.0,0.0,1.0,0.0,0.0,0.0,0.0,0.0,0.0,0.0,0.0,0.0,0.0,0.0,0.0,1.0,0.06122448979591837,0.09090909090909091,0.0,0.07142857142857142,0.0,0,0,0,0,0,0,0,0,0.0,0.0,0.0,299000.0
10627918,0,0.0,1.0,0.0,1.0,0.0,0.0,0.0,0.0,0.0,0.0,0.0,0.0,0.0,0.0,0.0,0.0,1.0,0.0,0.09183673469387757,0.1818181818181818,0.09090909090909091,0.0,0.05555555555555555,3,4,0,1,0,0,0,1,0.0,0.1,0.0,225000.0
10627927,0,0.0,0.0,1.0,0.0,0.0,0.0,0.0,0.0,0.0,1.0,0.0,0.0,0.0,0.0,0.0,0.0,0.0,1.0,0.07653061224489796,0.09090909090909091,0.09090909090909091,0.07142857142857142,0.05555555555555555,3,2,1,0,0,0,0,1,0.0,0.0,0.0,230000.0
10627928,1,0.0,1.0,0.0,0.0,0.0,1.0,0.0,0.0,0.0,0.0,0.0,0.0,0.0,0.0,0.0,0.0,1.0,0.0,0.19183673469387758,0.09090909090909091,0.09090909090909091,0.0,0.2222222222222222,3,3,0,1,0,0,0,1,0.0,0.06,9.170265231581294e-05,299000.0
10627970,0,0.0,1.0,0.0,1.0,0.0,0.0,0.0,0.0,0.0,0.0,0.0,0.0,0.0,0.0,0.0,1.0,0.0,0.0,0.2448979591836735,0.1818181818181818,0.18181818181818182,0.0,0.0,3,4,0,0,0,0,1,0,0.031,0.0,0.0,475000.0
10627926,1,0.0,1.0,0.0,0.0,0.0,0.0,1.0,0.0,0.0,0.0,0.0,0.0,0.0,0.0,0.0,0.0,1.0,0.0,0.27346938775510204,0.1818181818181818,0.09090909090909091,0.0,0.2222222222222222,3,6,0,1,0,0,0,1,0.0,0.25,0.0002842782221790201,495000.0
10627929,0,0.0,1.0,0.0,0.0,0.0,0.0,1.0,0.0,0.0,0.0,0.0,0.0,0.0,0.0,0.0,0.0,1.0,0.0,0.06020408163265307,0.09090909090909091,0.09090909090909091,0.0,0.05555555555555555,3,3,0,0,0,0,0,1,0.0,0.0,0.0,249000.0
10628065,0,0.0,1.0,0.0,1.0,0.0,0.0,0.0,0.0,0.0,0.0,0.0,0.0,0.0,0.0,0.0,0.0,1.0,0.0,0.07346938775510206,0.09090909090909091,0.09090909090909091,0.0,0.05555555555555555,3,4,0,1,0,0,1,1,0.0,0.04,0.0,214000.0
10628078,0,0.0,1.0,0.0,1.0,0.0,0.0,0.0,0.0,0.0,0.0,0.0,0.0,0.0,0.0,0.0,0.0,0.0,1.0,0.0336734693877551,0.0,0.09090909090909091,0.0,0.05555555555555555,3,2,1,1,0,0,0,1,0.0,0.33,0.0,249000.0
10628081,0,1.0,0.0,0.0,0.0,1.0,0.0,0.0,0.0,0.0,0.0,0.0,0.0,0.0,0.0,0.0,1.0,0.0,0.0,0.04591836734693878,0.0,0.09090909090909091,0.0,0.05555555555555555,0,7,0,1,0,0,0,1,0.0,0.05,0.0,239000.0
10628110,0,0.0,1.0,0.0,1.0,0.0,0.0,0.0,0.0,0.0,0.0,0.0,0.0,0.0,0.0,0.0,0.0,0.0,1.0,0.07448979591836735,0.09090909090909091,0.09090909090909091,0.0,0.0,4,2,0,0,0,0,0,1,0.0,0.0,0.0,259000.0
10628119,0,0.0,1.0,0.0,0.0,0.0,0.0,0.0,0.0,0.0,0.0,0.0,0.0,0.0,1.0,0.0,0.0,0.0,1.0,0.059183673469387764,0.09090909090909091,0.09090909090909091,0.0,0.05555555555555555,3,4,1,1,0,0,0,1,0.0,0.0,0.0,320000.0
10628126,1,0.0,0.0,1.0,0.0,0.0,0.0,0.0,1.0,0.0,0.0,0.0,0.0,0.0,0.0,0.0,0.0,0.0,1.0,0.11224489795918369,0.1818181818181818,0.09090909090909091,0.07142857142857142,0.05555555555555555,4,7,0,0,0,0,1,0,0.3,0.0,0.00034847007880008915,149900.0
10628128,0,1.0,0.0,0.0,0.0,1.0,0.0,0.0,0.0,0.0,0.0,0.0,0.0,0.0,0.0,0.0,1.0,0.0,0.0,0.023469387755102045,0.0,0.0,0.07142857142857142,0.05555555555555555,5,0,1,0,0,0,0,1,0.0,0.02,0.0,149000.0
10628153,0,1.0,0.0,0.0,0.0,1.0,0.0,0.0,0.0,0.0,0.0,0.0,0.0,0.0,0.0,0.0,0.0,0.0,1.0,0.10204081632653061,0.09090909090909091,0.09090909090909091,0.07142857142857142,0.05555555555555555,3,5,1,0,0,0,0,0,0.0,0.0,0.0,375000.0
10628158,0,0.0,1.0,0.0,1.0,0.0,0.0,0.0,0.0,0.0,0.0,0.0,0.0,0.0,0.0,0.0,0.0,0.0,1.0,0.0816326530612245,0.09090909090909091,0.09090909090909091,0.0,0.05555555555555555,3,4,0,0,0,0,0,1,0.0,0.2,0.0,255000.0
10628156,0,0.0,0.0,1.0,0.0,0.0,0.0,0.0,1.0,0.0,0.0,0.0,0.0,0.0,0.0,0.0,0.0,1.0,0.0,0.06836734693877553,0.09090909090909091,0.09090909090909091,0.0,0.05555555555555555,2,3,0,1,0,0,0,1,0.0,0.13,0.0,165000.0
10628167,0,1.0,0.0,0.0,0.0,1.0,0.0,0.0,0.0,0.0,0.0,0.0,0.0,0.0,0.0,0.0,1.0,0.0,0.0,0.1479591836734694,0.1818181818181818,0.18181818181818182,0.07142857142857142,0.16666666666666666,1,0,1,0,0,0,1,1,0.3,0.2,0.0,665000.0
10628170,0,0.0,1.0,0.0,0.0,0.0,0.0,0.0,0.0,0.0,0.0,0.0,0.0,0.0,1.0,0.0,0.0,0.0,1.0,0.07346938775510206,0.09090909090909091,0.0,0.0,0.05555555555555555,1,1,0,0,0,0,0,0,0.0,0.0,0.0,255000.0
10628180,0,1.0,0.0,0.0,0.0,1.0,0.0,0.0,0.0,0.0,0.0,0.0,0.0,0.0,0.0,1.0,0.0,0.0,0.0,0.08877551020408164,0.09090909090909091,0.09090909090909091,0.0,0.05555555555555555,3,4,1,0,0,0,0,1,0.0,0.16,0.0,394000.0
10628171,0,0.0,1.0,0.0,0.0,0.0,0.0,0.0,0.0,0.0,0.0,0.0,0.0,0.0,1.0,0.0,0.0,0.0,1.0,0.11224489795918369,0.1818181818181818,0.0,0.0,0.05555555555555555,3,2,0,0,0,0,0,0,0.0,0.0,0.0,280000.0
10628206,0,0.0,1.0,0.0,1.0,0.0,0.0,0.0,0.0,0.0,0.0,0.0,0.0,0.0,0.0,0.0,0.0,1.0,0.0,0.030612244897959183,0.0,0.09090909090909091,0.0,0.0,2,0,0,0,0,0,0,0,0.0,0.0,0.0,220000.0
10628210,0,0.0,1.0,0.0,1.0,0.0,0.0,0.0,0.0,0.0,0.0,0.0,0.0,0.0,0.0,0.0,0.0,1.0,0.0,0.04081632653061225,0.0,0.09090909090909091,0.0,0.05555555555555555,3,2,1,0,0,0,0,1,0.0,0.1,0.0,188000.0
10497135,0,1.0,0.0,0.0,0.0,1.0,0.0,0.0,0.0,0.0,0.0,0.0,0.0,0.0,0.0,0.0,1.0,0.0,0.0,0.020408163265306124,0.0,0.0,0.0,0.0,1,0,0,0,0,0,0,1,0.0,0.0,0.0,150000.0
10628212,0,0.0,1.0,0.0,0.0,0.0,0.0,0.0,0.0,0.0,0.0,0.0,0.0,0.0,1.0,0.0,0.0,1.0,0.0,0.113265306122449,0.1818181818181818,0.18181818181818182,0.0,0.0,3,2,0,0,0,0,0,0,0.0,0.0,0.0,1750000.0
10628181,0,0.0,1.0,0.0,0.0,0.0,1.0,0.0,0.0,0.0,0.0,0.0,0.0,0.0,0.0,0.0,0.0,0.0,1.0,0.05816326530612246,0.0,0.09090909090909091,0.0,0.05555555555555555,3,2,0,0,0,0,0,1,0.0,0.0,0.0,225000.0
10628213,0,0.0,1.0,0.0,0.0,0.0,0.0,0.0,0.0,0.0,0.0,0.0,0.0,0.0,1.0,0.0,0.0,1.0,0.0,0.06122448979591837,0.1818181818181818,0.18181818181818182,0.0,0.1111111111111111,0,0,1,0,0,0,0,1,0.0,0.07,0.0,745000.0
10628238,0,0.0,1.0,0.0,0.0,0.0,0.0,1.0,0.0,0.0,0.0,0.0,0.0,0.0,0.0,0.0,0.0,0.0,1.0,0.09693877551020408,0.1818181818181818,0.09090909090909091,0.0,0.05555555555555555,3,4,0,0,0,0,0,1,0.0,0.07,0.0,304000.0
10628260,0,0.0,1.0,0.0,1.0,0.0,0.0,0.0,0.0,0.0,0.0,0.0,0.0,0.0,0.0,1.0,0.0,0.0,0.0,0.07142857142857142,0.09090909090909091,0.09090909090909091,0.0,0.05555555555555555,0,3,1,1,0,0,0,1,0.0,0.04,0.0,279000.0
10366116,0,0.0,1.0,0.0,0.0,0.0,0.0,0.0,0.0,0.0,0.0,0.0,0.0,0.0,1.0,0.0,0.0,0.0,1.0,0.09285714285714286,0.09090909090909091,0.09090909090909091,0.0,0.0,0,0,0,0,0,0,1,0,0.0,0.0,0.0,256000.0
10628266,0,1.0,0.0,0.0,0.0,1.0,0.0,0.0,0.0,0.0,0.0,0.0,0.0,0.0,0.0,0.0,0.0,0.0,1.0,0.1979591836734694,0.1818181818181818,0.09090909090909091,0.07142857142857142,0.1111111111111111,1,4,1,0,0,0,0,1,0.0,0.0,0.0,985000.0
10628271,0,0.0,1.0,0.0,0.0,0.0,1.0,0.0,0.0,0.0,0.0,0.0,0.0,0.0,0.0,0.0,1.0,0.0,0.0,0.06122448979591837,0.09090909090909091,0.09090909090909091,0.0,0.05555555555555555,2,3,0,0,0,0,0,0,0.0,0.0,0.0,285000.0
10628275,0,0.0,1.0,0.0,0.0,0.0,0.0,1.0,0.0,0.0,0.0,0.0,0.0,0.0,0.0,0.0,1.0,0.0,0.0,0.09183673469387757,0.09090909090909091,0.0,0.0,0.0,3,2,0,0,0,0,0,1,0.0,0.04,0.0,349000.0
10628282,0,0.0,1.0,0.0,0.0,0.0,1.0,0.0,0.0,0.0,0.0,0.0,0.0,0.0,0.0,0.0,0.0,0.0,1.0,0.1816326530612245,0.2727272727272727,0.18181818181818182,0.0,0.16666666666666666,3,2,0,0,0,0,0,1,0.0,0.0,0.0,325000.0
10628306,0,0.0,1.0,0.0,0.0,0.0,0.0,1.0,0.0,0.0,0.0,0.0,0.0,0.0,0.0,1.0,0.0,0.0,0.0,0.01122448979591837,0.0,0.0,0.0,0.0,1,0,1,0,0,0,0,0,0.0,0.0,0.0,299000.0
10628286,0,0.0,1.0,0.0,1.0,0.0,0.0,0.0,0.0,0.0,0.0,0.0,0.0,0.0,0.0,0.0,0.0,0.0,1.0,0.057142857142857155,0.09090909090909091,0.09090909090909091,0.0,0.0,3,5,1,0,0,0,0,0,0.0,0.0,0.0,215000.0
10628338,0,1.0,0.0,0.0,0.0,1.0,0.0,0.0,0.0,0.0,0.0,0.0,0.0,0.0,0.0,0.0,1.0,0.0,0.0,0.04897959183673469,0.0,0.09090909090909091,0.07142857142857142,0.05555555555555555,0,1,1,0,0,0,1,1,1.0,0.0,0.0,275000.0
10628337,0,0.0,1.0,0.0,0.0,0.0,1.0,0.0,0.0,0.0,0.0,0.0,0.0,0.0,0.0,0.0,0.0,0.0,1.0,0.08877551020408164,0.1818181818181818,0.09090909090909091,0.0,0.05555555555555555,3,2,0,0,0,0,0,0,0.0,0.0,0.0,229000.0
10497278,0,0.0,0.0,1.0,0.0,0.0,0.0,0.0,0.0,0.0,0.0,0.0,1.0,0.0,0.0,0.0,0.0,1.0,0.0,0.08775510204081632,0.1818181818181818,0.09090909090909091,0.0,0.05555555555555555,0,3,0,0,0,0,0,1,0.0,0.14,0.0,210000.0
10628362,0,0.0,1.0,0.0,1.0,0.0,0.0,0.0,0.0,0.0,0.0,0.0,0.0,0.0,0.0,0.0,0.0,1.0,0.0,0.06122448979591837,0.09090909090909091,0.09090909090909091,0.0,0.05555555555555555,3,2,0,1,0,0,0,1,0.0,0.0,0.0,245000.0
10628367,0,1.0,0.0,0.0,0.0,1.0,0.0,0.0,0.0,0.0,0.0,0.0,0.0,0.0,0.0,0.0,1.0,0.0,0.0,0.22448979591836737,0.1818181818181818,0.2727272727272727,0.14285714285714285,0.16666666666666666,1,3,1,0,0,0,0,1,0.0,0.2,0.0,1595000.0
10628451,0,1.0,0.0,0.0,0.0,1.0,0.0,0.0,0.0,0.0,0.0,0.0,0.0,0.0,0.0,0.0,0.0,0.0,1.0,0.08775510204081632,0.09090909090909091,0.09090909090909091,0.0,0.05555555555555555,0,4,1,0,0,0,0,1,0.0,0.23,0.0,449000.0
10628448,0,1.0,0.0,0.0,0.0,1.0,0.0,0.0,0.0,0.0,0.0,0.0,0.0,0.0,0.0,0.0,1.0,0.0,0.0,0.07142857142857142,0.09090909090909091,0.0,0.07142857142857142,0.05555555555555555,0,7,0,0,0,0,0,1,0.0,0.07,0.0,399000.0
10628457,0,1.0,0.0,0.0,0.0,1.0,0.0,0.0,0.0,0.0,0.0,0.0,0.0,0.0,0.0,0.0,1.0,0.0,0.0,0.0816326530612245,0.09090909090909091,0.09090909090909091,0.0,0.05555555555555555,0,7,1,0,0,0,0,1,0.0,0.24,0.0,295000.0
10628470,0,1.0,0.0,0.0,0.0,1.0,0.0,0.0,0.0,0.0,0.0,0.0,0.0,0.0,0.0,0.0,0.0,0.0,1.0,0.05612244897959184,0.0,0.0,0.07142857142857142,0.1111111111111111,0,4,1,0,0,0,0,1,0.0,0.02,0.0,355000.0
10628462,0,1.0,0.0,0.0,0.0,1.0,0.0,0.0,0.0,0.0,0.0,0.0,0.0,0.0,0.0,0.0,1.0,0.0,0.0,0.06122448979591837,0.09090909090909091,0.09090909090909091,0.0,0.05555555555555555,0,4,1,0,0,0,0,1,0.0,0.09,0.0,219000.0
10628471,1,0.0,1.0,0.0,0.0,0.0,1.0,0.0,0.0,0.0,0.0,0.0,0.0,0.0,0.0,1.0,0.0,0.0,0.0,0.20306122448979594,0.2727272727272727,0.2727272727272727,0.0,0.16666666666666666,2,2,0,0,0,0,1,0,0.2,0.0,0.0003246273891979778,480000.0
10628492,0,1.0,0.0,0.0,0.0,1.0,0.0,0.0,0.0,0.0,0.0,0.0,0.0,0.0,0.0,0.0,0.0,1.0,0.0,0.06122448979591837,0.0,0.0,0.07142857142857142,0.0,3,5,0,1,0,0,0,0,0.0,0.0,0.0,389000.0
10628498,0,0.0,1.0,0.0,0.0,0.0,0.0,1.0,0.0,0.0,0.0,0.0,0.0,0.0,0.0,1.0,0.0,0.0,0.0,0.08673469387755103,0.1818181818181818,0.09090909090909091,0.0,0.05555555555555555,3,0,1,0,0,0,0,1,0.0,0.03,0.0,349000.0
10628502,0,0.0,0.0,1.0,0.0,0.0,0.0,0.0,1.0,0.0,0.0,0.0,0.0,0.0,0.0,0.0,1.0,0.0,0.0,0.07142857142857142,0.09090909090909091,0.09090909090909091,0.07142857142857142,0.05555555555555555,3,6,1,0,0,0,0,1,0.0,0.04,0.0,99000.0
10628579,0,0.0,1.0,0.0,0.0,0.0,0.0,0.0,0.0,0.0,0.0,0.0,0.0,0.0,1.0,0.0,0.0,1.0,0.0,0.05612244897959184,0.09090909090909091,0.0,0.0,0.05555555555555555,3,3,1,0,0,0,0,1,0.0,0.0,0.0,175000.0
10628497,0,0.0,1.0,0.0,0.0,0.0,0.0,0.0,0.0,0.0,0.0,0.0,0.0,0.0,1.0,0.0,0.0,0.0,1.0,0.2275510204081633,0.1818181818181818,0.0,0.07142857142857142,0.1111111111111111,1,3,0,0,0,0,1,1,0.036000000000000004,0.32,0.0,399000.0
10628520,0,0.0,1.0,0.0,1.0,0.0,0.0,0.0,0.0,0.0,0.0,0.0,0.0,0.0,0.0,0.0,0.0,0.0,1.0,0.1479591836734694,0.09090909090909091,0.18181818181818182,0.0,0.0,3,4,1,0,0,0,0,1,0.0,0.5,0.0,645000.0
10628559,0,0.0,1.0,0.0,1.0,0.0,0.0,0.0,0.0,0.0,0.0,0.0,0.0,0.0,0.0,0.0,0.0,0.0,1.0,0.051020408163265314,0.0,0.0,0.07142857142857142,0.0,0,0,0,1,0,0,1,1,0.0,0.0,0.0,290000.0
10497594,0,0.0,1.0,0.0,0.0,0.0,0.0,0.0,0.0,0.0,0.0,0.0,0.0,0.0,1.0,0.0,0.0,0.0,1.0,0.05306122448979592,0.09090909090909091,0.09090909090909091,0.07142857142857142,0.05555555555555555,2,0,0,0,0,0,0,1,0.0,0.07,0.0,244000.0
10628677,0,0.0,0.0,1.0,0.0,0.0,0.0,0.0,0.0,0.0,1.0,0.0,0.0,0.0,0.0,1.0,0.0,0.0,0.0,0.05204081632653062,0.0,0.0,0.07142857142857142,0.05555555555555555,0,2,0,1,0,0,0,0,0.0,0.0,0.0,169000.0
10628686,0,0.0,1.0,0.0,0.0,0.0,0.0,0.0,0.0,0.0,0.0,0.0,0.0,0.0,1.0,0.0,0.0,1.0,0.0,0.0336734693877551,0.0,0.0,0.0,0.05555555555555555,1,3,1,0,0,0,0,1,0.0,0.0,0.0,189000.0
10628679,0,0.0,0.0,1.0,0.0,0.0,0.0,0.0,0.0,0.0,1.0,0.0,0.0,0.0,0.0,0.0,0.0,1.0,0.0,0.07142857142857142,0.09090909090909091,0.09090909090909091,0.0,0.05555555555555555,3,4,1,1,0,0,0,1,0.0,0.02,0.0,159000.0
10628682,0,1.0,0.0,0.0,0.0,1.0,0.0,0.0,0.0,0.0,0.0,0.0,0.0,0.0,0.0,0.0,1.0,0.0,0.0,0.030612244897959183,0.0,0.0,0.07142857142857142,0.05555555555555555,3,4,1,0,0,0,0,1,0.0,0.04,0.0,229000.0
10628689,0,0.0,1.0,0.0,1.0,0.0,0.0,0.0,0.0,0.0,0.0,0.0,0.0,0.0,0.0,0.0,1.0,0.0,0.0,0.028571428571428574,0.0,0.09090909090909091,0.0,0.0,0,2,1,0,0,0,0,0,0.0,0.0,0.0,175000.0
10628693,0,0.0,0.0,1.0,0.0,0.0,0.0,0.0,0.0,0.0,0.0,0.0,0.0,1.0,0.0,0.0,0.0,0.0,1.0,0.07857142857142857,0.09090909090909091,0.09090909090909091,0.0,0.05555555555555555,0,3,0,0,0,0,1,0,0.156,0.0,0.0,297500.0
10628699,0,0.0,1.0,0.0,1.0,0.0,0.0,0.0,0.0,0.0,0.0,0.0,0.0,0.0,0.0,0.0,0.0,0.0,1.0,0.07142857142857142,0.09090909090909091,0.09090909090909091,0.0,0.05555555555555555,1,2,0,0,0,0,0,1,0.0,0.21,0.0,289000.0
10628703,0,0.0,1.0,0.0,0.0,0.0,0.0,0.0,0.0,0.0,0.0,0.0,0.0,0.0,1.0,0.0,0.0,0.0,1.0,0.07244897959183674,0.1818181818181818,0.09090909090909091,0.0,0.05555555555555555,1,0,1,0,0,0,0,1,0.0,0.13,0.0,241500.0
10628704,0,0.0,1.0,0.0,0.0,0.0,0.0,0.0,0.0,0.0,0.0,0.0,0.0,0.0,1.0,0.0,0.0,0.0,1.0,0.0836734693877551,0.1818181818181818,0.0,0.0,0.1111111111111111,3,2,1,0,0,0,0,1,0.0,0.06,0.0,267000.0
10628709,0,0.0,1.0,0.0,0.0,0.0,1.0,0.0,0.0,0.0,0.0,0.0,0.0,0.0,0.0,1.0,0.0,0.0,0.0,0.030612244897959183,0.0,0.09090909090909091,0.0,0.05555555555555555,3,2,0,0,0,0,0,1,0.0,0.0,0.0,235000.0
10628710,0,0.0,1.0,0.0,0.0,0.0,1.0,0.0,0.0,0.0,0.0,0.0,0.0,0.0,0.0,0.0,0.0,1.0,0.0,0.04795918367346939,0.0,0.09090909090909091,0.0,0.05555555555555555,3,0,1,0,0,0,0,1,0.0,0.13,0.0,218957.0
10628724,0,0.0,1.0,0.0,1.0,0.0,0.0,0.0,0.0,0.0,0.0,0.0,0.0,0.0,0.0,0.0,0.0,1.0,0.0,0.03571428571428572,0.0,0.09090909090909091,0.0,0.0,3,4,0,1,0,0,0,0,0.0,0.0,0.0,195000.0
10628736,0,0.0,1.0,0.0,0.0,0.0,0.0,0.0,0.0,0.0,0.0,0.0,0.0,0.0,1.0,0.0,0.0,0.0,1.0,0.08775510204081632,0.09090909090909091,0.09090909090909091,0.0,0.1111111111111111,3,5,0,0,0,0,0,0,0.0,0.0,0.0,225000.0
10628792,0,0.0,1.0,0.0,0.0,0.0,0.0,0.0,0.0,0.0,0.0,0.0,0.0,0.0,1.0,0.0,0.0,1.0,0.0,0.04387755102040817,0.0,0.09090909090909091,0.0,0.05555555555555555,3,3,1,0,0,1,0,0,0.0,0.0,0.0,185000.0
10628796,0,0.0,1.0,0.0,0.0,0.0,0.0,1.0,0.0,0.0,0.0,0.0,0.0,0.0,0.0,0.0,0.0,1.0,0.0,0.12448979591836737,0.09090909090909091,0.0,0.0,0.0,1,2,1,0,0,0,0,1,0.0,0.08,0.0,349000.0
10628820,0,0.0,0.0,1.0,0.0,0.0,0.0,0.0,0.0,0.0,1.0,0.0,0.0,0.0,0.0,1.0,0.0,0.0,0.0,0.04183673469387755,0.0,0.09090909090909091,0.0,0.05555555555555555,0,5,0,1,0,0,0,1,0.0,0.18,0.0,119000.0
10628821,0,0.0,1.0,0.0,1.0,0.0,0.0,0.0,0.0,0.0,0.0,0.0,0.0,0.0,0.0,1.0,0.0,0.0,0.0,0.09591836734693879,0.0,0.09090909090909091,0.0,0.05555555555555555,3,2,1,1,0,0,0,0,0.0,0.0,0.0,314000.0
10628737,0,0.0,1.0,0.0,1.0,0.0,0.0,0.0,0.0,0.0,0.0,0.0,0.0,0.0,0.0,0.0,0.0,0.0,1.0,0.07653061224489796,0.09090909090909091,0.09090909090909091,0.0,0.05555555555555555,0,0,1,1,0,0,1,1,0.053,0.19,0.0,299000.0
10628836,0,0.0,1.0,0.0,1.0,0.0,0.0,0.0,0.0,0.0,0.0,0.0,0.0,0.0,0.0,0.0,1.0,0.0,0.0,0.06632653061224492,0.09090909090909091,0.09090909090909091,0.0,0.05555555555555555,3,2,1,1,0,0,0,1,0.0,0.08,0.0,370000.0
10628847,0,0.0,1.0,0.0,1.0,0.0,0.0,0.0,0.0,0.0,0.0,0.0,0.0,0.0,0.0,0.0,0.0,0.0,1.0,0.06632653061224492,0.1818181818181818,0.09090909090909091,0.0,0.05555555555555555,4,2,0,1,0,0,0,1,0.0,0.05,0.0,219000.0
10628841,0,0.0,1.0,0.0,1.0,0.0,0.0,0.0,0.0,0.0,0.0,0.0,0.0,0.0,0.0,0.0,0.0,1.0,0.0,0.11734693877551022,0.09090909090909091,0.18181818181818182,0.0,0.1111111111111111,4,3,1,1,0,0,0,1,0.0,0.19,0.0,265000.0
10628839,0,0.0,0.0,1.0,0.0,0.0,0.0,0.0,0.0,0.0,0.0,0.0,0.0,1.0,0.0,0.0,0.0,0.0,1.0,0.12142857142857144,0.09090909090909091,0.09090909090909091,0.07142857142857142,0.1111111111111111,2,2,0,1,0,0,0,1,0.0,0.3,0.0,275000.0
10628850,0,0.0,1.0,0.0,1.0,0.0,0.0,0.0,0.0,0.0,0.0,0.0,0.0,0.0,0.0,0.0,0.0,1.0,0.0,0.08673469387755103,0.09090909090909091,0.09090909090909091,0.0,0.0,4,3,1,0,0,0,0,1,0.0,0.0,0.0,175000.0
10628852,0,1.0,0.0,0.0,0.0,1.0,0.0,0.0,0.0,0.0,0.0,0.0,0.0,0.0,0.0,0.0,1.0,0.0,0.0,0.09285714285714286,0.09090909090909091,0.18181818181818182,0.07142857142857142,0.05555555555555555,3,4,1,0,0,0,0,1,0.0,0.14,0.0,259000.0
10628851,0,0.0,1.0,0.0,0.0,0.0,1.0,0.0,0.0,0.0,0.0,0.0,0.0,0.0,0.0,0.0,0.0,0.0,1.0,0.09693877551020408,0.1818181818181818,0.18181818181818182,0.0,0.1111111111111111,1,1,1,0,0,0,0,1,0.0,0.25,0.0,450000.0
10628863,0,0.0,0.0,1.0,0.0,0.0,0.0,0.0,0.0,0.0,1.0,0.0,0.0,0.0,0.0,0.0,0.0,0.0,1.0,0.09183673469387757,0.09090909090909091,0.0,0.07142857142857142,0.1111111111111111,3,0,0,0,0,0,0,1,0.0,0.2,0.0,269000.0
10497795,0,1.0,0.0,0.0,0.0,1.0,0.0,0.0,0.0,0.0,0.0,0.0,0.0,0.0,0.0,0.0,1.0,0.0,0.0,0.04183673469387755,0.0,0.09090909090909091,0.0,0.05555555555555555,0,2,0,0,0,0,0,1,0.0,0.12,0.0,245000.0
10497794,0,1.0,0.0,0.0,0.0,1.0,0.0,0.0,0.0,0.0,0.0,0.0,0.0,0.0,0.0,0.0,1.0,0.0,0.0,0.07346938775510206,0.09090909090909091,0.18181818181818182,0.0,0.1111111111111111,0,2,0,0,0,0,0,0,0.0,0.0,0.0,285000.0
10628883,0,1.0,0.0,0.0,0.0,1.0,0.0,0.0,0.0,0.0,0.0,0.0,0.0,0.0,0.0,0.0,1.0,0.0,0.0,0.163265306122449,0.1818181818181818,0.18181818181818182,0.07142857142857142,0.1111111111111111,1,3,1,0,0,0,0,1,0.0,0.0,0.0,995000.0
10628879,0,0.0,1.0,0.0,1.0,0.0,0.0,0.0,0.0,0.0,0.0,0.0,0.0,0.0,0.0,0.0,0.0,0.0,1.0,0.20000000000000004,0.2727272727272727,0.18181818181818182,0.0,0.0,3,4,0,1,0,0,0,0,0.0,0.0,0.0,425000.0
10628878,0,0.0,1.0,0.0,0.0,0.0,0.0,0.0,0.0,0.0,0.0,0.0,0.0,0.0,1.0,0.0,0.0,0.0,1.0,0.05816326530612246,0.09090909090909091,0.18181818181818182,0.07142857142857142,0.05555555555555555,3,2,1,1,0,0,0,1,0.0,0.0,0.0,450000.0
10628882,0,1.0,0.0,0.0,0.0,1.0,0.0,0.0,0.0,0.0,0.0,0.0,0.0,0.0,0.0,0.0,1.0,0.0,0.0,0.07040816326530613,0.09090909090909091,0.0,0.07142857142857142,0.05555555555555555,5,3,0,1,0,0,0,1,0.0,0.05,0.0,245000.0
10628889,0,0.0,1.0,0.0,1.0,0.0,0.0,0.0,0.0,0.0,0.0,0.0,0.0,0.0,0.0,0.0,1.0,0.0,0.0,0.012244897959183675,0.0,0.09090909090909091,0.0,0.05555555555555555,2,2,1,1,0,0,0,1,0.0,0.05,0.0,157000.0
10628888,0,0.0,1.0,0.0,1.0,0.0,0.0,0.0,0.0,0.0,0.0,0.0,0.0,0.0,0.0,0.0,1.0,0.0,0.0,0.010204081632653062,0.0,0.09090909090909091,0.0,0.05555555555555555,3,2,1,1,0,0,0,1,0.0,0.06,0.0,135000.0
10628894,0,0.0,1.0,0.0,0.0,0.0,0.0,0.0,0.0,0.0,0.0,0.0,0.0,0.0,1.0,0.0,0.0,0.0,1.0,0.07142857142857142,0.09090909090909091,0.0,0.07142857142857142,0.05555555555555555,2,0,1,0,0,0,0,1,0.0,0.03,0.0,465000.0
10628904,0,0.0,1.0,0.0,1.0,0.0,0.0,0.0,0.0,0.0,0.0,0.0,0.0,0.0,0.0,0.0,0.0,1.0,0.0,0.11734693877551022,0.1818181818181818,0.09090909090909091,0.0,0.0,1,1,1,0,0,0,0,0,0.0,0.0,0.0,449000.0
10628907,0,0.0,1.0,0.0,0.0,0.0,0.0,0.0,0.0,0.0,0.0,0.0,0.0,0.0,1.0,0.0,0.0,0.0,1.0,0.034693877551020415,0.0,0.0,0.0,0.0,0,2,0,0,0,0,0,1,0.0,0.0,0.0,133000.0
10366762,0,0.0,1.0,0.0,1.0,0.0,0.0,0.0,0.0,0.0,0.0,0.0,0.0,0.0,0.0,0.0,0.0,0.0,1.0,0.07653061224489796,0.09090909090909091,0.09090909090909091,0.0,0.05555555555555555,4,5,0,1,0,0,0,1,0.0,0.08,0.0,165000.0
10628912,0,0.0,1.0,0.0,0.0,0.0,0.0,0.0,0.0,0.0,0.0,0.0,0.0,0.0,1.0,0.0,0.0,0.0,1.0,0.05204081632653062,0.09090909090909091,0.09090909090909091,0.0,0.05555555555555555,3,3,0,0,0,0,1,1,0.0,0.05,0.0,282000.0
10628921,0,0.0,1.0,0.0,0.0,0.0,0.0,0.0,0.0,1.0,0.0,0.0,0.0,0.0,0.0,0.0,0.0,0.0,1.0,0.08265306122448982,0.09090909090909091,0.09090909090909091,0.0,0.0,0,2,0,0,0,0,0,1,0.0,0.0,0.0,184500.0
10628914,0,0.0,1.0,0.0,0.0,0.0,0.0,0.0,0.0,0.0,0.0,0.0,0.0,0.0,1.0,0.0,0.0,0.0,1.0,0.031632653061224494,0.0,0.09090909090909091,0.0,0.05555555555555555,3,6,0,0,0,0,0,0,0.0,0.0,0.0,99000.0
10628913,0,0.0,1.0,0.0,0.0,0.0,0.0,0.0,0.0,0.0,0.0,0.0,0.0,0.0,1.0,0.0,0.0,0.0,1.0,0.018367346938775515,0.0,0.09090909090909091,0.0,0.05555555555555555,3,5,1,0,0,0,0,0,0.0,0.0,0.0,79000.0
10628946,0,0.0,1.0,0.0,0.0,0.0,0.0,1.0,0.0,0.0,0.0,0.0,0.0,0.0,0.0,0.0,0.0,1.0,0.0,0.2142857142857143,0.1818181818181818,0.18181818181818182,0.0,0.1111111111111111,3,2,1,1,0,0,0,1,0.0,0.38,0.0,565000.0
10628949,0,0.0,1.0,0.0,0.0,0.0,0.0,1.0,0.0,0.0,0.0,0.0,0.0,0.0,0.0,0.0,0.0,0.0,1.0,0.2142857142857143,0.1818181818181818,0.18181818181818182,0.0,0.1111111111111111,3,2,1,1,0,0,0,1,0.0,0.38,0.0,565000.0
10628926,0,0.0,1.0,0.0,0.0,0.0,0.0,0.0,0.0,0.0,0.0,0.0,0.0,0.0,1.0,0.0,0.0,1.0,0.0,0.06020408163265307,0.09090909090909091,0.09090909090909091,0.0,0.0,0,2,0,0,0,0,0,0,0.0,0.0,0.0,657500.0
10628948,0,0.0,1.0,0.0,0.0,0.0,0.0,1.0,0.0,0.0,0.0,0.0,0.0,0.0,0.0,0.0,0.0,0.0,1.0,0.2142857142857143,0.1818181818181818,0.18181818181818182,0.0,0.1111111111111111,3,2,1,1,0,0,0,1,0.0,0.38,0.0,565000.0
10628956,0,0.0,1.0,0.0,0.0,0.0,0.0,1.0,0.0,0.0,0.0,0.0,0.0,0.0,0.0,0.0,0.0,1.0,0.0,0.2142857142857143,0.1818181818181818,0.18181818181818182,0.0,0.1111111111111111,3,2,1,1,0,0,0,1,0.0,0.38,0.0,565000.0
10628957,0,0.0,1.0,0.0,0.0,0.0,0.0,1.0,0.0,0.0,0.0,0.0,0.0,0.0,0.0,0.0,0.0,1.0,0.0,0.2142857142857143,0.1818181818181818,0.18181818181818182,0.0,0.1111111111111111,3,2,1,1,0,0,0,1,0.0,0.38,0.0,565000.0
10628959,0,0.0,1.0,0.0,0.0,0.0,0.0,1.0,0.0,0.0,0.0,0.0,0.0,0.0,0.0,0.0,0.0,1.0,0.0,0.2142857142857143,0.1818181818181818,0.18181818181818182,0.0,0.1111111111111111,3,2,1,1,0,0,0,1,0.0,0.38,0.0,565000.0
10628958,0,0.0,1.0,0.0,0.0,0.0,0.0,1.0,0.0,0.0,0.0,0.0,0.0,0.0,0.0,0.0,0.0,1.0,0.0,0.2142857142857143,0.1818181818181818,0.18181818181818182,0.0,0.1111111111111111,3,2,1,1,0,0,0,1,0.0,0.38,0.0,565000.0
10629017,0,0.0,1.0,0.0,1.0,0.0,0.0,0.0,0.0,0.0,0.0,0.0,0.0,0.0,0.0,0.0,0.0,0.0,1.0,0.08979591836734696,0.1818181818181818,0.09090909090909091,0.0,0.0,3,0,0,0,0,0,0,1,0.0,0.14,0.0,265000.0
10629015,0,0.0,1.0,0.0,0.0,0.0,1.0,0.0,0.0,0.0,0.0,0.0,0.0,0.0,0.0,0.0,0.0,0.0,1.0,0.07755102040816328,0.09090909090909091,0.09090909090909091,0.0,0.05555555555555555,1,0,0,0,0,0,0,1,0.0,0.0,0.0,230000.0
10629002,0,0.0,1.0,0.0,0.0,0.0,0.0,1.0,0.0,0.0,0.0,0.0,0.0,0.0,0.0,0.0,1.0,0.0,0.0,0.12244897959183676,0.1818181818181818,0.09090909090909091,0.0,0.05555555555555555,1,0,1,0,0,0,0,1,0.0,0.3,0.0,599000.0
10628972,0,0.0,1.0,0.0,0.0,0.0,0.0,0.0,0.0,1.0,0.0,0.0,0.0,0.0,0.0,0.0,0.0,0.0,1.0,0.11836734693877551,0.09090909090909091,0.09090909090909091,0.0,0.1111111111111111,3,3,0,0,0,0,1,0,0.055,0.0,0.0,245000.0
10629049,0,1.0,0.0,0.0,0.0,1.0,0.0,0.0,0.0,0.0,0.0,0.0,0.0,0.0,0.0,1.0,0.0,0.0,0.0,0.07653061224489796,0.09090909090909091,0.09090909090909091,0.0,0.1111111111111111,3,0,1,0,0,1,0,1,0.0,0.13,0.0,369000.0
10629058,0,0.0,1.0,0.0,0.0,0.0,0.0,0.0,0.0,0.0,0.0,0.0,0.0,0.0,1.0,1.0,0.0,0.0,0.0,0.18469387755102043,0.1818181818181818,0.18181818181818182,0.07142857142857142,0.1111111111111111,1,1,1,1,0,0,0,0,0.0,0.0,0.0,1395000.0
10629059,0,0.0,1.0,0.0,0.0,0.0,0.0,0.0,0.0,0.0,0.0,0.0,0.0,0.0,1.0,1.0,0.0,0.0,0.0,0.14285714285714288,0.1818181818181818,0.2727272727272727,0.14285714285714285,0.1111111111111111,1,2,1,1,0,0,0,0,0.0,0.0,0.0,1150000.0
10629065,0,1.0,0.0,0.0,0.0,1.0,0.0,0.0,0.0,0.0,0.0,0.0,0.0,0.0,0.0,0.0,1.0,0.0,0.0,0.09489795918367347,0.09090909090909091,0.09090909090909091,0.0,0.05555555555555555,1,0,0,0,0,0,0,1,0.0,0.25,0.0,390000.0
10629060,0,0.0,1.0,0.0,0.0,0.0,0.0,0.0,0.0,0.0,0.0,0.0,0.0,0.0,1.0,0.0,0.0,1.0,0.0,0.08469387755102042,0.09090909090909091,0.09090909090909091,0.07142857142857142,0.05555555555555555,3,3,0,0,0,0,0,0,0.0,0.0,0.0,199000.0
10629070,0,1.0,0.0,0.0,0.0,1.0,0.0,0.0,0.0,0.0,0.0,0.0,0.0,0.0,0.0,0.0,0.0,0.0,1.0,0.06938775510204082,0.09090909090909091,0.09090909090909091,0.0,0.05555555555555555,1,0,1,0,0,0,0,1,0.0,0.09,0.0,325000.0
10629124,1,0.0,0.0,1.0,0.0,0.0,0.0,0.0,1.0,0.0,0.0,0.0,0.0,0.0,0.0,0.0,0.0,0.0,1.0,0.1622448979591837,0.2727272727272727,0.09090909090909091,0.0,0.0,1,7,0,0,0,0,0,1,0.0,0.21,0.0004310024658843208,210000.0
10629111,0,0.0,1.0,0.0,0.0,0.0,1.0,0.0,0.0,0.0,0.0,0.0,0.0,0.0,0.0,0.0,0.0,0.0,1.0,0.06224489795918368,0.09090909090909091,0.09090909090909091,0.0,0.0,1,1,1,0,0,0,0,1,0.0,0.0,0.0,219000.0
10629084,0,0.0,1.0,0.0,1.0,0.0,0.0,0.0,0.0,0.0,0.0,0.0,0.0,0.0,0.0,0.0,1.0,0.0,0.0,0.059183673469387764,0.0,0.09090909090909091,0.0,0.05555555555555555,2,2,0,1,0,0,0,1,0.0,0.05,0.0,325000.0
10629125,0,0.0,1.0,0.0,0.0,0.0,1.0,0.0,0.0,0.0,0.0,0.0,0.0,0.0,0.0,0.0,0.0,1.0,0.0,0.05408163265306123,0.0,0.09090909090909091,0.0,0.05555555555555555,1,1,1,0,0,0,1,1,0.0,0.15,0.0,249000.0
10498053,0,0.0,1.0,0.0,0.0,0.0,0.0,0.0,0.0,0.0,0.0,0.0,0.0,0.0,1.0,0.0,0.0,0.0,1.0,0.05612244897959184,0.09090909090909091,0.09090909090909091,0.0,0.05555555555555555,1,1,1,0,0,0,1,1,0.0,0.0,0.0,419000.0
10498074,1,0.0,1.0,0.0,1.0,0.0,0.0,0.0,0.0,0.0,0.0,0.0,0.0,0.0,0.0,0.0,0.0,0.0,1.0,0.13979591836734695,0.09090909090909091,0.09090909090909091,0.0,0.1111111111111111,5,6,0,0,0,0,1,1,0.0,0.0,0.0001439731641358263,275000.0
10629161,0,0.0,1.0,0.0,0.0,0.0,0.0,1.0,0.0,0.0,0.0,0.0,0.0,0.0,0.0,0.0,0.0,0.0,1.0,0.05816326530612246,0.09090909090909091,0.09090909090909091,0.0,0.05555555555555555,1,0,1,0,0,0,0,1,0.0,0.0,0.0,325000.0
10629160,0,0.0,1.0,0.0,0.0,0.0,0.0,1.0,0.0,0.0,0.0,0.0,0.0,0.0,0.0,0.0,0.0,0.0,1.0,0.05204081632653062,0.09090909090909091,0.09090909090909091,0.0,0.05555555555555555,1,0,1,0,0,0,0,1,0.0,0.0,0.0,315000.0
10629171,0,0.0,1.0,0.0,0.0,0.0,0.0,0.0,0.0,0.0,0.0,0.0,0.0,0.0,1.0,0.0,0.0,0.0,1.0,0.022448979591836733,0.0,0.09090909090909091,0.0,0.0,1,2,0,0,0,0,0,0,0.0,0.0,0.0,188500.0
10629164,0,0.0,1.0,0.0,0.0,0.0,1.0,0.0,0.0,0.0,0.0,0.0,0.0,0.0,0.0,0.0,0.0,0.0,1.0,0.08265306122448982,0.09090909090909091,0.09090909090909091,0.0,0.05555555555555555,4,0,0,0,0,0,0,1,0.0,0.0,0.0,240000.0
10629170,0,0.0,1.0,0.0,0.0,0.0,0.0,0.0,0.0,0.0,0.0,0.0,0.0,0.0,1.0,0.0,0.0,0.0,1.0,0.1163265306122449,0.1818181818181818,0.18181818181818182,0.0,0.0,0,3,1,0,0,0,0,1,0.0,0.0,0.0,1050000.0
10629172,0,0.0,1.0,0.0,1.0,0.0,0.0,0.0,0.0,0.0,0.0,0.0,0.0,0.0,0.0,0.0,0.0,0.0,1.0,0.3469387755102041,0.2727272727272727,0.09090909090909091,0.0,0.0,1,2,1,0,0,0,1,1,0.0,0.0,0.0,1100000.0
10629173,0,0.0,1.0,0.0,0.0,0.0,0.0,0.0,0.0,0.0,0.0,0.0,0.0,0.0,1.0,0.0,0.0,0.0,1.0,0.059183673469387764,0.09090909090909091,0.09090909090909091,0.0,0.05555555555555555,1,1,1,0,0,0,1,0,0.0,0.0,0.0,365000.0
10629167,0,0.0,1.0,0.0,0.0,0.0,1.0,0.0,0.0,0.0,0.0,0.0,0.0,0.0,0.0,0.0,0.0,0.0,1.0,0.1285714285714286,0.09090909090909091,0.09090909090909091,0.0,0.05555555555555555,1,0,0,0,0,0,0,1,0.0,0.0,0.0,219000.0
10629162,0,0.0,1.0,0.0,0.0,0.0,0.0,1.0,0.0,0.0,0.0,0.0,0.0,0.0,0.0,0.0,0.0,0.0,1.0,0.0653061224489796,0.09090909090909091,0.09090909090909091,0.0,0.05555555555555555,1,0,1,0,0,0,0,1,0.0,0.0,0.0,335000.0
10629195,0,0.0,1.0,0.0,0.0,0.0,0.0,0.0,0.0,0.0,0.0,0.0,0.0,0.0,1.0,0.0,0.0,0.0,1.0,0.05306122448979592,0.09090909090909091,0.09090909090909091,0.0,0.0,0,2,1,0,0,0,0,0,0.0,0.0,0.0,649000.0
10629194,0,0.0,1.0,0.0,1.0,0.0,0.0,0.0,0.0,0.0,0.0,0.0,0.0,0.0,0.0,0.0,0.0,0.0,1.0,0.06122448979591837,0.09090909090909091,0.09090909090909091,0.0,0.05555555555555555,1,0,1,0,0,0,0,1,0.0,0.14,0.0,309000.0
10629197,0,0.0,1.0,0.0,0.0,0.0,0.0,0.0,0.0,0.0,0.0,0.0,0.0,0.0,1.0,0.0,0.0,0.0,1.0,0.11224489795918369,0.0,0.09090909090909091,0.0,0.05555555555555555,0,0,1,0,0,0,0,0,0.0,0.0,0.0,399500.0
10629202,0,0.0,1.0,0.0,0.0,0.0,0.0,0.0,0.0,0.0,0.0,0.0,0.0,0.0,1.0,0.0,0.0,1.0,0.0,0.21836734693877555,0.2727272727272727,0.18181818181818182,0.0,0.1111111111111111,0,0,1,0,0,0,0,1,0.0,0.0,0.0,665000.0
10629258,0,0.0,1.0,0.0,0.0,0.0,0.0,0.0,0.0,0.0,0.0,0.0,0.0,0.0,1.0,0.0,0.0,0.0,1.0,0.04489795918367347,0.09090909090909091,0.09090909090909091,0.0,0.0,0,3,1,0,0,0,0,0,0.0,0.0,0.0,290000.0
10629263,0,0.0,1.0,0.0,0.0,0.0,0.0,0.0,0.0,0.0,0.0,0.0,0.0,0.0,1.0,0.0,0.0,1.0,0.0,0.1,0.0,0.09090909090909091,0.0,0.05555555555555555,1,0,1,0,0,0,1,1,0.0,0.13,0.0,329946.0
10629261,0,0.0,1.0,0.0,0.0,0.0,0.0,0.0,0.0,0.0,0.0,0.0,0.0,0.0,1.0,0.0,0.0,0.0,1.0,0.12244897959183676,0.2727272727272727,0.18181818181818182,0.0,0.16666666666666666,0,2,1,0,0,0,1,1,0.0,0.0,0.0,749000.0
10629299,0,0.0,1.0,0.0,0.0,0.0,1.0,0.0,0.0,0.0,0.0,0.0,0.0,0.0,0.0,1.0,0.0,0.0,0.0,0.09591836734693879,0.1818181818181818,0.09090909090909091,0.07142857142857142,0.05555555555555555,2,3,1,0,0,0,0,0,0.0,0.0,0.0,429000.0
10629301,0,0.0,1.0,0.0,0.0,0.0,0.0,0.0,0.0,0.0,0.0,0.0,0.0,0.0,1.0,0.0,0.0,0.0,1.0,0.07653061224489796,0.09090909090909091,0.18181818181818182,0.0,0.05555555555555555,0,5,1,0,0,0,1,1,0.0,0.55,0.0,420000.0
10629358,0,0.0,1.0,0.0,1.0,0.0,0.0,0.0,0.0,0.0,0.0,0.0,0.0,0.0,0.0,0.0,0.0,0.0,1.0,0.0836734693877551,0.09090909090909091,0.09090909090909091,0.0,0.1111111111111111,1,2,1,0,0,0,1,1,0.0,0.14,0.0,297000.0
10629400,0,0.0,1.0,0.0,0.0,0.0,0.0,0.0,0.0,0.0,0.0,0.0,0.0,0.0,1.0,0.0,0.0,1.0,0.0,0.10408163265306122,0.1818181818181818,0.18181818181818182,0.07142857142857142,0.05555555555555555,1,1,1,0,0,0,1,1,0.0,0.35000000000000003,0.0,1395000.0
10629403,0,0.0,1.0,0.0,0.0,0.0,0.0,0.0,0.0,0.0,0.0,0.0,0.0,0.0,1.0,0.0,0.0,1.0,0.0,0.0326530612244898,0.0,0.09090909090909091,0.07142857142857142,0.05555555555555555,0,0,1,0,0,0,0,1,0.0,0.06,0.0,354000.0
10629405,0,0.0,1.0,0.0,0.0,0.0,0.0,0.0,0.0,0.0,0.0,0.0,0.0,0.0,1.0,0.0,0.0,1.0,0.0,0.051020408163265314,0.09090909090909091,0.09090909090909091,0.07142857142857142,0.05555555555555555,0,0,1,0,0,0,0,1,0.0,0.09,0.0,465000.0
10629369,0,0.0,1.0,0.0,0.0,0.0,0.0,0.0,0.0,0.0,0.0,0.0,0.0,0.0,1.0,0.0,0.0,1.0,0.0,0.0653061224489796,0.09090909090909091,0.18181818181818182,0.0,0.0,0,1,1,0,0,0,0,1,0.0,0.0,0.0,2250000.0
10629402,0,0.0,1.0,0.0,0.0,0.0,0.0,0.0,0.0,0.0,0.0,0.0,0.0,0.0,1.0,0.0,0.0,1.0,0.0,0.051020408163265314,0.09090909090909091,0.09090909090909091,0.07142857142857142,0.05555555555555555,0,0,1,0,0,0,0,1,0.0,0.09,0.0,448000.0
10629401,0,0.0,1.0,0.0,0.0,0.0,0.0,0.0,0.0,0.0,0.0,0.0,0.0,0.0,1.0,0.0,0.0,1.0,0.0,0.0673469387755102,0.1818181818181818,0.09090909090909091,0.14285714285714285,0.05555555555555555,0,0,1,0,0,0,0,1,0.0,0.08,0.0,540000.0
10629461,0,0.0,1.0,0.0,0.0,0.0,1.0,0.0,0.0,0.0,0.0,0.0,0.0,0.0,0.0,0.0,0.0,1.0,0.0,0.27040816326530615,0.4545454545454545,0.0,0.0,0.0,1,2,0,0,0,0,0,0,0.0,0.0,0.0,499000.0
10629462,0,0.0,1.0,0.0,1.0,0.0,0.0,0.0,0.0,0.0,0.0,0.0,0.0,0.0,0.0,0.0,0.0,0.0,1.0,0.08673469387755103,0.1818181818181818,0.09090909090909091,0.0,0.05555555555555555,0,2,1,0,0,0,0,1,0.0,0.46,0.0,259000.0
10629480,0,0.0,1.0,0.0,0.0,0.0,1.0,0.0,0.0,0.0,0.0,0.0,0.0,0.0,0.0,0.0,0.0,0.0,1.0,0.07142857142857142,0.09090909090909091,0.09090909090909091,0.0,0.05555555555555555,1,1,1,0,0,0,0,1,0.0,0.07,0.0,299000.0
10629484,0,0.0,1.0,0.0,0.0,0.0,0.0,0.0,0.0,0.0,0.0,0.0,0.0,0.0,1.0,0.0,0.0,1.0,0.0,0.051020408163265314,0.09090909090909091,0.09090909090909091,0.0,0.05555555555555555,1,4,1,0,0,0,0,0,0.0,0.0,0.0,179000.0
10629510,0,0.0,1.0,0.0,0.0,0.0,0.0,1.0,0.0,0.0,0.0,0.0,0.0,0.0,0.0,0.0,0.0,0.0,1.0,0.21734693877551023,0.2727272727272727,0.18181818181818182,0.0,0.0,2,0,0,0,0,0,0,0,0.0,0.0,0.0,620000.0
10629502,0,0.0,1.0,0.0,0.0,0.0,0.0,1.0,0.0,0.0,0.0,0.0,0.0,0.0,0.0,0.0,0.0,0.0,1.0,0.013265306122448979,0.0,0.09090909090909091,0.0,0.05555555555555555,0,6,1,0,0,0,0,1,0.0,1.0,0.0,120000.0
10629517,0,0.0,1.0,0.0,0.0,0.0,0.0,0.0,0.0,0.0,0.0,0.0,0.0,0.0,1.0,0.0,0.0,0.0,1.0,0.04081632653061225,0.0,0.09090909090909091,0.0,0.05555555555555555,2,2,0,0,0,0,0,0,0.0,0.0,0.0,195000.0
10629516,0,0.0,1.0,0.0,0.0,0.0,0.0,0.0,0.0,0.0,0.0,0.0,0.0,0.0,1.0,0.0,0.0,0.0,1.0,0.06122448979591837,0.09090909090909091,0.09090909090909091,0.0,0.05555555555555555,2,2,0,0,0,0,0,0,0.0,0.0,0.0,245000.0
10629518,0,0.0,1.0,0.0,0.0,0.0,0.0,0.0,0.0,0.0,0.0,0.0,0.0,0.0,1.0,0.0,0.0,0.0,1.0,0.10204081632653061,0.1818181818181818,0.09090909090909091,0.0,0.05555555555555555,2,2,0,0,0,0,0,0,0.0,0.0,0.0,295000.0
10629528,0,0.0,1.0,0.0,0.0,0.0,0.0,0.0,0.0,0.0,0.0,0.0,0.0,0.0,1.0,0.0,0.0,0.0,1.0,0.2673469387755102,0.6363636363636364,0.0,0.0,0.0,1,2,0,0,0,0,1,0,0.0,0.0,0.0,669000.0
10629551,0,0.0,1.0,0.0,1.0,0.0,0.0,0.0,0.0,0.0,0.0,0.0,0.0,0.0,0.0,0.0,0.0,0.0,1.0,0.04081632653061225,0.0,0.09090909090909091,0.0,0.0,1,2,1,0,0,0,1,0,0.0,0.0,0.0,189000.0
10629559,0,0.0,1.0,0.0,0.0,0.0,1.0,0.0,0.0,0.0,0.0,0.0,0.0,0.0,0.0,0.0,0.0,0.0,1.0,0.042857142857142864,0.0,0.09090909090909091,0.0,0.0,1,2,0,0,0,0,0,1,0.0,0.0,0.0,205000.0
10629542,0,0.0,1.0,0.0,0.0,0.0,0.0,0.0,0.0,0.0,0.0,0.0,0.0,0.0,1.0,0.0,0.0,1.0,0.0,0.0020408163265306124,0.0,0.0,0.0,0.0,1,1,0,0,0,0,0,0,0.0,0.0,0.0,130000.0
10629562,0,0.0,1.0,0.0,0.0,0.0,1.0,0.0,0.0,0.0,0.0,0.0,0.0,0.0,0.0,1.0,0.0,0.0,0.0,0.07142857142857142,0.09090909090909091,0.0,0.0,0.0,1,3,1,0,0,0,0,0,0.0,0.0,0.0,299000.0
10629545,0,0.0,1.0,0.0,0.0,0.0,0.0,0.0,0.0,0.0,0.0,0.0,0.0,0.0,1.0,0.0,0.0,0.0,1.0,0.051020408163265314,0.09090909090909091,0.09090909090909091,0.0,0.05555555555555555,4,6,1,0,0,0,0,1,0.0,0.5,0.0,349000.0
10629567,0,1.0,0.0,0.0,0.0,1.0,0.0,0.0,0.0,0.0,0.0,0.0,0.0,0.0,0.0,1.0,0.0,0.0,0.0,0.16836734693877553,0.1818181818181818,0.09090909090909091,0.0,0.0,3,3,1,0,0,0,0,0,0.0,0.0,0.0,599000.0
10629566,0,1.0,0.0,0.0,0.0,1.0,0.0,0.0,0.0,0.0,0.0,0.0,0.0,0.0,0.0,0.0,1.0,0.0,0.0,0.07040816326530613,0.09090909090909091,0.09090909090909091,0.0,0.05555555555555555,1,0,0,0,0,0,0,0,0.0,0.0,0.0,257000.0
10629577,0,1.0,0.0,0.0,0.0,1.0,0.0,0.0,0.0,0.0,0.0,0.0,0.0,0.0,0.0,0.0,0.0,1.0,0.0,0.16122448979591839,0.2727272727272727,0.18181818181818182,0.0,0.1111111111111111,5,7,1,0,0,0,0,1,0.0,0.45,0.0,545000.0
10629574,0,0.0,1.0,0.0,1.0,0.0,0.0,0.0,0.0,0.0,0.0,0.0,0.0,0.0,0.0,0.0,0.0,1.0,0.0,0.09693877551020408,0.1818181818181818,0.09090909090909091,0.0,0.1111111111111111,3,3,0,1,0,0,0,1,0.0,0.16,0.0,259000.0
10629589,0,0.0,1.0,0.0,0.0,0.0,0.0,0.0,0.0,0.0,0.0,0.0,0.0,0.0,1.0,0.0,0.0,0.0,1.0,0.0836734693877551,0.09090909090909091,0.09090909090909091,0.0,0.05555555555555555,2,1,1,1,0,0,0,1,0.0,0.0,0.0,220000.0
10629599,0,1.0,0.0,0.0,0.0,1.0,0.0,0.0,0.0,0.0,0.0,0.0,0.0,0.0,0.0,0.0,1.0,0.0,0.0,0.1326530612244898,0.1818181818181818,0.18181818181818182,0.07142857142857142,0.1111111111111111,2,7,1,1,0,0,0,1,0.0,1.0,0.0,1100000.0
10629618,0,0.0,1.0,0.0,0.0,0.0,0.0,1.0,0.0,0.0,0.0,0.0,0.0,0.0,0.0,0.0,0.0,0.0,1.0,0.06428571428571428,0.09090909090909091,0.09090909090909091,0.07142857142857142,0.05555555555555555,1,1,1,0,0,0,0,1,0.0,0.06,0.0,325000.0
10629617,0,0.0,1.0,0.0,0.0,0.0,0.0,1.0,0.0,0.0,0.0,0.0,0.0,0.0,0.0,0.0,0.0,0.0,1.0,0.057142857142857155,0.0,0.09090909090909091,0.07142857142857142,0.05555555555555555,1,1,1,0,0,0,0,1,0.0,0.05,0.0,289000.0
10629620,0,1.0,0.0,0.0,0.0,1.0,0.0,0.0,0.0,0.0,0.0,0.0,0.0,0.0,0.0,0.0,0.0,0.0,1.0,0.21938775510204084,0.1818181818181818,0.2727272727272727,0.14285714285714285,0.16666666666666666,1,2,1,0,0,0,0,1,0.0,1.0,0.0,1650000.0
10629619,0,0.0,1.0,0.0,0.0,0.0,0.0,1.0,0.0,0.0,0.0,0.0,0.0,0.0,0.0,0.0,0.0,0.0,1.0,0.08979591836734696,0.1818181818181818,0.09090909090909091,0.07142857142857142,0.05555555555555555,1,1,1,0,0,0,1,1,0.061,0.19,0.0,399000.0
10629625,0,1.0,0.0,0.0,0.0,1.0,0.0,0.0,0.0,0.0,0.0,0.0,0.0,0.0,0.0,0.0,0.0,1.0,0.0,0.06428571428571428,0.0,0.09090909090909091,0.0,0.05555555555555555,1,5,0,0,0,0,0,0,0.0,0.0,0.0,285000.0
10629630,0,0.0,1.0,0.0,1.0,0.0,0.0,0.0,0.0,0.0,0.0,0.0,0.0,0.0,0.0,0.0,0.0,0.0,1.0,0.06020408163265307,0.0,0.09090909090909091,0.0,0.0,0,2,0,0,0,0,1,1,0.07200000000000001,0.18,0.0,230000.0
10629635,0,1.0,0.0,0.0,0.0,1.0,0.0,0.0,0.0,0.0,0.0,0.0,0.0,0.0,0.0,0.0,1.0,0.0,0.0,0.025510204081632654,0.0,0.09090909090909091,0.07142857142857142,0.05555555555555555,1,7,0,0,0,0,0,1,0.0,0.01,0.0,165000.0
10629633,0,1.0,0.0,0.0,0.0,1.0,0.0,0.0,0.0,0.0,0.0,0.0,0.0,0.0,0.0,0.0,1.0,0.0,0.0,0.051020408163265314,0.0,0.09090909090909091,0.0,0.05555555555555555,4,3,0,0,0,0,0,1,0.0,0.0,0.0,269000.0
10629639,0,0.0,1.0,0.0,0.0,0.0,1.0,0.0,0.0,0.0,0.0,0.0,0.0,0.0,0.0,0.0,0.0,1.0,0.0,1.0,0.09090909090909091,0.0,0.0,0.05555555555555555,3,2,0,0,0,0,0,1,0.0,0.0,0.0,2400000.0
10629655,0,0.0,1.0,0.0,1.0,0.0,0.0,0.0,0.0,0.0,0.0,0.0,0.0,0.0,0.0,0.0,0.0,0.0,1.0,0.07755102040816328,0.09090909090909091,0.09090909090909091,0.0,0.0,0,0,1,0,0,0,0,1,0.0,0.16,0.0,327688.0
10367503,1,0.0,0.0,1.0,0.0,0.0,0.0,0.0,0.0,0.0,0.0,0.0,0.0,1.0,0.0,0.0,0.0,0.0,1.0,0.1326530612244898,0.1818181818181818,0.18181818181818182,0.0,0.1111111111111111,3,4,0,0,0,0,0,0,0.0,0.0,0.0004933602694590736,395000.0
10629654,0,0.0,1.0,0.0,1.0,0.0,0.0,0.0,0.0,0.0,0.0,0.0,0.0,0.0,0.0,0.0,0.0,0.0,1.0,0.11224489795918369,0.1818181818181818,0.09090909090909091,0.07142857142857142,0.1111111111111111,0,0,1,0,0,0,0,1,0.0,0.52,0.0,449877.0
10629656,0,0.0,1.0,0.0,1.0,0.0,0.0,0.0,0.0,0.0,0.0,0.0,0.0,0.0,0.0,0.0,0.0,0.0,1.0,0.07040816326530613,0.09090909090909091,0.09090909090909091,0.07142857142857142,0.05555555555555555,0,0,1,0,0,0,0,1,0.0,0.15,0.0,319432.0
10629657,0,0.0,1.0,0.0,1.0,0.0,0.0,0.0,0.0,0.0,0.0,0.0,0.0,0.0,0.0,0.0,0.0,0.0,1.0,0.07448979591836735,0.09090909090909091,0.09090909090909091,0.07142857142857142,0.05555555555555555,0,0,1,0,0,0,0,1,0.0,0.16,0.0,324564.0
10629660,0,0.0,1.0,0.0,1.0,0.0,0.0,0.0,0.0,0.0,0.0,0.0,0.0,0.0,0.0,0.0,0.0,0.0,1.0,0.11734693877551022,0.1818181818181818,0.09090909090909091,0.07142857142857142,0.1111111111111111,0,0,0,0,0,0,0,1,0.0,0.21,0.0,392415.0
10629659,0,0.0,1.0,0.0,1.0,0.0,0.0,0.0,0.0,0.0,0.0,0.0,0.0,0.0,0.0,0.0,0.0,0.0,1.0,0.07040816326530613,0.09090909090909091,0.09090909090909091,0.07142857142857142,0.05555555555555555,0,0,1,0,0,0,0,1,0.0,0.21,0.0,283007.0
10629662,0,0.0,1.0,0.0,1.0,0.0,0.0,0.0,0.0,0.0,0.0,0.0,0.0,0.0,0.0,0.0,0.0,0.0,1.0,0.07857142857142857,0.09090909090909091,0.09090909090909091,0.07142857142857142,0.05555555555555555,0,0,0,0,0,0,1,1,0.047,0.19,0.0,306052.0
10629661,0,0.0,1.0,0.0,1.0,0.0,0.0,0.0,0.0,0.0,0.0,0.0,0.0,0.0,0.0,0.0,0.0,0.0,1.0,0.12142857142857144,0.1818181818181818,0.09090909090909091,0.07142857142857142,0.1111111111111111,0,0,0,0,0,0,0,1,0.0,0.21,0.0,383869.0
10629663,0,0.0,1.0,0.0,1.0,0.0,0.0,0.0,0.0,0.0,0.0,0.0,0.0,0.0,0.0,0.0,0.0,0.0,1.0,0.07653061224489796,0.09090909090909091,0.09090909090909091,0.07142857142857142,0.05555555555555555,0,0,0,0,0,0,1,1,0.05,0.2,0.0,301639.0
10629664,0,0.0,1.0,0.0,1.0,0.0,0.0,0.0,0.0,0.0,0.0,0.0,0.0,0.0,0.0,0.0,0.0,0.0,1.0,0.07653061224489796,0.09090909090909091,0.09090909090909091,0.07142857142857142,0.05555555555555555,0,0,0,0,0,0,1,1,0.067,0.2,0.0,305830.0
10629665,0,0.0,1.0,0.0,1.0,0.0,0.0,0.0,0.0,0.0,0.0,0.0,0.0,0.0,0.0,0.0,0.0,0.0,1.0,0.07857142857142857,0.09090909090909091,0.09090909090909091,0.07142857142857142,0.05555555555555555,0,0,0,0,0,0,1,1,0.059000000000000004,0.21,0.0,293940.0
10629676,1,0.0,0.0,1.0,0.0,0.0,0.0,0.0,0.0,0.0,1.0,0.0,0.0,0.0,0.0,0.0,0.0,0.0,1.0,0.09183673469387757,0.1818181818181818,0.09090909090909091,0.07142857142857142,0.1111111111111111,0,5,0,0,0,0,1,1,0.276,0.0,0.00028978038131796885,210000.0
10629679,0,0.0,1.0,0.0,1.0,0.0,0.0,0.0,0.0,0.0,0.0,0.0,0.0,0.0,0.0,0.0,0.0,0.0,1.0,0.05816326530612246,0.0,0.09090909090909091,0.0,0.0,1,0,1,0,0,0,0,1,0.0,0.17,0.0,242500.0
10629680,0,0.0,1.0,0.0,1.0,0.0,0.0,0.0,0.0,0.0,0.0,0.0,0.0,0.0,0.0,0.0,0.0,0.0,1.0,0.07448979591836735,0.09090909090909091,0.09090909090909091,0.0,0.0,1,0,1,0,0,0,0,1,0.0,0.24,0.0,279500.0
10629682,0,0.0,1.0,0.0,1.0,0.0,0.0,0.0,0.0,0.0,0.0,0.0,0.0,0.0,0.0,0.0,0.0,0.0,1.0,0.1,0.1818181818181818,0.09090909090909091,0.0,0.0,1,0,1,0,0,0,1,1,0.05,0.28,0.0,359500.0
10629683,0,0.0,1.0,0.0,1.0,0.0,0.0,0.0,0.0,0.0,0.0,0.0,0.0,0.0,0.0,0.0,0.0,0.0,1.0,0.08775510204081632,0.09090909090909091,0.09090909090909091,0.0,0.0,1,0,1,0,0,0,1,1,0.047,0.27,0.0,334500.0
10629688,0,0.0,0.0,1.0,0.0,0.0,0.0,0.0,0.0,0.0,0.0,0.0,1.0,0.0,0.0,0.0,0.0,1.0,0.0,0.07142857142857142,0.1818181818181818,0.18181818181818182,0.0,0.1111111111111111,3,4,1,0,0,0,0,1,0.0,0.04,0.0,298000.0
10629690,0,1.0,0.0,0.0,0.0,1.0,0.0,0.0,0.0,0.0,0.0,0.0,0.0,0.0,0.0,0.0,0.0,0.0,1.0,0.051020408163265314,0.0,0.09090909090909091,0.0,0.05555555555555555,1,5,1,0,0,0,0,1,0.0,0.13,0.0,295000.0
10629684,0,0.0,1.0,0.0,1.0,0.0,0.0,0.0,0.0,0.0,0.0,0.0,0.0,0.0,0.0,0.0,0.0,0.0,1.0,0.08775510204081632,0.09090909090909091,0.09090909090909091,0.0,0.0,1,0,1,0,0,0,0,1,0.0,0.25,0.0,332500.0
10629691,0,1.0,0.0,0.0,0.0,1.0,0.0,0.0,0.0,0.0,0.0,0.0,0.0,0.0,0.0,0.0,0.0,0.0,1.0,0.10510204081632654,0.1818181818181818,0.09090909090909091,0.07142857142857142,0.1111111111111111,4,5,1,0,0,0,0,1,0.0,0.07,0.0,350000.0
10629701,0,1.0,0.0,0.0,0.0,1.0,0.0,0.0,0.0,0.0,0.0,0.0,0.0,0.0,0.0,0.0,1.0,0.0,0.0,0.09693877551020408,0.1818181818181818,0.09090909090909091,0.0,0.0,0,4,1,1,0,0,0,1,0.0,0.05,0.0,485000.0
10629692,0,1.0,0.0,0.0,0.0,1.0,0.0,0.0,0.0,0.0,0.0,0.0,0.0,0.0,0.0,0.0,0.0,0.0,1.0,0.05612244897959184,0.09090909090909091,0.09090909090909091,0.0,0.05555555555555555,1,0,0,0,0,0,0,0,0.0,0.0,0.0,260000.0
10629700,0,1.0,0.0,0.0,0.0,1.0,0.0,0.0,0.0,0.0,0.0,0.0,0.0,0.0,0.0,0.0,1.0,0.0,0.0,0.030612244897959183,0.0,0.09090909090909091,0.0,0.05555555555555555,3,5,1,0,0,0,0,0,0.0,0.0,0.0,150000.0
10629689,0,1.0,0.0,0.0,0.0,1.0,0.0,0.0,0.0,0.0,0.0,0.0,0.0,0.0,0.0,0.0,0.0,0.0,1.0,0.07959183673469389,0.09090909090909091,0.09090909090909091,0.0,0.05555555555555555,1,5,1,0,0,0,0,1,0.0,0.24,0.0,425000.0
10498664,1,0.0,1.0,0.0,1.0,0.0,0.0,0.0,0.0,0.0,0.0,0.0,0.0,0.0,0.0,0.0,0.0,1.0,0.0,0.2163265306122449,0.2727272727272727,0.09090909090909091,0.0,0.1111111111111111,1,2,0,0,0,0,0,1,0.0,0.0,0.0010875934564655413,449000.0
10498662,0,0.0,1.0,0.0,1.0,0.0,0.0,0.0,0.0,0.0,0.0,0.0,0.0,0.0,0.0,0.0,0.0,1.0,0.0,0.0816326530612245,0.09090909090909091,0.09090909090909091,0.0,0.05555555555555555,3,3,1,0,0,0,0,1,0.0,0.7000000000000001,0.0,219000.0
10629758,0,0.0,1.0,0.0,0.0,0.0,0.0,0.0,0.0,0.0,0.0,0.0,0.0,0.0,1.0,0.0,0.0,1.0,0.0,0.13775510204081634,0.1818181818181818,0.18181818181818182,0.14285714285714285,0.16666666666666666,1,3,1,0,0,0,0,0,0.0,0.0,0.0,1350000.0
10629775,0,0.0,1.0,0.0,0.0,0.0,1.0,0.0,0.0,0.0,0.0,0.0,0.0,0.0,0.0,0.0,0.0,1.0,0.0,0.06326530612244899,0.1818181818181818,0.09090909090909091,0.0,0.05555555555555555,3,2,1,0,0,0,0,1,0.0,0.0,0.0,270000.0
10629757,0,0.0,1.0,0.0,0.0,0.0,0.0,0.0,0.0,0.0,0.0,0.0,0.0,0.0,1.0,0.0,0.0,1.0,0.0,0.18571428571428575,0.1818181818181818,0.18181818181818182,0.07142857142857142,0.2222222222222222,1,2,1,0,0,0,0,0,0.0,0.0,0.0,1850000.0
10498682,1,1.0,0.0,0.0,0.0,1.0,0.0,0.0,0.0,0.0,0.0,0.0,0.0,0.0,0.0,0.0,0.0,0.0,1.0,0.30612244897959184,0.2727272727272727,0.36363636363636365,0.2857142857142857,0.2222222222222222,3,0,0,0,0,0,0,1,0.0,0.1,7.336212185265035e-05,460000.0
10629800,0,0.0,1.0,0.0,1.0,0.0,0.0,0.0,0.0,0.0,0.0,0.0,0.0,0.0,0.0,0.0,0.0,0.0,1.0,0.12653061224489798,0.09090909090909091,0.18181818181818182,0.0,0.1111111111111111,3,3,0,1,0,0,1,1,0.13,0.1,0.0,299000.0
10629760,0,0.0,1.0,0.0,0.0,0.0,1.0,0.0,0.0,0.0,0.0,0.0,0.0,0.0,0.0,0.0,0.0,0.0,1.0,0.05510204081632653,0.0,0.09090909090909091,0.0,0.05555555555555555,3,4,0,0,0,0,0,1,0.0,0.0,0.0,149000.0
10629812,0,0.0,1.0,0.0,1.0,0.0,0.0,0.0,0.0,0.0,0.0,0.0,0.0,0.0,0.0,0.0,1.0,0.0,0.0,0.1112244897959184,0.2727272727272727,0.18181818181818182,0.0,0.1111111111111111,3,2,0,1,0,0,0,0,0.0,0.0,0.0,435000.0
10629801,0,0.0,1.0,0.0,1.0,0.0,0.0,0.0,0.0,0.0,0.0,0.0,0.0,0.0,0.0,0.0,0.0,0.0,1.0,0.11734693877551022,0.09090909090909091,0.09090909090909091,0.0,0.1111111111111111,3,6,0,1,0,0,0,1,0.0,0.1,0.0,272000.0
10629822,0,0.0,1.0,0.0,0.0,0.0,1.0,0.0,0.0,0.0,0.0,0.0,0.0,0.0,0.0,0.0,0.0,1.0,0.0,0.13469387755102044,0.1818181818181818,0.09090909090909091,0.07142857142857142,0.05555555555555555,3,3,0,1,0,0,0,1,0.0,0.27,0.0,275000.0
10629802,0,0.0,1.0,0.0,1.0,0.0,0.0,0.0,0.0,0.0,0.0,0.0,0.0,0.0,0.0,0.0,0.0,0.0,1.0,0.11224489795918369,0.1818181818181818,0.09090909090909091,0.0,0.05555555555555555,3,2,0,1,0,0,1,0,0.095,0.0,0.0,269000.0
10629825,0,0.0,1.0,0.0,0.0,0.0,1.0,0.0,0.0,0.0,0.0,0.0,0.0,0.0,0.0,0.0,1.0,0.0,0.0,0.06326530612244899,0.09090909090909091,0.09090909090909091,0.0,0.05555555555555555,3,2,0,0,0,0,0,1,0.0,0.04,0.0,199000.0
10498764,0,1.0,0.0,0.0,0.0,1.0,0.0,0.0,0.0,0.0,0.0,0.0,0.0,0.0,0.0,0.0,1.0,0.0,0.0,0.020408163265306124,0.0,0.09090909090909091,0.0,0.05555555555555555,4,7,0,0,0,0,0,0,0.0,0.0,0.0,149000.0
10629850,0,0.0,1.0,0.0,1.0,0.0,0.0,0.0,0.0,0.0,0.0,0.0,0.0,0.0,0.0,0.0,0.0,0.0,1.0,0.07653061224489796,0.09090909090909091,0.09090909090909091,0.07142857142857142,0.05555555555555555,0,3,1,0,0,0,1,1,0.075,0.18,0.0,299000.0
10629912,1,0.0,0.0,1.0,0.0,0.0,0.0,0.0,1.0,0.0,0.0,0.0,0.0,0.0,0.0,0.0,0.0,0.0,1.0,0.12244897959183676,0.1818181818181818,0.09090909090909091,0.0,0.0,3,4,0,0,0,0,1,1,0.5,0.85,0.0011004318277897552,250000.0
10629901,0,0.0,0.0,1.0,0.0,0.0,0.0,0.0,1.0,0.0,0.0,0.0,0.0,0.0,0.0,0.0,0.0,1.0,0.0,0.06836734693877553,0.09090909090909091,0.09090909090909091,0.0,0.05555555555555555,3,3,0,0,0,0,0,1,0.0,0.0,0.0,200000.0
10629908,0,0.0,0.0,1.0,0.0,0.0,0.0,0.0,1.0,0.0,0.0,0.0,0.0,0.0,0.0,0.0,0.0,1.0,0.0,0.08673469387755103,0.09090909090909091,0.09090909090909091,0.0,0.1111111111111111,3,4,0,0,0,0,0,1,0.0,0.08,0.0,290000.0
10629855,0,1.0,0.0,0.0,0.0,1.0,0.0,0.0,0.0,0.0,0.0,0.0,0.0,0.0,0.0,0.0,1.0,0.0,0.0,0.4642857142857143,0.36363636363636365,0.2727272727272727,0.0,0.16666666666666666,4,0,0,0,0,0,0,1,0.0,0.31,0.0,995000.0
10629916,0,0.0,0.0,1.0,0.0,0.0,0.0,0.0,1.0,0.0,0.0,0.0,0.0,0.0,0.0,0.0,0.0,1.0,0.0,0.15306122448979595,0.1818181818181818,0.18181818181818182,0.0,0.1111111111111111,1,4,1,0,0,0,0,0,0.0,0.0,0.0,339000.0
10629932,0,0.0,1.0,0.0,1.0,0.0,0.0,0.0,0.0,0.0,0.0,0.0,0.0,0.0,0.0,1.0,0.0,0.0,0.0,0.07448979591836735,0.09090909090909091,0.09090909090909091,0.0,0.05555555555555555,1,1,1,0,0,0,0,1,0.0,0.0,0.0,848000.0
10629931,0,0.0,1.0,0.0,1.0,0.0,0.0,0.0,0.0,0.0,0.0,0.0,0.0,0.0,0.0,1.0,0.0,0.0,0.0,0.04591836734693878,0.0,0.09090909090909091,0.0,0.05555555555555555,1,1,1,0,0,0,0,1,0.0,0.0,0.0,615000.0
10629926,0,0.0,1.0,0.0,0.0,0.0,1.0,0.0,0.0,0.0,0.0,0.0,0.0,0.0,0.0,0.0,0.0,1.0,0.0,0.1836734693877551,0.2727272727272727,0.18181818181818182,0.0,0.16666666666666666,0,3,1,1,0,0,0,1,0.0,0.1,0.0,799000.0
10629933,0,0.0,1.0,0.0,1.0,0.0,0.0,0.0,0.0,0.0,0.0,0.0,0.0,0.0,0.0,0.0,1.0,0.0,0.0,0.028571428571428574,0.0,0.09090909090909091,0.0,0.0,3,3,1,0,0,0,0,0,0.0,0.0,0.0,156000.0
10629946,0,0.0,1.0,0.0,1.0,0.0,0.0,0.0,0.0,0.0,0.0,0.0,0.0,0.0,0.0,0.0,0.0,0.0,1.0,0.10612244897959186,0.1818181818181818,0.09090909090909091,0.0,0.0,3,5,0,0,0,0,0,1,0.0,0.0,0.0,249000.0
10629952,0,0.0,1.0,0.0,0.0,0.0,0.0,0.0,0.0,0.0,0.0,0.0,0.0,0.0,1.0,0.0,0.0,1.0,0.0,0.1295918367346939,0.2727272727272727,0.18181818181818182,0.0,0.1111111111111111,1,2,1,0,0,0,0,1,0.0,0.0,0.0,1995000.0
10629953,0,0.0,1.0,0.0,0.0,0.0,0.0,0.0,0.0,0.0,0.0,0.0,0.0,0.0,1.0,0.0,0.0,1.0,0.0,0.07755102040816328,0.1818181818181818,0.18181818181818182,0.0,0.1111111111111111,1,3,1,0,0,0,0,1,0.0,0.0,0.0,2685000.0
10629951,0,1.0,0.0,0.0,0.0,1.0,0.0,0.0,0.0,0.0,0.0,0.0,0.0,0.0,0.0,0.0,1.0,0.0,0.0,0.06122448979591837,0.09090909090909091,0.09090909090909091,0.0,0.05555555555555555,3,4,1,0,0,0,0,0,0.0,0.0,0.0,195000.0
10629954,0,0.0,1.0,0.0,1.0,0.0,0.0,0.0,0.0,0.0,0.0,0.0,0.0,0.0,0.0,0.0,0.0,0.0,1.0,0.10408163265306122,0.09090909090909091,0.09090909090909091,0.0,0.0,3,3,1,0,0,0,0,1,0.0,0.91,0.0,425000.0
10236755,1,1.0,0.0,0.0,0.0,1.0,0.0,0.0,0.0,0.0,0.0,0.0,0.0,0.0,0.0,1.0,0.0,0.0,0.0,0.6469387755102041,0.8181818181818182,0.8181818181818182,0.0,0.0,3,6,0,0,0,0,0,1,0.0,0.0,0.00016047964155267263,1420000.0
10629977,0,0.0,1.0,0.0,0.0,0.0,1.0,0.0,0.0,0.0,0.0,0.0,0.0,0.0,0.0,0.0,0.0,1.0,0.0,0.1275510204081633,0.1818181818181818,0.09090909090909091,0.0,0.1111111111111111,3,2,0,0,0,0,0,1,0.0,0.15,0.0,530000.0
10630002,0,1.0,0.0,0.0,0.0,1.0,0.0,0.0,0.0,0.0,0.0,0.0,0.0,0.0,0.0,0.0,0.0,0.0,1.0,0.057142857142857155,0.09090909090909091,0.09090909090909091,0.0,0.0,0,7,0,1,0,0,0,1,0.0,0.06,0.0,265000.0
10630000,0,0.0,0.0,1.0,0.0,0.0,0.0,0.0,0.0,0.0,1.0,0.0,0.0,0.0,0.0,0.0,0.0,0.0,1.0,0.09693877551020408,0.09090909090909091,0.09090909090909091,0.0,0.05555555555555555,1,4,0,0,0,0,1,1,0.225,0.0,0.0,240000.0
10630018,0,0.0,1.0,0.0,0.0,0.0,1.0,0.0,0.0,0.0,0.0,0.0,0.0,0.0,0.0,0.0,0.0,0.0,1.0,0.07244897959183674,0.09090909090909091,0.09090909090909091,0.0,0.05555555555555555,3,1,1,0,0,0,0,1,0.0,0.0,0.0,195000.0
10630001,0,0.0,0.0,1.0,0.0,0.0,0.0,0.0,0.0,0.0,1.0,0.0,0.0,0.0,0.0,0.0,0.0,1.0,0.0,0.09693877551020408,0.09090909090909091,0.09090909090909091,0.0,0.05555555555555555,1,4,0,0,0,0,1,1,0.225,0.18,0.0,240000.0
10498948,0,1.0,0.0,0.0,0.0,1.0,0.0,0.0,0.0,0.0,0.0,0.0,0.0,0.0,0.0,1.0,0.0,0.0,0.0,0.07448979591836735,0.09090909090909091,0.09090909090909091,0.07142857142857142,0.05555555555555555,0,4,0,0,0,0,0,1,0.0,0.25,0.0,345000.0
10498968,1,0.0,1.0,0.0,0.0,0.0,0.0,1.0,0.0,0.0,0.0,0.0,0.0,0.0,0.0,0.0,0.0,1.0,0.0,0.11938775510204083,0.1818181818181818,0.09090909090909091,0.0,0.05555555555555555,4,6,0,0,0,0,0,1,0.0,0.0,0.00021091610032636975,268000.0
10630052,0,1.0,0.0,0.0,0.0,1.0,0.0,0.0,0.0,0.0,0.0,0.0,0.0,0.0,0.0,0.0,0.0,0.0,1.0,0.08673469387755103,0.09090909090909091,0.18181818181818182,0.0,0.05555555555555555,4,5,1,0,0,0,0,1,0.0,0.5,0.0,420000.0
10630024,0,0.0,1.0,0.0,0.0,0.0,0.0,1.0,0.0,0.0,0.0,0.0,0.0,0.0,0.0,0.0,0.0,0.0,1.0,0.05510204081632653,0.09090909090909091,0.09090909090909091,0.0,0.05555555555555555,3,4,0,0,0,0,0,1,0.0,0.05,0.0,289000.0
10630047,1,1.0,0.0,0.0,0.0,1.0,0.0,0.0,0.0,0.0,0.0,0.0,0.0,0.0,0.0,0.0,0.0,0.0,1.0,0.3122448979591837,0.36363636363636365,0.18181818181818182,0.07142857142857142,0.2222222222222222,0,0,0,1,0,0,0,0,0.0,0.0,0.0,1245000.0
10630075,0,0.0,1.0,0.0,1.0,0.0,0.0,0.0,0.0,0.0,0.0,0.0,0.0,0.0,0.0,1.0,0.0,0.0,0.0,0.17551020408163268,0.1818181818181818,0.18181818181818182,0.0,0.0,3,2,1,0,0,0,0,0,0.0,0.0,0.0,590000.0
10630079,0,0.0,1.0,0.0,1.0,0.0,0.0,0.0,0.0,0.0,0.0,0.0,0.0,0.0,0.0,0.0,0.0,0.0,1.0,0.06836734693877553,0.09090909090909091,0.09090909090909091,0.0,0.0,1,0,1,0,0,0,0,1,0.0,0.25,0.0,439000.0
10630085,0,0.0,1.0,0.0,1.0,0.0,0.0,0.0,0.0,0.0,0.0,0.0,0.0,0.0,0.0,1.0,0.0,0.0,0.0,0.14285714285714288,0.09090909090909091,0.09090909090909091,0.07142857142857142,0.05555555555555555,2,2,1,0,0,0,0,1,0.0,0.25,0.0,599000.0
10630084,0,0.0,1.0,0.0,1.0,0.0,0.0,0.0,0.0,0.0,0.0,0.0,0.0,0.0,0.0,1.0,0.0,0.0,0.0,0.051020408163265314,0.0,0.09090909090909091,0.0,0.0,1,0,0,0,0,0,0,0,0.0,0.0,0.0,345000.0
10630055,0,0.0,0.0,1.0,0.0,0.0,0.0,0.0,0.0,0.0,0.0,0.0,1.0,0.0,0.0,0.0,0.0,1.0,0.0,0.10816326530612247,0.1818181818181818,0.09090909090909091,0.0,0.1111111111111111,3,5,0,0,0,0,0,1,0.0,0.1,0.0,275000.0
10630076,0,0.0,1.0,0.0,1.0,0.0,0.0,0.0,0.0,0.0,0.0,0.0,0.0,0.0,0.0,0.0,0.0,0.0,1.0,0.06632653061224492,0.09090909090909091,0.09090909090909091,0.0,0.0,3,2,0,0,0,0,0,0,0.0,0.0,0.0,267500.0
10499080,1,0.0,0.0,1.0,0.0,0.0,0.0,0.0,0.0,0.0,0.0,0.0,0.0,1.0,0.0,0.0,0.0,0.0,1.0,0.1836734693877551,0.2727272727272727,0.09090909090909091,0.0,0.05555555555555555,3,6,0,0,0,0,1,1,0.025,1.0,0.002778590365169132,395000.0
10499166,1,0.0,0.0,1.0,0.0,0.0,0.0,0.0,1.0,0.0,0.0,0.0,0.0,0.0,0.0,0.0,0.0,0.0,1.0,0.1326530612244898,0.1818181818181818,0.2727272727272727,0.21428571428571427,0.16666666666666666,1,4,0,0,0,0,0,1,0.0,0.25,0.00018340530463162587,195000.0
10499107,0,1.0,0.0,0.0,0.0,1.0,0.0,0.0,0.0,0.0,0.0,0.0,0.0,0.0,0.0,0.0,1.0,0.0,0.0,0.16122448979591839,0.2727272727272727,0.0,0.0,0.0,3,7,0,0,0,0,0,0,0.0,0.0,0.0,320000.0
10630281,0,0.0,1.0,0.0,1.0,0.0,0.0,0.0,0.0,0.0,0.0,0.0,0.0,0.0,0.0,0.0,0.0,1.0,0.0,0.06326530612244899,0.09090909090909091,0.09090909090909091,0.0,0.05555555555555555,1,1,1,1,0,0,0,1,0.0,0.1,0.0,255000.0
10630398,0,1.0,0.0,0.0,0.0,1.0,0.0,0.0,0.0,0.0,0.0,0.0,0.0,0.0,0.0,0.0,0.0,0.0,1.0,0.04591836734693878,0.0,0.09090909090909091,0.0,0.05555555555555555,1,0,1,0,0,0,0,1,0.0,0.05,0.0,288000.0
10630413,0,0.0,0.0,1.0,0.0,0.0,0.0,0.0,0.0,0.0,0.0,0.0,0.0,1.0,0.0,0.0,0.0,0.0,1.0,0.0653061224489796,0.09090909090909091,0.09090909090909091,0.0,0.05555555555555555,1,1,1,0,0,0,0,1,0.0,0.3,0.0,430000.0
10630411,0,1.0,0.0,0.0,0.0,1.0,0.0,0.0,0.0,0.0,0.0,0.0,0.0,0.0,0.0,0.0,1.0,0.0,0.0,0.03775510204081633,0.0,0.09090909090909091,0.0,0.05555555555555555,2,4,0,0,0,0,0,0,0.0,0.0,0.0,195000.0
10630415,0,0.0,1.0,0.0,0.0,0.0,0.0,0.0,0.0,0.0,0.0,0.0,0.0,0.0,1.0,0.0,0.0,1.0,0.0,0.04183673469387755,0.09090909090909091,0.09090909090909091,0.0,0.05555555555555555,1,0,1,0,0,0,0,0,0.0,0.0,0.0,599000.0
10630417,0,1.0,0.0,0.0,0.0,1.0,0.0,0.0,0.0,0.0,0.0,0.0,0.0,0.0,0.0,0.0,1.0,0.0,0.0,0.06326530612244899,0.09090909090909091,0.09090909090909091,0.0,0.05555555555555555,3,4,0,0,0,0,0,1,0.0,0.0,0.0,249000.0
10630414,0,0.0,0.0,1.0,0.0,0.0,0.0,0.0,0.0,0.0,0.0,0.0,1.0,0.0,0.0,0.0,1.0,0.0,0.0,0.1112244897959184,0.1818181818181818,0.18181818181818182,0.07142857142857142,0.1111111111111111,1,2,1,0,0,0,0,1,0.0,0.04,0.0,330000.0
10630430,0,0.0,1.0,0.0,1.0,0.0,0.0,0.0,0.0,0.0,0.0,0.0,0.0,0.0,0.0,1.0,0.0,0.0,0.0,0.09285714285714286,0.09090909090909091,0.09090909090909091,0.0,0.05555555555555555,3,4,0,0,0,0,0,1,0.0,0.0,0.0,375000.0
10630428,0,1.0,0.0,0.0,0.0,1.0,0.0,0.0,0.0,0.0,0.0,0.0,0.0,0.0,0.0,0.0,1.0,0.0,0.0,0.07142857142857142,0.09090909090909091,0.09090909090909091,0.07142857142857142,0.05555555555555555,3,5,1,0,0,0,0,1,0.0,0.4,0.0,239000.0
10630445,0,1.0,0.0,0.0,0.0,1.0,0.0,0.0,0.0,0.0,0.0,0.0,0.0,0.0,0.0,0.0,0.0,0.0,1.0,0.11020408163265308,0.1818181818181818,0.18181818181818182,0.07142857142857142,0.1111111111111111,3,4,1,0,0,0,0,1,0.0,0.22,0.0,485000.0
10630432,0,1.0,0.0,0.0,0.0,1.0,0.0,0.0,0.0,0.0,0.0,0.0,0.0,0.0,0.0,0.0,1.0,0.0,0.0,0.1275510204081633,0.1818181818181818,0.09090909090909091,0.07142857142857142,0.1111111111111111,3,5,0,0,0,0,0,1,0.0,0.0,0.0,205000.0
10630433,0,0.0,0.0,1.0,0.0,0.0,0.0,0.0,1.0,0.0,0.0,0.0,0.0,0.0,0.0,1.0,0.0,0.0,0.0,0.06326530612244899,0.09090909090909091,0.09090909090909091,0.0,0.0,1,1,0,0,0,0,0,1,0.0,0.0,0.0,215000.0
10630429,0,1.0,0.0,0.0,0.0,1.0,0.0,0.0,0.0,0.0,0.0,0.0,0.0,0.0,0.0,0.0,1.0,0.0,0.0,0.034693877551020415,0.0,0.09090909090909091,0.07142857142857142,0.05555555555555555,1,7,1,0,0,0,0,0,0.0,0.0,0.0,305000.0
10630450,0,0.0,1.0,0.0,0.0,0.0,0.0,1.0,0.0,0.0,0.0,0.0,0.0,0.0,0.0,0.0,0.0,1.0,0.0,0.1285714285714286,0.1818181818181818,0.18181818181818182,0.14285714285714285,0.1111111111111111,3,2,0,0,0,0,0,1,0.0,0.0,0.0,290000.0
10630460,0,0.0,1.0,0.0,0.0,0.0,0.0,1.0,0.0,0.0,0.0,0.0,0.0,0.0,0.0,0.0,0.0,0.0,1.0,0.08571428571428572,0.09090909090909091,0.09090909090909091,0.0,0.05555555555555555,1,1,1,0,0,0,0,1,0.0,0.0,0.0,410000.0
10630455,0,0.0,0.0,1.0,0.0,0.0,0.0,0.0,0.0,0.0,0.0,0.0,1.0,0.0,0.0,0.0,1.0,0.0,0.0,0.2428571428571429,0.2727272727272727,0.09090909090909091,0.07142857142857142,0.1111111111111111,5,4,0,0,0,0,0,0,0.0,0.0,0.0,99999.0
10630560,0,0.0,0.0,1.0,0.0,0.0,0.0,0.0,0.0,0.0,1.0,0.0,0.0,0.0,0.0,0.0,1.0,0.0,0.0,0.05510204081632653,0.09090909090909091,0.09090909090909091,0.0,0.05555555555555555,4,3,0,0,0,0,0,0,0.0,0.0,0.0,119000.0
10630462,0,0.0,1.0,0.0,0.0,0.0,0.0,1.0,0.0,0.0,0.0,0.0,0.0,0.0,0.0,0.0,0.0,0.0,1.0,0.09183673469387757,0.09090909090909091,0.09090909090909091,0.0,0.05555555555555555,3,3,0,0,0,0,0,1,0.0,0.0,0.0,225000.0
10630561,0,1.0,0.0,0.0,0.0,1.0,0.0,0.0,0.0,0.0,0.0,0.0,0.0,0.0,0.0,0.0,1.0,0.0,0.0,0.05510204081632653,0.09090909090909091,0.0,0.07142857142857142,0.0,3,4,0,0,0,0,0,0,0.0,0.0,0.0,285000.0
10630595,0,0.0,0.0,1.0,0.0,0.0,0.0,0.0,0.0,0.0,0.0,0.0,0.0,1.0,0.0,0.0,0.0,1.0,0.0,0.02142857142857143,0.0,0.09090909090909091,0.0,0.0,3,2,1,0,0,0,0,0,0.0,0.0,0.0,159000.0
10630582,0,0.0,1.0,0.0,1.0,0.0,0.0,0.0,0.0,0.0,0.0,0.0,0.0,0.0,0.0,0.0,0.0,0.0,1.0,0.08673469387755103,0.09090909090909091,0.09090909090909091,0.07142857142857142,0.1111111111111111,3,2,1,0,0,0,0,1,0.0,0.14,0.0,325000.0
10630644,0,0.0,1.0,0.0,1.0,0.0,0.0,0.0,0.0,0.0,0.0,0.0,0.0,0.0,0.0,0.0,0.0,0.0,1.0,0.07040816326530613,0.09090909090909091,0.09090909090909091,0.0,0.0,2,3,0,0,0,0,0,0,0.0,0.0,0.0,195000.0
10630651,0,0.0,1.0,0.0,1.0,0.0,0.0,0.0,0.0,0.0,0.0,0.0,0.0,0.0,0.0,1.0,0.0,0.0,0.0,0.08061224489795918,0.09090909090909091,0.18181818181818182,0.0,0.1111111111111111,0,2,1,0,0,0,0,0,0.0,0.0,0.0,324000.0
10630654,0,0.0,0.0,1.0,0.0,0.0,0.0,0.0,1.0,0.0,0.0,0.0,0.0,0.0,0.0,0.0,0.0,1.0,0.0,0.05612244897959184,0.0,0.09090909090909091,0.07142857142857142,0.05555555555555555,3,2,1,0,0,0,0,1,0.0,0.0,0.0,179000.0
10630605,1,0.0,0.0,1.0,0.0,0.0,0.0,0.0,0.0,0.0,0.0,0.0,0.0,1.0,0.0,0.0,0.0,0.0,1.0,0.4653061224489796,0.36363636363636365,0.36363636363636365,0.0,0.0,5,3,0,0,0,0,0,1,0.0,0.0,0.004585132615790646,2250000.0
10630679,0,0.0,1.0,0.0,0.0,0.0,0.0,0.0,0.0,0.0,0.0,0.0,0.0,0.0,1.0,0.0,0.0,1.0,0.0,0.10510204081632654,0.1818181818181818,0.09090909090909091,0.0,0.1111111111111111,0,0,0,0,0,0,0,1,0.0,0.37,0.0,413500.0
10630681,0,0.0,1.0,0.0,0.0,0.0,0.0,0.0,0.0,0.0,0.0,0.0,0.0,0.0,1.0,0.0,0.0,1.0,0.0,0.10510204081632654,0.1818181818181818,0.09090909090909091,0.0,0.1111111111111111,0,0,0,0,0,0,0,1,0.0,0.37,0.0,448000.0
10630685,0,0.0,1.0,0.0,0.0,0.0,1.0,0.0,0.0,0.0,0.0,0.0,0.0,0.0,0.0,1.0,0.0,0.0,0.0,0.10408163265306122,0.09090909090909091,0.09090909090909091,0.0,0.05555555555555555,3,1,1,0,0,0,0,1,0.0,0.13,0.0,395000.0
10630680,0,0.0,1.0,0.0,0.0,0.0,0.0,0.0,0.0,0.0,0.0,0.0,0.0,0.0,1.0,0.0,0.0,1.0,0.0,0.036734693877551024,0.0,0.09090909090909091,0.0,0.05555555555555555,0,0,0,0,0,0,1,1,0.016,0.09,0.0,235500.0
10630656,0,0.0,0.0,1.0,0.0,0.0,0.0,0.0,0.0,0.0,0.0,0.0,1.0,0.0,0.0,0.0,0.0,1.0,0.0,0.04591836734693878,0.0,0.09090909090909091,0.07142857142857142,0.05555555555555555,1,1,1,0,0,0,1,1,0.315,0.1,0.0,215000.0
10630682,0,0.0,1.0,0.0,0.0,0.0,0.0,0.0,0.0,0.0,0.0,0.0,0.0,0.0,1.0,0.0,0.0,1.0,0.0,0.0673469387755102,0.09090909090909091,0.09090909090909091,0.0,0.05555555555555555,0,0,0,0,0,0,1,1,0.049,0.17,0.0,314000.0
10630678,0,0.0,1.0,0.0,0.0,0.0,0.0,0.0,0.0,0.0,0.0,0.0,0.0,0.0,1.0,0.0,0.0,1.0,0.0,0.06938775510204082,0.09090909090909091,0.09090909090909091,0.0,0.05555555555555555,0,0,0,0,0,0,0,1,0.0,0.35000000000000003,0.0,329000.0
10630769,0,1.0,0.0,0.0,0.0,1.0,0.0,0.0,0.0,0.0,0.0,0.0,0.0,0.0,0.0,0.0,1.0,0.0,0.0,0.07142857142857142,0.0,0.0,0.07142857142857142,0.0,3,0,1,0,0,0,0,1,0.0,0.06,0.0,269000.0
10630727,0,0.0,0.0,1.0,0.0,0.0,0.0,0.0,0.0,0.0,1.0,0.0,0.0,0.0,0.0,0.0,0.0,0.0,1.0,0.20102040816326533,0.09090909090909091,0.09090909090909091,0.0,0.1111111111111111,2,0,0,0,0,0,0,1,0.0,0.13,0.0,169500.0
10630776,0,1.0,0.0,0.0,0.0,1.0,0.0,0.0,0.0,0.0,0.0,0.0,0.0,0.0,0.0,0.0,1.0,0.0,0.0,0.057142857142857155,0.0,0.09090909090909091,0.0,0.05555555555555555,3,7,0,0,0,0,0,1,0.0,0.2,0.0,159000.0
10630781,0,1.0,0.0,0.0,0.0,1.0,0.0,0.0,0.0,0.0,0.0,0.0,0.0,0.0,0.0,0.0,0.0,0.0,1.0,0.1142857142857143,0.1818181818181818,0.18181818181818182,0.07142857142857142,0.16666666666666666,1,0,1,0,0,0,1,1,0.085,0.16,0.0,645000.0
10630907,0,0.0,1.0,0.0,0.0,0.0,0.0,0.0,0.0,0.0,0.0,0.0,0.0,0.0,1.0,1.0,0.0,0.0,0.0,0.1642857142857143,0.1818181818181818,0.09090909090909091,0.0,0.05555555555555555,1,3,1,0,0,0,0,1,0.0,0.0,0.0,825000.0
10630894,0,0.0,0.0,1.0,0.0,0.0,0.0,0.0,0.0,0.0,1.0,0.0,0.0,0.0,0.0,0.0,0.0,0.0,1.0,0.051020408163265314,0.09090909090909091,0.09090909090909091,0.0,0.05555555555555555,4,3,1,0,0,0,0,0,0.0,0.0,0.0,169000.0
10630912,0,1.0,0.0,0.0,0.0,1.0,0.0,0.0,0.0,0.0,0.0,0.0,0.0,0.0,0.0,0.0,1.0,0.0,0.0,0.07142857142857142,0.09090909090909091,0.09090909090909091,0.0,0.05555555555555555,4,5,1,0,0,0,0,1,0.0,0.02,0.0,195000.0
10630915,0,1.0,0.0,0.0,0.0,1.0,0.0,0.0,0.0,0.0,0.0,0.0,0.0,0.0,0.0,0.0,1.0,0.0,0.0,0.08979591836734696,0.09090909090909091,0.09090909090909091,0.07142857142857142,0.05555555555555555,1,3,1,0,0,0,0,0,0.0,0.0,0.0,318000.0
10630925,0,0.0,1.0,0.0,0.0,0.0,0.0,0.0,0.0,0.0,0.0,0.0,0.0,0.0,1.0,0.0,0.0,1.0,0.0,0.059183673469387764,0.09090909090909091,0.0,0.0,0.05555555555555555,3,2,0,0,0,0,0,1,0.0,0.0,0.0,159000.0
10630929,0,1.0,0.0,0.0,0.0,1.0,0.0,0.0,0.0,0.0,0.0,0.0,0.0,0.0,0.0,0.0,1.0,0.0,0.0,0.05000000000000001,0.0,0.0,0.07142857142857142,0.05555555555555555,5,7,0,1,0,0,1,0,0.025,0.0,0.0,239000.0
10630940,0,0.0,0.0,1.0,0.0,0.0,0.0,0.0,0.0,0.0,0.0,0.0,1.0,0.0,0.0,0.0,0.0,1.0,0.0,0.0816326530612245,0.09090909090909091,0.09090909090909091,0.0,0.05555555555555555,0,2,0,1,0,0,0,1,0.0,0.12,0.0,235000.0
10630926,0,0.0,0.0,1.0,0.0,0.0,0.0,0.0,0.0,0.0,1.0,0.0,0.0,0.0,0.0,0.0,0.0,0.0,1.0,0.20510204081632655,0.09090909090909091,0.09090909090909091,0.0,0.1111111111111111,2,0,0,0,0,0,0,0,0.0,0.0,0.0,164500.0
10630942,0,0.0,0.0,1.0,0.0,0.0,0.0,0.0,0.0,0.0,0.0,0.0,1.0,0.0,0.0,0.0,0.0,1.0,0.0,0.0816326530612245,0.09090909090909091,0.09090909090909091,0.0,0.05555555555555555,0,2,0,1,0,0,0,1,0.0,0.08,0.0,235000.0
10630941,0,0.0,0.0,1.0,0.0,0.0,0.0,0.0,0.0,0.0,0.0,0.0,1.0,0.0,0.0,0.0,0.0,1.0,0.0,0.06836734693877553,0.09090909090909091,0.09090909090909091,0.0,0.05555555555555555,0,2,0,1,0,0,0,1,0.0,0.03,0.0,217500.0
10630943,0,0.0,0.0,1.0,0.0,0.0,0.0,0.0,0.0,0.0,0.0,0.0,1.0,0.0,0.0,0.0,0.0,1.0,0.0,0.06326530612244899,0.09090909090909091,0.09090909090909091,0.0,0.05555555555555555,0,2,0,1,0,0,0,0,0.0,0.0,0.0,212500.0
10630944,0,0.0,0.0,1.0,0.0,0.0,0.0,0.0,0.0,0.0,0.0,0.0,1.0,0.0,0.0,0.0,0.0,1.0,0.0,0.08877551020408164,0.09090909090909091,0.09090909090909091,0.0,0.05555555555555555,0,2,0,1,0,0,0,1,0.0,0.07,0.0,235000.0
10630945,0,0.0,0.0,1.0,0.0,0.0,0.0,0.0,0.0,0.0,0.0,0.0,1.0,0.0,0.0,0.0,0.0,1.0,0.0,0.06836734693877553,0.09090909090909091,0.09090909090909091,0.0,0.05555555555555555,0,1,0,1,0,0,0,1,0.0,0.04,0.0,221500.0
10630946,0,0.0,0.0,1.0,0.0,0.0,0.0,0.0,0.0,0.0,0.0,0.0,1.0,0.0,0.0,0.0,0.0,1.0,0.0,0.08061224489795918,0.09090909090909091,0.09090909090909091,0.0,0.05555555555555555,0,2,0,1,0,0,0,1,0.0,0.11,0.0,235000.0
10630947,0,0.0,0.0,1.0,0.0,0.0,0.0,0.0,0.0,0.0,0.0,0.0,1.0,0.0,0.0,0.0,0.0,1.0,0.0,0.07346938775510206,0.09090909090909091,0.09090909090909091,0.0,0.05555555555555555,0,1,0,1,0,0,0,0,0.0,0.0,0.0,222500.0
10630948,0,0.0,0.0,1.0,0.0,0.0,0.0,0.0,0.0,0.0,0.0,0.0,1.0,0.0,0.0,0.0,0.0,1.0,0.0,0.07551020408163267,0.09090909090909091,0.09090909090909091,0.0,0.05555555555555555,0,2,0,1,0,0,0,1,0.0,0.04,0.0,217500.0
10630951,0,0.0,0.0,1.0,0.0,0.0,0.0,0.0,0.0,0.0,0.0,0.0,1.0,0.0,0.0,0.0,0.0,1.0,0.0,0.06122448979591837,0.09090909090909091,0.09090909090909091,0.0,0.05555555555555555,0,2,0,1,0,0,0,1,0.0,0.05,0.0,215000.0
10630954,0,0.0,0.0,1.0,0.0,0.0,0.0,0.0,0.0,0.0,0.0,0.0,1.0,0.0,0.0,0.0,0.0,1.0,0.0,0.0816326530612245,0.09090909090909091,0.09090909090909091,0.0,0.05555555555555555,0,2,0,1,0,0,0,1,0.0,0.06,0.0,235000.0
10630949,0,0.0,0.0,1.0,0.0,0.0,0.0,0.0,0.0,0.0,0.0,0.0,1.0,0.0,0.0,0.0,0.0,1.0,0.0,0.0816326530612245,0.09090909090909091,0.09090909090909091,0.0,0.05555555555555555,0,2,0,1,0,0,0,1,0.0,0.04,0.0,227500.0
10630952,0,0.0,0.0,1.0,0.0,0.0,0.0,0.0,0.0,0.0,0.0,0.0,1.0,0.0,0.0,0.0,0.0,1.0,0.0,0.07959183673469389,0.09090909090909091,0.09090909090909091,0.0,0.05555555555555555,0,2,0,1,0,0,0,1,0.0,0.06,0.0,227500.0
10630955,0,0.0,0.0,1.0,0.0,0.0,0.0,0.0,0.0,0.0,0.0,0.0,1.0,0.0,0.0,0.0,0.0,1.0,0.0,0.06122448979591837,0.09090909090909091,0.09090909090909091,0.0,0.05555555555555555,0,1,0,1,0,0,0,1,0.0,0.05,0.0,235000.0
10630957,0,0.0,0.0,1.0,0.0,0.0,0.0,0.0,0.0,0.0,0.0,0.0,1.0,0.0,0.0,0.0,0.0,1.0,0.0,0.0653061224489796,0.09090909090909091,0.09090909090909091,0.0,0.05555555555555555,0,1,0,1,0,0,0,1,0.0,0.05,0.0,235000.0
10630956,0,0.0,0.0,1.0,0.0,0.0,0.0,0.0,0.0,0.0,0.0,0.0,1.0,0.0,0.0,0.0,0.0,1.0,0.0,0.07959183673469389,0.09090909090909091,0.09090909090909091,0.0,0.05555555555555555,0,2,0,1,0,0,0,1,0.0,0.06,0.0,235000.0
10630958,0,0.0,0.0,1.0,0.0,0.0,0.0,0.0,0.0,0.0,0.0,0.0,1.0,0.0,0.0,0.0,0.0,1.0,0.0,0.09693877551020408,0.09090909090909091,0.09090909090909091,0.0,0.05555555555555555,0,2,0,1,0,0,0,1,0.0,0.06,0.0,250000.0
10630953,0,0.0,0.0,1.0,0.0,0.0,0.0,0.0,0.0,0.0,0.0,0.0,1.0,0.0,0.0,0.0,0.0,1.0,0.0,0.05612244897959184,0.09090909090909091,0.09090909090909091,0.0,0.05555555555555555,0,2,0,1,0,0,0,1,0.0,0.04,0.0,210000.0
10631037,0,0.0,1.0,0.0,1.0,0.0,0.0,0.0,0.0,0.0,0.0,0.0,0.0,0.0,0.0,0.0,0.0,1.0,0.0,0.1,0.1818181818181818,0.09090909090909091,0.0,0.0,3,1,0,0,0,0,0,1,0.0,0.0,0.0,325000.0
10631063,0,0.0,0.0,1.0,0.0,0.0,0.0,0.0,0.0,0.0,1.0,0.0,0.0,0.0,0.0,0.0,0.0,0.0,1.0,0.23979591836734696,0.09090909090909091,0.18181818181818182,0.0,0.1111111111111111,2,0,1,0,0,0,0,1,0.0,0.13,0.0,179500.0
10630980,0,0.0,1.0,0.0,0.0,0.0,1.0,0.0,0.0,0.0,0.0,0.0,0.0,0.0,0.0,0.0,0.0,1.0,0.0,0.07040816326530613,0.09090909090909091,0.09090909090909091,0.0,0.0,3,2,1,0,0,0,0,1,0.0,0.1,0.0,249000.0
10631045,0,0.0,0.0,1.0,0.0,0.0,0.0,0.0,1.0,0.0,0.0,0.0,0.0,0.0,0.0,1.0,0.0,0.0,0.0,0.07653061224489796,0.09090909090909091,0.09090909090909091,0.07142857142857142,0.05555555555555555,4,3,1,0,0,0,0,0,0.0,0.0,0.0,138000.0
10631054,0,0.0,1.0,0.0,0.0,0.0,1.0,0.0,0.0,0.0,0.0,0.0,0.0,0.0,0.0,1.0,0.0,0.0,0.0,0.17142857142857146,0.1818181818181818,0.0,0.0,0.0,0,2,1,1,0,0,0,1,0.0,0.04,0.0,795000.0
10631076,0,0.0,0.0,1.0,0.0,0.0,0.0,0.0,0.0,0.0,1.0,0.0,0.0,0.0,0.0,0.0,0.0,1.0,0.0,0.14285714285714288,0.1818181818181818,0.18181818181818182,0.0,0.1111111111111111,1,2,1,1,0,0,1,1,0.0,0.15,0.0,399000.0
10631126,0,0.0,0.0,1.0,0.0,0.0,0.0,0.0,0.0,0.0,0.0,0.0,0.0,1.0,0.0,0.0,0.0,0.0,1.0,0.00816326530612245,0.0,0.0,0.0,0.0,3,6,0,0,0,0,0,0,0.0,0.0,0.0,150000.0
10631099,0,0.0,0.0,1.0,0.0,0.0,0.0,0.0,0.0,0.0,0.0,1.0,0.0,0.0,0.0,0.0,0.0,0.0,1.0,0.06122448979591837,0.09090909090909091,0.09090909090909091,0.0,0.05555555555555555,0,4,1,1,0,0,0,0,0.0,0.0,0.0,280000.0
10631113,0,1.0,0.0,0.0,0.0,1.0,0.0,0.0,0.0,0.0,0.0,0.0,0.0,0.0,0.0,0.0,1.0,0.0,0.0,0.1479591836734694,0.1818181818181818,0.09090909090909091,0.0,0.05555555555555555,4,7,0,1,0,0,0,1,0.0,0.01,0.0,359000.0
10631165,0,0.0,1.0,0.0,1.0,0.0,0.0,0.0,0.0,0.0,0.0,0.0,0.0,0.0,0.0,0.0,0.0,0.0,1.0,0.09081632653061225,0.09090909090909091,0.09090909090909091,0.0,0.0,2,0,0,1,0,0,0,0,0.0,0.0,0.0,359000.0
10631135,0,0.0,0.0,1.0,0.0,0.0,0.0,0.0,0.0,0.0,1.0,0.0,0.0,0.0,0.0,1.0,0.0,0.0,0.0,0.02448979591836735,0.0,0.09090909090909091,0.0,0.0,3,3,1,0,0,0,0,0,0.0,0.0,0.0,92000.0
10500060,0,0.0,1.0,0.0,0.0,0.0,0.0,0.0,0.0,0.0,0.0,0.0,0.0,0.0,1.0,0.0,0.0,0.0,1.0,0.07448979591836735,0.09090909090909091,0.09090909090909091,0.0,0.05555555555555555,3,3,0,0,0,0,0,0,0.0,0.0,0.0,215000.0
10631166,0,1.0,0.0,0.0,0.0,1.0,0.0,0.0,0.0,0.0,0.0,0.0,0.0,0.0,0.0,0.0,0.0,0.0,1.0,0.14285714285714288,0.1818181818181818,0.18181818181818182,0.0,0.0,3,4,1,0,0,0,0,0,0.0,0.0,0.0,690000.0
10631163,0,1.0,0.0,0.0,0.0,1.0,0.0,0.0,0.0,0.0,0.0,0.0,0.0,0.0,0.0,0.0,1.0,0.0,0.0,0.13877551020408166,0.09090909090909091,0.09090909090909091,0.0,0.1111111111111111,1,4,1,0,0,0,0,1,0.0,0.4,0.0,530000.0
10631155,0,0.0,1.0,0.0,1.0,0.0,0.0,0.0,0.0,0.0,0.0,0.0,0.0,0.0,0.0,0.0,1.0,0.0,0.0,0.176530612244898,0.1818181818181818,0.18181818181818182,0.0,0.1111111111111111,0,2,1,1,0,0,0,1,0.0,0.0,0.0,449000.0
10631172,0,1.0,0.0,0.0,0.0,1.0,0.0,0.0,0.0,0.0,0.0,0.0,0.0,0.0,0.0,0.0,1.0,0.0,0.0,0.20612244897959187,0.1818181818181818,0.2727272727272727,0.0,0.1111111111111111,3,5,1,1,0,0,0,0,0.0,0.0,0.0,905000.0
10631186,0,0.0,1.0,0.0,0.0,0.0,0.0,0.0,0.0,0.0,0.0,0.0,0.0,0.0,1.0,0.0,0.0,1.0,0.0,0.015306122448979595,0.0,0.09090909090909091,0.07142857142857142,0.05555555555555555,4,3,0,0,0,0,0,0,0.0,0.0,0.0,129000.0
10500124,1,0.0,1.0,0.0,0.0,0.0,0.0,0.0,0.0,0.0,0.0,0.0,0.0,0.0,1.0,0.0,0.0,1.0,0.0,0.1306122448979592,0.2727272727272727,0.09090909090909091,0.0,0.05555555555555555,3,6,0,0,0,0,1,0,0.013000000000000001,0.0,7.427914837580848e-05,195000.0
10631231,0,0.0,0.0,1.0,0.0,0.0,0.0,0.0,1.0,0.0,0.0,0.0,0.0,0.0,0.0,0.0,0.0,1.0,0.0,0.06428571428571428,0.09090909090909091,0.09090909090909091,0.0,0.05555555555555555,0,2,1,1,0,0,0,1,0.0,0.12,0.0,249000.0
10631255,1,0.0,1.0,0.0,0.0,0.0,0.0,0.0,0.0,1.0,0.0,0.0,0.0,0.0,0.0,0.0,0.0,0.0,1.0,0.1928571428571429,0.2727272727272727,0.18181818181818182,0.0,0.1111111111111111,1,0,0,0,0,0,1,1,0.0,0.0,0.0005144518794917105,459807.0
10631247,0,0.0,1.0,0.0,0.0,0.0,0.0,0.0,0.0,1.0,0.0,0.0,0.0,0.0,0.0,0.0,0.0,0.0,1.0,0.09183673469387757,0.1818181818181818,0.09090909090909091,0.0,0.05555555555555555,3,3,0,0,0,0,0,0,0.0,0.0,0.0,200000.0
10631237,0,0.0,1.0,0.0,0.0,0.0,0.0,0.0,0.0,0.0,0.0,0.0,0.0,0.0,1.0,0.0,0.0,0.0,1.0,0.05612244897959184,0.09090909090909091,0.0,0.0,0.0,3,2,1,0,0,0,0,0,0.0,0.0,0.0,259000.0
10631251,0,0.0,1.0,0.0,0.0,0.0,0.0,0.0,0.0,1.0,0.0,0.0,0.0,0.0,0.0,0.0,0.0,1.0,0.0,0.1479591836734694,0.1818181818181818,0.18181818181818182,0.0,0.1111111111111111,1,3,0,0,0,0,1,1,0.0,0.92,0.0,379000.0
10631260,0,0.0,1.0,0.0,0.0,0.0,0.0,0.0,0.0,1.0,0.0,0.0,0.0,0.0,0.0,0.0,0.0,1.0,0.0,0.08571428571428572,0.09090909090909091,0.09090909090909091,0.0,0.05555555555555555,1,2,0,0,0,0,0,1,0.0,0.2,0.0,299000.0
10631258,1,0.0,1.0,0.0,0.0,0.0,0.0,0.0,0.0,1.0,0.0,0.0,0.0,0.0,0.0,0.0,0.0,0.0,1.0,0.15918367346938778,0.1818181818181818,0.09090909090909091,0.0,0.1111111111111111,1,0,0,0,0,0,1,1,0.0,0.0,0.0004695175798569622,414002.0
10631261,0,0.0,1.0,0.0,0.0,0.0,0.0,0.0,0.0,1.0,0.0,0.0,0.0,0.0,0.0,0.0,0.0,0.0,1.0,0.09081632653061225,0.1818181818181818,0.09090909090909091,0.0,0.1111111111111111,3,2,0,0,0,0,1,1,0.0,0.3,0.0,289000.0
10631263,0,0.0,1.0,0.0,0.0,0.0,0.0,0.0,0.0,1.0,0.0,0.0,0.0,0.0,0.0,0.0,0.0,1.0,0.0,0.05612244897959184,0.09090909090909091,0.09090909090909091,0.0,0.05555555555555555,3,3,0,0,0,0,1,1,0.0,0.0,0.0,209000.0
10500204,1,0.0,1.0,0.0,0.0,0.0,0.0,1.0,0.0,0.0,0.0,0.0,0.0,0.0,0.0,0.0,0.0,0.0,1.0,0.09183673469387757,0.1818181818181818,0.09090909090909091,0.0,0.0,4,3,0,1,0,0,0,1,0.0,0.0,0.00031729117701271274,429000.0
10631336,0,0.0,1.0,0.0,0.0,0.0,0.0,0.0,0.0,1.0,0.0,0.0,0.0,0.0,0.0,0.0,0.0,1.0,0.0,0.057142857142857155,0.0,0.09090909090909091,0.0,0.05555555555555555,3,1,1,1,0,0,1,0,0.0,0.0,0.0,189000.0
10631293,0,0.0,1.0,0.0,1.0,0.0,0.0,0.0,0.0,0.0,0.0,0.0,0.0,0.0,0.0,0.0,0.0,0.0,1.0,0.07448979591836735,0.1818181818181818,0.09090909090909091,0.0,0.05555555555555555,3,2,1,1,0,0,0,1,0.0,0.11,0.0,275000.0
10631344,0,1.0,0.0,0.0,0.0,1.0,0.0,0.0,0.0,0.0,0.0,0.0,0.0,0.0,0.0,0.0,1.0,0.0,0.0,0.07142857142857142,0.09090909090909091,0.09090909090909091,0.0,0.05555555555555555,3,3,1,0,0,0,0,1,0.0,0.15,0.0,240000.0
10631309,0,0.0,1.0,0.0,0.0,0.0,0.0,1.0,0.0,0.0,0.0,0.0,0.0,0.0,0.0,0.0,0.0,1.0,0.0,0.12448979591836737,0.09090909090909091,0.0,0.0,0.0,1,2,1,0,0,0,0,1,0.0,0.08,0.0,349000.0
10631322,0,0.0,0.0,1.0,0.0,0.0,0.0,0.0,0.0,0.0,1.0,0.0,0.0,0.0,0.0,1.0,0.0,0.0,0.0,0.03571428571428572,0.09090909090909091,0.09090909090909091,0.0,0.05555555555555555,0,2,0,0,0,0,0,0,0.0,0.0,0.0,160000.0
10631342,1,0.0,0.0,1.0,0.0,0.0,0.0,0.0,0.0,0.0,0.0,0.0,1.0,0.0,0.0,0.0,1.0,0.0,0.0,0.07142857142857142,0.1818181818181818,0.09090909090909091,0.0,0.05555555555555555,2,3,0,1,0,0,1,1,0.069,0.5700000000000001,0.00021091610032636975,229000.0
10631362,0,0.0,1.0,0.0,0.0,0.0,1.0,0.0,0.0,0.0,0.0,0.0,0.0,0.0,0.0,0.0,0.0,1.0,0.0,0.08571428571428572,0.09090909090909091,0.09090909090909091,0.0,0.05555555555555555,3,1,1,0,0,0,0,1,0.0,0.07,0.0,320000.0
10631347,0,0.0,1.0,0.0,0.0,0.0,0.0,0.0,0.0,0.0,0.0,0.0,0.0,0.0,1.0,0.0,0.0,0.0,1.0,0.07040816326530613,0.09090909090909091,0.09090909090909091,0.0,0.05555555555555555,3,4,1,0,0,0,0,1,0.0,0.4,0.0,349000.0
10369246,1,0.0,1.0,0.0,0.0,0.0,0.0,0.0,0.0,0.0,0.0,0.0,0.0,0.0,1.0,0.0,0.0,0.0,1.0,0.11224489795918369,0.09090909090909091,0.09090909090909091,0.0,0.05555555555555555,1,4,0,0,1,0,1,1,0.0,0.0,0.0016680712456246373,360000.0
10631412,0,1.0,0.0,0.0,0.0,1.0,0.0,0.0,0.0,0.0,0.0,0.0,0.0,0.0,0.0,0.0,1.0,0.0,0.0,0.10204081632653061,0.09090909090909091,0.09090909090909091,0.07142857142857142,0.1111111111111111,1,4,0,0,0,0,0,1,0.0,0.12,0.0,480000.0
10631416,0,0.0,0.0,1.0,0.0,0.0,0.0,0.0,1.0,0.0,0.0,0.0,0.0,0.0,0.0,1.0,0.0,0.0,0.0,0.1316326530612245,0.1818181818181818,0.18181818181818182,0.0,0.1111111111111111,0,0,0,1,0,0,0,1,0.0,0.0,0.0,299000.0
10631448,0,0.0,1.0,0.0,0.0,0.0,1.0,0.0,0.0,0.0,0.0,0.0,0.0,0.0,0.0,1.0,0.0,0.0,0.0,0.09183673469387757,0.1818181818181818,0.09090909090909091,0.07142857142857142,0.1111111111111111,2,2,1,1,0,0,0,0,0.0,0.0,0.0,405000.0
10631407,0,0.0,1.0,0.0,0.0,0.0,0.0,0.0,0.0,0.0,0.0,0.0,0.0,0.0,1.0,0.0,0.0,0.0,1.0,0.05816326530612246,0.09090909090909091,0.18181818181818182,0.0,0.05555555555555555,3,4,1,0,0,0,0,1,0.0,0.18,0.0,225000.0
10631438,0,0.0,1.0,0.0,1.0,0.0,0.0,0.0,0.0,0.0,0.0,0.0,0.0,0.0,0.0,0.0,0.0,1.0,0.0,0.09285714285714286,0.09090909090909091,0.09090909090909091,0.0,0.05555555555555555,3,3,0,1,0,0,1,1,0.0,0.28,0.0,279000.0
10631417,0,0.0,0.0,1.0,0.0,0.0,0.0,0.0,0.0,0.0,1.0,0.0,0.0,0.0,0.0,0.0,1.0,0.0,0.0,0.07142857142857142,0.09090909090909091,0.18181818181818182,0.0,0.05555555555555555,1,2,1,1,0,0,0,1,0.0,0.22,0.0,249000.0
10631429,0,0.0,1.0,0.0,1.0,0.0,0.0,0.0,0.0,0.0,0.0,0.0,0.0,0.0,0.0,0.0,1.0,0.0,0.0,0.010204081632653062,0.0,0.09090909090909091,0.0,0.05555555555555555,2,2,1,1,0,0,0,1,0.0,0.06,0.0,142500.0
10631426,0,1.0,0.0,0.0,0.0,1.0,0.0,0.0,0.0,0.0,0.0,0.0,0.0,0.0,0.0,0.0,0.0,0.0,1.0,0.07959183673469389,0.09090909090909091,0.09090909090909091,0.0,0.0,3,3,0,0,0,0,0,1,0.0,0.0,0.0,295000.0
10631449,0,0.0,1.0,0.0,0.0,0.0,0.0,0.0,0.0,0.0,0.0,0.0,0.0,0.0,1.0,0.0,0.0,0.0,1.0,0.2091836734693878,0.2727272727272727,0.2727272727272727,0.0,0.1111111111111111,3,2,0,1,0,0,1,1,0.077,0.29,0.0,420000.0
10631463,1,0.0,0.0,1.0,0.0,0.0,0.0,0.0,0.0,0.0,0.0,0.0,0.0,1.0,0.0,0.0,0.0,0.0,1.0,0.08673469387755103,0.09090909090909091,0.0,0.07142857142857142,0.05555555555555555,5,5,0,1,0,0,1,1,0.0,0.0,0.00011462831539476617,209000.0
10631465,0,1.0,0.0,0.0,0.0,1.0,0.0,0.0,0.0,0.0,0.0,0.0,0.0,0.0,0.0,0.0,0.0,0.0,1.0,0.05510204081632653,0.0,0.0,0.07142857142857142,0.05555555555555555,0,3,0,0,0,0,0,1,0.0,0.05,0.0,420000.0
10631474,0,1.0,0.0,0.0,0.0,1.0,0.0,0.0,0.0,0.0,0.0,0.0,0.0,0.0,0.0,0.0,1.0,0.0,0.0,0.036734693877551024,0.0,0.09090909090909091,0.0,0.05555555555555555,4,5,1,1,0,0,0,1,0.0,0.11,0.0,164000.0
10631479,0,0.0,1.0,0.0,0.0,0.0,0.0,0.0,0.0,0.0,0.0,0.0,0.0,0.0,1.0,0.0,0.0,1.0,0.0,0.04693877551020408,0.0,0.09090909090909091,0.0,0.05555555555555555,3,3,1,1,0,0,0,1,0.0,0.0,0.0,159000.0
10631483,0,0.0,1.0,0.0,0.0,0.0,0.0,0.0,0.0,0.0,0.0,0.0,0.0,0.0,1.0,0.0,0.0,1.0,0.0,0.06224489795918368,0.0,0.09090909090909091,0.0,0.05555555555555555,3,4,0,1,0,0,0,1,0.0,0.0,0.0,159000.0
10631454,0,0.0,1.0,0.0,1.0,0.0,0.0,0.0,0.0,0.0,0.0,0.0,0.0,0.0,0.0,0.0,0.0,0.0,1.0,0.07142857142857142,0.09090909090909091,0.09090909090909091,0.0,0.05555555555555555,4,3,0,1,0,0,0,1,0.0,0.06,0.0,205000.0
10631486,0,0.0,1.0,0.0,0.0,0.0,0.0,0.0,0.0,0.0,0.0,0.0,0.0,0.0,1.0,0.0,0.0,1.0,0.0,0.10408163265306122,0.09090909090909091,0.09090909090909091,0.0,0.05555555555555555,3,3,0,1,0,0,1,1,0.0,0.13,0.0,255000.0
10631482,0,0.0,1.0,0.0,0.0,0.0,0.0,0.0,0.0,0.0,0.0,0.0,0.0,0.0,1.0,0.0,0.0,1.0,0.0,0.023469387755102045,0.0,0.09090909090909091,0.0,0.05555555555555555,3,2,0,1,0,0,0,0,0.0,0.0,0.0,139500.0
10631487,0,0.0,1.0,0.0,0.0,0.0,0.0,0.0,0.0,0.0,0.0,0.0,0.0,0.0,1.0,0.0,0.0,1.0,0.0,0.06224489795918368,0.09090909090909091,0.09090909090909091,0.0,0.05555555555555555,3,3,0,1,0,0,0,1,0.0,0.0,0.0,185000.0
10631488,0,0.0,1.0,0.0,0.0,0.0,0.0,0.0,0.0,0.0,0.0,0.0,0.0,0.0,1.0,0.0,0.0,1.0,0.0,0.05612244897959184,0.09090909090909091,0.09090909090909091,0.0,0.05555555555555555,3,2,1,1,0,0,0,0,0.0,0.0,0.0,135000.0
10631490,0,0.0,1.0,0.0,0.0,0.0,0.0,0.0,0.0,0.0,0.0,0.0,0.0,0.0,1.0,0.0,0.0,0.0,1.0,0.14285714285714288,0.09090909090909091,0.09090909090909091,0.0,0.05555555555555555,3,4,0,1,0,0,1,1,0.0,0.0,0.0,195000.0
10631496,0,0.0,1.0,0.0,1.0,0.0,0.0,0.0,0.0,0.0,0.0,0.0,0.0,0.0,0.0,0.0,1.0,0.0,0.0,0.10204081632653061,0.1818181818181818,0.09090909090909091,0.0,0.05555555555555555,0,0,0,1,0,0,0,0,0.0,0.0,0.0,60000.0
10631500,0,0.0,0.0,1.0,0.0,0.0,0.0,0.0,0.0,0.0,1.0,0.0,0.0,0.0,0.0,0.0,0.0,0.0,1.0,0.07244897959183674,0.09090909090909091,0.09090909090909091,0.0,0.05555555555555555,0,7,0,0,0,0,0,0,0.0,0.0,0.0,199000.0
10631501,1,0.0,0.0,1.0,0.0,0.0,0.0,0.0,0.0,0.0,1.0,0.0,0.0,0.0,0.0,0.0,0.0,1.0,0.0,0.1285714285714286,0.1818181818181818,0.0,0.0,0.0,0,4,0,0,0,0,0,1,0.0,0.13,7.15280688063341e-05,229000.0
10631506,0,0.0,1.0,0.0,0.0,0.0,0.0,0.0,0.0,0.0,0.0,0.0,0.0,0.0,1.0,0.0,0.0,0.0,1.0,0.22653061224489798,0.09090909090909091,0.0,0.0,0.16666666666666666,1,1,1,0,0,0,0,1,0.0,0.0,0.0,1550000.0
10631543,0,1.0,0.0,0.0,0.0,1.0,0.0,0.0,0.0,0.0,0.0,0.0,0.0,0.0,0.0,1.0,0.0,0.0,0.0,0.09081632653061225,0.0,0.0,0.0,0.0,2,3,1,1,0,0,0,1,0.0,0.07,0.0,360000.0
10631528,0,1.0,0.0,0.0,0.0,1.0,0.0,0.0,0.0,0.0,0.0,0.0,0.0,0.0,0.0,0.0,0.0,0.0,1.0,0.06632653061224492,0.0,0.09090909090909091,0.0,0.05555555555555555,1,3,1,1,0,0,0,1,0.0,0.3,0.0,345000.0
10631529,0,1.0,0.0,0.0,0.0,1.0,0.0,0.0,0.0,0.0,0.0,0.0,0.0,0.0,0.0,0.0,0.0,0.0,1.0,0.07653061224489796,0.09090909090909091,0.0,0.07142857142857142,0.1111111111111111,1,3,1,1,0,0,0,1,0.0,0.15,0.0,385000.0
10631535,0,0.0,0.0,1.0,0.0,0.0,0.0,0.0,0.0,0.0,0.0,1.0,0.0,0.0,0.0,0.0,0.0,0.0,1.0,0.06122448979591837,0.09090909090909091,0.09090909090909091,0.0,0.0,1,3,1,1,0,0,0,1,0.0,0.5,0.0,295000.0
10631547,0,0.0,0.0,1.0,0.0,0.0,0.0,0.0,0.0,0.0,1.0,0.0,0.0,0.0,0.0,0.0,0.0,0.0,1.0,0.030612244897959183,0.0,0.09090909090909091,0.0,0.05555555555555555,4,4,0,1,0,0,0,1,0.0,0.04,0.0,115000.0
10631544,0,1.0,0.0,0.0,0.0,1.0,0.0,0.0,0.0,0.0,0.0,0.0,0.0,0.0,0.0,1.0,0.0,0.0,0.0,0.16836734693877553,0.1818181818181818,0.18181818181818182,0.0,0.05555555555555555,0,3,1,1,0,0,0,0,0.0,0.0,0.0,395000.0
10500478,1,0.0,1.0,0.0,0.0,0.0,0.0,0.0,0.0,0.0,0.0,0.0,0.0,0.0,1.0,0.0,0.0,0.0,1.0,0.11224489795918369,0.1818181818181818,0.18181818181818182,0.0,0.16666666666666666,2,0,0,0,0,0,1,1,0.0,0.2,0.00027143985085480626,275000.0
10631565,0,1.0,0.0,0.0,0.0,1.0,0.0,0.0,0.0,0.0,0.0,0.0,0.0,0.0,0.0,0.0,0.0,0.0,1.0,0.15816326530612246,0.2727272727272727,0.18181818181818182,0.0,0.16666666666666666,5,5,1,1,0,0,0,1,0.0,0.06,0.0,560000.0
10631556,0,1.0,0.0,0.0,0.0,1.0,0.0,0.0,0.0,0.0,0.0,0.0,0.0,0.0,0.0,0.0,1.0,0.0,0.0,0.036734693877551024,0.0,0.09090909090909091,0.0,0.05555555555555555,3,7,0,1,0,0,0,1,0.0,0.11,0.0,179000.0
10631562,0,1.0,0.0,0.0,0.0,1.0,0.0,0.0,0.0,0.0,0.0,0.0,0.0,0.0,0.0,0.0,0.0,0.0,1.0,0.0836734693877551,0.09090909090909091,0.09090909090909091,0.0,0.05555555555555555,3,0,1,0,0,0,0,1,0.0,0.12,0.0,370000.0
10631548,0,0.0,1.0,0.0,0.0,0.0,1.0,0.0,0.0,0.0,0.0,0.0,0.0,0.0,0.0,0.0,1.0,0.0,0.0,0.03571428571428572,0.0,0.09090909090909091,0.07142857142857142,0.05555555555555555,1,4,0,0,0,0,0,1,0.0,0.0,0.0,180000.0
10631575,0,0.0,1.0,0.0,1.0,0.0,0.0,0.0,0.0,0.0,0.0,0.0,0.0,0.0,0.0,0.0,0.0,0.0,1.0,0.10204081632653061,0.09090909090909091,0.09090909090909091,0.0,0.0,3,2,0,0,0,0,1,0,0.05,0.0,0.0,255000.0
10631567,0,0.0,1.0,0.0,1.0,0.0,0.0,0.0,0.0,0.0,0.0,0.0,0.0,0.0,0.0,0.0,0.0,1.0,0.0,0.20000000000000004,0.2727272727272727,0.09090909090909091,0.0,0.1111111111111111,3,3,1,1,0,0,0,1,0.0,1.0,0.0,1150000.0
10631589,0,0.0,0.0,1.0,0.0,0.0,0.0,0.0,1.0,0.0,0.0,0.0,0.0,0.0,0.0,0.0,0.0,0.0,1.0,0.1112244897959184,0.09090909090909091,0.18181818181818182,0.0,0.1111111111111111,0,2,1,0,0,0,0,1,0.0,0.06,0.0,243342.0
10631585,0,0.0,1.0,0.0,0.0,0.0,1.0,0.0,0.0,0.0,0.0,0.0,0.0,0.0,0.0,0.0,0.0,0.0,1.0,0.07244897959183674,0.09090909090909091,0.09090909090909091,0.0,0.0,3,3,1,0,0,0,0,1,0.0,0.04,0.0,225000.0
10631580,0,0.0,1.0,0.0,0.0,0.0,1.0,0.0,0.0,0.0,0.0,0.0,0.0,0.0,0.0,0.0,0.0,0.0,1.0,0.04693877551020408,0.0,0.09090909090909091,0.0,0.05555555555555555,3,5,1,0,0,0,1,1,0.05,0.22,0.0,212000.0
10631623,0,0.0,0.0,1.0,0.0,0.0,0.0,0.0,0.0,0.0,1.0,0.0,0.0,0.0,0.0,0.0,0.0,0.0,1.0,0.24081632653061227,0.1818181818181818,0.18181818181818182,0.0,0.1111111111111111,2,0,1,0,0,0,0,0,0.0,0.0,0.0,159500.0
10631602,0,1.0,0.0,0.0,0.0,1.0,0.0,0.0,0.0,0.0,0.0,0.0,0.0,0.0,0.0,0.0,1.0,0.0,0.0,0.11734693877551022,0.09090909090909091,0.09090909090909091,0.0,0.05555555555555555,1,5,0,0,0,0,0,1,0.0,0.12,0.0,415000.0
10631628,0,0.0,0.0,1.0,0.0,0.0,0.0,0.0,0.0,0.0,1.0,0.0,0.0,0.0,0.0,0.0,0.0,0.0,1.0,0.1469387755102041,0.1818181818181818,0.09090909090909091,0.0,0.1111111111111111,0,2,0,1,0,0,0,1,0.0,0.06,0.0,200000.0
10631632,0,0.0,1.0,0.0,0.0,0.0,0.0,0.0,0.0,0.0,0.0,0.0,0.0,0.0,1.0,0.0,0.0,0.0,1.0,0.1326530612244898,0.1818181818181818,0.0,0.0,0.05555555555555555,3,2,0,0,0,0,1,1,0.044,0.0,0.0,299000.0
10631634,0,0.0,1.0,0.0,1.0,0.0,0.0,0.0,0.0,0.0,0.0,0.0,0.0,0.0,0.0,0.0,1.0,0.0,0.0,0.07755102040816328,0.1818181818181818,0.0,0.0,0.0,1,3,0,0,0,0,0,1,0.0,0.24,0.0,360000.0
10631651,0,0.0,1.0,0.0,0.0,0.0,0.0,0.0,0.0,0.0,0.0,0.0,0.0,0.0,1.0,0.0,0.0,0.0,1.0,0.08265306122448982,0.09090909090909091,0.09090909090909091,0.0,0.05555555555555555,3,2,1,0,0,0,0,1,0.0,0.06,0.0,245000.0
10631646,0,0.0,1.0,0.0,0.0,0.0,1.0,0.0,0.0,0.0,0.0,0.0,0.0,0.0,0.0,1.0,0.0,0.0,0.0,0.09183673469387757,0.09090909090909091,0.09090909090909091,0.0,0.05555555555555555,5,3,0,0,0,0,0,1,0.0,0.09,0.0,248000.0
10631672,0,1.0,0.0,0.0,0.0,1.0,0.0,0.0,0.0,0.0,0.0,0.0,0.0,0.0,0.0,0.0,1.0,0.0,0.0,0.051020408163265314,0.0,0.09090909090909091,0.07142857142857142,0.05555555555555555,2,0,1,0,0,0,1,1,0.11,0.12,0.0,330000.0
10631678,0,0.0,1.0,0.0,1.0,0.0,0.0,0.0,0.0,0.0,0.0,0.0,0.0,0.0,0.0,0.0,0.0,1.0,0.0,0.07142857142857142,0.09090909090909091,0.09090909090909091,0.0,0.05555555555555555,3,2,1,0,0,0,1,0,0.3,0.0,0.0,273000.0
10631706,0,0.0,1.0,0.0,0.0,0.0,0.0,0.0,0.0,0.0,0.0,0.0,0.0,0.0,1.0,0.0,0.0,0.0,1.0,0.013265306122448979,0.0,0.09090909090909091,0.0,0.05555555555555555,3,0,1,0,0,0,0,1,0.0,0.07,0.0,109000.0
10631705,1,0.0,0.0,1.0,0.0,0.0,0.0,0.0,1.0,0.0,0.0,0.0,0.0,0.0,0.0,0.0,0.0,0.0,1.0,0.0836734693877551,0.09090909090909091,0.0,0.07142857142857142,0.05555555555555555,3,4,0,0,0,0,0,0,0.0,0.0,0.0,179000.0
10631712,0,0.0,1.0,0.0,0.0,0.0,0.0,1.0,0.0,0.0,0.0,0.0,0.0,0.0,0.0,1.0,0.0,0.0,0.0,0.10612244897959186,0.0,0.09090909090909091,0.07142857142857142,0.05555555555555555,1,0,1,0,0,0,0,1,0.0,0.12,0.0,505000.0
10631679,0,0.0,0.0,1.0,0.0,0.0,0.0,0.0,1.0,0.0,0.0,0.0,0.0,0.0,0.0,1.0,0.0,0.0,0.0,0.051020408163265314,0.09090909090909091,0.09090909090909091,0.07142857142857142,0.05555555555555555,2,5,1,0,0,0,0,0,0.0,0.0,0.0,126500.0
10631756,0,1.0,0.0,0.0,0.0,1.0,0.0,0.0,0.0,0.0,0.0,0.0,0.0,0.0,0.0,0.0,0.0,0.0,1.0,0.14183673469387756,0.1818181818181818,0.18181818181818182,0.14285714285714285,0.1111111111111111,3,7,1,0,0,0,0,1,0.0,0.0,0.0,650000.0
10631726,0,1.0,0.0,0.0,0.0,1.0,0.0,0.0,0.0,0.0,0.0,0.0,0.0,0.0,0.0,0.0,1.0,0.0,0.0,0.13775510204081634,0.1818181818181818,0.18181818181818182,0.0,0.1111111111111111,0,4,0,1,0,0,0,1,0.0,0.04,0.0,520000.0
10631735,0,0.0,1.0,0.0,0.0,0.0,0.0,0.0,0.0,0.0,0.0,0.0,0.0,0.0,1.0,0.0,0.0,1.0,0.0,0.06122448979591837,0.09090909090909091,0.09090909090909091,0.0,0.05555555555555555,3,1,0,0,0,0,0,0,0.0,0.0,0.0,209000.0
10631764,0,0.0,0.0,1.0,0.0,0.0,0.0,0.0,0.0,0.0,0.0,0.0,0.0,1.0,0.0,0.0,0.0,1.0,0.0,0.06020408163265307,0.0,0.09090909090909091,0.0,0.05555555555555555,3,1,0,0,0,0,0,1,0.0,0.09,0.0,245000.0
10631775,0,1.0,0.0,0.0,0.0,1.0,0.0,0.0,0.0,0.0,0.0,0.0,0.0,0.0,0.0,0.0,1.0,0.0,0.0,0.06122448979591837,0.09090909090909091,0.09090909090909091,0.0,0.05555555555555555,3,4,1,0,0,0,0,0,0.0,0.0,0.0,310000.0
10631798,0,0.0,0.0,1.0,0.0,0.0,0.0,0.0,0.0,0.0,1.0,0.0,0.0,0.0,0.0,0.0,0.0,1.0,0.0,0.06224489795918368,0.09090909090909091,0.09090909090909091,0.0,0.05555555555555555,2,4,0,0,0,0,1,1,0.194,0.0,0.0,159000.0
10631802,0,1.0,0.0,0.0,0.0,1.0,0.0,0.0,0.0,0.0,0.0,0.0,0.0,0.0,0.0,0.0,1.0,0.0,0.0,0.06020408163265307,0.09090909090909091,0.09090909090909091,0.0,0.0,0,0,0,0,0,0,0,1,0.0,0.02,0.0,243000.0
10631805,0,1.0,0.0,0.0,0.0,1.0,0.0,0.0,0.0,0.0,0.0,0.0,0.0,0.0,0.0,0.0,1.0,0.0,0.0,0.08673469387755103,0.0,0.09090909090909091,0.0,0.05555555555555555,0,0,0,0,0,0,0,0,0.0,0.0,0.0,265000.0
10631816,0,1.0,0.0,0.0,0.0,1.0,0.0,0.0,0.0,0.0,0.0,0.0,0.0,0.0,0.0,0.0,0.0,0.0,1.0,0.10408163265306122,0.09090909090909091,0.09090909090909091,0.0,0.0,2,3,0,0,0,0,0,0,0.0,0.0,0.0,499000.0
10631807,0,1.0,0.0,0.0,0.0,1.0,0.0,0.0,0.0,0.0,0.0,0.0,0.0,0.0,0.0,0.0,0.0,0.0,1.0,0.0816326530612245,0.09090909090909091,0.09090909090909091,0.0,0.05555555555555555,0,0,1,0,0,0,0,1,0.0,0.2,0.0,349000.0
10631849,0,1.0,0.0,0.0,0.0,1.0,0.0,0.0,0.0,0.0,0.0,0.0,0.0,0.0,0.0,0.0,0.0,0.0,1.0,0.05306122448979592,0.0,0.09090909090909091,0.0,0.05555555555555555,4,7,0,0,0,0,0,1,0.0,0.05,0.0,245000.0
10631827,0,0.0,1.0,0.0,1.0,0.0,0.0,0.0,0.0,0.0,0.0,0.0,0.0,0.0,0.0,0.0,1.0,0.0,0.0,0.06632653061224492,0.09090909090909091,0.09090909090909091,0.0,0.0,3,2,0,0,0,0,0,0,0.0,0.0,0.0,285000.0
10631848,0,1.0,0.0,0.0,0.0,1.0,0.0,0.0,0.0,0.0,0.0,0.0,0.0,0.0,0.0,0.0,0.0,0.0,1.0,0.12040816326530615,0.09090909090909091,0.18181818181818182,0.0,0.1111111111111111,3,4,1,0,0,0,0,1,0.0,0.0,0.0,465000.0
10631851,0,0.0,1.0,0.0,1.0,0.0,0.0,0.0,0.0,0.0,0.0,0.0,0.0,0.0,0.0,0.0,0.0,0.0,1.0,0.3112244897959184,0.2727272727272727,0.18181818181818182,0.0,0.2222222222222222,1,2,1,0,0,0,0,1,0.0,1.0,0.0,1395000.0
10631850,0,1.0,0.0,0.0,0.0,1.0,0.0,0.0,0.0,0.0,0.0,0.0,0.0,0.0,0.0,0.0,1.0,0.0,0.0,0.10204081632653061,0.09090909090909091,0.09090909090909091,0.0,0.1111111111111111,2,4,0,0,0,0,0,1,0.0,0.08,0.0,480000.0
10631897,0,1.0,0.0,0.0,0.0,1.0,0.0,0.0,0.0,0.0,0.0,0.0,0.0,0.0,0.0,0.0,1.0,0.0,0.0,0.07959183673469389,0.1818181818181818,0.09090909090909091,0.0,0.1111111111111111,3,3,1,1,0,0,0,1,0.0,0.05,0.0,345000.0
10631865,0,1.0,0.0,0.0,0.0,1.0,0.0,0.0,0.0,0.0,0.0,0.0,0.0,0.0,0.0,0.0,1.0,0.0,0.0,0.04081632653061225,0.0,0.09090909090909091,0.07142857142857142,0.05555555555555555,3,7,0,0,0,0,0,1,0.0,0.02,0.0,169000.0
10631930,0,1.0,0.0,0.0,0.0,1.0,0.0,0.0,0.0,0.0,0.0,0.0,0.0,0.0,0.0,0.0,0.0,1.0,0.0,0.09183673469387757,0.1818181818181818,0.09090909090909091,0.07142857142857142,0.1111111111111111,0,4,1,1,0,0,0,1,0.0,0.3,0.0,400000.0
10631943,0,0.0,0.0,1.0,0.0,0.0,0.0,0.0,0.0,0.0,0.0,0.0,0.0,1.0,0.0,0.0,0.0,1.0,0.0,0.07244897959183674,0.1818181818181818,0.0,0.07142857142857142,0.05555555555555555,2,4,1,0,0,0,0,1,0.0,0.18,0.0,240000.0
10631932,1,0.0,0.0,1.0,0.0,0.0,0.0,0.0,0.0,0.0,0.0,0.0,1.0,0.0,0.0,0.0,0.0,1.0,0.0,0.10204081632653061,0.1818181818181818,0.09090909090909091,0.0,0.1111111111111111,3,4,0,0,0,0,0,0,0.0,0.0,0.00031178901787376397,185000.0
10631976,0,0.0,0.0,1.0,0.0,0.0,0.0,0.0,0.0,0.0,0.0,1.0,0.0,0.0,0.0,0.0,0.0,0.0,1.0,0.09285714285714286,0.0,0.09090909090909091,0.0,0.05555555555555555,3,0,0,0,0,1,0,1,0.0,0.41000000000000003,0.0,170000.0
10631978,1,0.0,0.0,1.0,0.0,0.0,0.0,0.0,1.0,0.0,0.0,0.0,0.0,0.0,0.0,0.0,1.0,0.0,0.0,0.13775510204081634,0.1818181818181818,0.09090909090909091,0.0,0.1111111111111111,5,7,0,1,0,0,0,1,0.0,0.0,0.0004585132615790647,195000.0
10631977,0,0.0,1.0,0.0,0.0,0.0,0.0,0.0,0.0,0.0,0.0,0.0,0.0,0.0,1.0,0.0,0.0,0.0,1.0,0.0836734693877551,0.09090909090909091,0.09090909090909091,0.0,0.0,3,4,1,0,0,0,0,1,0.0,0.0,0.0,470000.0
10631981,1,0.0,0.0,1.0,0.0,0.0,0.0,0.0,0.0,0.0,0.0,0.0,0.0,1.0,0.0,0.0,0.0,0.0,1.0,0.0816326530612245,0.1818181818181818,0.09090909090909091,0.0,0.1111111111111111,5,3,0,1,0,0,0,0,0.0,0.0,0.0,80000.0
10631982,0,0.0,0.0,1.0,0.0,0.0,0.0,0.0,0.0,0.0,0.0,0.0,0.0,1.0,0.0,0.0,0.0,0.0,1.0,0.0816326530612245,0.1818181818181818,0.09090909090909091,0.0,0.1111111111111111,5,3,0,1,0,0,0,0,0.0,0.0,0.0,80000.0
10631990,0,0.0,1.0,0.0,0.0,0.0,0.0,0.0,0.0,0.0,0.0,0.0,0.0,0.0,1.0,0.0,0.0,0.0,1.0,0.06632653061224492,0.09090909090909091,0.0,0.0,0.0,1,0,1,0,0,0,0,1,0.0,0.08,0.0,255000.0
10632008,0,0.0,1.0,0.0,0.0,0.0,1.0,0.0,0.0,0.0,0.0,0.0,0.0,0.0,0.0,1.0,0.0,0.0,0.0,0.08775510204081632,0.1818181818181818,0.18181818181818182,0.0,0.1111111111111111,3,0,0,0,0,0,0,1,0.0,0.2,0.0,444500.0
10632001,0,1.0,0.0,0.0,0.0,1.0,0.0,0.0,0.0,0.0,0.0,0.0,0.0,0.0,0.0,0.0,1.0,0.0,0.0,0.10510204081632654,0.1818181818181818,0.18181818181818182,0.07142857142857142,0.1111111111111111,1,6,1,0,0,0,0,1,0.0,0.15,0.0,295000.0
10632016,0,0.0,1.0,0.0,0.0,0.0,1.0,0.0,0.0,0.0,0.0,0.0,0.0,0.0,0.0,1.0,0.0,0.0,0.0,0.16836734693877553,0.4545454545454545,0.0,0.0,0.1111111111111111,0,3,0,0,0,0,0,1,0.0,0.0,0.0,550000.0
10632018,0,0.0,1.0,0.0,0.0,0.0,1.0,0.0,0.0,0.0,0.0,0.0,0.0,0.0,0.0,1.0,0.0,0.0,0.0,0.10918367346938776,0.09090909090909091,0.18181818181818182,0.0,0.05555555555555555,3,3,1,0,0,0,0,1,0.0,0.72,0.0,975000.0
10500975,1,0.0,0.0,1.0,0.0,0.0,0.0,0.0,1.0,0.0,0.0,0.0,0.0,0.0,0.0,0.0,0.0,0.0,1.0,0.25204081632653064,0.36363636363636365,0.09090909090909091,0.14285714285714285,0.1111111111111111,5,5,0,0,0,0,1,1,0.838,0.0,0.0007427914837580847,360000.0
10632070,0,0.0,1.0,0.0,1.0,0.0,0.0,0.0,0.0,0.0,0.0,0.0,0.0,0.0,0.0,0.0,1.0,0.0,0.0,0.06326530612244899,0.09090909090909091,0.09090909090909091,0.0,0.0,3,3,1,1,0,0,0,1,0.0,0.03,0.0,245000.0
10632054,0,0.0,0.0,1.0,0.0,0.0,0.0,0.0,0.0,0.0,0.0,1.0,0.0,0.0,0.0,0.0,0.0,0.0,1.0,0.05612244897959184,0.09090909090909091,0.09090909090909091,0.0,0.05555555555555555,0,2,1,1,0,0,0,0,0.0,0.0,0.0,250000.0
10632086,1,0.0,1.0,0.0,0.0,0.0,0.0,1.0,0.0,0.0,0.0,0.0,0.0,0.0,0.0,0.0,0.0,0.0,1.0,0.20510204081632655,0.1818181818181818,0.09090909090909091,0.0,0.1111111111111111,3,3,0,1,0,0,1,0,0.8,0.0,0.00020266286161794658,495000.0
10632084,1,0.0,1.0,0.0,0.0,0.0,0.0,1.0,0.0,0.0,0.0,0.0,0.0,0.0,0.0,0.0,0.0,0.0,1.0,0.2857142857142857,0.36363636363636365,0.36363636363636365,0.0,0.1111111111111111,0,1,0,1,0,0,1,1,0.8,0.6,0.0,790000.0
10632128,0,0.0,1.0,0.0,1.0,0.0,0.0,0.0,0.0,0.0,0.0,0.0,0.0,0.0,0.0,0.0,1.0,0.0,0.0,0.19897959183673472,0.09090909090909091,0.09090909090909091,0.07142857142857142,0.1111111111111111,3,3,1,1,0,0,0,1,0.0,0.12,0.0,875000.0
10632094,0,0.0,1.0,0.0,0.0,0.0,0.0,0.0,0.0,0.0,0.0,0.0,0.0,0.0,1.0,0.0,0.0,0.0,1.0,0.04081632653061225,0.0,0.09090909090909091,0.0,0.05555555555555555,0,3,1,1,0,0,0,1,0.0,0.0,0.0,119500.0
10632130,0,0.0,1.0,0.0,1.0,0.0,0.0,0.0,0.0,0.0,0.0,0.0,0.0,0.0,0.0,0.0,0.0,0.0,1.0,0.08469387755102042,0.09090909090909091,0.09090909090909091,0.0,0.0,0,1,1,1,0,0,0,1,0.0,0.11,0.0,395000.0
10632134,0,0.0,1.0,0.0,1.0,0.0,0.0,0.0,0.0,0.0,0.0,0.0,0.0,0.0,0.0,0.0,0.0,0.0,1.0,0.10918367346938776,0.1818181818181818,0.09090909090909091,0.0,0.05555555555555555,3,2,1,1,0,0,0,1,0.0,0.07,0.0,287000.0
10632150,0,0.0,1.0,0.0,0.0,0.0,0.0,0.0,0.0,0.0,0.0,0.0,0.0,0.0,1.0,0.0,0.0,0.0,1.0,0.05612244897959184,0.09090909090909091,0.0,0.0,0.05555555555555555,3,5,1,0,0,0,0,1,0.0,0.0,0.0,255000.0
10632159,0,0.0,1.0,0.0,0.0,0.0,0.0,0.0,0.0,0.0,0.0,0.0,0.0,0.0,1.0,0.0,0.0,0.0,1.0,0.08571428571428572,0.09090909090909091,0.0,0.0,0.0,1,0,1,0,0,0,0,1,0.0,0.08,0.0,282869.0
10632174,0,0.0,1.0,0.0,1.0,0.0,0.0,0.0,0.0,0.0,0.0,0.0,0.0,0.0,0.0,0.0,1.0,0.0,0.0,0.07142857142857142,0.09090909090909091,0.09090909090909091,0.0,0.0,2,0,0,0,0,0,0,0,0.0,0.0,0.0,295000.0
10632172,0,1.0,0.0,0.0,0.0,1.0,0.0,0.0,0.0,0.0,0.0,0.0,0.0,0.0,0.0,0.0,1.0,0.0,0.0,0.11734693877551022,0.1818181818181818,0.09090909090909091,0.07142857142857142,0.1111111111111111,1,5,1,1,0,0,0,1,0.0,0.16,0.0,560000.0
10632202,0,0.0,1.0,0.0,0.0,0.0,0.0,0.0,0.0,1.0,0.0,0.0,0.0,0.0,0.0,0.0,0.0,0.0,1.0,0.13775510204081634,0.09090909090909091,0.18181818181818182,0.0,0.1111111111111111,3,3,0,0,0,1,0,1,0.0,0.03,0.0,248000.0
10632197,0,0.0,0.0,1.0,0.0,0.0,0.0,0.0,0.0,0.0,1.0,0.0,0.0,0.0,0.0,0.0,1.0,0.0,0.0,0.06326530612244899,0.0,0.09090909090909091,0.0,0.0,4,5,0,1,0,0,0,0,0.0,0.0,0.0,130000.0
10632184,0,0.0,1.0,0.0,1.0,0.0,0.0,0.0,0.0,0.0,0.0,0.0,0.0,0.0,0.0,0.0,0.0,1.0,0.0,0.07551020408163267,0.09090909090909091,0.09090909090909091,0.0,0.0,4,2,1,1,0,0,0,1,0.0,0.03,0.0,189000.0
10632183,0,0.0,1.0,0.0,1.0,0.0,0.0,0.0,0.0,0.0,0.0,0.0,0.0,0.0,0.0,0.0,0.0,0.0,1.0,0.10714285714285715,0.09090909090909091,0.09090909090909091,0.0,0.05555555555555555,1,1,1,1,0,0,0,1,0.0,0.06,0.0,329000.0
10632158,0,0.0,1.0,0.0,0.0,0.0,0.0,0.0,0.0,0.0,0.0,0.0,0.0,0.0,1.0,0.0,0.0,0.0,1.0,0.08265306122448982,0.0,0.0,0.0,0.0,1,0,1,0,0,0,1,1,0.029,0.08,0.0,202061.0
10632219,0,1.0,0.0,0.0,0.0,1.0,0.0,0.0,0.0,0.0,0.0,0.0,0.0,0.0,0.0,1.0,0.0,0.0,0.0,0.07040816326530613,0.09090909090909091,0.09090909090909091,0.0,0.1111111111111111,0,3,0,1,0,0,0,1,0.0,0.06,0.0,375000.0
10632218,0,1.0,0.0,0.0,0.0,1.0,0.0,0.0,0.0,0.0,0.0,0.0,0.0,0.0,0.0,0.0,0.0,0.0,1.0,0.1479591836734694,0.2727272727272727,0.09090909090909091,0.07142857142857142,0.1111111111111111,4,4,1,1,0,0,1,1,0.0,0.26,0.0,535000.0
10632221,0,1.0,0.0,0.0,0.0,1.0,0.0,0.0,0.0,0.0,0.0,0.0,0.0,0.0,0.0,1.0,0.0,0.0,0.0,0.08571428571428572,0.09090909090909091,0.09090909090909091,0.0,0.1111111111111111,0,4,0,1,0,0,0,1,0.0,0.08,0.0,395000.0
10632220,0,1.0,0.0,0.0,0.0,1.0,0.0,0.0,0.0,0.0,0.0,0.0,0.0,0.0,0.0,1.0,0.0,0.0,0.0,0.0816326530612245,0.09090909090909091,0.09090909090909091,0.0,0.1111111111111111,0,3,0,1,0,0,0,1,0.0,0.1,0.0,395000.0
10632251,0,0.0,1.0,0.0,0.0,0.0,1.0,0.0,0.0,0.0,0.0,0.0,0.0,0.0,0.0,0.0,0.0,1.0,0.0,0.09081632653061225,0.1818181818181818,0.09090909090909091,0.0,0.05555555555555555,3,2,1,1,0,0,0,1,0.0,0.18,0.0,175000.0
10632255,0,0.0,1.0,0.0,0.0,0.0,0.0,0.0,0.0,0.0,0.0,0.0,0.0,0.0,1.0,0.0,0.0,0.0,1.0,0.06122448979591837,0.09090909090909091,0.09090909090909091,0.0,0.05555555555555555,0,0,1,1,0,0,0,1,0.0,0.11,0.0,197000.0
10632222,0,1.0,0.0,0.0,0.0,1.0,0.0,0.0,0.0,0.0,0.0,0.0,0.0,0.0,0.0,1.0,0.0,0.0,0.0,0.07244897959183674,0.0,0.09090909090909091,0.0,0.1111111111111111,0,4,0,1,0,0,0,1,0.0,0.2,0.0,345000.0
10632300,0,1.0,0.0,0.0,0.0,1.0,0.0,0.0,0.0,0.0,0.0,0.0,0.0,0.0,0.0,0.0,0.0,0.0,1.0,0.14285714285714288,0.1818181818181818,0.18181818181818182,0.07142857142857142,0.1111111111111111,0,4,1,1,0,0,0,1,0.0,0.0,0.0,650000.0
10632312,0,0.0,1.0,0.0,0.0,0.0,0.0,0.0,0.0,0.0,0.0,0.0,0.0,0.0,1.0,0.0,0.0,0.0,1.0,0.057142857142857155,0.09090909090909091,0.09090909090909091,0.0,0.05555555555555555,3,2,1,0,0,0,0,1,0.0,0.15,0.0,375000.0
10632314,0,0.0,1.0,0.0,0.0,0.0,0.0,0.0,0.0,0.0,0.0,0.0,0.0,0.0,1.0,0.0,0.0,1.0,0.0,0.14489795918367349,0.09090909090909091,0.18181818181818182,0.0,0.05555555555555555,1,2,0,0,0,0,0,1,0.0,0.66,0.0,1125000.0
10632326,0,0.0,1.0,0.0,0.0,0.0,0.0,0.0,0.0,0.0,0.0,0.0,0.0,0.0,1.0,0.0,0.0,1.0,0.0,0.025510204081632654,0.0,0.09090909090909091,0.0,0.0,1,2,0,0,0,0,0,1,0.0,0.03,0.0,535000.0
10632327,0,0.0,1.0,0.0,0.0,0.0,0.0,0.0,0.0,0.0,0.0,0.0,0.0,0.0,1.0,0.0,0.0,1.0,0.0,0.06224489795918368,0.09090909090909091,0.18181818181818182,0.0,0.0,3,3,1,0,0,0,0,0,0.0,0.0,0.0,775000.0
10632359,0,0.0,1.0,0.0,1.0,0.0,0.0,0.0,0.0,0.0,0.0,0.0,0.0,0.0,0.0,0.0,0.0,0.0,1.0,0.04081632653061225,0.0,0.09090909090909091,0.0,0.05555555555555555,3,6,0,1,0,0,0,0,0.0,0.0,0.0,169000.0
10632377,0,0.0,1.0,0.0,1.0,0.0,0.0,0.0,0.0,0.0,0.0,0.0,0.0,0.0,0.0,0.0,0.0,0.0,1.0,0.08673469387755103,0.09090909090909091,0.09090909090909091,0.0,0.05555555555555555,3,2,0,0,0,0,0,0,0.0,0.0,0.0,292500.0
10632378,0,0.0,1.0,0.0,0.0,0.0,1.0,0.0,0.0,0.0,0.0,0.0,0.0,0.0,0.0,0.0,0.0,0.0,1.0,0.042857142857142864,0.09090909090909091,0.09090909090909091,0.0,0.05555555555555555,3,1,1,0,0,0,0,1,0.0,0.0,0.0,249000.0
10632366,0,0.0,1.0,0.0,0.0,0.0,1.0,0.0,0.0,0.0,0.0,0.0,0.0,0.0,0.0,1.0,0.0,0.0,0.0,0.04387755102040817,0.0,0.09090909090909091,0.0,0.05555555555555555,0,2,0,0,0,0,0,0,0.0,0.0,0.0,263000.0
10632360,0,0.0,1.0,0.0,0.0,0.0,0.0,0.0,0.0,0.0,0.0,0.0,0.0,0.0,1.0,0.0,0.0,1.0,0.0,0.042857142857142864,0.09090909090909091,0.0,0.0,0.05555555555555555,3,5,0,0,0,0,0,0,0.0,0.0,0.0,146000.0
10632380,0,1.0,0.0,0.0,0.0,1.0,0.0,0.0,0.0,0.0,0.0,0.0,0.0,0.0,0.0,0.0,1.0,0.0,0.0,0.10204081632653061,0.09090909090909091,0.09090909090909091,0.0,0.0,6,7,0,0,0,0,1,0,0.05,0.0,0.0,385000.0
10632395,0,0.0,1.0,0.0,1.0,0.0,0.0,0.0,0.0,0.0,0.0,0.0,0.0,0.0,0.0,0.0,0.0,1.0,0.0,0.031632653061224494,0.0,0.09090909090909091,0.0,0.05555555555555555,3,3,0,0,0,0,0,1,0.0,0.28,0.0,199000.0
10632417,0,0.0,1.0,0.0,0.0,0.0,0.0,0.0,0.0,0.0,0.0,0.0,0.0,0.0,1.0,0.0,0.0,0.0,1.0,0.02755102040816327,0.0,0.09090909090909091,0.0,0.05555555555555555,0,5,0,1,0,0,0,0,0.0,0.0,0.0,205000.0
10632419,0,0.0,1.0,0.0,0.0,0.0,0.0,0.0,0.0,0.0,0.0,0.0,0.0,0.0,1.0,0.0,0.0,0.0,1.0,0.20000000000000004,0.1818181818181818,0.09090909090909091,0.0,0.1111111111111111,0,4,1,1,0,0,0,1,0.0,0.0,0.0,575000.0
10632388,0,0.0,1.0,0.0,1.0,0.0,0.0,0.0,0.0,0.0,0.0,0.0,0.0,0.0,0.0,0.0,1.0,0.0,0.0,0.09081632653061225,0.09090909090909091,0.09090909090909091,0.0,0.05555555555555555,3,1,1,1,0,0,0,1,0.0,0.1,0.0,339000.0
10632406,0,0.0,1.0,0.0,1.0,0.0,0.0,0.0,0.0,0.0,0.0,0.0,0.0,0.0,0.0,0.0,0.0,1.0,0.0,0.05510204081632653,0.09090909090909091,0.09090909090909091,0.0,0.05555555555555555,0,3,0,1,0,0,0,1,0.0,0.02,0.0,189000.0
10632443,0,0.0,1.0,0.0,0.0,0.0,0.0,0.0,0.0,1.0,0.0,0.0,0.0,0.0,0.0,0.0,0.0,1.0,0.0,0.06122448979591837,0.0,0.09090909090909091,0.0,0.05555555555555555,3,2,1,1,0,0,0,1,0.0,0.0,0.0,169000.0
10632453,0,0.0,1.0,0.0,1.0,0.0,0.0,0.0,0.0,0.0,0.0,0.0,0.0,0.0,0.0,0.0,0.0,0.0,1.0,0.0816326530612245,0.09090909090909091,0.09090909090909091,0.0,0.05555555555555555,2,1,0,1,0,0,0,1,0.0,0.06,0.0,329900.0
10632454,0,0.0,1.0,0.0,1.0,0.0,0.0,0.0,0.0,0.0,0.0,0.0,0.0,0.0,0.0,0.0,0.0,0.0,1.0,0.0816326530612245,0.1818181818181818,0.09090909090909091,0.0,0.1111111111111111,2,1,0,1,0,0,0,1,0.0,0.06,0.0,339900.0
10632457,0,0.0,0.0,1.0,0.0,0.0,0.0,0.0,0.0,0.0,1.0,0.0,0.0,0.0,0.0,0.0,0.0,0.0,1.0,0.04081632653061225,0.0,0.0,0.07142857142857142,0.05555555555555555,0,5,0,1,0,0,1,1,0.133,0.17,0.0,135000.0
10632455,0,0.0,1.0,0.0,1.0,0.0,0.0,0.0,0.0,0.0,0.0,0.0,0.0,0.0,0.0,0.0,0.0,0.0,1.0,0.0816326530612245,0.09090909090909091,0.09090909090909091,0.0,0.05555555555555555,2,1,0,1,0,0,0,1,0.0,0.06,0.0,329900.0
10632470,0,0.0,0.0,1.0,0.0,0.0,0.0,0.0,0.0,0.0,1.0,0.0,0.0,0.0,0.0,0.0,0.0,0.0,1.0,0.0673469387755102,0.09090909090909091,0.09090909090909091,0.0,0.05555555555555555,0,1,0,1,0,0,0,1,0.0,0.16,0.0,254500.0
10632468,0,0.0,0.0,1.0,0.0,0.0,0.0,0.0,0.0,0.0,1.0,0.0,0.0,0.0,0.0,0.0,0.0,0.0,1.0,0.07448979591836735,0.09090909090909091,0.09090909090909091,0.0,0.1111111111111111,0,1,0,1,0,0,0,1,0.0,0.18,0.0,262500.0
10632469,0,0.0,0.0,1.0,0.0,0.0,0.0,0.0,0.0,0.0,1.0,0.0,0.0,0.0,0.0,0.0,0.0,0.0,1.0,0.07040816326530613,0.09090909090909091,0.09090909090909091,0.0,0.1111111111111111,0,1,0,1,0,0,0,1,0.0,0.16,0.0,262500.0
10632478,0,0.0,0.0,1.0,0.0,0.0,0.0,0.0,0.0,0.0,1.0,0.0,0.0,0.0,0.0,0.0,1.0,0.0,0.0,0.0326530612244898,0.0,0.0,0.07142857142857142,0.05555555555555555,0,0,1,1,0,0,0,0,0.0,0.0,0.0,190000.0
10632473,0,0.0,0.0,1.0,0.0,0.0,0.0,0.0,0.0,0.0,1.0,0.0,0.0,0.0,0.0,0.0,0.0,0.0,1.0,0.0673469387755102,0.09090909090909091,0.09090909090909091,0.0,0.05555555555555555,0,1,0,1,0,0,0,1,0.0,0.16,0.0,259000.0
10632472,0,0.0,0.0,1.0,0.0,0.0,0.0,0.0,0.0,0.0,1.0,0.0,0.0,0.0,0.0,0.0,0.0,0.0,1.0,0.07040816326530613,0.09090909090909091,0.09090909090909091,0.0,0.05555555555555555,0,1,0,1,0,0,0,1,0.0,0.16,0.0,269000.0
10632479,0,0.0,0.0,1.0,0.0,0.0,0.0,0.0,0.0,0.0,1.0,0.0,0.0,0.0,0.0,0.0,1.0,0.0,0.0,0.034693877551020415,0.0,0.0,0.07142857142857142,0.05555555555555555,0,0,1,1,0,0,0,0,0.0,0.0,0.0,195000.0
10632480,0,0.0,0.0,1.0,0.0,0.0,0.0,0.0,0.0,0.0,1.0,0.0,0.0,0.0,0.0,0.0,1.0,0.0,0.0,0.03877551020408163,0.0,0.0,0.07142857142857142,0.05555555555555555,0,0,1,1,0,0,0,0,0.0,0.0,0.0,208000.0
10632486,0,0.0,0.0,1.0,0.0,0.0,0.0,0.0,0.0,0.0,1.0,0.0,0.0,0.0,0.0,0.0,1.0,0.0,0.0,0.04387755102040817,0.0,0.0,0.07142857142857142,0.05555555555555555,0,0,1,1,0,0,0,0,0.0,0.0,0.0,225000.0
10632481,0,0.0,0.0,1.0,0.0,0.0,0.0,0.0,0.0,0.0,1.0,0.0,0.0,0.0,0.0,0.0,1.0,0.0,0.0,0.034693877551020415,0.0,0.0,0.07142857142857142,0.05555555555555555,0,1,1,1,0,0,0,0,0.0,0.0,0.0,195000.0
10632490,0,0.0,0.0,1.0,0.0,0.0,0.0,0.0,0.0,0.0,1.0,0.0,0.0,0.0,0.0,0.0,1.0,0.0,0.0,0.07653061224489796,0.09090909090909091,0.0,0.07142857142857142,0.05555555555555555,0,0,1,1,0,0,0,0,0.0,0.0,0.0,320000.0
10632482,0,0.0,0.0,1.0,0.0,0.0,0.0,0.0,0.0,0.0,1.0,0.0,0.0,0.0,0.0,0.0,1.0,0.0,0.0,0.06122448979591837,0.09090909090909091,0.0,0.14285714285714285,0.05555555555555555,0,1,1,1,0,0,0,1,0.0,0.04,0.0,285000.0
10632483,0,0.0,0.0,1.0,0.0,0.0,0.0,0.0,0.0,0.0,1.0,0.0,0.0,0.0,0.0,0.0,1.0,0.0,0.0,0.04591836734693878,0.0,0.0,0.07142857142857142,0.05555555555555555,0,0,1,1,0,0,0,0,0.0,0.0,0.0,230000.0
10632494,0,0.0,0.0,1.0,0.0,0.0,0.0,0.0,0.0,0.0,1.0,0.0,0.0,0.0,0.0,0.0,1.0,0.0,0.0,0.042857142857142864,0.0,0.0,0.07142857142857142,0.05555555555555555,0,0,1,1,0,0,0,0,0.0,0.0,0.0,225000.0
10239279,0,0.0,1.0,0.0,0.0,0.0,0.0,0.0,0.0,0.0,0.0,0.0,0.0,0.0,1.0,0.0,0.0,0.0,1.0,0.04591836734693878,0.09090909090909091,0.0,0.0,0.05555555555555555,3,2,0,0,0,0,0,0,0.0,0.0,0.0,190000.0
10632529,0,0.0,1.0,0.0,0.0,0.0,0.0,1.0,0.0,0.0,0.0,0.0,0.0,0.0,0.0,0.0,0.0,0.0,1.0,0.0836734693877551,0.09090909090909091,0.09090909090909091,0.0,0.05555555555555555,1,0,1,1,0,0,0,1,0.0,0.07,0.0,339000.0
10632528,0,0.0,1.0,0.0,0.0,0.0,0.0,1.0,0.0,0.0,0.0,0.0,0.0,0.0,0.0,0.0,0.0,0.0,1.0,0.07040816326530613,0.0,0.09090909090909091,0.0,0.05555555555555555,1,0,1,1,0,0,1,1,0.061,0.27,0.0,313700.0
10632530,0,0.0,1.0,0.0,0.0,0.0,0.0,1.0,0.0,0.0,0.0,0.0,0.0,0.0,0.0,0.0,0.0,0.0,1.0,0.09387755102040818,0.09090909090909091,0.09090909090909091,0.0,0.05555555555555555,3,1,1,1,0,0,0,1,0.0,0.12,0.0,289500.0
10632564,0,0.0,1.0,0.0,0.0,0.0,0.0,0.0,0.0,0.0,0.0,0.0,0.0,0.0,1.0,0.0,0.0,0.0,1.0,0.026530612244897965,0.0,0.0,0.07142857142857142,0.05555555555555555,3,2,1,0,0,0,0,0,0.0,0.0,0.0,239000.0
10632561,0,0.0,1.0,0.0,0.0,0.0,1.0,0.0,0.0,0.0,0.0,0.0,0.0,0.0,0.0,1.0,0.0,0.0,0.0,0.113265306122449,0.1818181818181818,0.18181818181818182,0.0,0.1111111111111111,3,1,1,0,0,0,0,1,0.0,0.0,0.0,448000.0
10632563,0,0.0,0.0,1.0,0.0,0.0,0.0,0.0,0.0,0.0,0.0,0.0,1.0,0.0,0.0,1.0,0.0,0.0,0.0,0.07755102040816328,0.09090909090909091,0.0,0.07142857142857142,0.05555555555555555,3,3,0,1,0,0,0,0,0.0,0.0,0.0,158000.0
10632566,0,1.0,0.0,0.0,0.0,1.0,0.0,0.0,0.0,0.0,0.0,0.0,0.0,0.0,0.0,0.0,1.0,0.0,0.0,0.09387755102040818,0.09090909090909091,0.09090909090909091,0.0,0.05555555555555555,3,6,1,1,0,0,0,1,0.0,0.0,0.0,345000.0
10632588,0,0.0,1.0,0.0,1.0,0.0,0.0,0.0,0.0,0.0,0.0,0.0,0.0,0.0,0.0,0.0,1.0,0.0,0.0,0.05816326530612246,0.09090909090909091,0.09090909090909091,0.0,0.0,5,6,0,0,0,0,0,1,0.0,0.0,0.0,139000.0
10632584,0,1.0,0.0,0.0,0.0,1.0,0.0,0.0,0.0,0.0,0.0,0.0,0.0,0.0,0.0,0.0,1.0,0.0,0.0,0.13367346938775512,0.1818181818181818,0.18181818181818182,0.0,0.1111111111111111,0,4,0,0,0,0,0,1,0.0,0.26,0.0,545000.0
10632609,0,0.0,1.0,0.0,0.0,0.0,0.0,0.0,0.0,0.0,0.0,0.0,0.0,0.0,1.0,0.0,0.0,0.0,1.0,0.059183673469387764,0.09090909090909091,0.09090909090909091,0.0,0.05555555555555555,1,0,1,0,0,0,0,1,0.0,0.0,0.0,264000.0
10632611,0,0.0,1.0,0.0,0.0,0.0,0.0,0.0,0.0,0.0,0.0,0.0,0.0,0.0,1.0,0.0,0.0,0.0,1.0,0.08571428571428572,0.09090909090909091,0.18181818181818182,0.0,0.0,1,2,1,0,0,0,0,1,0.0,0.0,0.0,449000.0
10632594,0,1.0,0.0,0.0,0.0,1.0,0.0,0.0,0.0,0.0,0.0,0.0,0.0,0.0,0.0,0.0,1.0,0.0,0.0,0.07142857142857142,0.09090909090909091,0.09090909090909091,0.0,0.1111111111111111,3,0,0,0,0,0,0,1,0.0,0.1,0.0,259000.0
10632617,0,0.0,1.0,0.0,0.0,0.0,0.0,0.0,0.0,0.0,0.0,0.0,0.0,0.0,1.0,0.0,0.0,0.0,1.0,0.04081632653061225,0.0,0.0,0.0,0.0,3,3,0,0,0,0,0,0,0.0,0.0,0.0,119500.0
10632618,0,0.0,1.0,0.0,1.0,0.0,0.0,0.0,0.0,0.0,0.0,0.0,0.0,0.0,0.0,0.0,1.0,0.0,0.0,0.11836734693877551,0.09090909090909091,0.09090909090909091,0.0,0.1111111111111111,0,0,0,1,0,0,1,1,0.09,0.25,0.0,599000.0
10632631,0,0.0,1.0,0.0,0.0,0.0,0.0,0.0,0.0,0.0,0.0,0.0,0.0,0.0,1.0,0.0,0.0,0.0,1.0,0.09489795918367347,0.1818181818181818,0.09090909090909091,0.0,0.1111111111111111,5,2,1,0,0,0,0,1,0.0,0.0,0.0,660000.0
10632629,0,0.0,1.0,0.0,0.0,0.0,0.0,0.0,0.0,0.0,0.0,0.0,0.0,0.0,1.0,0.0,0.0,0.0,1.0,0.031632653061224494,0.09090909090909091,0.09090909090909091,0.0,0.05555555555555555,3,5,0,1,0,0,0,0,0.0,0.0,0.0,119000.0
10501562,0,0.0,0.0,1.0,0.0,0.0,0.0,0.0,0.0,0.0,1.0,0.0,0.0,0.0,0.0,0.0,0.0,0.0,1.0,0.0653061224489796,0.0,0.09090909090909091,0.0,0.0,0,2,1,1,0,0,0,1,0.0,0.13,0.0,199000.0
10632639,0,0.0,1.0,0.0,0.0,0.0,0.0,0.0,0.0,0.0,0.0,0.0,0.0,0.0,1.0,0.0,0.0,0.0,1.0,0.0326530612244898,0.0,0.09090909090909091,0.0,0.05555555555555555,5,3,1,0,0,0,0,1,0.0,0.0,0.0,232000.0
10632643,0,0.0,1.0,0.0,0.0,0.0,0.0,0.0,0.0,0.0,0.0,0.0,0.0,0.0,1.0,0.0,0.0,0.0,1.0,0.08673469387755103,0.1818181818181818,0.09090909090909091,0.0,0.05555555555555555,4,3,1,0,0,0,0,0,0.0,0.0,0.0,399000.0
10632672,0,0.0,1.0,0.0,1.0,0.0,0.0,0.0,0.0,0.0,0.0,0.0,0.0,0.0,0.0,0.0,0.0,1.0,0.0,0.07142857142857142,0.09090909090909091,0.09090909090909091,0.0,0.0,4,3,0,0,0,0,0,0,0.0,0.0,0.0,160000.0
10632694,0,0.0,1.0,0.0,0.0,0.0,0.0,0.0,0.0,0.0,0.0,0.0,0.0,0.0,1.0,0.0,0.0,1.0,0.0,0.24693877551020413,0.1818181818181818,0.09090909090909091,0.0,0.05555555555555555,1,0,0,0,0,0,1,1,0.0,0.0,0.0,432000.0
10632729,0,0.0,1.0,0.0,0.0,0.0,0.0,0.0,0.0,0.0,0.0,0.0,0.0,0.0,1.0,0.0,0.0,0.0,1.0,0.0326530612244898,0.0,0.09090909090909091,0.0,0.05555555555555555,1,0,0,0,0,0,0,0,0.0,0.0,0.0,245000.0
10501627,1,0.0,1.0,0.0,0.0,0.0,0.0,0.0,0.0,0.0,0.0,0.0,0.0,0.0,1.0,0.0,0.0,0.0,1.0,0.1785714285714286,0.1818181818181818,0.09090909090909091,0.0,0.0,3,4,0,0,0,0,0,1,0.0,0.16,0.0009170265231581294,395000.0
10632741,0,0.0,1.0,0.0,0.0,0.0,1.0,0.0,0.0,0.0,0.0,0.0,0.0,0.0,0.0,1.0,0.0,0.0,0.0,0.0653061224489796,0.09090909090909091,0.09090909090909091,0.0,0.05555555555555555,1,2,1,0,0,0,0,1,0.0,0.02,0.0,259000.0
10632745,0,0.0,1.0,0.0,0.0,0.0,0.0,0.0,0.0,1.0,0.0,0.0,0.0,0.0,0.0,0.0,0.0,0.0,1.0,0.11836734693877551,0.09090909090909091,0.0,0.0,0.0,0,0,0,0,0,0,0,0,0.0,0.0,0.0,245000.0
10632747,0,1.0,0.0,0.0,0.0,1.0,0.0,0.0,0.0,0.0,0.0,0.0,0.0,0.0,0.0,0.0,1.0,0.0,0.0,0.07959183673469389,0.09090909090909091,0.09090909090909091,0.0,0.0,3,7,0,0,0,0,0,1,0.0,0.03,0.0,230000.0
10632748,0,1.0,0.0,0.0,0.0,1.0,0.0,0.0,0.0,0.0,0.0,0.0,0.0,0.0,0.0,0.0,1.0,0.0,0.0,0.06122448979591837,0.0,0.09090909090909091,0.0,0.0,4,0,0,0,0,0,0,0,0.0,0.0,0.0,190000.0
10632755,0,0.0,1.0,0.0,1.0,0.0,0.0,0.0,0.0,0.0,0.0,0.0,0.0,0.0,0.0,1.0,0.0,0.0,0.0,0.051020408163265314,0.09090909090909091,0.09090909090909091,0.0,0.0,2,0,1,0,0,0,1,0,0.022,0.0,0.0,325000.0
10632756,0,0.0,1.0,0.0,1.0,0.0,0.0,0.0,0.0,0.0,0.0,0.0,0.0,0.0,0.0,0.0,1.0,0.0,0.0,0.06632653061224492,0.09090909090909091,0.09090909090909091,0.0,0.0,0,3,1,0,0,0,0,1,0.0,0.09,0.0,249000.0
10632760,0,0.0,1.0,0.0,1.0,0.0,0.0,0.0,0.0,0.0,0.0,0.0,0.0,0.0,0.0,1.0,0.0,0.0,0.0,0.030612244897959183,0.0,0.09090909090909091,0.0,0.0,0,6,0,0,0,0,0,1,0.0,0.09,0.0,239500.0
10632759,0,0.0,1.0,0.0,1.0,0.0,0.0,0.0,0.0,0.0,0.0,0.0,0.0,0.0,0.0,0.0,1.0,0.0,0.0,0.04693877551020408,0.0,0.09090909090909091,0.0,0.0,0,2,0,0,0,0,0,1,0.0,0.04,0.0,325000.0
10632758,0,0.0,1.0,0.0,1.0,0.0,0.0,0.0,0.0,0.0,0.0,0.0,0.0,0.0,0.0,0.0,0.0,0.0,1.0,0.04795918367346939,0.0,0.09090909090909091,0.0,0.0,0,3,0,0,0,0,0,1,0.0,0.27,0.0,195000.0
10632763,0,0.0,1.0,0.0,1.0,0.0,0.0,0.0,0.0,0.0,0.0,0.0,0.0,0.0,0.0,0.0,1.0,0.0,0.0,0.020408163265306124,0.0,0.09090909090909091,0.0,0.0,0,1,0,0,0,0,0,0,0.0,0.0,0.0,182000.0
10632752,0,0.0,1.0,0.0,1.0,0.0,0.0,0.0,0.0,0.0,0.0,0.0,0.0,0.0,0.0,0.0,0.0,0.0,1.0,0.09693877551020408,0.09090909090909091,0.09090909090909091,0.0,0.05555555555555555,3,2,1,1,0,0,1,0,0.0,0.0,0.0,249000.0
10632766,0,0.0,1.0,0.0,0.0,0.0,1.0,0.0,0.0,0.0,0.0,0.0,0.0,0.0,0.0,0.0,0.0,0.0,1.0,0.09591836734693879,0.09090909090909091,0.09090909090909091,0.0,0.05555555555555555,0,1,0,0,0,0,0,1,0.0,0.0,0.0,410000.0
10632773,0,0.0,1.0,0.0,0.0,0.0,0.0,0.0,0.0,0.0,0.0,0.0,0.0,0.0,1.0,0.0,0.0,1.0,0.0,0.15918367346938778,0.1818181818181818,0.09090909090909091,0.0,0.1111111111111111,0,1,0,0,0,0,0,0,0.0,0.0,0.0,555000.0
10632774,0,0.0,1.0,0.0,0.0,0.0,0.0,0.0,0.0,0.0,0.0,0.0,0.0,0.0,1.0,0.0,0.0,1.0,0.0,0.08877551020408164,0.09090909090909091,0.09090909090909091,0.0,0.05555555555555555,0,0,0,0,0,0,1,1,0.0,0.0,0.0,306443.0
10632778,0,0.0,1.0,0.0,1.0,0.0,0.0,0.0,0.0,0.0,0.0,0.0,0.0,0.0,0.0,0.0,0.0,1.0,0.0,0.08571428571428572,0.09090909090909091,0.09090909090909091,0.0,0.0,0,0,1,0,0,0,1,1,0.0,0.07,0.0,238000.0
10632796,0,0.0,1.0,0.0,1.0,0.0,0.0,0.0,0.0,0.0,0.0,0.0,0.0,0.0,0.0,0.0,1.0,0.0,0.0,0.04591836734693878,0.0,0.09090909090909091,0.0,0.0,2,2,0,0,0,0,0,0,0.0,0.0,0.0,186000.0
10632787,1,0.0,1.0,0.0,1.0,0.0,0.0,0.0,0.0,0.0,0.0,0.0,0.0,0.0,0.0,0.0,0.0,0.0,1.0,0.22040816326530616,0.36363636363636365,0.18181818181818182,0.0,0.16666666666666666,0,3,0,0,0,0,1,0,0.0,0.0,0.0004135789619443163,449900.0
10632834,0,0.0,1.0,0.0,0.0,0.0,0.0,0.0,0.0,0.0,0.0,0.0,0.0,0.0,1.0,0.0,0.0,0.0,1.0,0.07653061224489796,0.1818181818181818,0.09090909090909091,0.0,0.0,0,2,1,0,0,0,0,1,0.0,0.9,0.0,595000.0
10108555,0,0.0,1.0,0.0,0.0,0.0,1.0,0.0,0.0,0.0,0.0,0.0,0.0,0.0,0.0,0.0,0.0,1.0,0.0,0.08673469387755103,0.1818181818181818,0.18181818181818182,0.0,0.05555555555555555,3,2,1,0,0,0,0,1,0.0,0.0,0.0,375000.0
10632852,0,0.0,1.0,0.0,0.0,0.0,0.0,0.0,0.0,0.0,0.0,0.0,0.0,0.0,1.0,0.0,0.0,1.0,0.0,0.04591836734693878,0.0,0.09090909090909091,0.0,0.05555555555555555,3,2,0,0,0,0,0,0,0.0,0.0,0.0,150000.0
10632884,0,0.0,1.0,0.0,0.0,0.0,1.0,0.0,0.0,0.0,0.0,0.0,0.0,0.0,0.0,0.0,0.0,1.0,0.0,0.08469387755102042,0.09090909090909091,0.09090909090909091,0.0,0.05555555555555555,0,1,1,0,0,0,1,1,0.0,0.18,0.0,282500.0
10632863,0,0.0,1.0,0.0,1.0,0.0,0.0,0.0,0.0,0.0,0.0,0.0,0.0,0.0,0.0,1.0,0.0,0.0,0.0,0.15306122448979595,0.09090909090909091,0.09090909090909091,0.0,0.05555555555555555,0,3,0,0,0,0,1,1,0.0,0.1,0.0,595000.0
10632857,0,0.0,1.0,0.0,0.0,0.0,0.0,0.0,0.0,0.0,0.0,0.0,0.0,0.0,1.0,0.0,0.0,0.0,1.0,0.06428571428571428,0.09090909090909091,0.09090909090909091,0.0,0.05555555555555555,3,4,1,0,0,0,0,1,0.0,0.0,0.0,345000.0
10501826,0,0.0,0.0,1.0,0.0,0.0,0.0,0.0,0.0,0.0,0.0,0.0,1.0,0.0,0.0,0.0,0.0,1.0,0.0,0.11734693877551022,0.1818181818181818,0.18181818181818182,0.0,0.1111111111111111,0,2,1,0,0,0,0,1,0.0,0.06,0.0,320000.0
10632868,0,1.0,0.0,0.0,0.0,1.0,0.0,0.0,0.0,0.0,0.0,0.0,0.0,0.0,0.0,0.0,1.0,0.0,0.0,0.08877551020408164,0.1818181818181818,0.09090909090909091,0.0,0.05555555555555555,1,3,0,0,0,0,0,0,0.0,0.0,0.0,249000.0
10632919,0,0.0,1.0,0.0,0.0,0.0,0.0,0.0,0.0,0.0,0.0,0.0,0.0,0.0,1.0,0.0,0.0,0.0,1.0,0.07346938775510206,0.09090909090909091,0.09090909090909091,0.0,0.05555555555555555,0,1,1,0,0,0,0,1,0.0,0.13,0.0,264476.0
10632920,0,0.0,1.0,0.0,0.0,0.0,0.0,0.0,0.0,0.0,0.0,0.0,0.0,0.0,1.0,0.0,0.0,0.0,1.0,0.09591836734693879,0.09090909090909091,0.09090909090909091,0.0,0.05555555555555555,0,1,1,0,0,0,0,1,0.0,0.61,0.0,407992.0
10632921,0,0.0,1.0,0.0,0.0,0.0,1.0,0.0,0.0,0.0,0.0,0.0,0.0,0.0,0.0,0.0,1.0,0.0,0.0,0.06326530612244899,0.09090909090909091,0.09090909090909091,0.0,0.05555555555555555,0,0,0,0,0,0,0,0,0.0,0.0,0.0,325500.0
10632933,0,0.0,1.0,0.0,0.0,0.0,0.0,0.0,0.0,0.0,0.0,0.0,0.0,0.0,1.0,0.0,1.0,0.0,0.0,0.06122448979591837,0.0,0.09090909090909091,0.0,0.05555555555555555,0,2,1,0,0,0,1,1,0.0,0.0,0.0,275000.0
10632944,0,0.0,1.0,0.0,0.0,0.0,0.0,0.0,0.0,0.0,0.0,0.0,0.0,0.0,1.0,0.0,0.0,0.0,1.0,0.020408163265306124,0.0,0.09090909090909091,0.0,0.05555555555555555,1,3,1,0,0,0,0,1,0.0,0.0,0.0,350000.0
10632943,0,1.0,0.0,0.0,0.0,1.0,0.0,0.0,0.0,0.0,0.0,0.0,0.0,0.0,0.0,1.0,0.0,0.0,0.0,0.0326530612244898,0.0,0.09090909090909091,0.0,0.05555555555555555,1,5,1,0,0,0,0,0,0.0,0.0,0.0,235000.0
10632969,0,0.0,1.0,0.0,1.0,0.0,0.0,0.0,0.0,0.0,0.0,0.0,0.0,0.0,0.0,0.0,0.0,1.0,0.0,0.0836734693877551,0.09090909090909091,0.09090909090909091,0.0,0.05555555555555555,1,2,1,0,0,0,1,1,0.0,0.0,0.0,185000.0
10632966,0,0.0,1.0,0.0,0.0,0.0,1.0,0.0,0.0,0.0,0.0,0.0,0.0,0.0,0.0,0.0,0.0,0.0,1.0,0.08469387755102042,0.0,0.09090909090909091,0.0,0.05555555555555555,1,1,0,0,0,0,0,1,0.0,0.72,0.0,308000.0
10632949,0,0.0,1.0,0.0,0.0,0.0,1.0,0.0,0.0,0.0,0.0,0.0,0.0,0.0,0.0,0.0,0.0,1.0,0.0,0.1602040816326531,0.1818181818181818,0.18181818181818182,0.0,0.05555555555555555,1,2,1,0,0,0,1,1,0.0,0.38,0.0,595000.0
10632979,0,0.0,1.0,0.0,0.0,0.0,0.0,0.0,0.0,0.0,0.0,0.0,0.0,0.0,1.0,0.0,0.0,1.0,0.0,0.18877551020408165,0.2727272727272727,0.0,0.0,0.1111111111111111,0,2,0,0,0,0,0,1,0.0,0.0,0.0,320000.0
10632985,0,0.0,1.0,0.0,0.0,0.0,1.0,0.0,0.0,0.0,0.0,0.0,0.0,0.0,0.0,0.0,0.0,1.0,0.0,0.09183673469387757,0.09090909090909091,0.09090909090909091,0.0,0.0,0,0,0,0,0,0,0,1,0.0,0.13,0.0,397653.0
10632987,0,0.0,1.0,0.0,0.0,0.0,1.0,0.0,0.0,0.0,0.0,0.0,0.0,0.0,0.0,0.0,0.0,1.0,0.0,0.07857142857142857,0.09090909090909091,0.09090909090909091,0.0,0.0,0,0,0,0,0,0,0,1,0.0,0.09,0.0,339365.0
10632986,0,0.0,1.0,0.0,0.0,0.0,1.0,0.0,0.0,0.0,0.0,0.0,0.0,0.0,0.0,0.0,0.0,1.0,0.0,0.10714285714285715,0.1818181818181818,0.09090909090909091,0.0,0.0,0,0,0,0,0,0,0,1,0.0,0.13,0.0,414329.0
10632988,0,0.0,1.0,0.0,0.0,0.0,1.0,0.0,0.0,0.0,0.0,0.0,0.0,0.0,0.0,0.0,0.0,1.0,0.0,0.07959183673469389,0.09090909090909091,0.09090909090909091,0.0,0.0,0,0,0,0,0,0,0,1,0.0,0.09,0.0,343505.0
10632989,0,0.0,1.0,0.0,0.0,0.0,1.0,0.0,0.0,0.0,0.0,0.0,0.0,0.0,0.0,0.0,0.0,1.0,0.0,0.10714285714285715,0.1818181818181818,0.09090909090909091,0.0,0.0,0,0,0,0,0,0,0,1,0.0,0.13,0.0,410157.0
10632992,0,0.0,1.0,0.0,0.0,0.0,1.0,0.0,0.0,0.0,0.0,0.0,0.0,0.0,0.0,0.0,0.0,1.0,0.0,0.07959183673469389,0.09090909090909091,0.09090909090909091,0.0,0.0,0,0,0,0,0,0,0,1,0.0,0.09,0.0,335197.0
10632996,0,0.0,1.0,0.0,0.0,0.0,0.0,0.0,0.0,0.0,0.0,0.0,0.0,0.0,1.0,0.0,0.0,0.0,1.0,0.026530612244897965,0.0,0.09090909090909091,0.0,0.0,1,3,1,0,0,0,0,0,0.0,0.0,0.0,165000.0
10632990,0,0.0,1.0,0.0,0.0,0.0,1.0,0.0,0.0,0.0,0.0,0.0,0.0,0.0,0.0,0.0,0.0,1.0,0.0,0.07959183673469389,0.09090909090909091,0.09090909090909091,0.0,0.0,0,0,0,0,0,0,0,1,0.0,0.09,0.0,368370.0
10632991,0,0.0,1.0,0.0,0.0,0.0,1.0,0.0,0.0,0.0,0.0,0.0,0.0,0.0,0.0,0.0,0.0,1.0,0.0,0.09183673469387757,0.09090909090909091,0.09090909090909091,0.0,0.0,0,0,0,0,0,0,0,1,0.0,0.13,0.0,389344.0
10633000,0,0.0,1.0,0.0,0.0,0.0,0.0,1.0,0.0,0.0,0.0,0.0,0.0,0.0,0.0,0.0,0.0,0.0,1.0,0.02959183673469388,0.0,0.09090909090909091,0.0,0.05555555555555555,3,4,1,0,0,0,0,1,0.0,0.04,0.0,148000.0
10633018,0,1.0,0.0,0.0,0.0,1.0,0.0,0.0,0.0,0.0,0.0,0.0,0.0,0.0,0.0,0.0,1.0,0.0,0.0,0.0979591836734694,0.1818181818181818,0.09090909090909091,0.0,0.05555555555555555,3,1,1,0,0,0,0,1,0.0,0.02,0.0,289000.0
10633010,0,1.0,0.0,0.0,0.0,1.0,0.0,0.0,0.0,0.0,0.0,0.0,0.0,0.0,0.0,0.0,1.0,0.0,0.0,0.02755102040816327,0.0,0.09090909090909091,0.07142857142857142,0.05555555555555555,0,0,1,0,0,0,0,1,0.0,0.6,0.0,350000.0
10633050,0,0.0,1.0,0.0,0.0,0.0,0.0,0.0,0.0,1.0,0.0,0.0,0.0,0.0,0.0,0.0,0.0,1.0,0.0,0.05612244897959184,0.0,0.09090909090909091,0.0,0.0,1,0,0,0,0,0,1,1,0.013000000000000001,0.16,0.0,242013.0
10633046,0,1.0,0.0,0.0,0.0,1.0,0.0,0.0,0.0,0.0,0.0,0.0,0.0,0.0,0.0,0.0,1.0,0.0,0.0,0.10714285714285715,0.09090909090909091,0.09090909090909091,0.0,0.05555555555555555,3,7,1,0,0,0,0,1,0.0,0.03,0.0,250000.0
10633055,0,0.0,1.0,0.0,1.0,0.0,0.0,0.0,0.0,0.0,0.0,0.0,0.0,0.0,0.0,0.0,0.0,0.0,1.0,0.06428571428571428,0.1818181818181818,0.09090909090909091,0.0,0.05555555555555555,0,3,1,0,0,0,0,0,0.0,0.0,0.0,219000.0
10633064,0,0.0,1.0,0.0,0.0,0.0,1.0,0.0,0.0,0.0,0.0,0.0,0.0,0.0,0.0,0.0,0.0,0.0,1.0,0.07551020408163267,0.09090909090909091,0.09090909090909091,0.0,0.0,0,0,1,0,0,0,1,1,0.069,0.12,0.0,319915.0
10633059,0,1.0,0.0,0.0,0.0,1.0,0.0,0.0,0.0,0.0,0.0,0.0,0.0,0.0,0.0,0.0,1.0,0.0,0.0,0.1326530612244898,0.09090909090909091,0.18181818181818182,0.07142857142857142,0.1111111111111111,1,2,1,0,0,0,0,1,0.0,0.66,0.0,595000.0
10633069,0,1.0,0.0,0.0,0.0,1.0,0.0,0.0,0.0,0.0,0.0,0.0,0.0,0.0,0.0,0.0,0.0,0.0,1.0,0.2112244897959184,0.4545454545454545,0.18181818181818182,0.9285714285714285,0.1111111111111111,5,4,1,0,0,0,1,1,0.2,0.06,0.0,470000.0
10633065,0,1.0,0.0,0.0,0.0,1.0,0.0,0.0,0.0,0.0,0.0,0.0,0.0,0.0,0.0,0.0,1.0,0.0,0.0,0.06836734693877553,0.09090909090909091,0.09090909090909091,0.07142857142857142,0.05555555555555555,1,3,1,0,0,0,0,1,0.0,0.07,0.0,325000.0
10502059,0,1.0,0.0,0.0,0.0,1.0,0.0,0.0,0.0,0.0,0.0,0.0,0.0,0.0,0.0,0.0,0.0,0.0,1.0,0.1326530612244898,0.1818181818181818,0.18181818181818182,0.07142857142857142,0.16666666666666666,1,3,1,0,0,0,0,1,0.0,0.12,0.0,850000.0
10633116,0,0.0,1.0,0.0,1.0,0.0,0.0,0.0,0.0,0.0,0.0,0.0,0.0,0.0,0.0,0.0,1.0,0.0,0.0,0.15306122448979595,0.2727272727272727,0.18181818181818182,0.0,0.1111111111111111,0,2,1,0,0,0,0,1,0.0,0.0,0.0,599000.0
10633153,0,0.0,1.0,0.0,1.0,0.0,0.0,0.0,0.0,0.0,0.0,0.0,0.0,0.0,0.0,0.0,0.0,1.0,0.0,0.051020408163265314,0.09090909090909091,0.09090909090909091,0.0,0.0,3,4,1,0,0,0,0,0,0.0,0.0,0.0,179000.0
10633233,0,0.0,1.0,0.0,0.0,0.0,0.0,0.0,0.0,0.0,0.0,0.0,0.0,0.0,1.0,0.0,0.0,1.0,0.0,0.08673469387755103,0.1818181818181818,0.18181818181818182,0.07142857142857142,0.1111111111111111,1,3,1,0,0,0,1,1,0.15,0.0,0.0,2685000.0
10633193,0,0.0,1.0,0.0,1.0,0.0,0.0,0.0,0.0,0.0,0.0,0.0,0.0,0.0,0.0,0.0,0.0,0.0,1.0,0.07142857142857142,0.09090909090909091,0.09090909090909091,0.0,0.05555555555555555,4,2,1,0,0,0,0,1,0.0,0.06,0.0,269000.0
10633231,0,1.0,0.0,0.0,0.0,1.0,0.0,0.0,0.0,0.0,0.0,0.0,0.0,0.0,0.0,0.0,0.0,1.0,0.0,0.12244897959183676,0.1818181818181818,0.18181818181818182,0.07142857142857142,0.1111111111111111,3,6,1,0,0,0,0,1,0.0,0.08,0.0,450000.0
10633156,0,0.0,1.0,0.0,0.0,0.0,1.0,0.0,0.0,0.0,0.0,0.0,0.0,0.0,0.0,0.0,0.0,0.0,1.0,0.05000000000000001,0.0,0.09090909090909091,0.0,0.05555555555555555,1,0,1,0,0,0,1,1,0.138,0.38,0.0,249500.0
10633234,0,0.0,1.0,0.0,0.0,0.0,0.0,0.0,0.0,0.0,0.0,0.0,0.0,0.0,1.0,0.0,0.0,1.0,0.0,0.036734693877551024,0.09090909090909091,0.09090909090909091,0.14285714285714285,0.05555555555555555,2,3,1,0,0,0,0,1,0.0,0.0,0.0,695000.0
10633238,0,0.0,1.0,0.0,1.0,0.0,0.0,0.0,0.0,0.0,0.0,0.0,0.0,0.0,0.0,0.0,0.0,1.0,0.0,0.07959183673469389,0.09090909090909091,0.09090909090909091,0.0,0.05555555555555555,3,2,0,0,0,0,0,1,0.0,0.05,0.0,270000.0
10633240,0,0.0,1.0,0.0,0.0,0.0,0.0,0.0,0.0,0.0,0.0,0.0,0.0,0.0,1.0,0.0,0.0,1.0,0.0,0.0673469387755102,0.09090909090909091,0.18181818181818182,0.14285714285714285,0.05555555555555555,1,3,1,0,0,0,1,1,0.136,0.0,0.0,750000.0
10633237,0,0.0,1.0,0.0,0.0,0.0,0.0,0.0,0.0,0.0,0.0,0.0,0.0,0.0,1.0,0.0,0.0,1.0,0.0,0.13673469387755105,0.1818181818181818,0.2727272727272727,0.21428571428571427,0.16666666666666666,1,4,1,0,0,0,0,1,0.0,0.11,0.0,2360000.0
10633239,0,0.0,1.0,0.0,0.0,0.0,0.0,0.0,0.0,0.0,0.0,0.0,0.0,0.0,1.0,0.0,0.0,1.0,0.0,0.08469387755102042,0.09090909090909091,0.18181818181818182,0.07142857142857142,0.1111111111111111,1,2,1,0,0,0,0,0,0.0,0.0,0.0,1095000.0
10633245,0,0.0,1.0,0.0,0.0,0.0,0.0,0.0,0.0,0.0,0.0,0.0,0.0,0.0,1.0,0.0,0.0,1.0,0.0,0.02755102040816327,0.09090909090909091,0.09090909090909091,0.0,0.05555555555555555,1,2,1,0,0,0,0,0,0.0,0.0,0.0,285000.0
10633246,0,0.0,1.0,0.0,0.0,0.0,0.0,0.0,0.0,0.0,0.0,0.0,0.0,0.0,1.0,0.0,0.0,1.0,0.0,0.05306122448979592,0.09090909090909091,0.09090909090909091,0.0,0.05555555555555555,1,3,1,0,0,0,0,1,0.0,0.16,0.0,565000.0
10633268,0,0.0,1.0,0.0,0.0,0.0,0.0,0.0,0.0,1.0,0.0,0.0,0.0,0.0,0.0,0.0,0.0,1.0,0.0,0.1653061224489796,0.1818181818181818,0.18181818181818182,0.0,0.0,0,0,0,0,0,0,0,1,0.0,0.55,0.0,1141500.0
10633257,0,0.0,1.0,0.0,1.0,0.0,0.0,0.0,0.0,0.0,0.0,0.0,0.0,0.0,0.0,0.0,0.0,0.0,1.0,0.0673469387755102,0.09090909090909091,0.09090909090909091,0.0,0.0,3,4,0,0,0,0,1,1,0.028,0.1,0.0,250000.0
10633241,0,0.0,1.0,0.0,0.0,0.0,0.0,0.0,0.0,0.0,0.0,0.0,0.0,0.0,1.0,0.0,0.0,1.0,0.0,0.07244897959183674,0.09090909090909091,0.18181818181818182,0.07142857142857142,0.1111111111111111,1,1,1,0,0,0,0,1,0.0,0.0,0.0,675000.0
10633263,0,0.0,1.0,0.0,0.0,0.0,0.0,0.0,0.0,1.0,0.0,0.0,0.0,0.0,0.0,0.0,0.0,1.0,0.0,0.11224489795918369,0.1818181818181818,0.09090909090909091,0.0,0.0,0,1,1,0,0,0,0,1,0.0,0.38,0.0,434500.0
10633264,0,0.0,1.0,0.0,0.0,0.0,0.0,0.0,0.0,1.0,0.0,0.0,0.0,0.0,0.0,0.0,0.0,1.0,0.0,0.05816326530612246,0.0,0.09090909090909091,0.0,0.0,1,0,1,0,0,0,0,1,0.0,0.09,0.0,283300.0
10633269,0,0.0,1.0,0.0,0.0,0.0,0.0,0.0,0.0,1.0,0.0,0.0,0.0,0.0,0.0,0.0,0.0,1.0,0.0,0.04489795918367347,0.0,0.09090909090909091,0.0,0.0,0,1,1,0,0,0,0,1,0.0,0.13,0.0,286000.0
10633270,0,0.0,1.0,0.0,0.0,0.0,0.0,0.0,0.0,1.0,0.0,0.0,0.0,0.0,0.0,0.0,0.0,1.0,0.0,0.09387755102040818,0.09090909090909091,0.09090909090909091,0.0,0.0,0,1,1,0,0,0,0,1,0.0,0.23,0.0,499250.0
10633271,0,0.0,1.0,0.0,0.0,0.0,0.0,0.0,0.0,1.0,0.0,0.0,0.0,0.0,0.0,0.0,0.0,1.0,0.0,0.05816326530612246,0.0,0.09090909090909091,0.0,0.0,0,1,1,0,0,0,0,1,0.0,0.19,0.0,290006.0
10633274,0,0.0,1.0,0.0,0.0,0.0,0.0,0.0,0.0,1.0,0.0,0.0,0.0,0.0,0.0,0.0,0.0,0.0,1.0,0.05306122448979592,0.0,0.09090909090909091,0.0,0.0,0,0,1,0,0,0,0,1,0.0,0.17,0.0,248402.0
10633280,0,0.0,1.0,0.0,0.0,0.0,0.0,0.0,0.0,1.0,0.0,0.0,0.0,0.0,0.0,0.0,0.0,0.0,1.0,0.0653061224489796,0.09090909090909091,0.09090909090909091,0.0,0.0,1,0,1,0,0,0,0,1,0.0,0.09,0.0,264915.0
10633278,0,0.0,1.0,0.0,0.0,0.0,0.0,0.0,0.0,1.0,0.0,0.0,0.0,0.0,0.0,0.0,0.0,0.0,1.0,0.1112244897959184,0.1818181818181818,0.09090909090909091,0.0,0.0,0,0,1,0,0,0,0,1,0.0,0.12,0.0,416375.0
10633287,0,0.0,1.0,0.0,1.0,0.0,0.0,0.0,0.0,0.0,0.0,0.0,0.0,0.0,0.0,0.0,0.0,0.0,1.0,0.10612244897959186,0.1818181818181818,0.09090909090909091,0.0,0.0,1,0,1,0,0,0,0,1,0.0,0.31,0.0,344425.0
10633281,0,0.0,1.0,0.0,0.0,0.0,0.0,0.0,0.0,1.0,0.0,0.0,0.0,0.0,0.0,0.0,0.0,0.0,1.0,0.08877551020408164,0.09090909090909091,0.09090909090909091,0.0,0.0,1,0,1,0,0,0,0,1,0.0,0.08,0.0,345270.0
10633276,0,0.0,1.0,0.0,0.0,0.0,0.0,0.0,0.0,1.0,0.0,0.0,0.0,0.0,0.0,0.0,0.0,0.0,1.0,0.08571428571428572,0.09090909090909091,0.09090909090909091,0.0,0.0,0,0,1,0,0,0,0,1,0.0,0.13,0.0,340498.0
10633275,0,0.0,1.0,0.0,0.0,0.0,0.0,0.0,0.0,1.0,0.0,0.0,0.0,0.0,0.0,0.0,0.0,0.0,1.0,0.07959183673469389,0.09090909090909091,0.09090909090909091,0.0,0.0,0,0,1,0,0,0,1,1,0.101,0.17,0.0,346485.0
10633317,0,1.0,0.0,0.0,0.0,1.0,0.0,0.0,0.0,0.0,0.0,0.0,0.0,0.0,0.0,0.0,0.0,0.0,1.0,0.05816326530612246,0.09090909090909091,0.09090909090909091,0.0,0.05555555555555555,4,7,0,0,0,0,0,1,0.0,0.0,0.0,285000.0
10633318,0,0.0,1.0,0.0,1.0,0.0,0.0,0.0,0.0,0.0,0.0,0.0,0.0,0.0,0.0,0.0,1.0,0.0,0.0,0.07346938775510206,0.09090909090909091,0.09090909090909091,0.0,0.05555555555555555,3,2,1,0,0,0,0,1,0.0,0.09,0.0,225000.0
10633301,0,1.0,0.0,0.0,0.0,1.0,0.0,0.0,0.0,0.0,0.0,0.0,0.0,0.0,0.0,0.0,1.0,0.0,0.0,0.1438775510204082,0.1818181818181818,0.09090909090909091,0.07142857142857142,0.1111111111111111,3,4,1,0,0,0,0,1,0.0,0.0,0.0,699000.0
10633348,0,0.0,1.0,0.0,0.0,0.0,0.0,0.0,0.0,1.0,0.0,0.0,0.0,0.0,0.0,0.0,0.0,1.0,0.0,0.04387755102040817,0.0,0.09090909090909091,0.0,0.05555555555555555,1,2,0,0,0,0,0,1,0.0,0.1,0.0,169000.0
10633356,0,0.0,1.0,0.0,1.0,0.0,0.0,0.0,0.0,0.0,0.0,0.0,0.0,0.0,0.0,0.0,0.0,0.0,1.0,0.07857142857142857,0.09090909090909091,0.09090909090909091,0.0,0.05555555555555555,3,3,1,1,0,0,0,1,0.0,0.0,0.0,249000.0
10633351,0,1.0,0.0,0.0,0.0,1.0,0.0,0.0,0.0,0.0,0.0,0.0,0.0,0.0,0.0,0.0,1.0,0.0,0.0,0.051020408163265314,0.0,0.09090909090909091,0.0,0.05555555555555555,3,7,0,0,0,0,1,0,0.05,0.0,0.0,155000.0
10633367,0,1.0,0.0,0.0,0.0,1.0,0.0,0.0,0.0,0.0,0.0,0.0,0.0,0.0,0.0,0.0,1.0,0.0,0.0,0.2857142857142857,0.1818181818181818,0.18181818181818182,0.07142857142857142,0.2777777777777778,3,5,0,0,0,0,0,1,0.0,0.06,0.0,795000.0
10633368,1,1.0,0.0,0.0,0.0,1.0,0.0,0.0,0.0,0.0,0.0,0.0,0.0,0.0,0.0,0.0,1.0,0.0,0.0,0.2857142857142857,0.1818181818181818,0.18181818181818182,0.07142857142857142,0.2777777777777778,4,5,0,0,0,0,0,1,0.0,0.06,0.00014213911108951004,795000.0
10633393,0,0.0,1.0,0.0,0.0,0.0,1.0,0.0,0.0,0.0,0.0,0.0,0.0,0.0,0.0,0.0,0.0,1.0,0.0,0.07142857142857142,0.09090909090909091,0.09090909090909091,0.0,0.05555555555555555,1,1,1,0,0,0,1,1,0.05,0.1,0.0,299000.0
10633395,0,0.0,1.0,0.0,0.0,0.0,1.0,0.0,0.0,0.0,0.0,0.0,0.0,0.0,0.0,0.0,0.0,0.0,1.0,0.051020408163265314,0.0,0.09090909090909091,0.0,0.0,0,0,1,0,0,0,1,1,0.138,0.38,0.0,249500.0
10633389,0,0.0,1.0,0.0,0.0,0.0,0.0,1.0,0.0,0.0,0.0,0.0,0.0,0.0,0.0,0.0,0.0,0.0,1.0,0.10510204081632654,0.09090909090909091,0.09090909090909091,0.0,0.0,0,4,0,0,0,0,0,0,0.0,0.0,0.0,260000.0
10502337,1,0.0,0.0,1.0,0.0,0.0,0.0,0.0,0.0,0.0,1.0,0.0,0.0,0.0,0.0,0.0,0.0,0.0,1.0,0.07653061224489796,0.09090909090909091,0.09090909090909091,0.0,0.1111111111111111,3,7,0,1,0,0,1,1,0.17,0.5,0.0003677276357864099,275000.0
10633373,0,0.0,0.0,1.0,0.0,0.0,0.0,0.0,0.0,0.0,0.0,1.0,0.0,0.0,0.0,0.0,0.0,1.0,0.0,0.07142857142857142,0.09090909090909091,0.09090909090909091,0.07142857142857142,0.05555555555555555,3,3,1,0,0,0,0,0,0.0,0.0,0.0,259000.0
10633445,0,0.0,0.0,1.0,0.0,0.0,0.0,0.0,1.0,0.0,0.0,0.0,0.0,0.0,0.0,1.0,0.0,0.0,0.0,0.01122448979591837,0.0,0.09090909090909091,0.0,0.05555555555555555,3,3,0,0,0,0,0,0,0.0,0.0,0.0,70000.0
10502385,0,0.0,1.0,0.0,0.0,0.0,0.0,0.0,0.0,0.0,0.0,0.0,0.0,0.0,1.0,0.0,0.0,0.0,1.0,0.042857142857142864,0.0,0.0,0.0,0.05555555555555555,3,3,1,0,0,0,0,1,0.0,0.0,0.0,200000.0
10633480,0,0.0,0.0,1.0,0.0,0.0,0.0,0.0,0.0,0.0,0.0,1.0,0.0,0.0,0.0,0.0,0.0,0.0,1.0,0.10918367346938776,0.2727272727272727,0.18181818181818182,0.0,0.16666666666666666,0,2,0,1,0,0,1,1,0.08600000000000001,0.05,0.0,245000.0
10633516,0,0.0,1.0,0.0,0.0,0.0,0.0,0.0,0.0,1.0,0.0,0.0,0.0,0.0,0.0,0.0,0.0,1.0,0.0,0.08775510204081632,0.1818181818181818,0.09090909090909091,0.0,0.0,3,1,0,0,0,0,0,0,0.0,0.0,0.0,409000.0
10633490,0,0.0,1.0,0.0,0.0,0.0,0.0,0.0,0.0,1.0,0.0,0.0,0.0,0.0,0.0,0.0,0.0,0.0,1.0,0.09183673469387757,0.09090909090909091,0.09090909090909091,0.0,0.0,1,2,0,0,0,0,0,0,0.0,0.0,0.0,229000.0
10633462,0,1.0,0.0,0.0,0.0,1.0,0.0,0.0,0.0,0.0,0.0,0.0,0.0,0.0,0.0,0.0,1.0,0.0,0.0,0.06632653061224492,0.09090909090909091,0.09090909090909091,0.07142857142857142,0.05555555555555555,1,2,1,0,0,0,0,1,0.0,0.1,0.0,299000.0
10633469,0,1.0,0.0,0.0,0.0,1.0,0.0,0.0,0.0,0.0,0.0,0.0,0.0,0.0,0.0,0.0,1.0,0.0,0.0,0.04693877551020408,0.0,0.09090909090909091,0.42857142857142855,0.05555555555555555,3,4,0,0,0,0,0,0,0.0,0.0,0.0,199000.0
10633468,0,1.0,0.0,0.0,0.0,1.0,0.0,0.0,0.0,0.0,0.0,0.0,0.0,0.0,0.0,0.0,0.0,0.0,1.0,0.04693877551020408,0.0,0.09090909090909091,0.42857142857142855,0.05555555555555555,3,4,0,0,0,0,0,0,0.0,0.0,0.0,199000.0
10633457,0,0.0,0.0,1.0,0.0,0.0,0.0,0.0,1.0,0.0,0.0,0.0,0.0,0.0,0.0,0.0,0.0,1.0,0.0,0.09081632653061225,0.09090909090909091,0.09090909090909091,0.07142857142857142,0.05555555555555555,3,3,0,0,0,0,0,1,0.0,0.0,0.0,185000.0
10633519,0,1.0,0.0,0.0,0.0,1.0,0.0,0.0,0.0,0.0,0.0,0.0,0.0,0.0,0.0,0.0,0.0,0.0,1.0,0.14285714285714288,0.1818181818181818,0.18181818181818182,0.07142857142857142,0.16666666666666666,1,3,1,0,0,0,0,1,0.0,0.2,0.0,780000.0
10633521,0,0.0,1.0,0.0,0.0,0.0,1.0,0.0,0.0,0.0,0.0,0.0,0.0,0.0,0.0,0.0,0.0,0.0,1.0,0.11224489795918369,0.09090909090909091,0.09090909090909091,0.0,0.05555555555555555,1,2,0,0,0,0,0,1,0.0,0.0,0.0,830000.0
10633475,0,0.0,0.0,1.0,0.0,0.0,0.0,0.0,0.0,0.0,0.0,1.0,0.0,0.0,0.0,0.0,0.0,0.0,1.0,0.09183673469387757,0.09090909090909091,0.09090909090909091,0.07142857142857142,0.1111111111111111,0,1,0,0,0,0,0,1,0.0,0.11,0.0,320798.0
10633525,0,0.0,1.0,0.0,0.0,0.0,1.0,0.0,0.0,0.0,0.0,0.0,0.0,0.0,0.0,0.0,0.0,1.0,0.0,0.04897959183673469,0.09090909090909091,0.09090909090909091,0.0,0.05555555555555555,4,4,0,0,0,0,0,0,0.0,0.0,0.0,175000.0
10633552,0,1.0,0.0,0.0,0.0,1.0,0.0,0.0,0.0,0.0,0.0,0.0,0.0,0.0,0.0,0.0,0.0,0.0,1.0,0.04081632653061225,0.0,0.09090909090909091,0.07142857142857142,0.05555555555555555,3,6,1,0,0,0,0,1,0.0,0.16,0.0,209000.0
10633528,0,0.0,0.0,1.0,0.0,0.0,0.0,0.0,0.0,0.0,1.0,0.0,0.0,0.0,0.0,0.0,0.0,0.0,1.0,0.20714285714285716,0.2727272727272727,0.18181818181818182,0.0,0.1111111111111111,0,0,1,0,0,0,0,1,0.0,0.52,0.0,597000.0
10633561,0,0.0,1.0,0.0,0.0,0.0,0.0,0.0,0.0,0.0,0.0,0.0,0.0,0.0,1.0,0.0,0.0,0.0,1.0,0.025510204081632654,0.0,0.09090909090909091,0.0,0.0,0,4,1,0,0,0,0,0,0.0,0.0,0.0,155000.0
10633553,0,1.0,0.0,0.0,0.0,1.0,0.0,0.0,0.0,0.0,0.0,0.0,0.0,0.0,0.0,0.0,1.0,0.0,0.0,0.051020408163265314,0.09090909090909091,0.09090909090909091,0.07142857142857142,0.05555555555555555,2,6,1,0,0,0,0,1,0.0,0.26,0.0,199000.0
10633568,0,0.0,1.0,0.0,1.0,0.0,0.0,0.0,0.0,0.0,0.0,0.0,0.0,0.0,0.0,0.0,0.0,0.0,1.0,0.1326530612244898,0.1818181818181818,0.18181818181818182,0.0,0.0,1,1,0,0,0,0,0,1,0.0,0.0,0.0,570000.0
10633569,0,0.0,1.0,0.0,1.0,0.0,0.0,0.0,0.0,0.0,0.0,0.0,0.0,0.0,0.0,0.0,0.0,0.0,1.0,0.1326530612244898,0.09090909090909091,0.18181818181818182,0.0,0.05555555555555555,1,1,1,0,0,0,0,1,0.0,0.0,0.0,575000.0
10633612,0,0.0,1.0,0.0,1.0,0.0,0.0,0.0,0.0,0.0,0.0,0.0,0.0,0.0,0.0,1.0,0.0,0.0,0.0,0.07244897959183674,0.09090909090909091,0.09090909090909091,0.0,0.0,2,2,0,0,0,0,0,0,0.0,0.0,0.0,399000.0
10633590,0,1.0,0.0,0.0,0.0,1.0,0.0,0.0,0.0,0.0,0.0,0.0,0.0,0.0,0.0,0.0,0.0,0.0,1.0,0.02959183673469388,0.0,0.09090909090909091,0.0,0.05555555555555555,5,4,0,0,0,0,0,0,0.0,0.0,0.0,155000.0
10633613,0,0.0,1.0,0.0,1.0,0.0,0.0,0.0,0.0,0.0,0.0,0.0,0.0,0.0,0.0,1.0,0.0,0.0,0.0,0.031632653061224494,0.0,0.09090909090909091,0.0,0.0,2,2,0,0,0,0,0,1,0.0,0.09,0.0,279000.0
10633672,0,0.0,1.0,0.0,1.0,0.0,0.0,0.0,0.0,0.0,0.0,0.0,0.0,0.0,0.0,0.0,0.0,0.0,1.0,0.0336734693877551,0.0,0.09090909090909091,0.0,0.05555555555555555,3,3,0,0,0,0,0,1,0.0,0.34,0.0,165000.0
10633684,0,0.0,1.0,0.0,0.0,0.0,0.0,0.0,0.0,0.0,0.0,0.0,0.0,0.0,1.0,0.0,0.0,0.0,1.0,0.057142857142857155,0.09090909090909091,0.09090909090909091,0.0,0.0,3,2,1,0,0,0,0,0,0.0,0.0,0.0,245000.0
10633673,0,0.0,1.0,0.0,1.0,0.0,0.0,0.0,0.0,0.0,0.0,0.0,0.0,0.0,0.0,0.0,1.0,0.0,0.0,0.06122448979591837,0.09090909090909091,0.09090909090909091,0.0,0.05555555555555555,1,2,1,0,0,0,0,1,0.0,0.0,0.0,325000.0
10633635,0,1.0,0.0,0.0,0.0,1.0,0.0,0.0,0.0,0.0,0.0,0.0,0.0,0.0,0.0,1.0,0.0,0.0,0.0,0.004081632653061225,0.0,0.09090909090909091,0.0,0.05555555555555555,3,2,1,0,0,0,0,0,0.0,0.0,0.0,160000.0
10633671,0,0.0,1.0,0.0,1.0,0.0,0.0,0.0,0.0,0.0,0.0,0.0,0.0,0.0,0.0,0.0,0.0,0.0,1.0,0.1326530612244898,0.09090909090909091,0.18181818181818182,0.0,0.1111111111111111,3,3,0,0,0,0,0,1,0.0,0.0,0.0,249000.0
10633683,0,0.0,1.0,0.0,1.0,0.0,0.0,0.0,0.0,0.0,0.0,0.0,0.0,0.0,0.0,1.0,0.0,0.0,0.0,0.04591836734693878,0.0,0.09090909090909091,0.0,0.05555555555555555,1,1,1,0,0,0,0,1,0.0,0.1,0.0,299000.0
10633704,0,1.0,0.0,0.0,0.0,1.0,0.0,0.0,0.0,0.0,0.0,0.0,0.0,0.0,0.0,0.0,1.0,0.0,0.0,0.10204081632653061,0.0,0.09090909090909091,0.0,0.0,6,7,0,0,0,0,1,0,0.05,0.0,0.0,385000.0
10633712,1,0.0,1.0,0.0,1.0,0.0,0.0,0.0,0.0,0.0,0.0,0.0,0.0,0.0,0.0,0.0,0.0,0.0,1.0,0.11734693877551022,0.1818181818181818,0.09090909090909091,0.0,0.05555555555555555,5,5,0,0,0,0,0,1,0.0,0.24,0.00016047964155267263,225000.0
10633705,0,1.0,0.0,0.0,0.0,1.0,0.0,0.0,0.0,0.0,0.0,0.0,0.0,0.0,0.0,0.0,1.0,0.0,0.0,0.1836734693877551,0.1818181818181818,0.18181818181818182,0.0,0.1111111111111111,2,0,0,0,0,0,0,1,0.0,0.35000000000000003,0.0,795000.0
10633713,0,1.0,0.0,0.0,0.0,1.0,0.0,0.0,0.0,0.0,0.0,0.0,0.0,0.0,0.0,0.0,1.0,0.0,0.0,0.06632653061224492,0.09090909090909091,0.09090909090909091,0.0,0.05555555555555555,3,7,0,0,0,0,0,1,0.0,0.0,0.0,249000.0
10633715,1,0.0,1.0,0.0,1.0,0.0,0.0,0.0,0.0,0.0,0.0,0.0,0.0,0.0,0.0,0.0,0.0,0.0,1.0,0.15816326530612246,0.2727272727272727,0.09090909090909091,0.0,0.1111111111111111,1,1,0,0,0,0,0,1,0.0,0.0,0.0,399000.0
10633720,0,0.0,0.0,1.0,0.0,0.0,0.0,0.0,0.0,0.0,1.0,0.0,0.0,0.0,0.0,0.0,0.0,0.0,1.0,0.051020408163265314,0.0,0.09090909090909091,0.0,0.05555555555555555,0,0,0,0,0,0,0,1,0.0,0.0,0.0,70000.0
10633723,0,1.0,0.0,0.0,0.0,1.0,0.0,0.0,0.0,0.0,0.0,0.0,0.0,0.0,0.0,0.0,1.0,0.0,0.0,0.12142857142857144,0.09090909090909091,0.18181818181818182,0.07142857142857142,0.1111111111111111,3,3,1,0,0,0,0,1,0.0,0.1,0.0,585000.0
10633722,0,1.0,0.0,0.0,0.0,1.0,0.0,0.0,0.0,0.0,0.0,0.0,0.0,0.0,0.0,0.0,0.0,0.0,1.0,0.0816326530612245,0.09090909090909091,0.09090909090909091,0.0,0.05555555555555555,1,3,1,0,0,0,0,1,0.0,0.07,0.0,470000.0
10633717,0,0.0,1.0,0.0,1.0,0.0,0.0,0.0,0.0,0.0,0.0,0.0,0.0,0.0,0.0,0.0,1.0,0.0,0.0,0.08571428571428572,0.09090909090909091,0.09090909090909091,0.0,0.05555555555555555,3,2,0,0,0,0,0,1,0.0,0.08,0.0,249000.0
10633721,0,0.0,1.0,0.0,1.0,0.0,0.0,0.0,0.0,0.0,0.0,0.0,0.0,0.0,0.0,0.0,0.0,0.0,1.0,0.06836734693877553,0.09090909090909091,0.09090909090909091,0.0,0.05555555555555555,0,4,1,0,0,0,0,1,0.0,0.04,0.0,229000.0
10633718,0,0.0,0.0,1.0,0.0,0.0,0.0,0.0,0.0,0.0,1.0,0.0,0.0,0.0,0.0,0.0,0.0,0.0,1.0,0.06122448979591837,0.09090909090909091,0.09090909090909091,0.0,0.05555555555555555,0,0,0,0,0,0,0,0,0.0,0.0,0.0,130000.0
10633719,0,0.0,0.0,1.0,0.0,0.0,0.0,0.0,0.0,0.0,1.0,0.0,0.0,0.0,0.0,0.0,0.0,0.0,1.0,0.06122448979591837,0.09090909090909091,0.09090909090909091,0.0,0.05555555555555555,0,0,0,0,0,0,0,0,0.0,0.0,0.0,130000.0
10633724,0,1.0,0.0,0.0,0.0,1.0,0.0,0.0,0.0,0.0,0.0,0.0,0.0,0.0,0.0,0.0,1.0,0.0,0.0,0.23163265306122452,0.1818181818181818,0.18181818181818182,0.07142857142857142,0.16666666666666666,2,3,1,0,0,0,0,1,0.0,0.5,0.0,1790000.0
10371856,0,0.0,1.0,0.0,1.0,0.0,0.0,0.0,0.0,0.0,0.0,0.0,0.0,0.0,0.0,1.0,0.0,0.0,0.0,0.20408163265306126,0.09090909090909091,0.18181818181818182,0.0,0.0,1,2,1,1,0,1,0,1,0.0,1.0,0.0,2950000.0
10240601,1,0.0,1.0,0.0,1.0,0.0,0.0,0.0,0.0,0.0,0.0,0.0,0.0,0.0,0.0,0.0,1.0,0.0,0.0,0.20102040816326533,0.2727272727272727,0.09090909090909091,0.07142857142857142,0.16666666666666666,4,0,0,0,0,0,0,0,0.0,0.0,5.0436458773697115e-05,295000.0
10502970,0,0.0,1.0,0.0,0.0,0.0,0.0,0.0,0.0,0.0,0.0,0.0,0.0,0.0,1.0,0.0,0.0,1.0,0.0,0.020408163265306124,0.0,0.09090909090909091,0.0,0.05555555555555555,0,2,1,0,0,0,0,0,0.0,0.0,0.0,149000.0
10634130,0,0.0,1.0,0.0,1.0,0.0,0.0,0.0,0.0,0.0,0.0,0.0,0.0,0.0,0.0,0.0,0.0,1.0,0.0,0.04591836734693878,0.0,0.09090909090909091,0.0,0.05555555555555555,3,2,0,0,0,0,0,1,0.0,0.09,0.0,178500.0
10633745,0,1.0,0.0,0.0,0.0,1.0,0.0,0.0,0.0,0.0,0.0,0.0,0.0,0.0,0.0,0.0,0.0,0.0,1.0,0.06632653061224492,0.09090909090909091,0.09090909090909091,0.07142857142857142,0.05555555555555555,3,0,1,0,0,0,0,1,0.0,0.06,0.0,260000.0
10634101,0,0.0,1.0,0.0,0.0,0.0,0.0,0.0,0.0,0.0,0.0,0.0,0.0,0.0,1.0,0.0,0.0,0.0,1.0,0.08571428571428572,0.1818181818181818,0.09090909090909091,0.0,0.1111111111111111,1,2,0,0,0,0,0,0,0.0,0.0,0.0,249000.0
10634117,0,0.0,0.0,1.0,0.0,0.0,0.0,0.0,0.0,0.0,1.0,0.0,0.0,0.0,0.0,1.0,0.0,0.0,0.0,0.031632653061224494,0.0,0.09090909090909091,0.0,0.05555555555555555,5,3,1,0,0,0,0,0,0.0,0.0,0.0,105000.0
10634119,0,0.0,0.0,1.0,0.0,0.0,0.0,0.0,1.0,0.0,0.0,0.0,0.0,0.0,0.0,1.0,0.0,0.0,0.0,0.07346938775510206,0.09090909090909091,0.09090909090909091,0.0,0.05555555555555555,3,6,0,0,0,0,0,0,0.0,0.0,0.0,175000.0
10634138,0,0.0,1.0,0.0,0.0,0.0,0.0,0.0,0.0,0.0,0.0,0.0,0.0,0.0,1.0,0.0,0.0,1.0,0.0,0.13979591836734695,0.1818181818181818,0.18181818181818182,0.0,0.1111111111111111,1,2,0,0,1,0,0,1,0.0,0.26,0.0,575000.0
10634148,0,1.0,0.0,0.0,0.0,1.0,0.0,0.0,0.0,0.0,0.0,0.0,0.0,0.0,0.0,1.0,0.0,0.0,0.0,0.0816326530612245,0.09090909090909091,0.18181818181818182,0.0,0.05555555555555555,1,0,1,0,0,0,0,0,0.0,0.0,0.0,440000.0
10634175,0,0.0,1.0,0.0,0.0,0.0,0.0,0.0,0.0,0.0,0.0,0.0,0.0,0.0,1.0,0.0,0.0,1.0,0.0,0.06632653061224492,0.0,0.0,0.0,0.05555555555555555,1,3,0,0,0,0,0,0,0.0,0.0,0.0,149000.0
10503098,0,0.0,1.0,0.0,0.0,0.0,0.0,0.0,0.0,0.0,0.0,0.0,0.0,0.0,1.0,0.0,0.0,0.0,1.0,0.08061224489795918,0.09090909090909091,0.09090909090909091,0.0,0.0,1,2,1,0,0,0,0,1,0.0,0.0,0.0,229000.0
10240983,0,0.0,1.0,0.0,1.0,0.0,0.0,0.0,0.0,0.0,0.0,0.0,0.0,0.0,0.0,0.0,0.0,1.0,0.0,0.10714285714285715,0.1818181818181818,0.09090909090909091,0.0,0.05555555555555555,4,3,0,0,0,0,0,0,0.0,0.0,0.0,199000.0
10634178,0,1.0,0.0,0.0,0.0,1.0,0.0,0.0,0.0,0.0,0.0,0.0,0.0,0.0,0.0,0.0,1.0,0.0,0.0,0.06632653061224492,0.09090909090909091,0.09090909090909091,0.0,0.05555555555555555,0,0,0,0,0,0,0,1,0.0,0.05,0.0,255000.0
10240984,0,0.0,1.0,0.0,1.0,0.0,0.0,0.0,0.0,0.0,0.0,0.0,0.0,0.0,0.0,0.0,0.0,1.0,0.0,0.10714285714285715,0.09090909090909091,0.09090909090909091,0.0,0.05555555555555555,3,6,0,0,0,0,0,0,0.0,0.0,0.0,199000.0
10634232,0,0.0,1.0,0.0,0.0,0.0,1.0,0.0,0.0,0.0,0.0,0.0,0.0,0.0,0.0,0.0,0.0,1.0,0.0,0.06938775510204082,0.09090909090909091,0.09090909090909091,0.0,0.0,0,0,0,0,0,0,1,0,0.0,0.0,0.0,218300.0
10634245,0,0.0,1.0,0.0,0.0,0.0,0.0,0.0,0.0,1.0,0.0,0.0,0.0,0.0,0.0,0.0,0.0,1.0,0.0,0.06122448979591837,0.0,0.09090909090909091,0.0,0.0,0,4,0,0,0,0,0,0,0.0,0.0,0.0,179000.0
10634277,0,1.0,0.0,0.0,0.0,1.0,0.0,0.0,0.0,0.0,0.0,0.0,0.0,0.0,0.0,0.0,0.0,0.0,1.0,0.09183673469387757,0.09090909090909091,0.09090909090909091,0.0,0.05555555555555555,0,3,0,0,0,0,0,1,0.0,0.06,0.0,399000.0
10634286,0,0.0,1.0,0.0,1.0,0.0,0.0,0.0,0.0,0.0,0.0,0.0,0.0,0.0,0.0,1.0,0.0,0.0,0.0,0.07244897959183674,0.09090909090909091,0.09090909090909091,0.0,0.0,1,2,0,0,0,0,0,1,0.0,0.09,0.0,385000.0
10634274,0,0.0,1.0,0.0,0.0,0.0,0.0,0.0,0.0,0.0,0.0,0.0,0.0,0.0,1.0,0.0,0.0,1.0,0.0,0.08571428571428572,0.09090909090909091,0.09090909090909091,0.0,0.1111111111111111,1,2,1,0,0,0,0,1,0.0,0.01,0.0,270000.0
10634306,0,0.0,0.0,1.0,0.0,0.0,0.0,0.0,0.0,0.0,0.0,0.0,0.0,1.0,0.0,0.0,0.0,0.0,1.0,0.051020408163265314,0.09090909090909091,0.0,0.0,0.05555555555555555,4,0,1,0,0,0,0,0,0.0,0.0,0.0,145000.0
10634316,0,0.0,1.0,0.0,0.0,0.0,1.0,0.0,0.0,0.0,0.0,0.0,0.0,0.0,0.0,0.0,0.0,0.0,1.0,0.15714285714285717,0.1818181818181818,0.09090909090909091,0.0,0.05555555555555555,2,3,0,0,0,0,0,1,0.0,0.3,0.0,385000.0
10634335,0,1.0,0.0,0.0,0.0,1.0,0.0,0.0,0.0,0.0,0.0,0.0,0.0,0.0,0.0,0.0,0.0,0.0,1.0,0.05816326530612246,0.0,0.09090909090909091,0.07142857142857142,0.05555555555555555,4,6,0,0,0,0,0,1,0.0,0.84,0.0,250000.0
10634307,0,0.0,1.0,0.0,0.0,0.0,0.0,1.0,0.0,0.0,0.0,0.0,0.0,0.0,0.0,0.0,0.0,0.0,1.0,0.07346938775510206,0.09090909090909091,0.18181818181818182,0.0,0.0,3,2,0,0,0,0,0,1,0.0,0.0,0.0,300000.0
10634337,0,0.0,0.0,1.0,0.0,0.0,0.0,0.0,1.0,0.0,0.0,0.0,0.0,0.0,0.0,0.0,1.0,0.0,0.0,0.030612244897959183,0.0,0.09090909090909091,0.0,0.05555555555555555,0,2,0,0,0,0,0,1,0.0,0.22,0.0,160000.0
10634336,0,0.0,0.0,1.0,0.0,0.0,0.0,0.0,1.0,0.0,0.0,0.0,0.0,0.0,0.0,0.0,1.0,0.0,0.0,0.030612244897959183,0.0,0.09090909090909091,0.0,0.05555555555555555,0,2,0,0,0,0,0,1,0.0,0.22,0.0,160000.0
10634377,0,0.0,1.0,0.0,0.0,0.0,0.0,0.0,0.0,0.0,0.0,0.0,0.0,0.0,1.0,0.0,0.0,0.0,1.0,0.051020408163265314,0.09090909090909091,0.0,0.0,0.05555555555555555,1,2,1,0,0,0,0,1,0.0,0.05,0.0,279000.0
10634392,0,1.0,0.0,0.0,0.0,1.0,0.0,0.0,0.0,0.0,0.0,0.0,0.0,0.0,0.0,0.0,1.0,0.0,0.0,0.07142857142857142,0.09090909090909091,0.0,0.07142857142857142,0.05555555555555555,3,3,1,0,0,0,0,1,0.0,0.08,0.0,255000.0
10634388,0,0.0,1.0,0.0,1.0,0.0,0.0,0.0,0.0,0.0,0.0,0.0,0.0,0.0,0.0,0.0,1.0,0.0,0.0,0.06632653061224492,0.09090909090909091,0.09090909090909091,0.0,0.05555555555555555,0,3,0,0,0,0,0,1,0.0,0.07,0.0,249000.0
10634479,0,0.0,0.0,1.0,0.0,0.0,0.0,0.0,0.0,0.0,1.0,0.0,0.0,0.0,0.0,0.0,1.0,0.0,0.0,0.06428571428571428,0.09090909090909091,0.09090909090909091,0.0,0.05555555555555555,5,3,1,1,0,0,0,1,0.0,0.04,0.0,139000.0
10634484,0,0.0,0.0,1.0,0.0,0.0,0.0,0.0,0.0,0.0,1.0,0.0,0.0,0.0,0.0,0.0,0.0,0.0,1.0,0.07959183673469389,0.09090909090909091,0.09090909090909091,0.0,0.05555555555555555,2,3,0,1,0,0,0,1,0.0,0.1,0.0,179000.0
10634487,0,0.0,0.0,1.0,0.0,0.0,0.0,0.0,0.0,0.0,1.0,0.0,0.0,0.0,0.0,0.0,0.0,0.0,1.0,0.07959183673469389,0.09090909090909091,0.09090909090909091,0.0,0.05555555555555555,2,3,0,1,0,0,0,1,0.0,0.1,0.0,179000.0
10634485,0,0.0,0.0,1.0,0.0,0.0,0.0,0.0,0.0,0.0,1.0,0.0,0.0,0.0,0.0,0.0,1.0,0.0,0.0,0.06224489795918368,0.09090909090909091,0.09090909090909091,0.0,0.05555555555555555,2,2,1,1,0,0,0,1,0.0,0.06,0.0,199000.0
10634498,0,0.0,1.0,0.0,0.0,0.0,0.0,0.0,0.0,0.0,0.0,0.0,0.0,0.0,1.0,0.0,0.0,1.0,0.0,0.006122448979591837,0.0,0.0,0.0,0.05555555555555555,1,2,0,0,0,0,0,0,0.0,0.0,0.0,110000.0
10634510,0,0.0,1.0,0.0,1.0,0.0,0.0,0.0,0.0,0.0,0.0,0.0,0.0,0.0,0.0,0.0,0.0,0.0,1.0,0.1816326530612245,0.2727272727272727,0.18181818181818182,0.0,0.0,3,2,1,0,0,0,0,1,0.0,0.37,0.0,698000.0
10634512,0,1.0,0.0,0.0,0.0,1.0,0.0,0.0,0.0,0.0,0.0,0.0,0.0,0.0,0.0,0.0,1.0,0.0,0.0,0.1510204081632653,0.2727272727272727,0.18181818181818182,0.0,0.0,0,7,0,0,0,0,0,1,0.0,0.13,0.0,510000.0
10634501,0,1.0,0.0,0.0,0.0,1.0,0.0,0.0,0.0,0.0,0.0,0.0,0.0,0.0,0.0,0.0,1.0,0.0,0.0,0.0816326530612245,0.09090909090909091,0.09090909090909091,0.0,0.05555555555555555,5,6,1,1,0,0,0,1,0.0,0.1,0.0,229000.0
10634508,0,0.0,1.0,0.0,0.0,0.0,0.0,0.0,0.0,1.0,0.0,0.0,0.0,0.0,0.0,0.0,0.0,1.0,0.0,0.09081632653061225,0.1818181818181818,0.09090909090909091,0.0,0.05555555555555555,3,4,0,1,0,0,0,1,0.0,0.0,0.0,170000.0
10634526,0,0.0,1.0,0.0,0.0,0.0,1.0,0.0,0.0,0.0,0.0,0.0,0.0,0.0,0.0,0.0,0.0,0.0,1.0,0.07142857142857142,0.09090909090909091,0.09090909090909091,0.0,0.05555555555555555,3,2,0,0,0,0,1,1,0.0,0.0,0.0,249000.0
10634528,0,0.0,1.0,0.0,1.0,0.0,0.0,0.0,0.0,0.0,0.0,0.0,0.0,0.0,0.0,0.0,1.0,0.0,0.0,0.10714285714285715,0.09090909090909091,0.09090909090909091,0.0,0.05555555555555555,0,1,1,0,0,0,0,1,0.0,0.12,0.0,439000.0
10634541,0,0.0,1.0,0.0,0.0,0.0,1.0,0.0,0.0,0.0,0.0,0.0,0.0,0.0,0.0,0.0,0.0,0.0,1.0,0.06224489795918368,0.09090909090909091,0.09090909090909091,0.0,0.05555555555555555,3,2,1,0,0,0,0,1,0.0,0.1,0.0,205000.0
10634542,0,0.0,1.0,0.0,0.0,0.0,0.0,0.0,0.0,0.0,0.0,0.0,0.0,0.0,1.0,0.0,0.0,0.0,1.0,0.11836734693877551,0.1818181818181818,0.09090909090909091,0.0,0.1111111111111111,3,2,1,0,0,0,0,0,0.0,0.0,0.0,239000.0
10634553,0,0.0,1.0,0.0,0.0,0.0,0.0,0.0,0.0,0.0,0.0,0.0,0.0,0.0,1.0,1.0,0.0,0.0,0.0,0.08265306122448982,0.1818181818181818,0.09090909090909091,0.0,0.0,3,2,0,0,0,0,0,0,0.0,0.0,0.0,293000.0
10634543,0,0.0,0.0,1.0,0.0,0.0,0.0,0.0,1.0,0.0,0.0,0.0,0.0,0.0,0.0,0.0,0.0,0.0,1.0,0.07448979591836735,0.09090909090909091,0.0,0.0,0.05555555555555555,3,5,0,0,0,0,0,0,0.0,0.0,0.0,175000.0
10634549,0,1.0,0.0,0.0,0.0,1.0,0.0,0.0,0.0,0.0,0.0,0.0,0.0,0.0,0.0,0.0,1.0,0.0,0.0,0.11224489795918369,0.09090909090909091,0.09090909090909091,0.0,0.05555555555555555,2,7,1,1,0,0,0,1,0.0,0.5,0.0,550000.0
10634550,0,0.0,1.0,0.0,0.0,0.0,1.0,0.0,0.0,0.0,0.0,0.0,0.0,0.0,0.0,0.0,0.0,0.0,1.0,0.06428571428571428,0.09090909090909091,0.09090909090909091,0.0,0.05555555555555555,0,0,0,1,0,0,0,0,0.0,0.0,0.0,260000.0
10634566,0,0.0,1.0,0.0,1.0,0.0,0.0,0.0,0.0,0.0,0.0,0.0,0.0,0.0,0.0,0.0,0.0,1.0,0.0,0.07653061224489796,0.09090909090909091,0.09090909090909091,0.0,0.05555555555555555,3,0,1,0,0,0,0,0,0.0,0.0,0.0,219000.0
10634576,0,0.0,1.0,0.0,1.0,0.0,0.0,0.0,0.0,0.0,0.0,0.0,0.0,0.0,0.0,0.0,1.0,0.0,0.0,0.10714285714285715,0.09090909090909091,0.09090909090909091,0.0,0.05555555555555555,0,1,1,0,0,0,0,1,0.0,0.12,0.0,439000.0
10634582,0,0.0,1.0,0.0,1.0,0.0,0.0,0.0,0.0,0.0,0.0,0.0,0.0,0.0,0.0,0.0,0.0,0.0,1.0,0.036734693877551024,0.0,0.09090909090909091,0.0,0.05555555555555555,3,3,1,1,0,0,1,1,0.0,0.18,0.0,169000.0
10634579,0,0.0,1.0,0.0,0.0,0.0,1.0,0.0,0.0,0.0,0.0,0.0,0.0,0.0,0.0,0.0,0.0,0.0,1.0,0.06632653061224492,0.09090909090909091,0.0,0.0,0.0,0,2,1,0,0,0,0,1,0.0,0.0,0.0,295000.0
10634587,0,0.0,1.0,0.0,1.0,0.0,0.0,0.0,0.0,0.0,0.0,0.0,0.0,0.0,0.0,0.0,1.0,0.0,0.0,0.051020408163265314,0.0,0.09090909090909091,0.0,0.05555555555555555,0,0,1,1,0,0,1,1,0.0,0.06,0.0,379000.0
10634586,0,0.0,1.0,0.0,1.0,0.0,0.0,0.0,0.0,0.0,0.0,0.0,0.0,0.0,0.0,0.0,1.0,0.0,0.0,0.051020408163265314,0.0,0.09090909090909091,0.0,0.05555555555555555,0,0,1,1,0,0,1,1,0.0,0.06,0.0,369000.0
10634624,0,0.0,1.0,0.0,1.0,0.0,0.0,0.0,0.0,0.0,0.0,0.0,0.0,0.0,0.0,0.0,0.0,1.0,0.0,0.06122448979591837,0.09090909090909091,0.09090909090909091,0.0,0.05555555555555555,3,2,0,1,0,0,0,1,0.0,0.05,0.0,205000.0
10634601,0,0.0,1.0,0.0,1.0,0.0,0.0,0.0,0.0,0.0,0.0,0.0,0.0,0.0,0.0,0.0,0.0,1.0,0.0,0.051020408163265314,0.09090909090909091,0.09090909090909091,0.0,0.0,3,3,0,0,0,0,0,1,0.0,0.0,0.0,175000.0
10634611,0,0.0,1.0,0.0,0.0,0.0,0.0,0.0,0.0,0.0,0.0,0.0,0.0,0.0,1.0,0.0,0.0,0.0,1.0,0.1316326530612245,0.09090909090909091,0.09090909090909091,0.0,0.0,0,0,1,1,0,0,0,1,0.0,0.32,0.0,431000.0
10634595,0,1.0,0.0,0.0,0.0,1.0,0.0,0.0,0.0,0.0,0.0,0.0,0.0,0.0,0.0,0.0,1.0,0.0,0.0,0.10204081632653061,0.0,0.09090909090909091,0.0,0.05555555555555555,0,7,0,0,0,0,1,1,0.04,0.1,0.0,385000.0
10634594,0,1.0,0.0,0.0,0.0,1.0,0.0,0.0,0.0,0.0,0.0,0.0,0.0,0.0,0.0,0.0,0.0,1.0,0.0,0.05204081632653062,0.0,0.0,0.07142857142857142,0.05555555555555555,0,0,1,0,0,0,0,1,0.0,0.09,0.0,318000.0
10634625,0,0.0,1.0,0.0,1.0,0.0,0.0,0.0,0.0,0.0,0.0,0.0,0.0,0.0,0.0,0.0,0.0,1.0,0.0,0.07142857142857142,0.09090909090909091,0.09090909090909091,0.0,0.0,3,3,1,1,0,0,0,1,0.0,0.0,0.0,205000.0
10634632,0,0.0,1.0,0.0,1.0,0.0,0.0,0.0,0.0,0.0,0.0,0.0,0.0,0.0,0.0,0.0,0.0,0.0,1.0,0.06122448979591837,0.09090909090909091,0.09090909090909091,0.0,0.0,3,2,1,1,0,0,1,1,0.0,0.0,0.0,229000.0
10503575,1,0.0,0.0,1.0,0.0,0.0,0.0,0.0,1.0,0.0,0.0,0.0,0.0,0.0,0.0,0.0,0.0,1.0,0.0,0.07142857142857142,0.1818181818181818,0.09090909090909091,0.0,0.0,3,4,0,0,0,0,0,0,0.0,0.0,5.135348529685524e-05,145000.0
10503567,1,0.0,1.0,0.0,1.0,0.0,0.0,0.0,0.0,0.0,0.0,0.0,0.0,0.0,0.0,0.0,0.0,0.0,1.0,0.35714285714285715,0.36363636363636365,0.36363636363636365,0.0,0.2777777777777778,1,3,0,0,1,0,0,1,0.0,1.0,0.003778149275411493,1298000.0
10634687,0,0.0,1.0,0.0,0.0,0.0,1.0,0.0,0.0,0.0,0.0,0.0,0.0,0.0,0.0,0.0,0.0,1.0,0.0,0.05408163265306123,0.0,0.09090909090909091,0.0,0.05555555555555555,1,1,1,1,0,0,0,1,0.0,0.0,0.0,179000.0
10634655,0,1.0,0.0,0.0,0.0,1.0,0.0,0.0,0.0,0.0,0.0,0.0,0.0,0.0,0.0,0.0,1.0,0.0,0.0,0.02755102040816327,0.0,0.0,0.07142857142857142,0.05555555555555555,1,0,1,1,0,0,0,1,0.0,0.5,0.0,350000.0
10634675,0,0.0,0.0,1.0,0.0,0.0,0.0,0.0,1.0,0.0,0.0,0.0,0.0,0.0,0.0,1.0,0.0,0.0,0.0,0.11224489795918369,0.1818181818181818,0.09090909090909091,0.0,0.1111111111111111,3,3,1,1,0,0,0,0,0.0,0.0,0.0,170000.0
10634666,0,1.0,0.0,0.0,0.0,1.0,0.0,0.0,0.0,0.0,0.0,0.0,0.0,0.0,0.0,0.0,0.0,0.0,1.0,0.15816326530612246,0.1818181818181818,0.18181818181818182,0.0,0.0,1,0,1,0,1,0,0,1,0.0,0.06,0.0,699900.0
10634693,1,0.0,0.0,1.0,0.0,0.0,0.0,0.0,1.0,0.0,0.0,0.0,0.0,0.0,0.0,0.0,0.0,0.0,1.0,0.1326530612244898,0.09090909090909091,0.09090909090909091,0.0,0.1111111111111111,3,3,0,1,0,0,1,1,0.0,0.2,0.00020174583509478846,230000.0
10634695,1,0.0,0.0,1.0,0.0,0.0,0.0,0.0,1.0,0.0,0.0,0.0,0.0,0.0,0.0,0.0,0.0,0.0,1.0,0.1326530612244898,0.09090909090909091,0.09090909090909091,0.0,0.1111111111111111,3,3,0,1,0,0,1,1,0.0,0.2,0.00020174583509478846,230000.0
10634689,0,0.0,0.0,1.0,0.0,0.0,0.0,0.0,0.0,0.0,0.0,0.0,0.0,1.0,0.0,0.0,0.0,1.0,0.0,0.09183673469387757,0.1818181818181818,0.18181818181818182,0.0,0.1111111111111111,3,3,1,1,0,0,0,1,0.0,0.04,0.0,210000.0
10634697,0,0.0,1.0,0.0,1.0,0.0,0.0,0.0,0.0,0.0,0.0,0.0,0.0,0.0,0.0,0.0,0.0,0.0,1.0,0.17346938775510207,0.09090909090909091,0.09090909090909091,0.0,0.05555555555555555,0,0,0,0,0,0,0,1,0.0,0.03,0.0,225000.0
10634703,0,0.0,1.0,0.0,0.0,0.0,1.0,0.0,0.0,0.0,0.0,0.0,0.0,0.0,0.0,1.0,0.0,0.0,0.0,0.06224489795918368,0.09090909090909091,0.0,0.0,0.05555555555555555,3,6,1,0,0,0,0,1,0.0,0.0,0.0,367000.0
10634707,0,1.0,0.0,0.0,0.0,1.0,0.0,0.0,0.0,0.0,0.0,0.0,0.0,0.0,0.0,0.0,1.0,0.0,0.0,0.07142857142857142,0.09090909090909091,0.09090909090909091,0.0,0.0,4,6,0,1,0,0,0,1,0.0,0.03,0.0,330000.0
10634718,0,0.0,0.0,1.0,0.0,0.0,0.0,0.0,1.0,0.0,0.0,0.0,0.0,0.0,0.0,0.0,0.0,0.0,1.0,0.06326530612244899,0.09090909090909091,0.09090909090909091,0.0,0.05555555555555555,3,6,0,1,0,0,1,1,1.0,0.2,0.0,119000.0
10634708,0,1.0,0.0,0.0,0.0,1.0,0.0,0.0,0.0,0.0,0.0,0.0,0.0,0.0,0.0,0.0,0.0,0.0,1.0,0.08673469387755103,0.09090909090909091,0.18181818181818182,0.0,0.0,0,3,1,1,0,0,0,1,0.0,0.07,0.0,355000.0
10634743,0,0.0,1.0,0.0,0.0,0.0,1.0,0.0,0.0,0.0,0.0,0.0,0.0,0.0,0.0,0.0,0.0,0.0,1.0,0.09285714285714286,0.09090909090909091,0.09090909090909091,0.0,0.05555555555555555,2,1,0,1,0,0,1,1,0.0,0.12,0.0,450000.0
10634709,0,1.0,0.0,0.0,0.0,1.0,0.0,0.0,0.0,0.0,0.0,0.0,0.0,0.0,0.0,0.0,0.0,0.0,1.0,0.05612244897959184,0.09090909090909091,0.09090909090909091,0.0,0.0,0,4,0,1,0,0,0,0,0.0,0.0,0.0,293000.0
10634732,0,0.0,1.0,0.0,0.0,0.0,0.0,0.0,0.0,1.0,0.0,0.0,0.0,0.0,0.0,0.0,0.0,0.0,1.0,0.113265306122449,0.1818181818181818,0.0,0.0,0.0,0,3,0,1,0,0,0,0,0.0,0.0,0.0,185000.0
10634721,0,0.0,0.0,1.0,0.0,0.0,0.0,0.0,1.0,0.0,0.0,0.0,0.0,0.0,0.0,1.0,0.0,0.0,0.0,0.02142857142857143,0.0,0.09090909090909091,0.0,0.05555555555555555,3,6,0,1,0,0,0,0,0.0,0.0,0.0,78000.0
10634761,0,0.0,0.0,1.0,0.0,0.0,0.0,0.0,0.0,0.0,0.0,0.0,1.0,0.0,0.0,0.0,1.0,0.0,0.0,0.1438775510204082,0.1818181818181818,0.09090909090909091,0.0,0.05555555555555555,1,2,0,1,0,0,0,0,0.0,0.0,0.0,275000.0
10634765,0,0.0,0.0,1.0,0.0,0.0,0.0,0.0,0.0,0.0,0.0,0.0,1.0,0.0,0.0,0.0,0.0,1.0,0.0,0.04387755102040817,0.0,0.09090909090909091,0.0,0.05555555555555555,1,4,0,1,0,0,0,0,0.0,0.0,0.0,169000.0
10634737,0,0.0,1.0,0.0,0.0,0.0,1.0,0.0,0.0,0.0,0.0,0.0,0.0,0.0,0.0,0.0,0.0,0.0,1.0,0.12551020408163266,0.1818181818181818,0.18181818181818182,0.0,0.0,0,1,1,0,0,0,0,1,0.0,0.17,0.0,349000.0
10634760,0,0.0,0.0,1.0,0.0,0.0,0.0,0.0,0.0,0.0,0.0,0.0,1.0,0.0,0.0,0.0,0.0,0.0,1.0,0.04387755102040817,0.0,0.09090909090909091,0.0,0.05555555555555555,1,4,0,1,0,0,0,0,0.0,0.0,0.0,169000.0
10634796,0,0.0,1.0,0.0,1.0,0.0,0.0,0.0,0.0,0.0,0.0,0.0,0.0,0.0,0.0,0.0,0.0,1.0,0.0,0.08775510204081632,0.09090909090909091,0.09090909090909091,0.0,0.05555555555555555,3,2,1,1,0,0,0,1,0.0,0.0,0.0,250000.0
10634766,0,0.0,0.0,1.0,0.0,0.0,0.0,0.0,0.0,0.0,0.0,0.0,1.0,0.0,0.0,0.0,0.0,0.0,1.0,0.04387755102040817,0.0,0.09090909090909091,0.0,0.05555555555555555,1,4,0,1,0,0,0,0,0.0,0.0,0.0,169000.0
10372678,0,0.0,1.0,0.0,0.0,0.0,0.0,0.0,0.0,0.0,0.0,0.0,0.0,0.0,1.0,0.0,0.0,0.0,1.0,0.06122448979591837,0.09090909090909091,0.09090909090909091,0.0,0.05555555555555555,2,3,1,0,0,0,1,1,0.0,0.09,0.0,209000.0
10634767,0,0.0,0.0,1.0,0.0,0.0,0.0,0.0,0.0,0.0,0.0,0.0,1.0,0.0,0.0,0.0,0.0,0.0,1.0,0.04387755102040817,0.0,0.09090909090909091,0.0,0.05555555555555555,1,4,0,1,0,0,0,0,0.0,0.0,0.0,169000.0
10634816,0,1.0,0.0,0.0,0.0,1.0,0.0,0.0,0.0,0.0,0.0,0.0,0.0,0.0,0.0,0.0,1.0,0.0,0.0,0.05000000000000001,0.0,0.0,0.07142857142857142,0.05555555555555555,3,6,0,0,0,0,0,0,0.0,0.0,0.0,146000.0
10634834,0,1.0,0.0,0.0,0.0,1.0,0.0,0.0,0.0,0.0,0.0,0.0,0.0,0.0,0.0,0.0,1.0,0.0,0.0,0.06938775510204082,0.09090909090909091,0.09090909090909091,0.0,0.0,0,0,0,0,0,0,0,1,0.0,0.04,0.0,249000.0
10634851,0,0.0,1.0,0.0,0.0,0.0,0.0,1.0,0.0,0.0,0.0,0.0,0.0,0.0,0.0,0.0,0.0,0.0,1.0,0.06326530612244899,0.09090909090909091,0.09090909090909091,0.0,0.05555555555555555,3,2,1,0,0,0,0,1,0.0,0.1,0.0,279000.0
10634852,0,1.0,0.0,0.0,0.0,1.0,0.0,0.0,0.0,0.0,0.0,0.0,0.0,0.0,0.0,0.0,0.0,0.0,1.0,0.07959183673469389,0.09090909090909091,0.09090909090909091,0.0,0.05555555555555555,5,6,0,0,0,0,0,1,0.0,0.03,0.0,279000.0
10634860,0,0.0,1.0,0.0,1.0,0.0,0.0,0.0,0.0,0.0,0.0,0.0,0.0,0.0,0.0,0.0,1.0,0.0,0.0,0.13571428571428573,0.09090909090909091,0.09090909090909091,0.0,0.05555555555555555,3,0,0,1,0,0,0,0,0.0,0.0,0.0,249000.0
10110566,1,0.0,0.0,1.0,0.0,0.0,0.0,0.0,1.0,0.0,0.0,0.0,0.0,0.0,0.0,0.0,0.0,0.0,1.0,0.11020408163265308,0.1818181818181818,0.09090909090909091,0.0,0.1111111111111111,3,3,0,1,0,0,0,0,0.0,0.0,0.0,180000.0
10634844,0,0.0,0.0,1.0,0.0,0.0,0.0,0.0,0.0,0.0,0.0,0.0,1.0,0.0,0.0,0.0,0.0,1.0,0.0,0.059183673469387764,0.09090909090909091,0.09090909090909091,0.0,0.05555555555555555,3,5,0,0,0,0,0,0,0.0,0.0,0.0,215000.0
10634861,0,0.0,1.0,0.0,1.0,0.0,0.0,0.0,0.0,0.0,0.0,0.0,0.0,0.0,0.0,0.0,1.0,0.0,0.0,0.13571428571428573,0.09090909090909091,0.09090909090909091,0.0,0.05555555555555555,3,0,0,1,0,0,0,0,0.0,0.0,0.0,249000.0
10503801,0,0.0,1.0,0.0,0.0,0.0,0.0,0.0,0.0,0.0,0.0,0.0,0.0,0.0,1.0,0.0,0.0,0.0,1.0,0.031632653061224494,0.0,0.09090909090909091,0.0,0.05555555555555555,3,5,1,0,0,0,0,1,0.0,0.03,0.0,183000.0
10634862,0,0.0,1.0,0.0,0.0,0.0,1.0,0.0,0.0,0.0,0.0,0.0,0.0,0.0,0.0,0.0,1.0,0.0,0.0,0.05612244897959184,0.09090909090909091,0.09090909090909091,0.0,0.05555555555555555,3,2,0,0,0,0,1,1,0.0,0.14,0.0,239000.0
10634863,0,0.0,1.0,0.0,0.0,0.0,1.0,0.0,0.0,0.0,0.0,0.0,0.0,0.0,0.0,1.0,0.0,0.0,0.0,0.05612244897959184,0.09090909090909091,0.09090909090909091,0.0,0.05555555555555555,3,2,0,0,0,0,1,1,0.0,0.14,0.0,239000.0
10634878,0,0.0,1.0,0.0,0.0,0.0,1.0,0.0,0.0,0.0,0.0,0.0,0.0,0.0,0.0,0.0,1.0,0.0,0.0,0.05204081632653062,0.0,0.09090909090909091,0.0,0.0,1,3,1,0,0,0,0,1,0.0,0.16,0.0,212000.0
10503846,1,0.0,1.0,0.0,0.0,0.0,0.0,0.0,0.0,0.0,0.0,0.0,0.0,0.0,1.0,0.0,0.0,0.0,1.0,0.12142857142857144,0.09090909090909091,0.09090909090909091,0.07142857142857142,0.05555555555555555,2,3,0,0,0,0,0,1,0.0,0.0,9.353670536212919e-05,239000.0
10634912,0,0.0,1.0,0.0,0.0,0.0,1.0,0.0,0.0,0.0,0.0,0.0,0.0,0.0,0.0,0.0,0.0,1.0,0.0,0.0816326530612245,0.1818181818181818,0.09090909090909091,0.0,0.05555555555555555,3,2,0,1,0,0,0,0,0.0,0.0,0.0,279000.0
10634969,0,0.0,0.0,1.0,0.0,0.0,0.0,0.0,0.0,0.0,0.0,0.0,0.0,1.0,0.0,0.0,0.0,0.0,1.0,0.06122448979591837,0.09090909090909091,0.09090909090909091,0.07142857142857142,0.05555555555555555,1,4,0,0,0,0,0,1,0.0,0.03,0.0,240000.0
10503906,1,0.0,0.0,1.0,0.0,0.0,0.0,0.0,0.0,0.0,0.0,0.0,0.0,1.0,0.0,0.0,0.0,1.0,0.0,0.9693877551020409,0.36363636363636365,0.4545454545454546,0.3571428571428571,0.0,1,2,1,0,1,0,0,1,0.0,0.0,0.009170265231581293,3200000.0
10634979,0,0.0,1.0,0.0,0.0,0.0,1.0,0.0,0.0,0.0,0.0,0.0,0.0,0.0,0.0,1.0,0.0,0.0,0.0,0.05204081632653062,0.0,0.09090909090909091,0.0,0.05555555555555555,3,2,1,0,0,0,0,0,0.0,0.0,0.0,375000.0
10634971,1,0.0,1.0,0.0,0.0,0.0,0.0,1.0,0.0,0.0,0.0,0.0,0.0,0.0,0.0,0.0,0.0,0.0,1.0,0.2142857142857143,0.1818181818181818,0.18181818181818182,0.0,0.16666666666666666,3,3,0,0,0,0,0,0,0.0,0.0,0.0008638389848149578,690000.0
10635004,0,0.0,0.0,1.0,0.0,0.0,0.0,0.0,0.0,0.0,0.0,0.0,1.0,0.0,0.0,1.0,0.0,0.0,0.0,0.07448979591836735,0.09090909090909091,0.09090909090909091,0.0,0.05555555555555555,4,3,1,0,0,0,0,0,0.0,0.0,0.0,195000.0
10635002,0,1.0,0.0,0.0,0.0,1.0,0.0,0.0,0.0,0.0,0.0,0.0,0.0,0.0,0.0,1.0,0.0,0.0,0.0,0.113265306122449,0.1818181818181818,0.18181818181818182,0.0,0.05555555555555555,4,7,1,0,0,0,0,1,0.0,0.42,0.0,375000.0
10635016,0,0.0,1.0,0.0,0.0,0.0,0.0,1.0,0.0,0.0,0.0,0.0,0.0,0.0,0.0,0.0,0.0,0.0,1.0,0.06836734693877553,0.09090909090909091,0.09090909090909091,0.0,0.05555555555555555,3,4,0,0,0,0,0,1,0.0,0.02,0.0,247000.0
10635026,0,0.0,1.0,0.0,0.0,0.0,0.0,1.0,0.0,0.0,0.0,0.0,0.0,0.0,0.0,0.0,1.0,0.0,0.0,0.07142857142857142,0.09090909090909091,0.09090909090909091,0.07142857142857142,0.05555555555555555,1,1,1,0,0,0,1,1,0.15,0.5,0.0,399000.0
10635029,0,1.0,0.0,0.0,0.0,1.0,0.0,0.0,0.0,0.0,0.0,0.0,0.0,0.0,0.0,0.0,1.0,0.0,0.0,0.09897959183673471,0.1818181818181818,0.09090909090909091,0.07142857142857142,0.1111111111111111,3,4,1,0,0,0,0,0,0.0,0.0,0.0,319000.0
10635059,0,0.0,1.0,0.0,1.0,0.0,0.0,0.0,0.0,0.0,0.0,0.0,0.0,0.0,0.0,0.0,0.0,0.0,1.0,0.057142857142857155,0.09090909090909091,0.09090909090909091,0.0,0.05555555555555555,3,2,0,1,0,0,0,1,0.0,0.25,0.0,269900.0
10635037,0,0.0,0.0,1.0,0.0,0.0,0.0,0.0,0.0,0.0,1.0,0.0,0.0,0.0,0.0,0.0,0.0,0.0,1.0,0.07653061224489796,0.09090909090909091,0.09090909090909091,0.0,0.0,0,2,0,0,0,0,0,1,0.0,0.08,0.0,239000.0
10635068,0,0.0,0.0,1.0,0.0,0.0,0.0,0.0,0.0,0.0,1.0,0.0,0.0,0.0,0.0,1.0,0.0,0.0,0.0,0.039795918367346944,0.0,0.09090909090909091,0.0,0.05555555555555555,2,4,1,0,0,0,0,0,0.0,0.0,0.0,179000.0
10635081,0,0.0,0.0,1.0,0.0,0.0,0.0,0.0,1.0,0.0,0.0,0.0,0.0,0.0,0.0,0.0,1.0,0.0,0.0,0.07653061224489796,0.09090909090909091,0.09090909090909091,0.0,0.0,0,3,1,0,0,0,0,0,0.0,0.0,0.0,175000.0
10635070,0,0.0,1.0,0.0,1.0,0.0,0.0,0.0,0.0,0.0,0.0,0.0,0.0,0.0,0.0,0.0,0.0,0.0,1.0,0.0836734693877551,0.09090909090909091,0.09090909090909091,0.0,0.0,1,3,1,0,0,0,1,1,0.06,0.25,0.0,325000.0
10635088,0,1.0,0.0,0.0,0.0,1.0,0.0,0.0,0.0,0.0,0.0,0.0,0.0,0.0,0.0,0.0,1.0,0.0,0.0,0.06938775510204082,0.09090909090909091,0.09090909090909091,0.0,0.05555555555555555,1,0,1,0,0,0,0,1,0.0,0.1,0.0,425000.0
10635095,0,1.0,0.0,0.0,0.0,1.0,0.0,0.0,0.0,0.0,0.0,0.0,0.0,0.0,0.0,0.0,1.0,0.0,0.0,0.025510204081632654,0.0,0.09090909090909091,0.0,0.0,3,7,0,0,0,0,0,1,0.0,0.0,0.0,159000.0
10635090,0,0.0,0.0,1.0,0.0,0.0,0.0,0.0,1.0,0.0,0.0,0.0,0.0,0.0,0.0,0.0,0.0,1.0,0.0,0.04081632653061225,0.0,0.09090909090909091,0.0,0.05555555555555555,0,4,0,0,0,0,0,0,0.0,0.0,0.0,159000.0
10635138,0,0.0,1.0,0.0,0.0,0.0,0.0,1.0,0.0,0.0,0.0,0.0,0.0,0.0,0.0,1.0,0.0,0.0,0.0,0.0979591836734694,0.1818181818181818,0.18181818181818182,0.0,0.1111111111111111,1,4,1,0,0,0,0,1,0.0,0.31,0.0,398000.0
10635099,0,0.0,0.0,1.0,0.0,0.0,0.0,0.0,1.0,0.0,0.0,0.0,0.0,0.0,0.0,0.0,0.0,1.0,0.0,0.0816326530612245,0.09090909090909091,0.09090909090909091,0.0,0.05555555555555555,0,4,0,0,0,0,0,1,0.0,0.1,0.0,130000.0
10635097,0,0.0,1.0,0.0,1.0,0.0,0.0,0.0,0.0,0.0,0.0,0.0,0.0,0.0,0.0,0.0,0.0,0.0,1.0,0.07448979591836735,0.09090909090909091,0.0,0.0,0.0,0,0,0,0,0,0,0,1,0.0,0.08,0.0,284500.0
10635125,0,0.0,1.0,0.0,0.0,0.0,0.0,0.0,0.0,0.0,0.0,0.0,0.0,0.0,1.0,0.0,0.0,1.0,0.0,0.020408163265306124,0.0,0.0,0.0,0.05555555555555555,1,3,1,0,0,0,0,1,0.0,0.0,0.0,145000.0
10635200,0,0.0,1.0,0.0,1.0,0.0,0.0,0.0,0.0,0.0,0.0,0.0,0.0,0.0,0.0,0.0,0.0,0.0,1.0,0.06122448979591837,0.09090909090909091,0.09090909090909091,0.0,0.0,3,3,0,0,0,0,0,1,0.0,0.0,0.0,215000.0
10635202,0,1.0,0.0,0.0,0.0,1.0,0.0,0.0,0.0,0.0,0.0,0.0,0.0,0.0,0.0,0.0,1.0,0.0,0.0,0.05612244897959184,0.09090909090909091,0.0,0.0,0.0,0,0,0,0,0,0,0,1,0.0,0.07,0.0,225000.0
10635186,0,0.0,1.0,0.0,1.0,0.0,0.0,0.0,0.0,0.0,0.0,0.0,0.0,0.0,0.0,0.0,0.0,0.0,1.0,0.07653061224489796,0.09090909090909091,0.09090909090909091,0.0,0.05555555555555555,0,4,0,1,0,0,0,0,0.0,0.0,0.0,209000.0
10635205,0,1.0,0.0,0.0,0.0,1.0,0.0,0.0,0.0,0.0,0.0,0.0,0.0,0.0,0.0,0.0,0.0,0.0,1.0,0.2285714285714286,0.36363636363636365,0.18181818181818182,0.0,0.16666666666666666,4,6,0,0,0,0,1,1,0.12,0.73,0.0,595000.0
10635209,0,1.0,0.0,0.0,0.0,1.0,0.0,0.0,0.0,0.0,0.0,0.0,0.0,0.0,0.0,0.0,0.0,0.0,1.0,0.07755102040816328,0.09090909090909091,0.09090909090909091,0.0,0.05555555555555555,1,3,1,0,0,0,0,1,0.0,0.0,0.0,399000.0
10635216,0,1.0,0.0,0.0,0.0,1.0,0.0,0.0,0.0,0.0,0.0,0.0,0.0,0.0,0.0,0.0,0.0,0.0,1.0,0.163265306122449,0.1818181818181818,0.18181818181818182,0.07142857142857142,0.2222222222222222,3,5,1,0,0,0,0,1,0.0,0.16,0.0,840000.0
10635225,0,0.0,1.0,0.0,0.0,0.0,0.0,1.0,0.0,0.0,0.0,0.0,0.0,0.0,0.0,0.0,0.0,1.0,0.0,0.06122448979591837,0.09090909090909091,0.0,0.07142857142857142,0.05555555555555555,0,0,0,1,0,0,0,1,0.0,0.06,0.0,249000.0
10635221,0,0.0,1.0,0.0,1.0,0.0,0.0,0.0,0.0,0.0,0.0,0.0,0.0,0.0,0.0,0.0,1.0,0.0,0.0,0.07551020408163267,0.09090909090909091,0.18181818181818182,0.0,0.1111111111111111,3,2,0,0,0,0,0,1,0.0,0.07,0.0,349000.0
10635230,0,0.0,1.0,0.0,1.0,0.0,0.0,0.0,0.0,0.0,0.0,0.0,0.0,0.0,0.0,0.0,1.0,0.0,0.0,0.02755102040816327,0.0,0.09090909090909091,0.0,0.0,1,1,0,0,0,0,0,1,0.0,0.0,0.0,230000.0
10635226,0,1.0,0.0,0.0,0.0,1.0,0.0,0.0,0.0,0.0,0.0,0.0,0.0,0.0,0.0,0.0,1.0,0.0,0.0,0.06122448979591837,0.09090909090909091,0.09090909090909091,0.07142857142857142,0.05555555555555555,3,4,1,0,0,0,0,0,0.0,0.0,0.0,239000.0
10635254,0,1.0,0.0,0.0,0.0,1.0,0.0,0.0,0.0,0.0,0.0,0.0,0.0,0.0,0.0,0.0,1.0,0.0,0.0,0.10714285714285715,0.1818181818181818,0.09090909090909091,0.07142857142857142,0.1111111111111111,1,4,1,0,0,0,0,1,0.0,0.04,0.0,315000.0
10635234,0,0.0,0.0,1.0,0.0,0.0,0.0,0.0,0.0,0.0,1.0,0.0,0.0,0.0,0.0,1.0,0.0,0.0,0.0,0.07857142857142857,0.09090909090909091,0.09090909090909091,0.0,0.0,0,4,1,0,0,0,0,0,0.0,0.0,0.0,200000.0
10635279,0,0.0,1.0,0.0,0.0,0.0,1.0,0.0,0.0,0.0,0.0,0.0,0.0,0.0,0.0,1.0,0.0,0.0,0.0,0.1163265306122449,0.1818181818181818,0.09090909090909091,0.0,0.1111111111111111,3,0,0,0,0,0,0,1,0.0,0.0,0.0,560000.0
10635235,0,0.0,1.0,0.0,0.0,0.0,0.0,0.0,0.0,0.0,0.0,0.0,0.0,0.0,1.0,0.0,0.0,1.0,0.0,0.015306122448979595,0.0,0.0,0.0,0.05555555555555555,3,2,0,0,0,0,0,1,0.0,0.0,0.0,130000.0
10635252,0,1.0,0.0,0.0,0.0,1.0,0.0,0.0,0.0,0.0,0.0,0.0,0.0,0.0,0.0,0.0,0.0,0.0,1.0,0.1479591836734694,0.2727272727272727,0.2727272727272727,0.14285714285714285,0.1111111111111111,5,4,1,0,0,0,0,1,0.0,0.3,0.0,535000.0
10635299,0,0.0,1.0,0.0,1.0,0.0,0.0,0.0,0.0,0.0,0.0,0.0,0.0,0.0,0.0,0.0,0.0,1.0,0.0,0.06122448979591837,0.09090909090909091,0.09090909090909091,0.0,0.05555555555555555,2,2,1,1,0,0,0,1,0.0,0.02,0.0,279500.0
10635303,0,0.0,0.0,1.0,0.0,0.0,0.0,0.0,0.0,0.0,1.0,0.0,0.0,0.0,0.0,0.0,0.0,1.0,0.0,0.042857142857142864,0.0,0.0,0.07142857142857142,0.05555555555555555,0,0,0,0,0,0,1,1,0.033,0.08,0.0,193500.0
10635304,0,0.0,0.0,1.0,0.0,0.0,0.0,0.0,0.0,0.0,1.0,0.0,0.0,0.0,0.0,0.0,0.0,1.0,0.0,0.2448979591836735,0.2727272727272727,0.09090909090909091,0.07142857142857142,0.1111111111111111,0,2,0,0,0,0,0,1,0.0,1.0,0.0,795000.0
10635321,0,0.0,0.0,1.0,0.0,0.0,0.0,0.0,0.0,0.0,1.0,0.0,0.0,0.0,0.0,0.0,0.0,1.0,0.0,0.11836734693877551,0.1818181818181818,0.09090909090909091,0.07142857142857142,0.1111111111111111,0,0,0,0,0,0,1,1,0.048,0.2,0.0,325000.0
10635337,0,1.0,0.0,0.0,0.0,1.0,0.0,0.0,0.0,0.0,0.0,0.0,0.0,0.0,0.0,0.0,0.0,0.0,1.0,0.11530612244897961,0.09090909090909091,0.09090909090909091,0.0,0.1111111111111111,0,0,0,1,0,0,0,1,0.0,0.04,0.0,304500.0
10635310,0,0.0,0.0,1.0,0.0,0.0,0.0,0.0,0.0,0.0,1.0,0.0,0.0,0.0,0.0,0.0,0.0,1.0,0.0,0.06122448979591837,0.09090909090909091,0.0,0.07142857142857142,0.05555555555555555,0,0,0,0,0,0,1,1,0.048,0.11,0.0,232500.0
10635411,0,0.0,1.0,0.0,0.0,0.0,1.0,0.0,0.0,0.0,0.0,0.0,0.0,0.0,0.0,0.0,0.0,1.0,0.0,0.0653061224489796,0.09090909090909091,0.09090909090909091,0.0,0.05555555555555555,3,1,1,1,0,0,0,0,0.0,0.0,0.0,250000.0
10635365,0,0.0,0.0,1.0,0.0,0.0,0.0,0.0,0.0,0.0,0.0,0.0,1.0,0.0,0.0,0.0,1.0,0.0,0.0,0.18469387755102043,0.1818181818181818,0.09090909090909091,0.0,0.0,0,7,0,1,0,0,0,0,0.0,0.0,0.0,125000.0
10635426,0,0.0,1.0,0.0,1.0,0.0,0.0,0.0,0.0,0.0,0.0,0.0,0.0,0.0,0.0,0.0,1.0,0.0,0.0,0.05306122448979592,0.09090909090909091,0.09090909090909091,0.0,0.05555555555555555,1,2,0,1,0,0,1,1,0.0,0.0,0.0,269000.0
10635389,0,0.0,1.0,0.0,1.0,0.0,0.0,0.0,0.0,0.0,0.0,0.0,0.0,0.0,0.0,0.0,1.0,0.0,0.0,0.04081632653061225,0.0,0.09090909090909091,0.0,0.0,2,0,1,0,0,0,0,1,0.0,0.06,0.0,200000.0
10635505,0,1.0,0.0,0.0,0.0,1.0,0.0,0.0,0.0,0.0,0.0,0.0,0.0,0.0,0.0,0.0,0.0,1.0,0.0,0.05000000000000001,0.0,0.0,0.07142857142857142,0.1111111111111111,3,4,0,0,0,0,0,1,0.0,0.02,0.0,305000.0
10373323,0,0.0,1.0,0.0,0.0,0.0,0.0,1.0,0.0,0.0,0.0,0.0,0.0,0.0,0.0,0.0,1.0,0.0,0.0,0.07346938775510206,0.09090909090909091,0.09090909090909091,0.0,0.05555555555555555,1,0,0,0,0,0,0,1,0.0,0.29,0.0,338000.0
10635514,0,0.0,1.0,0.0,1.0,0.0,0.0,0.0,0.0,0.0,0.0,0.0,0.0,0.0,0.0,0.0,0.0,0.0,1.0,0.057142857142857155,0.09090909090909091,0.09090909090909091,0.0,0.0,3,5,0,0,0,0,0,0,0.0,0.0,0.0,195000.0
10373322,0,0.0,1.0,0.0,0.0,0.0,0.0,1.0,0.0,0.0,0.0,0.0,0.0,0.0,0.0,0.0,1.0,0.0,0.0,0.10612244897959186,0.1818181818181818,0.09090909090909091,0.0,0.1111111111111111,1,0,0,0,0,0,0,1,0.0,0.32,0.0,425000.0
10635536,0,0.0,1.0,0.0,1.0,0.0,0.0,0.0,0.0,0.0,0.0,0.0,0.0,0.0,0.0,0.0,0.0,1.0,0.0,0.09693877551020408,0.09090909090909091,0.09090909090909091,0.0,0.05555555555555555,3,2,1,1,0,0,0,0,0.0,0.0,0.0,339000.0
10635524,0,0.0,1.0,0.0,0.0,0.0,0.0,0.0,0.0,0.0,0.0,0.0,0.0,0.0,1.0,0.0,0.0,1.0,0.0,0.05000000000000001,0.09090909090909091,0.09090909090909091,0.0,0.05555555555555555,3,2,1,0,0,0,0,0,0.0,0.0,0.0,350000.0
10635550,0,0.0,1.0,0.0,1.0,0.0,0.0,0.0,0.0,0.0,0.0,0.0,0.0,0.0,0.0,0.0,0.0,0.0,1.0,0.06428571428571428,0.09090909090909091,0.09090909090909091,0.0,0.05555555555555555,3,2,0,1,0,0,0,1,0.0,0.02,0.0,229000.0
10635569,0,1.0,0.0,0.0,0.0,1.0,0.0,0.0,0.0,0.0,0.0,0.0,0.0,0.0,0.0,0.0,1.0,0.0,0.0,0.06632653061224492,0.09090909090909091,0.09090909090909091,0.0,0.05555555555555555,0,6,1,1,0,0,0,1,0.0,0.04,0.0,259000.0
10635576,0,0.0,1.0,0.0,0.0,0.0,0.0,1.0,0.0,0.0,0.0,0.0,0.0,0.0,0.0,1.0,0.0,0.0,0.0,0.1275510204081633,0.1818181818181818,0.09090909090909091,0.0,0.05555555555555555,3,2,1,0,0,0,0,1,0.0,0.0,0.0,595000.0
10504495,0,1.0,0.0,0.0,0.0,1.0,0.0,0.0,0.0,0.0,0.0,0.0,0.0,0.0,0.0,1.0,0.0,0.0,0.0,0.0816326530612245,0.09090909090909091,0.18181818181818182,0.07142857142857142,0.1111111111111111,3,0,0,1,0,0,0,0,0.0,0.0,0.0,410000.0
10635577,0,0.0,1.0,0.0,0.0,0.0,0.0,1.0,0.0,0.0,0.0,0.0,0.0,0.0,0.0,1.0,0.0,0.0,0.0,0.163265306122449,0.2727272727272727,0.4545454545454546,0.0,0.38888888888888884,3,0,0,0,0,0,1,1,0.34,0.48,0.0,745000.0
10373439,1,0.0,0.0,1.0,0.0,0.0,0.0,0.0,0.0,0.0,0.0,0.0,0.0,1.0,0.0,0.0,0.0,0.0,1.0,0.22448979591836737,0.2727272727272727,0.18181818181818182,0.14285714285714285,0.1111111111111111,1,3,0,0,0,0,1,1,1.0,1.0,0.016002112829109356,890000.0
10635589,0,0.0,1.0,0.0,0.0,0.0,1.0,0.0,0.0,0.0,0.0,0.0,0.0,0.0,0.0,1.0,0.0,0.0,0.0,0.1163265306122449,0.09090909090909091,0.18181818181818182,0.0,0.1111111111111111,1,1,0,0,0,0,1,1,0.0,0.0,0.0,434000.0
10635570,0,1.0,0.0,0.0,0.0,1.0,0.0,0.0,0.0,0.0,0.0,0.0,0.0,0.0,0.0,0.0,1.0,0.0,0.0,0.06632653061224492,0.09090909090909091,0.0,0.07142857142857142,0.05555555555555555,0,6,1,1,0,0,0,1,0.0,0.04,0.0,259000.0
10635587,0,0.0,1.0,0.0,0.0,0.0,1.0,0.0,0.0,0.0,0.0,0.0,0.0,0.0,0.0,0.0,1.0,0.0,0.0,0.1163265306122449,0.09090909090909091,0.18181818181818182,0.0,0.1111111111111111,1,1,0,0,0,0,1,1,0.0,0.0,0.0,434000.0
10635595,0,0.0,1.0,0.0,0.0,0.0,0.0,1.0,0.0,0.0,0.0,0.0,0.0,0.0,0.0,1.0,0.0,0.0,0.0,0.04081632653061225,0.0,0.09090909090909091,0.0,0.05555555555555555,0,2,0,0,0,0,0,0,0.0,0.0,0.0,235000.0
10635603,0,0.0,0.0,1.0,0.0,0.0,0.0,0.0,0.0,0.0,0.0,1.0,0.0,0.0,0.0,0.0,0.0,1.0,0.0,0.07142857142857142,0.09090909090909091,0.0,0.07142857142857142,0.05555555555555555,0,1,1,1,0,0,0,1,0.0,0.19,0.0,325000.0
10635597,0,0.0,1.0,0.0,0.0,0.0,0.0,0.0,0.0,0.0,0.0,0.0,0.0,0.0,1.0,0.0,0.0,0.0,1.0,0.025510204081632654,0.0,0.09090909090909091,0.0,0.05555555555555555,3,3,1,0,0,0,0,1,0.0,0.6,0.0,239000.0
10635598,0,0.0,1.0,0.0,0.0,0.0,0.0,0.0,0.0,0.0,0.0,0.0,0.0,0.0,1.0,0.0,0.0,0.0,1.0,0.04591836734693878,0.09090909090909091,0.09090909090909091,0.0,0.05555555555555555,4,3,0,0,0,0,0,1,0.0,0.05,0.0,199000.0
10635610,0,0.0,1.0,0.0,0.0,0.0,0.0,0.0,0.0,0.0,0.0,0.0,0.0,0.0,1.0,0.0,0.0,1.0,0.0,0.05510204081632653,0.09090909090909091,0.09090909090909091,0.0,0.05555555555555555,0,0,0,0,0,0,1,0,0.0,0.0,0.0,175000.0
10635604,0,0.0,1.0,0.0,0.0,0.0,0.0,0.0,0.0,1.0,0.0,0.0,0.0,0.0,0.0,0.0,0.0,0.0,1.0,0.07857142857142857,0.09090909090909091,0.09090909090909091,0.0,0.05555555555555555,3,3,1,0,0,0,0,1,0.0,0.1,0.0,229000.0
10635648,0,0.0,1.0,0.0,0.0,0.0,0.0,1.0,0.0,0.0,0.0,0.0,0.0,0.0,0.0,0.0,0.0,0.0,1.0,0.08979591836734696,0.09090909090909091,0.09090909090909091,0.0,0.05555555555555555,3,0,1,1,0,0,0,0,0.0,0.0,0.0,280056.0
10635660,0,0.0,0.0,1.0,0.0,0.0,0.0,0.0,1.0,0.0,0.0,0.0,0.0,0.0,0.0,0.0,0.0,0.0,1.0,0.07755102040816328,0.09090909090909091,0.0,0.07142857142857142,0.0,0,2,0,1,0,0,0,0,0.0,0.0,0.0,165000.0
10635614,0,0.0,1.0,0.0,1.0,0.0,0.0,0.0,0.0,0.0,0.0,0.0,0.0,0.0,0.0,0.0,0.0,1.0,0.0,0.06836734693877553,0.09090909090909091,0.09090909090909091,0.0,0.05555555555555555,3,2,1,0,0,0,0,0,0.0,0.0,0.0,229000.0
10635664,1,0.0,1.0,0.0,0.0,0.0,0.0,0.0,0.0,0.0,0.0,0.0,0.0,0.0,1.0,0.0,0.0,1.0,0.0,0.10612244897959186,0.09090909090909091,0.09090909090909091,0.0,0.05555555555555555,5,4,0,1,0,0,1,1,0.0,0.0,0.0002375098694979555,169000.0
10635661,0,0.0,0.0,1.0,0.0,0.0,0.0,0.0,0.0,0.0,0.0,0.0,1.0,0.0,0.0,1.0,0.0,0.0,0.0,0.05510204081632653,0.09090909090909091,0.09090909090909091,0.0,0.05555555555555555,3,3,1,0,0,0,0,0,0.0,0.0,0.0,149000.0
10635679,0,0.0,1.0,0.0,1.0,0.0,0.0,0.0,0.0,0.0,0.0,0.0,0.0,0.0,0.0,0.0,0.0,1.0,0.0,0.09081632653061225,0.09090909090909091,0.09090909090909091,0.0,0.05555555555555555,0,3,1,1,0,0,0,1,0.0,0.0,0.0,279000.0
10635704,0,0.0,0.0,1.0,0.0,0.0,0.0,0.0,0.0,0.0,1.0,0.0,0.0,0.0,0.0,1.0,0.0,0.0,0.0,0.07653061224489796,0.09090909090909091,0.09090909090909091,0.0,0.05555555555555555,1,3,1,1,0,0,0,1,0.0,0.08,0.0,199000.0
10635806,0,0.0,0.0,1.0,0.0,0.0,0.0,0.0,0.0,0.0,0.0,0.0,1.0,0.0,0.0,1.0,0.0,0.0,0.0,0.02142857142857143,0.0,0.09090909090909091,0.0,0.0,0,3,1,0,0,0,0,0,0.0,0.0,0.0,149000.0
10635792,0,0.0,1.0,0.0,0.0,0.0,0.0,0.0,0.0,0.0,0.0,0.0,0.0,0.0,1.0,0.0,0.0,0.0,1.0,0.06428571428571428,0.09090909090909091,0.09090909090909091,0.0,0.0,2,2,0,0,0,0,0,0,0.0,0.0,0.0,229000.0
10504683,1,0.0,1.0,0.0,0.0,0.0,1.0,0.0,0.0,0.0,0.0,0.0,0.0,0.0,0.0,0.0,0.0,0.0,1.0,0.23469387755102042,0.2727272727272727,0.09090909090909091,0.0,0.05555555555555555,0,4,0,0,0,0,1,0,0.633,0.0,0.0008895157274633854,360000.0
10635723,0,0.0,1.0,0.0,1.0,0.0,0.0,0.0,0.0,0.0,0.0,0.0,0.0,0.0,0.0,0.0,0.0,0.0,1.0,0.07346938775510206,0.09090909090909091,0.09090909090909091,0.0,0.05555555555555555,4,3,1,0,0,0,0,1,0.0,0.07,0.0,227000.0
10635770,0,1.0,0.0,0.0,0.0,1.0,0.0,0.0,0.0,0.0,0.0,0.0,0.0,0.0,0.0,0.0,0.0,0.0,1.0,0.14489795918367349,0.1818181818181818,0.09090909090909091,0.07142857142857142,0.1111111111111111,3,3,0,0,0,0,0,1,0.0,0.1,0.0,740000.0
10635809,0,0.0,1.0,0.0,0.0,0.0,0.0,0.0,0.0,0.0,0.0,0.0,0.0,0.0,1.0,0.0,0.0,0.0,1.0,0.06122448979591837,0.09090909090909091,0.09090909090909091,0.0,0.05555555555555555,1,4,1,0,0,0,0,1,0.0,0.0,0.0,325000.0
10635881,0,0.0,1.0,0.0,1.0,0.0,0.0,0.0,0.0,0.0,0.0,0.0,0.0,0.0,0.0,0.0,0.0,0.0,1.0,0.13877551020408166,0.09090909090909091,0.09090909090909091,0.0,0.05555555555555555,1,1,1,1,0,0,0,0,0.0,0.0,0.0,429000.0
10635829,0,1.0,0.0,0.0,0.0,1.0,0.0,0.0,0.0,0.0,0.0,0.0,0.0,0.0,0.0,0.0,1.0,0.0,0.0,0.05408163265306123,0.0,0.09090909090909091,0.0,0.05555555555555555,3,5,0,0,0,0,0,1,0.0,0.06,0.0,219000.0
10635915,0,0.0,1.0,0.0,0.0,0.0,1.0,0.0,0.0,0.0,0.0,0.0,0.0,0.0,0.0,0.0,0.0,0.0,1.0,0.11224489795918369,0.09090909090909091,0.18181818181818182,0.0,0.16666666666666666,0,2,0,0,0,0,1,1,0.0,0.2,0.0,259000.0
10635884,0,0.0,1.0,0.0,0.0,0.0,0.0,0.0,0.0,0.0,0.0,0.0,0.0,0.0,1.0,0.0,0.0,0.0,1.0,0.057142857142857155,0.0,0.09090909090909091,0.0,0.0,1,5,0,0,0,0,1,0,0.0,0.0,0.0,114000.0
10635922,0,0.0,0.0,1.0,0.0,0.0,0.0,0.0,0.0,0.0,0.0,0.0,1.0,0.0,0.0,0.0,1.0,0.0,0.0,0.09897959183673471,0.09090909090909091,0.18181818181818182,0.0,0.0,0,0,0,0,0,0,0,0,0.0,0.0,0.0,289000.0
10635923,0,0.0,0.0,1.0,0.0,0.0,0.0,0.0,0.0,0.0,0.0,0.0,1.0,0.0,0.0,0.0,1.0,0.0,0.0,0.11836734693877551,0.1818181818181818,0.09090909090909091,0.0,0.0,0,0,1,0,0,0,0,0,0.0,0.0,0.0,309000.0
10635926,0,0.0,0.0,1.0,0.0,0.0,0.0,0.0,0.0,0.0,0.0,0.0,1.0,0.0,0.0,0.0,1.0,0.0,0.0,0.1295918367346939,0.1818181818181818,0.0,0.0,0.0,0,0,1,0,0,0,0,0,0.0,0.0,0.0,325000.0
10635925,0,0.0,0.0,1.0,0.0,0.0,0.0,0.0,0.0,0.0,0.0,0.0,1.0,0.0,0.0,0.0,1.0,0.0,0.0,0.09489795918367347,0.1818181818181818,0.18181818181818182,0.0,0.0,0,0,0,0,0,0,0,0,0.0,0.0,0.0,282000.0
10635927,0,0.0,0.0,1.0,0.0,0.0,0.0,0.0,0.0,0.0,0.0,0.0,1.0,0.0,0.0,0.0,1.0,0.0,0.0,0.11530612244897961,0.1818181818181818,0.18181818181818182,0.0,0.0,0,0,0,0,0,0,0,0,0.0,0.0,0.0,349000.0
10635928,0,0.0,0.0,1.0,0.0,0.0,0.0,0.0,0.0,0.0,0.0,0.0,1.0,0.0,0.0,0.0,1.0,0.0,0.0,0.10510204081632654,0.09090909090909091,0.18181818181818182,0.0,0.0,0,0,0,0,0,0,0,0,0.0,0.0,0.0,315000.0
10635930,0,0.0,0.0,1.0,0.0,0.0,0.0,0.0,0.0,0.0,0.0,0.0,1.0,0.0,0.0,0.0,1.0,0.0,0.0,0.08775510204081632,0.09090909090909091,0.09090909090909091,0.0,0.0,0,0,0,0,0,0,0,0,0.0,0.0,0.0,249000.0
10635936,0,0.0,1.0,0.0,0.0,0.0,1.0,0.0,0.0,0.0,0.0,0.0,0.0,0.0,0.0,1.0,0.0,0.0,0.0,0.07653061224489796,0.09090909090909091,0.09090909090909091,0.0,0.05555555555555555,0,2,1,0,0,0,0,1,0.0,0.0,0.0,395000.0
10635939,0,0.0,1.0,0.0,0.0,0.0,1.0,0.0,0.0,0.0,0.0,0.0,0.0,0.0,0.0,0.0,0.0,1.0,0.0,0.15306122448979595,0.1818181818181818,0.18181818181818182,0.0,0.1111111111111111,0,2,1,0,0,0,1,1,0.0,1.0,0.0,645000.0
10635958,0,0.0,0.0,1.0,0.0,0.0,0.0,0.0,0.0,0.0,1.0,0.0,0.0,0.0,0.0,0.0,0.0,0.0,1.0,0.18571428571428575,0.1818181818181818,0.18181818181818182,0.0,0.0,0,3,1,0,0,0,1,0,0.0,0.0,0.0,595000.0
10635942,0,0.0,1.0,0.0,0.0,0.0,0.0,0.0,0.0,0.0,0.0,0.0,0.0,0.0,1.0,0.0,0.0,0.0,1.0,0.0836734693877551,0.09090909090909091,0.09090909090909091,0.0,0.05555555555555555,0,0,1,0,0,0,0,1,0.0,0.0,0.0,355000.0
10635964,0,0.0,1.0,0.0,0.0,0.0,1.0,0.0,0.0,0.0,0.0,0.0,0.0,0.0,0.0,0.0,1.0,0.0,0.0,0.0836734693877551,0.09090909090909091,0.09090909090909091,0.07142857142857142,0.1111111111111111,1,0,1,0,0,0,0,1,0.0,0.29,0.0,585000.0
10635960,0,0.0,1.0,0.0,0.0,0.0,1.0,0.0,0.0,0.0,0.0,0.0,0.0,0.0,0.0,1.0,0.0,0.0,0.0,0.057142857142857155,0.09090909090909091,0.09090909090909091,0.0,0.05555555555555555,3,6,0,0,0,0,0,0,0.0,0.0,0.0,269000.0
10635966,0,0.0,1.0,0.0,0.0,0.0,1.0,0.0,0.0,0.0,0.0,0.0,0.0,0.0,0.0,0.0,1.0,0.0,0.0,0.09591836734693879,0.09090909090909091,0.09090909090909091,0.07142857142857142,0.1111111111111111,1,0,1,0,0,0,0,1,0.0,0.2,0.0,429000.0
10635965,0,0.0,1.0,0.0,0.0,0.0,1.0,0.0,0.0,0.0,0.0,0.0,0.0,0.0,0.0,0.0,1.0,0.0,0.0,0.0836734693877551,0.09090909090909091,0.09090909090909091,0.07142857142857142,0.1111111111111111,1,0,1,0,0,0,0,1,0.0,0.29,0.0,565000.0
10636060,0,0.0,1.0,0.0,0.0,0.0,1.0,0.0,0.0,0.0,0.0,0.0,0.0,0.0,0.0,0.0,0.0,1.0,0.0,0.04591836734693878,0.0,0.09090909090909091,0.0,0.05555555555555555,1,1,1,0,0,0,1,1,0.0,0.0,0.0,225000.0
10505014,1,0.0,0.0,1.0,0.0,0.0,0.0,0.0,1.0,0.0,0.0,0.0,0.0,0.0,0.0,0.0,0.0,0.0,1.0,0.30612244897959184,0.8181818181818182,0.5454545454545454,0.0,0.0,5,7,0,1,0,0,1,0,0.17400000000000002,0.0,0.0003943214049579956,320000.0
10505017,1,0.0,0.0,1.0,0.0,0.0,0.0,0.0,1.0,0.0,0.0,0.0,0.0,0.0,0.0,0.0,0.0,0.0,1.0,0.30612244897959184,0.8181818181818182,0.5454545454545454,0.0,0.0,5,7,0,1,0,0,1,0,0.17400000000000002,0.0,0.0003943214049579956,320000.0
10636205,0,0.0,1.0,0.0,0.0,0.0,0.0,0.0,0.0,0.0,0.0,0.0,0.0,0.0,1.0,0.0,0.0,0.0,1.0,0.16632653061224492,0.1818181818181818,0.09090909090909091,0.0,0.0,1,3,0,0,0,0,0,0,0.0,0.0,0.0,169000.0
10636185,0,0.0,1.0,0.0,1.0,0.0,0.0,0.0,0.0,0.0,0.0,0.0,0.0,0.0,0.0,0.0,0.0,0.0,1.0,0.0653061224489796,0.09090909090909091,0.09090909090909091,0.0,0.0,0,4,1,0,0,0,1,1,0.0,0.09,0.0,215000.0
10636218,0,0.0,1.0,0.0,1.0,0.0,0.0,0.0,0.0,0.0,0.0,0.0,0.0,0.0,0.0,0.0,1.0,0.0,0.0,0.07142857142857142,0.09090909090909091,0.09090909090909091,0.0,0.05555555555555555,5,5,0,0,0,0,1,1,0.053,0.0,0.0,210000.0
10636241,0,1.0,0.0,0.0,0.0,1.0,0.0,0.0,0.0,0.0,0.0,0.0,0.0,0.0,0.0,0.0,1.0,0.0,0.0,0.06122448979591837,0.09090909090909091,0.09090909090909091,0.0,0.05555555555555555,3,5,0,0,0,0,0,0,0.0,0.0,0.0,219000.0
10636227,0,0.0,1.0,0.0,0.0,0.0,0.0,0.0,0.0,0.0,0.0,0.0,0.0,0.0,1.0,0.0,0.0,0.0,1.0,0.06224489795918368,0.0,0.09090909090909091,0.0,0.05555555555555555,1,0,1,0,0,0,0,1,0.0,0.15,0.0,241473.0
10636240,0,1.0,0.0,0.0,0.0,1.0,0.0,0.0,0.0,0.0,0.0,0.0,0.0,0.0,0.0,0.0,1.0,0.0,0.0,0.07142857142857142,0.09090909090909091,0.09090909090909091,0.0,0.05555555555555555,5,5,0,0,0,0,0,0,0.0,0.0,0.0,165000.0
10636259,0,0.0,1.0,0.0,0.0,0.0,0.0,0.0,0.0,1.0,0.0,0.0,0.0,0.0,0.0,0.0,0.0,1.0,0.0,0.04591836734693878,0.09090909090909091,0.09090909090909091,0.0,0.05555555555555555,0,5,1,0,0,0,0,0,0.0,0.0,0.0,155000.0
10636300,0,0.0,1.0,0.0,0.0,0.0,1.0,0.0,0.0,0.0,0.0,0.0,0.0,0.0,0.0,1.0,0.0,0.0,0.0,0.030612244897959183,0.0,0.09090909090909091,0.0,0.05555555555555555,1,1,1,0,0,0,1,0,0.0,0.0,0.0,275000.0
10636346,0,0.0,1.0,0.0,0.0,0.0,0.0,1.0,0.0,0.0,0.0,0.0,0.0,0.0,0.0,0.0,0.0,1.0,0.0,0.10408163265306122,0.09090909090909091,0.09090909090909091,0.0,0.0,1,3,0,0,0,0,0,0,0.0,0.0,0.0,239000.0
10505261,1,0.0,1.0,0.0,0.0,0.0,0.0,0.0,0.0,0.0,0.0,0.0,0.0,0.0,1.0,0.0,0.0,0.0,1.0,0.19183673469387758,0.1818181818181818,0.09090909090909091,0.0,0.0,2,5,0,0,0,0,1,1,0.0,0.01,0.00018707341072425837,229000.0
10505238,0,1.0,0.0,0.0,0.0,1.0,0.0,0.0,0.0,0.0,0.0,0.0,0.0,0.0,0.0,0.0,1.0,0.0,0.0,0.06122448979591837,0.09090909090909091,0.0,0.07142857142857142,0.05555555555555555,0,4,1,0,0,0,0,1,0.0,0.1,0.0,179000.0
10636349,0,0.0,1.0,0.0,0.0,0.0,0.0,1.0,0.0,0.0,0.0,0.0,0.0,0.0,0.0,0.0,0.0,1.0,0.0,0.11020408163265308,0.0,0.09090909090909091,0.0,0.05555555555555555,1,5,0,0,0,0,1,1,0.251,0.15,0.0,329000.0
10636347,0,0.0,1.0,0.0,0.0,0.0,0.0,1.0,0.0,0.0,0.0,0.0,0.0,0.0,0.0,0.0,0.0,1.0,0.0,0.10204081632653061,0.0,0.09090909090909091,0.0,0.05555555555555555,3,2,0,0,0,0,0,1,0.0,0.03,0.0,239000.0
10636355,0,0.0,1.0,0.0,1.0,0.0,0.0,0.0,0.0,0.0,0.0,0.0,0.0,0.0,0.0,0.0,0.0,1.0,0.0,0.0816326530612245,0.09090909090909091,0.09090909090909091,0.0,0.05555555555555555,1,2,0,0,0,0,0,1,0.0,0.0,0.0,215000.0
10636362,0,0.0,1.0,0.0,0.0,0.0,0.0,0.0,0.0,0.0,0.0,0.0,0.0,0.0,1.0,0.0,0.0,1.0,0.0,0.2979591836734694,0.36363636363636365,0.09090909090909091,0.0,0.0,5,4,0,0,0,0,1,0,0.0,0.0,0.0,269000.0
10636365,0,0.0,1.0,0.0,0.0,0.0,1.0,0.0,0.0,0.0,0.0,0.0,0.0,0.0,0.0,0.0,0.0,0.0,1.0,0.059183673469387764,0.0,0.09090909090909091,0.0,0.05555555555555555,1,2,0,0,0,0,1,1,0.0,0.02,0.0,169000.0
10636380,0,1.0,0.0,0.0,0.0,1.0,0.0,0.0,0.0,0.0,0.0,0.0,0.0,0.0,0.0,0.0,0.0,0.0,1.0,0.07346938775510206,0.09090909090909091,0.09090909090909091,0.0,0.05555555555555555,3,4,0,0,0,0,0,1,0.0,0.04,0.0,330000.0
10636399,0,0.0,1.0,0.0,0.0,0.0,1.0,0.0,0.0,0.0,0.0,0.0,0.0,0.0,0.0,0.0,0.0,1.0,0.0,0.1326530612244898,0.09090909090909091,0.18181818181818182,0.0,0.1111111111111111,0,1,1,1,0,0,0,1,0.0,0.18,0.0,490000.0
10636426,0,0.0,1.0,0.0,1.0,0.0,0.0,0.0,0.0,0.0,0.0,0.0,0.0,0.0,0.0,0.0,1.0,0.0,0.0,0.04591836734693878,0.0,0.09090909090909091,0.0,0.0,0,3,1,0,0,0,0,1,0.0,0.04,0.0,189750.0
10636414,0,0.0,1.0,0.0,0.0,0.0,0.0,1.0,0.0,0.0,0.0,0.0,0.0,0.0,0.0,0.0,0.0,1.0,0.0,0.05306122448979592,0.09090909090909091,0.09090909090909091,0.0,0.05555555555555555,1,1,1,0,0,0,0,1,0.0,0.06,0.0,269000.0
10636432,0,0.0,1.0,0.0,1.0,0.0,0.0,0.0,0.0,0.0,0.0,0.0,0.0,0.0,0.0,0.0,0.0,0.0,1.0,0.05510204081632653,0.09090909090909091,0.09090909090909091,0.0,0.05555555555555555,3,3,1,0,0,0,0,1,0.0,0.0,0.0,159000.0
10636412,0,1.0,0.0,0.0,0.0,1.0,0.0,0.0,0.0,0.0,0.0,0.0,0.0,0.0,0.0,0.0,1.0,0.0,0.0,0.05510204081632653,0.09090909090909091,0.09090909090909091,0.07142857142857142,0.05555555555555555,1,7,0,0,0,0,0,0,0.0,0.0,0.0,229000.0
10636446,0,0.0,0.0,1.0,0.0,0.0,0.0,0.0,0.0,0.0,0.0,0.0,0.0,1.0,0.0,0.0,0.0,0.0,1.0,0.22653061224489798,0.1818181818181818,0.2727272727272727,0.21428571428571427,0.16666666666666666,1,2,1,0,1,0,0,1,0.0,0.25,0.0,1295000.0
10636447,0,0.0,1.0,0.0,0.0,0.0,1.0,0.0,0.0,0.0,0.0,0.0,0.0,0.0,0.0,0.0,0.0,0.0,1.0,0.07040816326530613,0.09090909090909091,0.09090909090909091,0.0,0.05555555555555555,0,2,1,0,0,0,0,1,0.0,0.0,0.0,269000.0
10636448,0,0.0,1.0,0.0,0.0,0.0,1.0,0.0,0.0,0.0,0.0,0.0,0.0,0.0,0.0,0.0,0.0,0.0,1.0,0.08469387755102042,0.09090909090909091,0.09090909090909091,0.0,0.05555555555555555,0,2,0,0,0,0,0,0,0.0,0.0,0.0,245000.0
10636450,0,0.0,1.0,0.0,0.0,0.0,0.0,0.0,0.0,0.0,0.0,0.0,0.0,0.0,1.0,0.0,0.0,1.0,0.0,0.11734693877551022,0.1818181818181818,0.18181818181818182,0.07142857142857142,0.1111111111111111,1,2,1,0,0,0,0,1,0.0,0.0,0.0,1695000.0
10636461,0,0.0,0.0,1.0,0.0,0.0,0.0,0.0,0.0,0.0,0.0,0.0,1.0,0.0,0.0,0.0,0.0,0.0,1.0,0.015306122448979595,0.09090909090909091,0.09090909090909091,0.0,0.05555555555555555,3,6,0,0,0,0,0,1,0.0,0.18,0.0,65000.0
10636466,0,1.0,0.0,0.0,0.0,1.0,0.0,0.0,0.0,0.0,0.0,0.0,0.0,0.0,0.0,0.0,0.0,0.0,1.0,0.07040816326530613,0.09090909090909091,0.09090909090909091,0.07142857142857142,0.05555555555555555,1,3,1,0,0,0,0,1,0.0,0.03,0.0,307000.0
10636465,0,0.0,1.0,0.0,0.0,0.0,0.0,1.0,0.0,0.0,0.0,0.0,0.0,0.0,0.0,0.0,0.0,0.0,1.0,0.1275510204081633,0.2727272727272727,0.18181818181818182,0.07142857142857142,0.05555555555555555,5,4,0,0,0,0,0,0,0.0,0.0,0.0,450000.0
10636472,0,1.0,0.0,0.0,0.0,1.0,0.0,0.0,0.0,0.0,0.0,0.0,0.0,0.0,0.0,0.0,1.0,0.0,0.0,0.06326530612244899,0.09090909090909091,0.09090909090909091,0.0,0.05555555555555555,5,7,0,0,0,0,0,1,0.0,0.02,0.0,230000.0
10636483,0,0.0,0.0,1.0,0.0,0.0,0.0,0.0,0.0,0.0,1.0,0.0,0.0,0.0,0.0,1.0,0.0,0.0,0.0,0.025510204081632654,0.0,0.09090909090909091,0.0,0.05555555555555555,1,2,0,0,0,0,0,1,0.0,0.15,0.0,145000.0
10636479,0,1.0,0.0,0.0,0.0,1.0,0.0,0.0,0.0,0.0,0.0,0.0,0.0,0.0,0.0,0.0,0.0,0.0,1.0,0.15306122448979595,0.2727272727272727,0.18181818181818182,0.07142857142857142,0.16666666666666666,4,3,1,0,1,0,0,1,0.0,0.12,0.0,645000.0
10636484,0,0.0,0.0,1.0,0.0,0.0,0.0,0.0,0.0,0.0,1.0,0.0,0.0,0.0,0.0,1.0,0.0,0.0,0.0,0.051020408163265314,0.09090909090909091,0.09090909090909091,0.0,0.05555555555555555,1,2,0,0,0,0,0,1,0.0,0.08,0.0,220000.0
10636488,0,1.0,0.0,0.0,0.0,1.0,0.0,0.0,0.0,0.0,0.0,0.0,0.0,0.0,0.0,1.0,0.0,0.0,0.0,0.07653061224489796,0.09090909090909091,0.09090909090909091,0.07142857142857142,0.05555555555555555,2,7,1,0,0,0,0,1,0.0,0.15,0.0,429000.0
10636495,0,0.0,1.0,0.0,1.0,0.0,0.0,0.0,0.0,0.0,0.0,0.0,0.0,0.0,0.0,0.0,0.0,1.0,0.0,0.1836734693877551,0.0,0.09090909090909091,0.0,0.0,1,3,0,0,0,0,0,1,0.0,0.18,0.0,465000.0
10636491,0,0.0,0.0,1.0,0.0,0.0,0.0,0.0,1.0,0.0,0.0,0.0,0.0,0.0,0.0,0.0,1.0,0.0,0.0,0.0816326530612245,0.09090909090909091,0.09090909090909091,0.07142857142857142,0.05555555555555555,2,4,0,0,0,0,0,0,0.0,0.0,0.0,175000.0
10636489,1,0.0,1.0,0.0,0.0,0.0,0.0,1.0,0.0,0.0,0.0,0.0,0.0,0.0,0.0,0.0,0.0,1.0,0.0,0.20306122448979594,0.5454545454545454,0.18181818181818182,0.14285714285714285,0.1111111111111111,5,6,0,0,0,0,1,1,0.12,0.45,0.0002099990738032116,329000.0
10636512,0,0.0,1.0,0.0,1.0,0.0,0.0,0.0,0.0,0.0,0.0,0.0,0.0,0.0,0.0,1.0,0.0,0.0,0.0,0.05612244897959184,0.0,0.09090909090909091,0.07142857142857142,0.05555555555555555,4,2,1,0,0,0,0,1,0.0,0.05,0.0,298000.0
10636516,0,0.0,1.0,0.0,1.0,0.0,0.0,0.0,0.0,0.0,0.0,0.0,0.0,0.0,0.0,0.0,0.0,0.0,1.0,0.05816326530612246,0.09090909090909091,0.09090909090909091,0.07142857142857142,0.05555555555555555,1,4,0,0,0,0,0,1,0.0,0.0,0.0,275000.0
10636513,0,1.0,0.0,0.0,0.0,1.0,0.0,0.0,0.0,0.0,0.0,0.0,0.0,0.0,0.0,0.0,1.0,0.0,0.0,0.031632653061224494,0.0,0.09090909090909091,0.0,0.05555555555555555,4,7,0,0,0,0,0,0,0.0,0.0,0.0,164000.0
10636533,0,0.0,1.0,0.0,1.0,0.0,0.0,0.0,0.0,0.0,0.0,0.0,0.0,0.0,0.0,0.0,1.0,0.0,0.0,0.07755102040816328,0.1818181818181818,0.09090909090909091,0.0,0.05555555555555555,1,3,1,0,0,0,0,1,0.0,0.24,0.0,360000.0
10636517,0,0.0,1.0,0.0,1.0,0.0,0.0,0.0,0.0,0.0,0.0,0.0,0.0,0.0,0.0,0.0,0.0,0.0,1.0,0.06122448979591837,0.09090909090909091,0.09090909090909091,0.07142857142857142,0.05555555555555555,3,3,0,0,0,0,0,1,0.0,0.0,0.0,279000.0
10636529,0,0.0,1.0,0.0,1.0,0.0,0.0,0.0,0.0,0.0,0.0,0.0,0.0,0.0,0.0,0.0,0.0,0.0,1.0,0.06632653061224492,0.09090909090909091,0.09090909090909091,0.0,0.05555555555555555,0,3,1,0,0,0,0,1,0.0,0.0,0.0,215000.0
10636549,0,0.0,1.0,0.0,1.0,0.0,0.0,0.0,0.0,0.0,0.0,0.0,0.0,0.0,0.0,0.0,0.0,0.0,1.0,0.07448979591836735,0.0,0.09090909090909091,0.0,0.05555555555555555,2,5,0,0,0,0,0,1,0.0,0.0,0.0,249000.0
10636581,0,0.0,1.0,0.0,0.0,0.0,0.0,1.0,0.0,0.0,0.0,0.0,0.0,0.0,0.0,0.0,0.0,1.0,0.0,0.059183673469387764,0.09090909090909091,0.09090909090909091,0.0,0.0,3,3,0,0,0,0,0,1,0.0,0.0,0.0,175000.0
10636518,0,0.0,0.0,1.0,0.0,0.0,0.0,0.0,0.0,0.0,0.0,0.0,1.0,0.0,0.0,0.0,0.0,0.0,1.0,0.07142857142857142,0.09090909090909091,0.09090909090909091,0.07142857142857142,0.1111111111111111,1,2,0,0,0,0,1,1,0.1,0.0,0.0,265000.0
10636588,0,0.0,1.0,0.0,1.0,0.0,0.0,0.0,0.0,0.0,0.0,0.0,0.0,0.0,0.0,0.0,0.0,0.0,1.0,0.11224489795918369,0.09090909090909091,0.09090909090909091,0.0,0.05555555555555555,3,2,1,1,0,0,0,1,0.0,0.0,0.0,259000.0
10636599,0,0.0,0.0,1.0,0.0,0.0,0.0,0.0,0.0,0.0,1.0,0.0,0.0,0.0,0.0,0.0,0.0,0.0,1.0,0.06938775510204082,0.09090909090909091,0.09090909090909091,0.07142857142857142,0.05555555555555555,1,2,1,0,0,0,0,1,0.0,0.06,0.0,235000.0
10636647,0,0.0,1.0,0.0,0.0,0.0,1.0,0.0,0.0,0.0,0.0,0.0,0.0,0.0,0.0,0.0,1.0,0.0,0.0,0.07448979591836735,0.0,0.09090909090909091,0.0,0.05555555555555555,3,3,1,0,1,0,0,1,0.0,0.11,0.0,165000.0
10505580,0,0.0,1.0,0.0,0.0,0.0,1.0,0.0,0.0,0.0,0.0,0.0,0.0,0.0,0.0,0.0,0.0,1.0,0.0,0.17142857142857146,0.1818181818181818,0.18181818181818182,0.0,0.1111111111111111,0,2,1,1,0,0,0,1,0.0,0.17,0.0,515000.0
10636664,0,0.0,0.0,1.0,0.0,0.0,0.0,0.0,1.0,0.0,0.0,0.0,0.0,0.0,0.0,0.0,0.0,1.0,0.0,0.14081632653061227,0.1818181818181818,0.09090909090909091,0.07142857142857142,0.05555555555555555,3,2,1,0,0,0,0,1,0.0,0.0,0.0,349000.0
10636653,0,0.0,0.0,1.0,0.0,0.0,0.0,0.0,1.0,0.0,0.0,0.0,0.0,0.0,0.0,0.0,0.0,1.0,0.0,0.07857142857142857,0.09090909090909091,0.09090909090909091,0.07142857142857142,0.05555555555555555,3,1,1,0,0,0,0,1,0.0,0.0,0.0,229000.0
10636672,0,0.0,1.0,0.0,1.0,0.0,0.0,0.0,0.0,0.0,0.0,0.0,0.0,0.0,0.0,0.0,0.0,0.0,1.0,0.09591836734693879,0.09090909090909091,0.09090909090909091,0.07142857142857142,0.05555555555555555,1,1,0,0,0,0,0,1,0.0,0.1,0.0,285000.0
10636674,0,0.0,1.0,0.0,1.0,0.0,0.0,0.0,0.0,0.0,0.0,0.0,0.0,0.0,0.0,0.0,0.0,0.0,1.0,0.0979591836734694,0.1818181818181818,0.09090909090909091,0.07142857142857142,0.05555555555555555,1,2,0,0,0,0,0,1,0.0,0.14,0.0,299000.0
10636673,0,0.0,1.0,0.0,0.0,0.0,0.0,1.0,0.0,0.0,0.0,0.0,0.0,0.0,0.0,0.0,0.0,0.0,1.0,0.08061224489795918,0.09090909090909091,0.09090909090909091,0.0,0.05555555555555555,0,2,1,1,0,0,0,1,0.0,0.0,0.0,265000.0
10636702,0,1.0,0.0,0.0,0.0,1.0,0.0,0.0,0.0,0.0,0.0,0.0,0.0,0.0,0.0,0.0,1.0,0.0,0.0,0.05816326530612246,0.0,0.09090909090909091,0.0,0.05555555555555555,3,7,1,0,0,0,0,1,0.0,0.05,0.0,185000.0
10636707,0,1.0,0.0,0.0,0.0,1.0,0.0,0.0,0.0,0.0,0.0,0.0,0.0,0.0,0.0,0.0,1.0,0.0,0.0,0.3663265306122449,0.2727272727272727,0.18181818181818182,0.0,0.16666666666666666,1,4,0,0,0,0,1,0,0.137,0.0,0.0,1250000.0
10636711,0,0.0,1.0,0.0,0.0,0.0,0.0,1.0,0.0,0.0,0.0,0.0,0.0,0.0,0.0,0.0,0.0,1.0,0.0,0.07959183673469389,0.09090909090909091,0.09090909090909091,0.0,0.05555555555555555,1,1,1,0,0,0,0,0,0.0,0.0,0.0,249000.0
10636710,0,0.0,0.0,1.0,0.0,0.0,0.0,0.0,0.0,0.0,1.0,0.0,0.0,0.0,0.0,1.0,0.0,0.0,0.0,0.09183673469387757,0.09090909090909091,0.09090909090909091,0.0,0.0,4,4,1,0,0,0,0,1,0.0,0.0,0.0,145000.0
10636704,0,0.0,1.0,0.0,0.0,0.0,0.0,1.0,0.0,0.0,0.0,0.0,0.0,0.0,0.0,0.0,0.0,1.0,0.0,0.09183673469387757,0.09090909090909091,0.18181818181818182,0.0,0.05555555555555555,3,1,1,1,0,0,0,1,0.0,0.3,0.0,398000.0
10636712,0,0.0,0.0,1.0,0.0,0.0,0.0,0.0,0.0,0.0,1.0,0.0,0.0,0.0,0.0,0.0,1.0,0.0,0.0,0.09183673469387757,0.09090909090909091,0.09090909090909091,0.0,0.0,4,4,1,0,0,0,0,1,0.0,0.0,0.0,145000.0
10636729,0,0.0,1.0,0.0,1.0,0.0,0.0,0.0,0.0,0.0,0.0,0.0,0.0,0.0,0.0,1.0,0.0,0.0,0.0,0.059183673469387764,0.0,0.09090909090909091,0.07142857142857142,0.05555555555555555,3,2,1,0,0,0,0,1,0.0,0.0,0.0,298000.0
10636793,0,0.0,0.0,1.0,0.0,0.0,0.0,0.0,0.0,0.0,1.0,0.0,0.0,0.0,0.0,0.0,0.0,0.0,1.0,0.06632653061224492,0.09090909090909091,0.09090909090909091,0.07142857142857142,0.05555555555555555,3,3,1,0,0,0,0,1,0.0,0.05,0.0,219000.0
10636733,0,0.0,1.0,0.0,1.0,0.0,0.0,0.0,0.0,0.0,0.0,0.0,0.0,0.0,0.0,0.0,0.0,0.0,1.0,0.10408163265306122,0.1818181818181818,0.18181818181818182,0.0,0.0,1,3,0,0,0,0,0,1,0.0,0.16,0.0,270000.0
10636779,0,0.0,0.0,1.0,0.0,0.0,0.0,0.0,0.0,0.0,0.0,1.0,0.0,0.0,0.0,0.0,0.0,0.0,1.0,0.09591836734693879,0.1818181818181818,0.09090909090909091,0.0,0.05555555555555555,1,1,1,0,0,0,0,1,0.0,0.32,0.0,280000.0
10636765,0,0.0,1.0,0.0,1.0,0.0,0.0,0.0,0.0,0.0,0.0,0.0,0.0,0.0,0.0,0.0,0.0,1.0,0.0,0.031632653061224494,0.0,0.0,0.0,0.05555555555555555,1,3,1,0,0,0,0,1,0.0,0.0,0.0,189000.0
10636801,0,0.0,0.0,1.0,0.0,0.0,0.0,0.0,1.0,0.0,0.0,0.0,0.0,0.0,0.0,0.0,0.0,0.0,1.0,0.04387755102040817,0.09090909090909091,0.09090909090909091,0.07142857142857142,0.1111111111111111,3,5,1,0,0,0,0,0,0.0,0.0,0.0,179999.0
10636805,0,0.0,1.0,0.0,0.0,0.0,0.0,1.0,0.0,0.0,0.0,0.0,0.0,0.0,0.0,0.0,0.0,0.0,1.0,0.10612244897959186,0.09090909090909091,0.09090909090909091,0.0,0.0,1,2,0,0,0,0,0,1,0.0,0.0,0.0,325000.0
10636802,0,0.0,0.0,1.0,0.0,0.0,0.0,0.0,1.0,0.0,0.0,0.0,0.0,0.0,0.0,1.0,0.0,0.0,0.0,0.09183673469387757,0.09090909090909091,0.09090909090909091,0.07142857142857142,0.05555555555555555,3,5,1,0,0,0,0,1,0.0,0.34,0.0,189000.0
10636816,0,0.0,0.0,1.0,0.0,0.0,0.0,0.0,0.0,0.0,1.0,0.0,0.0,0.0,0.0,0.0,0.0,1.0,0.0,0.17551020408163268,0.2727272727272727,0.09090909090909091,0.07142857142857142,0.05555555555555555,4,7,0,0,0,0,0,1,0.0,0.02,0.0,199000.0
10636737,0,0.0,1.0,0.0,0.0,0.0,0.0,0.0,0.0,1.0,0.0,0.0,0.0,0.0,0.0,0.0,0.0,0.0,1.0,0.08775510204081632,0.09090909090909091,0.09090909090909091,0.0,0.0,0,2,0,0,0,0,0,1,0.0,0.0,0.0,245000.0
10636807,0,0.0,1.0,0.0,1.0,0.0,0.0,0.0,0.0,0.0,0.0,0.0,0.0,0.0,0.0,0.0,0.0,0.0,1.0,0.13673469387755105,0.1818181818181818,0.09090909090909091,0.0,0.1111111111111111,1,2,0,0,0,0,0,1,0.0,0.0,0.0,390000.0
10636837,0,0.0,1.0,0.0,0.0,0.0,0.0,0.0,0.0,0.0,0.0,0.0,0.0,0.0,1.0,1.0,0.0,0.0,0.0,0.08877551020408164,0.1818181818181818,0.09090909090909091,0.0,0.1111111111111111,1,2,0,0,0,0,0,0,0.0,0.0,0.0,445000.0
10636819,0,0.0,0.0,1.0,0.0,0.0,0.0,0.0,0.0,0.0,1.0,0.0,0.0,0.0,0.0,0.0,0.0,1.0,0.0,0.07244897959183674,0.09090909090909091,0.09090909090909091,0.07142857142857142,0.05555555555555555,1,2,0,0,0,0,0,1,0.0,0.06,0.0,259900.0
10636836,0,0.0,1.0,0.0,0.0,0.0,0.0,0.0,0.0,0.0,0.0,0.0,0.0,0.0,1.0,1.0,0.0,0.0,0.0,0.07346938775510206,0.0,0.09090909090909091,0.0,0.05555555555555555,1,2,0,0,0,0,0,1,0.0,0.1,0.0,375000.0
10636838,0,1.0,0.0,0.0,0.0,1.0,0.0,0.0,0.0,0.0,0.0,0.0,0.0,0.0,0.0,0.0,1.0,0.0,0.0,0.051020408163265314,0.0,0.09090909090909091,0.0,0.05555555555555555,5,3,1,0,0,0,0,1,0.0,0.09,0.0,169000.0
10636839,0,1.0,0.0,0.0,0.0,1.0,0.0,0.0,0.0,0.0,0.0,0.0,0.0,0.0,0.0,0.0,1.0,0.0,0.0,0.051020408163265314,0.0,0.09090909090909091,0.0,0.05555555555555555,5,3,1,0,0,0,0,1,0.0,0.09,0.0,169000.0
10636845,0,0.0,1.0,0.0,0.0,0.0,0.0,1.0,0.0,0.0,0.0,0.0,0.0,0.0,0.0,0.0,0.0,0.0,1.0,0.06224489795918368,0.09090909090909091,0.09090909090909091,0.0,0.05555555555555555,1,2,1,0,0,0,0,1,0.0,0.06,0.0,285000.0
10636842,0,0.0,0.0,1.0,0.0,0.0,0.0,0.0,0.0,0.0,0.0,0.0,0.0,1.0,0.0,0.0,0.0,0.0,1.0,0.15816326530612246,0.1818181818181818,0.18181818181818182,0.14285714285714285,0.1111111111111111,3,2,0,0,0,0,0,1,0.0,0.12,0.0,250000.0
10636868,0,0.0,1.0,0.0,0.0,0.0,1.0,0.0,0.0,0.0,0.0,0.0,0.0,0.0,0.0,0.0,0.0,0.0,1.0,0.09897959183673471,0.09090909090909091,0.09090909090909091,0.0,0.05555555555555555,1,1,1,0,0,0,1,1,0.08700000000000001,0.19,0.0,370000.0
10636867,0,0.0,1.0,0.0,1.0,0.0,0.0,0.0,0.0,0.0,0.0,0.0,0.0,0.0,0.0,0.0,0.0,0.0,1.0,0.10102040816326532,0.1818181818181818,0.09090909090909091,0.0,0.1111111111111111,4,3,1,1,0,0,0,1,0.0,0.18,0.0,299000.0
10636873,0,0.0,1.0,0.0,1.0,0.0,0.0,0.0,0.0,0.0,0.0,0.0,0.0,0.0,0.0,0.0,0.0,0.0,1.0,0.06122448979591837,0.09090909090909091,0.0,0.0,0.05555555555555555,1,2,0,0,0,0,0,1,0.0,0.0,0.0,239000.0
10636877,0,1.0,0.0,0.0,0.0,1.0,0.0,0.0,0.0,0.0,0.0,0.0,0.0,0.0,0.0,0.0,0.0,0.0,1.0,0.04081632653061225,0.0,0.09090909090909091,0.0,0.0,0,4,0,0,0,0,0,0,0.0,0.0,0.0,230000.0
10636882,0,1.0,0.0,0.0,0.0,1.0,0.0,0.0,0.0,0.0,0.0,0.0,0.0,0.0,0.0,0.0,1.0,0.0,0.0,0.03775510204081633,0.0,0.0,0.07142857142857142,0.0,0,4,0,0,0,0,0,0,0.0,0.0,0.0,280000.0
10636897,0,1.0,0.0,0.0,0.0,1.0,0.0,0.0,0.0,0.0,0.0,0.0,0.0,0.0,0.0,0.0,1.0,0.0,0.0,0.3663265306122449,0.2727272727272727,0.18181818181818182,0.0,0.16666666666666666,1,4,0,0,0,0,1,0,0.137,0.0,0.0,1250000.0
10636888,0,1.0,0.0,0.0,0.0,1.0,0.0,0.0,0.0,0.0,0.0,0.0,0.0,0.0,0.0,0.0,1.0,0.0,0.0,0.04591836734693878,0.0,0.0,0.07142857142857142,0.0,0,7,0,0,0,0,0,1,0.0,0.15,0.0,280000.0
10636929,0,0.0,1.0,0.0,0.0,0.0,0.0,0.0,0.0,0.0,0.0,0.0,0.0,0.0,1.0,0.0,0.0,0.0,1.0,0.14285714285714288,0.1818181818181818,0.18181818181818182,0.0,0.0,1,0,0,0,0,0,0,0,0.0,0.0,0.0,450000.0
10636932,0,1.0,0.0,0.0,0.0,1.0,0.0,0.0,0.0,0.0,0.0,0.0,0.0,0.0,0.0,0.0,1.0,0.0,0.0,0.07346938775510206,0.09090909090909091,0.09090909090909091,0.07142857142857142,0.05555555555555555,4,7,1,0,0,0,0,1,0.0,0.04,0.0,375000.0
10636955,0,0.0,0.0,1.0,0.0,0.0,0.0,0.0,0.0,0.0,0.0,0.0,1.0,0.0,0.0,0.0,1.0,0.0,0.0,0.10204081632653061,0.1818181818181818,0.18181818181818182,0.07142857142857142,0.1111111111111111,1,1,1,0,0,0,0,1,0.0,0.17,0.0,380000.0
10636950,0,0.0,1.0,0.0,0.0,0.0,0.0,0.0,0.0,0.0,0.0,0.0,0.0,0.0,1.0,0.0,0.0,0.0,1.0,0.09897959183673471,0.1818181818181818,0.0,0.0,0.05555555555555555,1,0,0,0,0,0,0,1,0.0,0.1,0.0,280280.0
10636964,0,0.0,0.0,1.0,0.0,0.0,0.0,0.0,0.0,0.0,1.0,0.0,0.0,0.0,0.0,1.0,0.0,0.0,0.0,0.07142857142857142,0.09090909090909091,0.09090909090909091,0.0,0.05555555555555555,3,4,1,1,0,0,0,1,0.0,0.7000000000000001,0.0,249000.0
10636965,0,0.0,0.0,1.0,0.0,0.0,0.0,0.0,0.0,0.0,1.0,0.0,0.0,0.0,0.0,1.0,0.0,0.0,0.0,0.07142857142857142,0.09090909090909091,0.09090909090909091,0.0,0.05555555555555555,3,4,1,1,0,0,0,1,0.0,0.7000000000000001,0.0,249000.0
10636994,0,0.0,1.0,0.0,1.0,0.0,0.0,0.0,0.0,0.0,0.0,0.0,0.0,0.0,0.0,0.0,0.0,0.0,1.0,0.1295918367346939,0.1818181818181818,0.09090909090909091,0.0,0.0,3,2,1,0,0,0,0,1,0.0,0.0,0.0,260000.0
10637022,0,0.0,1.0,0.0,0.0,0.0,0.0,0.0,0.0,0.0,0.0,0.0,0.0,0.0,1.0,0.0,0.0,0.0,1.0,0.07653061224489796,0.09090909090909091,0.09090909090909091,0.0,0.05555555555555555,3,5,1,0,0,0,0,1,0.0,0.14,0.0,230000.0
10637021,0,0.0,0.0,1.0,0.0,0.0,0.0,0.0,1.0,0.0,0.0,0.0,0.0,0.0,0.0,0.0,0.0,1.0,0.0,0.05612244897959184,0.0,0.09090909090909091,0.0,0.05555555555555555,0,4,0,0,0,0,0,0,0.0,0.0,0.0,119000.0
10636995,0,0.0,0.0,1.0,0.0,0.0,0.0,0.0,1.0,0.0,0.0,0.0,0.0,0.0,0.0,0.0,1.0,0.0,0.0,0.06224489795918368,0.0,0.0,0.07142857142857142,0.05555555555555555,0,0,0,0,0,0,0,1,0.0,0.32,0.0,235000.0
10637030,0,0.0,0.0,1.0,0.0,0.0,0.0,0.0,1.0,0.0,0.0,0.0,0.0,0.0,0.0,0.0,0.0,1.0,0.0,0.09489795918367347,0.09090909090909091,0.0,0.07142857142857142,0.0,1,1,0,0,0,1,0,1,0.0,0.15,0.0,224900.0
10637056,0,0.0,1.0,0.0,0.0,0.0,0.0,0.0,0.0,1.0,0.0,0.0,0.0,0.0,0.0,0.0,0.0,1.0,0.0,0.05612244897959184,0.0,0.09090909090909091,0.0,0.0,3,0,1,0,0,0,0,1,0.0,0.0,0.0,242013.0
10637033,0,1.0,0.0,0.0,0.0,1.0,0.0,0.0,0.0,0.0,0.0,0.0,0.0,0.0,0.0,0.0,1.0,0.0,0.0,0.10102040816326532,0.1818181818181818,0.18181818181818182,0.0,0.1111111111111111,3,3,1,0,0,0,0,1,0.0,0.05,0.0,315000.0
10374886,1,0.0,0.0,1.0,0.0,0.0,0.0,0.0,1.0,0.0,0.0,0.0,0.0,0.0,0.0,0.0,0.0,1.0,0.0,0.37448979591836734,0.6363636363636364,0.18181818181818182,0.14285714285714285,0.2222222222222222,3,4,0,1,0,0,0,0,0.0,0.0,0.00028886335479481076,350000.0
10637062,0,1.0,0.0,0.0,0.0,1.0,0.0,0.0,0.0,0.0,0.0,0.0,0.0,0.0,0.0,0.0,1.0,0.0,0.0,0.05306122448979592,0.09090909090909091,0.09090909090909091,0.0,0.05555555555555555,0,5,0,0,0,0,0,1,0.0,0.13,0.0,214000.0
10637114,0,0.0,0.0,1.0,0.0,0.0,0.0,0.0,0.0,0.0,1.0,0.0,0.0,0.0,0.0,0.0,0.0,1.0,0.0,0.07346938775510206,0.09090909090909091,0.09090909090909091,0.0,0.0,1,2,0,1,0,0,0,1,0.0,0.09,0.0,235000.0
10637101,0,1.0,0.0,0.0,0.0,1.0,0.0,0.0,0.0,0.0,0.0,0.0,0.0,0.0,0.0,1.0,0.0,0.0,0.0,0.05408163265306123,0.0,0.0,0.07142857142857142,0.05555555555555555,0,0,0,0,0,0,0,0,0.0,0.0,0.0,245000.0
10374981,0,0.0,1.0,0.0,1.0,0.0,0.0,0.0,0.0,0.0,0.0,0.0,0.0,0.0,0.0,0.0,0.0,1.0,0.0,0.06632653061224492,0.09090909090909091,0.09090909090909091,0.0,0.05555555555555555,0,1,1,1,0,0,0,0,0.0,0.0,0.0,179000.0
10637118,0,1.0,0.0,0.0,0.0,1.0,0.0,0.0,0.0,0.0,0.0,0.0,0.0,0.0,0.0,0.0,1.0,0.0,0.0,0.07142857142857142,0.0,0.09090909090909091,0.0,0.05555555555555555,2,0,0,0,0,0,1,1,0.06,0.2,0.0,195000.0
10637120,0,0.0,1.0,0.0,1.0,0.0,0.0,0.0,0.0,0.0,0.0,0.0,0.0,0.0,0.0,0.0,1.0,0.0,0.0,0.05612244897959184,0.0,0.09090909090909091,0.07142857142857142,0.05555555555555555,1,2,1,0,0,0,0,1,0.0,0.1,0.0,319000.0
10374984,0,0.0,1.0,0.0,1.0,0.0,0.0,0.0,0.0,0.0,0.0,0.0,0.0,0.0,0.0,0.0,0.0,1.0,0.0,0.07142857142857142,0.09090909090909091,0.09090909090909091,0.0,0.05555555555555555,0,3,0,0,0,0,0,1,0.0,0.03,0.0,205000.0
10637155,0,0.0,0.0,1.0,0.0,0.0,0.0,0.0,0.0,0.0,0.0,1.0,0.0,0.0,0.0,0.0,0.0,1.0,0.0,0.0673469387755102,0.09090909090909091,0.09090909090909091,0.14285714285714285,0.1111111111111111,1,1,1,0,0,0,0,1,0.0,0.06,0.0,375000.0
10637131,0,0.0,1.0,0.0,0.0,0.0,1.0,0.0,0.0,0.0,0.0,0.0,0.0,0.0,0.0,0.0,0.0,0.0,1.0,0.12244897959183676,0.1818181818181818,0.09090909090909091,0.0,0.05555555555555555,0,0,0,0,0,0,0,0,0.0,0.0,0.0,168000.0
10637156,0,0.0,1.0,0.0,0.0,0.0,0.0,1.0,0.0,0.0,0.0,0.0,0.0,0.0,0.0,1.0,0.0,0.0,0.0,0.0,0.0,0.09090909090909091,0.0,0.0,3,3,0,0,0,0,0,1,0.0,0.0,0.0,179000.0
10637141,0,0.0,0.0,1.0,0.0,0.0,0.0,0.0,0.0,0.0,0.0,0.0,1.0,0.0,0.0,0.0,0.0,0.0,1.0,0.07142857142857142,0.09090909090909091,0.09090909090909091,0.0,0.05555555555555555,0,1,1,0,0,0,0,1,0.0,0.07,0.0,244000.0
10637173,0,0.0,0.0,1.0,0.0,0.0,0.0,0.0,0.0,0.0,0.0,0.0,1.0,0.0,0.0,0.0,0.0,0.0,1.0,0.07653061224489796,0.09090909090909091,0.09090909090909091,0.0,0.05555555555555555,0,1,1,0,0,0,0,1,0.0,0.12,0.0,265000.0
10637188,0,0.0,1.0,0.0,0.0,0.0,0.0,0.0,0.0,0.0,0.0,0.0,0.0,0.0,1.0,0.0,0.0,1.0,0.0,0.13877551020408166,0.09090909090909091,0.09090909090909091,0.0,0.05555555555555555,1,2,1,0,0,0,0,1,0.0,1.0,0.0,1395000.0
10506094,1,0.0,1.0,0.0,0.0,0.0,1.0,0.0,0.0,0.0,0.0,0.0,0.0,0.0,0.0,0.0,1.0,0.0,0.0,0.1316326530612245,0.1818181818181818,0.09090909090909091,0.0,0.1111111111111111,0,5,0,0,0,0,1,0,0.15,0.0,0.0002246714981737417,299000.0
10637165,0,1.0,0.0,0.0,0.0,1.0,0.0,0.0,0.0,0.0,0.0,0.0,0.0,0.0,0.0,1.0,0.0,0.0,0.0,0.059183673469387764,0.0,0.09090909090909091,0.0,0.05555555555555555,1,0,0,0,0,0,0,0,0.0,0.0,0.0,295000.0
10637190,0,0.0,1.0,0.0,0.0,0.0,0.0,0.0,0.0,0.0,0.0,0.0,0.0,0.0,1.0,0.0,0.0,1.0,0.0,0.07551020408163267,0.1818181818181818,0.18181818181818182,0.0,0.0,3,2,0,0,0,0,0,1,0.0,0.0,0.0,645000.0
10637211,0,0.0,1.0,0.0,1.0,0.0,0.0,0.0,0.0,0.0,0.0,0.0,0.0,0.0,0.0,0.0,0.0,1.0,0.0,0.06632653061224492,0.09090909090909091,0.09090909090909091,0.0,0.05555555555555555,2,3,1,1,0,0,0,1,0.0,0.03,0.0,219000.0
10637234,0,0.0,1.0,0.0,1.0,0.0,0.0,0.0,0.0,0.0,0.0,0.0,0.0,0.0,0.0,0.0,0.0,0.0,1.0,0.09693877551020408,0.09090909090909091,0.09090909090909091,0.0,0.05555555555555555,4,2,0,1,0,0,0,1,0.0,0.02,0.0,194000.0
10637220,0,0.0,0.0,1.0,0.0,0.0,0.0,0.0,0.0,0.0,0.0,0.0,1.0,0.0,0.0,0.0,0.0,1.0,0.0,0.06122448979591837,0.09090909090909091,0.0,0.07142857142857142,0.05555555555555555,0,1,1,1,0,0,0,1,0.0,0.18,0.0,265000.0
10637258,0,0.0,0.0,1.0,0.0,0.0,0.0,0.0,0.0,0.0,0.0,0.0,1.0,0.0,0.0,1.0,0.0,0.0,0.0,0.09183673469387757,0.1818181818181818,0.09090909090909091,0.0,0.05555555555555555,2,2,0,1,0,0,0,0,0.0,0.0,0.0,249000.0
10637273,0,0.0,1.0,0.0,1.0,0.0,0.0,0.0,0.0,0.0,0.0,0.0,0.0,0.0,0.0,0.0,1.0,0.0,0.0,0.026530612244897965,0.0,0.09090909090909091,0.0,0.05555555555555555,4,3,1,1,0,0,0,0,0.0,0.0,0.0,129000.0
10637275,0,1.0,0.0,0.0,0.0,1.0,0.0,0.0,0.0,0.0,0.0,0.0,0.0,0.0,0.0,0.0,1.0,0.0,0.0,0.030612244897959183,0.0,0.09090909090909091,0.0,0.05555555555555555,3,0,1,0,0,0,1,0,0.027,0.0,0.0,185000.0
10637236,1,0.0,1.0,0.0,0.0,0.0,1.0,0.0,0.0,0.0,0.0,0.0,0.0,0.0,0.0,0.0,0.0,0.0,1.0,0.1795918367346939,0.2727272727272727,0.09090909090909091,0.0,0.1111111111111111,1,3,0,0,0,0,1,1,0.058,0.45,0.0004108278823748419,475000.0
10637281,0,0.0,1.0,0.0,0.0,0.0,0.0,0.0,0.0,0.0,0.0,0.0,0.0,0.0,1.0,0.0,0.0,0.0,1.0,0.028571428571428574,0.09090909090909091,0.0,0.0,0.05555555555555555,4,6,0,0,0,0,0,0,0.0,0.0,0.0,145000.0
10637300,0,1.0,0.0,0.0,0.0,1.0,0.0,0.0,0.0,0.0,0.0,0.0,0.0,0.0,0.0,0.0,0.0,0.0,1.0,0.06938775510204082,0.09090909090909091,0.09090909090909091,0.0,0.05555555555555555,2,5,0,1,0,0,0,0,0.0,0.0,0.0,245000.0
10637302,0,1.0,0.0,0.0,0.0,1.0,0.0,0.0,0.0,0.0,0.0,0.0,0.0,0.0,0.0,0.0,1.0,0.0,0.0,0.09285714285714286,0.1818181818181818,0.09090909090909091,0.0,0.05555555555555555,3,5,0,1,0,0,0,1,0.0,0.04,0.0,265000.0
10637304,0,1.0,0.0,0.0,0.0,1.0,0.0,0.0,0.0,0.0,0.0,0.0,0.0,0.0,0.0,0.0,1.0,0.0,0.0,0.05204081632653062,0.09090909090909091,0.09090909090909091,0.0,0.05555555555555555,3,7,0,1,0,0,0,1,0.0,0.02,0.0,209000.0
10637314,0,1.0,0.0,0.0,0.0,1.0,0.0,0.0,0.0,0.0,0.0,0.0,0.0,0.0,0.0,0.0,1.0,0.0,0.0,0.07959183673469389,0.09090909090909091,0.09090909090909091,0.0,0.05555555555555555,3,7,1,1,0,0,0,0,0.0,0.0,0.0,239000.0
10637402,0,1.0,0.0,0.0,0.0,1.0,0.0,0.0,0.0,0.0,0.0,0.0,0.0,0.0,0.0,0.0,1.0,0.0,0.0,0.059183673469387764,0.0,0.0,0.07142857142857142,0.05555555555555555,3,6,0,1,0,0,1,0,0.02,0.0,0.0,189000.0
10637406,0,1.0,0.0,0.0,0.0,1.0,0.0,0.0,0.0,0.0,0.0,0.0,0.0,0.0,0.0,0.0,1.0,0.0,0.0,0.08979591836734696,0.09090909090909091,0.09090909090909091,0.0,0.1111111111111111,0,0,0,0,0,0,0,1,0.0,0.8,0.0,485000.0
10637417,0,0.0,1.0,0.0,1.0,0.0,0.0,0.0,0.0,0.0,0.0,0.0,0.0,0.0,0.0,0.0,0.0,0.0,1.0,0.07653061224489796,0.09090909090909091,0.09090909090909091,0.0,0.05555555555555555,1,2,1,0,0,0,1,1,0.18,0.03,0.0,237500.0
10637407,1,0.0,0.0,1.0,0.0,0.0,0.0,0.0,0.0,0.0,0.0,0.0,1.0,0.0,0.0,0.0,0.0,0.0,1.0,0.10204081632653061,0.1818181818181818,0.09090909090909091,0.0,0.1111111111111111,3,4,0,0,0,0,0,0,0.0,0.0,0.00031178901787376397,185000.0
10637423,0,0.0,1.0,0.0,1.0,0.0,0.0,0.0,0.0,0.0,0.0,0.0,0.0,0.0,0.0,0.0,0.0,1.0,0.0,0.07755102040816328,0.09090909090909091,0.09090909090909091,0.0,0.05555555555555555,3,0,0,1,0,0,0,1,0.0,0.25,0.0,285000.0
10637428,0,0.0,1.0,0.0,1.0,0.0,0.0,0.0,0.0,0.0,0.0,0.0,0.0,0.0,0.0,0.0,0.0,1.0,0.0,0.06836734693877553,0.09090909090909091,0.09090909090909091,0.0,0.05555555555555555,3,3,0,1,0,0,1,0,0.05,0.0,0.0,239000.0
10637429,0,0.0,0.0,1.0,0.0,0.0,0.0,0.0,0.0,0.0,1.0,0.0,0.0,0.0,0.0,0.0,0.0,0.0,1.0,0.07142857142857142,0.09090909090909091,0.09090909090909091,0.0,0.1111111111111111,3,2,1,1,0,0,0,0,0.0,0.0,0.0,289000.0
10637489,0,1.0,0.0,0.0,0.0,1.0,0.0,0.0,0.0,0.0,0.0,0.0,0.0,0.0,0.0,0.0,0.0,0.0,1.0,0.0836734693877551,0.09090909090909091,0.09090909090909091,0.0,0.05555555555555555,4,6,1,1,0,0,0,1,0.0,0.14,0.0,315000.0
10637432,0,0.0,1.0,0.0,0.0,0.0,0.0,0.0,0.0,0.0,0.0,0.0,0.0,0.0,1.0,0.0,0.0,1.0,0.0,0.042857142857142864,0.09090909090909091,0.09090909090909091,0.0,0.05555555555555555,0,3,1,0,0,0,0,0,0.0,0.0,0.0,795000.0
10637441,0,0.0,1.0,0.0,0.0,0.0,0.0,0.0,0.0,0.0,0.0,0.0,0.0,0.0,1.0,0.0,0.0,0.0,1.0,0.06632653061224492,0.09090909090909091,0.09090909090909091,0.0,0.05555555555555555,3,1,1,0,0,0,0,1,0.0,0.0,0.0,299000.0
10637453,0,0.0,1.0,0.0,0.0,0.0,1.0,0.0,0.0,0.0,0.0,0.0,0.0,0.0,0.0,1.0,0.0,0.0,0.0,0.11734693877551022,0.1818181818181818,0.18181818181818182,0.0,0.05555555555555555,0,1,0,0,0,0,1,0,0.006,0.0,0.0,429000.0
10637482,0,1.0,0.0,0.0,0.0,1.0,0.0,0.0,0.0,0.0,0.0,0.0,0.0,0.0,0.0,0.0,1.0,0.0,0.0,0.07142857142857142,0.09090909090909091,0.0,0.07142857142857142,0.05555555555555555,0,5,1,1,0,0,0,1,0.0,0.08,0.0,245000.0
10637493,0,0.0,1.0,0.0,0.0,0.0,0.0,1.0,0.0,0.0,0.0,0.0,0.0,0.0,0.0,0.0,0.0,0.0,1.0,0.08979591836734696,0.09090909090909091,0.0,0.0,0.0,1,0,1,0,0,0,1,1,0.24,0.15,0.0,330000.0
10637494,0,1.0,0.0,0.0,0.0,1.0,0.0,0.0,0.0,0.0,0.0,0.0,0.0,0.0,0.0,1.0,0.0,0.0,0.0,0.030612244897959183,0.0,0.0,0.07142857142857142,0.05555555555555555,2,7,0,0,0,0,0,0,0.0,0.0,0.0,205000.0
10637508,0,0.0,0.0,1.0,0.0,0.0,0.0,0.0,0.0,0.0,0.0,0.0,0.0,1.0,0.0,0.0,0.0,1.0,0.0,0.07142857142857142,0.09090909090909091,0.09090909090909091,0.0,0.05555555555555555,1,1,1,1,0,0,1,1,0.0,0.06,0.0,345000.0
10637517,0,0.0,0.0,1.0,0.0,0.0,0.0,0.0,0.0,0.0,0.0,1.0,0.0,0.0,0.0,0.0,0.0,0.0,1.0,0.04591836734693878,0.0,0.0,0.07142857142857142,0.05555555555555555,1,0,0,0,0,0,0,0,0.0,0.0,0.0,165000.0
10637518,0,0.0,1.0,0.0,0.0,0.0,0.0,0.0,0.0,0.0,0.0,0.0,0.0,0.0,1.0,0.0,0.0,1.0,0.0,0.07551020408163267,0.09090909090909091,0.09090909090909091,0.0,0.05555555555555555,3,4,1,1,0,0,0,1,0.0,0.04,0.0,189500.0
10637519,0,0.0,0.0,1.0,0.0,0.0,0.0,0.0,1.0,0.0,0.0,0.0,0.0,0.0,0.0,0.0,0.0,0.0,1.0,0.07142857142857142,0.09090909090909091,0.0,0.07142857142857142,0.05555555555555555,1,2,0,0,0,0,1,1,0.78,0.0,0.0,225000.0
10637526,0,0.0,1.0,0.0,0.0,0.0,1.0,0.0,0.0,0.0,0.0,0.0,0.0,0.0,0.0,0.0,0.0,1.0,0.0,0.06224489795918368,0.09090909090909091,0.09090909090909091,0.0,0.05555555555555555,3,3,1,1,0,0,0,0,0.0,0.0,0.0,145000.0
10637532,0,0.0,0.0,1.0,0.0,0.0,0.0,0.0,0.0,0.0,0.0,1.0,0.0,0.0,0.0,0.0,0.0,0.0,1.0,0.07551020408163267,0.09090909090909091,0.0,0.07142857142857142,0.0,1,0,0,0,0,0,0,0,0.0,0.0,0.0,215000.0
10637535,0,0.0,1.0,0.0,0.0,0.0,0.0,0.0,0.0,0.0,0.0,0.0,0.0,0.0,1.0,0.0,0.0,1.0,0.0,0.08571428571428572,0.1818181818181818,0.0,0.0,0.0,2,2,1,0,0,0,0,1,0.0,0.0,0.0,1250000.0
10637540,0,0.0,0.0,1.0,0.0,0.0,0.0,0.0,0.0,0.0,0.0,1.0,0.0,0.0,0.0,0.0,0.0,0.0,1.0,0.06326530612244899,0.09090909090909091,0.0,0.07142857142857142,0.05555555555555555,1,0,0,0,0,0,0,0,0.0,0.0,0.0,210000.0
10637548,0,0.0,0.0,1.0,0.0,0.0,0.0,0.0,1.0,0.0,0.0,0.0,0.0,0.0,0.0,0.0,0.0,0.0,1.0,0.0673469387755102,0.09090909090909091,0.0,0.07142857142857142,0.05555555555555555,1,2,0,0,0,0,1,0,0.41200000000000003,0.0,0.0,220000.0
10637551,0,0.0,1.0,0.0,0.0,0.0,1.0,0.0,0.0,0.0,0.0,0.0,0.0,0.0,0.0,1.0,0.0,0.0,0.0,0.036734693877551024,0.0,0.0,0.07142857142857142,0.05555555555555555,1,2,1,0,0,0,0,0,0.0,0.0,0.0,289000.0
10637550,0,0.0,1.0,0.0,0.0,0.0,1.0,0.0,0.0,0.0,0.0,0.0,0.0,0.0,0.0,0.0,0.0,0.0,1.0,0.07142857142857142,0.09090909090909091,0.09090909090909091,0.0,0.05555555555555555,1,1,1,0,0,0,0,1,0.0,0.0,0.0,320000.0
10637552,0,1.0,0.0,0.0,0.0,1.0,0.0,0.0,0.0,0.0,0.0,0.0,0.0,0.0,0.0,0.0,1.0,0.0,0.0,0.07653061224489796,0.0,0.0,0.07142857142857142,0.05555555555555555,0,7,0,0,0,0,1,0,0.074,0.0,0.0,219000.0
10637554,0,0.0,0.0,1.0,0.0,0.0,0.0,0.0,0.0,0.0,0.0,1.0,0.0,0.0,0.0,0.0,0.0,0.0,1.0,0.06326530612244899,0.09090909090909091,0.0,0.07142857142857142,0.05555555555555555,1,0,1,0,0,0,0,0,0.0,0.0,0.0,185000.0
10637571,0,1.0,0.0,0.0,0.0,1.0,0.0,0.0,0.0,0.0,0.0,0.0,0.0,0.0,0.0,0.0,0.0,0.0,1.0,0.051020408163265314,0.0,0.09090909090909091,0.0,0.05555555555555555,0,0,0,1,0,0,0,1,0.0,0.25,0.0,225000.0
10637574,0,0.0,0.0,1.0,0.0,0.0,0.0,0.0,0.0,0.0,0.0,1.0,0.0,0.0,0.0,0.0,0.0,0.0,1.0,0.06326530612244899,0.09090909090909091,0.0,0.07142857142857142,0.05555555555555555,1,0,0,0,0,0,0,0,0.0,0.0,0.0,200000.0
10637563,0,0.0,0.0,1.0,0.0,0.0,0.0,0.0,1.0,0.0,0.0,0.0,0.0,0.0,0.0,0.0,0.0,0.0,1.0,0.04591836734693878,0.0,0.0,0.07142857142857142,0.05555555555555555,1,2,0,0,0,0,0,0,0.0,0.0,0.0,175000.0
10506510,0,0.0,1.0,0.0,0.0,0.0,1.0,0.0,0.0,0.0,0.0,0.0,0.0,0.0,0.0,0.0,0.0,1.0,0.0,0.0836734693877551,0.09090909090909091,0.09090909090909091,0.0,0.05555555555555555,3,5,0,0,0,0,0,0,0.0,0.0,0.0,149900.0
10506511,0,0.0,1.0,0.0,0.0,0.0,1.0,0.0,0.0,0.0,0.0,0.0,0.0,0.0,0.0,0.0,0.0,1.0,0.0,0.04081632653061225,0.0,0.09090909090909091,0.0,0.05555555555555555,3,6,0,0,0,0,0,1,0.0,0.05,0.0,119900.0
10506513,0,0.0,1.0,0.0,0.0,0.0,1.0,0.0,0.0,0.0,0.0,0.0,0.0,0.0,0.0,0.0,0.0,1.0,0.0,0.04081632653061225,0.0,0.09090909090909091,0.0,0.0,4,3,0,0,0,0,0,1,0.0,0.05,0.0,119900.0
10637585,0,0.0,0.0,1.0,0.0,0.0,0.0,0.0,0.0,0.0,0.0,1.0,0.0,0.0,0.0,0.0,0.0,0.0,1.0,0.057142857142857155,0.09090909090909091,0.09090909090909091,0.0,0.05555555555555555,1,1,1,1,0,0,0,0,0.0,0.0,0.0,269000.0
10637595,0,0.0,1.0,0.0,0.0,0.0,0.0,0.0,0.0,1.0,0.0,0.0,0.0,0.0,0.0,0.0,0.0,0.0,1.0,0.07755102040816328,0.09090909090909091,0.09090909090909091,0.0,0.05555555555555555,0,6,0,1,0,0,0,1,0.0,0.05,0.0,135000.0
10637587,0,0.0,0.0,1.0,0.0,0.0,0.0,0.0,0.0,0.0,0.0,1.0,0.0,0.0,0.0,0.0,0.0,0.0,1.0,0.0979591836734694,0.1818181818181818,0.0,0.07142857142857142,0.05555555555555555,1,0,1,0,0,0,0,0,0.0,0.0,0.0,240000.0
10506515,0,0.0,1.0,0.0,0.0,0.0,1.0,0.0,0.0,0.0,0.0,0.0,0.0,0.0,0.0,0.0,0.0,1.0,0.0,0.04081632653061225,0.0,0.09090909090909091,0.0,0.05555555555555555,3,6,0,0,0,0,0,1,0.0,0.05,0.0,119900.0
10637596,0,0.0,1.0,0.0,0.0,0.0,0.0,0.0,0.0,1.0,0.0,0.0,0.0,0.0,0.0,0.0,0.0,0.0,1.0,0.07755102040816328,0.09090909090909091,0.09090909090909091,0.0,0.05555555555555555,0,4,0,1,0,0,0,1,0.0,0.05,0.0,137000.0
10637598,0,0.0,1.0,0.0,0.0,0.0,0.0,0.0,0.0,1.0,0.0,0.0,0.0,0.0,0.0,0.0,0.0,0.0,1.0,0.07653061224489796,0.09090909090909091,0.09090909090909091,0.0,0.05555555555555555,0,3,0,1,0,0,0,1,0.0,0.03,0.0,205000.0
10637599,0,0.0,1.0,0.0,0.0,0.0,0.0,0.0,0.0,1.0,0.0,0.0,0.0,0.0,0.0,0.0,0.0,0.0,1.0,0.07653061224489796,0.09090909090909091,0.09090909090909091,0.0,0.05555555555555555,0,3,0,1,0,0,0,1,0.0,0.03,0.0,120000.0
10637600,0,0.0,1.0,0.0,0.0,0.0,0.0,0.0,0.0,1.0,0.0,0.0,0.0,0.0,0.0,0.0,0.0,0.0,1.0,0.025510204081632654,0.0,0.09090909090909091,0.0,0.05555555555555555,0,6,0,1,0,0,0,0,0.0,0.0,0.0,76000.0
10637597,0,0.0,1.0,0.0,0.0,0.0,0.0,0.0,0.0,1.0,0.0,0.0,0.0,0.0,0.0,0.0,0.0,0.0,1.0,0.0816326530612245,0.09090909090909091,0.09090909090909091,0.0,0.05555555555555555,0,4,0,1,0,0,0,1,0.0,0.05,0.0,137000.0
10637603,0,0.0,0.0,1.0,0.0,0.0,0.0,0.0,1.0,0.0,0.0,0.0,0.0,0.0,0.0,0.0,0.0,0.0,1.0,0.07040816326530613,0.09090909090909091,0.0,0.07142857142857142,0.05555555555555555,1,2,0,0,0,0,0,1,0.0,0.0,0.0,215000.0
10637612,0,0.0,0.0,1.0,0.0,0.0,0.0,0.0,0.0,0.0,0.0,1.0,0.0,0.0,0.0,0.0,0.0,0.0,1.0,0.06326530612244899,0.09090909090909091,0.09090909090909091,0.0,0.05555555555555555,1,0,0,0,0,0,0,0,0.0,0.0,0.0,200000.0
10637623,0,0.0,1.0,0.0,1.0,0.0,0.0,0.0,0.0,0.0,0.0,0.0,0.0,0.0,0.0,0.0,0.0,0.0,1.0,0.10204081632653061,0.1818181818181818,0.09090909090909091,0.0,0.0,3,4,0,0,0,0,0,1,0.0,0.4,0.0,295000.0
10637640,0,0.0,0.0,1.0,0.0,0.0,0.0,0.0,1.0,0.0,0.0,0.0,0.0,0.0,0.0,0.0,0.0,0.0,1.0,0.06632653061224492,0.09090909090909091,0.0,0.07142857142857142,0.05555555555555555,1,2,0,0,0,0,0,0,0.0,0.0,0.0,215000.0
9982253,0,0.0,1.0,0.0,0.0,0.0,0.0,0.0,0.0,0.0,0.0,0.0,0.0,0.0,1.0,0.0,0.0,1.0,0.0,0.051020408163265314,0.0,0.0,0.0,0.05555555555555555,1,2,0,0,0,0,0,1,0.0,0.0,0.0,205000.0
10637655,0,0.0,1.0,0.0,0.0,0.0,1.0,0.0,0.0,0.0,0.0,0.0,0.0,0.0,0.0,0.0,0.0,1.0,0.0,0.05510204081632653,0.0,0.09090909090909091,0.0,0.1111111111111111,1,1,1,1,0,0,0,1,0.0,0.18,0.0,239000.0
10637627,0,0.0,1.0,0.0,1.0,0.0,0.0,0.0,0.0,0.0,0.0,0.0,0.0,0.0,0.0,0.0,0.0,1.0,0.0,0.20000000000000004,0.2727272727272727,0.0,0.0,0.0,5,2,1,1,0,0,0,1,0.0,0.4,0.0,595000.0
10637641,0,1.0,0.0,0.0,0.0,1.0,0.0,0.0,0.0,0.0,0.0,0.0,0.0,0.0,0.0,0.0,1.0,0.0,0.0,0.06632653061224492,0.09090909090909091,0.09090909090909091,0.0,0.05555555555555555,0,4,1,1,0,0,1,1,0.073,0.17,0.0,325000.0
10637648,0,0.0,1.0,0.0,1.0,0.0,0.0,0.0,0.0,0.0,0.0,0.0,0.0,0.0,0.0,0.0,0.0,0.0,1.0,0.06836734693877553,0.09090909090909091,0.09090909090909091,0.0,0.7777777777777777,0,2,0,1,0,0,0,1,0.0,0.0,0.0,195000.0
10637649,0,0.0,1.0,0.0,1.0,0.0,0.0,0.0,0.0,0.0,0.0,0.0,0.0,0.0,0.0,0.0,0.0,0.0,1.0,0.07346938775510206,0.09090909090909091,0.09090909090909091,0.0,0.7777777777777777,0,1,0,1,0,0,0,1,0.0,0.0,0.0,205000.0
10637679,0,1.0,0.0,0.0,0.0,1.0,0.0,0.0,0.0,0.0,0.0,0.0,0.0,0.0,0.0,1.0,0.0,0.0,0.0,0.030612244897959183,0.0,0.0,0.07142857142857142,0.05555555555555555,2,7,0,0,0,0,0,1,0.0,0.01,0.0,215000.0
10637671,0,1.0,0.0,0.0,0.0,1.0,0.0,0.0,0.0,0.0,0.0,0.0,0.0,0.0,0.0,0.0,1.0,0.0,0.0,0.08673469387755103,0.09090909090909091,0.09090909090909091,0.0,0.05555555555555555,0,0,1,1,0,0,0,1,0.0,0.1,0.0,260000.0
10637660,0,0.0,0.0,1.0,0.0,0.0,0.0,0.0,1.0,0.0,0.0,0.0,0.0,0.0,0.0,0.0,0.0,0.0,1.0,0.04795918367346939,0.0,0.0,0.07142857142857142,0.05555555555555555,1,2,0,0,0,0,0,0,0.0,0.0,0.0,165000.0
10637678,0,0.0,0.0,1.0,0.0,0.0,0.0,0.0,1.0,0.0,0.0,0.0,0.0,0.0,0.0,0.0,0.0,0.0,1.0,0.07142857142857142,0.0,0.0,0.0,0.05555555555555555,1,2,0,0,0,0,0,0,0.0,0.0,0.0,188000.0
10637683,0,0.0,0.0,1.0,0.0,0.0,0.0,0.0,1.0,0.0,0.0,0.0,0.0,0.0,0.0,0.0,0.0,0.0,1.0,0.08061224489795918,0.09090909090909091,0.0,0.07142857142857142,0.05555555555555555,1,2,0,0,0,0,0,0,0.0,0.0,0.0,195000.0
10637690,0,0.0,1.0,0.0,0.0,0.0,1.0,0.0,0.0,0.0,0.0,0.0,0.0,0.0,0.0,0.0,1.0,0.0,0.0,0.1326530612244898,0.1818181818181818,0.09090909090909091,0.0,0.1111111111111111,3,4,0,0,0,0,0,1,0.0,0.12,0.0,385000.0
10637726,0,1.0,0.0,0.0,0.0,1.0,0.0,0.0,0.0,0.0,0.0,0.0,0.0,0.0,0.0,0.0,1.0,0.0,0.0,0.04387755102040817,0.0,0.09090909090909091,0.07142857142857142,0.05555555555555555,1,0,0,0,0,0,0,1,0.0,0.12,0.0,245000.0
10637718,0,0.0,1.0,0.0,0.0,0.0,0.0,0.0,0.0,0.0,0.0,0.0,0.0,0.0,1.0,1.0,0.0,0.0,0.0,0.06938775510204082,0.09090909090909091,0.09090909090909091,0.0,0.1111111111111111,3,2,1,0,0,0,0,1,0.0,0.14,0.0,310000.0
10637716,0,1.0,0.0,0.0,0.0,1.0,0.0,0.0,0.0,0.0,0.0,0.0,0.0,0.0,0.0,0.0,0.0,0.0,1.0,0.051020408163265314,0.09090909090909091,0.0,0.07142857142857142,0.05555555555555555,0,0,0,0,0,0,0,1,0.0,0.12,0.0,230000.0
10637744,0,1.0,0.0,0.0,0.0,1.0,0.0,0.0,0.0,0.0,0.0,0.0,0.0,0.0,0.0,0.0,1.0,0.0,0.0,0.14285714285714288,0.1818181818181818,0.18181818181818182,0.07142857142857142,0.1111111111111111,1,4,0,0,0,0,0,1,0.0,0.08,0.0,415000.0
10637733,0,0.0,1.0,0.0,0.0,0.0,0.0,0.0,0.0,0.0,0.0,0.0,0.0,0.0,1.0,0.0,0.0,0.0,1.0,0.07244897959183674,0.09090909090909091,0.09090909090909091,0.0,0.05555555555555555,3,2,0,0,0,0,0,1,0.0,0.0,0.0,185000.0
10637735,0,0.0,0.0,1.0,0.0,0.0,0.0,0.0,1.0,0.0,0.0,0.0,0.0,0.0,0.0,0.0,0.0,0.0,1.0,0.04795918367346939,0.0,0.0,0.07142857142857142,0.05555555555555555,1,2,0,0,0,0,0,0,0.0,0.0,0.0,175000.0
10637734,0,0.0,1.0,0.0,0.0,0.0,0.0,0.0,0.0,0.0,0.0,0.0,0.0,0.0,1.0,0.0,0.0,1.0,0.0,0.09081632653061225,0.09090909090909091,0.09090909090909091,0.0,0.1111111111111111,3,2,1,0,0,0,0,1,0.0,0.0,0.0,495000.0
10637750,0,0.0,1.0,0.0,0.0,0.0,0.0,1.0,0.0,0.0,0.0,0.0,0.0,0.0,0.0,1.0,0.0,0.0,0.0,0.012244897959183675,0.0,0.09090909090909091,0.0,0.0,3,2,1,0,0,0,0,0,0.0,0.0,0.0,215000.0
10637745,0,1.0,0.0,0.0,0.0,1.0,0.0,0.0,0.0,0.0,0.0,0.0,0.0,0.0,0.0,1.0,0.0,0.0,0.0,0.1275510204081633,0.1818181818181818,0.0,0.21428571428571427,0.0,2,7,0,0,0,0,0,0,0.0,0.0,0.0,470000.0
10637753,0,0.0,1.0,0.0,0.0,0.0,1.0,0.0,0.0,0.0,0.0,0.0,0.0,0.0,0.0,1.0,0.0,0.0,0.0,0.08571428571428572,0.09090909090909091,0.09090909090909091,0.0,0.0,3,1,1,0,0,0,0,1,0.0,0.0,0.0,495000.0
10637761,0,0.0,1.0,0.0,0.0,0.0,0.0,0.0,0.0,0.0,0.0,0.0,0.0,0.0,1.0,0.0,0.0,0.0,1.0,0.026530612244897965,0.09090909090909091,0.09090909090909091,0.0,0.05555555555555555,3,4,1,0,0,0,0,1,0.0,0.23,0.0,174000.0
10637756,0,0.0,1.0,0.0,0.0,0.0,0.0,0.0,0.0,0.0,0.0,0.0,0.0,0.0,1.0,0.0,0.0,0.0,1.0,0.07755102040816328,0.09090909090909091,0.09090909090909091,0.0,0.05555555555555555,3,2,0,0,0,0,0,1,0.0,0.0,0.0,499000.0
10637751,0,0.0,1.0,0.0,0.0,0.0,0.0,1.0,0.0,0.0,0.0,0.0,0.0,0.0,0.0,1.0,0.0,0.0,0.0,0.0816326530612245,0.09090909090909091,0.09090909090909091,0.0,0.0,3,2,1,0,0,0,0,1,0.0,0.12,0.0,395000.0
10637794,0,0.0,0.0,1.0,0.0,0.0,0.0,0.0,1.0,0.0,0.0,0.0,0.0,0.0,0.0,0.0,0.0,0.0,1.0,0.05306122448979592,0.0,0.0,0.07142857142857142,0.05555555555555555,1,2,0,0,0,0,1,0,0.718,0.0,0.0,175000.0
10637791,0,0.0,0.0,1.0,0.0,0.0,0.0,0.0,0.0,0.0,0.0,0.0,1.0,0.0,0.0,0.0,1.0,0.0,0.0,0.06938775510204082,0.09090909090909091,0.09090909090909091,0.0,0.05555555555555555,1,2,0,0,0,0,0,0,0.0,0.0,0.0,239000.0
10637804,0,0.0,1.0,0.0,0.0,0.0,0.0,0.0,0.0,0.0,0.0,0.0,0.0,0.0,1.0,0.0,0.0,0.0,1.0,0.012244897959183675,0.0,0.0,0.0,0.05555555555555555,1,2,1,0,0,0,0,0,0.0,0.0,0.0,189000.0
10637807,0,0.0,0.0,1.0,0.0,0.0,0.0,0.0,1.0,0.0,0.0,0.0,0.0,0.0,0.0,0.0,0.0,0.0,1.0,0.06632653061224492,0.09090909090909091,0.0,0.07142857142857142,0.05555555555555555,1,2,0,0,0,0,0,0,0.0,0.0,0.0,215000.0
10637796,0,0.0,1.0,0.0,0.0,0.0,0.0,0.0,0.0,0.0,0.0,0.0,0.0,0.0,1.0,0.0,0.0,0.0,1.0,0.07142857142857142,0.09090909090909091,0.09090909090909091,0.0,0.0,3,3,1,0,0,0,0,0,0.0,0.0,0.0,175000.0
10637817,0,0.0,1.0,0.0,1.0,0.0,0.0,0.0,0.0,0.0,0.0,0.0,0.0,0.0,0.0,0.0,0.0,1.0,0.0,0.10204081632653061,0.09090909090909091,0.09090909090909091,0.0,0.1111111111111111,0,0,0,1,0,0,1,1,0.0,0.36,0.0,322300.0
10637829,0,0.0,0.0,1.0,0.0,0.0,0.0,0.0,1.0,0.0,0.0,0.0,0.0,0.0,0.0,0.0,0.0,0.0,1.0,0.08061224489795918,0.09090909090909091,0.0,0.07142857142857142,0.05555555555555555,1,2,0,0,0,0,0,0,0.0,0.0,0.0,195000.0
10637819,0,0.0,0.0,1.0,0.0,0.0,0.0,0.0,1.0,0.0,0.0,0.0,0.0,0.0,0.0,0.0,0.0,0.0,1.0,0.07040816326530613,0.09090909090909091,0.0,0.07142857142857142,0.05555555555555555,1,2,0,0,0,0,0,0,0.0,0.0,0.0,215000.0
10637826,0,1.0,0.0,0.0,0.0,1.0,0.0,0.0,0.0,0.0,0.0,0.0,0.0,0.0,0.0,0.0,1.0,0.0,0.0,0.08571428571428572,0.1818181818181818,0.0,0.07142857142857142,0.05555555555555555,1,2,1,0,0,0,0,1,0.0,0.06,0.0,350000.0
10637838,0,0.0,1.0,0.0,1.0,0.0,0.0,0.0,0.0,0.0,0.0,0.0,0.0,0.0,0.0,0.0,1.0,0.0,0.0,0.04081632653061225,0.0,0.09090909090909091,0.0,0.0,5,2,1,0,0,0,0,1,0.0,0.04,0.0,150000.0
10637835,0,0.0,0.0,1.0,0.0,0.0,0.0,0.0,1.0,0.0,0.0,0.0,0.0,0.0,0.0,0.0,0.0,0.0,1.0,0.07142857142857142,0.0,0.0,0.07142857142857142,0.05555555555555555,1,2,0,0,0,0,0,0,0.0,0.0,0.0,188000.0
10637839,0,0.0,1.0,0.0,1.0,0.0,0.0,0.0,0.0,0.0,0.0,0.0,0.0,0.0,0.0,0.0,1.0,0.0,0.0,0.12244897959183676,0.1818181818181818,0.18181818181818182,0.0,0.0,5,2,1,0,0,0,0,1,0.0,0.08,0.0,325000.0
10637837,0,0.0,1.0,0.0,1.0,0.0,0.0,0.0,0.0,0.0,0.0,0.0,0.0,0.0,0.0,0.0,1.0,0.0,0.0,0.06122448979591837,0.09090909090909091,0.09090909090909091,0.0,0.0,5,2,1,0,0,0,0,1,0.0,0.04,0.0,175000.0
10637842,0,0.0,1.0,0.0,0.0,0.0,0.0,0.0,0.0,0.0,0.0,0.0,0.0,0.0,1.0,0.0,0.0,1.0,0.0,0.10816326530612247,0.1818181818181818,0.0,0.0,0.1111111111111111,1,0,1,0,0,0,0,1,0.0,0.22,0.0,389000.0
10637873,0,1.0,0.0,0.0,0.0,1.0,0.0,0.0,0.0,0.0,0.0,0.0,0.0,0.0,0.0,0.0,1.0,0.0,0.0,0.10204081632653061,0.09090909090909091,0.09090909090909091,0.0,0.05555555555555555,0,0,0,0,0,0,0,0,0.0,0.0,0.0,269000.0
10637850,0,0.0,0.0,1.0,0.0,0.0,0.0,0.0,1.0,0.0,0.0,0.0,0.0,0.0,0.0,0.0,1.0,0.0,0.0,0.12653061224489798,0.09090909090909091,0.09090909090909091,0.07142857142857142,0.05555555555555555,1,3,0,0,0,0,1,1,0.10200000000000001,0.0,0.0,189000.0
10637874,0,0.0,1.0,0.0,0.0,0.0,1.0,0.0,0.0,0.0,0.0,0.0,0.0,0.0,0.0,0.0,1.0,0.0,0.0,0.07142857142857142,0.09090909090909091,0.09090909090909091,0.0,0.05555555555555555,1,2,0,0,0,0,0,1,0.0,0.07,0.0,275000.0
10637886,0,0.0,1.0,0.0,0.0,0.0,0.0,0.0,0.0,0.0,0.0,0.0,0.0,0.0,1.0,0.0,0.0,0.0,1.0,0.05510204081632653,0.0,0.09090909090909091,0.0,0.05555555555555555,1,2,0,0,0,0,0,0,0.0,0.0,0.0,159000.0
10637884,0,0.0,1.0,0.0,1.0,0.0,0.0,0.0,0.0,0.0,0.0,0.0,0.0,0.0,0.0,0.0,0.0,0.0,1.0,0.14285714285714288,0.1818181818181818,0.09090909090909091,0.0,0.0,3,1,1,0,0,0,0,1,0.0,0.34,0.0,365000.0
10637911,0,1.0,0.0,0.0,0.0,1.0,0.0,0.0,0.0,0.0,0.0,0.0,0.0,0.0,0.0,0.0,1.0,0.0,0.0,0.05408163265306123,0.09090909090909091,0.18181818181818182,0.0,0.05555555555555555,0,6,1,0,0,0,0,1,0.0,0.03,0.0,375000.0
10637957,0,1.0,0.0,0.0,0.0,1.0,0.0,0.0,0.0,0.0,0.0,0.0,0.0,0.0,0.0,0.0,0.0,0.0,1.0,0.057142857142857155,0.09090909090909091,0.09090909090909091,0.07142857142857142,0.05555555555555555,3,7,1,0,0,0,0,0,0.0,0.0,0.0,250000.0
10637955,0,1.0,0.0,0.0,0.0,1.0,0.0,0.0,0.0,0.0,0.0,0.0,0.0,0.0,0.0,0.0,0.0,0.0,1.0,0.1969387755102041,0.2727272727272727,0.18181818181818182,0.07142857142857142,0.16666666666666666,3,0,0,0,0,0,0,1,0.0,0.42,0.0,790000.0
10637944,0,0.0,0.0,1.0,0.0,0.0,0.0,0.0,0.0,0.0,0.0,1.0,0.0,0.0,0.0,0.0,0.0,1.0,0.0,0.25816326530612244,0.2727272727272727,0.0,0.07142857142857142,0.16666666666666666,0,3,0,0,0,0,1,1,0.257,0.0,0.0,499000.0
10637954,0,0.0,0.0,1.0,0.0,0.0,0.0,0.0,0.0,0.0,0.0,0.0,1.0,0.0,0.0,0.0,0.0,0.0,1.0,0.12653061224489798,0.1818181818181818,0.0,0.07142857142857142,0.05555555555555555,0,3,0,1,0,0,0,1,0.0,0.23,0.0,230000.0
10637959,0,0.0,1.0,0.0,1.0,0.0,0.0,0.0,0.0,0.0,0.0,0.0,0.0,0.0,0.0,0.0,0.0,0.0,1.0,0.07857142857142857,0.09090909090909091,0.09090909090909091,0.0,0.05555555555555555,3,2,1,1,0,0,0,0,0.0,0.0,0.0,275000.0
10637968,0,1.0,0.0,0.0,0.0,1.0,0.0,0.0,0.0,0.0,0.0,0.0,0.0,0.0,0.0,0.0,1.0,0.0,0.0,0.05612244897959184,0.09090909090909091,0.0,0.0,0.05555555555555555,4,7,1,0,0,0,0,0,0.0,0.0,0.0,140000.0
10637969,0,0.0,1.0,0.0,0.0,0.0,0.0,0.0,0.0,0.0,0.0,0.0,0.0,0.0,1.0,0.0,0.0,0.0,1.0,0.06836734693877553,0.09090909090909091,0.0,0.0,0.05555555555555555,1,4,1,0,0,0,0,1,0.0,0.0,0.0,259000.0
10637964,0,0.0,1.0,0.0,0.0,0.0,0.0,1.0,0.0,0.0,0.0,0.0,0.0,0.0,0.0,0.0,1.0,0.0,0.0,0.11734693877551022,0.09090909090909091,0.09090909090909091,0.0,0.0,3,2,1,0,0,0,0,1,0.0,0.0,0.0,565000.0
10637971,0,0.0,1.0,0.0,0.0,0.0,0.0,0.0,0.0,0.0,0.0,0.0,0.0,0.0,1.0,0.0,0.0,0.0,1.0,0.0816326530612245,0.09090909090909091,0.0,0.0,0.05555555555555555,1,2,1,0,0,0,0,0,0.0,0.0,0.0,459000.0
10637977,0,1.0,0.0,0.0,0.0,1.0,0.0,0.0,0.0,0.0,0.0,0.0,0.0,0.0,0.0,0.0,1.0,0.0,0.0,0.1285714285714286,0.1818181818181818,0.09090909090909091,0.07142857142857142,0.05555555555555555,3,7,0,0,0,0,0,1,0.0,0.07,0.0,299000.0
10637979,0,1.0,0.0,0.0,0.0,1.0,0.0,0.0,0.0,0.0,0.0,0.0,0.0,0.0,0.0,0.0,1.0,0.0,0.0,0.13979591836734695,0.1818181818181818,0.18181818181818182,0.14285714285714285,0.1111111111111111,3,7,0,0,0,0,0,0,0.0,0.0,0.0,299000.0
10637986,0,0.0,1.0,0.0,0.0,0.0,0.0,0.0,0.0,1.0,0.0,0.0,0.0,0.0,0.0,0.0,0.0,0.0,1.0,0.05408163265306123,0.0,0.09090909090909091,0.07142857142857142,0.05555555555555555,3,2,1,1,0,0,1,1,0.0,0.0,0.0,249000.0
10637988,0,1.0,0.0,0.0,0.0,1.0,0.0,0.0,0.0,0.0,0.0,0.0,0.0,0.0,0.0,0.0,1.0,0.0,0.0,0.06122448979591837,0.0,0.09090909090909091,0.0,0.05555555555555555,2,7,0,0,0,0,1,1,0.02,0.0,0.0,299000.0
10637985,0,1.0,0.0,0.0,0.0,1.0,0.0,0.0,0.0,0.0,0.0,0.0,0.0,0.0,0.0,0.0,1.0,0.0,0.0,0.23469387755102042,0.2727272727272727,0.18181818181818182,0.14285714285714285,0.1111111111111111,3,7,1,0,0,0,0,1,0.0,0.34,0.0,495000.0
10637987,0,0.0,1.0,0.0,0.0,0.0,0.0,0.0,0.0,1.0,0.0,0.0,0.0,0.0,0.0,0.0,0.0,0.0,1.0,0.05408163265306123,0.0,0.09090909090909091,0.07142857142857142,0.05555555555555555,3,2,1,1,0,0,1,1,0.0,0.0,0.0,249000.0
10637991,0,0.0,1.0,0.0,0.0,0.0,0.0,0.0,0.0,0.0,0.0,0.0,0.0,0.0,1.0,0.0,0.0,1.0,0.0,0.12244897959183676,0.2727272727272727,0.09090909090909091,0.07142857142857142,0.1111111111111111,2,4,1,1,0,0,0,1,0.0,0.04,0.0,399000.0
10638009,0,0.0,1.0,0.0,1.0,0.0,0.0,0.0,0.0,0.0,0.0,0.0,0.0,0.0,0.0,0.0,1.0,0.0,0.0,0.05306122448979592,0.09090909090909091,0.09090909090909091,0.0,0.0,3,2,1,0,0,0,0,1,0.0,0.02,0.0,275000.0
10637998,0,1.0,0.0,0.0,0.0,1.0,0.0,0.0,0.0,0.0,0.0,0.0,0.0,0.0,0.0,0.0,1.0,0.0,0.0,0.07346938775510206,0.09090909090909091,0.09090909090909091,0.0,0.0,3,0,0,0,0,0,0,0,0.0,0.0,0.0,165000.0
10638002,0,1.0,0.0,0.0,0.0,1.0,0.0,0.0,0.0,0.0,0.0,0.0,0.0,0.0,0.0,0.0,1.0,0.0,0.0,0.05612244897959184,0.0,0.18181818181818182,0.0,0.0,3,0,0,0,0,0,0,0,0.0,0.0,0.0,110000.0
10638021,0,0.0,1.0,0.0,0.0,0.0,0.0,0.0,0.0,0.0,0.0,0.0,0.0,0.0,1.0,0.0,0.0,1.0,0.0,0.08571428571428572,0.09090909090909091,0.09090909090909091,0.0,0.05555555555555555,3,4,0,0,0,0,0,0,0.0,0.0,0.0,199000.0
10638032,0,0.0,1.0,0.0,0.0,0.0,0.0,0.0,0.0,0.0,0.0,0.0,0.0,0.0,1.0,0.0,0.0,0.0,1.0,0.09285714285714286,0.09090909090909091,0.18181818181818182,0.0,0.0,1,3,1,0,0,0,0,1,0.0,1.0,0.0,645000.0
10638034,0,0.0,1.0,0.0,0.0,0.0,1.0,0.0,0.0,0.0,0.0,0.0,0.0,0.0,0.0,1.0,0.0,0.0,0.0,0.12040816326530615,0.1818181818181818,0.18181818181818182,0.0,0.05555555555555555,5,2,1,0,0,0,0,1,0.0,0.12,0.0,345000.0
10638055,0,0.0,1.0,0.0,0.0,0.0,0.0,1.0,0.0,0.0,0.0,0.0,0.0,0.0,0.0,0.0,0.0,0.0,1.0,0.059183673469387764,0.0,0.09090909090909091,0.0,0.05555555555555555,3,1,0,1,0,0,0,1,0.0,0.0,0.0,279000.0
10638061,0,0.0,1.0,0.0,1.0,0.0,0.0,0.0,0.0,0.0,0.0,0.0,0.0,0.0,0.0,0.0,0.0,0.0,1.0,0.06122448979591837,0.09090909090909091,0.09090909090909091,0.0,0.05555555555555555,4,2,1,1,0,0,0,1,0.0,0.02,0.0,159000.0
10638039,0,0.0,1.0,0.0,1.0,0.0,0.0,0.0,0.0,0.0,0.0,0.0,0.0,0.0,0.0,0.0,0.0,0.0,1.0,0.0673469387755102,0.09090909090909091,0.0,0.0,0.05555555555555555,3,2,0,1,0,0,0,1,0.0,0.07,0.0,279000.0
10638040,0,0.0,1.0,0.0,1.0,0.0,0.0,0.0,0.0,0.0,0.0,0.0,0.0,0.0,0.0,0.0,0.0,1.0,0.0,0.07857142857142857,0.09090909090909091,0.09090909090909091,0.0,0.05555555555555555,2,3,1,1,0,0,0,1,0.0,0.03,0.0,239000.0
10638047,0,0.0,1.0,0.0,1.0,0.0,0.0,0.0,0.0,0.0,0.0,0.0,0.0,0.0,0.0,1.0,0.0,0.0,0.0,0.05816326530612246,0.09090909090909091,0.09090909090909091,0.0,0.05555555555555555,0,2,1,1,0,0,0,1,0.0,0.36,0.0,495000.0
10638072,0,0.0,1.0,0.0,1.0,0.0,0.0,0.0,0.0,0.0,0.0,0.0,0.0,0.0,0.0,0.0,0.0,1.0,0.0,0.06938775510204082,0.09090909090909091,0.09090909090909091,0.0,0.05555555555555555,3,2,0,1,0,0,0,1,0.0,0.03,0.0,239000.0
10638062,0,0.0,1.0,0.0,1.0,0.0,0.0,0.0,0.0,0.0,0.0,0.0,0.0,0.0,0.0,0.0,0.0,0.0,1.0,0.0836734693877551,0.09090909090909091,0.18181818181818182,0.0,0.1111111111111111,2,4,0,1,0,0,0,0,0.0,0.0,0.0,336500.0
10638066,0,0.0,1.0,0.0,1.0,0.0,0.0,0.0,0.0,0.0,0.0,0.0,0.0,0.0,0.0,0.0,0.0,0.0,1.0,0.07040816326530613,0.09090909090909091,0.09090909090909091,0.0,0.05555555555555555,3,3,1,1,0,0,0,1,0.0,0.04,0.0,183000.0
10638092,0,0.0,1.0,0.0,1.0,0.0,0.0,0.0,0.0,0.0,0.0,0.0,0.0,0.0,0.0,0.0,0.0,0.0,1.0,0.05816326530612246,0.0,0.09090909090909091,0.0,0.0,3,2,0,1,0,0,0,1,0.0,0.0,0.0,264000.0
10638100,0,0.0,1.0,0.0,0.0,0.0,0.0,0.0,0.0,1.0,0.0,0.0,0.0,0.0,0.0,0.0,0.0,0.0,1.0,0.08979591836734696,0.1818181818181818,0.09090909090909091,0.0,0.05555555555555555,1,1,1,1,0,0,1,1,0.088,0.55,0.0,320000.0
10638134,0,0.0,1.0,0.0,1.0,0.0,0.0,0.0,0.0,0.0,0.0,0.0,0.0,0.0,0.0,0.0,0.0,1.0,0.0,0.13979591836734695,0.1818181818181818,0.18181818181818182,0.0,0.1111111111111111,1,4,0,1,0,0,0,1,0.0,1.0,0.0,375000.0
10638148,0,0.0,1.0,0.0,1.0,0.0,0.0,0.0,0.0,0.0,0.0,0.0,0.0,0.0,0.0,0.0,1.0,0.0,0.0,0.10714285714285715,0.09090909090909091,0.09090909090909091,0.0,0.05555555555555555,5,5,0,1,0,0,0,0,0.0,0.0,0.0,219000.0
10638185,1,0.0,0.0,1.0,0.0,0.0,0.0,0.0,0.0,0.0,1.0,0.0,0.0,0.0,0.0,0.0,1.0,0.0,0.0,0.19387755102040818,0.2727272727272727,0.0,0.2857142857142857,0.0,2,0,0,0,0,0,0,1,0.0,0.3,0.00011921344801055682,329000.0
10638156,0,0.0,0.0,1.0,0.0,0.0,0.0,0.0,0.0,0.0,1.0,0.0,0.0,0.0,0.0,0.0,0.0,0.0,1.0,0.09897959183673471,0.09090909090909091,0.09090909090909091,0.07142857142857142,0.1111111111111111,3,2,0,1,0,0,1,1,0.213,0.08,0.0,295000.0
10638149,0,0.0,1.0,0.0,1.0,0.0,0.0,0.0,0.0,0.0,0.0,0.0,0.0,0.0,0.0,0.0,1.0,0.0,0.0,0.0673469387755102,0.0,0.09090909090909091,0.0,0.05555555555555555,3,3,1,0,0,0,0,1,0.0,0.05,0.0,279000.0
10638162,0,1.0,0.0,0.0,0.0,1.0,0.0,0.0,0.0,0.0,0.0,0.0,0.0,0.0,0.0,0.0,0.0,0.0,1.0,0.04081632653061225,0.0,0.09090909090909091,0.0,0.05555555555555555,3,3,1,1,0,0,0,0,0.0,0.0,0.0,169000.0
10638218,0,1.0,0.0,0.0,0.0,1.0,0.0,0.0,0.0,0.0,0.0,0.0,0.0,0.0,0.0,0.0,1.0,0.0,0.0,0.05306122448979592,0.09090909090909091,0.09090909090909091,0.0,0.05555555555555555,2,4,1,1,0,0,0,1,0.0,0.02,0.0,230000.0
10638220,0,0.0,1.0,0.0,0.0,0.0,0.0,0.0,0.0,0.0,0.0,0.0,0.0,0.0,1.0,0.0,0.0,1.0,0.0,0.09183673469387757,0.1818181818181818,0.09090909090909091,0.07142857142857142,0.05555555555555555,1,0,0,0,0,0,0,1,0.0,0.3,0.0,359000.0
10638228,0,0.0,1.0,0.0,0.0,0.0,0.0,0.0,0.0,0.0,0.0,0.0,0.0,0.0,1.0,0.0,0.0,1.0,0.0,0.05612244897959184,0.09090909090909091,0.09090909090909091,0.0,0.1111111111111111,0,4,0,0,0,0,0,0,0.0,0.0,0.0,160000.0
10638230,0,0.0,1.0,0.0,0.0,0.0,0.0,0.0,0.0,1.0,0.0,0.0,0.0,0.0,0.0,0.0,0.0,0.0,1.0,0.04897959183673469,0.09090909090909091,0.09090909090909091,0.0,0.05555555555555555,3,3,0,0,0,0,0,1,0.0,0.2,0.0,249000.0
10638238,0,0.0,1.0,0.0,0.0,0.0,0.0,0.0,0.0,1.0,0.0,0.0,0.0,0.0,0.0,0.0,0.0,0.0,1.0,0.042857142857142864,0.0,0.09090909090909091,0.0,0.05555555555555555,0,4,0,0,0,0,0,0,0.0,0.0,0.0,149500.0
10638232,0,0.0,1.0,0.0,0.0,0.0,0.0,0.0,0.0,0.0,0.0,0.0,0.0,0.0,1.0,0.0,0.0,0.0,1.0,0.07346938775510206,0.09090909090909091,0.09090909090909091,0.0,0.05555555555555555,3,1,1,0,0,0,0,0,0.0,0.0,0.0,269000.0
10638235,0,0.0,1.0,0.0,0.0,0.0,1.0,0.0,0.0,0.0,0.0,0.0,0.0,0.0,0.0,0.0,0.0,0.0,1.0,0.07653061224489796,0.1818181818181818,0.0,0.0,0.0,0,2,1,0,0,0,0,0,0.0,0.0,0.0,208000.0
10638252,0,0.0,1.0,0.0,0.0,0.0,0.0,0.0,0.0,0.0,0.0,0.0,0.0,0.0,1.0,0.0,0.0,0.0,1.0,0.012244897959183675,0.0,0.09090909090909091,0.0,0.05555555555555555,3,4,0,0,0,0,0,0,0.0,0.0,0.0,135000.0
10638268,1,0.0,1.0,0.0,0.0,0.0,0.0,0.0,0.0,0.0,0.0,0.0,0.0,0.0,1.0,0.0,0.0,0.0,1.0,0.1469387755102041,0.1818181818181818,0.0,0.0,0.1111111111111111,1,1,0,0,0,0,0,1,0.0,0.0,0.00031637415048955465,325000.0
10638272,0,0.0,1.0,0.0,0.0,0.0,0.0,0.0,0.0,0.0,0.0,0.0,0.0,0.0,1.0,0.0,0.0,1.0,0.0,0.07448979591836735,0.09090909090909091,0.09090909090909091,0.0,0.05555555555555555,3,0,0,0,0,0,0,0,0.0,0.0,0.0,329000.0
10638301,0,0.0,1.0,0.0,1.0,0.0,0.0,0.0,0.0,0.0,0.0,0.0,0.0,0.0,0.0,0.0,0.0,0.0,1.0,0.163265306122449,0.2727272727272727,0.18181818181818182,0.0,0.16666666666666666,1,2,0,0,0,0,0,1,0.0,0.25,0.0,399000.0
10638312,0,0.0,0.0,1.0,0.0,0.0,0.0,0.0,0.0,0.0,1.0,0.0,0.0,0.0,0.0,0.0,0.0,1.0,0.0,0.0816326530612245,0.09090909090909091,0.0,0.07142857142857142,0.05555555555555555,1,3,1,1,0,0,0,0,0.0,0.0,0.0,239000.0
10638318,0,0.0,1.0,0.0,1.0,0.0,0.0,0.0,0.0,0.0,0.0,0.0,0.0,0.0,0.0,0.0,0.0,1.0,0.0,0.07551020408163267,0.1818181818181818,0.09090909090909091,0.0,0.05555555555555555,4,2,1,1,0,0,0,1,0.0,0.17,0.0,215000.0
10638282,0,0.0,1.0,0.0,0.0,0.0,0.0,0.0,0.0,0.0,0.0,0.0,0.0,0.0,1.0,0.0,0.0,0.0,1.0,0.0836734693877551,0.09090909090909091,0.09090909090909091,0.0,0.05555555555555555,1,0,0,0,0,0,0,0,0.0,0.0,0.0,365000.0
10638316,0,0.0,1.0,0.0,0.0,0.0,0.0,1.0,0.0,0.0,0.0,0.0,0.0,0.0,0.0,0.0,0.0,0.0,1.0,0.10306122448979593,0.09090909090909091,0.09090909090909091,0.0,0.05555555555555555,3,2,0,1,0,0,1,1,0.0,0.0,0.0,378000.0
10638281,0,0.0,1.0,0.0,0.0,0.0,0.0,0.0,0.0,0.0,0.0,0.0,0.0,0.0,1.0,0.0,0.0,0.0,1.0,0.0836734693877551,0.09090909090909091,0.09090909090909091,0.0,0.05555555555555555,1,0,1,0,0,0,0,0,0.0,0.0,0.0,355000.0
10638319,0,0.0,1.0,0.0,0.0,0.0,0.0,1.0,0.0,0.0,0.0,0.0,0.0,0.0,0.0,0.0,0.0,1.0,0.0,0.03571428571428572,0.0,0.09090909090909091,0.0,0.05555555555555555,0,5,0,1,0,0,0,0,0.0,0.0,0.0,189000.0
10638332,0,1.0,0.0,0.0,0.0,1.0,0.0,0.0,0.0,0.0,0.0,0.0,0.0,0.0,0.0,0.0,0.0,1.0,0.0,0.15612244897959185,0.1818181818181818,0.09090909090909091,0.0,0.1111111111111111,0,4,1,1,0,0,0,1,0.0,0.13,0.0,485000.0
10638339,0,0.0,1.0,0.0,0.0,0.0,1.0,0.0,0.0,0.0,0.0,0.0,0.0,0.0,0.0,0.0,0.0,1.0,0.0,0.05612244897959184,0.09090909090909091,0.09090909090909091,0.0,0.05555555555555555,0,3,0,1,0,0,0,0,0.0,0.0,0.0,179000.0
10638355,0,0.0,1.0,0.0,1.0,0.0,0.0,0.0,0.0,0.0,0.0,0.0,0.0,0.0,0.0,0.0,0.0,0.0,1.0,0.11224489795918369,0.09090909090909091,0.09090909090909091,0.0,0.05555555555555555,5,6,0,1,0,0,1,0,0.505,0.0,0.0,365000.0
10638364,0,0.0,1.0,0.0,1.0,0.0,0.0,0.0,0.0,0.0,0.0,0.0,0.0,0.0,0.0,0.0,0.0,0.0,1.0,0.042857142857142864,0.09090909090909091,0.0,0.0,0.0,0,0,1,1,0,0,0,1,0.0,0.06,0.0,224000.0
10638347,0,0.0,1.0,0.0,0.0,0.0,1.0,0.0,0.0,0.0,0.0,0.0,0.0,0.0,0.0,1.0,0.0,0.0,0.0,0.05306122448979592,0.09090909090909091,0.09090909090909091,0.0,0.05555555555555555,3,2,1,0,0,0,0,0,0.0,0.0,0.0,150000.0
10638366,0,0.0,1.0,0.0,1.0,0.0,0.0,0.0,0.0,0.0,0.0,0.0,0.0,0.0,0.0,0.0,0.0,0.0,1.0,0.04489795918367347,0.0,0.09090909090909091,0.07142857142857142,0.05555555555555555,0,2,0,1,0,0,0,1,0.0,0.18,0.0,179000.0
10638357,1,0.0,1.0,0.0,1.0,0.0,0.0,0.0,0.0,0.0,0.0,0.0,0.0,0.0,0.0,0.0,0.0,0.0,1.0,0.11224489795918369,0.09090909090909091,0.09090909090909091,0.0,0.05555555555555555,5,6,0,1,0,0,1,0,0.505,0.0,0.0009628778493160358,365000.0
10638360,0,0.0,1.0,0.0,1.0,0.0,0.0,0.0,0.0,0.0,0.0,0.0,0.0,0.0,0.0,0.0,0.0,0.0,1.0,0.08061224489795918,0.09090909090909091,0.0,0.0,0.05555555555555555,1,2,1,0,0,0,0,1,0.0,0.0,0.0,210000.0
10638368,0,0.0,1.0,0.0,1.0,0.0,0.0,0.0,0.0,0.0,0.0,0.0,0.0,0.0,0.0,0.0,0.0,0.0,1.0,0.04489795918367347,0.0,0.09090909090909091,0.07142857142857142,0.05555555555555555,0,2,0,1,0,0,0,1,0.0,0.18,0.0,179000.0
10638375,0,0.0,1.0,0.0,0.0,0.0,0.0,1.0,0.0,0.0,0.0,0.0,0.0,0.0,0.0,0.0,0.0,0.0,1.0,0.051020408163265314,0.0,0.09090909090909091,0.0,0.0,1,2,0,0,0,0,1,0,0.025,0.0,0.0,236000.0
10659381,0,0.0,0.0,1.0,0.0,0.0,0.0,0.0,0.0,0.0,0.0,0.0,0.0,1.0,0.0,0.0,0.0,0.0,1.0,0.17755102040816328,0.1818181818181818,0.18181818181818182,0.14285714285714285,0.1111111111111111,0,0,1,1,0,0,0,1,0.0,0.31,0.0,775000.0
10638376,0,1.0,0.0,0.0,0.0,1.0,0.0,0.0,0.0,0.0,0.0,0.0,0.0,0.0,0.0,0.0,1.0,0.0,0.0,0.29489795918367345,0.1818181818181818,0.0,0.0,0.0,1,7,0,1,0,0,1,0,0.122,0.0,0.0,1350000.0
10638410,0,0.0,1.0,0.0,0.0,0.0,0.0,0.0,0.0,0.0,0.0,0.0,0.0,0.0,1.0,0.0,0.0,1.0,0.0,0.018367346938775515,0.0,0.0,0.0,0.05555555555555555,1,3,0,0,0,0,0,1,0.0,0.0,0.0,199000.0
10659382,0,0.0,0.0,1.0,0.0,0.0,0.0,0.0,0.0,0.0,0.0,0.0,0.0,1.0,0.0,0.0,0.0,0.0,1.0,0.13571428571428573,0.09090909090909091,0.18181818181818182,0.14285714285714285,0.1111111111111111,0,0,1,1,0,0,1,1,0.11,0.0,0.0,599000.0
10638411,0,0.0,1.0,0.0,0.0,0.0,0.0,0.0,0.0,0.0,0.0,0.0,0.0,0.0,1.0,0.0,0.0,1.0,0.0,0.05510204081632653,0.09090909090909091,0.0,0.0,0.05555555555555555,0,2,1,0,0,0,0,1,0.0,0.0,0.0,350000.0
10638420,0,0.0,1.0,0.0,1.0,0.0,0.0,0.0,0.0,0.0,0.0,0.0,0.0,0.0,0.0,0.0,0.0,1.0,0.0,0.0816326530612245,0.0,0.09090909090909091,0.0,0.05555555555555555,3,0,0,0,0,0,0,1,0.0,0.13,0.0,255000.0
10638425,0,0.0,1.0,0.0,0.0,0.0,1.0,0.0,0.0,0.0,0.0,0.0,0.0,0.0,0.0,1.0,0.0,0.0,0.0,0.028571428571428574,0.0,0.09090909090909091,0.0,0.05555555555555555,4,1,1,0,0,0,0,0,0.0,0.0,0.0,175000.0
10638423,0,0.0,1.0,0.0,0.0,0.0,1.0,0.0,0.0,0.0,0.0,0.0,0.0,0.0,0.0,1.0,0.0,0.0,0.0,0.059183673469387764,0.0,0.09090909090909091,0.0,0.1111111111111111,0,2,1,0,0,0,0,1,0.0,0.1,0.0,299500.0
10638422,0,0.0,1.0,0.0,0.0,0.0,0.0,0.0,0.0,1.0,0.0,0.0,0.0,0.0,0.0,0.0,0.0,0.0,1.0,0.09591836734693879,0.09090909090909091,0.09090909090909091,0.0,0.05555555555555555,1,1,0,0,0,0,1,1,0.0,0.0,0.0,349000.0
10638443,0,0.0,1.0,0.0,0.0,0.0,0.0,0.0,0.0,0.0,0.0,0.0,0.0,0.0,1.0,0.0,0.0,1.0,0.0,0.08469387755102042,0.2727272727272727,0.18181818181818182,0.0,0.1111111111111111,0,3,1,0,0,0,0,1,0.0,0.0,0.0,1195000.0
10638451,0,0.0,1.0,0.0,0.0,0.0,0.0,0.0,0.0,0.0,0.0,0.0,0.0,0.0,1.0,0.0,0.0,0.0,1.0,0.0836734693877551,0.09090909090909091,0.09090909090909091,0.0,0.05555555555555555,0,0,1,0,0,0,0,1,0.0,0.0,0.0,365000.0
10638450,0,0.0,1.0,0.0,0.0,0.0,0.0,0.0,0.0,0.0,0.0,0.0,0.0,0.0,1.0,0.0,0.0,0.0,1.0,0.07040816326530613,0.09090909090909091,0.09090909090909091,0.0,0.05555555555555555,1,4,1,0,0,0,1,1,0.0,0.0,0.0,498000.0
10638456,0,0.0,1.0,0.0,0.0,0.0,0.0,0.0,0.0,0.0,0.0,0.0,0.0,0.0,1.0,0.0,0.0,0.0,1.0,0.06122448979591837,0.09090909090909091,0.18181818181818182,0.0,0.05555555555555555,2,2,1,0,0,0,0,1,0.0,0.0,0.0,455000.0
10638455,0,0.0,1.0,0.0,0.0,0.0,0.0,0.0,0.0,0.0,0.0,0.0,0.0,0.0,1.0,0.0,0.0,0.0,1.0,0.10204081632653061,0.1818181818181818,0.09090909090909091,0.0,0.05555555555555555,2,3,1,0,0,0,0,1,0.0,0.0,0.0,395000.0
10638465,0,0.0,1.0,0.0,0.0,0.0,1.0,0.0,0.0,0.0,0.0,0.0,0.0,0.0,0.0,0.0,0.0,0.0,1.0,0.10204081632653061,0.09090909090909091,0.09090909090909091,0.0,0.05555555555555555,1,5,0,0,0,0,1,0,0.15,0.0,0.0,350000.0
10638518,0,0.0,1.0,0.0,0.0,0.0,1.0,0.0,0.0,0.0,0.0,0.0,0.0,0.0,0.0,0.0,1.0,0.0,0.0,0.08469387755102042,0.09090909090909091,0.09090909090909091,0.0,0.05555555555555555,1,0,1,0,0,0,1,1,0.0,0.31,0.0,490000.0
10638558,0,0.0,1.0,0.0,0.0,0.0,0.0,0.0,0.0,0.0,0.0,0.0,0.0,0.0,1.0,0.0,0.0,0.0,1.0,0.023469387755102045,0.0,0.09090909090909091,0.0,0.0,1,1,0,0,0,0,0,0,0.0,0.0,0.0,195000.0
10638544,0,0.0,1.0,0.0,1.0,0.0,0.0,0.0,0.0,0.0,0.0,0.0,0.0,0.0,0.0,0.0,0.0,0.0,1.0,0.07142857142857142,0.09090909090909091,0.09090909090909091,0.0,0.05555555555555555,1,2,1,0,0,0,0,1,0.0,0.0,0.0,197500.0
10638552,0,0.0,1.0,0.0,0.0,0.0,1.0,0.0,0.0,0.0,0.0,0.0,0.0,0.0,0.0,0.0,0.0,1.0,0.0,0.06122448979591837,0.09090909090909091,0.09090909090909091,0.0,0.0,0,0,0,0,0,0,1,1,0.0,0.0,0.0,179900.0
10638553,0,0.0,1.0,0.0,0.0,0.0,1.0,0.0,0.0,0.0,0.0,0.0,0.0,0.0,0.0,0.0,0.0,1.0,0.0,0.5306122448979592,0.1818181818181818,0.2727272727272727,0.0,0.05555555555555555,1,0,0,0,0,0,1,1,0.0,0.6,0.0,425000.0
10638563,0,0.0,1.0,0.0,0.0,0.0,1.0,0.0,0.0,0.0,0.0,0.0,0.0,0.0,0.0,1.0,0.0,0.0,0.0,0.1285714285714286,0.1818181818181818,0.09090909090909091,0.0,0.1111111111111111,1,3,0,0,0,0,0,0,0.0,0.0,0.0,500000.0
10638570,0,0.0,1.0,0.0,0.0,0.0,0.0,0.0,0.0,0.0,0.0,0.0,0.0,0.0,1.0,0.0,0.0,0.0,1.0,0.06122448979591837,0.09090909090909091,0.09090909090909091,0.0,0.0,4,3,0,0,0,0,0,0,0.0,0.0,0.0,295000.0
10638565,0,0.0,1.0,0.0,0.0,0.0,0.0,0.0,0.0,0.0,0.0,0.0,0.0,0.0,1.0,0.0,0.0,1.0,0.0,0.03775510204081633,0.0,0.09090909090909091,0.0,0.05555555555555555,1,4,1,0,0,0,0,0,0.0,0.0,0.0,175000.0
10638566,0,0.0,1.0,0.0,0.0,0.0,0.0,0.0,0.0,0.0,0.0,0.0,0.0,0.0,1.0,0.0,0.0,1.0,0.0,0.03775510204081633,0.0,0.09090909090909091,0.07142857142857142,0.05555555555555555,1,2,1,0,0,0,0,0,0.0,0.0,0.0,207000.0
10638564,0,0.0,1.0,0.0,0.0,0.0,0.0,0.0,0.0,0.0,0.0,0.0,0.0,0.0,1.0,0.0,0.0,1.0,0.0,0.03571428571428572,0.0,0.09090909090909091,0.07142857142857142,0.05555555555555555,1,1,1,1,1,0,0,0,0.0,0.0,0.0,285000.0
10638583,0,1.0,0.0,0.0,0.0,1.0,0.0,0.0,0.0,0.0,0.0,0.0,0.0,0.0,0.0,0.0,0.0,0.0,1.0,0.08673469387755103,0.1818181818181818,0.09090909090909091,0.0,0.05555555555555555,0,2,1,0,0,0,0,1,0.0,0.12,0.0,299000.0
10638582,0,0.0,1.0,0.0,1.0,0.0,0.0,0.0,0.0,0.0,0.0,0.0,0.0,0.0,0.0,0.0,0.0,1.0,0.0,0.08061224489795918,0.09090909090909091,0.09090909090909091,0.0,0.05555555555555555,3,2,1,0,0,0,0,1,0.0,0.0,0.0,239000.0
10638581,0,0.0,1.0,0.0,0.0,0.0,0.0,0.0,0.0,0.0,0.0,0.0,0.0,0.0,1.0,0.0,0.0,1.0,0.0,0.09387755102040818,0.1818181818181818,0.09090909090909091,0.0,0.05555555555555555,4,2,0,0,0,0,0,1,0.0,0.0,0.0,239000.0
10638574,0,0.0,1.0,0.0,0.0,0.0,0.0,0.0,0.0,0.0,0.0,0.0,0.0,0.0,1.0,0.0,0.0,0.0,1.0,0.05612244897959184,0.09090909090909091,0.09090909090909091,0.0,0.05555555555555555,1,6,1,0,0,0,1,1,0.0,0.0,0.0,395000.0
10638585,0,0.0,1.0,0.0,0.0,0.0,0.0,0.0,0.0,1.0,0.0,0.0,0.0,0.0,0.0,0.0,0.0,0.0,1.0,0.08877551020408164,0.09090909090909091,0.09090909090909091,0.0,0.05555555555555555,0,2,0,0,0,0,0,0,0.0,0.0,0.0,299000.0
10638623,0,0.0,1.0,0.0,1.0,0.0,0.0,0.0,0.0,0.0,0.0,0.0,0.0,0.0,0.0,0.0,0.0,0.0,1.0,0.051020408163265314,0.09090909090909091,0.09090909090909091,0.0,0.05555555555555555,3,6,1,0,0,0,0,1,0.0,0.04,0.0,159000.0
10638629,0,0.0,1.0,0.0,1.0,0.0,0.0,0.0,0.0,0.0,0.0,0.0,0.0,0.0,0.0,1.0,0.0,0.0,0.0,0.04081632653061225,0.0,0.09090909090909091,0.0,0.0,0,2,0,0,0,0,0,1,0.0,0.0,0.0,315000.0
10638620,0,0.0,1.0,0.0,1.0,0.0,0.0,0.0,0.0,0.0,0.0,0.0,0.0,0.0,0.0,0.0,0.0,0.0,1.0,0.13367346938775512,0.1818181818181818,0.18181818181818182,0.14285714285714285,0.16666666666666666,2,2,1,0,0,0,0,1,0.0,0.09,0.0,435500.0
10638632,0,0.0,1.0,0.0,0.0,0.0,0.0,0.0,0.0,0.0,0.0,0.0,0.0,0.0,1.0,0.0,0.0,0.0,1.0,0.07653061224489796,0.09090909090909091,0.09090909090909091,0.0,0.05555555555555555,3,4,1,0,0,0,0,1,0.0,0.0,0.0,189000.0
10638636,0,0.0,1.0,0.0,0.0,0.0,0.0,0.0,0.0,1.0,0.0,0.0,0.0,0.0,0.0,0.0,0.0,1.0,0.0,0.04081632653061225,0.09090909090909091,0.09090909090909091,0.0,0.0,1,3,0,0,0,0,0,1,0.0,0.04,0.0,149500.0
10638651,0,0.0,1.0,0.0,1.0,0.0,0.0,0.0,0.0,0.0,0.0,0.0,0.0,0.0,0.0,1.0,0.0,0.0,0.0,0.10408163265306122,0.09090909090909091,0.09090909090909091,0.0,0.1111111111111111,1,4,1,0,0,0,0,0,0.0,0.0,0.0,370000.0
10638675,0,0.0,1.0,0.0,0.0,0.0,0.0,0.0,0.0,0.0,0.0,0.0,0.0,0.0,1.0,0.0,0.0,0.0,1.0,0.030612244897959183,0.0,0.0,0.0,0.0,0,2,1,0,0,0,0,1,0.0,0.0,0.0,235000.0
10638669,0,0.0,1.0,0.0,0.0,0.0,0.0,1.0,0.0,0.0,0.0,0.0,0.0,0.0,0.0,1.0,0.0,0.0,0.0,0.08265306122448982,0.1818181818181818,0.09090909090909091,0.0,0.05555555555555555,4,2,0,0,0,0,0,1,0.0,0.0,0.0,385000.0
10638641,0,0.0,1.0,0.0,1.0,0.0,0.0,0.0,0.0,0.0,0.0,0.0,0.0,0.0,0.0,0.0,0.0,1.0,0.0,0.04081632653061225,0.09090909090909091,0.09090909090909091,0.0,0.0,0,5,0,0,0,0,0,1,0.0,0.21,0.0,185000.0
10638640,0,0.0,1.0,0.0,1.0,0.0,0.0,0.0,0.0,0.0,0.0,0.0,0.0,0.0,0.0,0.0,1.0,0.0,0.0,0.11530612244897961,0.1818181818181818,0.09090909090909091,0.0,0.0,0,3,1,0,0,0,0,0,0.0,0.0,0.0,219000.0
10638710,0,0.0,1.0,0.0,0.0,0.0,0.0,0.0,0.0,0.0,0.0,0.0,0.0,0.0,1.0,0.0,0.0,1.0,0.0,0.05000000000000001,0.09090909090909091,0.09090909090909091,0.0,0.05555555555555555,0,4,1,0,0,0,0,0,0.0,0.0,0.0,195000.0
10638676,0,0.0,1.0,0.0,0.0,0.0,0.0,0.0,0.0,0.0,0.0,0.0,0.0,0.0,1.0,0.0,0.0,0.0,1.0,0.03775510204081633,0.0,0.0,0.0,0.0,4,2,1,0,0,0,0,1,0.0,0.0,0.0,315000.0
10638707,1,0.0,1.0,0.0,0.0,0.0,0.0,0.0,0.0,0.0,0.0,0.0,0.0,0.0,1.0,0.0,0.0,1.0,0.0,0.4387755102040817,0.2727272727272727,0.18181818181818182,0.0,0.16666666666666666,1,6,0,1,1,0,1,0,0.0,0.0,0.0011508682865634524,1250000.0
10638711,0,0.0,1.0,0.0,0.0,0.0,1.0,0.0,0.0,0.0,0.0,0.0,0.0,0.0,0.0,0.0,0.0,1.0,0.0,0.7755102040816327,0.9999999999999999,0.5454545454545454,0.0,0.0,1,3,1,0,0,0,0,0,0.0,0.0,0.0,2395000.0
10638727,0,0.0,1.0,0.0,0.0,0.0,0.0,0.0,0.0,0.0,0.0,0.0,0.0,0.0,1.0,0.0,0.0,0.0,1.0,0.0816326530612245,0.09090909090909091,0.0,0.0,0.05555555555555555,0,0,1,0,0,0,1,1,0.122,0.37,0.0,250000.0
10638725,1,0.0,1.0,0.0,0.0,0.0,0.0,0.0,0.0,0.0,0.0,0.0,0.0,0.0,1.0,0.0,0.0,0.0,1.0,0.13979591836734695,0.1818181818181818,0.09090909090909091,0.0,0.0,1,6,0,0,0,0,1,1,0.0,0.0,0.00024209500211374614,275000.0
10638753,0,0.0,1.0,0.0,0.0,0.0,0.0,0.0,0.0,0.0,0.0,0.0,0.0,0.0,1.0,0.0,0.0,1.0,0.0,0.025510204081632654,0.09090909090909091,0.09090909090909091,0.0,0.05555555555555555,0,3,1,0,0,0,0,1,0.0,0.0,0.0,172000.0
10638775,0,1.0,0.0,0.0,0.0,1.0,0.0,0.0,0.0,0.0,0.0,0.0,0.0,0.0,0.0,0.0,1.0,0.0,0.0,0.10204081632653061,0.09090909090909091,0.09090909090909091,0.0,0.0,4,3,0,0,0,0,1,1,0.0,0.11,0.0,480000.0
10638777,0,0.0,1.0,0.0,0.0,0.0,0.0,0.0,0.0,1.0,0.0,0.0,0.0,0.0,0.0,0.0,0.0,1.0,0.0,0.05612244897959184,0.09090909090909091,0.09090909090909091,0.0,0.05555555555555555,0,5,0,0,0,0,1,1,0.0,0.21,0.0,197500.0
10638791,0,1.0,0.0,0.0,0.0,1.0,0.0,0.0,0.0,0.0,0.0,0.0,0.0,0.0,0.0,0.0,0.0,0.0,1.0,0.1836734693877551,0.1818181818181818,0.18181818181818182,0.07142857142857142,0.16666666666666666,1,3,1,0,0,0,0,1,0.0,0.22,0.0,1200000.0
10638808,0,1.0,0.0,0.0,0.0,1.0,0.0,0.0,0.0,0.0,0.0,0.0,0.0,0.0,0.0,0.0,1.0,0.0,0.0,0.20714285714285716,0.4545454545454545,0.09090909090909091,0.0,0.05555555555555555,5,7,0,0,0,0,0,0,0.0,0.0,0.0,275000.0
10638794,0,1.0,0.0,0.0,0.0,1.0,0.0,0.0,0.0,0.0,0.0,0.0,0.0,0.0,0.0,0.0,0.0,0.0,1.0,0.04897959183673469,0.0,0.09090909090909091,0.07142857142857142,0.05555555555555555,4,5,1,0,0,0,1,1,0.084,0.2,0.0,330000.0
10638781,0,0.0,0.0,1.0,0.0,0.0,0.0,0.0,0.0,0.0,1.0,0.0,0.0,0.0,0.0,0.0,0.0,1.0,0.0,0.09387755102040818,0.1818181818181818,0.09090909090909091,0.0,0.05555555555555555,3,3,1,1,0,0,0,1,0.0,0.03,0.0,158000.0
10638812,0,0.0,1.0,0.0,1.0,0.0,0.0,0.0,0.0,0.0,0.0,0.0,0.0,0.0,0.0,1.0,0.0,0.0,0.0,0.09489795918367347,0.09090909090909091,0.09090909090909091,0.0,0.0,1,3,1,0,0,0,0,1,0.0,0.02,0.0,425000.0
10638837,0,0.0,1.0,0.0,0.0,0.0,0.0,0.0,0.0,0.0,0.0,0.0,0.0,0.0,1.0,1.0,0.0,0.0,0.0,0.1836734693877551,0.1818181818181818,0.18181818181818182,0.0,0.1111111111111111,1,2,1,0,0,0,0,1,0.0,0.0,0.0,595000.0
10638860,0,0.0,1.0,0.0,0.0,0.0,0.0,0.0,0.0,0.0,0.0,0.0,0.0,0.0,1.0,0.0,0.0,1.0,0.0,0.06836734693877553,0.09090909090909091,0.18181818181818182,0.14285714285714285,0.1111111111111111,1,2,1,0,0,0,0,1,0.0,0.0,0.0,999000.0
10638853,0,1.0,0.0,0.0,0.0,1.0,0.0,0.0,0.0,0.0,0.0,0.0,0.0,0.0,0.0,0.0,0.0,0.0,1.0,0.10204081632653061,0.1818181818181818,0.09090909090909091,0.0,0.1111111111111111,1,6,1,0,0,0,0,1,0.0,0.07,0.0,499000.0
10638858,0,0.0,1.0,0.0,0.0,0.0,0.0,0.0,0.0,0.0,0.0,0.0,0.0,0.0,1.0,0.0,0.0,1.0,0.0,0.05816326530612246,0.0,0.18181818181818182,0.14285714285714285,0.1111111111111111,1,0,1,0,0,0,0,1,0.0,0.0,0.0,1470000.0
10638862,0,0.0,1.0,0.0,0.0,0.0,0.0,0.0,0.0,0.0,0.0,0.0,0.0,0.0,1.0,0.0,0.0,1.0,0.0,0.2938775510204082,0.1818181818181818,0.2727272727272727,0.21428571428571427,0.16666666666666666,1,0,1,0,0,0,0,1,0.0,0.0,0.0,5995000.0
10638863,0,0.0,1.0,0.0,0.0,0.0,0.0,0.0,0.0,0.0,0.0,0.0,0.0,0.0,1.0,0.0,0.0,1.0,0.0,0.22142857142857145,0.1818181818181818,0.2727272727272727,0.14285714285714285,0.16666666666666666,1,0,1,0,0,0,0,1,0.0,0.0,0.0,3595000.0
10638864,0,0.0,1.0,0.0,0.0,0.0,0.0,0.0,0.0,0.0,0.0,0.0,0.0,0.0,1.0,0.0,0.0,1.0,0.0,0.05306122448979592,0.09090909090909091,0.09090909090909091,0.14285714285714285,0.1111111111111111,1,0,1,0,0,0,0,1,0.0,0.0,0.0,945000.0
10638865,0,0.0,1.0,0.0,0.0,0.0,0.0,0.0,0.0,0.0,0.0,0.0,0.0,0.0,1.0,0.0,0.0,1.0,0.0,0.04795918367346939,0.09090909090909091,0.09090909090909091,0.14285714285714285,0.1111111111111111,1,0,1,0,0,0,0,1,0.0,0.0,0.0,975000.0
10507793,1,0.0,1.0,0.0,0.0,0.0,0.0,1.0,0.0,0.0,0.0,0.0,0.0,0.0,0.0,0.0,0.0,0.0,1.0,0.05510204081632653,0.09090909090909091,0.09090909090909091,0.0,0.0,5,6,0,0,0,0,1,0,0.0,0.0,0.00021275015337268602,173000.0
10638867,0,0.0,1.0,0.0,0.0,0.0,0.0,0.0,0.0,0.0,0.0,0.0,0.0,0.0,1.0,0.0,0.0,1.0,0.0,0.21020408163265308,0.1818181818181818,0.2727272727272727,0.0,0.0,1,0,0,0,0,0,0,1,0.0,0.0,0.0,2995000.0
10638868,0,0.0,1.0,0.0,0.0,0.0,0.0,0.0,0.0,0.0,0.0,0.0,0.0,0.0,1.0,0.0,0.0,1.0,0.0,0.16836734693877553,0.1818181818181818,0.2727272727272727,0.0,0.0,1,0,0,0,0,0,0,1,0.0,0.0,0.0,2795000.0
10507799,0,0.0,1.0,0.0,0.0,0.0,0.0,0.0,0.0,0.0,0.0,0.0,0.0,0.0,1.0,0.0,0.0,1.0,0.0,0.07142857142857142,0.09090909090909091,0.09090909090909091,0.0,0.05555555555555555,1,1,1,0,0,0,0,0,0.0,0.0,0.0,455000.0
10638871,0,0.0,0.0,1.0,0.0,0.0,0.0,0.0,0.0,0.0,1.0,0.0,0.0,0.0,0.0,0.0,0.0,0.0,1.0,0.10510204081632654,0.1818181818181818,0.18181818181818182,0.07142857142857142,0.05555555555555555,1,1,1,0,0,0,0,1,0.0,0.16,0.0,395000.0
10638906,0,0.0,1.0,0.0,1.0,0.0,0.0,0.0,0.0,0.0,0.0,0.0,0.0,0.0,0.0,0.0,0.0,0.0,1.0,0.1326530612244898,0.1818181818181818,0.09090909090909091,0.0,0.1111111111111111,0,1,1,0,0,0,0,1,0.0,0.25,0.0,575000.0
10638893,0,0.0,1.0,0.0,0.0,0.0,0.0,0.0,0.0,0.0,0.0,0.0,0.0,0.0,1.0,0.0,0.0,1.0,0.0,0.1295918367346939,0.2727272727272727,0.18181818181818182,0.14285714285714285,0.1111111111111111,1,2,1,0,0,0,0,1,0.0,0.0,0.0,1995000.0
10638909,0,0.0,1.0,0.0,0.0,0.0,1.0,0.0,0.0,0.0,0.0,0.0,0.0,0.0,0.0,0.0,0.0,1.0,0.0,0.11224489795918369,0.09090909090909091,0.09090909090909091,0.0,0.05555555555555555,3,2,1,0,0,0,0,1,0.0,0.12,0.0,325000.0
10638924,0,1.0,0.0,0.0,0.0,1.0,0.0,0.0,0.0,0.0,0.0,0.0,0.0,0.0,0.0,0.0,1.0,0.0,0.0,0.09183673469387757,0.1818181818181818,0.09090909090909091,0.0,0.05555555555555555,1,2,1,0,0,0,0,0,0.0,0.0,0.0,320000.0
10638945,0,0.0,0.0,1.0,0.0,0.0,0.0,0.0,0.0,0.0,0.0,0.0,0.0,1.0,0.0,0.0,0.0,0.0,1.0,0.07653061224489796,0.09090909090909091,0.09090909090909091,0.0,0.05555555555555555,3,2,1,0,0,0,0,1,0.0,0.06,0.0,280000.0
10638974,0,0.0,1.0,0.0,0.0,0.0,0.0,1.0,0.0,0.0,0.0,0.0,0.0,0.0,0.0,0.0,0.0,0.0,1.0,0.05306122448979592,0.0,0.09090909090909091,0.0,0.0,1,0,0,0,0,0,0,1,0.0,0.09,0.0,304000.0
10638951,0,1.0,0.0,0.0,0.0,1.0,0.0,0.0,0.0,0.0,0.0,0.0,0.0,0.0,0.0,0.0,1.0,0.0,0.0,0.1275510204081633,0.1818181818181818,0.09090909090909091,0.0,0.05555555555555555,1,7,0,0,0,0,0,1,0.0,0.04,0.0,499000.0
10638970,0,1.0,0.0,0.0,0.0,1.0,0.0,0.0,0.0,0.0,0.0,0.0,0.0,0.0,0.0,0.0,0.0,0.0,1.0,0.14489795918367349,0.1818181818181818,0.09090909090909091,0.0,0.1111111111111111,0,6,0,0,0,0,0,1,0.0,0.0,0.0,799000.0
10638975,0,0.0,1.0,0.0,0.0,0.0,0.0,1.0,0.0,0.0,0.0,0.0,0.0,0.0,0.0,0.0,0.0,0.0,1.0,0.09081632653061225,0.09090909090909091,0.09090909090909091,0.0,0.0,1,0,0,0,0,0,0,1,0.0,0.12,0.0,380000.0
10638955,0,0.0,0.0,1.0,0.0,0.0,0.0,0.0,0.0,0.0,1.0,0.0,0.0,0.0,0.0,0.0,0.0,0.0,1.0,0.14081632653061227,0.1818181818181818,0.18181818181818182,0.0,0.1111111111111111,1,1,1,0,0,0,0,1,0.0,0.64,0.0,520000.0
10638963,0,1.0,0.0,0.0,0.0,1.0,0.0,0.0,0.0,0.0,0.0,0.0,0.0,0.0,0.0,0.0,1.0,0.0,0.0,0.07653061224489796,0.09090909090909091,0.09090909090909091,0.07142857142857142,0.05555555555555555,2,7,1,0,0,0,0,1,0.0,0.15,0.0,429000.0
10638982,1,0.0,1.0,0.0,1.0,0.0,0.0,0.0,0.0,0.0,0.0,0.0,0.0,0.0,0.0,0.0,0.0,0.0,1.0,0.3193877551020408,0.2727272727272727,0.09090909090909091,0.0,0.0,0,2,0,0,1,0,0,1,0.0,0.0,0.002020209430517359,825000.0
10638976,0,0.0,1.0,0.0,0.0,0.0,0.0,1.0,0.0,0.0,0.0,0.0,0.0,0.0,0.0,0.0,0.0,0.0,1.0,0.10714285714285715,0.1818181818181818,0.09090909090909091,0.0,0.0,1,0,0,0,0,0,0,1,0.0,0.22,0.0,404000.0
10638984,0,0.0,1.0,0.0,1.0,0.0,0.0,0.0,0.0,0.0,0.0,0.0,0.0,0.0,0.0,0.0,0.0,0.0,1.0,0.10918367346938776,0.0,0.18181818181818182,0.0,0.1111111111111111,1,2,1,0,0,0,0,1,0.0,0.3,0.0,535000.0
10639005,0,1.0,0.0,0.0,0.0,1.0,0.0,0.0,0.0,0.0,0.0,0.0,0.0,0.0,0.0,0.0,1.0,0.0,0.0,0.07653061224489796,0.09090909090909091,0.09090909090909091,0.07142857142857142,0.05555555555555555,3,5,0,0,0,0,0,1,0.0,0.05,0.0,250000.0
10639056,0,1.0,0.0,0.0,0.0,1.0,0.0,0.0,0.0,0.0,0.0,0.0,0.0,0.0,0.0,0.0,1.0,0.0,0.0,0.06122448979591837,0.09090909090909091,0.09090909090909091,0.07142857142857142,0.05555555555555555,4,4,1,0,0,0,0,1,0.0,0.0,0.0,349000.0
10639060,0,1.0,0.0,0.0,0.0,1.0,0.0,0.0,0.0,0.0,0.0,0.0,0.0,0.0,0.0,0.0,1.0,0.0,0.0,0.0816326530612245,0.09090909090909091,0.09090909090909091,0.07142857142857142,0.05555555555555555,3,5,1,0,0,0,0,1,0.0,0.04,0.0,285000.0
10639052,0,0.0,1.0,0.0,0.0,0.0,0.0,0.0,0.0,0.0,0.0,0.0,0.0,0.0,1.0,0.0,0.0,1.0,0.0,0.10510204081632654,0.1818181818181818,0.18181818181818182,0.0,0.1111111111111111,2,2,1,0,0,0,0,1,0.0,0.0,0.0,2100000.0
10639041,0,0.0,1.0,0.0,0.0,0.0,1.0,0.0,0.0,0.0,0.0,0.0,0.0,0.0,0.0,0.0,0.0,1.0,0.0,0.07040816326530613,0.0,0.09090909090909091,0.0,0.05555555555555555,1,2,1,0,0,0,0,0,0.0,0.0,0.0,198000.0
10639032,0,0.0,1.0,0.0,0.0,0.0,1.0,0.0,0.0,0.0,0.0,0.0,0.0,0.0,0.0,0.0,0.0,0.0,1.0,0.06938775510204082,0.0,0.09090909090909091,0.0,0.0,0,1,1,0,0,0,0,1,0.0,0.0,0.0,270000.0
10639061,0,1.0,0.0,0.0,0.0,1.0,0.0,0.0,0.0,0.0,0.0,0.0,0.0,0.0,0.0,0.0,0.0,0.0,1.0,0.0816326530612245,0.09090909090909091,0.09090909090909091,0.07142857142857142,0.05555555555555555,1,4,0,0,0,0,0,1,0.0,0.18,0.0,315000.0
10639062,0,1.0,0.0,0.0,0.0,1.0,0.0,0.0,0.0,0.0,0.0,0.0,0.0,0.0,0.0,0.0,0.0,0.0,1.0,0.0816326530612245,0.09090909090909091,0.09090909090909091,0.07142857142857142,0.05555555555555555,1,4,0,0,0,0,0,1,0.0,0.18,0.0,315000.0
10507996,0,0.0,1.0,0.0,0.0,0.0,0.0,0.0,0.0,0.0,0.0,0.0,0.0,0.0,1.0,0.0,0.0,1.0,0.0,0.07142857142857142,0.09090909090909091,0.09090909090909091,0.0,0.05555555555555555,3,3,1,0,0,0,0,1,0.0,0.03,0.0,325000.0
10639081,1,0.0,0.0,1.0,0.0,0.0,0.0,0.0,1.0,0.0,0.0,0.0,0.0,0.0,0.0,0.0,1.0,0.0,0.0,0.07857142857142857,0.1818181818181818,0.18181818181818182,0.0,0.0,5,7,0,0,0,0,1,0,0.18,0.0,0.00021091610032636975,89900.0
10639089,0,1.0,0.0,0.0,0.0,1.0,0.0,0.0,0.0,0.0,0.0,0.0,0.0,0.0,0.0,0.0,0.0,0.0,1.0,0.12244897959183676,0.1818181818181818,0.18181818181818182,0.07142857142857142,0.1111111111111111,1,4,1,0,0,0,0,1,0.0,0.28,0.0,499000.0
10639070,0,0.0,1.0,0.0,1.0,0.0,0.0,0.0,0.0,0.0,0.0,0.0,0.0,0.0,0.0,0.0,0.0,1.0,0.0,0.1816326530612245,0.1818181818181818,0.18181818181818182,0.0,0.0,1,3,1,0,0,0,0,1,0.0,1.0,0.0,525000.0
10639097,0,0.0,1.0,0.0,1.0,0.0,0.0,0.0,0.0,0.0,0.0,0.0,0.0,0.0,0.0,0.0,1.0,0.0,0.0,0.05510204081632653,0.0,0.09090909090909091,0.0,0.05555555555555555,3,2,1,0,0,0,0,1,0.0,0.05,0.0,157000.0
10639102,1,0.0,1.0,0.0,0.0,0.0,0.0,1.0,0.0,0.0,0.0,0.0,0.0,0.0,0.0,0.0,0.0,0.0,1.0,0.1326530612244898,0.1818181818181818,0.09090909090909091,0.0,0.0,3,4,0,0,0,0,0,0,0.0,0.0,0.00024026094906742988,329000.0
10639135,0,1.0,0.0,0.0,0.0,1.0,0.0,0.0,0.0,0.0,0.0,0.0,0.0,0.0,0.0,0.0,0.0,0.0,1.0,0.3663265306122449,0.2727272727272727,0.18181818181818182,0.0,0.16666666666666666,1,4,0,0,0,0,1,0,0.137,0.0,0.0,1250000.0
10639128,0,0.0,1.0,0.0,0.0,0.0,0.0,0.0,0.0,0.0,0.0,0.0,0.0,0.0,1.0,0.0,0.0,0.0,1.0,0.1142857142857143,0.09090909090909091,0.09090909090909091,0.0,0.05555555555555555,0,1,1,1,0,0,0,1,0.0,0.52,0.0,565000.0
10639144,0,0.0,1.0,0.0,1.0,0.0,0.0,0.0,0.0,0.0,0.0,0.0,0.0,0.0,0.0,0.0,0.0,1.0,0.0,0.059183673469387764,0.0,0.09090909090909091,0.0,0.05555555555555555,3,2,0,0,0,0,1,0,0.12,0.0,0.0,224000.0
10639145,0,0.0,1.0,0.0,1.0,0.0,0.0,0.0,0.0,0.0,0.0,0.0,0.0,0.0,0.0,0.0,0.0,0.0,1.0,0.06224489795918368,0.1818181818181818,0.09090909090909091,0.0,0.05555555555555555,4,3,1,0,0,0,0,1,0.0,0.06,0.0,189000.0
10639158,0,0.0,1.0,0.0,1.0,0.0,0.0,0.0,0.0,0.0,0.0,0.0,0.0,0.0,0.0,1.0,0.0,0.0,0.0,0.09897959183673471,0.09090909090909091,0.18181818181818182,0.0,0.1111111111111111,1,2,1,0,0,0,0,1,0.0,0.08,0.0,695000.0
10639178,0,0.0,1.0,0.0,0.0,0.0,0.0,1.0,0.0,0.0,0.0,0.0,0.0,0.0,0.0,0.0,0.0,1.0,0.0,0.12142857142857144,0.1818181818181818,0.18181818181818182,0.0,0.1111111111111111,0,0,0,0,0,0,0,1,0.0,0.3,0.0,480000.0
10639171,0,0.0,0.0,1.0,0.0,0.0,0.0,0.0,0.0,0.0,0.0,0.0,0.0,1.0,0.0,0.0,0.0,0.0,1.0,0.1642857142857143,0.1818181818181818,0.18181818181818182,0.14285714285714285,0.16666666666666666,1,1,1,0,0,0,0,1,0.0,0.46,0.0,895000.0
10639170,0,0.0,0.0,1.0,0.0,0.0,0.0,0.0,0.0,0.0,0.0,0.0,0.0,1.0,0.0,0.0,0.0,0.0,1.0,0.1642857142857143,0.1818181818181818,0.18181818181818182,0.14285714285714285,0.16666666666666666,1,1,1,0,0,0,0,1,0.0,0.46,0.0,895000.0
10639189,0,0.0,1.0,0.0,0.0,0.0,0.0,0.0,0.0,0.0,0.0,0.0,0.0,0.0,1.0,0.0,0.0,1.0,0.0,0.08673469387755103,0.1818181818181818,0.2727272727272727,0.0,0.1111111111111111,1,2,1,0,0,0,0,1,0.0,0.22,0.0,1250000.0
10639197,0,0.0,1.0,0.0,1.0,0.0,0.0,0.0,0.0,0.0,0.0,0.0,0.0,0.0,0.0,0.0,0.0,0.0,1.0,0.06632653061224492,0.09090909090909091,0.09090909090909091,0.0,0.0,3,2,0,0,0,0,0,1,0.0,0.06,0.0,230000.0
10639204,0,1.0,0.0,0.0,0.0,1.0,0.0,0.0,0.0,0.0,0.0,0.0,0.0,0.0,0.0,0.0,0.0,0.0,1.0,0.07346938775510206,0.09090909090909091,0.09090909090909091,0.0,0.05555555555555555,1,3,1,0,0,0,1,1,0.123,0.14,0.0,445000.0
10639201,0,1.0,0.0,0.0,0.0,1.0,0.0,0.0,0.0,0.0,0.0,0.0,0.0,0.0,0.0,0.0,0.0,0.0,1.0,0.1142857142857143,0.1818181818181818,0.18181818181818182,0.0,0.1111111111111111,1,3,1,0,0,0,1,1,0.08600000000000001,0.16,0.0,645000.0
10639202,0,1.0,0.0,0.0,0.0,1.0,0.0,0.0,0.0,0.0,0.0,0.0,0.0,0.0,0.0,0.0,0.0,0.0,1.0,0.10816326530612247,0.1818181818181818,0.18181818181818182,0.0,0.1111111111111111,1,2,1,0,0,0,0,1,0.0,0.16,0.0,625000.0
10639203,0,1.0,0.0,0.0,0.0,1.0,0.0,0.0,0.0,0.0,0.0,0.0,0.0,0.0,0.0,0.0,0.0,0.0,1.0,0.08979591836734696,0.09090909090909091,0.18181818181818182,0.0,0.1111111111111111,1,2,1,0,0,0,0,1,0.0,0.17,0.0,485000.0
10639236,0,0.0,0.0,1.0,0.0,0.0,0.0,0.0,0.0,0.0,0.0,0.0,1.0,0.0,0.0,0.0,0.0,1.0,0.0,0.06122448979591837,0.09090909090909091,0.09090909090909091,0.0,0.05555555555555555,4,2,1,0,0,0,0,0,0.0,0.0,0.0,198000.0
10639242,0,0.0,0.0,1.0,0.0,0.0,0.0,0.0,0.0,0.0,0.0,1.0,0.0,0.0,0.0,0.0,0.0,1.0,0.0,0.051020408163265314,0.0,0.09090909090909091,0.0,0.05555555555555555,2,3,1,0,0,0,0,0,0.0,0.0,0.0,198000.0
10246034,1,0.0,1.0,0.0,1.0,0.0,0.0,0.0,0.0,0.0,0.0,0.0,0.0,0.0,0.0,0.0,0.0,1.0,0.0,0.16938775510204085,0.1818181818181818,0.2727272727272727,0.0,0.16666666666666666,2,3,0,0,0,0,1,1,0.058,0.0,0.00013296884585792875,409000.0
10639241,0,0.0,0.0,1.0,0.0,0.0,0.0,0.0,0.0,0.0,0.0,1.0,0.0,0.0,0.0,0.0,0.0,1.0,0.0,0.051020408163265314,0.0,0.09090909090909091,0.0,0.05555555555555555,2,4,1,0,0,0,0,1,0.0,0.6,0.0,150000.0
10639243,0,1.0,0.0,0.0,0.0,1.0,0.0,0.0,0.0,0.0,0.0,0.0,0.0,0.0,0.0,0.0,0.0,0.0,1.0,0.2836734693877551,0.2727272727272727,0.36363636363636365,0.0,0.2777777777777778,2,4,1,0,0,0,0,1,0.0,0.21,0.0,1950000.0
10639270,0,0.0,1.0,0.0,0.0,0.0,1.0,0.0,0.0,0.0,0.0,0.0,0.0,0.0,0.0,0.0,0.0,0.0,1.0,0.07755102040816328,0.09090909090909091,0.09090909090909091,0.0,0.05555555555555555,0,0,0,0,0,0,1,1,0.04,0.1,0.0,275000.0
10639258,0,1.0,0.0,0.0,0.0,1.0,0.0,0.0,0.0,0.0,0.0,0.0,0.0,0.0,0.0,0.0,1.0,0.0,0.0,0.1112244897959184,0.1818181818181818,0.18181818181818182,0.07142857142857142,0.1111111111111111,1,0,0,0,0,0,0,1,0.0,0.05,0.0,345000.0
10639255,0,0.0,1.0,0.0,0.0,0.0,1.0,0.0,0.0,0.0,0.0,0.0,0.0,0.0,0.0,1.0,0.0,0.0,0.0,0.07551020408163267,0.09090909090909091,0.09090909090909091,0.0,0.0,1,0,1,0,0,0,1,1,0.022,0.14,0.0,354000.0
10639291,0,0.0,0.0,1.0,0.0,0.0,0.0,0.0,0.0,0.0,1.0,0.0,0.0,0.0,0.0,0.0,0.0,1.0,0.0,0.09591836734693879,0.1818181818181818,0.09090909090909091,0.0,0.0,3,3,0,0,0,0,1,1,0.05,0.27,0.0,145000.0
10639292,0,0.0,0.0,1.0,0.0,0.0,0.0,0.0,0.0,0.0,1.0,0.0,0.0,0.0,0.0,0.0,0.0,1.0,0.0,0.04591836734693878,0.0,0.09090909090909091,0.0,0.0,3,6,0,0,0,0,1,1,0.05,0.2,0.0,99000.0
10639297,0,0.0,0.0,1.0,0.0,0.0,0.0,0.0,1.0,0.0,0.0,0.0,0.0,0.0,0.0,0.0,1.0,0.0,0.0,0.034693877551020415,0.0,0.09090909090909091,0.0,0.05555555555555555,3,2,0,0,0,0,0,1,0.0,0.11,0.0,160000.0
10639295,0,0.0,0.0,1.0,0.0,0.0,0.0,0.0,0.0,0.0,1.0,0.0,0.0,0.0,0.0,0.0,0.0,1.0,0.0,0.05306122448979592,0.09090909090909091,0.09090909090909091,0.0,0.0,3,3,0,0,0,0,0,1,0.0,0.05,0.0,134000.0
10639259,0,1.0,0.0,0.0,0.0,1.0,0.0,0.0,0.0,0.0,0.0,0.0,0.0,0.0,0.0,0.0,1.0,0.0,0.0,0.07346938775510206,0.09090909090909091,0.18181818181818182,0.07142857142857142,0.1111111111111111,1,0,0,0,0,0,0,0,0.0,0.0,0.0,285000.0
10639301,0,1.0,0.0,0.0,0.0,1.0,0.0,0.0,0.0,0.0,0.0,0.0,0.0,0.0,0.0,0.0,0.0,1.0,0.0,0.1163265306122449,0.2727272727272727,0.09090909090909091,0.07142857142857142,0.05555555555555555,4,3,1,0,0,0,0,1,0.0,0.09,0.0,430000.0
10639293,0,0.0,0.0,1.0,0.0,0.0,0.0,0.0,0.0,0.0,1.0,0.0,0.0,0.0,0.0,0.0,0.0,1.0,0.0,0.051020408163265314,0.09090909090909091,0.09090909090909091,0.0,0.0,3,2,0,0,0,0,0,1,0.0,0.09,0.0,129000.0
10639302,0,1.0,0.0,0.0,0.0,1.0,0.0,0.0,0.0,0.0,0.0,0.0,0.0,0.0,0.0,0.0,1.0,0.0,0.0,0.0816326530612245,0.09090909090909091,0.09090909090909091,0.07142857142857142,0.05555555555555555,3,2,1,0,0,0,0,1,0.0,0.03,0.0,199528.0
10639311,0,1.0,0.0,0.0,0.0,1.0,0.0,0.0,0.0,0.0,0.0,0.0,0.0,0.0,0.0,0.0,1.0,0.0,0.0,0.06632653061224492,0.0,0.09090909090909091,0.07142857142857142,0.05555555555555555,3,5,0,0,0,0,0,1,0.0,0.0,0.0,200000.0
10639305,0,0.0,0.0,1.0,0.0,0.0,0.0,0.0,0.0,0.0,1.0,0.0,0.0,0.0,0.0,0.0,1.0,0.0,0.0,0.12244897959183676,0.1818181818181818,0.09090909090909091,0.07142857142857142,0.1111111111111111,3,2,1,0,0,0,0,1,0.0,0.1,0.0,259000.0
10639316,0,0.0,1.0,0.0,1.0,0.0,0.0,0.0,0.0,0.0,0.0,0.0,0.0,0.0,0.0,0.0,0.0,0.0,1.0,0.06020408163265307,0.09090909090909091,0.09090909090909091,0.0,0.05555555555555555,0,2,0,0,0,0,0,1,0.0,0.0,0.0,200000.0
10639369,0,0.0,1.0,0.0,0.0,0.0,0.0,1.0,0.0,0.0,0.0,0.0,0.0,0.0,0.0,0.0,0.0,0.0,1.0,0.03571428571428572,0.0,0.09090909090909091,0.0,0.0,0,0,1,1,0,0,0,1,0.0,0.08,0.0,140000.0
10639372,0,1.0,0.0,0.0,0.0,1.0,0.0,0.0,0.0,0.0,0.0,0.0,0.0,0.0,0.0,0.0,1.0,0.0,0.0,0.03571428571428572,0.0,0.0,0.07142857142857142,0.0,1,0,0,0,0,0,0,1,0.0,0.1,0.0,165000.0
10639365,0,0.0,1.0,0.0,0.0,0.0,1.0,0.0,0.0,0.0,0.0,0.0,0.0,0.0,0.0,0.0,0.0,1.0,0.0,0.09183673469387757,0.09090909090909091,0.09090909090909091,0.0,0.0,3,5,0,0,0,0,0,0,0.0,0.0,0.0,145000.0
10639318,0,0.0,1.0,0.0,0.0,0.0,0.0,1.0,0.0,0.0,0.0,0.0,0.0,0.0,0.0,0.0,0.0,0.0,1.0,0.0653061224489796,0.09090909090909091,0.09090909090909091,0.0,0.05555555555555555,3,6,0,0,0,0,0,1,0.0,0.02,0.0,199000.0
10639373,0,0.0,0.0,1.0,0.0,0.0,0.0,0.0,0.0,0.0,1.0,0.0,0.0,0.0,0.0,1.0,0.0,0.0,0.0,0.11530612244897961,0.09090909090909091,0.09090909090909091,0.0,0.0,3,3,1,0,0,0,0,0,0.0,0.0,0.0,430000.0
10639385,1,1.0,0.0,0.0,0.0,1.0,0.0,0.0,0.0,0.0,0.0,0.0,0.0,0.0,0.0,0.0,0.0,0.0,1.0,0.25510204081632654,0.2727272727272727,0.2727272727272727,0.0,0.2222222222222222,2,7,0,0,0,0,1,1,0.083,0.0,0.00013847100499687754,699000.0
10639392,0,0.0,1.0,0.0,0.0,0.0,0.0,0.0,0.0,0.0,0.0,0.0,0.0,0.0,1.0,0.0,0.0,0.0,1.0,0.0816326530612245,0.09090909090909091,0.09090909090909091,0.0,0.0,3,2,1,0,0,0,0,0,0.0,0.0,0.0,299500.0
10639388,1,0.0,1.0,0.0,1.0,0.0,0.0,0.0,0.0,0.0,0.0,0.0,0.0,0.0,0.0,0.0,0.0,1.0,0.0,0.20000000000000004,0.36363636363636365,0.09090909090909091,0.0,0.1111111111111111,3,3,0,1,0,1,1,0,1.0,0.0,0.0013205181933477062,725000.0
10639433,0,1.0,0.0,0.0,0.0,1.0,0.0,0.0,0.0,0.0,0.0,0.0,0.0,0.0,0.0,0.0,1.0,0.0,0.0,0.14285714285714288,0.09090909090909091,0.18181818181818182,0.0,0.05555555555555555,1,3,0,0,0,0,0,0,0.0,0.0,0.0,390000.0
10639413,0,0.0,0.0,1.0,0.0,0.0,0.0,0.0,1.0,0.0,0.0,0.0,0.0,0.0,0.0,1.0,0.0,0.0,0.0,0.06836734693877553,0.09090909090909091,0.09090909090909091,0.0,0.05555555555555555,3,2,0,1,0,0,0,1,0.0,0.0,0.0,642000.0
10639427,0,0.0,1.0,0.0,0.0,0.0,0.0,0.0,0.0,0.0,0.0,0.0,0.0,0.0,1.0,0.0,0.0,0.0,1.0,0.08979591836734696,0.09090909090909091,0.09090909090909091,0.0,0.0,4,3,1,0,0,0,0,1,0.0,0.0,0.0,275000.0
10639441,0,0.0,1.0,0.0,0.0,0.0,1.0,0.0,0.0,0.0,0.0,0.0,0.0,0.0,0.0,0.0,0.0,1.0,0.0,0.07857142857142857,0.09090909090909091,0.0,0.0,0.0,1,4,1,0,0,0,0,0,0.0,0.0,0.0,219000.0
10639463,0,0.0,0.0,1.0,0.0,0.0,0.0,0.0,0.0,0.0,1.0,0.0,0.0,0.0,0.0,0.0,1.0,0.0,0.0,0.04693877551020408,0.0,0.09090909090909091,0.0,0.05555555555555555,3,6,1,0,0,0,0,0,0.0,0.0,0.0,140000.0
10639468,1,0.0,0.0,1.0,0.0,0.0,0.0,0.0,1.0,0.0,0.0,0.0,0.0,0.0,0.0,0.0,1.0,0.0,0.0,0.15306122448979595,0.1818181818181818,0.09090909090909091,0.14285714285714285,0.1111111111111111,3,3,0,0,0,0,0,1,0.0,0.64,0.0,190000.0
10639480,0,0.0,0.0,1.0,0.0,0.0,0.0,0.0,1.0,0.0,0.0,0.0,0.0,0.0,0.0,0.0,1.0,0.0,0.0,0.1285714285714286,0.1818181818181818,0.09090909090909091,0.07142857142857142,0.05555555555555555,0,4,0,0,0,0,1,1,0.05,0.15,0.0,275000.0
10639492,0,1.0,0.0,0.0,0.0,1.0,0.0,0.0,0.0,0.0,0.0,0.0,0.0,0.0,0.0,0.0,0.0,0.0,1.0,0.08673469387755103,0.09090909090909091,0.18181818181818182,0.14285714285714285,0.1111111111111111,1,3,1,0,0,0,1,1,0.043000000000000003,0.09,0.0,430000.0
10639493,0,1.0,0.0,0.0,0.0,1.0,0.0,0.0,0.0,0.0,0.0,0.0,0.0,0.0,0.0,0.0,0.0,0.0,1.0,0.07142857142857142,0.09090909090909091,0.18181818181818182,0.0,0.05555555555555555,3,5,1,0,0,0,0,1,0.0,0.06,0.0,399000.0
10639483,0,0.0,0.0,1.0,0.0,0.0,0.0,0.0,0.0,0.0,0.0,0.0,0.0,1.0,0.0,0.0,0.0,0.0,1.0,0.1285714285714286,0.1818181818181818,0.09090909090909091,0.07142857142857142,0.05555555555555555,0,4,0,0,0,0,1,1,0.05,0.15,0.0,275000.0
10639494,0,1.0,0.0,0.0,0.0,1.0,0.0,0.0,0.0,0.0,0.0,0.0,0.0,0.0,0.0,1.0,0.0,0.0,0.0,0.08673469387755103,0.09090909090909091,0.09090909090909091,0.0,0.05555555555555555,1,3,1,0,0,0,0,0,0.0,0.0,0.0,374500.0
10639485,0,0.0,1.0,0.0,1.0,0.0,0.0,0.0,0.0,0.0,0.0,0.0,0.0,0.0,0.0,0.0,0.0,0.0,1.0,0.020408163265306124,0.0,0.09090909090909091,0.0,0.05555555555555555,0,3,0,0,0,0,0,0,0.0,0.0,0.0,145000.0
10639498,0,1.0,0.0,0.0,0.0,1.0,0.0,0.0,0.0,0.0,0.0,0.0,0.0,0.0,0.0,0.0,1.0,0.0,0.0,0.06122448979591837,0.09090909090909091,0.09090909090909091,0.0,0.0,5,0,0,0,0,0,0,1,0.0,0.04,0.0,235000.0
10639546,0,0.0,0.0,1.0,0.0,0.0,0.0,0.0,0.0,0.0,1.0,0.0,0.0,0.0,0.0,0.0,0.0,1.0,0.0,0.10714285714285715,0.1818181818181818,0.18181818181818182,0.07142857142857142,0.0,3,6,0,0,0,0,0,1,0.0,0.06,0.0,239000.0
10639545,0,1.0,0.0,0.0,0.0,1.0,0.0,0.0,0.0,0.0,0.0,0.0,0.0,0.0,0.0,1.0,0.0,0.0,0.0,0.07142857142857142,0.09090909090909091,0.09090909090909091,0.0,0.05555555555555555,3,6,1,0,0,0,1,1,0.07,0.0,0.0,372000.0
10639539,0,1.0,0.0,0.0,0.0,1.0,0.0,0.0,0.0,0.0,0.0,0.0,0.0,0.0,0.0,0.0,1.0,0.0,0.0,0.06938775510204082,0.0,0.0,0.07142857142857142,0.05555555555555555,3,0,1,0,0,0,0,0,0.0,0.0,0.0,520000.0
10639570,0,0.0,1.0,0.0,0.0,0.0,0.0,1.0,0.0,0.0,0.0,0.0,0.0,0.0,0.0,1.0,0.0,0.0,0.0,0.006122448979591837,0.0,0.09090909090909091,0.0,0.05555555555555555,2,1,0,0,0,0,0,0,0.0,0.0,0.0,255000.0
10639573,0,1.0,0.0,0.0,0.0,1.0,0.0,0.0,0.0,0.0,0.0,0.0,0.0,0.0,0.0,0.0,1.0,0.0,0.0,0.07551020408163267,0.09090909090909091,0.09090909090909091,0.0,0.05555555555555555,0,5,1,1,0,0,0,1,0.0,0.06,0.0,259000.0
10508501,0,0.0,1.0,0.0,0.0,0.0,1.0,0.0,0.0,0.0,0.0,0.0,0.0,0.0,0.0,0.0,0.0,0.0,1.0,0.09591836734693879,0.09090909090909091,0.09090909090909091,0.0,0.05555555555555555,3,2,0,0,0,0,0,1,0.0,0.0,0.0,279000.0
10639599,0,1.0,0.0,0.0,0.0,1.0,0.0,0.0,0.0,0.0,0.0,0.0,0.0,0.0,0.0,0.0,1.0,0.0,0.0,0.07653061224489796,0.09090909090909091,0.0,0.07142857142857142,0.1111111111111111,0,0,0,0,1,0,1,0,0.02,0.0,0.0,329000.0
10639577,0,0.0,0.0,1.0,0.0,0.0,0.0,0.0,0.0,0.0,1.0,0.0,0.0,0.0,0.0,0.0,0.0,1.0,0.0,0.02142857142857143,0.0,0.09090909090909091,0.0,0.05555555555555555,3,4,0,0,0,0,0,0,0.0,0.0,0.0,135000.0
10639598,0,1.0,0.0,0.0,0.0,1.0,0.0,0.0,0.0,0.0,0.0,0.0,0.0,0.0,0.0,0.0,1.0,0.0,0.0,0.07653061224489796,0.09090909090909091,0.0,0.07142857142857142,0.1111111111111111,0,0,0,0,1,0,1,0,0.02,0.0,0.0,329000.0
10639600,0,0.0,1.0,0.0,0.0,0.0,0.0,1.0,0.0,0.0,0.0,0.0,0.0,0.0,0.0,0.0,0.0,1.0,0.0,0.051020408163265314,0.0,0.09090909090909091,0.0,0.05555555555555555,0,0,0,0,0,0,1,1,0.21,0.18,0.0,259000.0
10639613,0,0.0,0.0,1.0,0.0,0.0,0.0,0.0,1.0,0.0,0.0,0.0,0.0,0.0,0.0,0.0,0.0,0.0,1.0,0.08775510204081632,0.09090909090909091,0.09090909090909091,0.0,0.1111111111111111,3,2,1,0,0,0,1,1,0.058,0.32,0.0,199000.0
10639611,0,1.0,0.0,0.0,0.0,1.0,0.0,0.0,0.0,0.0,0.0,0.0,0.0,0.0,0.0,0.0,1.0,0.0,0.0,0.10612244897959186,0.1818181818181818,0.09090909090909091,0.0,0.05555555555555555,1,3,0,0,0,0,0,1,0.0,0.11,0.0,360000.0
10639604,0,0.0,1.0,0.0,1.0,0.0,0.0,0.0,0.0,0.0,0.0,0.0,0.0,0.0,0.0,0.0,0.0,0.0,1.0,0.0326530612244898,0.0,0.09090909090909091,0.0,0.0,2,6,0,0,0,0,0,0,0.0,0.0,0.0,149000.0
10639601,0,1.0,0.0,0.0,0.0,1.0,0.0,0.0,0.0,0.0,0.0,0.0,0.0,0.0,0.0,0.0,1.0,0.0,0.0,0.07653061224489796,0.09090909090909091,0.0,0.07142857142857142,0.1111111111111111,0,0,0,0,1,0,1,0,0.02,0.0,0.0,329000.0
10639602,0,0.0,1.0,0.0,0.0,0.0,0.0,1.0,0.0,0.0,0.0,0.0,0.0,0.0,0.0,0.0,0.0,1.0,0.0,0.051020408163265314,0.0,0.09090909090909091,0.0,0.05555555555555555,0,0,0,0,0,0,1,1,0.21,0.18,0.0,259000.0
10639632,1,0.0,1.0,0.0,0.0,0.0,0.0,1.0,0.0,0.0,0.0,0.0,0.0,0.0,0.0,0.0,1.0,0.0,0.0,0.163265306122449,0.36363636363636365,0.18181818181818182,0.0,0.16666666666666666,1,2,0,1,0,0,0,1,0.0,0.3,0.0004401727311159021,595000.0
10639631,0,0.0,0.0,1.0,0.0,0.0,0.0,0.0,0.0,0.0,1.0,0.0,0.0,0.0,0.0,0.0,0.0,0.0,1.0,0.17448979591836736,0.1818181818181818,0.09090909090909091,0.0,0.05555555555555555,1,4,0,0,0,0,0,0,0.0,0.0,0.0,385000.0
10639633,0,1.0,0.0,0.0,0.0,1.0,0.0,0.0,0.0,0.0,0.0,0.0,0.0,0.0,0.0,0.0,1.0,0.0,0.0,0.08571428571428572,0.09090909090909091,0.09090909090909091,0.0,0.1111111111111111,4,5,1,1,0,0,0,1,0.0,0.06,0.0,259000.0
10639634,0,1.0,0.0,0.0,0.0,1.0,0.0,0.0,0.0,0.0,0.0,0.0,0.0,0.0,0.0,0.0,1.0,0.0,0.0,0.05408163265306123,0.09090909090909091,0.09090909090909091,0.0,0.05555555555555555,2,3,1,1,0,0,0,1,0.0,0.16,0.0,215000.0
10639665,0,0.0,1.0,0.0,0.0,0.0,1.0,0.0,0.0,0.0,0.0,0.0,0.0,0.0,0.0,0.0,0.0,1.0,0.0,0.09183673469387757,0.1818181818181818,0.09090909090909091,0.0,0.1111111111111111,3,2,1,0,0,0,0,1,0.0,0.0,0.0,349000.0
10639657,0,0.0,1.0,0.0,0.0,0.0,0.0,0.0,0.0,0.0,0.0,0.0,0.0,0.0,1.0,0.0,0.0,1.0,0.0,0.06632653061224492,0.1818181818181818,0.0,0.0,0.0,0,3,0,0,0,0,0,0,0.0,0.0,0.0,269000.0
10639667,0,0.0,1.0,0.0,1.0,0.0,0.0,0.0,0.0,0.0,0.0,0.0,0.0,0.0,0.0,0.0,0.0,0.0,1.0,0.06632653061224492,0.09090909090909091,0.09090909090909091,0.0,0.05555555555555555,2,3,0,1,0,0,1,1,0.15,0.1,0.0,305000.0
10639683,0,0.0,1.0,0.0,0.0,0.0,0.0,0.0,0.0,0.0,0.0,0.0,0.0,0.0,1.0,0.0,0.0,0.0,1.0,0.04591836734693878,0.0,0.09090909090909091,0.0,0.05555555555555555,0,0,1,0,0,0,0,1,0.0,0.08,0.0,270000.0
10639676,0,0.0,1.0,0.0,0.0,0.0,0.0,0.0,0.0,0.0,0.0,0.0,0.0,0.0,1.0,0.0,0.0,1.0,0.0,0.06020408163265307,0.09090909090909091,0.0,0.0,0.05555555555555555,3,4,0,0,0,0,0,1,0.0,0.0,0.0,295000.0
10377527,1,1.0,0.0,0.0,0.0,1.0,0.0,0.0,0.0,0.0,0.0,0.0,0.0,0.0,0.0,0.0,1.0,0.0,0.0,0.2755102040816327,0.36363636363636365,0.2727272727272727,0.07142857142857142,0.2222222222222222,0,7,0,0,0,0,1,0,0.06,0.0,0.0,559000.0
10639704,0,0.0,1.0,0.0,1.0,0.0,0.0,0.0,0.0,0.0,0.0,0.0,0.0,0.0,0.0,0.0,0.0,0.0,1.0,0.07346938775510206,0.1818181818181818,0.09090909090909091,0.0,0.05555555555555555,5,4,0,0,0,0,0,0,0.0,0.0,0.0,265000.0
10639707,0,0.0,1.0,0.0,1.0,0.0,0.0,0.0,0.0,0.0,0.0,0.0,0.0,0.0,0.0,0.0,0.0,1.0,0.0,0.11224489795918369,0.09090909090909091,0.09090909090909091,0.0,0.05555555555555555,3,0,0,0,0,0,0,0,0.0,0.0,0.0,649000.0
10639700,0,1.0,0.0,0.0,0.0,1.0,0.0,0.0,0.0,0.0,0.0,0.0,0.0,0.0,0.0,0.0,1.0,0.0,0.0,0.026530612244897965,0.0,0.0,0.0,0.05555555555555555,3,6,0,0,0,0,0,0,0.0,0.0,0.0,255000.0
10639699,0,1.0,0.0,0.0,0.0,1.0,0.0,0.0,0.0,0.0,0.0,0.0,0.0,0.0,0.0,1.0,0.0,0.0,0.0,0.026530612244897965,0.0,0.0,0.0,0.05555555555555555,3,6,0,0,0,0,0,0,0.0,0.0,0.0,255000.0
10639739,0,0.0,1.0,0.0,0.0,0.0,1.0,0.0,0.0,0.0,0.0,0.0,0.0,0.0,0.0,0.0,0.0,0.0,1.0,0.1112244897959184,0.1818181818181818,0.09090909090909091,0.0,0.1111111111111111,2,2,1,0,0,0,0,1,0.0,0.1,0.0,299000.0
10639736,0,0.0,1.0,0.0,0.0,0.0,0.0,1.0,0.0,0.0,0.0,0.0,0.0,0.0,0.0,0.0,0.0,0.0,1.0,0.06428571428571428,0.0,0.0,0.07142857142857142,0.05555555555555555,3,0,0,0,0,0,0,1,0.0,0.01,0.0,199000.0
10639709,0,0.0,1.0,0.0,0.0,0.0,1.0,0.0,0.0,0.0,0.0,0.0,0.0,0.0,0.0,1.0,0.0,0.0,0.0,0.0836734693877551,0.09090909090909091,0.09090909090909091,0.0,0.05555555555555555,0,2,1,0,0,0,0,1,0.0,0.0,0.0,395000.0
10639726,0,0.0,1.0,0.0,0.0,0.0,0.0,0.0,0.0,0.0,0.0,0.0,0.0,0.0,1.0,0.0,0.0,0.0,1.0,0.005102040816326529,0.0,0.0,0.0,0.05555555555555555,3,3,1,0,0,0,0,1,0.0,0.0,0.0,99000.0
10508664,1,0.0,0.0,1.0,0.0,0.0,0.0,0.0,0.0,0.0,0.0,1.0,0.0,0.0,0.0,0.0,0.0,0.0,1.0,0.10714285714285715,0.1818181818181818,0.09090909090909091,0.0,0.05555555555555555,3,7,0,0,0,0,0,0,0.0,0.0,0.0004768537920422273,289000.0
10639744,1,0.0,1.0,0.0,0.0,0.0,0.0,0.0,0.0,0.0,0.0,0.0,0.0,0.0,1.0,0.0,0.0,0.0,1.0,0.17551020408163268,0.2727272727272727,0.09090909090909091,0.0,0.1111111111111111,3,3,0,1,0,0,0,1,0.0,0.0,0.00036222547664746107,325000.0
10639782,0,0.0,1.0,0.0,0.0,0.0,1.0,0.0,0.0,0.0,0.0,0.0,0.0,0.0,0.0,0.0,0.0,1.0,0.0,0.07448979591836735,0.09090909090909091,0.09090909090909091,0.0,0.05555555555555555,2,2,0,1,0,0,0,1,0.0,0.42,0.0,249000.0
10639784,0,0.0,1.0,0.0,0.0,0.0,1.0,0.0,0.0,0.0,0.0,0.0,0.0,0.0,0.0,0.0,0.0,1.0,0.0,0.07448979591836735,0.09090909090909091,0.09090909090909091,0.0,0.05555555555555555,2,3,0,1,0,0,0,1,0.0,0.1,0.0,249000.0
10639755,0,0.0,1.0,0.0,1.0,0.0,0.0,0.0,0.0,0.0,0.0,0.0,0.0,0.0,0.0,0.0,0.0,0.0,1.0,0.07653061224489796,0.09090909090909091,0.09090909090909091,0.0,0.0,0,0,0,1,0,0,0,0,0.0,0.0,0.0,395000.0
10377642,0,0.0,1.0,0.0,1.0,0.0,0.0,0.0,0.0,0.0,0.0,0.0,0.0,0.0,0.0,0.0,0.0,0.0,1.0,0.09387755102040818,0.09090909090909091,0.09090909090909091,0.0,0.0,3,3,1,0,0,0,0,0,0.0,0.0,0.0,225000.0
10639801,0,1.0,0.0,0.0,0.0,1.0,0.0,0.0,0.0,0.0,0.0,0.0,0.0,0.0,0.0,0.0,0.0,0.0,1.0,0.051020408163265314,0.0,0.09090909090909091,0.0,0.05555555555555555,5,4,1,1,0,0,0,1,0.0,0.05,0.0,230000.0
10639805,0,0.0,1.0,0.0,0.0,0.0,0.0,1.0,0.0,0.0,0.0,0.0,0.0,0.0,0.0,1.0,0.0,0.0,0.0,0.009183673469387754,0.0,0.09090909090909091,0.0,0.05555555555555555,2,4,1,1,0,0,1,1,0.0,0.0,0.0,230000.0
10639806,0,1.0,0.0,0.0,0.0,1.0,0.0,0.0,0.0,0.0,0.0,0.0,0.0,0.0,0.0,0.0,1.0,0.0,0.0,0.06122448979591837,0.09090909090909091,0.09090909090909091,0.0,0.05555555555555555,3,6,1,0,0,0,0,1,0.0,0.07,0.0,225000.0
10639836,0,0.0,1.0,0.0,0.0,0.0,0.0,0.0,0.0,0.0,0.0,0.0,0.0,0.0,1.0,0.0,0.0,1.0,0.0,0.06938775510204082,0.09090909090909091,0.18181818181818182,0.0,0.05555555555555555,1,2,1,0,0,0,0,1,0.0,0.03,0.0,795000.0
10639837,0,0.0,1.0,0.0,0.0,0.0,0.0,0.0,0.0,0.0,0.0,0.0,0.0,0.0,1.0,0.0,0.0,1.0,0.0,0.05612244897959184,0.09090909090909091,0.18181818181818182,0.0,0.05555555555555555,1,4,1,0,0,0,0,1,0.0,0.03,0.0,695000.0
10639852,0,0.0,1.0,0.0,1.0,0.0,0.0,0.0,0.0,0.0,0.0,0.0,0.0,0.0,0.0,0.0,0.0,0.0,1.0,0.030612244897959183,0.0,0.09090909090909091,0.0,0.05555555555555555,0,0,0,1,0,0,1,0,0.0,0.0,0.0,185000.0
10639847,0,0.0,0.0,1.0,0.0,0.0,0.0,0.0,1.0,0.0,0.0,0.0,0.0,0.0,0.0,1.0,0.0,0.0,0.0,0.05408163265306123,0.09090909090909091,0.09090909090909091,0.0,0.05555555555555555,5,2,0,1,0,0,0,1,0.0,0.03,0.0,85000.0
10639831,0,1.0,0.0,0.0,0.0,1.0,0.0,0.0,0.0,0.0,0.0,0.0,0.0,0.0,0.0,0.0,1.0,0.0,0.0,0.07959183673469389,0.09090909090909091,0.09090909090909091,0.0,0.1111111111111111,3,0,1,0,0,0,0,1,0.0,0.08,0.0,419000.0
10639855,0,0.0,1.0,0.0,1.0,0.0,0.0,0.0,0.0,0.0,0.0,0.0,0.0,0.0,0.0,0.0,0.0,0.0,1.0,0.07142857142857142,0.09090909090909091,0.09090909090909091,0.0,0.05555555555555555,2,3,0,1,0,0,0,1,0.0,0.07,0.0,249000.0
10639876,0,0.0,1.0,0.0,0.0,0.0,0.0,1.0,0.0,0.0,0.0,0.0,0.0,0.0,0.0,0.0,0.0,1.0,0.0,0.06122448979591837,0.0,0.0,0.0,0.0,1,0,1,0,0,0,0,1,0.0,0.07,0.0,265000.0
10639879,0,0.0,1.0,0.0,1.0,0.0,0.0,0.0,0.0,0.0,0.0,0.0,0.0,0.0,0.0,0.0,0.0,1.0,0.0,0.0836734693877551,0.09090909090909091,0.09090909090909091,0.0,0.05555555555555555,0,0,1,1,0,0,0,1,0.0,0.55,0.0,449000.0
10639882,0,0.0,1.0,0.0,0.0,0.0,0.0,1.0,0.0,0.0,0.0,0.0,0.0,0.0,0.0,0.0,1.0,0.0,0.0,0.09183673469387757,0.1818181818181818,0.0,0.0,0.05555555555555555,4,3,0,0,0,0,0,0,0.0,0.0,0.0,265000.0
10639885,0,1.0,0.0,0.0,0.0,1.0,0.0,0.0,0.0,0.0,0.0,0.0,0.0,0.0,0.0,0.0,0.0,0.0,1.0,0.0816326530612245,0.09090909090909091,0.09090909090909091,0.0,0.05555555555555555,1,0,0,0,0,0,0,1,0.0,0.02,0.0,385000.0
10639890,0,1.0,0.0,0.0,0.0,1.0,0.0,0.0,0.0,0.0,0.0,0.0,0.0,0.0,0.0,0.0,0.0,0.0,1.0,0.15816326530612246,0.09090909090909091,0.09090909090909091,0.07142857142857142,0.1111111111111111,1,4,0,0,0,0,0,1,0.0,0.3,0.0,490000.0
10639924,0,1.0,0.0,0.0,0.0,1.0,0.0,0.0,0.0,0.0,0.0,0.0,0.0,0.0,0.0,0.0,1.0,0.0,0.0,0.14285714285714288,0.1818181818181818,0.0,0.0,0.1111111111111111,5,7,0,0,0,0,0,1,0.0,0.0,0.0,299000.0
10639943,0,0.0,0.0,1.0,0.0,0.0,0.0,0.0,0.0,0.0,0.0,0.0,0.0,1.0,0.0,0.0,0.0,0.0,1.0,0.16836734693877553,0.2727272727272727,0.2727272727272727,0.0,0.0,3,2,0,0,0,0,0,1,0.0,0.09,0.0,595000.0
10639964,0,0.0,1.0,0.0,0.0,0.0,0.0,0.0,0.0,1.0,0.0,0.0,0.0,0.0,0.0,0.0,0.0,1.0,0.0,0.08979591836734696,0.09090909090909091,0.09090909090909091,0.0,0.05555555555555555,3,3,1,1,0,0,0,0,0.0,0.0,0.0,250000.0
10508888,1,0.0,0.0,1.0,0.0,0.0,0.0,0.0,1.0,0.0,0.0,0.0,0.0,0.0,0.0,0.0,0.0,1.0,0.0,0.09183673469387757,0.09090909090909091,0.09090909090909091,0.0,0.05555555555555555,5,6,0,1,0,0,0,0,0.0,0.0,0.000233841763405323,158000.0
10639919,0,0.0,1.0,0.0,1.0,0.0,0.0,0.0,0.0,0.0,0.0,0.0,0.0,0.0,0.0,0.0,0.0,0.0,1.0,0.07755102040816328,0.09090909090909091,0.09090909090909091,0.0,0.05555555555555555,2,3,0,1,0,0,0,1,0.0,0.06,0.0,249000.0
10639967,0,0.0,0.0,1.0,0.0,0.0,0.0,0.0,1.0,0.0,0.0,0.0,0.0,0.0,0.0,0.0,1.0,0.0,0.0,0.07040816326530613,0.09090909090909091,0.09090909090909091,0.0,0.05555555555555555,0,1,1,1,0,0,0,1,0.0,0.1,0.0,259000.0
10640016,0,1.0,0.0,0.0,0.0,1.0,0.0,0.0,0.0,0.0,0.0,0.0,0.0,0.0,0.0,1.0,0.0,0.0,0.0,0.04693877551020408,0.0,0.09090909090909091,0.0,0.05555555555555555,3,4,1,0,0,0,0,1,0.0,0.0,0.0,319500.0
10640061,0,0.0,1.0,0.0,0.0,0.0,0.0,0.0,0.0,0.0,0.0,0.0,0.0,0.0,1.0,0.0,0.0,0.0,1.0,0.08469387755102042,0.09090909090909091,0.09090909090909091,0.0,0.05555555555555555,3,2,0,0,0,0,0,1,0.0,0.11,0.0,299000.0
10246855,0,0.0,1.0,0.0,0.0,0.0,0.0,0.0,0.0,0.0,0.0,0.0,0.0,0.0,1.0,0.0,0.0,0.0,1.0,0.04693877551020408,0.09090909090909091,0.09090909090909091,0.0,0.0,3,2,1,1,0,0,0,1,0.0,0.0,0.0,325000.0
10640088,0,0.0,1.0,0.0,0.0,0.0,0.0,0.0,0.0,1.0,0.0,0.0,0.0,0.0,0.0,0.0,0.0,1.0,0.0,0.09183673469387757,0.09090909090909091,0.09090909090909091,0.0,0.1111111111111111,4,2,1,0,0,0,0,1,0.0,0.0,0.0,309000.0
10640076,0,0.0,1.0,0.0,0.0,0.0,0.0,0.0,0.0,0.0,0.0,0.0,0.0,0.0,1.0,0.0,0.0,0.0,1.0,0.0816326530612245,0.09090909090909091,0.09090909090909091,0.0,0.0,3,0,1,0,0,0,0,1,0.0,0.0,0.0,265000.0
10640024,0,1.0,0.0,0.0,0.0,1.0,0.0,0.0,0.0,0.0,0.0,0.0,0.0,0.0,0.0,0.0,1.0,0.0,0.0,0.030612244897959183,0.0,0.0,0.07142857142857142,0.05555555555555555,0,0,0,0,0,0,0,1,0.0,0.01,0.0,169000.0
10640098,0,1.0,0.0,0.0,0.0,1.0,0.0,0.0,0.0,0.0,0.0,0.0,0.0,0.0,0.0,0.0,1.0,0.0,0.0,0.13469387755102044,0.2727272727272727,0.09090909090909091,0.07142857142857142,0.05555555555555555,3,4,1,0,0,0,0,1,0.0,0.0,0.0,329000.0
10640099,0,0.0,1.0,0.0,0.0,0.0,0.0,0.0,0.0,0.0,0.0,0.0,0.0,0.0,1.0,0.0,0.0,1.0,0.0,0.07653061224489796,0.09090909090909091,0.0,0.0,0.05555555555555555,1,2,1,0,0,0,0,1,0.0,0.0,0.0,285000.0
10640109,0,0.0,1.0,0.0,1.0,0.0,0.0,0.0,0.0,0.0,0.0,0.0,0.0,0.0,0.0,0.0,0.0,0.0,1.0,0.06122448979591837,0.09090909090909091,0.0,0.0,0.05555555555555555,1,1,1,0,0,0,0,1,0.0,0.13,0.0,285000.0
10640139,0,0.0,1.0,0.0,1.0,0.0,0.0,0.0,0.0,0.0,0.0,0.0,0.0,0.0,0.0,0.0,0.0,0.0,1.0,0.11836734693877551,0.09090909090909091,0.09090909090909091,0.0,0.0,3,3,1,0,0,0,0,1,0.0,0.36,0.0,349000.0
10640130,0,0.0,0.0,1.0,0.0,0.0,0.0,0.0,0.0,0.0,1.0,0.0,0.0,0.0,0.0,0.0,1.0,0.0,0.0,0.02755102040816327,0.0,0.09090909090909091,0.07142857142857142,0.05555555555555555,2,2,0,0,0,0,0,1,0.0,0.0,0.0,110000.0
10640079,0,0.0,1.0,0.0,1.0,0.0,0.0,0.0,0.0,0.0,0.0,0.0,0.0,0.0,0.0,0.0,0.0,1.0,0.0,0.06326530612244899,0.09090909090909091,0.09090909090909091,0.07142857142857142,0.05555555555555555,3,3,0,0,0,0,0,1,0.0,0.05,0.0,209000.0
10640126,1,0.0,1.0,0.0,1.0,0.0,0.0,0.0,0.0,0.0,0.0,0.0,0.0,0.0,0.0,0.0,0.0,1.0,0.0,0.18571428571428575,0.09090909090909091,0.18181818181818182,0.07142857142857142,0.1111111111111111,5,5,0,0,0,0,0,1,0.0,0.0,0.00011004318277897552,249000.0
10640144,0,0.0,0.0,1.0,0.0,0.0,0.0,0.0,0.0,0.0,1.0,0.0,0.0,0.0,0.0,0.0,0.0,1.0,0.0,0.059183673469387764,0.09090909090909091,0.09090909090909091,0.07142857142857142,0.1111111111111111,3,2,0,0,0,0,0,0,0.0,0.0,0.0,145000.0
10640201,0,1.0,0.0,0.0,0.0,1.0,0.0,0.0,0.0,0.0,0.0,0.0,0.0,0.0,0.0,0.0,1.0,0.0,0.0,0.07857142857142857,0.09090909090909091,0.09090909090909091,0.0,0.05555555555555555,1,0,0,0,0,0,0,0,0.0,0.0,0.0,270000.0
10640164,0,1.0,0.0,0.0,0.0,1.0,0.0,0.0,0.0,0.0,0.0,0.0,0.0,0.0,0.0,1.0,0.0,0.0,0.0,0.1275510204081633,0.09090909090909091,0.18181818181818182,0.14285714285714285,0.1111111111111111,1,0,1,0,0,0,0,0,0.0,0.0,0.0,590000.0
10640204,0,1.0,0.0,0.0,0.0,1.0,0.0,0.0,0.0,0.0,0.0,0.0,0.0,0.0,0.0,1.0,0.0,0.0,0.0,0.1510204081632653,0.09090909090909091,0.18181818181818182,0.0,0.0,0,0,0,0,0,0,0,0,0.0,0.0,0.0,540000.0
10640185,0,0.0,1.0,0.0,0.0,0.0,0.0,0.0,0.0,0.0,0.0,0.0,0.0,0.0,1.0,0.0,0.0,0.0,1.0,0.02959183673469388,0.0,0.0,0.07142857142857142,0.05555555555555555,1,0,0,0,0,0,0,0,0.0,0.0,0.0,149000.0
10640247,0,1.0,0.0,0.0,0.0,1.0,0.0,0.0,0.0,0.0,0.0,0.0,0.0,0.0,0.0,0.0,1.0,0.0,0.0,0.10204081632653061,0.1818181818181818,0.09090909090909091,0.0,0.05555555555555555,0,7,1,1,0,0,0,0,0.0,0.0,0.0,349000.0
10640231,0,0.0,1.0,0.0,0.0,0.0,0.0,1.0,0.0,0.0,0.0,0.0,0.0,0.0,0.0,0.0,0.0,0.0,1.0,0.05408163265306123,0.09090909090909091,0.09090909090909091,0.0,0.05555555555555555,3,2,1,0,0,0,0,1,0.0,0.16,0.0,165000.0
10640251,0,0.0,0.0,1.0,0.0,0.0,0.0,0.0,0.0,0.0,0.0,0.0,1.0,0.0,0.0,0.0,0.0,0.0,1.0,0.04081632653061225,0.09090909090909091,0.09090909090909091,0.0,0.05555555555555555,3,3,0,1,0,0,0,0,0.0,0.0,0.0,130000.0
10640202,0,1.0,0.0,0.0,0.0,1.0,0.0,0.0,0.0,0.0,0.0,0.0,0.0,0.0,0.0,0.0,1.0,0.0,0.0,0.07653061224489796,0.09090909090909091,0.09090909090909091,0.0,0.05555555555555555,0,0,0,0,0,0,0,1,0.0,0.31,0.0,265000.0
10640250,0,0.0,0.0,1.0,0.0,0.0,0.0,0.0,0.0,0.0,0.0,0.0,1.0,0.0,0.0,0.0,0.0,0.0,1.0,0.06224489795918368,0.09090909090909091,0.09090909090909091,0.0,0.05555555555555555,3,4,0,1,0,0,0,0,0.0,0.0,0.0,120000.0
10640264,0,0.0,1.0,0.0,0.0,0.0,0.0,1.0,0.0,0.0,0.0,0.0,0.0,0.0,0.0,0.0,0.0,1.0,0.0,0.12551020408163266,0.09090909090909091,0.09090909090909091,0.0,0.1111111111111111,1,3,0,0,0,0,0,1,0.0,0.34,0.0,335000.0
10640261,1,0.0,0.0,1.0,0.0,0.0,0.0,0.0,1.0,0.0,0.0,0.0,0.0,0.0,0.0,0.0,0.0,1.0,0.0,0.0816326530612245,0.09090909090909091,0.09090909090909091,0.0,0.0,0,5,0,0,0,0,1,0,0.3,0.0,0.0,125000.0
10640265,0,0.0,1.0,0.0,0.0,0.0,0.0,0.0,0.0,0.0,0.0,0.0,0.0,0.0,1.0,0.0,0.0,0.0,1.0,0.051020408163265314,0.09090909090909091,0.09090909090909091,0.07142857142857142,0.05555555555555555,1,3,0,0,0,0,0,1,0.0,0.0,0.0,495000.0
10247076,0,0.0,1.0,0.0,1.0,0.0,0.0,0.0,0.0,0.0,0.0,0.0,0.0,0.0,0.0,0.0,0.0,0.0,1.0,0.09897959183673471,0.1818181818181818,0.09090909090909091,0.0,0.05555555555555555,0,0,1,1,0,0,0,1,0.0,0.3,0.0,360000.0
10640309,0,0.0,1.0,0.0,0.0,0.0,0.0,0.0,0.0,0.0,0.0,0.0,0.0,0.0,1.0,0.0,0.0,0.0,1.0,0.02959183673469388,0.0,0.09090909090909091,0.0,0.0,3,0,0,0,0,0,0,1,0.0,0.23,0.0,178000.0
10640299,0,0.0,1.0,0.0,1.0,0.0,0.0,0.0,0.0,0.0,0.0,0.0,0.0,0.0,0.0,0.0,1.0,0.0,0.0,0.07653061224489796,0.09090909090909091,0.09090909090909091,0.0,0.05555555555555555,3,2,1,0,0,0,0,1,0.0,0.1,0.0,239000.0
10640301,0,0.0,1.0,0.0,1.0,0.0,0.0,0.0,0.0,0.0,0.0,0.0,0.0,0.0,0.0,0.0,0.0,0.0,1.0,0.06122448979591837,0.0,0.09090909090909091,0.0,0.05555555555555555,3,3,0,0,1,0,1,0,0.09,0.0,0.0,215000.0
10640310,0,0.0,1.0,0.0,0.0,0.0,0.0,0.0,0.0,0.0,0.0,0.0,0.0,0.0,1.0,0.0,0.0,0.0,1.0,0.05816326530612246,0.09090909090909091,0.09090909090909091,0.0,0.0,3,0,0,0,0,0,0,1,0.0,0.14,0.0,212500.0
10640308,0,0.0,1.0,0.0,0.0,0.0,0.0,0.0,0.0,0.0,0.0,0.0,0.0,0.0,1.0,0.0,0.0,0.0,1.0,0.04489795918367347,0.09090909090909091,0.09090909090909091,0.0,0.0,3,0,0,0,0,0,0,1,0.0,0.12,0.0,185000.0
10640311,0,0.0,1.0,0.0,0.0,0.0,0.0,0.0,0.0,0.0,0.0,0.0,0.0,0.0,1.0,0.0,0.0,0.0,1.0,0.05816326530612246,0.09090909090909091,0.09090909090909091,0.0,0.0,3,0,0,0,0,0,0,1,0.0,0.18,0.0,215000.0
10640315,0,1.0,0.0,0.0,0.0,1.0,0.0,0.0,0.0,0.0,0.0,0.0,0.0,0.0,0.0,0.0,0.0,0.0,1.0,0.06122448979591837,0.09090909090909091,0.0,0.07142857142857142,0.0,0,5,1,1,0,0,0,1,0.0,0.18,0.0,285000.0
10640313,0,0.0,1.0,0.0,1.0,0.0,0.0,0.0,0.0,0.0,0.0,0.0,0.0,0.0,0.0,0.0,0.0,1.0,0.0,0.07959183673469389,0.1818181818181818,0.09090909090909091,0.0,0.0,3,5,1,0,0,0,0,1,0.0,0.0,0.0,220000.0
10640314,0,1.0,0.0,0.0,0.0,1.0,0.0,0.0,0.0,0.0,0.0,0.0,0.0,0.0,0.0,0.0,0.0,0.0,1.0,0.051020408163265314,0.0,0.09090909090909091,0.0,0.0,0,6,1,1,0,0,0,1,0.0,0.13,0.0,265000.0
10640317,0,0.0,1.0,0.0,0.0,0.0,0.0,0.0,0.0,0.0,0.0,0.0,0.0,0.0,1.0,0.0,0.0,1.0,0.0,0.0816326530612245,0.09090909090909091,0.09090909090909091,0.0,0.0,4,3,1,0,0,0,0,1,0.0,0.01,0.0,299000.0
10640357,0,0.0,0.0,1.0,0.0,0.0,0.0,0.0,0.0,0.0,0.0,1.0,0.0,0.0,0.0,0.0,0.0,1.0,0.0,0.01938775510204082,0.0,0.09090909090909091,0.0,0.05555555555555555,3,2,1,0,0,0,0,0,0.0,0.0,0.0,150000.0
10640333,1,0.0,0.0,1.0,0.0,0.0,0.0,0.0,1.0,0.0,0.0,0.0,0.0,0.0,0.0,0.0,0.0,0.0,1.0,0.0816326530612245,0.2727272727272727,0.0,0.07142857142857142,0.1111111111111111,5,0,0,0,0,0,0,0,0.0,0.0,0.0,120000.0
10640375,0,0.0,1.0,0.0,0.0,0.0,0.0,0.0,0.0,1.0,0.0,0.0,0.0,0.0,0.0,0.0,0.0,0.0,1.0,0.07551020408163267,0.09090909090909091,0.09090909090909091,0.0,0.05555555555555555,3,3,1,0,0,0,1,1,0.047,0.0,0.0,235000.0
10640370,0,0.0,1.0,0.0,0.0,0.0,0.0,0.0,0.0,0.0,0.0,0.0,0.0,0.0,1.0,0.0,0.0,1.0,0.0,0.09897959183673471,0.1818181818181818,0.18181818181818182,0.0,0.0,3,3,1,0,0,0,0,1,0.0,0.0,0.0,2125000.0
10640332,0,1.0,0.0,0.0,0.0,1.0,0.0,0.0,0.0,0.0,0.0,0.0,0.0,0.0,0.0,0.0,1.0,0.0,0.0,0.20408163265306126,0.2727272727272727,0.18181818181818182,0.07142857142857142,0.16666666666666666,3,0,1,0,0,0,0,1,0.0,1.0,0.0,740000.0
10640384,0,0.0,1.0,0.0,0.0,0.0,0.0,1.0,0.0,0.0,0.0,0.0,0.0,0.0,0.0,1.0,0.0,0.0,0.0,0.08775510204081632,0.1818181818181818,0.09090909090909091,0.0,0.05555555555555555,1,2,1,0,0,0,0,1,0.0,0.06,0.0,369000.0
10640401,0,0.0,1.0,0.0,1.0,0.0,0.0,0.0,0.0,0.0,0.0,0.0,0.0,0.0,0.0,0.0,0.0,1.0,0.0,0.06632653061224492,0.09090909090909091,0.09090909090909091,0.0,0.05555555555555555,0,1,1,1,0,0,0,1,0.0,0.1,0.0,275000.0
10640415,0,0.0,1.0,0.0,1.0,0.0,0.0,0.0,0.0,0.0,0.0,0.0,0.0,0.0,0.0,0.0,0.0,1.0,0.0,0.12244897959183676,0.09090909090909091,0.09090909090909091,0.0,0.05555555555555555,2,2,1,1,0,0,0,1,0.0,0.04,0.0,365000.0
10640386,0,1.0,0.0,0.0,0.0,1.0,0.0,0.0,0.0,0.0,0.0,0.0,0.0,0.0,0.0,0.0,1.0,0.0,0.0,0.07142857142857142,0.09090909090909091,0.09090909090909091,0.07142857142857142,0.05555555555555555,3,6,1,0,0,0,0,1,0.0,0.07,0.0,239000.0
10640421,0,0.0,1.0,0.0,0.0,0.0,0.0,0.0,0.0,0.0,0.0,0.0,0.0,0.0,1.0,0.0,0.0,0.0,1.0,0.07142857142857142,0.09090909090909091,0.09090909090909091,0.0,0.05555555555555555,1,1,1,0,0,0,0,1,0.0,0.05,0.0,275000.0
10640419,0,0.0,1.0,0.0,0.0,0.0,1.0,0.0,0.0,0.0,0.0,0.0,0.0,0.0,0.0,1.0,0.0,0.0,0.0,0.07142857142857142,0.09090909090909091,0.09090909090909091,0.0,0.05555555555555555,3,2,1,1,0,0,1,1,0.35000000000000003,0.3,0.0,395000.0
10640462,0,1.0,0.0,0.0,0.0,1.0,0.0,0.0,0.0,0.0,0.0,0.0,0.0,0.0,0.0,0.0,1.0,0.0,0.0,0.04081632653061225,0.09090909090909091,0.0,0.07142857142857142,0.05555555555555555,3,4,0,1,0,0,0,1,0.0,0.03,0.0,190000.0
10640446,0,0.0,1.0,0.0,0.0,0.0,1.0,0.0,0.0,0.0,0.0,0.0,0.0,0.0,0.0,1.0,0.0,0.0,0.0,0.03571428571428572,0.0,0.09090909090909091,0.0,0.05555555555555555,3,2,1,1,0,0,0,1,0.0,0.06,0.0,260000.0
10640414,0,0.0,1.0,0.0,1.0,0.0,0.0,0.0,0.0,0.0,0.0,0.0,0.0,0.0,0.0,0.0,0.0,1.0,0.0,0.05510204081632653,0.09090909090909091,0.09090909090909091,0.0,0.05555555555555555,3,3,0,1,0,0,0,0,0.0,0.0,0.0,220000.0
10640472,1,0.0,1.0,0.0,0.0,0.0,1.0,0.0,0.0,0.0,0.0,0.0,0.0,0.0,0.0,0.0,0.0,1.0,0.0,0.4387755102040817,0.2727272727272727,0.18181818181818182,0.0,0.0,0,2,0,0,0,0,1,1,0.0,0.0,0.03668106092632517,1400000.0
10640507,0,0.0,1.0,0.0,0.0,0.0,1.0,0.0,0.0,0.0,0.0,0.0,0.0,0.0,0.0,1.0,0.0,0.0,0.0,0.06326530612244899,0.09090909090909091,0.09090909090909091,0.0,0.05555555555555555,0,1,0,0,0,0,1,0,0.015,0.0,0.0,350000.0
10640503,0,0.0,1.0,0.0,0.0,0.0,0.0,0.0,0.0,0.0,0.0,0.0,0.0,0.0,1.0,0.0,0.0,1.0,0.0,0.057142857142857155,0.09090909090909091,0.09090909090909091,0.0,0.05555555555555555,3,3,1,0,0,0,0,1,0.0,0.0,0.0,215000.0
10509434,0,0.0,1.0,0.0,1.0,0.0,0.0,0.0,0.0,0.0,0.0,0.0,0.0,0.0,0.0,0.0,0.0,0.0,1.0,0.06122448979591837,0.09090909090909091,0.09090909090909091,0.0,0.05555555555555555,4,6,0,0,0,1,0,1,0.0,0.01,0.0,239000.0
10378398,1,0.0,1.0,0.0,0.0,0.0,0.0,0.0,0.0,0.0,0.0,0.0,0.0,0.0,1.0,0.0,0.0,1.0,0.0,0.3836734693877551,0.2727272727272727,0.2727272727272727,0.0,0.0,0,2,0,0,0,0,0,1,0.0,0.0,0.0003411338666148241,4275000.0
10640545,0,0.0,1.0,0.0,0.0,0.0,0.0,0.0,0.0,0.0,0.0,0.0,0.0,0.0,1.0,0.0,0.0,0.0,1.0,0.0836734693877551,0.09090909090909091,0.09090909090909091,0.0,0.1111111111111111,3,0,1,1,0,0,0,1,0.0,0.12,0.0,435000.0
10640565,0,0.0,1.0,0.0,0.0,0.0,1.0,0.0,0.0,0.0,0.0,0.0,0.0,0.0,0.0,0.0,0.0,0.0,1.0,0.0816326530612245,0.09090909090909091,0.09090909090909091,0.07142857142857142,0.0,0,5,0,1,0,0,0,0,0.0,0.0,0.0,210000.0
10640566,0,1.0,0.0,0.0,0.0,1.0,0.0,0.0,0.0,0.0,0.0,0.0,0.0,0.0,0.0,0.0,0.0,0.0,1.0,0.08571428571428572,0.09090909090909091,0.09090909090909091,0.0,0.05555555555555555,1,0,1,0,0,0,0,1,0.0,0.02,0.0,439000.0
10640648,0,0.0,1.0,0.0,0.0,0.0,1.0,0.0,0.0,0.0,0.0,0.0,0.0,0.0,0.0,0.0,0.0,1.0,0.0,0.06122448979591837,0.09090909090909091,0.09090909090909091,0.0,0.05555555555555555,3,3,1,0,0,0,0,0,0.0,0.0,0.0,169000.0
10640574,0,0.0,1.0,0.0,0.0,0.0,1.0,0.0,0.0,0.0,0.0,0.0,0.0,0.0,0.0,0.0,0.0,0.0,1.0,0.12244897959183676,0.1818181818181818,0.09090909090909091,0.0,0.1111111111111111,3,2,0,0,0,0,0,0,0.0,0.0,0.0,270000.0
10640640,0,0.0,1.0,0.0,1.0,0.0,0.0,0.0,0.0,0.0,0.0,0.0,0.0,0.0,0.0,0.0,0.0,1.0,0.0,0.07346938775510206,0.09090909090909091,0.09090909090909091,0.0,0.1111111111111111,2,1,1,0,0,0,1,1,0.13,0.05,0.0,298000.0
10640580,0,1.0,0.0,0.0,0.0,1.0,0.0,0.0,0.0,0.0,0.0,0.0,0.0,0.0,0.0,0.0,0.0,0.0,1.0,0.07244897959183674,0.09090909090909091,0.09090909090909091,0.0,0.05555555555555555,0,3,1,0,0,0,0,1,0.0,0.04,0.0,415000.0
10640653,0,0.0,1.0,0.0,0.0,0.0,0.0,0.0,0.0,0.0,0.0,0.0,0.0,0.0,1.0,0.0,0.0,1.0,0.0,0.0816326530612245,0.1818181818181818,0.09090909090909091,0.0,0.1111111111111111,5,3,1,0,0,0,0,1,0.0,0.0,0.0,480000.0
9198875,0,0.0,1.0,0.0,0.0,0.0,1.0,0.0,0.0,0.0,0.0,0.0,0.0,0.0,0.0,1.0,0.0,0.0,0.0,0.02959183673469388,0.0,0.09090909090909091,0.0,0.05555555555555555,1,0,0,0,0,0,0,0,0.0,0.0,0.0,199500.0
10640677,0,0.0,1.0,0.0,0.0,0.0,0.0,0.0,0.0,0.0,0.0,0.0,0.0,0.0,1.0,0.0,0.0,0.0,1.0,0.06632653061224492,0.9999999999999999,0.5454545454545454,0.0,0.3333333333333333,0,0,0,0,0,0,1,1,0.0,0.0,0.0,260000.0
10640687,0,0.0,1.0,0.0,1.0,0.0,0.0,0.0,0.0,0.0,0.0,0.0,0.0,0.0,0.0,0.0,0.0,0.0,1.0,0.09591836734693879,0.09090909090909091,0.09090909090909091,0.0,0.05555555555555555,1,0,1,0,0,0,0,1,0.0,0.0,0.0,355000.0
10640706,0,0.0,1.0,0.0,0.0,0.0,0.0,0.0,0.0,0.0,0.0,0.0,0.0,0.0,1.0,0.0,0.0,0.0,1.0,0.06122448979591837,0.09090909090909091,0.09090909090909091,0.0,0.05555555555555555,1,1,0,0,0,0,1,1,0.0,0.0,0.0,369000.0
10640701,0,0.0,1.0,0.0,0.0,0.0,1.0,0.0,0.0,0.0,0.0,0.0,0.0,0.0,0.0,0.0,0.0,0.0,1.0,0.11938775510204083,0.09090909090909091,0.09090909090909091,0.0,0.05555555555555555,1,2,0,0,0,0,0,1,0.0,0.0,0.0,259000.0
10640746,0,1.0,0.0,0.0,0.0,1.0,0.0,0.0,0.0,0.0,0.0,0.0,0.0,0.0,0.0,0.0,1.0,0.0,0.0,0.12653061224489798,0.1818181818181818,0.18181818181818182,0.0,0.0,2,0,0,0,0,0,0,1,0.0,0.05,0.0,505000.0
10640723,0,0.0,1.0,0.0,0.0,0.0,1.0,0.0,0.0,0.0,0.0,0.0,0.0,0.0,0.0,0.0,0.0,1.0,0.0,0.06224489795918368,0.09090909090909091,0.09090909090909091,0.0,0.05555555555555555,3,2,1,0,0,0,0,1,0.0,0.0,0.0,250000.0
10640742,0,0.0,1.0,0.0,0.0,0.0,1.0,0.0,0.0,0.0,0.0,0.0,0.0,0.0,0.0,1.0,0.0,0.0,0.0,0.06122448979591837,0.09090909090909091,0.09090909090909091,0.0,0.05555555555555555,4,4,0,0,0,0,1,0,0.0,0.0,0.0,269000.0
10640707,0,0.0,1.0,0.0,0.0,0.0,0.0,0.0,0.0,1.0,0.0,0.0,0.0,0.0,0.0,0.0,0.0,0.0,1.0,0.3040816326530612,0.2727272727272727,0.18181818181818182,0.0,0.16666666666666666,1,2,0,0,0,0,0,0,0.0,0.0,0.0,599000.0
10640755,0,0.0,1.0,0.0,0.0,0.0,0.0,1.0,0.0,0.0,0.0,0.0,0.0,0.0,0.0,0.0,0.0,0.0,1.0,0.1642857142857143,0.1818181818181818,0.18181818181818182,0.0,0.0,0,0,1,0,0,0,1,1,0.009000000000000001,0.14,0.0,567980.0
10640751,0,0.0,1.0,0.0,1.0,0.0,0.0,0.0,0.0,0.0,0.0,0.0,0.0,0.0,0.0,0.0,0.0,0.0,1.0,0.09693877551020408,0.1818181818181818,0.09090909090909091,0.0,0.0,3,1,1,0,0,0,0,1,0.0,0.0,0.0,424000.0
10640756,0,0.0,1.0,0.0,0.0,0.0,0.0,1.0,0.0,0.0,0.0,0.0,0.0,0.0,0.0,0.0,0.0,0.0,1.0,0.12244897959183676,0.1818181818181818,0.18181818181818182,0.0,0.0,0,0,1,0,0,0,0,1,0.0,0.14,0.0,452120.0
10640759,0,0.0,1.0,0.0,0.0,0.0,0.0,1.0,0.0,0.0,0.0,0.0,0.0,0.0,0.0,0.0,0.0,0.0,1.0,0.09489795918367347,0.09090909090909091,0.09090909090909091,0.0,0.0,0,0,1,0,0,0,0,1,0.0,0.07,0.0,357980.0
10640753,0,0.0,1.0,0.0,0.0,0.0,0.0,0.0,0.0,0.0,0.0,0.0,0.0,0.0,1.0,0.0,0.0,0.0,1.0,0.07040816326530613,0.09090909090909091,0.09090909090909091,0.0,0.0,3,3,1,0,0,0,0,1,0.0,0.0,0.0,169000.0
10640758,0,0.0,1.0,0.0,0.0,0.0,0.0,1.0,0.0,0.0,0.0,0.0,0.0,0.0,0.0,0.0,0.0,0.0,1.0,0.09489795918367347,0.09090909090909091,0.09090909090909091,0.0,0.0,0,0,1,0,0,0,0,1,0.0,0.07,0.0,362980.0
10509688,0,1.0,0.0,0.0,0.0,1.0,0.0,0.0,0.0,0.0,0.0,0.0,0.0,0.0,0.0,0.0,1.0,0.0,0.0,0.326530612244898,0.2727272727272727,0.09090909090909091,0.21428571428571427,0.16666666666666666,3,3,1,1,0,0,0,0,0.0,0.0,0.0,995000.0
10640761,0,0.0,1.0,0.0,0.0,0.0,0.0,1.0,0.0,0.0,0.0,0.0,0.0,0.0,0.0,0.0,0.0,0.0,1.0,0.10612244897959186,0.1818181818181818,0.18181818181818182,0.0,0.0,0,0,1,0,0,0,1,0,0.091,0.0,0.0,465980.0
10640762,0,0.0,1.0,0.0,0.0,0.0,0.0,1.0,0.0,0.0,0.0,0.0,0.0,0.0,0.0,0.0,0.0,0.0,1.0,0.07346938775510206,0.09090909090909091,0.18181818181818182,0.0,0.0,0,0,1,0,0,0,0,1,0.0,0.08,0.0,341980.0
10640760,0,0.0,1.0,0.0,0.0,0.0,0.0,1.0,0.0,0.0,0.0,0.0,0.0,0.0,0.0,0.0,0.0,0.0,1.0,0.12244897959183676,0.1818181818181818,0.18181818181818182,0.0,0.0,0,0,1,0,0,0,0,1,0.0,0.14,0.0,420980.0
10640806,1,0.0,0.0,1.0,0.0,0.0,0.0,0.0,1.0,0.0,0.0,0.0,0.0,0.0,0.0,0.0,0.0,0.0,1.0,0.2857142857142857,0.09090909090909091,0.09090909090909091,0.0,0.05555555555555555,0,5,0,0,0,0,0,0,0.0,0.0,0.0,120000.0
10640804,0,0.0,0.0,1.0,0.0,0.0,0.0,0.0,1.0,0.0,0.0,0.0,0.0,0.0,0.0,0.0,0.0,0.0,1.0,0.06020408163265307,0.09090909090909091,0.09090909090909091,0.0,0.05555555555555555,0,4,0,0,0,0,0,0,0.0,0.0,0.0,85000.0
10640811,0,0.0,1.0,0.0,0.0,0.0,1.0,0.0,0.0,0.0,0.0,0.0,0.0,0.0,0.0,0.0,1.0,0.0,0.0,0.0653061224489796,0.09090909090909091,0.09090909090909091,0.0,0.05555555555555555,4,3,0,0,0,0,0,0,0.0,0.0,0.0,198000.0
10640807,0,0.0,1.0,0.0,0.0,0.0,1.0,0.0,0.0,0.0,0.0,0.0,0.0,0.0,0.0,1.0,0.0,0.0,0.0,0.028571428571428574,0.0,0.09090909090909091,0.0,0.05555555555555555,1,0,1,0,0,0,1,1,0.0,0.0,0.0,275000.0
10640818,0,0.0,1.0,0.0,0.0,0.0,0.0,0.0,0.0,1.0,0.0,0.0,0.0,0.0,0.0,0.0,0.0,0.0,1.0,0.0816326530612245,0.1818181818181818,0.09090909090909091,0.0,0.0,0,2,0,0,0,0,0,1,0.0,0.17,0.0,249000.0
10640823,0,0.0,1.0,0.0,1.0,0.0,0.0,0.0,0.0,0.0,0.0,0.0,0.0,0.0,0.0,1.0,0.0,0.0,0.0,0.04591836734693878,0.09090909090909091,0.09090909090909091,0.0,0.0,2,0,0,0,0,0,0,0,0.0,0.0,0.0,329000.0
10640822,0,0.0,1.0,0.0,1.0,0.0,0.0,0.0,0.0,0.0,0.0,0.0,0.0,0.0,0.0,1.0,0.0,0.0,0.0,0.04489795918367347,0.09090909090909091,0.09090909090909091,0.0,0.0,2,2,1,0,0,0,0,0,0.0,0.0,0.0,319000.0
10640826,0,0.0,1.0,0.0,1.0,0.0,0.0,0.0,0.0,0.0,0.0,0.0,0.0,0.0,0.0,1.0,0.0,0.0,0.0,0.1142857142857143,0.09090909090909091,0.18181818181818182,0.0,0.0,2,0,1,0,0,0,0,1,0.0,0.12,0.0,549000.0
10640828,0,0.0,1.0,0.0,1.0,0.0,0.0,0.0,0.0,0.0,0.0,0.0,0.0,0.0,0.0,1.0,0.0,0.0,0.0,0.05612244897959184,0.09090909090909091,0.09090909090909091,0.0,0.0,0,2,1,0,0,0,0,1,0.0,0.01,0.0,295000.0
10640829,0,0.0,1.0,0.0,1.0,0.0,0.0,0.0,0.0,0.0,0.0,0.0,0.0,0.0,0.0,1.0,0.0,0.0,0.0,0.10714285714285715,0.1818181818181818,0.18181818181818182,0.0,0.0,0,2,1,0,0,0,0,1,0.0,0.13,0.0,535000.0
10640825,0,0.0,1.0,0.0,1.0,0.0,0.0,0.0,0.0,0.0,0.0,0.0,0.0,0.0,0.0,1.0,0.0,0.0,0.0,0.1,0.1818181818181818,0.18181818181818182,0.0,0.0,2,1,0,0,0,0,0,1,0.0,0.0,0.0,519000.0
10640835,0,0.0,1.0,0.0,0.0,0.0,0.0,0.0,0.0,0.0,0.0,0.0,0.0,0.0,1.0,1.0,0.0,0.0,0.0,0.07346938775510206,0.09090909090909091,0.09090909090909091,0.0,0.05555555555555555,3,3,0,0,0,0,0,1,0.0,0.0,0.0,249000.0
10640837,0,0.0,1.0,0.0,1.0,0.0,0.0,0.0,0.0,0.0,0.0,0.0,0.0,0.0,0.0,0.0,1.0,0.0,0.0,0.0653061224489796,0.09090909090909091,0.09090909090909091,0.0,0.0,4,3,0,0,0,0,0,1,0.0,0.04,0.0,145000.0
10640839,0,0.0,1.0,0.0,1.0,0.0,0.0,0.0,0.0,0.0,0.0,0.0,0.0,0.0,0.0,0.0,0.0,1.0,0.0,0.09591836734693879,0.09090909090909091,0.09090909090909091,0.0,0.05555555555555555,0,5,0,0,0,0,1,0,0.115,0.0,0.0,210000.0
10640827,0,0.0,1.0,0.0,1.0,0.0,0.0,0.0,0.0,0.0,0.0,0.0,0.0,0.0,0.0,1.0,0.0,0.0,0.0,0.025510204081632654,0.0,0.09090909090909091,0.0,0.0,2,2,1,0,0,0,0,0,0.0,0.0,0.0,255000.0
10640847,0,0.0,1.0,0.0,0.0,0.0,0.0,0.0,0.0,0.0,0.0,0.0,0.0,0.0,1.0,0.0,0.0,1.0,0.0,0.0653061224489796,0.09090909090909091,0.09090909090909091,0.0,0.05555555555555555,1,2,1,0,0,0,0,0,0.0,0.0,0.0,199500.0
10640855,0,0.0,1.0,0.0,1.0,0.0,0.0,0.0,0.0,0.0,0.0,0.0,0.0,0.0,0.0,0.0,0.0,1.0,0.0,0.051020408163265314,0.0,0.09090909090909091,0.07142857142857142,0.05555555555555555,3,4,0,0,0,0,0,0,0.0,0.0,0.0,179000.0
10640859,0,0.0,1.0,0.0,0.0,0.0,0.0,0.0,0.0,1.0,0.0,0.0,0.0,0.0,0.0,0.0,0.0,0.0,1.0,0.07857142857142857,0.09090909090909091,0.09090909090909091,0.07142857142857142,0.05555555555555555,1,0,0,0,0,0,0,0,0.0,0.0,0.0,264263.0
10640851,0,0.0,1.0,0.0,1.0,0.0,0.0,0.0,0.0,0.0,0.0,0.0,0.0,0.0,0.0,0.0,1.0,0.0,0.0,0.06224489795918368,0.1818181818181818,0.09090909090909091,0.0,0.05555555555555555,0,2,0,0,0,0,1,1,0.0,0.0,0.0,239000.0
10640862,0,0.0,1.0,0.0,0.0,0.0,0.0,0.0,0.0,1.0,0.0,0.0,0.0,0.0,0.0,0.0,0.0,0.0,1.0,0.07040816326530613,0.09090909090909091,0.09090909090909091,0.07142857142857142,0.05555555555555555,1,0,0,0,0,0,0,0,0.0,0.0,0.0,252076.0
10640861,0,0.0,1.0,0.0,0.0,0.0,0.0,0.0,0.0,1.0,0.0,0.0,0.0,0.0,0.0,0.0,0.0,0.0,1.0,0.07040816326530613,0.09090909090909091,0.09090909090909091,0.07142857142857142,0.05555555555555555,1,0,0,0,0,0,0,0,0.0,0.0,0.0,247628.0
10640864,0,0.0,1.0,0.0,0.0,0.0,0.0,0.0,0.0,1.0,0.0,0.0,0.0,0.0,0.0,0.0,0.0,0.0,1.0,0.07040816326530613,0.09090909090909091,0.09090909090909091,0.07142857142857142,0.05555555555555555,1,0,0,0,0,0,0,0,0.0,0.0,0.0,251443.0
10640860,0,0.0,1.0,0.0,0.0,0.0,0.0,0.0,0.0,1.0,0.0,0.0,0.0,0.0,0.0,0.0,0.0,0.0,1.0,0.07040816326530613,0.09090909090909091,0.09090909090909091,0.07142857142857142,0.05555555555555555,1,0,0,0,0,0,0,0,0.0,0.0,0.0,247628.0
10640863,0,0.0,1.0,0.0,0.0,0.0,0.0,0.0,0.0,1.0,0.0,0.0,0.0,0.0,0.0,0.0,0.0,0.0,1.0,0.07040816326530613,0.09090909090909091,0.09090909090909091,0.07142857142857142,0.05555555555555555,1,0,0,0,0,0,0,0,0.0,0.0,0.0,258001.0
10640865,0,0.0,1.0,0.0,0.0,0.0,0.0,0.0,0.0,1.0,0.0,0.0,0.0,0.0,0.0,0.0,0.0,0.0,1.0,0.07040816326530613,0.09090909090909091,0.09090909090909091,0.07142857142857142,0.05555555555555555,1,0,0,0,0,0,0,0,0.0,0.0,0.0,251443.0
10640866,0,0.0,1.0,0.0,0.0,0.0,0.0,0.0,0.0,1.0,0.0,0.0,0.0,0.0,0.0,0.0,0.0,0.0,1.0,0.07346938775510206,0.09090909090909091,0.09090909090909091,0.0,0.05555555555555555,1,0,1,0,0,0,1,1,0.061,0.09,0.0,264000.0
10640867,0,0.0,1.0,0.0,0.0,0.0,0.0,0.0,0.0,1.0,0.0,0.0,0.0,0.0,0.0,0.0,0.0,0.0,1.0,0.09081632653061225,0.1818181818181818,0.09090909090909091,0.0,0.05555555555555555,1,0,1,0,0,0,1,1,0.061,0.09,0.0,289000.0
10640869,0,0.0,1.0,0.0,0.0,0.0,0.0,0.0,0.0,1.0,0.0,0.0,0.0,0.0,0.0,0.0,0.0,0.0,1.0,0.11938775510204083,0.1818181818181818,0.09090909090909091,0.0,0.05555555555555555,1,0,1,0,0,0,0,1,0.0,0.18,0.0,319000.0
10640873,0,0.0,1.0,0.0,0.0,0.0,0.0,0.0,0.0,0.0,0.0,0.0,0.0,0.0,1.0,0.0,0.0,0.0,1.0,0.2755102040816327,0.1818181818181818,0.09090909090909091,0.0,0.0,0,2,0,0,0,0,0,0,0.0,0.0,0.0,295000.0
10640878,0,0.0,1.0,0.0,0.0,0.0,0.0,0.0,0.0,0.0,0.0,0.0,0.0,0.0,1.0,0.0,0.0,0.0,1.0,0.04489795918367347,0.0,0.09090909090909091,0.0,0.0,0,4,0,0,0,0,0,0,0.0,0.0,0.0,179000.0
10640887,0,0.0,1.0,0.0,1.0,0.0,0.0,0.0,0.0,0.0,0.0,0.0,0.0,0.0,0.0,0.0,1.0,0.0,0.0,0.15306122448979595,0.09090909090909091,0.09090909090909091,0.0,0.05555555555555555,0,3,0,0,0,0,1,1,0.0,0.1,0.0,595000.0
10640879,0,0.0,1.0,0.0,0.0,0.0,0.0,0.0,0.0,0.0,0.0,0.0,0.0,0.0,1.0,0.0,0.0,0.0,1.0,0.06122448979591837,0.09090909090909091,0.09090909090909091,0.0,0.05555555555555555,0,2,1,0,0,0,0,0,0.0,0.0,0.0,375000.0
10640949,0,0.0,1.0,0.0,0.0,0.0,0.0,0.0,0.0,1.0,0.0,0.0,0.0,0.0,0.0,0.0,0.0,0.0,1.0,0.17346938775510207,0.1818181818181818,0.18181818181818182,0.0,0.1111111111111111,0,0,1,0,0,0,1,1,0.0,0.0,0.0,560625.0
10640962,1,0.0,1.0,0.0,0.0,0.0,1.0,0.0,0.0,0.0,0.0,0.0,0.0,0.0,0.0,0.0,0.0,0.0,1.0,0.2112244897959184,0.2727272727272727,0.09090909090909091,0.0,0.1111111111111111,0,5,0,0,0,0,1,1,0.0,0.0,0.0007739703855454611,395000.0
10640957,0,0.0,1.0,0.0,0.0,0.0,0.0,0.0,0.0,0.0,0.0,0.0,0.0,0.0,1.0,0.0,0.0,1.0,0.0,0.0653061224489796,0.1818181818181818,0.18181818181818182,0.0,0.1111111111111111,2,1,1,0,0,0,0,1,0.0,0.0,0.0,1375000.0
10640948,0,0.0,1.0,0.0,0.0,0.0,0.0,0.0,0.0,0.0,0.0,0.0,0.0,0.0,1.0,0.0,0.0,1.0,0.0,0.07959183673469389,0.7272727272727273,0.0,0.0,0.0,1,2,0,0,0,0,0,0,0.0,0.0,0.0,539000.0
10640967,0,0.0,1.0,0.0,0.0,0.0,1.0,0.0,0.0,0.0,0.0,0.0,0.0,0.0,0.0,1.0,0.0,0.0,0.0,0.05306122448979592,0.0,0.09090909090909091,0.0,0.05555555555555555,1,2,1,0,0,0,0,0,0.0,0.0,0.0,315000.0
10640970,0,0.0,1.0,0.0,0.0,0.0,0.0,0.0,0.0,0.0,0.0,0.0,0.0,0.0,1.0,0.0,0.0,1.0,0.0,0.08673469387755103,0.2727272727272727,0.2727272727272727,0.14285714285714285,0.0,2,2,1,0,0,0,0,1,0.0,0.0,0.0,1250000.0
10640980,0,0.0,1.0,0.0,0.0,0.0,0.0,0.0,0.0,0.0,0.0,0.0,0.0,0.0,1.0,0.0,0.0,0.0,1.0,0.1295918367346939,0.1818181818181818,0.09090909090909091,0.0,0.1111111111111111,1,2,0,0,0,0,0,1,0.0,0.0,0.0,529000.0
10640973,0,0.0,1.0,0.0,1.0,0.0,0.0,0.0,0.0,0.0,0.0,0.0,0.0,0.0,0.0,0.0,0.0,0.0,1.0,0.06428571428571428,0.09090909090909091,0.09090909090909091,0.0,0.05555555555555555,0,2,1,0,0,0,0,1,0.0,0.03,0.0,185000.0
10640991,0,0.0,1.0,0.0,1.0,0.0,0.0,0.0,0.0,0.0,0.0,0.0,0.0,0.0,0.0,0.0,0.0,1.0,0.0,0.012244897959183675,0.0,0.09090909090909091,0.0,0.05555555555555555,3,3,0,1,0,0,0,0,0.0,0.0,0.0,185000.0
10640993,0,0.0,1.0,0.0,0.0,0.0,1.0,0.0,0.0,0.0,0.0,0.0,0.0,0.0,0.0,0.0,1.0,0.0,0.0,0.06938775510204082,0.09090909090909091,0.09090909090909091,0.0,0.05555555555555555,2,2,0,1,0,0,0,0,0.0,0.0,0.0,395000.0
10640983,0,1.0,0.0,0.0,0.0,1.0,0.0,0.0,0.0,0.0,0.0,0.0,0.0,0.0,0.0,0.0,1.0,0.0,0.0,0.10510204081632654,0.1818181818181818,0.18181818181818182,0.07142857142857142,0.1111111111111111,1,6,1,0,0,0,0,1,0.0,0.15,0.0,295000.0
10641017,0,1.0,0.0,0.0,0.0,1.0,0.0,0.0,0.0,0.0,0.0,0.0,0.0,0.0,0.0,0.0,0.0,1.0,0.0,0.05510204081632653,0.0,0.09090909090909091,0.0,0.05555555555555555,1,1,1,0,0,0,0,1,0.0,0.25,0.0,349000.0
10641009,0,0.0,1.0,0.0,1.0,0.0,0.0,0.0,0.0,0.0,0.0,0.0,0.0,0.0,0.0,0.0,0.0,0.0,1.0,0.09489795918367347,0.09090909090909091,0.09090909090909091,0.0,0.1111111111111111,3,4,1,0,0,0,0,1,0.0,0.0,0.0,295000.0
10641001,0,1.0,0.0,0.0,0.0,1.0,0.0,0.0,0.0,0.0,0.0,0.0,0.0,0.0,0.0,0.0,0.0,0.0,1.0,0.12244897959183676,0.1818181818181818,0.18181818181818182,0.0,0.05555555555555555,1,4,1,0,0,0,0,1,0.0,0.0,0.0,650000.0
10641024,0,0.0,1.0,0.0,0.0,0.0,1.0,0.0,0.0,0.0,0.0,0.0,0.0,0.0,0.0,0.0,0.0,0.0,1.0,0.1622448979591837,0.1818181818181818,0.18181818181818182,0.0,0.16666666666666666,1,1,1,0,0,0,0,1,0.0,0.16,0.0,499000.0
10641038,0,1.0,0.0,0.0,0.0,1.0,0.0,0.0,0.0,0.0,0.0,0.0,0.0,0.0,0.0,1.0,0.0,0.0,0.0,0.08775510204081632,0.09090909090909091,0.09090909090909091,0.0,0.05555555555555555,1,4,0,0,0,0,0,1,0.0,0.11,0.0,317500.0
10641039,0,1.0,0.0,0.0,0.0,1.0,0.0,0.0,0.0,0.0,0.0,0.0,0.0,0.0,0.0,0.0,1.0,0.0,0.0,0.08775510204081632,0.09090909090909091,0.09090909090909091,0.0,0.05555555555555555,1,4,0,0,0,0,0,1,0.0,0.11,0.0,317500.0
10641026,0,0.0,1.0,0.0,1.0,0.0,0.0,0.0,0.0,0.0,0.0,0.0,0.0,0.0,0.0,0.0,0.0,0.0,1.0,0.08061224489795918,0.0,0.09090909090909091,0.0,0.0,0,3,0,0,0,0,0,1,0.0,0.0,0.0,265000.0
10641025,0,0.0,1.0,0.0,0.0,0.0,1.0,0.0,0.0,0.0,0.0,0.0,0.0,0.0,0.0,0.0,0.0,0.0,1.0,0.042857142857142864,0.0,0.09090909090909091,0.0,0.05555555555555555,1,2,1,0,1,0,0,1,0.0,0.1,0.0,235000.0
10641040,0,1.0,0.0,0.0,0.0,1.0,0.0,0.0,0.0,0.0,0.0,0.0,0.0,0.0,0.0,0.0,1.0,0.0,0.0,0.08775510204081632,0.09090909090909091,0.09090909090909091,0.0,0.05555555555555555,1,4,0,0,0,0,0,1,0.0,0.11,0.0,317500.0
10641041,0,1.0,0.0,0.0,0.0,1.0,0.0,0.0,0.0,0.0,0.0,0.0,0.0,0.0,0.0,0.0,1.0,0.0,0.0,0.10612244897959186,0.1818181818181818,0.09090909090909091,0.0,0.05555555555555555,1,3,0,0,0,0,0,1,0.0,0.11,0.0,360000.0
10641059,0,1.0,0.0,0.0,0.0,1.0,0.0,0.0,0.0,0.0,0.0,0.0,0.0,0.0,0.0,0.0,1.0,0.0,0.0,0.11734693877551022,0.1818181818181818,0.18181818181818182,0.0,0.1111111111111111,1,4,0,0,0,0,0,1,0.0,0.0,0.0,359000.0
10641043,0,1.0,0.0,0.0,0.0,1.0,0.0,0.0,0.0,0.0,0.0,0.0,0.0,0.0,0.0,0.0,1.0,0.0,0.0,0.08775510204081632,0.09090909090909091,0.09090909090909091,0.0,0.05555555555555555,1,4,0,0,0,0,0,1,0.0,0.11,0.0,317500.0
10641042,0,1.0,0.0,0.0,0.0,1.0,0.0,0.0,0.0,0.0,0.0,0.0,0.0,0.0,0.0,1.0,0.0,0.0,0.0,0.10612244897959186,0.1818181818181818,0.09090909090909091,0.0,0.05555555555555555,1,3,0,0,0,0,0,1,0.0,0.11,0.0,360000.0
10641061,0,1.0,0.0,0.0,0.0,1.0,0.0,0.0,0.0,0.0,0.0,0.0,0.0,0.0,0.0,0.0,1.0,0.0,0.0,0.06020408163265307,0.1818181818181818,0.09090909090909091,0.0,0.05555555555555555,1,5,1,0,0,0,0,1,0.0,0.0,0.0,239000.0
10510021,0,1.0,0.0,0.0,0.0,1.0,0.0,0.0,0.0,0.0,0.0,0.0,0.0,0.0,0.0,0.0,1.0,0.0,0.0,0.03571428571428572,0.0,0.0,0.07142857142857142,0.05555555555555555,0,0,0,0,0,0,0,1,0.0,0.09,0.0,229000.0
10510022,0,1.0,0.0,0.0,0.0,1.0,0.0,0.0,0.0,0.0,0.0,0.0,0.0,0.0,0.0,0.0,1.0,0.0,0.0,0.042857142857142864,0.0,0.0,0.07142857142857142,0.05555555555555555,0,0,0,0,0,0,1,1,0.03,0.0,0.0,239000.0
10510023,0,1.0,0.0,0.0,0.0,1.0,0.0,0.0,0.0,0.0,0.0,0.0,0.0,0.0,0.0,0.0,1.0,0.0,0.0,0.11224489795918369,0.09090909090909091,0.09090909090909091,0.07142857142857142,0.1111111111111111,0,0,0,0,0,0,0,1,0.0,0.06,0.0,335000.0
10641076,0,1.0,0.0,0.0,0.0,1.0,0.0,0.0,0.0,0.0,0.0,0.0,0.0,0.0,0.0,0.0,0.0,1.0,0.0,0.0816326530612245,0.09090909090909091,0.09090909090909091,0.0,0.1111111111111111,3,5,1,0,0,0,0,0,0.0,0.0,0.0,355000.0
10641093,0,0.0,1.0,0.0,1.0,0.0,0.0,0.0,0.0,0.0,0.0,0.0,0.0,0.0,0.0,0.0,1.0,0.0,0.0,0.0326530612244898,0.0,0.09090909090909091,0.0,0.0,0,6,0,0,0,0,0,0,0.0,0.0,0.0,139000.0
10641136,0,1.0,0.0,0.0,0.0,1.0,0.0,0.0,0.0,0.0,0.0,0.0,0.0,0.0,0.0,0.0,0.0,0.0,1.0,0.07346938775510206,0.09090909090909091,0.09090909090909091,0.07142857142857142,0.05555555555555555,5,4,1,0,0,0,0,1,0.0,0.03,0.0,235000.0
10641095,0,0.0,1.0,0.0,1.0,0.0,0.0,0.0,0.0,0.0,0.0,0.0,0.0,0.0,0.0,0.0,1.0,0.0,0.0,0.02448979591836735,0.0,0.09090909090909091,0.0,0.0,0,6,0,0,0,0,0,0,0.0,0.0,0.0,125000.0
10641098,0,0.0,1.0,0.0,1.0,0.0,0.0,0.0,0.0,0.0,0.0,0.0,0.0,0.0,0.0,0.0,1.0,0.0,0.0,0.04081632653061225,0.0,0.09090909090909091,0.0,0.0,0,4,0,0,0,0,0,1,0.0,0.0,0.0,149000.0
10510117,0,0.0,1.0,0.0,0.0,0.0,0.0,0.0,0.0,0.0,0.0,0.0,0.0,0.0,1.0,0.0,0.0,1.0,0.0,0.07244897959183674,0.09090909090909091,0.09090909090909091,0.0,0.05555555555555555,3,4,1,0,0,0,0,1,0.0,0.04,0.0,279000.0
10510097,0,0.0,1.0,0.0,0.0,0.0,0.0,0.0,0.0,0.0,0.0,0.0,0.0,0.0,1.0,0.0,0.0,0.0,1.0,0.05510204081632653,0.09090909090909091,0.09090909090909091,0.0,0.05555555555555555,3,3,1,0,0,0,0,0,0.0,0.0,0.0,375000.0
10641201,0,0.0,1.0,0.0,1.0,0.0,0.0,0.0,0.0,0.0,0.0,0.0,0.0,0.0,0.0,0.0,0.0,0.0,1.0,0.0673469387755102,0.09090909090909091,0.09090909090909091,0.0,0.0,3,1,1,0,0,0,0,0,0.0,0.0,0.0,255000.0
10641180,0,0.0,1.0,0.0,0.0,0.0,0.0,0.0,0.0,0.0,0.0,0.0,0.0,0.0,1.0,0.0,0.0,1.0,0.0,0.21020408163265308,0.1818181818181818,0.2727272727272727,0.21428571428571427,0.16666666666666666,1,0,1,0,0,0,0,1,0.0,0.0,0.0,2995000.0
10641200,0,0.0,1.0,0.0,1.0,0.0,0.0,0.0,0.0,0.0,0.0,0.0,0.0,0.0,0.0,0.0,1.0,0.0,0.0,0.1285714285714286,0.1818181818181818,0.18181818181818182,0.0,0.0,3,1,1,0,0,0,0,1,0.0,0.16,0.0,475000.0
10510118,1,0.0,1.0,0.0,0.0,0.0,0.0,0.0,0.0,0.0,0.0,0.0,0.0,0.0,1.0,0.0,0.0,0.0,1.0,0.1469387755102041,0.1818181818181818,0.09090909090909091,0.0,0.1111111111111111,5,6,0,0,0,0,1,0,0.632,0.0,0.0007033593432622852,290000.0
10641189,0,1.0,0.0,0.0,0.0,1.0,0.0,0.0,0.0,0.0,0.0,0.0,0.0,0.0,0.0,0.0,1.0,0.0,0.0,0.05612244897959184,0.0,0.09090909090909091,0.07142857142857142,0.05555555555555555,4,4,0,0,0,0,0,1,0.0,0.19,0.0,210000.0
10641217,0,0.0,1.0,0.0,0.0,0.0,1.0,0.0,0.0,0.0,0.0,0.0,0.0,0.0,0.0,0.0,0.0,0.0,1.0,0.07755102040816328,0.09090909090909091,0.09090909090909091,0.0,0.05555555555555555,3,4,0,0,0,0,0,1,0.0,0.02,0.0,175000.0
10641215,0,0.0,1.0,0.0,0.0,0.0,1.0,0.0,0.0,0.0,0.0,0.0,0.0,0.0,0.0,0.0,0.0,0.0,1.0,0.07755102040816328,0.09090909090909091,0.09090909090909091,0.0,0.05555555555555555,3,3,0,0,0,0,0,1,0.0,0.02,0.0,180000.0
10641238,0,0.0,1.0,0.0,0.0,0.0,0.0,0.0,0.0,0.0,0.0,0.0,0.0,0.0,1.0,0.0,0.0,1.0,0.0,0.04489795918367347,0.09090909090909091,0.09090909090909091,0.07142857142857142,0.05555555555555555,3,3,1,0,0,0,0,1,0.0,0.0,0.0,565000.0
10641261,0,0.0,1.0,0.0,0.0,0.0,0.0,0.0,0.0,0.0,0.0,0.0,0.0,0.0,1.0,0.0,0.0,1.0,0.0,0.06938775510204082,0.09090909090909091,0.18181818181818182,0.0,0.1111111111111111,1,3,1,0,0,0,0,1,0.0,0.08,0.0,699000.0
10641260,0,0.0,0.0,1.0,0.0,0.0,0.0,0.0,0.0,0.0,0.0,0.0,0.0,1.0,0.0,0.0,0.0,1.0,0.0,0.05408163265306123,0.09090909090909091,0.09090909090909091,0.0,0.05555555555555555,3,2,1,0,0,0,0,1,0.0,0.03,0.0,185000.0
10641239,0,0.0,1.0,0.0,0.0,0.0,0.0,0.0,0.0,0.0,0.0,0.0,0.0,0.0,1.0,0.0,0.0,1.0,0.0,0.034693877551020415,0.0,0.09090909090909091,0.07142857142857142,0.05555555555555555,1,3,1,0,0,0,0,1,0.0,0.0,0.0,395000.0
10641247,0,1.0,0.0,0.0,0.0,1.0,0.0,0.0,0.0,0.0,0.0,0.0,0.0,0.0,0.0,1.0,0.0,0.0,0.0,0.025510204081632654,0.0,0.0,0.0,0.0,3,7,1,0,0,0,0,0,0.0,0.0,0.0,170000.0
10641262,0,0.0,1.0,0.0,0.0,0.0,0.0,0.0,0.0,0.0,0.0,0.0,0.0,0.0,1.0,0.0,0.0,1.0,0.0,0.0673469387755102,0.09090909090909091,0.09090909090909091,0.0,0.05555555555555555,1,0,1,0,0,0,0,0,0.0,0.0,0.0,749000.0
10117007,0,0.0,1.0,0.0,0.0,0.0,0.0,0.0,0.0,0.0,0.0,0.0,0.0,0.0,1.0,0.0,0.0,0.0,1.0,0.0653061224489796,0.09090909090909091,0.09090909090909091,0.0,0.05555555555555555,1,2,0,0,0,0,0,0,0.0,0.0,0.0,249000.0
10641281,0,0.0,1.0,0.0,0.0,0.0,1.0,0.0,0.0,0.0,0.0,0.0,0.0,0.0,0.0,0.0,0.0,1.0,0.0,0.07653061224489796,0.09090909090909091,0.09090909090909091,0.0,0.05555555555555555,3,3,1,0,0,0,0,1,0.0,0.0,0.0,209000.0
10641284,0,1.0,0.0,0.0,0.0,1.0,0.0,0.0,0.0,0.0,0.0,0.0,0.0,0.0,0.0,1.0,0.0,0.0,0.0,0.051020408163265314,0.0,0.09090909090909091,0.0,0.05555555555555555,1,0,1,1,0,0,0,0,0.0,0.0,0.0,295000.0
10510227,1,0.0,1.0,0.0,0.0,0.0,1.0,0.0,0.0,0.0,0.0,0.0,0.0,0.0,0.0,0.0,0.0,0.0,1.0,0.30918367346938774,0.09090909090909091,0.09090909090909091,0.0,0.1111111111111111,0,3,0,1,0,0,0,1,0.0,0.3,0.00010545805016318488,399000.0
10641339,0,1.0,0.0,0.0,0.0,1.0,0.0,0.0,0.0,0.0,0.0,0.0,0.0,0.0,0.0,0.0,1.0,0.0,0.0,0.06122448979591837,0.09090909090909091,0.09090909090909091,0.07142857142857142,0.05555555555555555,4,5,1,0,0,0,0,1,0.0,0.14,0.0,255000.0
10641342,0,1.0,0.0,0.0,0.0,1.0,0.0,0.0,0.0,0.0,0.0,0.0,0.0,0.0,0.0,0.0,1.0,0.0,0.0,0.06122448979591837,0.09090909090909091,0.09090909090909091,0.07142857142857142,0.05555555555555555,4,5,1,0,0,0,0,1,0.0,0.14,0.0,255000.0
10641369,0,0.0,1.0,0.0,1.0,0.0,0.0,0.0,0.0,0.0,0.0,0.0,0.0,0.0,0.0,0.0,0.0,0.0,1.0,0.20612244897959187,0.09090909090909091,0.18181818181818182,0.0,0.0,1,2,0,0,0,0,0,1,0.0,0.0,0.0,1180000.0
10510230,0,0.0,1.0,0.0,0.0,0.0,1.0,0.0,0.0,0.0,0.0,0.0,0.0,0.0,0.0,0.0,0.0,0.0,1.0,0.30918367346938774,0.09090909090909091,0.09090909090909091,0.0,0.1111111111111111,0,3,0,1,0,0,0,1,0.0,0.3,0.0,399000.0
10641406,0,1.0,0.0,0.0,0.0,1.0,0.0,0.0,0.0,0.0,0.0,0.0,0.0,0.0,0.0,0.0,0.0,0.0,1.0,0.12448979591836737,0.09090909090909091,0.18181818181818182,0.0,0.0,1,0,0,0,0,0,0,1,0.0,0.12,0.0,495500.0
10641404,0,1.0,0.0,0.0,0.0,1.0,0.0,0.0,0.0,0.0,0.0,0.0,0.0,0.0,0.0,1.0,0.0,0.0,0.0,0.12448979591836737,0.09090909090909091,0.18181818181818182,0.0,0.0,1,0,0,0,0,0,0,1,0.0,0.03,0.0,590000.0
10641405,0,1.0,0.0,0.0,0.0,1.0,0.0,0.0,0.0,0.0,0.0,0.0,0.0,0.0,0.0,1.0,0.0,0.0,0.0,0.1510204081632653,0.1818181818181818,0.2727272727272727,0.0,0.0,1,0,0,0,0,0,0,0,0.0,0.0,0.0,595000.0
10641407,0,1.0,0.0,0.0,0.0,1.0,0.0,0.0,0.0,0.0,0.0,0.0,0.0,0.0,0.0,1.0,0.0,0.0,0.0,0.10306122448979593,0.09090909090909091,0.09090909090909091,0.0,0.0,1,0,0,0,0,0,0,1,0.0,0.1,0.0,445000.0
10641408,0,1.0,0.0,0.0,0.0,1.0,0.0,0.0,0.0,0.0,0.0,0.0,0.0,0.0,0.0,0.0,0.0,0.0,1.0,0.0673469387755102,0.0,0.09090909090909091,0.0,0.0,1,0,0,0,0,0,0,1,0.0,0.01,0.0,395000.0
10510487,0,0.0,1.0,0.0,0.0,0.0,0.0,0.0,0.0,0.0,0.0,0.0,0.0,0.0,1.0,0.0,0.0,0.0,1.0,0.07040816326530613,0.09090909090909091,0.09090909090909091,0.0,0.0,0,1,1,0,0,0,1,1,0.0,0.0,0.0,220000.0
10641522,0,0.0,1.0,0.0,1.0,0.0,0.0,0.0,0.0,0.0,0.0,0.0,0.0,0.0,0.0,0.0,0.0,0.0,1.0,0.0673469387755102,0.09090909090909091,0.09090909090909091,0.0,0.0,0,2,0,0,0,0,0,0,0.0,0.0,0.0,199000.0
10641432,1,0.0,1.0,0.0,0.0,0.0,1.0,0.0,0.0,0.0,0.0,0.0,0.0,0.0,0.0,0.0,0.0,1.0,0.0,0.1836734693877551,0.2727272727272727,0.18181818181818182,0.0,0.1111111111111111,1,4,0,1,0,0,1,0,0.04,0.0,0.0,324500.0
10641557,0,0.0,1.0,0.0,1.0,0.0,0.0,0.0,0.0,0.0,0.0,0.0,0.0,0.0,0.0,0.0,0.0,0.0,1.0,0.0673469387755102,0.09090909090909091,0.09090909090909091,0.0,0.05555555555555555,3,3,0,0,0,0,0,1,0.0,0.0,0.0,199000.0
10641561,0,0.0,1.0,0.0,1.0,0.0,0.0,0.0,0.0,0.0,0.0,0.0,0.0,0.0,0.0,0.0,0.0,1.0,0.0,0.07653061224489796,0.09090909090909091,0.0,0.0,0.0,3,2,0,0,0,0,0,1,0.0,0.04,0.0,239000.0
10641586,0,0.0,0.0,1.0,0.0,0.0,0.0,0.0,0.0,0.0,0.0,0.0,1.0,0.0,0.0,1.0,0.0,0.0,0.0,0.05306122448979592,0.09090909090909091,0.09090909090909091,0.0,0.05555555555555555,5,6,1,0,0,0,0,1,0.0,0.04,0.0,199000.0
10641590,0,0.0,0.0,1.0,0.0,0.0,0.0,0.0,0.0,0.0,1.0,0.0,0.0,0.0,0.0,1.0,0.0,0.0,0.0,0.05408163265306123,0.09090909090909091,0.09090909090909091,0.07142857142857142,0.05555555555555555,3,6,1,0,0,0,0,1,0.0,0.03,0.0,180000.0
10641604,0,0.0,1.0,0.0,1.0,0.0,0.0,0.0,0.0,0.0,0.0,0.0,0.0,0.0,0.0,0.0,0.0,1.0,0.0,0.10102040816326532,0.09090909090909091,0.09090909090909091,0.0,0.1111111111111111,3,2,0,0,0,0,0,1,0.0,0.08,0.0,438000.0
10641589,0,0.0,1.0,0.0,1.0,0.0,0.0,0.0,0.0,0.0,0.0,0.0,0.0,0.0,0.0,0.0,0.0,0.0,1.0,0.07959183673469389,0.09090909090909091,0.09090909090909091,0.0,0.05555555555555555,1,2,0,0,0,0,0,0,0.0,0.0,0.0,254000.0
10641610,0,0.0,1.0,0.0,1.0,0.0,0.0,0.0,0.0,0.0,0.0,0.0,0.0,0.0,0.0,0.0,0.0,1.0,0.0,0.07142857142857142,0.09090909090909091,0.09090909090909091,0.0,0.05555555555555555,1,2,1,0,0,0,0,1,0.0,0.0,0.0,219500.0
10641608,0,1.0,0.0,0.0,0.0,1.0,0.0,0.0,0.0,0.0,0.0,0.0,0.0,0.0,0.0,0.0,0.0,0.0,1.0,0.2857142857142857,0.1818181818181818,0.2727272727272727,0.21428571428571427,0.2777777777777778,1,3,1,0,0,0,1,1,1.0,1.0,0.0,2800000.0
10641621,0,0.0,0.0,1.0,0.0,0.0,0.0,0.0,0.0,0.0,1.0,0.0,0.0,0.0,0.0,1.0,0.0,0.0,0.0,0.06020408163265307,0.0,0.09090909090909091,0.0,0.05555555555555555,1,4,0,0,0,0,1,0,1.0,0.0,0.0,225000.0
10641611,0,0.0,1.0,0.0,1.0,0.0,0.0,0.0,0.0,0.0,0.0,0.0,0.0,0.0,0.0,0.0,0.0,1.0,0.0,0.07142857142857142,0.09090909090909091,0.09090909090909091,0.0,0.05555555555555555,1,2,1,0,0,0,0,1,0.0,0.0,0.0,244500.0
10641628,0,1.0,0.0,0.0,0.0,1.0,0.0,0.0,0.0,0.0,0.0,0.0,0.0,0.0,0.0,0.0,1.0,0.0,0.0,0.010204081632653062,0.0,0.09090909090909091,0.07142857142857142,0.05555555555555555,3,0,1,0,0,0,0,0,0.0,0.0,0.0,160000.0
10641622,0,0.0,0.0,1.0,0.0,0.0,0.0,0.0,0.0,0.0,1.0,0.0,0.0,0.0,0.0,0.0,0.0,0.0,1.0,0.0326530612244898,0.0,0.09090909090909091,0.0,0.05555555555555555,1,2,1,0,0,0,0,1,0.0,0.0,0.0,239000.0
10641629,0,0.0,0.0,1.0,0.0,0.0,0.0,0.0,1.0,0.0,0.0,0.0,0.0,0.0,0.0,0.0,0.0,0.0,1.0,0.11224489795918369,0.09090909090909091,0.09090909090909091,0.0,0.0,1,0,0,0,0,0,0,0,0.0,0.0,0.0,294000.0
10641638,0,0.0,1.0,0.0,1.0,0.0,0.0,0.0,0.0,0.0,0.0,0.0,0.0,0.0,0.0,0.0,0.0,0.0,1.0,0.07142857142857142,0.09090909090909091,0.09090909090909091,0.0,0.0,1,0,0,0,0,0,0,1,0.0,0.41000000000000003,0.0,252000.0
10641637,0,0.0,1.0,0.0,1.0,0.0,0.0,0.0,0.0,0.0,0.0,0.0,0.0,0.0,0.0,0.0,0.0,0.0,1.0,0.11224489795918369,0.09090909090909091,0.09090909090909091,0.0,0.0,1,0,0,0,0,0,1,1,0.061,0.24,0.0,349000.0
10641642,0,0.0,1.0,0.0,1.0,0.0,0.0,0.0,0.0,0.0,0.0,0.0,0.0,0.0,0.0,0.0,0.0,0.0,1.0,0.08571428571428572,0.09090909090909091,0.09090909090909091,0.0,0.05555555555555555,1,2,0,0,0,0,0,1,0.0,0.0,0.0,319500.0
10641641,0,0.0,1.0,0.0,1.0,0.0,0.0,0.0,0.0,0.0,0.0,0.0,0.0,0.0,0.0,0.0,0.0,0.0,1.0,0.08571428571428572,0.09090909090909091,0.09090909090909091,0.0,0.05555555555555555,1,2,0,0,0,0,0,1,0.0,0.03,0.0,319500.0
10641640,0,0.0,1.0,0.0,1.0,0.0,0.0,0.0,0.0,0.0,0.0,0.0,0.0,0.0,0.0,0.0,0.0,0.0,1.0,0.11938775510204083,0.09090909090909091,0.18181818181818182,0.0,0.1111111111111111,1,2,0,0,0,0,1,1,0.067,0.3,0.0,450000.0
10641643,0,0.0,1.0,0.0,0.0,0.0,0.0,0.0,0.0,0.0,0.0,0.0,0.0,0.0,1.0,0.0,0.0,1.0,0.0,0.08673469387755103,0.09090909090909091,0.18181818181818182,0.0,0.05555555555555555,0,0,1,0,0,0,0,1,0.0,0.12,0.0,750000.0
10641644,0,0.0,1.0,0.0,0.0,0.0,0.0,0.0,0.0,0.0,0.0,0.0,0.0,0.0,1.0,0.0,0.0,1.0,0.0,0.0816326530612245,0.09090909090909091,0.18181818181818182,0.0,0.05555555555555555,0,0,1,0,0,0,0,1,0.0,0.17,0.0,785000.0
10641655,0,0.0,1.0,0.0,0.0,0.0,1.0,0.0,0.0,0.0,0.0,0.0,0.0,0.0,0.0,0.0,0.0,0.0,1.0,0.11734693877551022,0.09090909090909091,0.09090909090909091,0.07142857142857142,0.05555555555555555,0,2,0,0,0,0,0,1,0.0,0.13,0.0,250000.0
10641664,0,0.0,0.0,1.0,0.0,0.0,0.0,0.0,1.0,0.0,0.0,0.0,0.0,0.0,0.0,1.0,0.0,0.0,0.0,0.34591836734693876,0.6363636363636364,0.0,0.2857142857142857,0.2222222222222222,3,3,0,0,0,0,1,1,0.25,1.0,0.0,649999.0
10641661,0,0.0,0.0,1.0,0.0,0.0,0.0,0.0,0.0,0.0,1.0,0.0,0.0,0.0,0.0,0.0,1.0,0.0,0.0,0.08571428571428572,0.1818181818181818,0.09090909090909091,0.0,0.05555555555555555,4,4,1,0,0,0,0,1,0.0,0.05,0.0,195000.0
10641697,1,0.0,0.0,1.0,0.0,0.0,0.0,0.0,0.0,0.0,0.0,0.0,0.0,1.0,0.0,0.0,0.0,0.0,1.0,0.753061224489796,0.4545454545454545,0.36363636363636365,0.0,0.3333333333333333,3,5,1,0,0,0,0,1,0.0,1.0,0.14740009225286824,3790000.0
10641693,0,0.0,1.0,0.0,0.0,0.0,0.0,0.0,0.0,0.0,0.0,0.0,0.0,0.0,1.0,1.0,0.0,0.0,0.0,0.12244897959183676,0.09090909090909091,0.18181818181818182,0.0,0.1111111111111111,1,2,1,0,0,0,0,1,0.0,1.0,0.0,595000.0
10641701,0,0.0,1.0,0.0,1.0,0.0,0.0,0.0,0.0,0.0,0.0,0.0,0.0,0.0,0.0,1.0,0.0,0.0,0.0,0.06836734693877553,0.09090909090909091,0.09090909090909091,0.0,0.05555555555555555,2,2,1,1,0,0,0,1,0.0,0.03,0.0,279000.0
10641700,0,0.0,1.0,0.0,1.0,0.0,0.0,0.0,0.0,0.0,0.0,0.0,0.0,0.0,0.0,0.0,1.0,0.0,0.0,0.06836734693877553,0.09090909090909091,0.09090909090909091,0.0,0.05555555555555555,2,2,1,1,0,0,0,1,0.0,0.03,0.0,279000.0
10641710,0,1.0,0.0,0.0,0.0,1.0,0.0,0.0,0.0,0.0,0.0,0.0,0.0,0.0,0.0,0.0,0.0,0.0,1.0,0.25510204081632654,0.2727272727272727,0.18181818181818182,0.07142857142857142,0.1111111111111111,1,3,0,0,0,0,0,1,0.0,1.0,0.0,985000.0
10641705,0,0.0,1.0,0.0,1.0,0.0,0.0,0.0,0.0,0.0,0.0,0.0,0.0,0.0,0.0,0.0,0.0,0.0,1.0,0.11530612244897961,0.1818181818181818,0.09090909090909091,0.0,0.0,2,2,0,0,0,0,0,0,0.0,0.0,0.0,225000.0
10641709,0,0.0,0.0,1.0,0.0,0.0,0.0,0.0,1.0,0.0,0.0,0.0,0.0,0.0,0.0,1.0,0.0,0.0,0.0,0.04081632653061225,0.09090909090909091,0.09090909090909091,0.07142857142857142,0.05555555555555555,3,4,0,0,0,0,0,0,0.0,0.0,0.0,125000.0
9330999,1,0.0,0.0,1.0,0.0,0.0,0.0,0.0,0.0,0.0,1.0,0.0,0.0,0.0,0.0,0.0,0.0,1.0,0.0,0.20000000000000004,0.36363636363636365,0.09090909090909091,0.0,0.05555555555555555,5,5,0,0,0,0,1,0,0.128,0.0,0.00018340530463162587,179000.0
10641734,0,0.0,1.0,0.0,0.0,0.0,0.0,0.0,0.0,0.0,0.0,0.0,0.0,0.0,1.0,0.0,0.0,1.0,0.0,0.09693877551020408,0.1818181818181818,0.09090909090909091,0.0,0.0,4,4,1,0,0,0,0,1,0.0,0.06,0.0,147500.0
10641749,0,1.0,0.0,0.0,0.0,1.0,0.0,0.0,0.0,0.0,0.0,0.0,0.0,0.0,0.0,0.0,1.0,0.0,0.0,0.09693877551020408,0.09090909090909091,0.09090909090909091,0.0,0.0,1,6,1,0,0,0,0,1,0.0,0.0,0.0,560000.0
10641728,0,0.0,1.0,0.0,0.0,0.0,0.0,0.0,0.0,0.0,0.0,0.0,0.0,0.0,1.0,0.0,0.0,1.0,0.0,0.05306122448979592,0.09090909090909091,0.18181818181818182,0.14285714285714285,0.1111111111111111,4,2,1,0,0,0,0,1,0.0,0.03,0.0,475000.0
10641729,0,0.0,1.0,0.0,0.0,0.0,0.0,0.0,0.0,0.0,0.0,0.0,0.0,0.0,1.0,0.0,0.0,1.0,0.0,0.10408163265306122,0.1818181818181818,0.18181818181818182,0.14285714285714285,0.05555555555555555,3,1,1,0,0,0,0,1,0.0,0.35000000000000003,0.0,1395000.0
9986421,0,0.0,1.0,0.0,0.0,0.0,0.0,0.0,0.0,0.0,0.0,0.0,0.0,0.0,1.0,0.0,0.0,1.0,0.0,0.07040816326530613,0.09090909090909091,0.09090909090909091,0.0,0.05555555555555555,0,3,1,0,0,0,0,0,0.0,0.0,0.0,195000.0
10641777,0,0.0,1.0,0.0,0.0,0.0,0.0,0.0,0.0,0.0,0.0,0.0,0.0,0.0,1.0,0.0,0.0,0.0,1.0,0.06632653061224492,0.09090909090909091,0.09090909090909091,0.0,0.05555555555555555,3,2,1,0,0,0,0,1,0.0,0.2,0.0,239000.0
10641750,0,0.0,1.0,0.0,0.0,0.0,0.0,1.0,0.0,0.0,0.0,0.0,0.0,0.0,0.0,0.0,0.0,0.0,1.0,0.07142857142857142,0.09090909090909091,0.09090909090909091,0.0,0.05555555555555555,1,1,1,0,0,0,0,1,0.0,0.0,0.0,369000.0
10641759,0,1.0,0.0,0.0,0.0,1.0,0.0,0.0,0.0,0.0,0.0,0.0,0.0,0.0,0.0,1.0,0.0,0.0,0.0,0.034693877551020415,0.0,0.0,0.07142857142857142,0.0,3,0,1,0,0,0,0,1,0.0,0.0,0.0,230000.0
10641788,1,0.0,0.0,1.0,0.0,0.0,0.0,0.0,0.0,0.0,0.0,0.0,0.0,1.0,0.0,0.0,0.0,1.0,0.0,0.10408163265306122,0.1818181818181818,0.09090909090909091,0.0,0.05555555555555555,3,4,0,0,0,0,0,1,0.0,0.28,0.0,200000.0
10641787,0,1.0,0.0,0.0,0.0,1.0,0.0,0.0,0.0,0.0,0.0,0.0,0.0,0.0,0.0,0.0,1.0,0.0,0.0,0.0816326530612245,0.09090909090909091,0.09090909090909091,0.0,0.05555555555555555,1,5,1,0,0,0,0,1,0.0,0.09,0.0,250000.0
10641830,0,0.0,0.0,1.0,0.0,0.0,0.0,0.0,0.0,0.0,0.0,0.0,0.0,1.0,0.0,0.0,0.0,0.0,1.0,0.11020408163265308,0.1818181818181818,0.18181818181818182,0.0,0.0,3,0,1,0,0,0,0,1,0.0,0.14,0.0,382000.0
10641834,0,0.0,1.0,0.0,0.0,0.0,1.0,0.0,0.0,0.0,0.0,0.0,0.0,0.0,0.0,0.0,0.0,1.0,0.0,0.04897959183673469,0.0,0.09090909090909091,0.0,0.05555555555555555,3,3,0,1,0,0,0,0,0.0,0.0,0.0,162500.0
10641822,0,0.0,0.0,1.0,0.0,0.0,0.0,0.0,0.0,0.0,0.0,0.0,1.0,0.0,0.0,1.0,0.0,0.0,0.0,0.051020408163265314,0.09090909090909091,0.09090909090909091,0.0,0.05555555555555555,3,3,0,0,0,0,0,0,0.0,0.0,0.0,145000.0
10641847,0,0.0,1.0,0.0,1.0,0.0,0.0,0.0,0.0,0.0,0.0,0.0,0.0,0.0,0.0,0.0,0.0,0.0,1.0,0.0326530612244898,0.0,0.09090909090909091,0.0,0.05555555555555555,3,2,1,0,0,0,0,1,0.0,0.13,0.0,197500.0
10641850,0,0.0,1.0,0.0,0.0,0.0,0.0,0.0,0.0,0.0,0.0,0.0,0.0,0.0,1.0,0.0,0.0,0.0,1.0,0.05612244897959184,0.0,0.09090909090909091,0.0,0.1111111111111111,1,0,1,0,0,0,0,1,0.0,0.2,0.0,275000.0
10641849,0,0.0,1.0,0.0,0.0,0.0,0.0,0.0,0.0,0.0,0.0,0.0,0.0,0.0,1.0,0.0,0.0,0.0,1.0,0.07755102040816328,0.09090909090909091,0.09090909090909091,0.0,0.05555555555555555,1,0,1,0,0,0,0,1,0.0,0.11,0.0,290000.0
10641867,0,1.0,0.0,0.0,0.0,1.0,0.0,0.0,0.0,0.0,0.0,0.0,0.0,0.0,0.0,0.0,0.0,0.0,1.0,0.06836734693877553,0.09090909090909091,0.09090909090909091,0.0,0.05555555555555555,1,7,1,1,0,0,1,1,0.008,0.08,0.0,330000.0
10641854,1,0.0,1.0,0.0,0.0,0.0,1.0,0.0,0.0,0.0,0.0,0.0,0.0,0.0,0.0,0.0,0.0,0.0,1.0,0.19897959183673472,0.1818181818181818,0.09090909090909091,0.07142857142857142,0.05555555555555555,4,4,0,0,0,0,1,1,0.2,0.0,0.0003136230709200802,249000.0
10510795,1,0.0,1.0,0.0,0.0,0.0,0.0,1.0,0.0,0.0,0.0,0.0,0.0,0.0,0.0,0.0,0.0,0.0,1.0,0.15306122448979595,0.1818181818181818,0.09090909090909091,0.0,0.1111111111111111,5,6,0,0,0,0,1,1,0.28,0.27,0.0011004318277897552,449000.0
10641848,0,0.0,1.0,0.0,0.0,0.0,0.0,0.0,0.0,0.0,0.0,0.0,0.0,0.0,1.0,0.0,0.0,0.0,1.0,0.07244897959183674,0.0,0.09090909090909091,0.0,0.05555555555555555,1,0,1,0,0,0,0,1,0.0,0.28,0.0,280000.0
10641877,0,0.0,0.0,1.0,0.0,0.0,0.0,0.0,1.0,0.0,0.0,0.0,0.0,0.0,0.0,0.0,0.0,0.0,1.0,0.07448979591836735,0.1818181818181818,0.09090909090909091,0.0,0.05555555555555555,0,2,0,1,0,0,0,0,0.0,0.0,0.0,195000.0
10641891,0,0.0,1.0,0.0,0.0,0.0,0.0,0.0,0.0,0.0,0.0,0.0,0.0,0.0,1.0,0.0,0.0,1.0,0.0,0.030612244897959183,0.0,0.09090909090909091,0.0,0.05555555555555555,3,6,1,0,0,0,0,1,0.0,0.04,0.0,175000.0
10641901,1,0.0,0.0,1.0,0.0,0.0,0.0,0.0,0.0,0.0,0.0,0.0,0.0,1.0,0.0,0.0,0.0,0.0,1.0,0.15306122448979595,0.09090909090909091,0.09090909090909091,0.07142857142857142,0.05555555555555555,0,4,0,0,0,0,0,1,0.0,0.2,0.0003906532988653631,290000.0
10641908,0,0.0,1.0,0.0,1.0,0.0,0.0,0.0,0.0,0.0,0.0,0.0,0.0,0.0,0.0,0.0,1.0,0.0,0.0,0.06632653061224492,0.09090909090909091,0.0,0.0,0.05555555555555555,1,2,1,0,0,0,0,0,0.0,0.0,0.0,289000.0
10641931,0,0.0,1.0,0.0,0.0,0.0,0.0,1.0,0.0,0.0,0.0,0.0,0.0,0.0,0.0,0.0,0.0,1.0,0.0,0.06938775510204082,0.09090909090909091,0.09090909090909091,0.0,0.05555555555555555,3,3,0,1,0,0,0,0,0.0,0.0,0.0,245000.0
10641880,0,1.0,0.0,0.0,0.0,1.0,0.0,0.0,0.0,0.0,0.0,0.0,0.0,0.0,0.0,0.0,1.0,0.0,0.0,0.10204081632653061,0.09090909090909091,0.09090909090909091,0.07142857142857142,0.05555555555555555,3,5,1,0,0,0,0,1,0.0,0.25,0.0,265000.0
10641932,0,0.0,1.0,0.0,0.0,0.0,0.0,1.0,0.0,0.0,0.0,0.0,0.0,0.0,0.0,0.0,0.0,1.0,0.0,0.20102040816326533,0.2727272727272727,0.09090909090909091,0.0,0.1111111111111111,3,2,0,1,0,0,0,1,0.0,0.06,0.0,385000.0
10641937,0,0.0,1.0,0.0,0.0,0.0,1.0,0.0,0.0,0.0,0.0,0.0,0.0,0.0,0.0,0.0,0.0,0.0,1.0,0.06326530612244899,0.09090909090909091,0.09090909090909091,0.0,0.0,2,0,0,0,0,0,0,0,0.0,0.0,0.0,194700.0
10641959,0,0.0,1.0,0.0,1.0,0.0,0.0,0.0,0.0,0.0,0.0,0.0,0.0,0.0,0.0,0.0,0.0,0.0,1.0,0.07142857142857142,0.09090909090909091,0.0,0.07142857142857142,0.05555555555555555,1,0,1,0,0,0,0,1,0.0,0.15,0.0,380000.0
10641950,0,0.0,1.0,0.0,0.0,0.0,1.0,0.0,0.0,0.0,0.0,0.0,0.0,0.0,0.0,0.0,0.0,0.0,1.0,0.07244897959183674,0.09090909090909091,0.09090909090909091,0.0,0.05555555555555555,3,1,1,1,0,0,0,0,0.0,0.0,0.0,229000.0
10641936,0,0.0,1.0,0.0,0.0,0.0,0.0,1.0,0.0,0.0,0.0,0.0,0.0,0.0,0.0,0.0,0.0,1.0,0.0,0.20102040816326533,0.2727272727272727,0.09090909090909091,0.0,0.1111111111111111,3,2,0,1,0,0,0,1,0.0,0.06,0.0,385000.0
10641916,0,0.0,1.0,0.0,0.0,0.0,0.0,0.0,0.0,0.0,0.0,0.0,0.0,0.0,1.0,0.0,0.0,0.0,1.0,0.05306122448979592,0.0,0.0,0.0,0.0,3,4,1,0,0,0,0,1,0.0,0.0,0.0,180000.0
10641966,0,0.0,1.0,0.0,0.0,0.0,0.0,0.0,0.0,0.0,0.0,0.0,0.0,0.0,1.0,0.0,0.0,0.0,1.0,0.05612244897959184,0.09090909090909091,0.09090909090909091,0.0,0.05555555555555555,0,0,0,1,0,0,0,1,0.0,0.1,0.0,317900.0
10641978,0,0.0,1.0,0.0,1.0,0.0,0.0,0.0,0.0,0.0,0.0,0.0,0.0,0.0,0.0,0.0,0.0,1.0,0.0,0.08673469387755103,0.09090909090909091,0.09090909090909091,0.0,0.0,2,3,1,0,0,0,0,1,0.0,0.05,0.0,379000.0
10641983,0,0.0,0.0,1.0,0.0,0.0,0.0,0.0,0.0,0.0,0.0,0.0,0.0,1.0,0.0,0.0,0.0,0.0,1.0,0.11836734693877551,0.1818181818181818,0.09090909090909091,0.07142857142857142,0.1111111111111111,0,1,0,0,0,0,0,1,0.0,0.18,0.0,476200.0
10641961,0,0.0,1.0,0.0,1.0,0.0,0.0,0.0,0.0,0.0,0.0,0.0,0.0,0.0,0.0,0.0,0.0,0.0,1.0,0.10204081632653061,0.1818181818181818,0.09090909090909091,0.0,0.05555555555555555,3,4,0,0,0,0,1,1,0.03,0.2,0.0,290000.0
10379845,1,0.0,1.0,0.0,0.0,0.0,1.0,0.0,0.0,0.0,0.0,0.0,0.0,0.0,0.0,0.0,0.0,1.0,0.0,0.31326530612244896,0.2727272727272727,0.09090909090909091,0.0,0.1111111111111111,3,4,0,1,0,0,1,1,0.0,0.0,0.0008354111625970558,499000.0
10641985,0,0.0,0.0,1.0,0.0,0.0,0.0,0.0,0.0,0.0,0.0,0.0,0.0,1.0,0.0,0.0,0.0,0.0,1.0,0.12244897959183676,0.1818181818181818,0.18181818181818182,0.0,0.1111111111111111,0,1,0,0,0,0,0,1,0.0,0.15,0.0,476200.0
10641996,0,1.0,0.0,0.0,0.0,1.0,0.0,0.0,0.0,0.0,0.0,0.0,0.0,0.0,0.0,0.0,1.0,0.0,0.0,0.09591836734693879,0.1818181818181818,0.09090909090909091,0.0,0.05555555555555555,4,5,1,1,0,0,0,1,0.0,0.0,0.0,335000.0
10642000,0,0.0,1.0,0.0,0.0,0.0,0.0,0.0,0.0,1.0,0.0,0.0,0.0,0.0,0.0,0.0,0.0,1.0,0.0,0.16836734693877553,0.09090909090909091,0.18181818181818182,0.0,0.16666666666666666,3,2,1,1,0,0,0,1,0.0,0.11,0.0,550000.0
10248783,1,0.0,0.0,1.0,0.0,0.0,0.0,0.0,1.0,0.0,0.0,0.0,0.0,0.0,0.0,0.0,1.0,0.0,0.0,0.23469387755102042,0.1818181818181818,0.09090909090909091,0.0,0.05555555555555555,0,0,0,0,0,0,0,0,0.0,0.0,0.0,165000.0
10642012,0,0.0,1.0,0.0,1.0,0.0,0.0,0.0,0.0,0.0,0.0,0.0,0.0,0.0,0.0,0.0,0.0,0.0,1.0,0.14183673469387756,0.1818181818181818,0.18181818181818182,0.0,0.0,0,0,1,1,0,0,0,1,0.0,0.32,0.0,465000.0
10641999,0,1.0,0.0,0.0,0.0,1.0,0.0,0.0,0.0,0.0,0.0,0.0,0.0,0.0,0.0,0.0,1.0,0.0,0.0,0.09591836734693879,0.1818181818181818,0.09090909090909091,0.0,0.05555555555555555,4,5,1,1,0,0,0,1,0.0,0.0,0.0,335000.0
10642013,0,0.0,1.0,0.0,1.0,0.0,0.0,0.0,0.0,0.0,0.0,0.0,0.0,0.0,0.0,0.0,0.0,0.0,1.0,0.1306122448979592,0.1818181818181818,0.18181818181818182,0.0,0.0,0,0,1,1,0,0,0,1,0.0,0.16,0.0,444400.0
10642016,0,0.0,1.0,0.0,1.0,0.0,0.0,0.0,0.0,0.0,0.0,0.0,0.0,0.0,0.0,0.0,0.0,0.0,1.0,0.04693877551020408,0.0,0.09090909090909091,0.0,0.05555555555555555,3,3,0,1,0,0,0,1,0.0,0.3,0.0,209000.0
10642021,0,0.0,1.0,0.0,1.0,0.0,0.0,0.0,0.0,0.0,0.0,0.0,0.0,0.0,0.0,0.0,0.0,1.0,0.0,0.03877551020408163,0.0,0.09090909090909091,0.0,0.05555555555555555,0,6,0,0,0,0,0,0,0.0,0.0,0.0,179000.0
10642028,0,0.0,0.0,1.0,0.0,0.0,0.0,0.0,1.0,0.0,0.0,0.0,0.0,0.0,0.0,0.0,0.0,0.0,1.0,0.04183673469387755,0.0,0.09090909090909091,0.0,0.05555555555555555,1,2,1,0,0,0,1,1,0.065,0.35000000000000003,0.0,192000.0
10642057,0,0.0,1.0,0.0,1.0,0.0,0.0,0.0,0.0,0.0,0.0,0.0,0.0,0.0,0.0,0.0,1.0,0.0,0.0,0.1928571428571429,0.2727272727272727,0.09090909090909091,0.07142857142857142,0.16666666666666666,0,3,1,1,0,0,1,1,0.969,0.03,0.0,680000.0
10642090,0,0.0,0.0,1.0,0.0,0.0,0.0,0.0,0.0,0.0,0.0,1.0,0.0,0.0,0.0,0.0,0.0,1.0,0.0,0.06632653061224492,0.09090909090909091,0.0,0.07142857142857142,0.05555555555555555,3,3,0,1,0,0,0,0,0.0,0.0,0.0,269000.0
10642059,0,0.0,1.0,0.0,1.0,0.0,0.0,0.0,0.0,0.0,0.0,0.0,0.0,0.0,0.0,0.0,0.0,0.0,1.0,0.07653061224489796,0.09090909090909091,0.09090909090909091,0.0,0.05555555555555555,4,4,1,1,0,0,1,1,0.0,0.04,0.0,185000.0
10642042,0,1.0,0.0,0.0,0.0,1.0,0.0,0.0,0.0,0.0,0.0,0.0,0.0,0.0,0.0,1.0,0.0,0.0,0.0,0.025510204081632654,0.0,0.09090909090909091,0.0,0.05555555555555555,4,0,1,0,0,0,0,1,0.0,0.06,0.0,145000.0
10379919,0,1.0,0.0,0.0,0.0,1.0,0.0,0.0,0.0,0.0,0.0,0.0,0.0,0.0,0.0,0.0,1.0,0.0,0.0,0.025510204081632654,0.0,0.09090909090909091,0.0,0.05555555555555555,0,0,0,0,0,0,0,1,0.0,0.1,0.0,148000.0
10642048,0,1.0,0.0,0.0,0.0,1.0,0.0,0.0,0.0,0.0,0.0,0.0,0.0,0.0,0.0,0.0,1.0,0.0,0.0,0.04897959183673469,0.09090909090909091,0.0,0.07142857142857142,0.05555555555555555,4,1,0,0,0,0,0,0,0.0,0.0,0.0,180000.0
10642093,0,1.0,0.0,0.0,0.0,1.0,0.0,0.0,0.0,0.0,0.0,0.0,0.0,0.0,0.0,0.0,1.0,0.0,0.0,0.06632653061224492,0.09090909090909091,0.09090909090909091,0.0,0.05555555555555555,3,4,1,0,0,0,0,0,0.0,0.0,0.0,275000.0
10642097,0,0.0,1.0,0.0,1.0,0.0,0.0,0.0,0.0,0.0,0.0,0.0,0.0,0.0,0.0,0.0,0.0,0.0,1.0,0.07959183673469389,0.09090909090909091,0.09090909090909091,0.0,0.05555555555555555,3,2,1,1,0,0,0,1,0.0,0.08,0.0,222000.0
10642096,0,0.0,1.0,0.0,1.0,0.0,0.0,0.0,0.0,0.0,0.0,0.0,0.0,0.0,0.0,0.0,0.0,1.0,0.0,0.07142857142857142,0.1818181818181818,0.09090909090909091,0.0,0.05555555555555555,3,3,1,1,0,0,0,1,0.0,0.02,0.0,185000.0
10642108,0,1.0,0.0,0.0,0.0,1.0,0.0,0.0,0.0,0.0,0.0,0.0,0.0,0.0,0.0,0.0,1.0,0.0,0.0,0.07857142857142857,0.09090909090909091,0.09090909090909091,0.0,0.05555555555555555,4,4,1,1,0,0,0,1,0.0,0.17,0.0,225000.0
10642132,0,0.0,1.0,0.0,0.0,0.0,0.0,0.0,0.0,0.0,0.0,0.0,0.0,0.0,1.0,0.0,0.0,0.0,1.0,0.06632653061224492,0.09090909090909091,0.09090909090909091,0.0,0.05555555555555555,3,2,0,0,0,0,0,1,0.0,0.06,0.0,270000.0
10642115,0,0.0,1.0,0.0,1.0,0.0,0.0,0.0,0.0,0.0,0.0,0.0,0.0,0.0,0.0,0.0,0.0,1.0,0.0,0.1112244897959184,0.09090909090909091,0.09090909090909091,0.0,0.05555555555555555,1,1,1,1,0,0,1,1,0.0,0.54,0.0,440000.0
10642124,0,0.0,0.0,1.0,0.0,0.0,0.0,0.0,0.0,0.0,1.0,0.0,0.0,0.0,0.0,1.0,0.0,0.0,0.0,0.03571428571428572,0.0,0.09090909090909091,0.0,0.05555555555555555,0,4,1,1,0,0,0,1,0.0,0.05,0.0,158000.0
10642116,0,0.0,0.0,1.0,0.0,0.0,0.0,0.0,0.0,0.0,0.0,0.0,1.0,0.0,0.0,0.0,0.0,1.0,0.0,0.07142857142857142,0.0,0.0,0.07142857142857142,0.05555555555555555,0,0,0,0,0,0,1,1,0.1,0.2,0.0,225000.0
10642127,0,1.0,0.0,0.0,0.0,1.0,0.0,0.0,0.0,0.0,0.0,0.0,0.0,0.0,0.0,0.0,1.0,0.0,0.0,0.05612244897959184,0.09090909090909091,0.0,0.07142857142857142,0.05555555555555555,0,7,1,1,0,0,0,1,0.0,0.27,0.0,249000.0
10642125,0,1.0,0.0,0.0,0.0,1.0,0.0,0.0,0.0,0.0,0.0,0.0,0.0,0.0,0.0,0.0,1.0,0.0,0.0,0.05612244897959184,0.09090909090909091,0.0,0.07142857142857142,0.05555555555555555,0,7,1,1,0,0,0,1,0.0,0.27,0.0,249000.0
10642173,0,1.0,0.0,0.0,0.0,1.0,0.0,0.0,0.0,0.0,0.0,0.0,0.0,0.0,0.0,0.0,1.0,0.0,0.0,0.06632653061224492,0.09090909090909091,0.09090909090909091,0.0,0.05555555555555555,1,0,1,0,0,0,1,1,0.35000000000000003,0.35000000000000003,0.0,309000.0
10642123,0,0.0,0.0,1.0,0.0,0.0,0.0,0.0,0.0,0.0,1.0,0.0,0.0,0.0,0.0,0.0,1.0,0.0,0.0,0.03571428571428572,0.0,0.09090909090909091,0.0,0.05555555555555555,0,4,1,1,0,0,0,1,0.0,0.05,0.0,158000.0
10642199,0,0.0,1.0,0.0,0.0,0.0,0.0,0.0,0.0,0.0,0.0,0.0,0.0,0.0,1.0,0.0,0.0,1.0,0.0,0.13775510204081634,0.1818181818181818,0.09090909090909091,0.0,0.1111111111111111,2,0,0,0,0,1,0,1,0.0,0.2,0.0,910000.0
10642205,0,0.0,1.0,0.0,0.0,0.0,0.0,0.0,0.0,1.0,0.0,0.0,0.0,0.0,0.0,0.0,0.0,0.0,1.0,0.1602040816326531,0.1818181818181818,0.09090909090909091,0.0,0.1111111111111111,3,2,0,1,0,0,0,1,0.0,0.45,0.0,310000.0
10642214,1,0.0,1.0,0.0,0.0,0.0,0.0,0.0,0.0,1.0,0.0,0.0,0.0,0.0,0.0,0.0,0.0,0.0,1.0,0.15714285714285717,0.1818181818181818,0.09090909090909091,0.07142857142857142,0.1111111111111111,4,4,0,1,0,0,1,1,0.65,0.45,0.0008986859926949668,250000.0
10642225,0,1.0,0.0,0.0,0.0,1.0,0.0,0.0,0.0,0.0,0.0,0.0,0.0,0.0,0.0,0.0,1.0,0.0,0.0,0.07653061224489796,0.09090909090909091,0.0,0.07142857142857142,0.05555555555555555,2,0,1,0,0,0,0,1,0.0,0.15,0.0,295000.0
10642217,0,0.0,1.0,0.0,0.0,0.0,0.0,0.0,0.0,1.0,0.0,0.0,0.0,0.0,0.0,0.0,0.0,0.0,1.0,0.10204081632653061,0.09090909090909091,0.09090909090909091,0.0,0.05555555555555555,0,2,0,1,0,0,1,0,0.0,0.0,0.0,255000.0
10642230,0,0.0,1.0,0.0,0.0,0.0,1.0,0.0,0.0,0.0,0.0,0.0,0.0,0.0,0.0,0.0,0.0,0.0,1.0,0.09081632653061225,0.09090909090909091,0.09090909090909091,0.0,0.1111111111111111,0,2,1,1,0,0,0,1,0.0,0.0,0.0,298500.0
10642213,1,0.0,1.0,0.0,0.0,0.0,0.0,0.0,0.0,1.0,0.0,0.0,0.0,0.0,0.0,0.0,0.0,0.0,1.0,0.1326530612244898,0.1818181818181818,0.09090909090909091,0.0,0.1111111111111111,3,4,0,1,0,0,1,0,0.6,0.0,0.0009527905575612964,319000.0
10642247,0,0.0,0.0,1.0,0.0,0.0,0.0,0.0,0.0,0.0,0.0,0.0,0.0,1.0,0.0,0.0,0.0,0.0,1.0,0.09387755102040818,0.09090909090909091,0.09090909090909091,0.0,0.05555555555555555,0,5,0,0,0,0,0,1,0.0,0.02,0.0,185000.0
10642260,0,0.0,1.0,0.0,0.0,0.0,0.0,0.0,0.0,0.0,0.0,0.0,0.0,0.0,1.0,0.0,0.0,0.0,1.0,0.06122448979591837,0.09090909090909091,0.18181818181818182,0.0,0.05555555555555555,3,5,1,0,0,0,0,1,0.0,1.0,0.0,675000.0
10511202,1,0.0,0.0,1.0,0.0,0.0,0.0,0.0,1.0,0.0,0.0,0.0,0.0,0.0,0.0,0.0,0.0,0.0,1.0,0.10714285714285715,0.09090909090909091,0.18181818181818182,0.14285714285714285,0.1111111111111111,0,3,0,0,0,0,1,1,0.16,0.3,0.00019349259638636528,238000.0
10642300,0,0.0,1.0,0.0,0.0,0.0,0.0,0.0,0.0,0.0,0.0,0.0,0.0,0.0,1.0,0.0,0.0,1.0,0.0,0.09183673469387757,0.1818181818181818,0.18181818181818182,0.14285714285714285,0.1111111111111111,1,1,1,0,0,0,0,1,0.0,0.0,0.0,2295000.0
10642320,0,0.0,1.0,0.0,1.0,0.0,0.0,0.0,0.0,0.0,0.0,0.0,0.0,0.0,0.0,0.0,0.0,0.0,1.0,0.07346938775510206,0.09090909090909091,0.09090909090909091,0.0,0.05555555555555555,3,2,0,1,0,0,0,1,0.0,0.14,0.0,269000.0
10642341,0,0.0,1.0,0.0,0.0,0.0,0.0,0.0,0.0,0.0,0.0,0.0,0.0,0.0,1.0,0.0,0.0,1.0,0.0,0.025510204081632654,0.0,0.0,0.0,0.05555555555555555,2,6,1,0,0,0,0,1,0.0,0.0,0.0,189000.0
10642358,0,1.0,0.0,0.0,0.0,1.0,0.0,0.0,0.0,0.0,0.0,0.0,0.0,0.0,0.0,1.0,0.0,0.0,0.0,0.0816326530612245,0.1818181818181818,0.09090909090909091,0.0,0.1111111111111111,5,0,0,0,0,0,0,0,0.0,0.0,0.0,259000.0
10642326,0,0.0,1.0,0.0,0.0,0.0,0.0,0.0,0.0,0.0,0.0,0.0,0.0,0.0,1.0,0.0,0.0,0.0,1.0,0.04897959183673469,0.09090909090909091,0.09090909090909091,0.0,0.05555555555555555,1,2,1,0,0,0,0,1,0.0,0.0,0.0,249000.0
10642290,0,0.0,1.0,0.0,0.0,0.0,0.0,0.0,0.0,0.0,0.0,0.0,0.0,0.0,1.0,0.0,0.0,1.0,0.0,0.0653061224489796,0.09090909090909091,0.18181818181818182,0.0,0.1111111111111111,0,0,1,0,0,0,0,1,0.0,0.05,0.0,645000.0
10642342,0,0.0,1.0,0.0,0.0,0.0,0.0,0.0,0.0,0.0,0.0,0.0,0.0,0.0,1.0,0.0,0.0,1.0,0.0,0.07142857142857142,0.09090909090909091,0.0,0.0,0.05555555555555555,1,2,1,0,0,0,0,1,0.0,0.0,0.0,239000.0
10642374,0,0.0,1.0,0.0,1.0,0.0,0.0,0.0,0.0,0.0,0.0,0.0,0.0,0.0,0.0,0.0,0.0,1.0,0.0,0.09897959183673471,0.09090909090909091,0.09090909090909091,0.0,0.05555555555555555,3,3,1,0,0,0,0,1,0.0,0.0,0.0,319000.0
10642384,0,0.0,1.0,0.0,0.0,0.0,1.0,0.0,0.0,0.0,0.0,0.0,0.0,0.0,0.0,1.0,0.0,0.0,0.0,0.09183673469387757,0.09090909090909091,0.09090909090909091,0.0,0.0,1,1,1,0,0,0,1,1,0.0,0.0,0.0,485000.0
10642385,0,0.0,1.0,0.0,0.0,0.0,0.0,0.0,0.0,0.0,0.0,0.0,0.0,0.0,1.0,0.0,0.0,1.0,0.0,0.08673469387755103,0.1818181818181818,0.2727272727272727,0.0,0.05555555555555555,2,2,1,0,0,0,1,1,0.0,0.22,0.0,1250000.0
10380241,0,0.0,0.0,1.0,0.0,0.0,0.0,0.0,0.0,0.0,0.0,1.0,0.0,0.0,0.0,0.0,0.0,0.0,1.0,0.22959183673469388,0.36363636363636365,0.0,0.0,0.1111111111111111,0,0,0,1,0,0,0,1,0.0,0.38,0.0,320000.0
10642390,0,0.0,1.0,0.0,0.0,0.0,1.0,0.0,0.0,0.0,0.0,0.0,0.0,0.0,0.0,0.0,0.0,0.0,1.0,0.12551020408163266,0.1818181818181818,0.09090909090909091,0.0,0.0,0,0,1,0,0,0,1,1,0.0,0.08,0.0,395000.0
10642399,0,0.0,0.0,1.0,0.0,0.0,0.0,0.0,0.0,0.0,1.0,0.0,0.0,0.0,0.0,0.0,0.0,0.0,1.0,0.08979591836734696,0.09090909090909091,0.09090909090909091,0.0,0.05555555555555555,1,2,0,0,0,0,0,1,0.0,0.06,0.0,271230.0
10642395,0,0.0,1.0,0.0,0.0,0.0,0.0,0.0,0.0,0.0,0.0,0.0,0.0,0.0,1.0,0.0,0.0,0.0,1.0,0.10204081632653061,0.1818181818181818,0.2727272727272727,0.0,0.1111111111111111,3,2,1,0,0,0,0,1,0.0,0.0,0.0,395000.0
10642391,0,0.0,1.0,0.0,0.0,0.0,1.0,0.0,0.0,0.0,0.0,0.0,0.0,0.0,0.0,0.0,0.0,1.0,0.0,0.04387755102040817,0.0,0.09090909090909091,0.0,0.05555555555555555,1,2,1,0,0,0,1,1,0.0,0.04,0.0,170000.0
10642394,0,0.0,1.0,0.0,0.0,0.0,0.0,0.0,0.0,0.0,0.0,0.0,0.0,0.0,1.0,0.0,0.0,0.0,1.0,0.06224489795918368,0.09090909090909091,0.09090909090909091,0.0,0.05555555555555555,0,2,1,1,0,0,0,0,0.0,0.0,0.0,320000.0
10642415,0,0.0,0.0,1.0,0.0,0.0,0.0,0.0,0.0,0.0,1.0,0.0,0.0,0.0,0.0,0.0,1.0,0.0,0.0,0.015306122448979595,0.0,0.09090909090909091,0.07142857142857142,0.05555555555555555,3,4,1,0,0,0,0,1,0.0,0.04,0.0,105000.0
10642401,0,0.0,1.0,0.0,1.0,0.0,0.0,0.0,0.0,0.0,0.0,0.0,0.0,0.0,0.0,1.0,0.0,0.0,0.0,0.10714285714285715,0.09090909090909091,0.09090909090909091,0.0,0.1111111111111111,1,1,1,0,0,0,0,1,0.0,0.53,0.0,545000.0
10642405,0,0.0,1.0,0.0,1.0,0.0,0.0,0.0,0.0,0.0,0.0,0.0,0.0,0.0,0.0,0.0,1.0,0.0,0.0,0.10714285714285715,0.1818181818181818,0.09090909090909091,0.0,0.05555555555555555,2,3,1,1,0,0,0,1,0.0,0.04,0.0,295000.0
10642427,0,0.0,1.0,0.0,0.0,0.0,0.0,1.0,0.0,0.0,0.0,0.0,0.0,0.0,0.0,0.0,1.0,0.0,0.0,0.06632653061224492,0.09090909090909091,0.09090909090909091,0.0,0.05555555555555555,0,3,0,0,0,0,0,0,0.0,0.0,0.0,285000.0
10642445,0,0.0,0.0,1.0,0.0,0.0,0.0,0.0,0.0,0.0,0.0,0.0,1.0,0.0,0.0,1.0,0.0,0.0,0.0,0.07142857142857142,0.09090909090909091,0.09090909090909091,0.0,0.05555555555555555,1,1,1,0,0,0,0,0,0.0,0.0,0.0,275000.0
10642450,0,0.0,0.0,1.0,0.0,0.0,0.0,0.0,1.0,0.0,0.0,0.0,0.0,0.0,0.0,0.0,0.0,0.0,1.0,0.06122448979591837,0.0,0.0,0.07142857142857142,0.05555555555555555,1,3,0,0,0,0,0,0,0.0,0.0,0.0,143000.0
10642452,0,0.0,0.0,1.0,0.0,0.0,0.0,0.0,0.0,0.0,0.0,0.0,0.0,1.0,0.0,0.0,0.0,1.0,0.0,0.020408163265306124,0.0,0.09090909090909091,0.0,0.05555555555555555,3,7,0,0,0,0,0,0,0.0,0.0,0.0,160000.0
10642470,0,1.0,0.0,0.0,0.0,1.0,0.0,0.0,0.0,0.0,0.0,0.0,0.0,0.0,0.0,0.0,1.0,0.0,0.0,0.06632653061224492,0.09090909090909091,0.09090909090909091,0.0,0.05555555555555555,3,5,0,0,0,0,0,0,0.0,0.0,0.0,290000.0
10642528,0,0.0,0.0,1.0,0.0,0.0,0.0,0.0,0.0,0.0,1.0,0.0,0.0,0.0,0.0,0.0,1.0,0.0,0.0,0.06122448979591837,0.1818181818181818,0.09090909090909091,0.07142857142857142,0.05555555555555555,4,7,0,0,0,0,0,1,0.0,0.04,0.0,149500.0
10642473,0,0.0,1.0,0.0,1.0,0.0,0.0,0.0,0.0,0.0,0.0,0.0,0.0,0.0,0.0,0.0,0.0,0.0,1.0,0.07857142857142857,0.09090909090909091,0.0,0.0,0.0,0,0,0,0,0,0,0,1,0.0,0.12,0.0,210000.0
10642536,0,0.0,0.0,1.0,0.0,0.0,0.0,0.0,0.0,0.0,0.0,0.0,1.0,0.0,0.0,1.0,0.0,0.0,0.0,0.07448979591836735,0.09090909090909091,0.0,0.07142857142857142,0.1111111111111111,0,2,0,1,0,0,1,1,0.0,0.29,0.0,390000.0
10642534,0,0.0,1.0,0.0,1.0,0.0,0.0,0.0,0.0,0.0,0.0,0.0,0.0,0.0,0.0,0.0,0.0,1.0,0.0,0.06836734693877553,0.0,0.0,0.0,0.0,1,2,0,0,0,0,0,0,0.0,0.0,0.0,224000.0
10642538,0,0.0,0.0,1.0,0.0,0.0,0.0,0.0,0.0,0.0,0.0,0.0,1.0,0.0,0.0,1.0,0.0,0.0,0.0,0.11530612244897961,0.1818181818181818,0.0,0.0,0.0,0,3,1,0,0,0,0,1,0.0,0.0,0.0,320000.0
10642546,0,1.0,0.0,0.0,0.0,1.0,0.0,0.0,0.0,0.0,0.0,0.0,0.0,0.0,0.0,0.0,0.0,0.0,1.0,0.09081632653061225,0.1818181818181818,0.09090909090909091,0.07142857142857142,0.1111111111111111,3,5,1,1,0,0,0,1,0.0,0.1,0.0,338000.0
10642568,0,0.0,1.0,0.0,0.0,0.0,0.0,0.0,0.0,0.0,0.0,0.0,0.0,0.0,1.0,0.0,0.0,1.0,0.0,0.07142857142857142,0.09090909090909091,0.09090909090909091,0.07142857142857142,0.05555555555555555,1,1,1,0,0,0,0,1,0.0,0.01,0.0,749000.0
10642574,0,1.0,0.0,0.0,0.0,1.0,0.0,0.0,0.0,0.0,0.0,0.0,0.0,0.0,0.0,0.0,0.0,0.0,1.0,0.07653061224489796,0.09090909090909091,0.0,0.07142857142857142,0.05555555555555555,3,4,0,0,0,0,0,1,0.0,0.01,0.0,375000.0
10642584,0,0.0,1.0,0.0,0.0,0.0,0.0,0.0,0.0,0.0,0.0,0.0,0.0,0.0,1.0,0.0,0.0,0.0,1.0,0.012244897959183675,0.0,0.0,0.07142857142857142,0.05555555555555555,0,0,0,0,0,0,0,0,0.0,0.0,0.0,125000.0
10642616,0,0.0,1.0,0.0,0.0,0.0,1.0,0.0,0.0,0.0,0.0,0.0,0.0,0.0,0.0,0.0,0.0,1.0,0.0,0.05408163265306123,0.09090909090909091,0.09090909090909091,0.0,0.05555555555555555,2,2,1,0,0,0,0,1,0.0,0.09,0.0,253000.0
10642594,0,1.0,0.0,0.0,0.0,1.0,0.0,0.0,0.0,0.0,0.0,0.0,0.0,0.0,0.0,0.0,0.0,0.0,1.0,0.10510204081632654,0.1818181818181818,0.09090909090909091,0.0,0.05555555555555555,3,4,1,0,0,0,0,1,0.0,0.11,0.0,435000.0
10642637,0,1.0,0.0,0.0,0.0,1.0,0.0,0.0,0.0,0.0,0.0,0.0,0.0,0.0,0.0,0.0,0.0,1.0,0.0,0.09081632653061225,0.09090909090909091,0.09090909090909091,0.07142857142857142,0.1111111111111111,3,3,1,0,0,0,0,1,0.0,0.05,0.0,399000.0
10642627,0,0.0,1.0,0.0,0.0,0.0,0.0,0.0,0.0,0.0,0.0,0.0,0.0,0.0,1.0,0.0,0.0,1.0,0.0,0.0326530612244898,0.0,0.09090909090909091,0.0,0.05555555555555555,0,3,1,0,0,0,0,0,0.0,0.0,0.0,395000.0
10642595,0,0.0,1.0,0.0,1.0,0.0,0.0,0.0,0.0,0.0,0.0,0.0,0.0,0.0,0.0,0.0,0.0,0.0,1.0,0.07448979591836735,0.09090909090909091,0.09090909090909091,0.0,0.05555555555555555,3,2,1,0,0,0,0,1,0.0,0.06,0.0,247500.0
10642679,0,0.0,1.0,0.0,0.0,0.0,1.0,0.0,0.0,0.0,0.0,0.0,0.0,0.0,0.0,1.0,0.0,0.0,0.0,0.13979591836734695,0.09090909090909091,0.09090909090909091,0.0,0.0,3,3,0,0,0,0,0,1,0.0,0.16,0.0,525000.0
10642719,1,0.0,1.0,0.0,0.0,0.0,1.0,0.0,0.0,0.0,0.0,0.0,0.0,0.0,0.0,0.0,0.0,0.0,1.0,0.12142857142857144,0.1818181818181818,0.09090909090909091,0.0,0.05555555555555555,3,2,0,0,0,0,1,1,0.2,0.24,0.0004906091898895992,370000.0
10642700,0,0.0,0.0,1.0,0.0,0.0,0.0,0.0,0.0,0.0,1.0,0.0,0.0,0.0,0.0,0.0,0.0,0.0,1.0,0.14285714285714288,0.2727272727272727,0.09090909090909091,0.0,0.1111111111111111,2,4,0,0,0,0,0,1,0.0,0.15,0.0,315000.0
10642710,0,0.0,1.0,0.0,1.0,0.0,0.0,0.0,0.0,0.0,0.0,0.0,0.0,0.0,0.0,0.0,0.0,1.0,0.0,0.08265306122448982,0.1818181818181818,0.09090909090909091,0.0,0.05555555555555555,1,0,1,0,0,0,0,1,0.0,0.1,0.0,360000.0
10642686,0,0.0,1.0,0.0,0.0,0.0,0.0,1.0,0.0,0.0,0.0,0.0,0.0,0.0,0.0,0.0,0.0,0.0,1.0,0.07040816326530613,0.09090909090909091,0.09090909090909091,0.0,0.05555555555555555,1,1,1,0,0,0,0,1,0.0,0.17,0.0,369000.0
10642740,0,0.0,1.0,0.0,0.0,0.0,0.0,0.0,0.0,0.0,0.0,0.0,0.0,0.0,1.0,0.0,0.0,1.0,0.0,0.04081632653061225,0.09090909090909091,0.09090909090909091,0.0,0.0,1,2,1,0,0,0,0,1,0.0,0.0,0.0,935000.0
10642731,0,0.0,1.0,0.0,0.0,0.0,0.0,0.0,0.0,0.0,0.0,0.0,0.0,0.0,1.0,1.0,0.0,0.0,0.0,0.05510204081632653,0.09090909090909091,0.09090909090909091,0.07142857142857142,0.05555555555555555,1,3,0,0,0,0,0,1,0.0,0.06,0.0,270000.0
10642770,0,0.0,1.0,0.0,0.0,0.0,0.0,0.0,0.0,0.0,0.0,0.0,0.0,0.0,1.0,0.0,0.0,1.0,0.0,0.08571428571428572,0.1818181818181818,0.2727272727272727,0.0,0.0,1,2,1,0,0,0,0,1,0.0,0.0,0.0,1250000.0
10642772,0,0.0,1.0,0.0,0.0,0.0,1.0,0.0,0.0,0.0,0.0,0.0,0.0,0.0,0.0,0.0,0.0,0.0,1.0,0.07448979591836735,0.09090909090909091,0.09090909090909091,0.0,0.1111111111111111,1,1,1,0,0,0,1,1,0.0,0.21,0.0,339000.0
10642812,0,0.0,1.0,0.0,1.0,0.0,0.0,0.0,0.0,0.0,0.0,0.0,0.0,0.0,0.0,0.0,0.0,1.0,0.0,0.06632653061224492,0.09090909090909091,0.09090909090909091,0.0,0.05555555555555555,2,3,1,1,0,0,0,1,0.0,0.08,0.0,235000.0
10642780,0,0.0,1.0,0.0,1.0,0.0,0.0,0.0,0.0,0.0,0.0,0.0,0.0,0.0,0.0,0.0,0.0,0.0,1.0,0.06632653061224492,0.09090909090909091,0.09090909090909091,0.0,0.0,2,3,1,0,0,0,0,1,0.0,0.03,0.0,209900.0
10642784,0,0.0,1.0,0.0,0.0,0.0,0.0,0.0,0.0,0.0,0.0,0.0,0.0,0.0,1.0,0.0,0.0,0.0,1.0,0.06632653061224492,0.09090909090909091,0.09090909090909091,0.0,0.0,4,3,0,0,0,0,0,0,0.0,0.0,0.0,335000.0
10642774,0,0.0,1.0,0.0,0.0,0.0,0.0,1.0,0.0,0.0,0.0,0.0,0.0,0.0,0.0,0.0,0.0,1.0,0.0,0.07448979591836735,0.0,0.09090909090909091,0.0,0.05555555555555555,1,2,0,0,0,0,1,1,0.048,0.25,0.0,259000.0
10642843,0,0.0,0.0,1.0,0.0,0.0,0.0,0.0,0.0,0.0,0.0,0.0,0.0,1.0,0.0,0.0,0.0,0.0,1.0,0.13877551020408166,0.1818181818181818,0.18181818181818182,0.0,0.0,0,0,0,0,0,0,0,1,0.0,0.9,0.0,599000.0
10642821,0,0.0,0.0,1.0,0.0,0.0,0.0,0.0,0.0,0.0,0.0,0.0,0.0,1.0,0.0,0.0,0.0,0.0,1.0,0.08775510204081632,0.09090909090909091,0.09090909090909091,0.0,0.0,0,0,1,0,0,0,0,1,0.0,0.14,0.0,367400.0
10511782,1,1.0,0.0,0.0,0.0,1.0,0.0,0.0,0.0,0.0,0.0,0.0,0.0,0.0,0.0,0.0,1.0,0.0,0.0,0.9153061224489797,0.6363636363636364,0.0,0.0,0.0,5,0,0,0,0,0,0,0,0.0,0.0,0.00020174583509478846,799000.0
10642872,0,0.0,1.0,0.0,0.0,0.0,0.0,0.0,0.0,0.0,0.0,0.0,0.0,0.0,1.0,0.0,0.0,0.0,1.0,0.05306122448979592,0.09090909090909091,0.09090909090909091,0.0,0.05555555555555555,1,1,1,0,0,0,0,0,0.0,0.0,0.0,274500.0
10642902,1,0.0,1.0,0.0,1.0,0.0,0.0,0.0,0.0,0.0,0.0,0.0,0.0,0.0,0.0,0.0,0.0,1.0,0.0,0.17244897959183675,0.1818181818181818,0.09090909090909091,0.0,0.1111111111111111,2,2,0,0,0,0,1,1,0.045,0.1,0.0,449000.0
10511852,1,0.0,0.0,1.0,0.0,0.0,0.0,0.0,1.0,0.0,0.0,0.0,0.0,0.0,0.0,0.0,1.0,0.0,0.0,0.15510204081632656,0.1818181818181818,0.18181818181818182,0.0,0.0,3,5,0,1,0,0,0,0,0.0,0.0,0.0,355000.0
10642906,0,0.0,1.0,0.0,0.0,0.0,1.0,0.0,0.0,0.0,0.0,0.0,0.0,0.0,0.0,1.0,0.0,0.0,0.0,0.07040816326530613,0.09090909090909091,0.09090909090909091,0.0,0.05555555555555555,3,2,0,0,0,0,0,0,0.0,0.0,0.0,229000.0
10642936,0,1.0,0.0,0.0,0.0,1.0,0.0,0.0,0.0,0.0,0.0,0.0,0.0,0.0,0.0,0.0,1.0,0.0,0.0,0.036734693877551024,0.0,0.09090909090909091,0.0,0.05555555555555555,3,4,1,0,0,0,0,0,0.0,0.0,0.0,170000.0
10642934,0,0.0,1.0,0.0,0.0,0.0,1.0,0.0,0.0,0.0,0.0,0.0,0.0,0.0,0.0,1.0,0.0,0.0,0.0,0.04693877551020408,0.0,0.09090909090909091,0.0,0.05555555555555555,1,0,1,0,0,0,0,1,0.0,0.05,0.0,315000.0
10642941,0,0.0,0.0,1.0,0.0,0.0,0.0,0.0,1.0,0.0,0.0,0.0,0.0,0.0,0.0,1.0,0.0,0.0,0.0,0.028571428571428574,0.0,0.0,0.07142857142857142,0.05555555555555555,1,1,1,0,0,0,0,1,0.0,0.05,0.0,159750.0
10642938,0,0.0,1.0,0.0,1.0,0.0,0.0,0.0,0.0,0.0,0.0,0.0,0.0,0.0,0.0,0.0,0.0,0.0,1.0,0.07142857142857142,0.1818181818181818,0.09090909090909091,0.0,0.1111111111111111,1,0,0,0,0,1,0,1,0.0,0.15,0.0,349000.0
10642943,0,0.0,0.0,1.0,0.0,0.0,0.0,0.0,0.0,0.0,0.0,0.0,0.0,1.0,0.0,0.0,0.0,0.0,1.0,0.2142857142857143,0.1818181818181818,0.18181818181818182,0.0,0.0,0,0,0,0,0,0,0,0,0.0,0.0,0.0,699000.0
10642958,0,0.0,0.0,1.0,0.0,0.0,0.0,0.0,0.0,0.0,0.0,0.0,0.0,1.0,0.0,0.0,0.0,0.0,1.0,0.051020408163265314,0.1818181818181818,0.0,0.07142857142857142,0.05555555555555555,1,0,0,0,0,0,0,0,0.0,0.0,0.0,325000.0
10642991,0,0.0,1.0,0.0,0.0,0.0,0.0,0.0,0.0,0.0,0.0,0.0,0.0,0.0,1.0,0.0,0.0,1.0,0.0,0.030612244897959183,0.0,0.09090909090909091,0.07142857142857142,0.05555555555555555,3,2,1,0,0,0,0,0,0.0,0.0,0.0,174000.0
10643027,0,0.0,1.0,0.0,0.0,0.0,0.0,0.0,0.0,0.0,0.0,0.0,0.0,0.0,1.0,0.0,0.0,1.0,0.0,0.03571428571428572,0.0,0.09090909090909091,0.0,0.0,3,1,1,0,0,0,0,0,0.0,0.0,0.0,270000.0
10643003,0,0.0,0.0,1.0,0.0,0.0,0.0,0.0,0.0,0.0,0.0,0.0,1.0,0.0,0.0,0.0,0.0,0.0,1.0,0.09489795918367347,0.1818181818181818,0.09090909090909091,0.07142857142857142,0.1111111111111111,1,0,0,0,0,0,1,1,0.0,0.35000000000000003,0.0,199900.0
10643028,0,0.0,1.0,0.0,0.0,0.0,0.0,0.0,0.0,0.0,0.0,0.0,0.0,0.0,1.0,0.0,0.0,0.0,1.0,0.06632653061224492,0.09090909090909091,0.09090909090909091,0.0,0.05555555555555555,1,2,1,0,0,0,0,1,0.0,0.08,0.0,350000.0
10643026,0,0.0,1.0,0.0,0.0,0.0,0.0,0.0,0.0,0.0,0.0,0.0,0.0,0.0,1.0,0.0,0.0,1.0,0.0,0.051020408163265314,0.09090909090909091,0.09090909090909091,0.0,0.05555555555555555,2,4,1,0,0,0,0,0,0.0,0.0,0.0,320000.0
10643019,0,0.0,1.0,0.0,1.0,0.0,0.0,0.0,0.0,0.0,0.0,0.0,0.0,0.0,0.0,0.0,0.0,0.0,1.0,0.06326530612244899,0.1818181818181818,0.09090909090909091,0.0,0.05555555555555555,3,4,1,0,0,0,0,1,0.0,0.07,0.0,204000.0
10643043,0,1.0,0.0,0.0,0.0,1.0,0.0,0.0,0.0,0.0,0.0,0.0,0.0,0.0,0.0,0.0,1.0,0.0,0.0,0.1326530612244898,0.09090909090909091,0.18181818181818182,0.07142857142857142,0.16666666666666666,4,3,1,0,0,0,1,0,0.27,0.0,0.0,650000.0
10511972,1,0.0,0.0,1.0,0.0,0.0,0.0,0.0,0.0,0.0,0.0,0.0,1.0,0.0,0.0,0.0,0.0,0.0,1.0,0.1836734693877551,0.2727272727272727,0.09090909090909091,0.0,0.05555555555555555,0,5,0,0,0,0,0,0,0.0,0.0,0.0009115243640191806,185000.0
10511957,0,0.0,0.0,1.0,0.0,0.0,0.0,0.0,1.0,0.0,0.0,0.0,0.0,0.0,0.0,1.0,0.0,0.0,0.0,0.07551020408163267,0.09090909090909091,0.09090909090909091,0.0,0.05555555555555555,3,3,0,1,0,0,0,0,0.0,0.0,0.0,144000.0
10643053,0,1.0,0.0,0.0,0.0,1.0,0.0,0.0,0.0,0.0,0.0,0.0,0.0,0.0,0.0,1.0,0.0,0.0,0.0,0.014285714285714284,0.0,0.09090909090909091,0.0,0.05555555555555555,3,3,1,0,0,0,0,0,0.0,0.0,0.0,138000.0
10643057,0,1.0,0.0,0.0,0.0,1.0,0.0,0.0,0.0,0.0,0.0,0.0,0.0,0.0,0.0,0.0,1.0,0.0,0.0,0.1326530612244898,0.09090909090909091,0.18181818181818182,0.07142857142857142,0.1111111111111111,5,3,1,0,0,0,1,1,0.27,0.0,0.0,650000.0
10643054,0,0.0,1.0,0.0,0.0,0.0,0.0,1.0,0.0,0.0,0.0,0.0,0.0,0.0,0.0,0.0,0.0,0.0,1.0,0.06224489795918368,0.09090909090909091,0.09090909090909091,0.0,0.05555555555555555,3,2,0,0,0,0,0,1,0.0,0.33,0.0,295000.0
10643058,0,1.0,0.0,0.0,0.0,1.0,0.0,0.0,0.0,0.0,0.0,0.0,0.0,0.0,0.0,0.0,0.0,1.0,0.0,0.08673469387755103,0.09090909090909091,0.09090909090909091,0.14285714285714285,0.1111111111111111,3,4,1,0,0,0,0,1,0.0,0.42,0.0,399000.0
10643074,0,0.0,1.0,0.0,1.0,0.0,0.0,0.0,0.0,0.0,0.0,0.0,0.0,0.0,0.0,0.0,1.0,0.0,0.0,0.07346938775510206,0.0,0.09090909090909091,0.0,0.05555555555555555,0,2,1,0,0,0,0,1,0.0,0.08,0.0,295000.0
10643071,0,0.0,0.0,1.0,0.0,0.0,0.0,0.0,0.0,0.0,1.0,0.0,0.0,0.0,0.0,0.0,0.0,1.0,0.0,0.20714285714285716,0.2727272727272727,0.18181818181818182,0.0,0.1111111111111111,0,0,1,0,0,0,0,1,0.0,0.52,0.0,597000.0
10643089,0,1.0,0.0,0.0,0.0,1.0,0.0,0.0,0.0,0.0,0.0,0.0,0.0,0.0,0.0,0.0,0.0,0.0,1.0,0.06122448979591837,0.09090909090909091,0.09090909090909091,0.0,0.05555555555555555,3,2,1,0,0,0,0,1,0.0,0.16,0.0,285000.0
10643062,0,0.0,0.0,1.0,0.0,0.0,0.0,0.0,0.0,0.0,1.0,0.0,0.0,0.0,0.0,0.0,1.0,0.0,0.0,0.07142857142857142,0.09090909090909091,0.09090909090909091,0.07142857142857142,0.05555555555555555,4,4,0,0,0,0,0,0,0.0,0.0,0.0,139500.0
10643100,0,0.0,1.0,0.0,0.0,0.0,0.0,0.0,0.0,0.0,0.0,0.0,0.0,0.0,1.0,0.0,0.0,0.0,1.0,0.04081632653061225,0.09090909090909091,0.09090909090909091,0.0,0.05555555555555555,3,4,1,1,0,0,0,1,0.0,0.08,0.0,315000.0
10643094,0,0.0,0.0,1.0,0.0,0.0,0.0,0.0,0.0,0.0,1.0,0.0,0.0,0.0,0.0,0.0,0.0,0.0,1.0,0.05612244897959184,0.09090909090909091,0.09090909090909091,0.0,0.1111111111111111,3,2,0,0,0,0,0,0,0.0,0.0,0.0,210000.0
10643103,0,0.0,1.0,0.0,1.0,0.0,0.0,0.0,0.0,0.0,0.0,0.0,0.0,0.0,0.0,0.0,0.0,0.0,1.0,0.17142857142857146,0.09090909090909091,0.18181818181818182,0.0,0.0,0,1,0,1,0,0,0,1,0.0,1.0,0.0,1200000.0
10643090,0,0.0,1.0,0.0,1.0,0.0,0.0,0.0,0.0,0.0,0.0,0.0,0.0,0.0,0.0,0.0,0.0,1.0,0.0,0.06632653061224492,0.1818181818181818,0.09090909090909091,0.07142857142857142,0.05555555555555555,1,2,0,0,0,0,0,1,0.0,0.06,0.0,275000.0
10643109,0,0.0,1.0,0.0,0.0,0.0,1.0,0.0,0.0,0.0,0.0,0.0,0.0,0.0,0.0,1.0,0.0,0.0,0.0,0.06428571428571428,0.09090909090909091,0.09090909090909091,0.0,0.05555555555555555,0,0,0,0,0,0,0,0,0.0,0.0,0.0,345000.0
10643133,0,0.0,1.0,0.0,1.0,0.0,0.0,0.0,0.0,0.0,0.0,0.0,0.0,0.0,0.0,0.0,0.0,1.0,0.0,0.09081632653061225,0.1818181818181818,0.09090909090909091,0.0,0.0,2,2,0,0,0,0,1,1,0.076,0.34,0.0,399000.0
10643145,0,1.0,0.0,0.0,0.0,1.0,0.0,0.0,0.0,0.0,0.0,0.0,0.0,0.0,0.0,0.0,1.0,0.0,0.0,0.07346938775510206,0.1818181818181818,0.09090909090909091,0.0,0.05555555555555555,4,0,1,0,0,0,0,1,0.0,0.02,0.0,285000.0
10643153,0,1.0,0.0,0.0,0.0,1.0,0.0,0.0,0.0,0.0,0.0,0.0,0.0,0.0,0.0,0.0,1.0,0.0,0.0,0.05612244897959184,0.09090909090909091,0.09090909090909091,0.0,0.05555555555555555,4,7,1,0,0,0,0,1,0.0,0.06,0.0,199500.0
10643151,0,0.0,1.0,0.0,0.0,0.0,1.0,0.0,0.0,0.0,0.0,0.0,0.0,0.0,0.0,0.0,0.0,1.0,0.0,0.1816326530612245,0.1818181818181818,0.18181818181818182,0.0,0.0,1,3,1,0,0,0,0,0,0.0,0.0,0.0,159000.0
10643164,0,0.0,1.0,0.0,0.0,0.0,0.0,0.0,0.0,1.0,0.0,0.0,0.0,0.0,0.0,0.0,0.0,0.0,1.0,0.09489795918367347,0.1818181818181818,0.18181818181818182,0.0,0.05555555555555555,0,0,1,0,0,0,1,1,0.0,0.0,0.0,323365.0
10643160,0,0.0,1.0,0.0,0.0,0.0,1.0,0.0,0.0,0.0,0.0,0.0,0.0,0.0,0.0,0.0,0.0,1.0,0.0,0.11224489795918369,0.1818181818181818,0.09090909090909091,0.0,0.05555555555555555,5,0,1,0,0,0,0,0,0.0,0.0,0.0,170000.0
10643165,0,0.0,1.0,0.0,0.0,0.0,0.0,0.0,0.0,1.0,0.0,0.0,0.0,0.0,0.0,0.0,0.0,0.0,1.0,0.10306122448979593,0.1818181818181818,0.09090909090909091,0.0,0.05555555555555555,0,0,1,0,0,0,1,1,0.0,0.0,0.0,317376.0
10643166,0,1.0,0.0,0.0,0.0,1.0,0.0,0.0,0.0,0.0,0.0,0.0,0.0,0.0,0.0,0.0,1.0,0.0,0.0,0.07755102040816328,0.0,0.09090909090909091,0.0,0.1111111111111111,3,5,1,0,0,0,0,0,0.0,0.0,0.0,475000.0
10643181,0,0.0,1.0,0.0,0.0,0.0,0.0,0.0,0.0,0.0,0.0,0.0,0.0,0.0,1.0,0.0,0.0,1.0,0.0,0.0816326530612245,0.1818181818181818,0.09090909090909091,0.0,0.05555555555555555,5,3,1,0,0,0,0,1,0.0,0.0,0.0,330000.0
10643188,0,1.0,0.0,0.0,0.0,1.0,0.0,0.0,0.0,0.0,0.0,0.0,0.0,0.0,0.0,0.0,0.0,0.0,1.0,0.04489795918367347,0.0,0.09090909090909091,0.0,0.05555555555555555,3,4,1,0,0,0,0,1,0.0,0.01,0.0,220000.0
10643192,0,0.0,1.0,0.0,0.0,0.0,1.0,0.0,0.0,0.0,0.0,0.0,0.0,0.0,0.0,0.0,0.0,0.0,1.0,0.07142857142857142,0.09090909090909091,0.09090909090909091,0.0,0.05555555555555555,0,2,0,0,0,0,0,1,0.0,0.0,0.0,225000.0
10643193,0,0.0,1.0,0.0,0.0,0.0,1.0,0.0,0.0,0.0,0.0,0.0,0.0,0.0,0.0,1.0,0.0,0.0,0.0,0.10204081632653061,0.1818181818181818,0.09090909090909091,0.0,0.1111111111111111,3,2,1,0,0,0,0,0,0.0,0.0,0.0,345000.0
10643199,0,0.0,1.0,0.0,0.0,0.0,0.0,0.0,0.0,0.0,0.0,0.0,0.0,0.0,1.0,0.0,0.0,0.0,1.0,0.0816326530612245,0.09090909090909091,0.09090909090909091,0.0,0.05555555555555555,1,2,1,0,0,0,1,1,0.0,0.0,0.0,295000.0
10643201,0,0.0,1.0,0.0,0.0,0.0,0.0,0.0,0.0,1.0,0.0,0.0,0.0,0.0,0.0,0.0,0.0,0.0,1.0,0.06428571428571428,0.0,0.09090909090909091,0.0,0.05555555555555555,3,1,0,0,0,0,0,1,0.0,0.0,0.0,210000.0
10643203,0,0.0,1.0,0.0,0.0,0.0,0.0,0.0,0.0,0.0,0.0,0.0,0.0,0.0,1.0,0.0,0.0,1.0,0.0,0.04489795918367347,0.09090909090909091,0.09090909090909091,0.0,0.0,1,2,1,0,0,0,0,1,0.0,0.0,0.0,1375000.0
10643223,0,0.0,1.0,0.0,0.0,0.0,0.0,0.0,0.0,0.0,0.0,0.0,0.0,0.0,1.0,0.0,0.0,0.0,1.0,0.013265306122448979,0.0,0.09090909090909091,0.0,0.05555555555555555,1,4,1,0,0,0,0,1,0.0,0.0,0.0,285000.0
10643204,0,0.0,1.0,0.0,0.0,0.0,0.0,0.0,0.0,0.0,0.0,0.0,0.0,0.0,1.0,0.0,0.0,1.0,0.0,0.06326530612244899,0.09090909090909091,0.18181818181818182,0.14285714285714285,0.05555555555555555,1,2,1,0,0,0,1,0,0.045,0.0,0.0,895000.0
10643217,0,0.0,1.0,0.0,0.0,0.0,0.0,1.0,0.0,0.0,0.0,0.0,0.0,0.0,0.0,0.0,0.0,1.0,0.0,0.0653061224489796,0.09090909090909091,0.09090909090909091,0.0,0.05555555555555555,0,2,1,0,0,0,0,0,0.0,0.0,0.0,225000.0
10643205,0,0.0,1.0,0.0,0.0,0.0,0.0,0.0,0.0,0.0,0.0,0.0,0.0,0.0,1.0,0.0,0.0,1.0,0.0,0.08061224489795918,0.1818181818181818,0.18181818181818182,0.07142857142857142,0.05555555555555555,0,2,1,0,0,0,0,1,0.0,0.0,0.0,1125000.0
10643244,0,1.0,0.0,0.0,0.0,1.0,0.0,0.0,0.0,0.0,0.0,0.0,0.0,0.0,0.0,0.0,0.0,0.0,1.0,0.06428571428571428,0.09090909090909091,0.09090909090909091,0.0,0.05555555555555555,0,0,1,0,0,0,0,1,0.0,0.13,0.0,280000.0
10643233,0,1.0,0.0,0.0,0.0,1.0,0.0,0.0,0.0,0.0,0.0,0.0,0.0,0.0,0.0,0.0,0.0,0.0,1.0,0.1459183673469388,0.1818181818181818,0.09090909090909091,0.0,0.1111111111111111,4,5,1,0,0,0,0,1,0.0,0.03,0.0,515000.0
10643252,0,1.0,0.0,0.0,0.0,1.0,0.0,0.0,0.0,0.0,0.0,0.0,0.0,0.0,0.0,0.0,1.0,0.0,0.0,0.05612244897959184,0.09090909090909091,0.0,0.07142857142857142,0.05555555555555555,0,7,0,0,0,0,0,1,0.0,0.2,0.0,225000.0
10643243,0,0.0,0.0,1.0,0.0,0.0,0.0,0.0,1.0,0.0,0.0,0.0,0.0,0.0,0.0,1.0,0.0,0.0,0.0,0.07448979591836735,0.09090909090909091,0.09090909090909091,0.0,0.05555555555555555,0,2,0,0,0,0,0,1,0.0,0.06,0.0,118000.0
10643253,0,0.0,1.0,0.0,0.0,0.0,0.0,0.0,0.0,1.0,0.0,0.0,0.0,0.0,0.0,0.0,0.0,0.0,1.0,0.12244897959183676,0.09090909090909091,0.09090909090909091,0.0,0.05555555555555555,1,0,1,0,0,1,0,1,0.0,0.12,0.0,319000.0
10643228,1,0.0,0.0,1.0,0.0,0.0,0.0,0.0,1.0,0.0,0.0,0.0,0.0,0.0,0.0,0.0,0.0,0.0,1.0,0.13673469387755105,0.1818181818181818,0.09090909090909091,0.0,0.1111111111111111,3,2,0,1,0,0,0,1,0.0,0.0,0.00028244416913270385,319000.0
10643257,0,0.0,1.0,0.0,0.0,0.0,0.0,0.0,0.0,0.0,0.0,0.0,0.0,0.0,1.0,0.0,0.0,0.0,1.0,0.07959183673469389,0.09090909090909091,0.09090909090909091,0.0,0.05555555555555555,3,2,0,0,0,0,0,1,0.0,0.0,0.0,199000.0
10643261,0,0.0,1.0,0.0,0.0,0.0,1.0,0.0,0.0,0.0,0.0,0.0,0.0,0.0,0.0,1.0,0.0,0.0,0.0,0.03877551020408163,0.0,0.09090909090909091,0.0,0.05555555555555555,3,5,0,0,0,0,0,0,0.0,0.0,0.0,235000.0
10643271,0,0.0,0.0,1.0,0.0,0.0,0.0,0.0,0.0,0.0,0.0,0.0,1.0,0.0,0.0,0.0,0.0,1.0,0.0,0.1326530612244898,0.1818181818181818,0.09090909090909091,0.07142857142857142,0.05555555555555555,4,3,0,0,0,0,0,1,0.0,0.4,0.0,269000.0
10643274,0,0.0,0.0,1.0,0.0,0.0,0.0,0.0,0.0,0.0,0.0,0.0,1.0,0.0,0.0,0.0,0.0,1.0,0.0,0.0653061224489796,0.09090909090909091,0.09090909090909091,0.07142857142857142,0.05555555555555555,4,4,0,0,0,0,0,0,0.0,0.0,0.0,135000.0
10643280,0,1.0,0.0,0.0,0.0,1.0,0.0,0.0,0.0,0.0,0.0,0.0,0.0,0.0,0.0,0.0,1.0,0.0,0.0,0.0816326530612245,0.1818181818181818,0.09090909090909091,0.0,0.0,3,4,0,0,0,0,0,1,0.0,0.0,0.0,229000.0
10643273,0,0.0,0.0,1.0,0.0,0.0,0.0,0.0,0.0,0.0,0.0,0.0,1.0,0.0,0.0,0.0,0.0,1.0,0.0,0.07346938775510206,0.09090909090909091,0.09090909090909091,0.07142857142857142,0.05555555555555555,4,4,0,0,0,0,0,0,0.0,0.0,0.0,155000.0
10643281,0,1.0,0.0,0.0,0.0,1.0,0.0,0.0,0.0,0.0,0.0,0.0,0.0,0.0,0.0,0.0,0.0,0.0,1.0,0.14489795918367349,0.09090909090909091,0.09090909090909091,0.0,0.05555555555555555,1,4,1,0,0,0,0,1,0.0,0.04,0.0,595000.0
10643282,0,1.0,0.0,0.0,0.0,1.0,0.0,0.0,0.0,0.0,0.0,0.0,0.0,0.0,0.0,0.0,0.0,0.0,1.0,0.14489795918367349,0.09090909090909091,0.09090909090909091,0.0,0.05555555555555555,1,4,1,0,0,0,0,1,0.0,0.04,0.0,595000.0
10643300,0,1.0,0.0,0.0,0.0,1.0,0.0,0.0,0.0,0.0,0.0,0.0,0.0,0.0,0.0,0.0,1.0,0.0,0.0,0.06122448979591837,0.09090909090909091,0.09090909090909091,0.0,0.05555555555555555,3,6,0,0,0,0,0,1,0.0,0.03,0.0,220000.0
10643313,0,1.0,0.0,0.0,0.0,1.0,0.0,0.0,0.0,0.0,0.0,0.0,0.0,0.0,0.0,0.0,1.0,0.0,0.0,0.031632653061224494,0.0,0.09090909090909091,0.0,0.05555555555555555,1,4,1,0,0,0,0,1,0.0,0.03,0.0,290000.0
10643319,0,1.0,0.0,0.0,0.0,1.0,0.0,0.0,0.0,0.0,0.0,0.0,0.0,0.0,0.0,0.0,1.0,0.0,0.0,0.1,0.1818181818181818,0.18181818181818182,0.07142857142857142,0.1111111111111111,3,3,0,0,0,0,0,0,0.0,0.0,0.0,465000.0
10643321,0,1.0,0.0,0.0,0.0,1.0,0.0,0.0,0.0,0.0,0.0,0.0,0.0,0.0,0.0,0.0,1.0,0.0,0.0,0.07142857142857142,0.09090909090909091,0.09090909090909091,0.42857142857142855,0.05555555555555555,3,3,0,0,0,0,0,0,0.0,0.0,0.0,385000.0
10643320,0,1.0,0.0,0.0,0.0,1.0,0.0,0.0,0.0,0.0,0.0,0.0,0.0,0.0,0.0,0.0,1.0,0.0,0.0,0.034693877551020415,0.0,0.09090909090909091,0.07142857142857142,0.05555555555555555,3,3,0,0,0,0,0,0,0.0,0.0,0.0,265000.0
10643322,0,1.0,0.0,0.0,0.0,1.0,0.0,0.0,0.0,0.0,0.0,0.0,0.0,0.0,0.0,0.0,1.0,0.0,0.0,0.05306122448979592,0.0,0.09090909090909091,0.07142857142857142,0.05555555555555555,3,3,0,0,0,0,0,0,0.0,0.0,0.0,285000.0
10643323,0,1.0,0.0,0.0,0.0,1.0,0.0,0.0,0.0,0.0,0.0,0.0,0.0,0.0,0.0,0.0,1.0,0.0,0.0,0.11020408163265308,0.1818181818181818,0.18181818181818182,0.07142857142857142,0.1111111111111111,3,4,0,0,0,0,0,0,0.0,0.0,0.0,480000.0
10643324,0,1.0,0.0,0.0,0.0,1.0,0.0,0.0,0.0,0.0,0.0,0.0,0.0,0.0,0.0,0.0,1.0,0.0,0.0,0.06020408163265307,0.09090909090909091,0.18181818181818182,0.2857142857142857,0.1111111111111111,3,3,0,0,0,0,0,0,0.0,0.0,0.0,365000.0
10643328,0,1.0,0.0,0.0,0.0,1.0,0.0,0.0,0.0,0.0,0.0,0.0,0.0,0.0,0.0,0.0,1.0,0.0,0.0,0.07448979591836735,0.09090909090909091,0.09090909090909091,0.07142857142857142,0.1111111111111111,3,5,0,0,0,0,1,1,0.03,0.03,0.0,375000.0
10643329,0,0.0,1.0,0.0,1.0,0.0,0.0,0.0,0.0,0.0,0.0,0.0,0.0,0.0,0.0,0.0,0.0,0.0,1.0,0.11020408163265308,0.1818181818181818,0.09090909090909091,0.0,0.1111111111111111,0,5,0,0,0,0,0,1,0.0,0.0,0.0,275000.0
10643325,0,1.0,0.0,0.0,0.0,1.0,0.0,0.0,0.0,0.0,0.0,0.0,0.0,0.0,0.0,0.0,1.0,0.0,0.0,0.1,0.1818181818181818,0.18181818181818182,0.07142857142857142,0.1111111111111111,3,3,0,0,0,0,0,0,0.0,0.0,0.0,465000.0
10643332,0,0.0,1.0,0.0,1.0,0.0,0.0,0.0,0.0,0.0,0.0,0.0,0.0,0.0,0.0,0.0,0.0,0.0,1.0,0.07959183673469389,0.1818181818181818,0.09090909090909091,0.0,0.05555555555555555,0,3,0,0,0,0,1,1,0.058,0.12,0.0,359000.0
10643339,0,0.0,1.0,0.0,0.0,0.0,0.0,0.0,0.0,0.0,0.0,0.0,0.0,0.0,1.0,0.0,0.0,1.0,0.0,0.04081632653061225,0.09090909090909091,0.09090909090909091,0.0,0.05555555555555555,1,2,1,0,0,0,0,1,0.0,0.0,0.0,935000.0
10643341,0,0.0,1.0,0.0,0.0,0.0,0.0,0.0,0.0,0.0,0.0,0.0,0.0,0.0,1.0,0.0,0.0,0.0,1.0,0.10306122448979593,0.09090909090909091,0.09090909090909091,0.0,0.0,2,2,0,0,0,0,0,0,0.0,0.0,0.0,249000.0
10643348,0,0.0,1.0,0.0,1.0,0.0,0.0,0.0,0.0,0.0,0.0,0.0,0.0,0.0,0.0,0.0,0.0,0.0,1.0,0.07346938775510206,0.09090909090909091,0.09090909090909091,0.0,0.05555555555555555,1,2,0,0,0,0,0,1,0.0,0.28,0.0,289000.0
10643340,0,0.0,1.0,0.0,0.0,0.0,1.0,0.0,0.0,0.0,0.0,0.0,0.0,0.0,0.0,0.0,0.0,1.0,0.0,0.10714285714285715,0.1818181818181818,0.09090909090909091,0.0,0.05555555555555555,1,0,1,0,0,0,0,0,0.0,0.0,0.0,329000.0
10643386,0,0.0,1.0,0.0,1.0,0.0,0.0,0.0,0.0,0.0,0.0,0.0,0.0,0.0,0.0,1.0,0.0,0.0,0.0,0.10918367346938776,0.09090909090909091,0.09090909090909091,0.0,0.1111111111111111,3,2,0,0,0,0,0,0,0.0,0.0,0.0,339000.0
10643364,0,0.0,1.0,0.0,0.0,0.0,0.0,1.0,0.0,0.0,0.0,0.0,0.0,0.0,0.0,0.0,0.0,1.0,0.0,0.05000000000000001,0.0,0.0,0.07142857142857142,0.05555555555555555,1,1,1,0,0,0,1,1,0.04,0.1,0.0,292000.0
10643367,0,0.0,1.0,0.0,1.0,0.0,0.0,0.0,0.0,0.0,0.0,0.0,0.0,0.0,0.0,0.0,0.0,0.0,1.0,0.07653061224489796,0.09090909090909091,0.09090909090909091,0.0,0.05555555555555555,1,0,0,0,0,0,0,1,0.0,0.0,0.0,329000.0
10643396,0,1.0,0.0,0.0,0.0,1.0,0.0,0.0,0.0,0.0,0.0,0.0,0.0,0.0,0.0,0.0,1.0,0.0,0.0,0.14285714285714288,0.1818181818181818,0.18181818181818182,0.0,0.0,3,0,0,0,0,0,0,1,0.0,0.02,0.0,555000.0
10381260,1,0.0,1.0,0.0,0.0,0.0,0.0,0.0,0.0,1.0,0.0,0.0,0.0,0.0,0.0,0.0,0.0,1.0,0.0,0.13673469387755105,0.2727272727272727,0.09090909090909091,0.0,0.1111111111111111,0,4,0,1,0,0,0,0,0.0,0.0,0.0006079885848538398,299000.0
10643395,0,0.0,1.0,0.0,1.0,0.0,0.0,0.0,0.0,0.0,0.0,0.0,0.0,0.0,0.0,0.0,0.0,0.0,1.0,0.18469387755102043,0.1818181818181818,0.18181818181818182,0.0,0.1111111111111111,2,2,1,0,0,0,0,1,0.0,0.1,0.0,424000.0
10643417,0,0.0,1.0,0.0,1.0,0.0,0.0,0.0,0.0,0.0,0.0,0.0,0.0,0.0,0.0,0.0,0.0,0.0,1.0,0.06122448979591837,0.09090909090909091,0.09090909090909091,0.0,0.0,0,2,1,0,0,0,0,1,0.0,0.15,0.0,169000.0
10643421,0,0.0,1.0,0.0,0.0,0.0,0.0,0.0,0.0,0.0,0.0,0.0,0.0,0.0,1.0,0.0,0.0,1.0,0.0,0.05408163265306123,0.09090909090909091,0.18181818181818182,0.14285714285714285,0.05555555555555555,2,4,0,0,0,0,0,1,0.0,0.0,0.0,495000.0
10643406,0,0.0,1.0,0.0,1.0,0.0,0.0,0.0,0.0,0.0,0.0,0.0,0.0,0.0,0.0,0.0,0.0,1.0,0.0,0.04489795918367347,0.09090909090909091,0.09090909090909091,0.0,0.05555555555555555,3,4,1,0,0,0,0,1,0.0,0.0,0.0,184000.0
10643432,1,0.0,0.0,1.0,0.0,0.0,0.0,0.0,1.0,0.0,0.0,0.0,0.0,0.0,0.0,0.0,1.0,0.0,0.0,0.1479591836734694,0.1818181818181818,0.18181818181818182,0.0,0.1111111111111111,2,7,0,1,0,0,0,0,0.0,0.0,0.0,229000.0
10643431,0,0.0,0.0,1.0,0.0,0.0,0.0,0.0,1.0,0.0,0.0,0.0,0.0,0.0,0.0,0.0,0.0,1.0,0.0,0.18877551020408165,0.36363636363636365,0.18181818181818182,0.0,0.1111111111111111,3,7,0,1,0,0,0,0,0.0,0.0,0.0,129000.0
10643423,0,0.0,1.0,0.0,0.0,0.0,0.0,0.0,0.0,0.0,0.0,0.0,0.0,0.0,1.0,0.0,0.0,1.0,0.0,0.16836734693877553,0.1818181818181818,0.2727272727272727,0.0,0.0,0,0,0,0,0,0,0,1,0.0,0.0,0.0,2795000.0
10643424,0,0.0,1.0,0.0,0.0,0.0,1.0,0.0,0.0,0.0,0.0,0.0,0.0,0.0,0.0,1.0,0.0,0.0,0.0,0.06224489795918368,0.0,0.09090909090909091,0.0,0.05555555555555555,3,2,0,0,0,0,0,1,0.0,0.02,0.0,299000.0
10643466,0,0.0,1.0,0.0,0.0,0.0,0.0,0.0,0.0,0.0,0.0,0.0,0.0,0.0,1.0,0.0,0.0,0.0,1.0,0.21020408163265308,0.1818181818181818,0.09090909090909091,0.0,0.05555555555555555,1,2,1,0,0,0,0,1,0.0,0.7000000000000001,0.0,399000.0
10643472,0,0.0,0.0,1.0,0.0,0.0,0.0,0.0,0.0,0.0,1.0,0.0,0.0,0.0,0.0,1.0,0.0,0.0,0.0,0.11530612244897961,0.1818181818181818,0.18181818181818182,0.0,0.05555555555555555,1,0,1,0,0,1,1,1,0.0,0.4,0.0,658000.0
10643455,0,1.0,0.0,0.0,0.0,1.0,0.0,0.0,0.0,0.0,0.0,0.0,0.0,0.0,0.0,0.0,0.0,0.0,1.0,0.05612244897959184,0.0,0.0,0.0,0.0,0,0,0,0,0,0,0,1,0.0,0.06,0.0,250000.0
10643486,0,0.0,1.0,0.0,0.0,0.0,0.0,0.0,0.0,0.0,0.0,0.0,0.0,0.0,1.0,0.0,0.0,0.0,1.0,0.08265306122448982,0.1818181818181818,0.18181818181818182,0.0,0.1111111111111111,0,3,1,0,0,0,0,1,0.0,0.0,0.0,895000.0
10643508,0,0.0,1.0,0.0,0.0,0.0,0.0,0.0,0.0,1.0,0.0,0.0,0.0,0.0,0.0,0.0,0.0,0.0,1.0,0.07244897959183674,0.09090909090909091,0.09090909090909091,0.0,0.05555555555555555,0,0,0,0,0,0,1,1,0.0,0.2,0.0,306100.0
10643507,0,0.0,1.0,0.0,0.0,0.0,0.0,0.0,0.0,1.0,0.0,0.0,0.0,0.0,0.0,0.0,0.0,0.0,1.0,0.07244897959183674,0.09090909090909091,0.09090909090909091,0.0,0.05555555555555555,0,0,1,0,0,0,1,1,0.0,0.0,0.0,255416.0
10643509,0,0.0,1.0,0.0,0.0,0.0,0.0,0.0,0.0,1.0,0.0,0.0,0.0,0.0,0.0,0.0,0.0,0.0,1.0,0.13469387755102044,0.1818181818181818,0.0,0.0,0.0,0,0,0,0,0,0,1,1,0.0,0.36,0.0,439200.0
10643497,0,0.0,1.0,0.0,0.0,0.0,1.0,0.0,0.0,0.0,0.0,0.0,0.0,0.0,0.0,1.0,0.0,0.0,0.0,0.10408163265306122,0.09090909090909091,0.09090909090909091,0.0,0.05555555555555555,3,2,0,0,0,0,0,1,0.0,0.98,0.0,449000.0
10643550,0,1.0,0.0,0.0,0.0,1.0,0.0,0.0,0.0,0.0,0.0,0.0,0.0,0.0,0.0,0.0,0.0,1.0,0.0,0.1326530612244898,0.1818181818181818,0.09090909090909091,0.07142857142857142,0.1111111111111111,1,7,1,0,0,0,0,1,0.0,0.0,0.0,495000.0
10643536,0,0.0,1.0,0.0,1.0,0.0,0.0,0.0,0.0,0.0,0.0,0.0,0.0,0.0,0.0,0.0,0.0,0.0,1.0,0.0653061224489796,0.09090909090909091,0.09090909090909091,0.0,0.05555555555555555,2,2,1,1,0,0,0,0,0.0,0.0,0.0,279000.0
10512462,0,0.0,1.0,0.0,1.0,0.0,0.0,0.0,0.0,0.0,0.0,0.0,0.0,0.0,0.0,0.0,0.0,0.0,1.0,0.06632653061224492,0.09090909090909091,0.09090909090909091,0.0,0.05555555555555555,3,2,0,1,0,0,0,1,0.0,0.02,0.0,235000.0
10643554,0,0.0,0.0,1.0,0.0,0.0,0.0,0.0,1.0,0.0,0.0,0.0,0.0,0.0,0.0,0.0,0.0,1.0,0.0,0.09897959183673471,0.1818181818181818,0.09090909090909091,0.07142857142857142,0.1111111111111111,0,1,1,1,0,0,0,1,0.0,0.08,0.0,278000.0
10643570,0,0.0,1.0,0.0,0.0,0.0,0.0,0.0,0.0,0.0,0.0,0.0,0.0,0.0,1.0,0.0,0.0,0.0,1.0,0.08469387755102042,0.1818181818181818,0.09090909090909091,0.0,0.05555555555555555,3,1,0,0,0,0,0,0,0.0,0.0,0.0,260000.0
10643587,0,0.0,1.0,0.0,0.0,0.0,0.0,0.0,0.0,1.0,0.0,0.0,0.0,0.0,0.0,0.0,0.0,0.0,1.0,0.10102040816326532,0.09090909090909091,0.09090909090909091,0.0,0.1111111111111111,3,2,1,0,0,0,1,1,0.027,0.08,0.0,295000.0
10643603,1,0.0,1.0,0.0,0.0,0.0,0.0,0.0,0.0,0.0,0.0,0.0,0.0,0.0,1.0,0.0,0.0,0.0,1.0,0.09591836734693879,0.1818181818181818,0.09090909090909091,0.0,0.1111111111111111,4,6,0,0,0,0,1,0,0.0,0.0,0.00010087291754739423,129000.0
10643607,0,0.0,1.0,0.0,0.0,0.0,1.0,0.0,0.0,0.0,0.0,0.0,0.0,0.0,0.0,0.0,0.0,0.0,1.0,0.10306122448979593,0.09090909090909091,0.09090909090909091,0.0,0.1111111111111111,3,0,1,0,0,0,1,0,0.0,0.0,0.0,399000.0
10643585,0,0.0,1.0,0.0,0.0,0.0,0.0,0.0,0.0,0.0,0.0,0.0,0.0,0.0,1.0,0.0,0.0,0.0,1.0,0.13367346938775512,0.1818181818181818,0.18181818181818182,0.0,0.05555555555555555,0,3,0,0,0,0,0,1,0.0,0.1,0.0,535000.0
10512553,0,1.0,0.0,0.0,0.0,1.0,0.0,0.0,0.0,0.0,0.0,0.0,0.0,0.0,0.0,0.0,1.0,0.0,0.0,0.022448979591836733,0.0,0.0,0.07142857142857142,0.05555555555555555,0,7,0,0,0,0,0,1,0.0,0.2,0.0,139000.0
10643608,0,0.0,1.0,0.0,0.0,0.0,0.0,0.0,0.0,1.0,0.0,0.0,0.0,0.0,0.0,0.0,0.0,0.0,1.0,0.08061224489795918,0.09090909090909091,0.09090909090909091,0.0,0.0,3,1,1,1,0,0,0,1,0.0,0.2,0.0,269000.0
10643686,0,0.0,1.0,0.0,1.0,0.0,0.0,0.0,0.0,0.0,0.0,0.0,0.0,0.0,0.0,0.0,0.0,0.0,1.0,0.1,0.09090909090909091,0.09090909090909091,0.0,0.1111111111111111,0,1,0,0,0,0,0,1,0.0,0.12,0.0,345000.0
10643667,0,0.0,1.0,0.0,0.0,0.0,1.0,0.0,0.0,0.0,0.0,0.0,0.0,0.0,0.0,0.0,1.0,0.0,0.0,0.13367346938775512,0.1818181818181818,0.09090909090909091,0.0,0.1111111111111111,3,5,1,0,0,0,0,1,0.0,0.6,0.0,478000.0
10643687,0,1.0,0.0,0.0,0.0,1.0,0.0,0.0,0.0,0.0,0.0,0.0,0.0,0.0,0.0,0.0,1.0,0.0,0.0,0.06326530612244899,0.09090909090909091,0.0,0.3571428571428571,0.2777777777777778,0,6,0,0,0,0,0,1,0.0,0.02,0.0,199000.0
10643698,1,0.0,0.0,1.0,0.0,0.0,0.0,0.0,0.0,0.0,1.0,0.0,0.0,0.0,0.0,0.0,0.0,0.0,1.0,0.0816326530612245,0.09090909090909091,0.09090909090909091,0.07142857142857142,0.05555555555555555,4,7,0,0,0,0,0,1,0.0,0.2,0.0,199000.0
10643690,0,1.0,0.0,0.0,0.0,1.0,0.0,0.0,0.0,0.0,0.0,0.0,0.0,0.0,0.0,0.0,1.0,0.0,0.0,0.0163265306122449,0.0,0.0,0.07142857142857142,0.05555555555555555,0,5,0,0,0,0,0,1,0.0,0.0,0.0,129000.0
10643726,0,0.0,1.0,0.0,0.0,0.0,0.0,1.0,0.0,0.0,0.0,0.0,0.0,0.0,0.0,0.0,0.0,0.0,1.0,0.27755102040816326,0.1818181818181818,0.09090909090909091,0.0,0.1111111111111111,3,3,0,0,0,0,0,1,0.0,1.0,0.0,549000.0
10643732,0,1.0,0.0,0.0,0.0,1.0,0.0,0.0,0.0,0.0,0.0,0.0,0.0,0.0,0.0,0.0,1.0,0.0,0.0,0.06020408163265307,0.09090909090909091,0.0,0.0,0.0,5,6,0,0,0,0,0,0,0.0,0.0,0.0,290000.0
10643745,0,1.0,0.0,0.0,0.0,1.0,0.0,0.0,0.0,0.0,0.0,0.0,0.0,0.0,0.0,0.0,1.0,0.0,0.0,0.07142857142857142,0.09090909090909091,0.09090909090909091,0.0,0.05555555555555555,1,4,1,0,0,0,0,1,0.0,0.0,0.0,299000.0
10643743,0,1.0,0.0,0.0,0.0,1.0,0.0,0.0,0.0,0.0,0.0,0.0,0.0,0.0,0.0,0.0,1.0,0.0,0.0,0.06122448979591837,0.09090909090909091,0.09090909090909091,0.0,0.0,0,0,0,0,0,0,0,0,0.0,0.0,0.0,160000.0
10643774,0,0.0,0.0,1.0,0.0,0.0,0.0,0.0,0.0,0.0,1.0,0.0,0.0,0.0,0.0,1.0,0.0,0.0,0.0,0.030612244897959183,0.0,0.09090909090909091,0.0,0.05555555555555555,3,2,1,0,0,0,0,1,0.0,0.0,0.0,105000.0
10643752,0,0.0,1.0,0.0,1.0,0.0,0.0,0.0,0.0,0.0,0.0,0.0,0.0,0.0,0.0,0.0,0.0,0.0,1.0,0.07040816326530613,0.09090909090909091,0.09090909090909091,0.0,0.05555555555555555,1,2,0,0,0,0,0,1,0.0,0.35000000000000003,0.0,275000.0
10643778,0,1.0,0.0,0.0,0.0,1.0,0.0,0.0,0.0,0.0,0.0,0.0,0.0,0.0,0.0,0.0,0.0,1.0,0.0,0.09897959183673471,0.09090909090909091,0.09090909090909091,0.0,0.1111111111111111,1,4,1,0,0,0,1,1,0.04,0.2,0.0,398000.0
10643779,0,0.0,1.0,0.0,1.0,0.0,0.0,0.0,0.0,0.0,0.0,0.0,0.0,0.0,0.0,0.0,0.0,1.0,0.0,0.09693877551020408,0.09090909090909091,0.09090909090909091,0.0,0.0,1,1,0,0,0,0,0,1,0.0,0.5,0.0,398000.0
10643782,0,1.0,0.0,0.0,0.0,1.0,0.0,0.0,0.0,0.0,0.0,0.0,0.0,0.0,0.0,0.0,1.0,0.0,0.0,0.09693877551020408,0.1818181818181818,0.18181818181818182,0.14285714285714285,0.1111111111111111,1,1,1,0,0,0,1,1,0.082,0.15,0.0,479000.0
10643783,0,1.0,0.0,0.0,0.0,1.0,0.0,0.0,0.0,0.0,0.0,0.0,0.0,0.0,0.0,0.0,1.0,0.0,0.0,0.13877551020408166,0.1818181818181818,0.18181818181818182,0.14285714285714285,0.1111111111111111,1,1,1,0,0,0,0,1,0.0,0.06,0.0,489000.0
10381641,0,0.0,1.0,0.0,1.0,0.0,0.0,0.0,0.0,0.0,0.0,0.0,0.0,0.0,0.0,0.0,1.0,0.0,0.0,0.028571428571428574,0.0,0.09090909090909091,0.07142857142857142,0.05555555555555555,2,3,0,0,0,0,0,0,0.0,0.0,0.0,199000.0
10643805,0,1.0,0.0,0.0,0.0,1.0,0.0,0.0,0.0,0.0,0.0,0.0,0.0,0.0,0.0,0.0,0.0,0.0,1.0,0.1326530612244898,0.1818181818181818,0.18181818181818182,0.0,0.16666666666666666,4,5,1,1,0,0,0,1,0.0,0.02,0.0,500000.0
10643812,0,0.0,1.0,0.0,0.0,0.0,0.0,0.0,0.0,0.0,0.0,0.0,0.0,0.0,1.0,0.0,0.0,0.0,1.0,0.07244897959183674,0.09090909090909091,0.09090909090909091,0.0,0.0,0,2,1,0,0,0,0,1,0.0,0.17,0.0,425000.0
10643794,0,0.0,1.0,0.0,0.0,0.0,1.0,0.0,0.0,0.0,0.0,0.0,0.0,0.0,0.0,1.0,0.0,0.0,0.0,0.163265306122449,0.1818181818181818,0.2727272727272727,0.0,0.16666666666666666,1,0,1,0,0,0,0,1,0.0,0.58,0.0,1325000.0
10643816,0,1.0,0.0,0.0,0.0,1.0,0.0,0.0,0.0,0.0,0.0,0.0,0.0,0.0,0.0,0.0,1.0,0.0,0.0,0.03571428571428572,0.0,0.09090909090909091,0.0,0.0,1,5,1,1,0,0,0,1,0.0,0.6,0.0,325000.0
10643817,0,1.0,0.0,0.0,0.0,1.0,0.0,0.0,0.0,0.0,0.0,0.0,0.0,0.0,0.0,0.0,1.0,0.0,0.0,0.07142857142857142,0.09090909090909091,0.09090909090909091,0.07142857142857142,0.05555555555555555,1,6,0,1,0,0,0,1,0.0,0.0,0.0,475000.0
10643818,0,1.0,0.0,0.0,0.0,1.0,0.0,0.0,0.0,0.0,0.0,0.0,0.0,0.0,0.0,0.0,1.0,0.0,0.0,0.0816326530612245,0.09090909090909091,0.0,0.0,0.0,1,3,0,1,0,0,0,0,0.0,0.0,0.0,505000.0
10643831,0,0.0,1.0,0.0,1.0,0.0,0.0,0.0,0.0,0.0,0.0,0.0,0.0,0.0,0.0,0.0,1.0,0.0,0.0,0.1285714285714286,0.1818181818181818,0.09090909090909091,0.0,0.05555555555555555,4,3,1,1,0,0,0,0,0.0,0.0,0.0,399000.0
10643824,0,0.0,1.0,0.0,0.0,0.0,1.0,0.0,0.0,0.0,0.0,0.0,0.0,0.0,0.0,0.0,0.0,0.0,1.0,0.12142857142857144,0.09090909090909091,0.09090909090909091,0.0,0.16666666666666666,3,1,0,1,0,0,1,1,0.02,0.08,0.0,365000.0
10643819,0,1.0,0.0,0.0,0.0,1.0,0.0,0.0,0.0,0.0,0.0,0.0,0.0,0.0,0.0,0.0,1.0,0.0,0.0,0.04693877551020408,0.09090909090909091,0.09090909090909091,0.0,0.05555555555555555,1,4,0,1,0,0,0,1,0.0,0.01,0.0,381500.0
10643837,0,0.0,1.0,0.0,0.0,0.0,0.0,0.0,0.0,0.0,0.0,0.0,0.0,0.0,1.0,0.0,0.0,0.0,1.0,0.17551020408163268,0.09090909090909091,0.09090909090909091,0.0,0.1111111111111111,1,2,1,0,0,0,0,1,0.0,0.13,0.0,351000.0
10643829,0,0.0,1.0,0.0,0.0,0.0,0.0,0.0,0.0,0.0,0.0,0.0,0.0,0.0,1.0,0.0,0.0,0.0,1.0,0.07448979591836735,0.09090909090909091,0.09090909090909091,0.0,0.0,1,0,1,0,0,0,0,1,0.0,0.0,0.0,629000.0
10643844,0,0.0,1.0,0.0,0.0,0.0,1.0,0.0,0.0,0.0,0.0,0.0,0.0,0.0,0.0,0.0,0.0,0.0,1.0,0.20102040816326533,0.1818181818181818,0.18181818181818182,0.0,0.16666666666666666,0,2,1,1,0,0,0,1,0.0,0.28,0.0,1350000.0
10643847,0,0.0,1.0,0.0,0.0,0.0,0.0,1.0,0.0,0.0,0.0,0.0,0.0,0.0,0.0,1.0,0.0,0.0,0.0,0.010204081632653062,0.0,0.09090909090909091,0.0,0.0,3,6,0,1,0,0,0,0,0.0,0.0,0.0,169000.0
10643839,0,0.0,0.0,1.0,0.0,0.0,0.0,0.0,0.0,0.0,1.0,0.0,0.0,0.0,0.0,0.0,0.0,0.0,1.0,0.06938775510204082,0.09090909090909091,0.09090909090909091,0.0,0.05555555555555555,1,2,0,1,0,0,0,0,0.0,0.0,0.0,199000.0
10643849,0,0.0,1.0,0.0,0.0,0.0,0.0,1.0,0.0,0.0,0.0,0.0,0.0,0.0,0.0,0.0,0.0,0.0,1.0,0.06122448979591837,0.09090909090909091,0.09090909090909091,0.0,0.05555555555555555,4,3,0,1,0,0,0,1,0.0,0.04,0.0,230000.0
10643863,1,0.0,0.0,1.0,0.0,0.0,0.0,0.0,0.0,0.0,0.0,0.0,1.0,0.0,0.0,0.0,1.0,0.0,0.0,0.20408163265306126,0.36363636363636365,0.09090909090909091,0.0,0.1111111111111111,1,0,0,0,0,0,1,1,0.25,0.45,0.00030720388525797335,205000.0
10250648,1,0.0,0.0,1.0,0.0,0.0,0.0,0.0,1.0,0.0,0.0,0.0,0.0,0.0,0.0,0.0,0.0,1.0,0.0,0.1489795918367347,0.1818181818181818,0.09090909090909091,0.0,0.1111111111111111,5,4,0,0,0,0,0,1,0.0,0.0,0.0,225000.0
10643878,0,1.0,0.0,0.0,0.0,1.0,0.0,0.0,0.0,0.0,0.0,0.0,0.0,0.0,0.0,0.0,1.0,0.0,0.0,0.03775510204081633,0.0,0.09090909090909091,0.0,0.05555555555555555,0,6,1,0,0,0,0,1,0.0,0.1,0.0,198000.0
10643875,0,1.0,0.0,0.0,0.0,1.0,0.0,0.0,0.0,0.0,0.0,0.0,0.0,0.0,0.0,0.0,0.0,1.0,0.0,0.06122448979591837,0.09090909090909091,0.0,0.07142857142857142,0.05555555555555555,3,7,1,1,0,0,0,0,0.0,0.0,0.0,290000.0
10643857,0,0.0,0.0,1.0,0.0,0.0,0.0,0.0,0.0,0.0,1.0,0.0,0.0,0.0,0.0,0.0,1.0,0.0,0.0,0.08469387755102042,0.1818181818181818,0.09090909090909091,0.07142857142857142,0.1111111111111111,3,3,0,1,0,0,1,1,0.105,0.15,0.0,300000.0
10643879,1,0.0,0.0,1.0,0.0,0.0,0.0,0.0,0.0,0.0,0.0,0.0,0.0,1.0,0.0,0.0,0.0,0.0,1.0,0.09183673469387757,0.1818181818181818,0.09090909090909091,0.0,0.05555555555555555,3,4,0,0,0,0,1,1,0.073,0.25,0.00018340530463162587,228000.0
10643919,0,0.0,1.0,0.0,1.0,0.0,0.0,0.0,0.0,0.0,0.0,0.0,0.0,0.0,0.0,1.0,0.0,0.0,0.0,0.13979591836734695,0.1818181818181818,0.09090909090909091,0.0,0.1111111111111111,0,0,1,1,0,0,0,1,0.0,0.24,0.0,399000.0
10643936,0,0.0,1.0,0.0,0.0,0.0,1.0,0.0,0.0,0.0,0.0,0.0,0.0,0.0,0.0,0.0,0.0,0.0,1.0,0.13571428571428573,0.1818181818181818,0.09090909090909091,0.0,0.1111111111111111,0,0,0,1,0,0,1,0,0.077,0.0,0.0,384000.0
10643898,0,0.0,1.0,0.0,1.0,0.0,0.0,0.0,0.0,0.0,0.0,0.0,0.0,0.0,0.0,0.0,0.0,0.0,1.0,0.07142857142857142,0.09090909090909091,0.09090909090909091,0.0,0.05555555555555555,2,3,0,1,0,0,0,1,0.0,0.06,0.0,239000.0
10643937,0,0.0,1.0,0.0,0.0,0.0,1.0,0.0,0.0,0.0,0.0,0.0,0.0,0.0,0.0,0.0,0.0,0.0,1.0,0.1795918367346939,0.1818181818181818,0.09090909090909091,0.0,0.1111111111111111,0,0,0,1,0,0,0,1,0.0,0.53,0.0,515000.0
10643935,0,0.0,1.0,0.0,1.0,0.0,0.0,0.0,0.0,0.0,0.0,0.0,0.0,0.0,0.0,0.0,0.0,0.0,1.0,0.07142857142857142,0.09090909090909091,0.09090909090909091,0.0,0.05555555555555555,0,0,0,1,0,0,1,1,0.029,0.21,0.0,264000.0
10643940,0,0.0,1.0,0.0,0.0,0.0,1.0,0.0,0.0,0.0,0.0,0.0,0.0,0.0,0.0,0.0,0.0,0.0,1.0,0.17448979591836736,0.09090909090909091,0.18181818181818182,0.0,0.1111111111111111,0,0,0,1,0,0,1,0,0.21,0.0,0.0,609000.0
10643938,0,0.0,1.0,0.0,0.0,0.0,1.0,0.0,0.0,0.0,0.0,0.0,0.0,0.0,0.0,0.0,0.0,0.0,1.0,0.16122448979591839,0.09090909090909091,0.18181818181818182,0.0,0.1111111111111111,0,0,0,1,0,0,0,1,0.0,0.32,0.0,399000.0
10643939,0,0.0,1.0,0.0,0.0,0.0,1.0,0.0,0.0,0.0,0.0,0.0,0.0,0.0,0.0,0.0,0.0,0.0,1.0,0.1510204081632653,0.1818181818181818,0.09090909090909091,0.0,0.1111111111111111,0,0,0,1,0,0,1,1,0.074,0.41000000000000003,0.0,459000.0
10643951,0,0.0,1.0,0.0,1.0,0.0,0.0,0.0,0.0,0.0,0.0,0.0,0.0,0.0,0.0,0.0,0.0,1.0,0.0,0.07244897959183674,0.09090909090909091,0.09090909090909091,0.0,0.05555555555555555,2,2,1,1,0,0,0,1,0.0,0.0,0.0,245000.0
10643941,0,0.0,1.0,0.0,0.0,0.0,1.0,0.0,0.0,0.0,0.0,0.0,0.0,0.0,0.0,0.0,0.0,0.0,1.0,0.16734693877551024,0.1818181818181818,0.18181818181818182,0.0,0.1111111111111111,0,0,0,1,0,0,1,0,0.047,0.0,0.0,424000.0
10643966,0,1.0,0.0,0.0,0.0,1.0,0.0,0.0,0.0,0.0,0.0,0.0,0.0,0.0,0.0,0.0,0.0,0.0,1.0,0.07551020408163267,0.09090909090909091,0.18181818181818182,0.0,0.05555555555555555,0,0,1,1,0,0,0,1,0.0,0.1,0.0,369000.0
10643981,0,1.0,0.0,0.0,0.0,1.0,0.0,0.0,0.0,0.0,0.0,0.0,0.0,0.0,0.0,0.0,1.0,0.0,0.0,0.10816326530612247,0.2727272727272727,0.18181818181818182,0.0,0.16666666666666666,3,7,0,1,0,0,0,0,0.0,0.0,0.0,349000.0
10643985,0,0.0,1.0,0.0,0.0,0.0,0.0,0.0,0.0,0.0,0.0,0.0,0.0,0.0,1.0,0.0,0.0,0.0,1.0,0.05000000000000001,0.09090909090909091,0.09090909090909091,0.0,0.0,0,0,1,1,0,0,0,1,0.0,0.12,0.0,345000.0
10643996,0,0.0,0.0,1.0,0.0,0.0,0.0,0.0,0.0,0.0,0.0,0.0,1.0,0.0,0.0,0.0,0.0,1.0,0.0,0.07244897959183674,0.09090909090909091,0.09090909090909091,0.0,0.0,3,2,0,0,0,0,0,0,0.0,0.0,0.0,189000.0
10643982,0,1.0,0.0,0.0,0.0,1.0,0.0,0.0,0.0,0.0,0.0,0.0,0.0,0.0,0.0,0.0,1.0,0.0,0.0,0.07040816326530613,0.09090909090909091,0.09090909090909091,0.07142857142857142,0.0,3,7,0,1,0,0,0,0,0.0,0.0,0.0,289000.0
10643998,0,1.0,0.0,0.0,0.0,1.0,0.0,0.0,0.0,0.0,0.0,0.0,0.0,0.0,0.0,0.0,1.0,0.0,0.0,0.057142857142857155,0.09090909090909091,0.09090909090909091,0.0,0.05555555555555555,0,0,0,0,0,0,0,1,0.0,0.07,0.0,269000.0
10643994,0,0.0,0.0,1.0,0.0,0.0,0.0,0.0,1.0,0.0,0.0,0.0,0.0,0.0,0.0,0.0,0.0,0.0,1.0,0.02959183673469388,0.0,0.09090909090909091,0.0,0.05555555555555555,0,3,0,0,0,0,0,0,0.0,0.0,0.0,85000.0
10644004,0,0.0,0.0,1.0,0.0,0.0,0.0,0.0,1.0,0.0,0.0,0.0,0.0,0.0,0.0,0.0,1.0,0.0,0.0,0.030612244897959183,0.0,0.09090909090909091,0.0,0.05555555555555555,0,6,0,0,0,0,0,0,0.0,0.0,0.0,129000.0
10644027,0,0.0,1.0,0.0,1.0,0.0,0.0,0.0,0.0,0.0,0.0,0.0,0.0,0.0,0.0,0.0,0.0,0.0,1.0,0.17346938775510207,0.1818181818181818,0.18181818181818182,0.0,0.1111111111111111,3,2,1,0,0,0,0,1,0.0,0.18,0.0,395000.0
10644028,0,0.0,1.0,0.0,0.0,0.0,0.0,0.0,0.0,0.0,0.0,0.0,0.0,0.0,1.0,0.0,0.0,1.0,0.0,0.06428571428571428,0.09090909090909091,0.09090909090909091,0.0,0.05555555555555555,1,0,1,0,0,0,0,1,0.0,0.1,0.0,575000.0
10644029,0,0.0,1.0,0.0,0.0,0.0,0.0,0.0,0.0,0.0,0.0,0.0,0.0,0.0,1.0,0.0,0.0,0.0,1.0,0.05612244897959184,0.09090909090909091,0.09090909090909091,0.0,0.05555555555555555,1,2,1,0,0,0,0,1,0.0,0.04,0.0,259000.0
10644000,0,1.0,0.0,0.0,0.0,1.0,0.0,0.0,0.0,0.0,0.0,0.0,0.0,0.0,0.0,0.0,1.0,0.0,0.0,0.08469387755102042,0.09090909090909091,0.09090909090909091,0.0,0.05555555555555555,4,7,0,1,0,0,1,1,0.2,0.03,0.0,450000.0
10644036,0,0.0,1.0,0.0,0.0,0.0,1.0,0.0,0.0,0.0,0.0,0.0,0.0,0.0,0.0,0.0,1.0,0.0,0.0,0.5683673469387756,0.4545454545454545,0.36363636363636365,0.0,0.3333333333333333,1,5,0,0,0,0,0,1,0.0,0.0,0.0,995000.0
10644045,0,0.0,1.0,0.0,0.0,0.0,0.0,1.0,0.0,0.0,0.0,0.0,0.0,0.0,0.0,0.0,0.0,0.0,1.0,0.06938775510204082,0.09090909090909091,0.0,0.07142857142857142,0.05555555555555555,0,3,0,0,0,0,0,1,0.0,0.11,0.0,265000.0
10644038,0,0.0,1.0,0.0,0.0,0.0,0.0,0.0,0.0,0.0,0.0,0.0,0.0,0.0,1.0,0.0,0.0,0.0,1.0,0.0326530612244898,0.0,0.09090909090909091,0.0,0.05555555555555555,1,2,1,0,0,0,0,1,0.0,0.05,0.0,215000.0
10644051,0,0.0,1.0,0.0,1.0,0.0,0.0,0.0,0.0,0.0,0.0,0.0,0.0,0.0,0.0,0.0,0.0,0.0,1.0,0.14285714285714288,0.2727272727272727,0.09090909090909091,0.0,0.0,1,0,0,0,0,0,1,1,0.0,0.4,0.0,479900.0
10644090,0,0.0,0.0,1.0,0.0,0.0,0.0,0.0,1.0,0.0,0.0,0.0,0.0,0.0,0.0,0.0,0.0,0.0,1.0,0.04489795918367347,0.0,0.0,0.07142857142857142,0.0,3,6,0,1,0,0,0,0,0.0,0.0,0.0,99900.0
10644102,1,1.0,0.0,0.0,0.0,1.0,0.0,0.0,0.0,0.0,0.0,0.0,0.0,0.0,0.0,0.0,1.0,0.0,0.0,0.1326530612244898,0.1818181818181818,0.18181818181818182,0.0,0.16666666666666666,4,0,0,0,0,0,1,1,0.08,0.15,0.0001375539784737194,335000.0
10644095,0,0.0,1.0,0.0,0.0,0.0,1.0,0.0,0.0,0.0,0.0,0.0,0.0,0.0,0.0,1.0,0.0,0.0,0.0,0.09591836734693879,0.1818181818181818,0.0,0.0,0.1111111111111111,1,0,1,0,0,0,0,1,0.0,0.16,0.0,554500.0
10644094,0,0.0,1.0,0.0,0.0,0.0,1.0,0.0,0.0,0.0,0.0,0.0,0.0,0.0,0.0,1.0,0.0,0.0,0.0,0.1142857142857143,0.1818181818181818,0.18181818181818182,0.0,0.05555555555555555,1,0,1,0,0,0,0,1,0.0,1.0,0.0,1079500.0
10644139,0,0.0,1.0,0.0,1.0,0.0,0.0,0.0,0.0,0.0,0.0,0.0,0.0,0.0,0.0,0.0,0.0,0.0,1.0,0.07142857142857142,0.09090909090909091,0.0,0.0,0.0,3,0,0,0,0,0,0,1,0.0,0.1,0.0,220000.0
10644111,0,1.0,0.0,0.0,0.0,1.0,0.0,0.0,0.0,0.0,0.0,0.0,0.0,0.0,0.0,0.0,1.0,0.0,0.0,0.08979591836734696,0.09090909090909091,0.0,0.0,0.0,5,7,0,0,0,0,0,0,0.0,0.0,0.0,179000.0
10644109,0,1.0,0.0,0.0,0.0,1.0,0.0,0.0,0.0,0.0,0.0,0.0,0.0,0.0,0.0,0.0,0.0,0.0,1.0,0.07551020408163267,0.1818181818181818,0.09090909090909091,0.07142857142857142,0.05555555555555555,3,4,1,0,0,0,0,1,0.0,0.15,0.0,280000.0
10644137,0,0.0,1.0,0.0,1.0,0.0,0.0,0.0,0.0,0.0,0.0,0.0,0.0,0.0,0.0,0.0,0.0,1.0,0.0,0.051020408163265314,0.09090909090909091,0.09090909090909091,0.0,0.05555555555555555,3,3,1,0,0,0,0,1,0.0,0.01,0.0,193000.0
10644157,0,0.0,1.0,0.0,0.0,0.0,0.0,0.0,0.0,0.0,0.0,0.0,0.0,0.0,1.0,0.0,0.0,1.0,0.0,0.05306122448979592,0.09090909090909091,0.18181818181818182,0.0,0.1111111111111111,3,1,0,0,0,0,0,1,0.0,0.0,0.0,1175000.0
10644170,0,0.0,0.0,1.0,0.0,0.0,0.0,0.0,0.0,0.0,0.0,0.0,1.0,0.0,0.0,0.0,0.0,1.0,0.0,0.07142857142857142,0.09090909090909091,0.09090909090909091,0.0,0.0,0,2,0,0,0,0,0,0,0.0,0.0,0.0,189000.0
10644161,0,0.0,1.0,0.0,0.0,0.0,0.0,0.0,0.0,0.0,0.0,0.0,0.0,0.0,1.0,0.0,0.0,1.0,0.0,0.09183673469387757,0.1818181818181818,0.18181818181818182,0.0,0.0,3,0,1,0,0,0,0,0,0.0,0.0,0.0,935000.0
10644179,0,0.0,1.0,0.0,1.0,0.0,0.0,0.0,0.0,0.0,0.0,0.0,0.0,0.0,0.0,1.0,0.0,0.0,0.0,0.12448979591836737,0.1818181818181818,0.0,0.07142857142857142,0.1111111111111111,5,3,1,1,0,0,0,0,0.0,0.0,0.0,388000.0
10644193,0,0.0,1.0,0.0,0.0,0.0,1.0,0.0,0.0,0.0,0.0,0.0,0.0,0.0,0.0,1.0,0.0,0.0,0.0,0.09693877551020408,0.1818181818181818,0.09090909090909091,0.0,0.1111111111111111,1,0,1,0,0,0,0,1,0.0,0.12,0.0,495000.0
10644194,0,0.0,1.0,0.0,0.0,0.0,1.0,0.0,0.0,0.0,0.0,0.0,0.0,0.0,0.0,1.0,0.0,0.0,0.0,0.09693877551020408,0.1818181818181818,0.09090909090909091,0.0,0.1111111111111111,1,0,1,0,0,0,0,1,0.0,0.12,0.0,439000.0
10644201,0,0.0,1.0,0.0,0.0,0.0,0.0,0.0,0.0,0.0,0.0,0.0,0.0,0.0,1.0,0.0,0.0,0.0,1.0,0.10306122448979593,0.09090909090909091,0.0,0.0,0.16666666666666666,1,3,0,0,0,0,1,1,0.0,0.08,0.0,215000.0
10644185,0,0.0,1.0,0.0,0.0,0.0,0.0,0.0,0.0,0.0,0.0,0.0,0.0,0.0,1.0,0.0,0.0,0.0,1.0,0.013265306122448979,0.0,0.09090909090909091,0.0,0.0,0,2,1,0,0,0,0,0,0.0,0.0,0.0,120000.0
10644207,1,0.0,1.0,0.0,0.0,0.0,0.0,0.0,0.0,0.0,0.0,0.0,0.0,0.0,1.0,0.0,0.0,0.0,1.0,0.09897959183673471,0.09090909090909091,0.09090909090909091,0.0,0.0,4,4,0,0,0,0,0,0,0.0,0.0,6.419185662106905e-05,184000.0
10644211,0,1.0,0.0,0.0,0.0,1.0,0.0,0.0,0.0,0.0,0.0,0.0,0.0,0.0,0.0,0.0,0.0,0.0,1.0,0.14081632653061227,0.09090909090909091,0.09090909090909091,0.07142857142857142,0.1111111111111111,1,6,0,0,0,0,0,0,0.0,0.0,0.0,395000.0
10644241,0,0.0,1.0,0.0,0.0,0.0,0.0,0.0,0.0,0.0,0.0,0.0,0.0,0.0,1.0,0.0,0.0,1.0,0.0,0.051020408163265314,0.09090909090909091,0.09090909090909091,0.0,0.05555555555555555,4,3,1,0,0,0,0,1,0.0,0.02,0.0,157500.0
10644251,0,1.0,0.0,0.0,0.0,1.0,0.0,0.0,0.0,0.0,0.0,0.0,0.0,0.0,0.0,0.0,0.0,0.0,1.0,0.0673469387755102,0.09090909090909091,0.09090909090909091,0.0,0.05555555555555555,1,0,1,0,0,0,0,1,0.0,0.06,0.0,315000.0
10644274,0,0.0,1.0,0.0,0.0,0.0,1.0,0.0,0.0,0.0,0.0,0.0,0.0,0.0,0.0,1.0,0.0,0.0,0.0,0.08061224489795918,0.1818181818181818,0.09090909090909091,0.0,0.05555555555555555,0,1,0,1,0,0,0,0,0.0,0.0,0.0,180000.0
10644273,0,0.0,1.0,0.0,0.0,0.0,1.0,0.0,0.0,0.0,0.0,0.0,0.0,0.0,0.0,1.0,0.0,0.0,0.0,0.020408163265306124,0.0,0.09090909090909091,0.0,0.05555555555555555,0,2,0,1,0,0,0,1,0.0,0.1,0.0,185000.0
10644293,0,0.0,1.0,0.0,0.0,0.0,0.0,0.0,0.0,0.0,0.0,0.0,0.0,0.0,1.0,0.0,0.0,0.0,1.0,0.0673469387755102,0.09090909090909091,0.0,0.0,0.05555555555555555,1,6,0,0,0,0,0,0,0.0,0.0,0.0,149000.0
10644279,0,0.0,1.0,0.0,1.0,0.0,0.0,0.0,0.0,0.0,0.0,0.0,0.0,0.0,0.0,1.0,0.0,0.0,0.0,0.3653061224489796,0.1818181818181818,0.18181818181818182,0.0,0.0,1,2,1,0,0,0,0,1,0.0,1.0,0.0,3155000.0
10644334,0,0.0,1.0,0.0,0.0,0.0,0.0,0.0,0.0,0.0,0.0,0.0,0.0,0.0,1.0,0.0,0.0,0.0,1.0,0.09285714285714286,0.09090909090909091,0.09090909090909091,0.0,0.0,3,3,1,0,0,0,0,0,0.0,0.0,0.0,365000.0
10644374,0,0.0,0.0,1.0,0.0,0.0,0.0,0.0,0.0,0.0,0.0,0.0,0.0,1.0,0.0,0.0,0.0,0.0,1.0,0.11734693877551022,0.1818181818181818,0.09090909090909091,0.0,0.05555555555555555,0,3,0,0,0,0,0,1,0.0,0.03,0.0,365000.0
10644377,0,1.0,0.0,0.0,0.0,1.0,0.0,0.0,0.0,0.0,0.0,0.0,0.0,0.0,0.0,0.0,1.0,0.0,0.0,0.06326530612244899,0.09090909090909091,0.09090909090909091,0.0,0.05555555555555555,3,3,1,0,0,0,0,0,0.0,0.0,0.0,350000.0
10644406,0,0.0,1.0,0.0,0.0,0.0,0.0,1.0,0.0,0.0,0.0,0.0,0.0,0.0,0.0,1.0,0.0,0.0,0.0,0.0673469387755102,0.09090909090909091,0.09090909090909091,0.07142857142857142,0.05555555555555555,2,2,1,0,0,0,0,1,0.0,0.09,0.0,347000.0
10644397,0,0.0,1.0,0.0,0.0,0.0,0.0,0.0,0.0,0.0,0.0,0.0,0.0,0.0,1.0,0.0,0.0,1.0,0.0,0.010204081632653062,0.0,0.0,0.0,0.05555555555555555,3,3,1,0,0,0,0,0,0.0,0.0,0.0,99000.0
10644402,0,1.0,0.0,0.0,0.0,1.0,0.0,0.0,0.0,0.0,0.0,0.0,0.0,0.0,0.0,0.0,0.0,0.0,1.0,0.07142857142857142,0.09090909090909091,0.09090909090909091,0.07142857142857142,0.05555555555555555,5,4,1,0,0,0,0,1,0.0,0.01,0.0,249000.0
10644405,0,0.0,0.0,1.0,0.0,0.0,0.0,0.0,1.0,0.0,0.0,0.0,0.0,0.0,0.0,0.0,0.0,1.0,0.0,0.0836734693877551,0.09090909090909091,0.09090909090909091,0.07142857142857142,0.05555555555555555,0,5,0,0,0,0,0,0,0.0,0.0,0.0,179000.0
10644439,0,0.0,1.0,0.0,1.0,0.0,0.0,0.0,0.0,0.0,0.0,0.0,0.0,0.0,0.0,1.0,0.0,0.0,0.0,0.18877551020408165,0.2727272727272727,0.09090909090909091,0.0,0.1111111111111111,0,0,1,0,0,0,0,1,0.0,0.12,0.0,720000.0
10644444,1,1.0,0.0,0.0,0.0,1.0,0.0,0.0,0.0,0.0,0.0,0.0,0.0,0.0,0.0,0.0,1.0,0.0,0.0,0.10204081632653061,0.09090909090909091,0.09090909090909091,0.0,0.1111111111111111,0,0,0,1,0,0,0,0,0.0,0.0,6.87769892368597e-05,530000.0
10644435,0,0.0,1.0,0.0,0.0,0.0,0.0,0.0,0.0,0.0,0.0,0.0,0.0,0.0,1.0,0.0,0.0,0.0,1.0,0.12653061224489798,0.1818181818181818,0.0,0.0,0.05555555555555555,1,0,1,0,0,0,0,0,0.0,0.0,0.0,485000.0
10644438,0,0.0,1.0,0.0,1.0,0.0,0.0,0.0,0.0,0.0,0.0,0.0,0.0,0.0,0.0,0.0,0.0,1.0,0.0,0.09897959183673471,0.09090909090909091,0.09090909090909091,0.0,0.05555555555555555,3,2,0,1,0,0,0,1,0.0,0.0,0.0,240000.0
10644445,0,1.0,0.0,0.0,0.0,1.0,0.0,0.0,0.0,0.0,0.0,0.0,0.0,0.0,0.0,0.0,1.0,0.0,0.0,0.10306122448979593,0.09090909090909091,0.09090909090909091,0.07142857142857142,0.05555555555555555,0,2,1,1,0,0,0,1,0.0,0.14,0.0,520000.0
10644446,0,1.0,0.0,0.0,0.0,1.0,0.0,0.0,0.0,0.0,0.0,0.0,0.0,0.0,0.0,1.0,0.0,0.0,0.0,0.10306122448979593,0.09090909090909091,0.09090909090909091,0.07142857142857142,0.05555555555555555,0,2,1,1,0,0,0,1,0.0,0.14,0.0,520000.0
10644451,0,0.0,0.0,1.0,0.0,0.0,0.0,0.0,0.0,0.0,0.0,0.0,0.0,1.0,0.0,0.0,0.0,0.0,1.0,0.07142857142857142,0.09090909090909091,0.09090909090909091,0.0,0.05555555555555555,3,3,0,0,0,0,0,0,0.0,0.0,0.0,390000.0
10644455,0,0.0,1.0,0.0,0.0,0.0,0.0,1.0,0.0,0.0,0.0,0.0,0.0,0.0,0.0,0.0,0.0,1.0,0.0,0.09285714285714286,0.09090909090909091,0.09090909090909091,0.0,0.16666666666666666,3,0,0,0,0,0,0,1,0.0,0.0,0.0,295000.0
10644456,0,0.0,1.0,0.0,0.0,0.0,0.0,1.0,0.0,0.0,0.0,0.0,0.0,0.0,0.0,0.0,0.0,1.0,0.0,0.10408163265306122,0.1818181818181818,0.09090909090909091,0.0,0.1111111111111111,3,3,1,0,0,0,0,1,0.0,0.0,0.0,299000.0
10644457,0,0.0,1.0,0.0,0.0,0.0,0.0,1.0,0.0,0.0,0.0,0.0,0.0,0.0,0.0,0.0,0.0,1.0,0.0,0.0673469387755102,0.09090909090909091,0.09090909090909091,0.07142857142857142,0.05555555555555555,3,3,0,0,0,0,0,1,0.0,0.0,0.0,275000.0
10644465,0,0.0,1.0,0.0,0.0,0.0,0.0,0.0,0.0,0.0,0.0,0.0,0.0,0.0,1.0,0.0,0.0,1.0,0.0,0.06224489795918368,0.09090909090909091,0.18181818181818182,0.0,0.0,3,2,0,0,0,0,0,1,0.0,0.0,0.0,1995000.0
10644493,0,1.0,0.0,0.0,0.0,1.0,0.0,0.0,0.0,0.0,0.0,0.0,0.0,0.0,0.0,0.0,1.0,0.0,0.0,0.22244897959183677,0.1818181818181818,0.2727272727272727,0.21428571428571427,0.16666666666666666,2,4,1,0,0,0,0,1,0.0,0.22,0.0,1595000.0
10644460,0,1.0,0.0,0.0,0.0,1.0,0.0,0.0,0.0,0.0,0.0,0.0,0.0,0.0,0.0,0.0,0.0,0.0,1.0,0.30612244897959184,0.2727272727272727,0.18181818181818182,0.14285714285714285,0.2222222222222222,4,0,1,1,0,0,0,1,0.0,0.0,0.0,2350000.0
10644502,0,0.0,1.0,0.0,0.0,0.0,0.0,0.0,0.0,0.0,0.0,0.0,0.0,0.0,1.0,0.0,0.0,0.0,1.0,0.07551020408163267,0.09090909090909091,0.0,0.0,0.05555555555555555,1,2,0,0,0,0,0,0,0.0,0.0,0.0,265000.0
10644506,0,1.0,0.0,0.0,0.0,1.0,0.0,0.0,0.0,0.0,0.0,0.0,0.0,0.0,0.0,0.0,0.0,0.0,1.0,0.051020408163265314,0.0,0.09090909090909091,0.0,0.05555555555555555,3,5,0,0,0,0,0,1,0.0,0.02,0.0,200000.0
10644527,0,0.0,1.0,0.0,0.0,0.0,0.0,0.0,0.0,0.0,0.0,0.0,0.0,0.0,1.0,0.0,0.0,0.0,1.0,0.06122448979591837,0.09090909090909091,0.0,0.0,0.05555555555555555,3,0,0,0,0,0,0,0,0.0,0.0,0.0,195000.0
10644547,0,0.0,1.0,0.0,0.0,0.0,0.0,0.0,0.0,0.0,0.0,0.0,0.0,0.0,1.0,0.0,0.0,0.0,1.0,0.06632653061224492,0.0,0.09090909090909091,0.0,0.05555555555555555,3,0,1,0,0,0,0,1,0.0,0.06,0.0,280000.0
10382397,0,0.0,0.0,1.0,0.0,0.0,0.0,0.0,0.0,0.0,1.0,0.0,0.0,0.0,0.0,0.0,0.0,0.0,1.0,0.09081632653061225,0.09090909090909091,0.09090909090909091,0.07142857142857142,0.05555555555555555,3,2,1,0,0,0,1,1,1.0,0.1,0.0,319000.0
10644536,0,0.0,0.0,1.0,0.0,0.0,0.0,0.0,0.0,0.0,0.0,0.0,0.0,1.0,0.0,0.0,0.0,0.0,1.0,0.12346938775510205,0.1818181818181818,0.18181818181818182,0.14285714285714285,0.16666666666666666,3,2,0,0,0,0,0,0,0.0,0.0,0.0,229000.0
10644553,0,0.0,1.0,0.0,0.0,0.0,0.0,0.0,0.0,0.0,0.0,0.0,0.0,0.0,1.0,0.0,0.0,0.0,1.0,0.036734693877551024,0.09090909090909091,0.09090909090909091,0.0,0.05555555555555555,1,1,1,0,0,0,0,1,0.0,0.04,0.0,279000.0
10644561,0,0.0,1.0,0.0,1.0,0.0,0.0,0.0,0.0,0.0,0.0,0.0,0.0,0.0,0.0,0.0,0.0,0.0,1.0,0.06428571428571428,0.0,0.09090909090909091,0.0,0.05555555555555555,3,2,1,1,0,0,1,1,0.06,0.0,0.0,229000.0
10644570,0,0.0,0.0,1.0,0.0,0.0,0.0,0.0,1.0,0.0,0.0,0.0,0.0,0.0,0.0,0.0,0.0,1.0,0.0,0.07448979591836735,0.09090909090909091,0.09090909090909091,0.0,0.05555555555555555,0,2,1,1,0,0,0,1,0.0,0.06,0.0,203000.0
10644571,0,0.0,0.0,1.0,0.0,0.0,0.0,0.0,1.0,0.0,0.0,0.0,0.0,0.0,0.0,0.0,0.0,1.0,0.0,0.10918367346938776,0.09090909090909091,0.09090909090909091,0.07142857142857142,0.1111111111111111,0,1,1,1,0,0,0,1,0.0,0.08,0.0,303000.0
10644566,0,0.0,1.0,0.0,1.0,0.0,0.0,0.0,0.0,0.0,0.0,0.0,0.0,0.0,0.0,0.0,0.0,0.0,1.0,0.05306122448979592,0.09090909090909091,0.09090909090909091,0.0,0.05555555555555555,4,2,1,1,0,0,0,1,0.0,0.06,0.0,164000.0
10644572,0,0.0,0.0,1.0,0.0,0.0,0.0,0.0,1.0,0.0,0.0,0.0,0.0,0.0,0.0,0.0,0.0,1.0,0.0,0.10918367346938776,0.09090909090909091,0.09090909090909091,0.07142857142857142,0.1111111111111111,0,1,1,1,0,0,0,1,0.0,0.1,0.0,312000.0
10513531,0,0.0,1.0,0.0,0.0,0.0,0.0,0.0,0.0,0.0,0.0,0.0,0.0,0.0,1.0,0.0,0.0,1.0,0.0,0.15306122448979595,0.1818181818181818,0.09090909090909091,0.0,0.1111111111111111,0,2,0,0,0,0,0,1,0.0,0.0,0.0,770000.0
10644594,0,0.0,1.0,0.0,0.0,0.0,1.0,0.0,0.0,0.0,0.0,0.0,0.0,0.0,0.0,0.0,0.0,1.0,0.0,0.07653061224489796,0.1818181818181818,0.09090909090909091,0.0,0.05555555555555555,2,2,1,1,0,0,0,1,0.0,0.0,0.0,328000.0
10644593,0,0.0,1.0,0.0,1.0,0.0,0.0,0.0,0.0,0.0,0.0,0.0,0.0,0.0,0.0,0.0,1.0,0.0,0.0,0.11836734693877551,0.1818181818181818,0.09090909090909091,0.0,0.1111111111111111,1,2,1,1,0,0,0,1,0.0,0.11,0.0,348000.0
10644596,0,0.0,1.0,0.0,0.0,0.0,1.0,0.0,0.0,0.0,0.0,0.0,0.0,0.0,0.0,1.0,0.0,0.0,0.0,0.15000000000000002,0.1818181818181818,0.18181818181818182,0.0,0.1111111111111111,2,2,1,1,0,0,0,1,0.0,0.05,0.0,450000.0
10644614,0,1.0,0.0,0.0,0.0,1.0,0.0,0.0,0.0,0.0,0.0,0.0,0.0,0.0,0.0,0.0,1.0,0.0,0.0,0.06326530612244899,0.09090909090909091,0.09090909090909091,0.07142857142857142,0.1111111111111111,0,0,1,0,0,0,0,0,0.0,0.0,0.0,245000.0
10644618,0,0.0,1.0,0.0,1.0,0.0,0.0,0.0,0.0,0.0,0.0,0.0,0.0,0.0,0.0,0.0,0.0,0.0,1.0,0.07857142857142857,0.09090909090909091,0.09090909090909091,0.0,0.05555555555555555,0,0,0,1,0,0,1,1,0.03,0.22,0.0,283000.0
10644629,0,0.0,1.0,0.0,1.0,0.0,0.0,0.0,0.0,0.0,0.0,0.0,0.0,0.0,0.0,0.0,0.0,0.0,1.0,0.08673469387755103,0.09090909090909091,0.09090909090909091,0.0,0.05555555555555555,0,0,1,1,0,0,0,1,0.0,0.65,0.0,344000.0
10644619,0,0.0,1.0,0.0,1.0,0.0,0.0,0.0,0.0,0.0,0.0,0.0,0.0,0.0,0.0,0.0,0.0,0.0,1.0,0.07244897959183674,0.09090909090909091,0.09090909090909091,0.0,0.05555555555555555,0,0,0,1,0,0,1,1,0.028,0.21,0.0,264000.0
10644714,0,0.0,1.0,0.0,0.0,0.0,0.0,0.0,0.0,0.0,0.0,0.0,0.0,0.0,1.0,0.0,0.0,0.0,1.0,0.07755102040816328,0.1818181818181818,0.09090909090909091,0.0,0.1111111111111111,3,3,0,1,0,0,0,1,0.0,0.2,0.0,270000.0
10644710,0,0.0,1.0,0.0,0.0,0.0,0.0,0.0,0.0,1.0,0.0,0.0,0.0,0.0,0.0,0.0,0.0,1.0,0.0,0.04387755102040817,0.0,0.09090909090909091,0.0,0.05555555555555555,1,1,1,1,0,0,0,1,0.0,0.0,0.0,245000.0
10644718,0,1.0,0.0,0.0,0.0,1.0,0.0,0.0,0.0,0.0,0.0,0.0,0.0,0.0,0.0,0.0,1.0,0.0,0.0,0.03571428571428572,0.0,0.0,0.07142857142857142,0.05555555555555555,3,4,0,1,0,0,0,0,0.0,0.0,0.0,169000.0
10644720,0,1.0,0.0,0.0,0.0,1.0,0.0,0.0,0.0,0.0,0.0,0.0,0.0,0.0,0.0,0.0,1.0,0.0,0.0,0.03571428571428572,0.0,0.0,0.07142857142857142,0.05555555555555555,3,4,0,1,0,0,0,0,0.0,0.0,0.0,155000.0
10513642,0,0.0,1.0,0.0,1.0,0.0,0.0,0.0,0.0,0.0,0.0,0.0,0.0,0.0,0.0,0.0,0.0,1.0,0.0,0.08877551020408164,0.09090909090909091,0.09090909090909091,0.0,0.05555555555555555,1,2,0,0,0,0,0,1,0.0,0.12,0.0,275000.0
10644719,0,1.0,0.0,0.0,0.0,1.0,0.0,0.0,0.0,0.0,0.0,0.0,0.0,0.0,0.0,0.0,1.0,0.0,0.0,0.06632653061224492,0.09090909090909091,0.09090909090909091,0.0,0.05555555555555555,3,0,1,1,0,0,0,1,0.0,0.16,0.0,199000.0
10644721,0,0.0,1.0,0.0,1.0,0.0,0.0,0.0,0.0,0.0,0.0,0.0,0.0,0.0,0.0,0.0,0.0,1.0,0.0,0.06428571428571428,0.09090909090909091,0.0,0.07142857142857142,0.05555555555555555,4,4,0,1,0,0,1,1,0.091,0.0,0.0,274000.0
10644736,0,1.0,0.0,0.0,0.0,1.0,0.0,0.0,0.0,0.0,0.0,0.0,0.0,0.0,0.0,0.0,0.0,0.0,1.0,0.08673469387755103,0.1818181818181818,0.09090909090909091,0.07142857142857142,0.1111111111111111,1,3,1,1,0,0,0,1,0.0,0.16,0.0,440000.0
10644735,0,1.0,0.0,0.0,0.0,1.0,0.0,0.0,0.0,0.0,0.0,0.0,0.0,0.0,0.0,0.0,0.0,0.0,1.0,0.07653061224489796,0.09090909090909091,0.09090909090909091,0.0,0.05555555555555555,3,3,1,1,0,0,0,0,0.0,0.0,0.0,350000.0
10644722,0,0.0,1.0,0.0,1.0,0.0,0.0,0.0,0.0,0.0,0.0,0.0,0.0,0.0,0.0,0.0,0.0,1.0,0.0,0.06428571428571428,0.09090909090909091,0.0,0.07142857142857142,0.05555555555555555,4,4,0,1,0,0,1,1,0.091,0.0,0.0,274000.0
10644732,0,0.0,1.0,0.0,1.0,0.0,0.0,0.0,0.0,0.0,0.0,0.0,0.0,0.0,0.0,1.0,0.0,0.0,0.0,0.08979591836734696,0.09090909090909091,0.18181818181818182,0.0,0.1111111111111111,0,1,0,1,0,0,0,0,0.0,0.0,0.0,398000.0
10644758,0,0.0,1.0,0.0,0.0,0.0,1.0,0.0,0.0,0.0,0.0,0.0,0.0,0.0,0.0,1.0,0.0,0.0,0.0,0.1459183673469388,0.1818181818181818,0.18181818181818182,0.0,0.1111111111111111,0,2,1,0,0,0,1,1,0.012,0.12,0.0,1075000.0
10644761,0,0.0,1.0,0.0,0.0,0.0,0.0,0.0,0.0,0.0,0.0,0.0,0.0,0.0,1.0,0.0,0.0,1.0,0.0,0.08673469387755103,0.09090909090909091,0.0,0.0,0.05555555555555555,1,2,1,0,0,0,0,1,0.0,0.0,0.0,360000.0
10644777,0,0.0,1.0,0.0,0.0,0.0,0.0,0.0,0.0,1.0,0.0,0.0,0.0,0.0,0.0,0.0,0.0,1.0,0.0,0.07551020408163267,0.1818181818181818,0.09090909090909091,0.0,0.0,3,5,0,1,0,0,0,0,0.0,0.0,0.0,255000.0
10644773,0,0.0,1.0,0.0,0.0,0.0,0.0,0.0,0.0,0.0,0.0,0.0,0.0,0.0,1.0,0.0,0.0,1.0,0.0,0.06326530612244899,0.09090909090909091,0.09090909090909091,0.0,0.05555555555555555,5,2,0,0,0,0,0,1,0.0,0.0,0.0,149000.0
10644785,0,0.0,1.0,0.0,0.0,0.0,0.0,0.0,0.0,1.0,0.0,0.0,0.0,0.0,0.0,0.0,0.0,1.0,0.0,0.030612244897959183,0.0,0.09090909090909091,0.0,0.05555555555555555,3,2,1,0,0,0,0,0,0.0,0.0,0.0,210000.0
10644804,0,0.0,1.0,0.0,0.0,0.0,1.0,0.0,0.0,0.0,0.0,0.0,0.0,0.0,0.0,0.0,0.0,0.0,1.0,0.08469387755102042,0.09090909090909091,0.09090909090909091,0.0,0.05555555555555555,4,2,1,0,0,0,0,0,0.0,0.0,0.0,284000.0
10644799,0,0.0,1.0,0.0,0.0,0.0,1.0,0.0,0.0,0.0,0.0,0.0,0.0,0.0,0.0,1.0,0.0,0.0,0.0,0.06428571428571428,0.0,0.09090909090909091,0.0,0.05555555555555555,0,2,0,0,0,0,0,0,0.0,0.0,0.0,315000.0
10644816,0,0.0,0.0,1.0,0.0,0.0,0.0,0.0,0.0,0.0,0.0,0.0,1.0,0.0,0.0,1.0,0.0,0.0,0.0,0.05510204081632653,0.09090909090909091,0.0,0.07142857142857142,0.05555555555555555,0,2,1,1,0,0,0,1,0.0,0.04,0.0,230000.0
10644826,0,0.0,0.0,1.0,0.0,0.0,0.0,0.0,0.0,0.0,0.0,0.0,1.0,0.0,0.0,1.0,0.0,0.0,0.0,0.03571428571428572,0.0,0.09090909090909091,0.0,0.05555555555555555,0,3,0,1,0,0,0,0,0.0,0.0,0.0,157000.0
10644817,0,0.0,1.0,0.0,0.0,0.0,0.0,0.0,0.0,0.0,0.0,0.0,0.0,0.0,1.0,0.0,0.0,0.0,1.0,0.1326530612244898,0.1818181818181818,0.18181818181818182,0.14285714285714285,0.1111111111111111,1,0,1,0,0,0,0,1,0.0,1.0,0.0,750000.0
10644819,0,1.0,0.0,0.0,0.0,1.0,0.0,0.0,0.0,0.0,0.0,0.0,0.0,0.0,0.0,0.0,1.0,0.0,0.0,0.10102040816326532,0.09090909090909091,0.09090909090909091,0.0,0.1111111111111111,1,0,1,1,0,0,0,1,0.0,0.3,0.0,449000.0
10644831,0,0.0,1.0,0.0,1.0,0.0,0.0,0.0,0.0,0.0,0.0,0.0,0.0,0.0,0.0,0.0,0.0,1.0,0.0,0.3193877551020408,0.2727272727272727,0.0,0.0,0.0,5,6,0,1,0,0,0,0,0.0,0.0,0.0,549000.0
10644870,0,0.0,1.0,0.0,1.0,0.0,0.0,0.0,0.0,0.0,0.0,0.0,0.0,0.0,0.0,1.0,0.0,0.0,0.0,0.14285714285714288,0.09090909090909091,0.09090909090909091,0.0,0.1111111111111111,1,2,0,0,0,0,0,1,0.0,0.51,0.0,735000.0
10644855,0,1.0,0.0,0.0,0.0,1.0,0.0,0.0,0.0,0.0,0.0,0.0,0.0,0.0,0.0,0.0,1.0,0.0,0.0,0.1285714285714286,0.09090909090909091,0.18181818181818182,0.14285714285714285,0.1111111111111111,2,3,1,1,0,0,0,1,0.0,0.1,0.0,695000.0
10644863,0,0.0,1.0,0.0,1.0,0.0,0.0,0.0,0.0,0.0,0.0,0.0,0.0,0.0,0.0,0.0,0.0,1.0,0.0,0.07346938775510206,0.09090909090909091,0.09090909090909091,0.0,0.05555555555555555,2,3,0,1,0,0,0,1,0.0,0.03,0.0,229000.0
10644864,0,0.0,1.0,0.0,1.0,0.0,0.0,0.0,0.0,0.0,0.0,0.0,0.0,0.0,0.0,0.0,0.0,1.0,0.0,0.07346938775510206,0.09090909090909091,0.09090909090909091,0.0,0.05555555555555555,2,3,0,1,0,0,0,1,0.0,0.03,0.0,236000.0
10644871,0,0.0,1.0,0.0,1.0,0.0,0.0,0.0,0.0,0.0,0.0,0.0,0.0,0.0,0.0,0.0,0.0,0.0,1.0,0.0673469387755102,0.09090909090909091,0.09090909090909091,0.0,0.05555555555555555,3,2,1,1,0,0,0,1,0.0,0.0,0.0,175000.0
10644893,0,0.0,0.0,1.0,0.0,0.0,0.0,0.0,0.0,0.0,0.0,0.0,1.0,0.0,0.0,1.0,0.0,0.0,0.0,0.00816326530612245,0.0,0.0,0.0,0.0,2,7,1,1,0,0,1,0,0.0,0.0,0.0,149000.0
10644896,0,0.0,1.0,0.0,0.0,0.0,0.0,0.0,0.0,1.0,0.0,0.0,0.0,0.0,0.0,0.0,0.0,1.0,0.0,0.09285714285714286,0.09090909090909091,0.09090909090909091,0.0,0.05555555555555555,1,0,1,0,0,0,0,1,0.0,0.18,0.0,389000.0
10644915,0,0.0,1.0,0.0,1.0,0.0,0.0,0.0,0.0,0.0,0.0,0.0,0.0,0.0,0.0,0.0,0.0,0.0,1.0,0.10102040816326532,0.09090909090909091,0.09090909090909091,0.07142857142857142,0.05555555555555555,1,1,1,0,0,0,1,1,0.0,0.25,0.0,306000.0
10644927,0,0.0,1.0,0.0,0.0,0.0,0.0,0.0,0.0,0.0,0.0,0.0,0.0,0.0,1.0,0.0,0.0,0.0,1.0,0.0979591836734694,0.09090909090909091,0.09090909090909091,0.0,0.05555555555555555,1,3,0,0,0,0,0,1,0.0,0.0,0.0,220000.0
10644932,0,0.0,1.0,0.0,0.0,0.0,1.0,0.0,0.0,0.0,0.0,0.0,0.0,0.0,0.0,0.0,0.0,0.0,1.0,0.08265306122448982,0.09090909090909091,0.09090909090909091,0.0,0.05555555555555555,0,0,1,0,0,0,1,1,0.308,0.13,0.0,349000.0
10644916,0,1.0,0.0,0.0,0.0,1.0,0.0,0.0,0.0,0.0,0.0,0.0,0.0,0.0,0.0,0.0,1.0,0.0,0.0,0.07142857142857142,0.09090909090909091,0.09090909090909091,0.0,0.05555555555555555,3,5,1,0,0,0,1,0,0.025,0.0,0.0,269000.0
10644918,0,1.0,0.0,0.0,0.0,1.0,0.0,0.0,0.0,0.0,0.0,0.0,0.0,0.0,0.0,0.0,0.0,1.0,0.0,0.07857142857142857,0.1818181818181818,0.09090909090909091,0.0,0.05555555555555555,3,5,1,0,0,0,0,1,0.0,0.02,0.0,360000.0
10382789,0,0.0,1.0,0.0,0.0,0.0,0.0,0.0,0.0,0.0,0.0,0.0,0.0,0.0,1.0,0.0,0.0,0.0,1.0,0.051020408163265314,0.09090909090909091,0.09090909090909091,0.0,0.05555555555555555,2,2,1,0,0,0,0,1,0.0,0.0,0.0,265000.0
10644934,0,0.0,1.0,0.0,0.0,0.0,1.0,0.0,0.0,0.0,0.0,0.0,0.0,0.0,0.0,0.0,1.0,0.0,0.0,0.11734693877551022,0.1818181818181818,0.09090909090909091,0.0,0.0,0,0,1,0,0,0,0,1,0.0,0.0,0.0,445000.0
10644942,0,0.0,1.0,0.0,0.0,0.0,1.0,0.0,0.0,0.0,0.0,0.0,0.0,0.0,0.0,0.0,0.0,0.0,1.0,0.03877551020408163,0.0,0.09090909090909091,0.0,0.05555555555555555,1,4,1,0,0,0,1,1,0.0,0.0,0.0,235000.0
10644977,0,0.0,1.0,0.0,1.0,0.0,0.0,0.0,0.0,0.0,0.0,0.0,0.0,0.0,0.0,0.0,0.0,0.0,1.0,0.10102040816326532,0.1818181818181818,0.09090909090909091,0.0,0.05555555555555555,1,0,1,0,0,0,0,1,0.0,0.0,0.0,384000.0
10644976,0,1.0,0.0,0.0,0.0,1.0,0.0,0.0,0.0,0.0,0.0,0.0,0.0,0.0,0.0,0.0,1.0,0.0,0.0,0.09897959183673471,0.1818181818181818,0.09090909090909091,0.0,0.05555555555555555,3,6,1,1,0,0,1,0,0.117,0.0,0.0,425000.0
10644978,0,0.0,1.0,0.0,1.0,0.0,0.0,0.0,0.0,0.0,0.0,0.0,0.0,0.0,0.0,0.0,0.0,0.0,1.0,0.10102040816326532,0.1818181818181818,0.09090909090909091,0.0,0.05555555555555555,1,0,1,0,0,0,0,1,0.0,0.0,0.0,372000.0
10644981,0,0.0,1.0,0.0,1.0,0.0,0.0,0.0,0.0,0.0,0.0,0.0,0.0,0.0,0.0,0.0,0.0,0.0,1.0,0.10102040816326532,0.09090909090909091,0.09090909090909091,0.0,0.05555555555555555,1,0,1,0,0,0,0,1,0.0,0.0,0.0,387000.0
10644980,0,0.0,1.0,0.0,1.0,0.0,0.0,0.0,0.0,0.0,0.0,0.0,0.0,0.0,0.0,0.0,0.0,0.0,1.0,0.09387755102040818,0.09090909090909091,0.09090909090909091,0.0,0.05555555555555555,1,0,1,0,0,0,0,1,0.0,0.0,0.0,346000.0
10644983,0,0.0,1.0,0.0,1.0,0.0,0.0,0.0,0.0,0.0,0.0,0.0,0.0,0.0,0.0,0.0,0.0,0.0,1.0,0.09489795918367347,0.09090909090909091,0.09090909090909091,0.0,0.05555555555555555,1,0,1,0,0,0,0,1,0.0,0.0,0.0,362000.0
10644992,0,0.0,1.0,0.0,0.0,0.0,1.0,0.0,0.0,0.0,0.0,0.0,0.0,0.0,0.0,0.0,0.0,1.0,0.0,0.07040816326530613,0.09090909090909091,0.09090909090909091,0.0,0.05555555555555555,1,2,0,0,0,0,0,0,0.0,0.0,0.0,225000.0
10644996,0,0.0,0.0,1.0,0.0,0.0,0.0,0.0,0.0,0.0,0.0,0.0,1.0,0.0,0.0,0.0,0.0,0.0,1.0,0.0163265306122449,0.0,0.09090909090909091,0.0,0.05555555555555555,1,7,0,0,0,0,0,0,0.0,0.0,0.0,70000.0
10644984,0,0.0,1.0,0.0,1.0,0.0,0.0,0.0,0.0,0.0,0.0,0.0,0.0,0.0,0.0,0.0,0.0,0.0,1.0,0.10612244897959186,0.09090909090909091,0.09090909090909091,0.0,0.05555555555555555,1,0,1,0,0,0,0,1,0.0,0.0,0.0,384000.0
10644999,0,0.0,1.0,0.0,0.0,0.0,0.0,0.0,0.0,0.0,0.0,0.0,0.0,0.0,1.0,0.0,0.0,0.0,1.0,0.08061224489795918,0.09090909090909091,0.18181818181818182,0.0,0.05555555555555555,0,2,1,0,0,0,0,1,0.0,0.0,0.0,249000.0
10513947,1,0.0,0.0,1.0,0.0,0.0,0.0,0.0,0.0,0.0,1.0,0.0,0.0,0.0,0.0,0.0,0.0,1.0,0.0,0.13979591836734695,0.09090909090909091,0.09090909090909091,0.0,0.1111111111111111,3,5,0,0,0,0,0,1,0.0,0.0,0.0002631866121463831,199000.0
10645069,0,0.0,1.0,0.0,0.0,0.0,1.0,0.0,0.0,0.0,0.0,0.0,0.0,0.0,0.0,1.0,0.0,0.0,0.0,0.08469387755102042,0.09090909090909091,0.09090909090909091,0.0,0.05555555555555555,1,0,1,0,0,0,1,1,0.0,0.31,0.0,490000.0
10645070,0,0.0,1.0,0.0,0.0,0.0,0.0,0.0,0.0,0.0,0.0,0.0,0.0,0.0,1.0,0.0,0.0,0.0,1.0,0.05816326530612246,0.0,0.09090909090909091,0.0,0.0,1,2,0,0,0,0,0,1,0.0,0.0,0.0,195000.0
10645090,0,0.0,0.0,1.0,0.0,0.0,0.0,0.0,1.0,0.0,0.0,0.0,0.0,0.0,0.0,0.0,0.0,0.0,1.0,0.07857142857142857,0.09090909090909091,0.09090909090909091,0.0,0.1111111111111111,0,2,0,0,0,0,0,1,0.0,0.1,0.0,235000.0
10645094,0,0.0,1.0,0.0,0.0,0.0,0.0,0.0,0.0,0.0,0.0,0.0,0.0,0.0,1.0,0.0,0.0,0.0,1.0,0.0673469387755102,0.09090909090909091,0.0,0.0,0.0,1,3,0,0,0,0,0,0,0.0,0.0,0.0,249000.0
10645092,0,0.0,1.0,0.0,0.0,0.0,0.0,0.0,0.0,0.0,0.0,0.0,0.0,0.0,1.0,0.0,0.0,0.0,1.0,0.0673469387755102,0.09090909090909091,0.0,0.0,0.0,1,3,0,0,0,0,0,0,0.0,0.0,0.0,259000.0
10645091,0,0.0,1.0,0.0,0.0,0.0,0.0,0.0,0.0,0.0,0.0,0.0,0.0,0.0,1.0,0.0,0.0,0.0,1.0,0.0673469387755102,0.09090909090909091,0.0,0.0,0.0,1,3,0,0,0,0,0,0,0.0,0.0,0.0,229000.0
10645095,0,0.0,0.0,1.0,0.0,0.0,0.0,0.0,1.0,0.0,0.0,0.0,0.0,0.0,0.0,0.0,1.0,0.0,0.0,0.09285714285714286,0.1818181818181818,0.0,0.14285714285714285,0.05555555555555555,0,0,0,0,0,0,0,1,0.0,0.3,0.0,285000.0
10645101,0,0.0,1.0,0.0,0.0,0.0,0.0,0.0,0.0,0.0,0.0,0.0,0.0,0.0,1.0,0.0,0.0,1.0,0.0,0.08265306122448982,0.09090909090909091,0.09090909090909091,0.0,0.05555555555555555,0,0,1,0,0,0,0,1,0.0,0.06,0.0,245000.0
10645135,0,1.0,0.0,0.0,0.0,1.0,0.0,0.0,0.0,0.0,0.0,0.0,0.0,0.0,0.0,1.0,0.0,0.0,0.0,0.07653061224489796,0.09090909090909091,0.18181818181818182,0.0,0.1111111111111111,0,0,0,0,0,0,0,0,0.0,0.0,0.0,350000.0
10645129,0,1.0,0.0,0.0,0.0,1.0,0.0,0.0,0.0,0.0,0.0,0.0,0.0,0.0,0.0,0.0,1.0,0.0,0.0,0.07346938775510206,0.09090909090909091,0.09090909090909091,0.0,0.05555555555555555,3,7,0,0,0,0,0,0,0.0,0.0,0.0,249000.0
10645102,0,0.0,1.0,0.0,0.0,0.0,0.0,0.0,0.0,0.0,0.0,0.0,0.0,0.0,1.0,0.0,0.0,1.0,0.0,0.09183673469387757,0.09090909090909091,0.09090909090909091,0.0,0.1111111111111111,0,0,1,0,0,0,0,1,0.0,0.18,0.0,250000.0
10645103,0,0.0,1.0,0.0,0.0,0.0,0.0,0.0,0.0,0.0,0.0,0.0,0.0,0.0,1.0,0.0,0.0,1.0,0.0,0.08571428571428572,0.09090909090909091,0.09090909090909091,0.0,0.05555555555555555,0,0,1,0,0,0,0,1,0.0,0.17,0.0,230000.0
10645139,0,0.0,1.0,0.0,0.0,0.0,0.0,0.0,0.0,0.0,0.0,0.0,0.0,0.0,1.0,0.0,0.0,0.0,1.0,0.051020408163265314,0.09090909090909091,0.09090909090909091,0.0,0.05555555555555555,3,2,1,1,0,0,0,1,0.0,0.0,0.0,275000.0
10645137,0,0.0,1.0,0.0,0.0,0.0,1.0,0.0,0.0,0.0,0.0,0.0,0.0,0.0,0.0,0.0,1.0,0.0,0.0,0.07040816326530613,0.09090909090909091,0.09090909090909091,0.07142857142857142,0.05555555555555555,1,0,1,0,0,0,1,1,0.0,0.27,0.0,415000.0
10645142,0,0.0,0.0,1.0,0.0,0.0,0.0,0.0,0.0,0.0,0.0,0.0,0.0,1.0,0.0,0.0,0.0,0.0,1.0,0.1806122448979592,0.1818181818181818,0.18181818181818182,0.0,0.0,0,0,0,0,0,0,0,1,0.0,0.28,0.0,498000.0
10645160,0,0.0,1.0,0.0,0.0,0.0,1.0,0.0,0.0,0.0,0.0,0.0,0.0,0.0,0.0,1.0,0.0,0.0,0.0,0.1479591836734694,0.1818181818181818,0.09090909090909091,0.0,0.0,0,2,1,0,0,0,0,1,0.0,0.0,0.0,525000.0
10645186,1,0.0,1.0,0.0,0.0,0.0,0.0,0.0,0.0,0.0,0.0,0.0,0.0,0.0,1.0,0.0,0.0,0.0,1.0,0.23775510204081637,0.36363636363636365,0.09090909090909091,0.0,0.05555555555555555,2,6,0,0,0,0,1,1,0.0,0.0,0.001368203572551929,419000.0
10645178,0,0.0,1.0,0.0,0.0,0.0,1.0,0.0,0.0,0.0,0.0,0.0,0.0,0.0,0.0,0.0,1.0,0.0,0.0,0.09183673469387757,0.09090909090909091,0.09090909090909091,0.0,0.05555555555555555,0,1,0,0,0,0,1,1,0.0,0.0,0.0,448075.0
10645177,0,0.0,1.0,0.0,1.0,0.0,0.0,0.0,0.0,0.0,0.0,0.0,0.0,0.0,0.0,0.0,0.0,0.0,1.0,0.15816326530612246,0.1818181818181818,0.18181818181818182,0.14285714285714285,0.16666666666666666,3,0,1,0,0,0,1,1,1.0,0.18,0.0,625000.0
10645189,1,0.0,1.0,0.0,0.0,0.0,0.0,0.0,0.0,0.0,0.0,0.0,0.0,0.0,1.0,0.0,0.0,0.0,1.0,0.41938775510204085,0.2727272727272727,0.18181818181818182,0.0,0.1111111111111111,1,5,0,0,0,0,1,1,0.0,0.0,0.0017973719853899336,445000.0
10645216,0,0.0,1.0,0.0,0.0,0.0,1.0,0.0,0.0,0.0,0.0,0.0,0.0,0.0,0.0,0.0,0.0,0.0,1.0,0.10714285714285715,0.09090909090909091,0.09090909090909091,0.0,0.05555555555555555,1,3,0,0,0,0,0,0,0.0,0.0,0.0,395000.0
10645219,0,0.0,1.0,0.0,0.0,0.0,1.0,0.0,0.0,0.0,0.0,0.0,0.0,0.0,0.0,0.0,0.0,1.0,0.0,0.11734693877551022,0.1818181818181818,0.0,0.0,0.0,4,2,0,0,0,0,0,0,0.0,0.0,0.0,345000.0
10645259,0,0.0,1.0,0.0,0.0,0.0,0.0,0.0,0.0,1.0,0.0,0.0,0.0,0.0,0.0,0.0,0.0,0.0,1.0,0.08265306122448982,0.09090909090909091,0.09090909090909091,0.0,0.05555555555555555,0,0,1,0,0,0,1,1,0.0,0.18,0.0,274000.0
10645274,0,0.0,1.0,0.0,0.0,0.0,0.0,1.0,0.0,0.0,0.0,0.0,0.0,0.0,0.0,0.0,1.0,0.0,0.0,0.04591836734693878,0.0,0.09090909090909091,0.0,0.05555555555555555,1,2,1,0,0,0,0,1,0.0,0.04,0.0,345000.0
10645272,0,0.0,0.0,1.0,0.0,0.0,0.0,0.0,0.0,0.0,0.0,1.0,0.0,0.0,0.0,0.0,0.0,0.0,1.0,0.06122448979591837,0.09090909090909091,0.09090909090909091,0.0,0.05555555555555555,0,4,0,0,0,0,0,0,0.0,0.0,0.0,99000.0
10645293,0,0.0,1.0,0.0,0.0,0.0,0.0,0.0,0.0,1.0,0.0,0.0,0.0,0.0,0.0,0.0,0.0,1.0,0.0,0.17448979591836736,0.1818181818181818,0.09090909090909091,0.0,0.1111111111111111,3,0,1,0,0,0,0,0,0.0,0.0,0.0,1295000.0
10645251,0,0.0,1.0,0.0,1.0,0.0,0.0,0.0,0.0,0.0,0.0,0.0,0.0,0.0,0.0,0.0,1.0,0.0,0.0,0.15816326530612246,0.2727272727272727,0.18181818181818182,0.0,0.0,0,5,0,0,0,0,0,0,0.0,0.0,0.0,385000.0
10645282,0,0.0,1.0,0.0,1.0,0.0,0.0,0.0,0.0,0.0,0.0,0.0,0.0,0.0,0.0,1.0,0.0,0.0,0.0,0.04081632653061225,0.0,0.09090909090909091,0.0,0.0,0,2,0,0,0,0,0,0,0.0,0.0,0.0,299000.0
10645306,0,0.0,1.0,0.0,0.0,0.0,1.0,0.0,0.0,0.0,0.0,0.0,0.0,0.0,0.0,0.0,0.0,1.0,0.0,0.07142857142857142,0.09090909090909091,0.09090909090909091,0.0,0.05555555555555555,0,3,1,0,0,0,0,0,0.0,0.0,0.0,195000.0
10645314,0,1.0,0.0,0.0,0.0,1.0,0.0,0.0,0.0,0.0,0.0,0.0,0.0,0.0,0.0,0.0,0.0,0.0,1.0,0.05612244897959184,0.09090909090909091,0.09090909090909091,0.0,0.0,0,3,1,0,0,0,1,1,0.0,0.1,0.0,230000.0
10645302,0,0.0,1.0,0.0,1.0,0.0,0.0,0.0,0.0,0.0,0.0,0.0,0.0,0.0,0.0,0.0,0.0,1.0,0.0,0.06632653061224492,0.1818181818181818,0.09090909090909091,0.0,0.05555555555555555,0,2,0,0,0,0,0,1,0.0,0.04,0.0,259900.0
10645324,0,0.0,1.0,0.0,0.0,0.0,1.0,0.0,0.0,0.0,0.0,0.0,0.0,0.0,0.0,0.0,0.0,0.0,1.0,0.10408163265306122,0.1818181818181818,0.18181818181818182,0.0,0.05555555555555555,0,2,1,0,0,0,0,1,0.0,0.1,0.0,449000.0
10645335,0,0.0,1.0,0.0,0.0,0.0,0.0,0.0,0.0,0.0,0.0,0.0,0.0,0.0,1.0,0.0,0.0,0.0,1.0,0.21836734693877555,0.5454545454545454,0.18181818181818182,0.0,0.0,1,4,0,0,0,0,0,0,0.0,0.0,0.0,210000.0
10645331,0,0.0,1.0,0.0,1.0,0.0,0.0,0.0,0.0,0.0,0.0,0.0,0.0,0.0,0.0,0.0,0.0,0.0,1.0,0.06224489795918368,0.09090909090909091,0.09090909090909091,0.0,0.0,0,2,1,0,0,0,0,1,0.0,0.02,0.0,184000.0
10645332,0,0.0,1.0,0.0,1.0,0.0,0.0,0.0,0.0,0.0,0.0,0.0,0.0,0.0,0.0,0.0,1.0,0.0,0.0,0.04081632653061225,0.09090909090909091,0.09090909090909091,0.0,0.0,2,4,0,0,0,0,0,0,0.0,0.0,0.0,199000.0
10645357,0,0.0,1.0,0.0,0.0,0.0,0.0,0.0,0.0,0.0,0.0,0.0,0.0,0.0,1.0,0.0,0.0,0.0,1.0,0.11224489795918369,0.1818181818181818,0.18181818181818182,0.0,0.0,1,3,0,0,0,0,1,1,0.0,0.0,0.0,574500.0
10645370,0,0.0,1.0,0.0,0.0,0.0,0.0,1.0,0.0,0.0,0.0,0.0,0.0,0.0,0.0,0.0,1.0,0.0,0.0,0.11734693877551022,0.0,0.09090909090909091,0.0,0.05555555555555555,0,4,0,0,0,0,1,0,0.0,0.0,0.0,305000.0
10645369,0,0.0,1.0,0.0,0.0,0.0,0.0,1.0,0.0,0.0,0.0,0.0,0.0,0.0,0.0,0.0,0.0,0.0,1.0,0.09693877551020408,0.1818181818181818,0.09090909090909091,0.0,0.1111111111111111,1,2,1,0,0,0,0,1,0.0,0.1,0.0,399000.0
10645373,0,0.0,1.0,0.0,0.0,0.0,0.0,1.0,0.0,0.0,0.0,0.0,0.0,0.0,0.0,0.0,1.0,0.0,0.0,0.057142857142857155,0.0,0.09090909090909091,0.0,0.05555555555555555,0,3,0,0,0,0,1,1,0.2,0.24,0.0,315000.0
10514290,1,0.0,0.0,1.0,0.0,0.0,0.0,0.0,1.0,0.0,0.0,0.0,0.0,0.0,0.0,0.0,0.0,1.0,0.0,0.025510204081632654,0.0,0.09090909090909091,0.07142857142857142,0.05555555555555555,3,7,0,0,0,0,0,1,0.0,0.13,4.034916701895769e-05,79000.0
10645387,0,0.0,1.0,0.0,0.0,0.0,1.0,0.0,0.0,0.0,0.0,0.0,0.0,0.0,0.0,0.0,0.0,1.0,0.0,0.10612244897959186,0.09090909090909091,0.09090909090909091,0.0,0.0,1,2,1,0,0,0,1,1,0.0,0.0,0.0,365000.0
10645386,0,0.0,1.0,0.0,0.0,0.0,1.0,0.0,0.0,0.0,0.0,0.0,0.0,0.0,0.0,0.0,0.0,1.0,0.0,0.12040816326530615,0.1818181818181818,0.2727272727272727,0.0,0.0,4,2,0,0,0,0,1,1,0.0,0.25,0.0,290000.0
10645388,0,0.0,1.0,0.0,0.0,0.0,1.0,0.0,0.0,0.0,0.0,0.0,0.0,0.0,0.0,0.0,0.0,1.0,0.0,0.05612244897959184,0.09090909090909091,0.09090909090909091,0.0,0.05555555555555555,1,3,0,0,0,0,1,0,0.0,0.0,0.0,189000.0
10645381,0,1.0,0.0,0.0,0.0,1.0,0.0,0.0,0.0,0.0,0.0,0.0,0.0,0.0,0.0,0.0,1.0,0.0,0.0,0.12244897959183676,0.2727272727272727,0.09090909090909091,0.07142857142857142,0.1111111111111111,2,0,0,0,0,0,0,1,0.0,0.12,0.0,825000.0
10645399,0,0.0,1.0,0.0,0.0,0.0,0.0,0.0,0.0,1.0,0.0,0.0,0.0,0.0,0.0,0.0,0.0,1.0,0.0,0.163265306122449,0.1818181818181818,0.18181818181818182,0.0,0.05555555555555555,5,2,1,0,0,0,1,1,0.0,0.24,0.0,399000.0
10645389,0,0.0,1.0,0.0,1.0,0.0,0.0,0.0,0.0,0.0,0.0,0.0,0.0,0.0,0.0,0.0,0.0,0.0,1.0,0.08775510204081632,0.09090909090909091,0.09090909090909091,0.0,0.05555555555555555,1,2,1,0,0,0,1,1,0.0,0.48,0.0,398000.0
10645415,0,0.0,1.0,0.0,1.0,0.0,0.0,0.0,0.0,0.0,0.0,0.0,0.0,0.0,0.0,0.0,0.0,0.0,1.0,0.051020408163265314,0.0,0.09090909090909091,0.0,0.05555555555555555,4,6,1,0,0,0,0,0,0.0,0.0,0.0,149000.0
10645410,0,0.0,1.0,0.0,0.0,0.0,0.0,0.0,0.0,0.0,0.0,0.0,0.0,0.0,1.0,0.0,0.0,1.0,0.0,0.030612244897959183,0.0,0.09090909090909091,0.0,0.05555555555555555,0,2,1,0,0,0,0,1,0.0,0.0,0.0,159000.0
10645411,0,0.0,1.0,0.0,0.0,0.0,0.0,0.0,0.0,0.0,0.0,0.0,0.0,0.0,1.0,0.0,0.0,1.0,0.0,0.19897959183673472,0.1818181818181818,0.18181818181818182,0.0,0.1111111111111111,0,2,1,0,0,0,1,1,0.0,0.12,0.0,629000.0
10645424,0,0.0,1.0,0.0,0.0,0.0,0.0,0.0,0.0,0.0,0.0,0.0,0.0,0.0,1.0,0.0,0.0,1.0,0.0,0.06326530612244899,0.09090909090909091,0.09090909090909091,0.07142857142857142,0.05555555555555555,5,3,1,0,0,0,0,0,0.0,0.0,0.0,595000.0
10645426,0,0.0,1.0,0.0,0.0,0.0,0.0,0.0,0.0,0.0,0.0,0.0,0.0,0.0,1.0,0.0,0.0,1.0,0.0,0.1836734693877551,0.36363636363636365,0.2727272727272727,0.21428571428571427,0.16666666666666666,1,0,0,0,0,0,1,0,0.0,0.0,0.0,1085000.0
10645458,0,0.0,1.0,0.0,1.0,0.0,0.0,0.0,0.0,0.0,0.0,0.0,0.0,0.0,0.0,0.0,0.0,0.0,1.0,0.11224489795918369,0.09090909090909091,0.18181818181818182,0.0,0.0,0,2,0,0,0,0,0,1,0.0,0.0,0.0,337000.0
10514425,0,0.0,1.0,0.0,0.0,0.0,0.0,1.0,0.0,0.0,0.0,0.0,0.0,0.0,0.0,0.0,0.0,1.0,0.0,0.09183673469387757,0.1818181818181818,0.09090909090909091,0.0,0.0,3,3,0,0,0,0,0,1,0.0,0.06,0.0,345000.0
10645548,0,0.0,1.0,0.0,0.0,0.0,1.0,0.0,0.0,0.0,0.0,0.0,0.0,0.0,0.0,0.0,0.0,0.0,1.0,0.07142857142857142,0.09090909090909091,0.09090909090909091,0.0,0.05555555555555555,3,1,0,1,0,0,0,1,0.0,0.0,0.0,289000.0
10645538,0,1.0,0.0,0.0,0.0,1.0,0.0,0.0,0.0,0.0,0.0,0.0,0.0,0.0,0.0,0.0,1.0,0.0,0.0,0.10204081632653061,0.09090909090909091,0.09090909090909091,0.0,0.1111111111111111,3,6,0,0,0,0,0,1,0.0,0.14,0.0,475000.0
10645539,0,1.0,0.0,0.0,0.0,1.0,0.0,0.0,0.0,0.0,0.0,0.0,0.0,0.0,0.0,0.0,0.0,0.0,1.0,0.08673469387755103,0.09090909090909091,0.09090909090909091,0.0,0.05555555555555555,3,7,1,0,0,0,0,0,0.0,0.0,0.0,480000.0
10645554,0,0.0,1.0,0.0,0.0,0.0,1.0,0.0,0.0,0.0,0.0,0.0,0.0,0.0,0.0,0.0,0.0,0.0,1.0,0.07142857142857142,0.09090909090909091,0.09090909090909091,0.0,0.05555555555555555,3,2,0,1,0,0,1,1,0.036000000000000004,0.15,0.0,259000.0
10645553,0,0.0,1.0,0.0,0.0,0.0,0.0,1.0,0.0,0.0,0.0,0.0,0.0,0.0,0.0,0.0,0.0,0.0,1.0,0.07959183673469389,0.09090909090909091,0.09090909090909091,0.07142857142857142,0.05555555555555555,3,2,0,0,0,0,0,1,0.0,0.07,0.0,259000.0
10645557,0,0.0,1.0,0.0,0.0,0.0,0.0,1.0,0.0,0.0,0.0,0.0,0.0,0.0,0.0,0.0,1.0,0.0,0.0,0.06632653061224492,0.09090909090909091,0.09090909090909091,0.0,0.0,3,4,0,0,0,0,0,1,0.0,0.0,0.0,315000.0
10645564,0,1.0,0.0,0.0,0.0,1.0,0.0,0.0,0.0,0.0,0.0,0.0,0.0,0.0,0.0,0.0,1.0,0.0,0.0,0.04387755102040817,0.0,0.09090909090909091,0.07142857142857142,0.1111111111111111,0,3,0,0,0,0,0,0,0.0,0.0,0.0,249000.0
10645560,0,0.0,1.0,0.0,0.0,0.0,0.0,0.0,0.0,0.0,0.0,0.0,0.0,0.0,1.0,0.0,0.0,0.0,1.0,0.08775510204081632,0.09090909090909091,0.09090909090909091,0.0,0.05555555555555555,1,2,1,0,0,0,0,1,0.0,0.08,0.0,429800.0
10645568,0,0.0,1.0,0.0,0.0,0.0,0.0,1.0,0.0,0.0,0.0,0.0,0.0,0.0,0.0,0.0,0.0,0.0,1.0,0.09897959183673471,0.1818181818181818,0.18181818181818182,0.07142857142857142,0.05555555555555555,5,0,1,0,1,0,0,1,0.0,0.25,0.0,345000.0
10645559,0,0.0,1.0,0.0,0.0,0.0,0.0,0.0,0.0,0.0,0.0,0.0,0.0,0.0,1.0,0.0,0.0,0.0,1.0,0.057142857142857155,0.09090909090909091,0.09090909090909091,0.0,0.05555555555555555,1,2,1,0,0,0,0,1,0.0,0.09,0.0,399000.0
10645574,0,0.0,1.0,0.0,0.0,0.0,0.0,1.0,0.0,0.0,0.0,0.0,0.0,0.0,0.0,0.0,0.0,0.0,1.0,0.1326530612244898,0.2727272727272727,0.18181818181818182,0.14285714285714285,0.1111111111111111,1,1,1,0,0,0,0,1,0.0,0.45,0.0,740500.0
10645571,0,0.0,1.0,0.0,0.0,0.0,0.0,1.0,0.0,0.0,0.0,0.0,0.0,0.0,0.0,0.0,0.0,0.0,1.0,0.03571428571428572,0.0,0.09090909090909091,0.07142857142857142,0.05555555555555555,1,1,1,0,0,0,0,1,0.0,0.15,0.0,296000.0
10645572,0,0.0,1.0,0.0,0.0,0.0,0.0,1.0,0.0,0.0,0.0,0.0,0.0,0.0,0.0,0.0,0.0,0.0,1.0,0.05612244897959184,0.09090909090909091,0.09090909090909091,0.07142857142857142,0.05555555555555555,1,1,1,0,0,0,0,1,0.0,0.18,0.0,356500.0
10645569,0,1.0,0.0,0.0,0.0,1.0,0.0,0.0,0.0,0.0,0.0,0.0,0.0,0.0,0.0,0.0,0.0,1.0,0.0,0.1275510204081633,0.1818181818181818,0.18181818181818182,0.07142857142857142,0.1111111111111111,3,7,1,0,0,0,1,1,0.2,0.12,0.0,545000.0
10645573,0,0.0,1.0,0.0,0.0,0.0,0.0,1.0,0.0,0.0,0.0,0.0,0.0,0.0,0.0,0.0,0.0,0.0,1.0,0.07448979591836735,0.1818181818181818,0.09090909090909091,0.07142857142857142,0.05555555555555555,1,1,1,0,0,0,0,1,0.0,0.2,0.0,462500.0
10645586,0,1.0,0.0,0.0,0.0,1.0,0.0,0.0,0.0,0.0,0.0,0.0,0.0,0.0,0.0,0.0,1.0,0.0,0.0,0.051020408163265314,0.0,0.09090909090909091,0.0,0.05555555555555555,5,7,0,0,0,0,0,0,0.0,0.0,0.0,169000.0
10645579,0,0.0,1.0,0.0,0.0,0.0,0.0,0.0,0.0,0.0,0.0,0.0,0.0,0.0,1.0,0.0,0.0,0.0,1.0,0.06428571428571428,0.09090909090909091,0.09090909090909091,0.0,0.05555555555555555,3,1,1,0,0,0,0,0,0.0,0.0,0.0,225000.0
10645582,0,1.0,0.0,0.0,0.0,1.0,0.0,0.0,0.0,0.0,0.0,0.0,0.0,0.0,0.0,0.0,0.0,1.0,0.0,0.1306122448979592,0.1818181818181818,0.09090909090909091,0.0,0.05555555555555555,5,5,1,0,0,0,0,1,0.0,0.24,0.0,390000.0
10645583,0,1.0,0.0,0.0,0.0,1.0,0.0,0.0,0.0,0.0,0.0,0.0,0.0,0.0,0.0,0.0,1.0,0.0,0.0,0.12244897959183676,0.2727272727272727,0.18181818181818182,0.0,0.16666666666666666,1,4,0,0,0,0,0,1,0.0,0.22,0.0,495000.0
10645587,0,1.0,0.0,0.0,0.0,1.0,0.0,0.0,0.0,0.0,0.0,0.0,0.0,0.0,0.0,0.0,0.0,1.0,0.0,0.057142857142857155,0.09090909090909091,0.09090909090909091,0.07142857142857142,0.05555555555555555,1,6,1,0,0,0,0,1,0.0,0.15,0.0,275000.0
10645627,0,0.0,1.0,0.0,1.0,0.0,0.0,0.0,0.0,0.0,0.0,0.0,0.0,0.0,0.0,1.0,0.0,0.0,0.0,0.13571428571428573,0.1818181818181818,0.18181818181818182,0.0,0.0,0,2,0,0,0,0,1,0,0.075,0.0,0.0,674500.0
10645609,0,1.0,0.0,0.0,0.0,1.0,0.0,0.0,0.0,0.0,0.0,0.0,0.0,0.0,0.0,0.0,0.0,0.0,1.0,0.017346938775510204,0.0,0.09090909090909091,0.0,0.0,5,7,0,0,0,0,0,1,0.0,0.2,0.0,155000.0
10645626,0,0.0,1.0,0.0,1.0,0.0,0.0,0.0,0.0,0.0,0.0,0.0,0.0,0.0,0.0,1.0,0.0,0.0,0.0,0.08061224489795918,0.09090909090909091,0.09090909090909091,0.0,0.0,0,2,0,0,0,0,1,0,0.045,0.0,0.0,399500.0
10645618,0,0.0,0.0,1.0,0.0,0.0,0.0,0.0,0.0,0.0,1.0,0.0,0.0,0.0,0.0,0.0,0.0,1.0,0.0,0.04081632653061225,0.0,0.09090909090909091,0.0,0.05555555555555555,1,2,1,0,0,0,0,1,0.0,0.0,0.0,165000.0
10645636,0,0.0,1.0,0.0,0.0,0.0,0.0,0.0,0.0,0.0,0.0,0.0,0.0,0.0,1.0,0.0,0.0,1.0,0.0,0.0673469387755102,0.09090909090909091,0.09090909090909091,0.0,0.0,1,0,1,0,0,0,0,1,0.0,0.0,0.0,1190000.0
10645644,0,0.0,1.0,0.0,1.0,0.0,0.0,0.0,0.0,0.0,0.0,0.0,0.0,0.0,0.0,0.0,0.0,0.0,1.0,0.0816326530612245,0.09090909090909091,0.09090909090909091,0.0,0.1111111111111111,0,3,1,0,0,0,0,1,0.0,0.0,0.0,255000.0
10645637,0,0.0,1.0,0.0,0.0,0.0,0.0,0.0,0.0,0.0,0.0,0.0,0.0,0.0,1.0,0.0,0.0,1.0,0.0,0.07959183673469389,0.1818181818181818,0.18181818181818182,0.0,0.0,2,1,1,0,0,0,0,0,0.0,0.0,0.0,1090000.0
10645645,0,0.0,1.0,0.0,1.0,0.0,0.0,0.0,0.0,0.0,0.0,0.0,0.0,0.0,0.0,0.0,0.0,1.0,0.0,0.05612244897959184,0.09090909090909091,0.09090909090909091,0.0,0.05555555555555555,2,1,0,0,0,0,0,1,0.0,0.0,0.0,219000.0
10645650,0,1.0,0.0,0.0,0.0,1.0,0.0,0.0,0.0,0.0,0.0,0.0,0.0,0.0,0.0,0.0,0.0,1.0,0.0,0.11224489795918369,0.1818181818181818,0.09090909090909091,0.0,0.1111111111111111,5,5,1,0,0,0,0,1,0.0,0.02,0.0,375000.0
10645619,0,0.0,0.0,1.0,0.0,0.0,0.0,0.0,0.0,0.0,0.0,0.0,1.0,0.0,0.0,0.0,0.0,1.0,0.0,0.06428571428571428,0.09090909090909091,0.09090909090909091,0.0,0.05555555555555555,1,1,1,0,0,0,0,1,0.0,0.0,0.0,310000.0
10645649,0,1.0,0.0,0.0,0.0,1.0,0.0,0.0,0.0,0.0,0.0,0.0,0.0,0.0,0.0,0.0,0.0,1.0,0.0,0.07653061224489796,0.09090909090909091,0.09090909090909091,0.0,0.05555555555555555,1,5,1,0,0,0,0,1,0.0,0.04,0.0,335000.0
10645610,0,0.0,0.0,1.0,0.0,0.0,0.0,0.0,0.0,0.0,1.0,0.0,0.0,0.0,0.0,0.0,0.0,0.0,1.0,0.1326530612244898,0.1818181818181818,0.09090909090909091,0.0,0.1111111111111111,1,2,0,0,0,0,0,1,0.0,0.12,0.0,349000.0
10645670,0,0.0,1.0,0.0,0.0,0.0,0.0,0.0,0.0,0.0,0.0,0.0,0.0,0.0,1.0,0.0,0.0,1.0,0.0,0.07346938775510206,0.1818181818181818,0.09090909090909091,0.07142857142857142,0.05555555555555555,1,2,1,0,0,0,0,1,0.0,0.0,0.0,995000.0
10383510,1,0.0,1.0,0.0,0.0,0.0,1.0,0.0,0.0,0.0,0.0,0.0,0.0,0.0,0.0,0.0,0.0,0.0,1.0,0.1326530612244898,0.1818181818181818,0.09090909090909091,0.0,0.1111111111111111,1,5,0,0,0,0,0,1,0.0,0.0,0.0003026187526421827,279000.0
10645680,0,0.0,1.0,0.0,1.0,0.0,0.0,0.0,0.0,0.0,0.0,0.0,0.0,0.0,0.0,0.0,1.0,0.0,0.0,0.30612244897959184,0.09090909090909091,0.18181818181818182,0.0,0.0,2,0,0,0,0,0,0,1,0.0,0.0,0.0,1170000.0
10645685,0,1.0,0.0,0.0,0.0,1.0,0.0,0.0,0.0,0.0,0.0,0.0,0.0,0.0,0.0,0.0,1.0,0.0,0.0,0.0653061224489796,0.09090909090909091,0.09090909090909091,0.0,0.05555555555555555,4,6,0,0,0,0,0,1,0.0,0.04,0.0,275000.0
10645690,0,0.0,1.0,0.0,0.0,0.0,0.0,0.0,0.0,1.0,0.0,0.0,0.0,0.0,0.0,0.0,0.0,1.0,0.0,0.2142857142857143,0.2727272727272727,0.18181818181818182,0.0,0.1111111111111111,3,1,1,0,0,0,0,1,0.0,0.0,0.0,595000.0
10645693,0,0.0,1.0,0.0,0.0,0.0,1.0,0.0,0.0,0.0,0.0,0.0,0.0,0.0,0.0,1.0,0.0,0.0,0.0,0.07653061224489796,0.09090909090909091,0.09090909090909091,0.0,0.0,4,2,1,0,0,0,0,1,0.0,0.0,0.0,285000.0
10514624,0,0.0,0.0,1.0,0.0,0.0,0.0,0.0,0.0,0.0,1.0,0.0,0.0,0.0,0.0,0.0,0.0,0.0,1.0,0.09183673469387757,0.0,0.0,0.0,0.0,3,0,0,1,0,0,0,0,0.0,0.0,0.0,60000.0
10514623,0,0.0,0.0,1.0,0.0,0.0,0.0,0.0,0.0,0.0,1.0,0.0,0.0,0.0,0.0,0.0,0.0,0.0,1.0,0.07448979591836735,0.09090909090909091,0.09090909090909091,0.0,0.05555555555555555,3,7,0,1,0,0,0,0,0.0,0.0,0.0,120000.0
10645698,0,0.0,1.0,0.0,1.0,0.0,0.0,0.0,0.0,0.0,0.0,0.0,0.0,0.0,0.0,1.0,0.0,0.0,0.0,0.08469387755102042,0.09090909090909091,0.09090909090909091,0.07142857142857142,0.1111111111111111,0,2,1,0,0,0,0,1,0.0,0.15,0.0,449000.0
10645700,0,1.0,0.0,0.0,0.0,1.0,0.0,0.0,0.0,0.0,0.0,0.0,0.0,0.0,0.0,0.0,0.0,0.0,1.0,0.1836734693877551,0.2727272727272727,0.18181818181818182,0.07142857142857142,0.1111111111111111,1,4,0,0,0,0,0,1,0.0,0.15,0.0,980000.0
10645735,0,1.0,0.0,0.0,0.0,1.0,0.0,0.0,0.0,0.0,0.0,0.0,0.0,0.0,0.0,0.0,1.0,0.0,0.0,0.059183673469387764,0.09090909090909091,0.09090909090909091,0.0,0.05555555555555555,3,7,0,0,0,0,0,0,0.0,0.0,0.0,239000.0
10645706,0,0.0,0.0,1.0,0.0,0.0,0.0,0.0,1.0,0.0,0.0,0.0,0.0,0.0,0.0,0.0,1.0,0.0,0.0,0.05510204081632653,0.1818181818181818,0.09090909090909091,0.0,0.1111111111111111,4,5,0,0,0,0,0,1,0.0,0.0,0.0,240000.0
10645714,0,1.0,0.0,0.0,0.0,1.0,0.0,0.0,0.0,0.0,0.0,0.0,0.0,0.0,0.0,0.0,1.0,0.0,0.0,0.06020408163265307,0.09090909090909091,0.09090909090909091,0.0,0.05555555555555555,1,3,1,0,0,0,0,1,0.0,0.03,0.0,420000.0
10645743,0,0.0,0.0,1.0,0.0,0.0,0.0,0.0,1.0,0.0,0.0,0.0,0.0,0.0,0.0,0.0,0.0,1.0,0.0,0.05000000000000001,0.0,0.09090909090909091,0.0,0.05555555555555555,1,1,1,0,0,0,0,1,0.0,0.0,0.0,189000.0
10645746,0,0.0,1.0,0.0,0.0,0.0,1.0,0.0,0.0,0.0,0.0,0.0,0.0,0.0,0.0,1.0,0.0,0.0,0.0,0.030612244897959183,0.0,0.09090909090909091,0.0,0.05555555555555555,1,2,1,0,0,0,0,1,0.0,0.06,0.0,285000.0
10645773,0,0.0,1.0,0.0,0.0,0.0,1.0,0.0,0.0,0.0,0.0,0.0,0.0,0.0,0.0,0.0,0.0,1.0,0.0,0.059183673469387764,0.0,0.09090909090909091,0.0,0.05555555555555555,3,2,0,0,0,0,0,0,0.0,0.0,0.0,223000.0
10645822,0,0.0,0.0,1.0,0.0,0.0,0.0,0.0,1.0,0.0,0.0,0.0,0.0,0.0,0.0,0.0,0.0,1.0,0.0,0.051020408163265314,0.09090909090909091,0.09090909090909091,0.07142857142857142,0.05555555555555555,1,1,1,0,0,0,0,0,0.0,0.0,0.0,180000.0
10645828,0,0.0,1.0,0.0,0.0,0.0,0.0,0.0,0.0,0.0,0.0,0.0,0.0,0.0,1.0,0.0,0.0,0.0,1.0,0.07551020408163267,0.09090909090909091,0.09090909090909091,0.0,0.05555555555555555,3,5,1,0,0,0,0,0,0.0,0.0,0.0,249000.0
10645830,0,0.0,1.0,0.0,0.0,0.0,1.0,0.0,0.0,0.0,0.0,0.0,0.0,0.0,0.0,0.0,0.0,0.0,1.0,0.1112244897959184,0.09090909090909091,0.09090909090909091,0.07142857142857142,0.05555555555555555,3,3,0,0,0,0,0,0,0.0,0.0,0.0,189000.0
10645866,0,0.0,0.0,1.0,0.0,0.0,0.0,0.0,1.0,0.0,0.0,0.0,0.0,0.0,0.0,0.0,0.0,0.0,1.0,0.19897959183673472,0.09090909090909091,0.09090909090909091,0.0,0.0,4,5,0,0,0,0,0,1,0.0,0.0,0.0,199000.0
10645831,0,1.0,0.0,0.0,0.0,1.0,0.0,0.0,0.0,0.0,0.0,0.0,0.0,0.0,0.0,0.0,0.0,0.0,1.0,0.036734693877551024,0.0,0.09090909090909091,0.0,0.05555555555555555,1,3,1,0,0,0,0,0,0.0,0.0,0.0,195000.0
10645837,0,0.0,0.0,1.0,0.0,0.0,0.0,0.0,0.0,0.0,1.0,0.0,0.0,0.0,0.0,0.0,0.0,0.0,1.0,0.07142857142857142,0.09090909090909091,0.09090909090909091,0.0,0.05555555555555555,3,4,0,0,0,0,1,1,0.05,0.3,0.0,165000.0
10645877,0,1.0,0.0,0.0,0.0,1.0,0.0,0.0,0.0,0.0,0.0,0.0,0.0,0.0,0.0,0.0,0.0,0.0,1.0,0.07551020408163267,0.0,0.09090909090909091,0.07142857142857142,0.05555555555555555,2,4,0,0,0,0,0,0,0.0,0.0,0.0,320000.0
10645870,0,0.0,1.0,0.0,0.0,0.0,0.0,1.0,0.0,0.0,0.0,0.0,0.0,0.0,0.0,0.0,1.0,0.0,0.0,0.07448979591836735,0.09090909090909091,0.09090909090909091,0.0,0.05555555555555555,1,1,1,0,0,0,0,1,0.0,0.0,0.0,395000.0
10645954,0,0.0,1.0,0.0,1.0,0.0,0.0,0.0,0.0,0.0,0.0,0.0,0.0,0.0,0.0,1.0,0.0,0.0,0.0,0.1275510204081633,0.1818181818181818,0.09090909090909091,0.0,0.0,1,2,1,0,0,0,0,1,0.0,0.07,0.0,449500.0
10645953,0,1.0,0.0,0.0,0.0,1.0,0.0,0.0,0.0,0.0,0.0,0.0,0.0,0.0,0.0,0.0,1.0,0.0,0.0,0.04081632653061225,0.0,0.09090909090909091,0.07142857142857142,0.05555555555555555,1,5,0,0,0,0,0,0,0.0,0.0,0.0,210000.0
10645879,0,0.0,0.0,1.0,0.0,0.0,0.0,0.0,0.0,0.0,0.0,0.0,0.0,1.0,0.0,0.0,0.0,1.0,0.0,0.07959183673469389,0.09090909090909091,0.09090909090909091,0.0,0.05555555555555555,1,2,1,0,0,0,0,1,0.0,0.1,0.0,295000.0
10645969,0,0.0,1.0,0.0,0.0,0.0,0.0,1.0,0.0,0.0,0.0,0.0,0.0,0.0,0.0,1.0,0.0,0.0,0.0,0.07142857142857142,0.09090909090909091,0.09090909090909091,0.0,0.05555555555555555,1,2,1,0,0,0,0,1,0.0,0.05,0.0,365000.0
10645974,0,1.0,0.0,0.0,0.0,1.0,0.0,0.0,0.0,0.0,0.0,0.0,0.0,0.0,0.0,0.0,0.0,0.0,1.0,0.04693877551020408,0.0,0.09090909090909091,0.0,0.05555555555555555,1,2,1,0,0,0,1,0,0.024,0.0,0.0,375000.0
10645971,0,0.0,0.0,1.0,0.0,0.0,0.0,0.0,0.0,0.0,1.0,0.0,0.0,0.0,0.0,1.0,0.0,0.0,0.0,0.07448979591836735,0.1818181818181818,0.09090909090909091,0.07142857142857142,0.1111111111111111,1,2,0,0,0,0,0,1,0.0,0.84,0.0,260000.0
10645972,0,0.0,0.0,1.0,0.0,0.0,0.0,0.0,0.0,0.0,1.0,0.0,0.0,0.0,0.0,0.0,0.0,0.0,1.0,0.04387755102040817,0.0,0.09090909090909091,0.07142857142857142,0.05555555555555555,1,2,0,0,0,0,0,1,0.0,0.4,0.0,193000.0
10645980,0,0.0,1.0,0.0,1.0,0.0,0.0,0.0,0.0,0.0,0.0,0.0,0.0,0.0,0.0,1.0,0.0,0.0,0.0,0.04387755102040817,0.0,0.09090909090909091,0.0,0.0,3,1,1,0,0,0,0,1,0.0,0.1,0.0,259000.0
10645979,0,0.0,1.0,0.0,1.0,0.0,0.0,0.0,0.0,0.0,0.0,0.0,0.0,0.0,0.0,0.0,1.0,0.0,0.0,0.06122448979591837,0.09090909090909091,0.09090909090909091,0.0,0.0,3,1,1,0,0,0,0,1,0.0,0.0,0.0,295000.0
10645983,0,0.0,1.0,0.0,1.0,0.0,0.0,0.0,0.0,0.0,0.0,0.0,0.0,0.0,0.0,1.0,0.0,0.0,0.0,0.04591836734693878,0.0,0.09090909090909091,0.0,0.05555555555555555,1,1,1,0,0,0,0,1,0.0,0.0,0.0,319000.0
10645988,0,0.0,1.0,0.0,0.0,0.0,0.0,1.0,0.0,0.0,0.0,0.0,0.0,0.0,0.0,0.0,0.0,1.0,0.0,0.09693877551020408,0.1818181818181818,0.09090909090909091,0.0,0.1111111111111111,1,2,1,0,0,0,1,1,0.2,0.08,0.0,395000.0
10645986,0,0.0,1.0,0.0,1.0,0.0,0.0,0.0,0.0,0.0,0.0,0.0,0.0,0.0,0.0,0.0,0.0,0.0,1.0,0.05306122448979592,0.0,0.09090909090909091,0.07142857142857142,0.05555555555555555,1,2,0,0,0,0,0,1,0.0,0.5,0.0,275000.0
10645987,0,0.0,1.0,0.0,1.0,0.0,0.0,0.0,0.0,0.0,0.0,0.0,0.0,0.0,0.0,0.0,0.0,0.0,1.0,0.04897959183673469,0.09090909090909091,0.09090909090909091,0.0,0.05555555555555555,1,6,0,0,0,0,0,1,0.0,0.01,0.0,219900.0
10646018,0,0.0,1.0,0.0,0.0,0.0,0.0,1.0,0.0,0.0,0.0,0.0,0.0,0.0,0.0,0.0,0.0,0.0,1.0,0.07142857142857142,0.09090909090909091,0.09090909090909091,0.0,0.05555555555555555,3,3,1,0,0,0,0,1,0.0,0.1,0.0,340000.0
10514944,1,0.0,0.0,1.0,0.0,0.0,0.0,0.0,0.0,0.0,0.0,0.0,0.0,1.0,0.0,0.0,0.0,0.0,1.0,0.05204081632653062,0.0,0.0,0.0,0.1111111111111111,3,0,0,0,0,0,0,1,0.0,0.06,0.0,199000.0
10646013,0,0.0,1.0,0.0,1.0,0.0,0.0,0.0,0.0,0.0,0.0,0.0,0.0,0.0,0.0,0.0,0.0,0.0,1.0,0.059183673469387764,0.09090909090909091,0.09090909090909091,0.07142857142857142,0.05555555555555555,2,3,0,0,0,0,0,1,0.0,0.04,0.0,199000.0
10646102,0,0.0,0.0,1.0,0.0,0.0,0.0,0.0,0.0,0.0,1.0,0.0,0.0,0.0,0.0,0.0,0.0,0.0,1.0,0.20510204081632655,0.1818181818181818,0.09090909090909091,0.07142857142857142,0.1111111111111111,3,6,0,0,0,0,1,0,0.123,0.0,0.0,249000.0
10646026,0,0.0,0.0,1.0,0.0,0.0,0.0,0.0,0.0,0.0,0.0,0.0,1.0,0.0,0.0,0.0,0.0,0.0,1.0,0.0979591836734694,0.1818181818181818,0.09090909090909091,0.0,0.0,3,2,0,0,0,0,0,0,0.0,0.0,0.0,225000.0
10646107,0,0.0,1.0,0.0,0.0,0.0,1.0,0.0,0.0,0.0,0.0,0.0,0.0,0.0,0.0,0.0,0.0,0.0,1.0,0.07653061224489796,0.09090909090909091,0.09090909090909091,0.0,0.05555555555555555,1,5,0,0,0,0,0,1,0.0,0.0,0.0,265000.0
10646106,0,0.0,1.0,0.0,0.0,0.0,1.0,0.0,0.0,0.0,0.0,0.0,0.0,0.0,0.0,0.0,0.0,0.0,1.0,0.06224489795918368,0.0,0.09090909090909091,0.0,0.1111111111111111,1,5,0,0,0,0,0,1,0.0,0.0,0.0,270000.0
10646105,0,0.0,0.0,1.0,0.0,0.0,0.0,0.0,1.0,0.0,0.0,0.0,0.0,0.0,0.0,0.0,1.0,0.0,0.0,0.04081632653061225,0.0,0.09090909090909091,0.0,0.05555555555555555,3,5,1,0,0,0,0,1,0.0,0.0,0.0,119000.0
10646113,1,0.0,0.0,1.0,0.0,0.0,0.0,0.0,0.0,0.0,0.0,0.0,1.0,0.0,0.0,0.0,0.0,0.0,1.0,0.0816326530612245,0.1818181818181818,0.18181818181818182,0.0,0.1111111111111111,2,3,0,0,0,0,1,1,1.0,0.0,0.001651564768207791,215000.0
10646108,0,0.0,1.0,0.0,0.0,0.0,1.0,0.0,0.0,0.0,0.0,0.0,0.0,0.0,0.0,0.0,0.0,0.0,1.0,0.08469387755102042,0.09090909090909091,0.18181818181818182,0.0,0.1111111111111111,1,3,0,0,0,0,0,1,0.0,0.0,0.0,255000.0
10646114,1,0.0,0.0,1.0,0.0,0.0,0.0,0.0,1.0,0.0,0.0,0.0,0.0,0.0,0.0,0.0,0.0,1.0,0.0,0.11836734693877551,0.1818181818181818,0.09090909090909091,0.07142857142857142,0.05555555555555555,3,4,0,0,0,0,1,1,0.134,0.14,0.00020541394118742096,149999.0
10646117,1,0.0,1.0,0.0,1.0,0.0,0.0,0.0,0.0,0.0,0.0,0.0,0.0,0.0,0.0,0.0,0.0,1.0,0.0,0.1326530612244898,0.1818181818181818,0.09090909090909091,0.0,0.1111111111111111,2,0,0,0,0,0,0,1,0.0,0.0,0.0,470000.0
10646120,1,0.0,0.0,1.0,0.0,0.0,0.0,0.0,0.0,0.0,1.0,0.0,0.0,0.0,0.0,0.0,0.0,0.0,1.0,0.12653061224489798,0.1818181818181818,0.09090909090909091,0.0,0.1111111111111111,3,4,0,0,0,0,1,1,0.164,0.29,0.00020266286161794658,229000.0
10646118,1,0.0,1.0,0.0,0.0,0.0,0.0,1.0,0.0,0.0,0.0,0.0,0.0,0.0,0.0,0.0,0.0,0.0,1.0,0.25816326530612244,0.36363636363636365,0.09090909090909091,0.0,0.1111111111111111,3,3,0,0,0,0,0,1,0.0,0.0,0.0007079444758780758,539000.0
10646145,1,0.0,1.0,0.0,1.0,0.0,0.0,0.0,0.0,0.0,0.0,0.0,0.0,0.0,0.0,0.0,0.0,0.0,1.0,0.16836734693877553,0.36363636363636365,0.09090909090909091,0.07142857142857142,0.1111111111111111,0,0,0,0,1,0,0,1,0.0,0.0,0.0004841900042274923,499000.0
10646173,1,0.0,0.0,1.0,0.0,0.0,0.0,0.0,0.0,0.0,1.0,0.0,0.0,0.0,0.0,0.0,0.0,0.0,1.0,0.07959183673469389,0.1818181818181818,0.09090909090909091,0.0,0.1111111111111111,3,4,0,0,0,0,1,1,0.394,0.1,0.0006327483009791093,265000.0
10646169,1,0.0,1.0,0.0,0.0,0.0,1.0,0.0,0.0,0.0,0.0,0.0,0.0,0.0,0.0,0.0,0.0,0.0,1.0,0.16734693877551024,0.2727272727272727,0.09090909090909091,0.0,0.1111111111111111,4,6,0,0,0,0,0,1,0.0,0.0,0.0013847100499687754,499000.0
10646177,1,0.0,0.0,1.0,0.0,0.0,0.0,0.0,1.0,0.0,0.0,0.0,0.0,0.0,0.0,0.0,1.0,0.0,0.0,0.09183673469387757,0.09090909090909091,0.09090909090909091,0.0,0.1111111111111111,5,6,0,0,0,0,1,1,0.55,0.26,0.0006575080171043787,180000.0
10646172,1,0.0,0.0,1.0,0.0,0.0,0.0,0.0,0.0,0.0,1.0,0.0,0.0,0.0,0.0,0.0,0.0,0.0,1.0,0.10510204081632654,0.1818181818181818,0.09090909090909091,0.07142857142857142,0.1111111111111111,3,4,0,0,0,0,1,1,1.0,0.33,0.0017808655079730872,290000.0
10646179,0,1.0,0.0,0.0,0.0,1.0,0.0,0.0,0.0,0.0,0.0,0.0,0.0,0.0,0.0,0.0,1.0,0.0,0.0,0.036734693877551024,0.0,0.09090909090909091,0.07142857142857142,0.05555555555555555,1,4,1,0,0,0,0,1,0.0,0.08,0.0,160000.0
10646174,1,0.0,0.0,1.0,0.0,0.0,0.0,0.0,0.0,0.0,1.0,0.0,0.0,0.0,0.0,0.0,1.0,0.0,0.0,0.21734693877551023,0.36363636363636365,0.18181818181818182,0.0,0.0,4,4,0,0,0,0,0,0,0.0,0.0,0.00017606909244636084,335000.0
10646182,1,0.0,0.0,1.0,0.0,0.0,0.0,0.0,0.0,0.0,1.0,0.0,0.0,0.0,0.0,0.0,0.0,0.0,1.0,0.0326530612244898,0.0,0.0,0.0,0.05555555555555555,4,6,0,0,0,0,1,1,0.126,0.06,0.00018340530463162587,90000.0
10646184,1,0.0,0.0,1.0,0.0,0.0,0.0,0.0,0.0,0.0,1.0,0.0,0.0,0.0,0.0,1.0,0.0,0.0,0.0,0.11734693877551022,0.2727272727272727,0.09090909090909091,0.0,0.1111111111111111,5,3,0,0,0,0,1,1,0.08,0.16,0.0001971607024789978,159000.0
10646183,1,0.0,0.0,1.0,0.0,0.0,0.0,0.0,0.0,0.0,1.0,0.0,0.0,0.0,0.0,0.0,0.0,0.0,1.0,0.18877551020408165,0.2727272727272727,0.18181818181818182,0.14285714285714285,0.1111111111111111,1,3,0,0,0,0,1,1,0.036000000000000004,0.12,0.00013296884585792875,249500.0
10646185,1,0.0,0.0,1.0,0.0,0.0,0.0,0.0,0.0,0.0,1.0,0.0,0.0,0.0,0.0,0.0,1.0,0.0,0.0,0.05612244897959184,0.09090909090909091,0.09090909090909091,0.07142857142857142,0.05555555555555555,3,4,0,0,0,0,1,1,0.08,0.48,0.0002155012329421604,229000.0
10646186,1,0.0,0.0,1.0,0.0,0.0,0.0,0.0,0.0,0.0,1.0,0.0,0.0,0.0,0.0,0.0,0.0,1.0,0.0,0.15816326530612246,0.09090909090909091,0.0,0.0,0.1111111111111111,4,6,0,0,0,0,0,0,0.0,0.0,0.00017698611896951896,149900.0
10646187,1,0.0,0.0,1.0,0.0,0.0,0.0,0.0,0.0,0.0,1.0,0.0,0.0,0.0,0.0,0.0,0.0,1.0,0.0,0.08775510204081632,0.09090909090909091,0.18181818181818182,0.14285714285714285,0.05555555555555555,3,4,0,0,0,0,0,0,0.0,0.0,5.960672400527841e-05,149000.0
10646190,1,0.0,0.0,1.0,0.0,0.0,0.0,0.0,0.0,0.0,1.0,0.0,0.0,0.0,0.0,0.0,0.0,1.0,0.0,0.0816326530612245,0.2727272727272727,0.18181818181818182,0.14285714285714285,0.1111111111111111,3,4,0,0,0,0,1,1,0.1,0.5,0.00027052282433164817,199000.0
10646189,1,0.0,0.0,1.0,0.0,0.0,0.0,0.0,0.0,0.0,1.0,0.0,0.0,0.0,0.0,0.0,0.0,1.0,0.0,0.14285714285714288,0.36363636363636365,0.18181818181818182,0.07142857142857142,0.1111111111111111,1,5,0,0,0,0,1,1,0.13,0.2,0.00023842689602111364,209000.0
10646191,1,0.0,0.0,1.0,0.0,0.0,0.0,0.0,0.0,0.0,1.0,0.0,0.0,0.0,0.0,0.0,0.0,1.0,0.0,0.07142857142857142,0.09090909090909091,0.09090909090909091,0.0,0.1111111111111111,4,4,0,0,0,0,0,0,0.0,0.0,5.502159138948776e-05,149000.0
10646193,1,0.0,0.0,1.0,0.0,0.0,0.0,0.0,0.0,0.0,1.0,0.0,0.0,0.0,0.0,0.0,0.0,1.0,0.0,0.20714285714285716,0.2727272727272727,0.4545454545454546,0.3571428571428571,0.16666666666666666,3,4,0,0,0,0,0,0,0.0,0.0,0.00010545805016318488,209000.0
10646199,1,0.0,1.0,0.0,0.0,0.0,0.0,1.0,0.0,0.0,0.0,0.0,0.0,0.0,0.0,0.0,0.0,0.0,1.0,0.15612244897959185,0.2727272727272727,0.09090909090909091,0.0,0.1111111111111111,3,3,0,0,0,0,0,1,0.0,1.0,0.000780389571207568,560000.0
10646194,1,0.0,0.0,1.0,0.0,0.0,0.0,0.0,0.0,0.0,1.0,0.0,0.0,0.0,0.0,0.0,1.0,0.0,0.0,0.5469387755102041,0.2727272727272727,0.2727272727272727,0.21428571428571427,0.3333333333333333,3,3,0,0,0,0,0,0,0.0,0.0,0.0004126619354211582,299000.0
10646200,0,0.0,1.0,0.0,0.0,0.0,0.0,1.0,0.0,0.0,0.0,0.0,0.0,0.0,0.0,1.0,0.0,0.0,0.0,0.04795918367346939,0.0,0.09090909090909091,0.0,0.05555555555555555,3,2,1,0,0,0,0,1,0.0,0.08,0.0,290000.0
10646203,1,0.0,1.0,0.0,0.0,0.0,1.0,0.0,0.0,0.0,0.0,0.0,0.0,0.0,0.0,0.0,0.0,1.0,0.0,0.7193877551020409,0.6363636363636364,0.2727272727272727,0.14285714285714285,0.0,3,6,0,0,0,0,1,1,1.0,0.0,0.002160514488560553,595000.0
10646208,1,0.0,1.0,0.0,0.0,0.0,1.0,0.0,0.0,0.0,0.0,0.0,0.0,0.0,0.0,0.0,1.0,0.0,0.0,0.1836734693877551,0.1818181818181818,0.09090909090909091,0.0,0.1111111111111111,3,4,0,0,0,0,0,1,0.0,0.0,0.00025493337343795996,399000.0
10646209,1,0.0,1.0,0.0,0.0,0.0,1.0,0.0,0.0,0.0,0.0,0.0,0.0,0.0,0.0,0.0,1.0,0.0,0.0,0.1836734693877551,0.1818181818181818,0.09090909090909091,0.0,0.1111111111111111,3,4,0,0,0,0,0,1,0.0,0.0,0.00025493337343795996,399000.0
10646211,1,0.0,1.0,0.0,0.0,0.0,1.0,0.0,0.0,0.0,0.0,0.0,0.0,0.0,0.0,0.0,0.0,0.0,1.0,0.7061224489795919,0.36363636363636365,0.09090909090909091,0.07142857142857142,0.2222222222222222,1,0,0,0,0,0,0,1,0.0,0.34,0.0010967637216971226,1300000.0
10646210,1,0.0,1.0,0.0,1.0,0.0,0.0,0.0,0.0,0.0,0.0,0.0,0.0,0.0,0.0,0.0,0.0,1.0,0.0,0.163265306122449,0.2727272727272727,0.09090909090909091,0.0,0.0,3,4,0,0,0,0,0,1,0.0,0.0,0.00019257556986320717,308000.0
10646213,0,0.0,1.0,0.0,1.0,0.0,0.0,0.0,0.0,0.0,0.0,0.0,0.0,0.0,0.0,0.0,0.0,1.0,0.0,0.09693877551020408,0.09090909090909091,0.09090909090909091,0.0,0.0,1,1,0,0,0,0,0,1,0.0,0.5,0.0,328000.0
10646216,0,0.0,1.0,0.0,0.0,0.0,0.0,1.0,0.0,0.0,0.0,0.0,0.0,0.0,0.0,0.0,0.0,0.0,1.0,0.04081632653061225,0.09090909090909091,0.09090909090909091,0.07142857142857142,0.05555555555555555,5,5,0,0,0,0,0,1,0.0,0.03,0.0,158900.0
10646215,0,0.0,1.0,0.0,0.0,0.0,0.0,1.0,0.0,0.0,0.0,0.0,0.0,0.0,0.0,0.0,0.0,0.0,1.0,0.09183673469387757,0.1818181818181818,0.18181818181818182,0.14285714285714285,0.1111111111111111,5,5,0,0,0,0,0,1,0.0,0.02,0.0,192500.0
10646217,0,0.0,1.0,0.0,0.0,0.0,0.0,1.0,0.0,0.0,0.0,0.0,0.0,0.0,0.0,0.0,0.0,0.0,1.0,0.04795918367346939,0.0,0.09090909090909091,0.07142857142857142,0.05555555555555555,5,5,0,0,0,0,1,0,0.043000000000000003,0.0,0.0,169000.0
10646212,1,0.0,1.0,0.0,0.0,0.0,1.0,0.0,0.0,0.0,0.0,0.0,0.0,0.0,0.0,0.0,0.0,1.0,0.0,0.286734693877551,0.4545454545454545,0.5454545454545454,0.0,0.3333333333333333,1,3,0,0,0,0,0,1,0.0,0.27,0.00028702930174849447,550000.0
10646218,0,0.0,1.0,0.0,0.0,0.0,0.0,1.0,0.0,0.0,0.0,0.0,0.0,0.0,0.0,0.0,0.0,1.0,0.0,0.09183673469387757,0.1818181818181818,0.18181818181818182,0.14285714285714285,0.1111111111111111,5,5,0,0,0,0,0,1,0.0,0.02,0.0,192500.0
10646222,1,0.0,1.0,0.0,1.0,0.0,0.0,0.0,0.0,0.0,0.0,0.0,0.0,0.0,0.0,0.0,0.0,0.0,1.0,0.163265306122449,0.2727272727272727,0.09090909090909091,0.0,0.0,6,6,0,0,0,0,0,0,0.0,0.0,0.0006547569375349044,259000.0
10646219,0,0.0,1.0,0.0,0.0,0.0,0.0,1.0,0.0,0.0,0.0,0.0,0.0,0.0,0.0,0.0,0.0,1.0,0.0,0.04081632653061225,0.09090909090909091,0.09090909090909091,0.07142857142857142,0.05555555555555555,5,5,0,0,0,0,0,1,0.0,0.03,0.0,158900.0
10646220,0,0.0,1.0,0.0,0.0,0.0,0.0,1.0,0.0,0.0,0.0,0.0,0.0,0.0,0.0,0.0,0.0,1.0,0.0,0.04795918367346939,0.0,0.09090909090909091,0.07142857142857142,0.05555555555555555,5,5,0,0,0,0,1,0,0.043000000000000003,0.0,0.0,169000.0
10646233,1,0.0,0.0,1.0,0.0,0.0,0.0,0.0,1.0,0.0,0.0,0.0,0.0,0.0,0.0,0.0,0.0,0.0,1.0,0.1479591836734694,0.2727272727272727,0.09090909090909091,0.07142857142857142,0.1111111111111111,0,4,0,1,0,0,1,1,0.4,0.3,0.0005043645877369712,190000.0
10646230,0,1.0,0.0,0.0,0.0,1.0,0.0,0.0,0.0,0.0,0.0,0.0,0.0,0.0,0.0,0.0,0.0,0.0,1.0,0.07448979591836735,0.09090909090909091,0.09090909090909091,0.0,0.05555555555555555,1,2,1,0,0,0,0,1,0.0,0.08,0.0,359000.0
10646235,0,0.0,1.0,0.0,1.0,0.0,0.0,0.0,0.0,0.0,0.0,0.0,0.0,0.0,0.0,0.0,0.0,0.0,1.0,0.06938775510204082,0.09090909090909091,0.09090909090909091,0.0,0.0,3,4,0,0,0,0,0,1,0.0,0.03,0.0,180000.0
10646249,1,0.0,0.0,1.0,0.0,0.0,0.0,0.0,0.0,0.0,0.0,1.0,0.0,0.0,0.0,0.0,0.0,0.0,1.0,0.12346938775510205,0.1818181818181818,0.09090909090909091,0.0,0.0,0,4,0,0,0,0,0,0,0.0,0.0,0.0011004318277897552,440000.0
10646259,1,0.0,1.0,0.0,0.0,0.0,1.0,0.0,0.0,0.0,0.0,0.0,0.0,0.0,0.0,0.0,0.0,1.0,0.0,0.08469387755102042,0.09090909090909091,0.09090909090909091,0.0,0.0,3,4,0,0,0,0,0,0,0.0,0.0,6.510888314422718e-05,229000.0
10646257,1,0.0,1.0,0.0,0.0,0.0,0.0,0.0,0.0,0.0,0.0,0.0,0.0,0.0,1.0,0.0,0.0,0.0,1.0,0.15204081632653063,0.1818181818181818,0.18181818181818182,0.0,0.16666666666666666,1,2,0,0,0,0,0,1,0.0,0.0,0.00023109068383584858,469000.0
10646261,1,0.0,1.0,0.0,0.0,0.0,0.0,1.0,0.0,0.0,0.0,0.0,0.0,0.0,0.0,0.0,0.0,0.0,1.0,0.30714285714285716,0.36363636363636365,0.18181818181818182,0.0,0.16666666666666666,3,4,0,0,0,0,0,1,0.0,0.0,0.005071156673064455,775000.0
10646267,1,0.0,1.0,0.0,0.0,0.0,0.0,1.0,0.0,0.0,0.0,0.0,0.0,0.0,0.0,0.0,0.0,0.0,1.0,0.19183673469387758,0.36363636363636365,0.0,0.0,0.1111111111111111,1,2,0,0,0,0,1,1,0.0,0.0,0.000716197714586499,575000.0
10646269,0,0.0,1.0,0.0,0.0,0.0,0.0,0.0,0.0,0.0,0.0,0.0,0.0,0.0,1.0,0.0,0.0,0.0,1.0,0.07346938775510206,0.09090909090909091,0.09090909090909091,0.0,0.1111111111111111,1,2,0,0,0,0,0,1,0.0,0.0,0.0,249000.0
10646275,1,0.0,0.0,1.0,0.0,0.0,0.0,0.0,0.0,0.0,1.0,0.0,0.0,0.0,0.0,0.0,0.0,0.0,1.0,0.14081632653061227,0.1818181818181818,0.0,0.0,0.05555555555555555,3,5,0,0,0,0,0,0,0.0,0.0,0.0006299972214096349,285000.0
10646274,1,0.0,0.0,1.0,0.0,0.0,0.0,0.0,1.0,0.0,0.0,0.0,0.0,0.0,0.0,1.0,0.0,0.0,0.0,0.40408163265306124,0.36363636363636365,0.2727272727272727,0.07142857142857142,0.16666666666666666,0,3,0,1,0,0,0,1,0.0,0.0,0.0033508149156198045,875000.0
10646276,0,0.0,1.0,0.0,0.0,0.0,0.0,0.0,0.0,0.0,0.0,0.0,0.0,0.0,1.0,0.0,0.0,0.0,1.0,0.042857142857142864,0.09090909090909091,0.09090909090909091,0.07142857142857142,0.05555555555555555,1,1,0,0,0,0,0,1,0.0,0.01,0.0,249000.0
10646264,0,1.0,0.0,0.0,0.0,1.0,0.0,0.0,0.0,0.0,0.0,0.0,0.0,0.0,0.0,0.0,1.0,0.0,0.0,0.13469387755102044,0.1818181818181818,0.09090909090909091,0.07142857142857142,0.0,0,3,1,0,0,0,0,1,0.0,0.07,0.0,675000.0
10646273,0,0.0,1.0,0.0,0.0,0.0,0.0,0.0,0.0,0.0,0.0,0.0,0.0,0.0,1.0,0.0,0.0,0.0,1.0,0.0979591836734694,0.09090909090909091,0.09090909090909091,0.0,0.0,3,0,1,0,0,0,0,1,0.0,0.0,0.0,315000.0
10646271,1,0.0,0.0,1.0,0.0,0.0,0.0,0.0,1.0,0.0,0.0,0.0,0.0,0.0,0.0,1.0,0.0,0.0,0.0,0.08979591836734696,0.1818181818181818,0.2727272727272727,0.0,0.16666666666666666,0,4,0,0,0,0,0,0,0.0,0.0,4.585132615790647e-05,199000.0
10646270,1,0.0,0.0,1.0,0.0,0.0,0.0,0.0,1.0,0.0,0.0,0.0,0.0,0.0,0.0,1.0,0.0,0.0,0.0,0.25204081632653064,0.7272727272727273,0.8181818181818182,0.0,0.5,0,3,0,0,0,0,0,0,0.0,0.0,0.00011921344801055682,395000.0
10646289,0,1.0,0.0,0.0,0.0,1.0,0.0,0.0,0.0,0.0,0.0,0.0,0.0,0.0,0.0,1.0,0.0,0.0,0.0,0.15408163265306124,0.09090909090909091,0.09090909090909091,0.0,0.1111111111111111,1,4,0,0,0,0,1,0,0.05,0.0,0.0,565000.0
10646278,1,0.0,1.0,0.0,1.0,0.0,0.0,0.0,0.0,0.0,0.0,0.0,0.0,0.0,0.0,0.0,0.0,1.0,0.0,0.1459183673469388,0.2727272727272727,0.09090909090909091,0.0,0.1111111111111111,2,1,0,0,0,0,1,1,0.033,0.18,0.00012563263367266372,369000.0
10646284,1,0.0,0.0,1.0,0.0,0.0,0.0,0.0,1.0,0.0,0.0,0.0,0.0,0.0,0.0,0.0,0.0,0.0,1.0,0.1836734693877551,0.2727272727272727,0.09090909090909091,0.0,0.05555555555555555,0,7,0,0,0,0,1,1,1.0,0.25,0.001688245829134116,288000.0
10646286,1,0.0,0.0,1.0,0.0,0.0,0.0,0.0,1.0,0.0,0.0,0.0,0.0,0.0,0.0,0.0,1.0,0.0,0.0,0.17244897959183675,0.2727272727272727,0.09090909090909091,0.0,0.1111111111111111,0,5,0,0,0,0,1,1,0.5,0.35000000000000003,0.0006602590966738531,278000.0
10646285,1,0.0,0.0,1.0,0.0,0.0,0.0,0.0,1.0,0.0,0.0,0.0,0.0,0.0,0.0,0.0,0.0,0.0,1.0,0.15306122448979595,0.2727272727272727,0.09090909090909091,0.07142857142857142,0.1111111111111111,2,4,0,0,0,0,1,1,0.8,0.2,0.0009243627353433943,310000.0
10646293,1,0.0,1.0,0.0,0.0,0.0,0.0,0.0,0.0,0.0,0.0,0.0,0.0,0.0,1.0,0.0,0.0,0.0,1.0,0.14081632653061227,0.1818181818181818,0.09090909090909091,0.0,0.1111111111111111,1,0,0,0,0,0,1,0,0.0,0.0,0.0006125737174696304,373900.0
10646300,0,0.0,1.0,0.0,0.0,0.0,0.0,0.0,0.0,0.0,0.0,0.0,0.0,0.0,1.0,0.0,0.0,1.0,0.0,0.113265306122449,0.1818181818181818,0.09090909090909091,0.07142857142857142,0.1111111111111111,0,3,0,0,0,0,0,1,0.0,0.1,0.0,215000.0
10646309,1,0.0,1.0,0.0,0.0,0.0,1.0,0.0,0.0,0.0,0.0,0.0,0.0,0.0,0.0,0.0,0.0,0.0,1.0,0.18979591836734697,0.1818181818181818,0.09090909090909091,0.0,0.1111111111111111,3,3,0,0,0,0,0,0,0.0,0.0,0.0012966755037455949,595000.0
10646324,0,1.0,0.0,0.0,0.0,1.0,0.0,0.0,0.0,0.0,0.0,0.0,0.0,0.0,0.0,0.0,1.0,0.0,0.0,0.07653061224489796,0.09090909090909091,0.09090909090909091,0.0,0.05555555555555555,2,3,1,0,0,0,0,1,0.0,0.1,0.0,259000.0
10646313,1,0.0,0.0,1.0,0.0,0.0,0.0,0.0,0.0,0.0,0.0,1.0,0.0,0.0,0.0,0.0,0.0,0.0,1.0,0.13367346938775512,0.2727272727272727,0.09090909090909091,0.0,0.1111111111111111,3,4,0,1,0,0,1,0,0.0,0.0,0.002310906838358486,329900.0
10646319,1,0.0,1.0,0.0,0.0,0.0,0.0,1.0,0.0,0.0,0.0,0.0,0.0,0.0,0.0,1.0,0.0,0.0,0.0,0.2653061224489796,0.2727272727272727,0.18181818181818182,0.0,0.16666666666666666,3,1,0,0,0,0,0,1,0.0,0.0,0.00010270697059371048,945000.0
10646323,1,0.0,1.0,0.0,0.0,0.0,1.0,0.0,0.0,0.0,0.0,0.0,0.0,0.0,0.0,0.0,0.0,1.0,0.0,0.1326530612244898,0.1818181818181818,0.18181818181818182,0.0,0.1111111111111111,3,3,0,1,0,0,1,1,0.5,0.8,0.0005777267095896215,349000.0
10646331,1,0.0,1.0,0.0,0.0,0.0,0.0,0.0,0.0,0.0,0.0,0.0,0.0,0.0,1.0,0.0,0.0,0.0,1.0,0.13877551020408166,0.1818181818181818,0.0,0.0,0.1111111111111111,1,0,0,0,0,0,1,0,0.0,0.0,0.0003090379383042896,390000.0
10646330,1,0.0,1.0,0.0,0.0,0.0,0.0,0.0,0.0,0.0,0.0,0.0,0.0,0.0,1.0,0.0,0.0,0.0,1.0,0.13775510204081634,0.1818181818181818,0.0,0.0,0.1111111111111111,1,0,0,0,0,0,1,0,0.0,0.0,0.0003044528056884989,380000.0
10646336,1,0.0,1.0,0.0,0.0,0.0,0.0,0.0,0.0,0.0,0.0,0.0,0.0,0.0,1.0,0.0,0.0,0.0,1.0,0.13571428571428573,0.1818181818181818,0.18181818181818182,0.0,0.16666666666666666,1,2,0,0,0,0,1,1,0.126,0.3,0.0002971165935032339,465000.0
10646337,1,0.0,1.0,0.0,0.0,0.0,0.0,1.0,0.0,0.0,0.0,0.0,0.0,0.0,0.0,0.0,0.0,0.0,1.0,0.15306122448979595,0.2727272727272727,0.09090909090909091,0.0,0.0,3,5,0,0,0,0,0,0,0.0,0.0,0.00013113479281161248,350000.0
10515272,1,0.0,0.0,1.0,0.0,0.0,0.0,0.0,1.0,0.0,0.0,0.0,0.0,0.0,0.0,0.0,0.0,0.0,1.0,0.0816326530612245,0.0,0.09090909090909091,0.0,0.0,0,5,0,0,0,0,1,0,0.3,0.0,0.0,125000.0
10646338,0,1.0,0.0,0.0,0.0,1.0,0.0,0.0,0.0,0.0,0.0,0.0,0.0,0.0,0.0,0.0,1.0,0.0,0.0,0.06122448979591837,0.0,0.09090909090909091,0.0,0.0,3,4,1,0,0,0,0,1,0.0,0.13,0.0,175000.0
10646339,1,0.0,1.0,0.0,0.0,0.0,0.0,1.0,0.0,0.0,0.0,0.0,0.0,0.0,0.0,0.0,0.0,0.0,1.0,0.29285714285714287,0.2727272727272727,0.18181818181818182,0.0,0.16666666666666666,1,2,0,1,0,0,1,1,0.4,0.35000000000000003,0.0004768537920422273,1025000.0
10646350,1,0.0,1.0,0.0,0.0,0.0,1.0,0.0,0.0,0.0,0.0,0.0,0.0,0.0,0.0,0.0,1.0,0.0,0.0,0.1785714285714286,0.2727272727272727,0.09090909090909091,0.0,0.0,3,0,0,0,0,0,0,1,0.0,0.0,0.00021091610032636975,249500.0
10646345,1,0.0,1.0,0.0,0.0,0.0,0.0,1.0,0.0,0.0,0.0,0.0,0.0,0.0,0.0,0.0,0.0,0.0,1.0,0.22448979591836737,0.1818181818181818,0.09090909090909091,0.0,0.1111111111111111,1,3,0,1,0,0,1,0,0.0,0.0,0.0009170265231581294,590000.0
10646352,1,0.0,1.0,0.0,0.0,0.0,0.0,0.0,0.0,0.0,0.0,0.0,0.0,0.0,1.0,0.0,0.0,1.0,0.0,0.12142857142857144,0.1818181818181818,0.0,0.0,0.05555555555555555,3,5,0,0,0,0,0,1,0.0,0.0,0.00022925663078953234,259000.0
10646355,1,0.0,1.0,0.0,0.0,0.0,0.0,1.0,0.0,0.0,0.0,0.0,0.0,0.0,0.0,0.0,1.0,0.0,0.0,0.336734693877551,0.36363636363636365,0.18181818181818182,0.0,0.16666666666666666,2,3,0,0,0,0,1,1,0.35000000000000003,0.0,0.0005520499669411939,765000.0
10646357,1,0.0,1.0,0.0,0.0,0.0,0.0,0.0,0.0,0.0,0.0,0.0,0.0,0.0,1.0,0.0,0.0,0.0,1.0,0.1653061224489796,0.2727272727272727,0.09090909090909091,0.0,0.0,0,6,0,0,0,0,0,0,0.0,0.0,0.000467683526810646,195000.0
10646363,1,0.0,1.0,0.0,0.0,0.0,0.0,1.0,0.0,0.0,0.0,0.0,0.0,0.0,0.0,0.0,0.0,1.0,0.0,0.10204081632653061,0.09090909090909091,0.09090909090909091,0.0,0.0,3,3,0,1,0,0,1,1,0.06,0.0,0.0001283837132421381,319000.0
10646364,0,1.0,0.0,0.0,0.0,1.0,0.0,0.0,0.0,0.0,0.0,0.0,0.0,0.0,0.0,1.0,0.0,0.0,0.0,0.04081632653061225,0.0,0.0,0.07142857142857142,0.05555555555555555,0,3,1,1,0,0,0,0,0.0,0.0,0.0,295000.0
10646366,0,1.0,0.0,0.0,0.0,1.0,0.0,0.0,0.0,0.0,0.0,0.0,0.0,0.0,0.0,1.0,0.0,0.0,0.0,0.04081632653061225,0.0,0.0,0.07142857142857142,0.05555555555555555,0,3,1,1,0,0,0,0,0.0,0.0,0.0,295000.0
10646360,0,1.0,0.0,0.0,0.0,1.0,0.0,0.0,0.0,0.0,0.0,0.0,0.0,0.0,0.0,1.0,0.0,0.0,0.0,0.07755102040816328,0.09090909090909091,0.09090909090909091,0.07142857142857142,0.05555555555555555,3,3,1,1,0,0,0,0,0.0,0.0,0.0,319000.0
10646375,1,1.0,0.0,0.0,0.0,1.0,0.0,0.0,0.0,0.0,0.0,0.0,0.0,0.0,0.0,0.0,1.0,0.0,0.0,0.2091836734693878,0.1818181818181818,0.09090909090909091,0.0,0.1111111111111111,0,5,0,0,0,0,1,0,0.225,0.0,0.0002751079569474388,445000.0
10646368,0,1.0,0.0,0.0,0.0,1.0,0.0,0.0,0.0,0.0,0.0,0.0,0.0,0.0,0.0,0.0,1.0,0.0,0.0,0.051020408163265314,0.0,0.09090909090909091,0.07142857142857142,0.05555555555555555,1,2,1,0,0,0,1,1,0.06,0.17,0.0,385000.0
10646371,1,0.0,0.0,1.0,0.0,0.0,0.0,0.0,0.0,0.0,0.0,0.0,0.0,1.0,0.0,0.0,0.0,0.0,1.0,0.4459183673469388,0.36363636363636365,0.18181818181818182,0.0,0.16666666666666666,0,2,0,0,0,0,0,1,0.0,0.0,0.0037662279306104373,1585000.0
10646384,1,0.0,0.0,1.0,0.0,0.0,0.0,0.0,0.0,0.0,0.0,0.0,1.0,0.0,0.0,0.0,0.0,0.0,1.0,0.163265306122449,0.36363636363636365,0.09090909090909091,0.0,0.05555555555555555,3,4,0,1,0,0,1,0,1.0,0.0,0.0,315000.0
10646389,1,0.0,1.0,0.0,0.0,0.0,0.0,1.0,0.0,0.0,0.0,0.0,0.0,0.0,0.0,0.0,0.0,0.0,1.0,0.051020408163265314,0.09090909090909091,0.09090909090909091,0.0,0.05555555555555555,5,4,0,0,0,0,0,1,0.0,0.0,6.419185662106905e-05,280000.0
10646390,1,0.0,0.0,1.0,0.0,0.0,0.0,0.0,0.0,0.0,1.0,0.0,0.0,0.0,0.0,0.0,0.0,1.0,0.0,0.25816326530612244,0.7272727272727273,0.09090909090909091,0.0,0.1111111111111111,3,4,0,0,0,0,1,1,0.014,1.0,0.00012104750105687307,390000.0
10646394,1,1.0,0.0,0.0,0.0,1.0,0.0,0.0,0.0,0.0,0.0,0.0,0.0,0.0,0.0,0.0,1.0,0.0,0.0,0.23469387755102042,0.09090909090909091,0.18181818181818182,0.14285714285714285,0.16666666666666666,5,7,0,0,0,0,1,1,0.081,0.1,0.0,370000.0
10646403,1,0.0,1.0,0.0,0.0,0.0,0.0,0.0,0.0,0.0,0.0,0.0,0.0,0.0,1.0,0.0,0.0,0.0,1.0,0.15000000000000002,0.1818181818181818,0.0,0.0,0.05555555555555555,3,4,0,0,0,0,0,1,0.0,0.0,0.00038331708668009804,269000.0
10253182,1,0.0,1.0,0.0,1.0,0.0,0.0,0.0,0.0,0.0,0.0,0.0,0.0,0.0,0.0,0.0,0.0,0.0,1.0,0.5714285714285715,0.6363636363636364,0.36363636363636365,0.0,0.0,4,3,0,0,0,0,0,1,0.0,0.06,0.0,1150000.0
10646408,0,1.0,0.0,0.0,0.0,1.0,0.0,0.0,0.0,0.0,0.0,0.0,0.0,0.0,0.0,0.0,1.0,0.0,0.0,0.0816326530612245,0.1818181818181818,0.09090909090909091,0.0,0.05555555555555555,0,0,1,0,0,0,0,1,0.0,0.15,0.0,245000.0
10515337,1,0.0,1.0,0.0,0.0,0.0,0.0,0.0,0.0,1.0,0.0,0.0,0.0,0.0,0.0,0.0,0.0,1.0,0.0,0.4122448979591837,0.2727272727272727,0.18181818181818182,0.0,0.0,1,3,0,0,0,0,0,1,0.0,0.0,0.0007400404041886104,799000.0
10646412,0,0.0,1.0,0.0,0.0,0.0,1.0,0.0,0.0,0.0,0.0,0.0,0.0,0.0,0.0,0.0,0.0,0.0,1.0,0.07142857142857142,0.0,0.09090909090909091,0.07142857142857142,0.05555555555555555,1,1,0,0,0,0,1,0,0.0,0.0,0.0,220000.0
10646410,0,0.0,1.0,0.0,0.0,0.0,0.0,1.0,0.0,0.0,0.0,0.0,0.0,0.0,0.0,0.0,0.0,0.0,1.0,0.09183673469387757,0.1818181818181818,0.09090909090909091,0.0,0.0,3,3,0,0,0,0,1,1,0.0,0.0,0.0,380000.0
10646414,1,0.0,0.0,1.0,0.0,0.0,0.0,0.0,0.0,0.0,1.0,0.0,0.0,0.0,0.0,0.0,0.0,0.0,1.0,0.20612244897959187,0.36363636363636365,0.09090909090909091,0.07142857142857142,0.05555555555555555,5,7,0,0,0,0,1,1,0.316,0.15,0.0004768537920422273,259000.0
10646424,0,0.0,0.0,1.0,0.0,0.0,0.0,0.0,0.0,0.0,1.0,0.0,0.0,0.0,0.0,0.0,0.0,1.0,0.0,0.05204081632653062,0.09090909090909091,0.09090909090909091,0.0,0.05555555555555555,3,2,1,0,0,0,0,0,0.0,0.0,0.0,139500.0
10646430,0,0.0,0.0,1.0,0.0,0.0,0.0,0.0,0.0,0.0,0.0,0.0,0.0,1.0,0.0,0.0,0.0,0.0,1.0,0.05000000000000001,0.0,0.09090909090909091,0.0,0.05555555555555555,3,2,0,0,0,0,0,0,0.0,0.0,0.0,269000.0
10646429,0,1.0,0.0,0.0,0.0,1.0,0.0,0.0,0.0,0.0,0.0,0.0,0.0,0.0,0.0,0.0,1.0,0.0,0.0,0.0816326530612245,0.09090909090909091,0.09090909090909091,0.07142857142857142,0.05555555555555555,1,3,1,0,0,0,1,1,0.3,0.04,0.0,339000.0
10646425,1,0.0,0.0,1.0,0.0,0.0,0.0,0.0,0.0,0.0,0.0,0.0,0.0,1.0,0.0,0.0,0.0,0.0,1.0,0.10714285714285715,0.1818181818181818,0.09090909090909091,0.0,0.05555555555555555,0,4,0,1,0,0,1,1,0.0,0.0,0.0007244509532949221,375000.0
10646433,1,0.0,1.0,0.0,1.0,0.0,0.0,0.0,0.0,0.0,0.0,0.0,0.0,0.0,0.0,0.0,0.0,1.0,0.0,0.15408163265306124,0.1818181818181818,0.09090909090909091,0.0,0.1111111111111111,1,2,0,0,0,0,1,1,0.12,0.23,0.0,475000.0
10646434,1,0.0,1.0,0.0,1.0,0.0,0.0,0.0,0.0,0.0,0.0,0.0,0.0,0.0,0.0,0.0,0.0,1.0,0.0,0.19387755102040818,0.2727272727272727,0.09090909090909091,0.0,0.1111111111111111,1,1,0,0,0,0,1,0,0.11,0.0,0.0001971607024789978,479000.0
10646435,1,0.0,0.0,1.0,0.0,0.0,0.0,0.0,1.0,0.0,0.0,0.0,0.0,0.0,0.0,0.0,0.0,0.0,1.0,0.06122448979591837,0.09090909090909091,0.09090909090909091,0.0,0.05555555555555555,5,4,0,0,0,0,0,1,0.0,0.0,0.0004493429963474834,142000.0
7893924,0,0.0,1.0,0.0,0.0,0.0,0.0,0.0,0.0,0.0,0.0,0.0,0.0,0.0,1.0,0.0,0.0,0.0,1.0,0.09693877551020408,0.09090909090909091,0.09090909090909091,0.0,0.1111111111111111,1,2,1,0,0,0,0,1,0.0,0.04,0.0,325000.0
10646447,1,0.0,0.0,1.0,0.0,0.0,0.0,0.0,0.0,0.0,1.0,0.0,0.0,0.0,0.0,0.0,0.0,0.0,1.0,0.05612244897959184,0.09090909090909091,0.0,0.07142857142857142,0.05555555555555555,1,6,0,0,0,0,1,0,0.211,0.0,0.00019349259638636528,129000.0
10646436,1,0.0,0.0,1.0,0.0,0.0,0.0,0.0,0.0,0.0,1.0,0.0,0.0,0.0,0.0,0.0,1.0,0.0,0.0,0.09693877551020408,0.1818181818181818,0.09090909090909091,0.14285714285714285,0.16666666666666666,5,6,0,0,0,0,0,1,0.0,0.12,9.170265231581294e-05,165000.0
10646439,1,0.0,0.0,1.0,0.0,0.0,0.0,0.0,0.0,0.0,0.0,0.0,0.0,1.0,0.0,0.0,0.0,0.0,1.0,0.12244897959183676,0.1818181818181818,0.09090909090909091,0.0,0.1111111111111111,1,5,0,0,0,0,1,1,0.3,0.15,0.0004447578637316927,585000.0
10646440,0,0.0,1.0,0.0,0.0,0.0,1.0,0.0,0.0,0.0,0.0,0.0,0.0,0.0,0.0,0.0,0.0,0.0,1.0,0.08877551020408164,0.0,0.09090909090909091,0.07142857142857142,0.05555555555555555,1,2,0,0,0,0,1,1,0.0,0.0,0.0,225000.0
10646444,1,0.0,1.0,0.0,0.0,0.0,1.0,0.0,0.0,0.0,0.0,0.0,0.0,0.0,0.0,0.0,0.0,1.0,0.0,0.5918367346938775,0.36363636363636365,0.0,0.0,0.2222222222222222,1,0,0,0,0,0,0,1,0.0,0.0,0.0007106955554475503,540000.0
10646455,0,0.0,1.0,0.0,1.0,0.0,0.0,0.0,0.0,0.0,0.0,0.0,0.0,0.0,0.0,0.0,0.0,1.0,0.0,0.06122448979591837,0.09090909090909091,0.09090909090909091,0.0,0.05555555555555555,0,3,0,0,0,0,0,1,0.0,0.07,0.0,195000.0
10646462,1,0.0,1.0,0.0,0.0,0.0,0.0,0.0,0.0,0.0,0.0,0.0,0.0,0.0,1.0,0.0,1.0,0.0,0.0,0.25510204081632654,0.4545454545454545,0.0,0.0,0.05555555555555555,3,5,0,0,0,0,1,1,0.0,0.0,0.0008803454622318042,479000.0
10646460,0,0.0,0.0,1.0,0.0,0.0,0.0,0.0,0.0,0.0,0.0,0.0,0.0,1.0,0.0,0.0,0.0,0.0,1.0,0.1295918367346939,0.09090909090909091,0.09090909090909091,0.0,0.0,3,0,0,0,0,0,1,1,0.146,0.39,0.0,437125.0
10646482,0,1.0,0.0,0.0,0.0,1.0,0.0,0.0,0.0,0.0,0.0,0.0,0.0,0.0,0.0,0.0,0.0,0.0,1.0,0.09897959183673471,0.1818181818181818,0.09090909090909091,0.07142857142857142,0.1111111111111111,3,5,1,0,0,0,0,1,0.0,0.04,0.0,445000.0
10646470,0,1.0,0.0,0.0,0.0,1.0,0.0,0.0,0.0,0.0,0.0,0.0,0.0,0.0,0.0,0.0,1.0,0.0,0.0,0.07244897959183674,0.1818181818181818,0.09090909090909091,0.0,0.05555555555555555,3,3,1,0,0,0,0,1,0.0,0.04,0.0,265000.0
10515428,1,1.0,0.0,0.0,0.0,1.0,0.0,0.0,0.0,0.0,0.0,0.0,0.0,0.0,0.0,0.0,0.0,0.0,1.0,0.27040816326530615,0.2727272727272727,0.09090909090909091,0.07142857142857142,0.1111111111111111,0,0,0,0,0,0,1,1,1.0,0.3,0.0013929632886771986,1450000.0
10646512,1,0.0,1.0,0.0,1.0,0.0,0.0,0.0,0.0,0.0,0.0,0.0,0.0,0.0,0.0,0.0,1.0,0.0,0.0,0.12040816326530615,0.0,0.09090909090909091,0.07142857142857142,0.1111111111111111,1,3,0,0,0,0,0,0,0.0,0.0,0.0,342000.0
10646511,1,0.0,1.0,0.0,0.0,0.0,0.0,0.0,0.0,0.0,0.0,0.0,0.0,0.0,1.0,0.0,0.0,0.0,1.0,0.3734693877551021,0.2727272727272727,0.09090909090909091,0.0,0.0,1,0,0,0,0,0,0,0,0.0,0.0,0.03177038389481339,1449000.0
10646510,1,0.0,1.0,0.0,0.0,0.0,0.0,0.0,0.0,0.0,0.0,0.0,0.0,0.0,1.0,0.0,0.0,0.0,1.0,0.35000000000000003,0.1818181818181818,0.0,0.0,0.0,5,4,0,0,0,1,0,1,0.0,0.5,0.0003558062909853542,235000.0
10646515,1,0.0,1.0,0.0,0.0,0.0,0.0,0.0,0.0,1.0,0.0,0.0,0.0,0.0,0.0,0.0,0.0,0.0,1.0,0.2571428571428571,0.1818181818181818,0.09090909090909091,0.0,0.0,3,3,0,0,0,0,0,0,0.0,0.0,0.0010509123955392162,479000.0
10646518,0,1.0,0.0,0.0,0.0,1.0,0.0,0.0,0.0,0.0,0.0,0.0,0.0,0.0,0.0,0.0,1.0,0.0,0.0,0.1275510204081633,0.09090909090909091,0.09090909090909091,0.0,0.0,0,6,0,0,0,0,0,0,0.0,0.0,0.0,275000.0
10646528,1,0.0,1.0,0.0,0.0,0.0,0.0,1.0,0.0,0.0,0.0,0.0,0.0,0.0,0.0,0.0,1.0,0.0,0.0,0.336734693877551,0.36363636363636365,0.18181818181818182,0.07142857142857142,0.16666666666666666,3,3,0,0,0,0,1,1,0.442,0.14,0.0005520499669411939,765000.0
10646527,1,0.0,1.0,0.0,0.0,0.0,0.0,1.0,0.0,0.0,0.0,0.0,0.0,0.0,0.0,0.0,1.0,0.0,0.0,0.10714285714285715,0.09090909090909091,0.09090909090909091,0.0,0.0,5,0,0,0,0,0,0,0,0.0,0.0,0.0021586804355142363,400000.0
10646445,1,0.0,1.0,0.0,0.0,0.0,1.0,0.0,0.0,0.0,0.0,0.0,0.0,0.0,0.0,0.0,0.0,1.0,0.0,0.5918367346938775,0.36363636363636365,0.0,0.0,0.2222222222222222,1,0,0,0,0,0,0,1,0.0,0.0,0.0007106955554475503,540000.0
10646532,1,0.0,0.0,1.0,0.0,0.0,0.0,0.0,0.0,0.0,0.0,0.0,1.0,0.0,0.0,0.0,0.0,0.0,1.0,0.2448979591836735,0.1818181818181818,0.18181818181818182,0.0,0.1111111111111111,0,3,0,0,0,0,1,0,0.04,0.0,0.00010087291754739423,179000.0
10646537,1,0.0,1.0,0.0,1.0,0.0,0.0,0.0,0.0,0.0,0.0,0.0,0.0,0.0,0.0,0.0,0.0,0.0,1.0,0.17448979591836736,0.2727272727272727,0.09090909090909091,0.0,0.1111111111111111,3,4,0,0,0,0,0,1,0.0,0.0,0.0002677717447621738,409000.0
10646541,0,1.0,0.0,0.0,0.0,1.0,0.0,0.0,0.0,0.0,0.0,0.0,0.0,0.0,0.0,0.0,1.0,0.0,0.0,0.11224489795918369,0.09090909090909091,0.09090909090909091,0.0,0.05555555555555555,4,4,1,0,0,0,0,1,0.0,0.24,0.0,239000.0
10646530,1,0.0,1.0,0.0,0.0,0.0,0.0,1.0,0.0,0.0,0.0,0.0,0.0,0.0,0.0,0.0,0.0,1.0,0.0,0.07142857142857142,0.1818181818181818,0.09090909090909091,0.0,0.0,3,4,0,1,0,0,0,1,0.0,0.15,0.0,275000.0
10646544,1,0.0,0.0,1.0,0.0,0.0,0.0,0.0,0.0,0.0,1.0,0.0,0.0,0.0,0.0,0.0,0.0,0.0,1.0,0.11938775510204083,0.1818181818181818,0.0,0.07142857142857142,0.2222222222222222,3,0,0,0,0,0,1,1,0.452,0.2,0.0005401286221401382,349000.0
10646543,1,0.0,1.0,0.0,0.0,0.0,1.0,0.0,0.0,0.0,0.0,0.0,0.0,0.0,0.0,0.0,0.0,0.0,1.0,0.06122448979591837,0.0,0.09090909090909091,0.0,0.1111111111111111,2,2,0,0,0,0,1,1,0.018000000000000002,0.05,5.3187538343171505e-05,225000.0
10646549,1,0.0,0.0,1.0,0.0,0.0,0.0,0.0,0.0,0.0,0.0,0.0,0.0,1.0,0.0,0.0,0.0,0.0,1.0,0.163265306122449,0.1818181818181818,0.09090909090909091,0.07142857142857142,0.1111111111111111,3,3,0,1,1,0,1,1,0.1,0.85,0.0003695616888327261,625000.0
10646547,1,0.0,0.0,1.0,0.0,0.0,0.0,0.0,0.0,0.0,0.0,0.0,0.0,1.0,0.0,0.0,0.0,0.0,1.0,0.2255102040816327,0.2727272727272727,0.2727272727272727,0.0,0.0,3,3,0,0,0,0,0,0,0.0,0.0,0.0019899475552531405,1225000.0
10646559,1,0.0,1.0,0.0,0.0,0.0,1.0,0.0,0.0,0.0,0.0,0.0,0.0,0.0,0.0,0.0,0.0,0.0,1.0,0.17244897959183675,0.2727272727272727,0.0,0.0,0.1111111111111111,3,2,0,0,0,0,1,0,0.1,0.0,0.0001806542250621515,339000.0
10646557,1,0.0,0.0,1.0,0.0,0.0,0.0,0.0,0.0,0.0,0.0,0.0,1.0,0.0,0.0,1.0,0.0,0.0,0.0,0.1602040816326531,0.36363636363636365,0.0,0.0,0.05555555555555555,5,6,0,0,0,0,0,0,0.0,0.0,0.0,190000.0
10646575,1,0.0,1.0,0.0,1.0,0.0,0.0,0.0,0.0,0.0,0.0,0.0,0.0,0.0,0.0,0.0,0.0,0.0,1.0,0.1,0.1818181818181818,0.09090909090909091,0.0,0.05555555555555555,0,2,0,1,0,0,1,1,0.148,0.2,0.0002659376917158575,399000.0
10646602,0,0.0,0.0,1.0,0.0,0.0,0.0,0.0,1.0,0.0,0.0,0.0,0.0,0.0,0.0,0.0,0.0,0.0,1.0,0.10408163265306122,0.09090909090909091,0.09090909090909091,0.0,0.05555555555555555,3,0,1,1,0,0,0,1,0.0,0.2,0.0,365000.0
10646573,0,0.0,0.0,1.0,0.0,0.0,0.0,0.0,0.0,0.0,0.0,0.0,0.0,1.0,0.0,0.0,0.0,0.0,1.0,0.06632653061224492,0.09090909090909091,0.09090909090909091,0.0,0.05555555555555555,3,4,0,1,0,0,0,1,0.0,0.0,0.0,275000.0
10515498,1,0.0,1.0,0.0,0.0,0.0,0.0,0.0,0.0,1.0,0.0,0.0,0.0,0.0,0.0,0.0,0.0,0.0,1.0,0.113265306122449,0.2727272727272727,0.09090909090909091,0.0,0.05555555555555555,3,6,0,0,0,0,1,1,0.177,0.28,0.0004310024658843208,240000.0
10646603,1,0.0,0.0,1.0,0.0,0.0,0.0,0.0,1.0,0.0,0.0,0.0,0.0,0.0,0.0,0.0,0.0,0.0,1.0,0.10408163265306122,0.09090909090909091,0.09090909090909091,0.0,0.05555555555555555,3,0,1,1,0,0,0,1,0.0,0.2,0.00011187723582529178,365000.0
10646616,1,0.0,1.0,0.0,0.0,0.0,1.0,0.0,0.0,0.0,0.0,0.0,0.0,0.0,0.0,0.0,0.0,1.0,0.0,0.0653061224489796,0.09090909090909091,0.09090909090909091,0.0,0.0,5,6,0,1,0,0,0,0,0.0,0.0,4.951943225053898e-05,139000.0
10646612,1,0.0,1.0,0.0,0.0,0.0,1.0,0.0,0.0,0.0,0.0,0.0,0.0,0.0,0.0,0.0,0.0,0.0,1.0,0.1306122448979592,0.09090909090909091,0.09090909090909091,0.0,0.1111111111111111,3,4,0,1,0,0,1,1,0.045,0.12,0.00011921344801055682,285000.0
10646606,1,0.0,0.0,1.0,0.0,0.0,0.0,0.0,0.0,0.0,1.0,0.0,0.0,0.0,0.0,0.0,0.0,0.0,1.0,0.10408163265306122,0.1818181818181818,0.09090909090909091,0.07142857142857142,0.1111111111111111,3,3,0,0,0,0,1,1,0.339,0.17,0.00040991085585168383,275000.0
10646620,1,0.0,0.0,1.0,0.0,0.0,0.0,0.0,0.0,0.0,0.0,0.0,1.0,0.0,0.0,0.0,1.0,0.0,0.0,0.11224489795918369,0.2727272727272727,0.09090909090909091,0.0,0.1111111111111111,5,5,0,1,0,0,1,0,0.0,0.0,0.00045301110244011587,295000.0
10646608,1,0.0,1.0,0.0,0.0,0.0,0.0,1.0,0.0,0.0,0.0,0.0,0.0,0.0,0.0,0.0,0.0,0.0,1.0,0.29591836734693877,0.36363636363636365,0.18181818181818182,0.0,0.16666666666666666,0,1,0,1,0,0,1,0,0.0,0.0,0.0004493429963474834,799000.0
10646623,0,0.0,1.0,0.0,0.0,0.0,0.0,0.0,0.0,1.0,0.0,0.0,0.0,0.0,0.0,0.0,0.0,0.0,1.0,0.0653061224489796,0.09090909090909091,0.09090909090909091,0.0,0.05555555555555555,3,1,1,1,0,0,0,1,0.0,0.14,0.0,295000.0
10646622,1,0.0,1.0,0.0,0.0,0.0,1.0,0.0,0.0,0.0,0.0,0.0,0.0,0.0,0.0,0.0,0.0,1.0,0.0,0.08673469387755103,0.1818181818181818,0.09090909090909091,0.0,0.05555555555555555,3,6,0,1,0,0,0,0,0.0,0.0,5.502159138948776e-05,150000.0
10646626,1,0.0,0.0,1.0,0.0,0.0,0.0,0.0,0.0,0.0,0.0,0.0,1.0,0.0,0.0,0.0,0.0,1.0,0.0,0.1836734693877551,0.2727272727272727,0.09090909090909091,0.0,0.05555555555555555,0,5,0,0,0,0,0,0,0.0,0.0,0.0009115243640191806,185000.0
10646624,0,0.0,0.0,1.0,0.0,0.0,0.0,0.0,1.0,0.0,0.0,0.0,0.0,0.0,0.0,1.0,0.0,0.0,0.0,0.004081632653061225,0.0,0.09090909090909091,0.07142857142857142,0.05555555555555555,1,0,1,0,0,0,0,0,0.0,0.0,0.0,79000.0
10646625,1,0.0,1.0,0.0,1.0,0.0,0.0,0.0,0.0,0.0,0.0,0.0,0.0,0.0,0.0,0.0,0.0,0.0,1.0,0.1142857142857143,0.1818181818181818,0.09090909090909091,0.0,0.1111111111111111,4,4,0,1,0,0,0,1,0.0,0.01,6.602590966738531e-05,225000.0
10646632,0,1.0,0.0,0.0,0.0,1.0,0.0,0.0,0.0,0.0,0.0,0.0,0.0,0.0,0.0,0.0,0.0,1.0,0.0,0.06632653061224492,0.0,0.09090909090909091,0.0,0.05555555555555555,3,3,0,0,0,0,0,0,0.0,0.0,0.0,325000.0
10646634,0,0.0,1.0,0.0,0.0,0.0,0.0,0.0,0.0,0.0,0.0,0.0,0.0,0.0,1.0,0.0,0.0,0.0,1.0,0.09081632653061225,0.09090909090909091,0.09090909090909091,0.0,0.05555555555555555,3,3,1,0,0,0,0,1,0.0,0.0,0.0,335000.0
10646641,1,0.0,1.0,0.0,0.0,0.0,0.0,1.0,0.0,0.0,0.0,0.0,0.0,0.0,0.0,0.0,0.0,0.0,1.0,0.6122448979591837,0.36363636363636365,0.2727272727272727,0.0,0.2222222222222222,1,2,0,0,1,0,1,0,0.0,0.0,0.003197671486252397,1395000.0
10646638,0,0.0,1.0,0.0,1.0,0.0,0.0,0.0,0.0,0.0,0.0,0.0,0.0,0.0,0.0,0.0,0.0,0.0,1.0,0.10408163265306122,0.1818181818181818,0.09090909090909091,0.0,0.05555555555555555,4,4,0,1,0,0,0,0,0.0,0.0,0.0,199000.0
10646628,1,0.0,0.0,1.0,0.0,0.0,0.0,0.0,1.0,0.0,0.0,0.0,0.0,0.0,0.0,0.0,0.0,1.0,0.0,0.11938775510204083,0.1818181818181818,0.0,0.0,0.0,0,5,0,0,0,0,0,0,0.0,0.0,0.00032095928310534527,75000.0
10646643,1,0.0,1.0,0.0,0.0,0.0,0.0,0.0,0.0,0.0,0.0,0.0,0.0,0.0,1.0,0.0,0.0,1.0,0.0,0.12653061224489798,0.1818181818181818,0.0,0.0,0.0,0,0,0,0,0,0,0,0,0.0,0.0,0.0003310465748600847,365000.0
10646644,1,0.0,1.0,0.0,1.0,0.0,0.0,0.0,0.0,0.0,0.0,0.0,0.0,0.0,0.0,0.0,0.0,0.0,1.0,0.3469387755102041,0.2727272727272727,0.2727272727272727,0.0,0.16666666666666666,2,2,0,1,0,0,1,0,0.315,0.0,0.000644669645780165,1590000.0
10646642,0,0.0,1.0,0.0,1.0,0.0,0.0,0.0,0.0,0.0,0.0,0.0,0.0,0.0,0.0,0.0,1.0,0.0,0.0,0.05612244897959184,0.09090909090909091,0.09090909090909091,0.0,0.05555555555555555,0,2,1,1,0,0,0,1,0.0,0.08,0.0,179000.0
10515574,1,0.0,1.0,0.0,0.0,0.0,1.0,0.0,0.0,0.0,0.0,0.0,0.0,0.0,0.0,0.0,0.0,0.0,1.0,0.19387755102040818,0.1818181818181818,0.09090909090909091,0.0,0.1111111111111111,1,0,0,0,0,0,1,1,0.289,0.16,0.00036681060926325174,589000.0
10515578,1,0.0,1.0,0.0,0.0,0.0,1.0,0.0,0.0,0.0,0.0,0.0,0.0,0.0,0.0,0.0,0.0,0.0,1.0,0.19387755102040818,0.1818181818181818,0.09090909090909091,0.0,0.1111111111111111,1,0,0,0,0,0,0,0,0.0,0.0,0.00020449691466426284,549000.0
10646649,1,0.0,1.0,0.0,0.0,0.0,0.0,1.0,0.0,0.0,0.0,0.0,0.0,0.0,0.0,0.0,1.0,0.0,0.0,0.2989795918367347,0.2727272727272727,0.0,0.0,0.0,4,6,0,0,0,0,1,0,0.0,0.0,0.0003227933361516615,398000.0
10515576,1,0.0,1.0,0.0,0.0,0.0,1.0,0.0,0.0,0.0,0.0,0.0,0.0,0.0,0.0,0.0,0.0,0.0,1.0,0.19387755102040818,0.1818181818181818,0.09090909090909091,0.0,0.1111111111111111,1,0,0,0,0,0,1,1,0.17400000000000002,0.16,0.0002567674264842762,559000.0
10646650,0,0.0,1.0,0.0,1.0,0.0,0.0,0.0,0.0,0.0,0.0,0.0,0.0,0.0,0.0,0.0,0.0,0.0,1.0,0.10408163265306122,0.1818181818181818,0.09090909090909091,0.0,0.05555555555555555,4,4,0,1,0,0,0,0,0.0,0.0,0.0,199000.0
10515580,1,0.0,1.0,0.0,0.0,0.0,1.0,0.0,0.0,0.0,0.0,0.0,0.0,0.0,0.0,0.0,0.0,0.0,1.0,0.19387755102040818,0.1818181818181818,0.09090909090909091,0.0,0.1111111111111111,1,0,0,0,0,0,1,1,0.117,0.16,0.00020357988814110472,549000.0
10646651,1,0.0,1.0,0.0,0.0,0.0,0.0,1.0,0.0,0.0,0.0,0.0,0.0,0.0,0.0,0.0,0.0,1.0,0.0,0.1316326530612245,0.2727272727272727,0.09090909090909091,0.0,0.1111111111111111,3,2,0,0,0,0,1,1,0.0,0.0,0.00025768445300743435,369000.0
10646656,1,0.0,1.0,0.0,0.0,0.0,0.0,1.0,0.0,0.0,0.0,0.0,0.0,0.0,0.0,0.0,0.0,0.0,1.0,0.23571428571428574,0.4545454545454545,0.18181818181818182,0.0,0.16666666666666666,3,4,0,0,0,0,1,1,0.0,0.16,0.0005914821074369934,992000.0
10515582,1,0.0,1.0,0.0,0.0,0.0,1.0,0.0,0.0,0.0,0.0,0.0,0.0,0.0,0.0,0.0,0.0,0.0,1.0,0.19387755102040818,0.1818181818181818,0.09090909090909091,0.0,0.1111111111111111,1,0,0,0,0,0,1,1,0.23,0.16,0.0003090379383042896,579000.0
10646655,1,0.0,0.0,1.0,0.0,0.0,0.0,0.0,0.0,0.0,0.0,0.0,0.0,1.0,0.0,0.0,0.0,0.0,1.0,0.1306122448979592,0.2727272727272727,0.09090909090909091,0.07142857142857142,0.1111111111111111,3,2,0,1,0,0,1,1,0.0,0.3,0.00037047871535588427,389999.0
10646657,0,0.0,1.0,0.0,0.0,0.0,0.0,1.0,0.0,0.0,0.0,0.0,0.0,0.0,0.0,0.0,1.0,0.0,0.0,0.04591836734693878,0.0,0.09090909090909091,0.0,0.05555555555555555,3,2,0,0,0,0,1,0,0.0,0.0,0.0,239000.0
10646654,1,0.0,1.0,0.0,0.0,0.0,1.0,0.0,0.0,0.0,0.0,0.0,0.0,0.0,0.0,0.0,0.0,0.0,1.0,0.12244897959183676,0.1818181818181818,0.09090909090909091,0.0,0.05555555555555555,0,6,0,0,0,0,1,0,0.0,0.0,0.00028702930174849447,300000.0
10646664,1,0.0,1.0,0.0,0.0,0.0,1.0,0.0,0.0,0.0,0.0,0.0,0.0,0.0,0.0,0.0,0.0,1.0,0.0,0.20408163265306126,0.09090909090909091,0.09090909090909091,0.0,0.05555555555555555,0,0,0,1,0,0,0,0,0.0,0.0,9.170265231581294e-05,189000.0
10646661,1,0.0,1.0,0.0,0.0,0.0,1.0,0.0,0.0,0.0,0.0,0.0,0.0,0.0,0.0,0.0,0.0,1.0,0.0,0.09183673469387757,0.1818181818181818,0.09090909090909091,0.0,0.1111111111111111,3,2,0,1,0,0,0,1,0.0,0.0,0.0002494312142990112,269000.0
10646667,0,0.0,1.0,0.0,0.0,0.0,0.0,0.0,0.0,1.0,0.0,0.0,0.0,0.0,0.0,0.0,0.0,0.0,1.0,0.10102040816326532,0.09090909090909091,0.09090909090909091,0.0,0.1111111111111111,3,2,1,0,0,0,1,1,0.027,0.08,0.0,295000.0
10646668,0,0.0,1.0,0.0,0.0,0.0,1.0,0.0,0.0,0.0,0.0,0.0,0.0,0.0,0.0,0.0,0.0,1.0,0.0,0.1163265306122449,0.09090909090909091,0.09090909090909091,0.0,0.1111111111111111,3,2,1,0,0,0,0,1,0.0,0.0,0.0,294000.0
10646670,1,0.0,1.0,0.0,0.0,0.0,0.0,0.0,0.0,0.0,0.0,0.0,0.0,0.0,1.0,0.0,0.0,1.0,0.0,0.17346938775510207,0.1818181818181818,0.09090909090909091,0.0,0.05555555555555555,5,0,0,0,0,0,1,0,0.3,0.0,0.002482390798189056,328000.0
10646676,0,1.0,0.0,0.0,0.0,1.0,0.0,0.0,0.0,0.0,0.0,0.0,0.0,0.0,0.0,0.0,0.0,0.0,1.0,0.14285714285714288,0.1818181818181818,0.18181818181818182,0.0,0.1111111111111111,3,7,1,0,0,0,0,1,0.0,0.26,0.0,625000.0
10646678,0,0.0,1.0,0.0,0.0,0.0,0.0,0.0,0.0,0.0,0.0,0.0,0.0,0.0,1.0,0.0,1.0,0.0,0.0,0.09693877551020408,0.1818181818181818,0.09090909090909091,0.0,0.05555555555555555,0,2,1,0,0,0,0,1,0.0,0.0,0.0,449000.0
10646669,1,0.0,1.0,0.0,0.0,0.0,0.0,0.0,0.0,0.0,0.0,0.0,0.0,0.0,1.0,0.0,0.0,0.0,1.0,0.10102040816326532,0.09090909090909091,0.09090909090909091,0.0,0.05555555555555555,3,6,0,0,0,0,0,0,0.0,0.0,6.87769892368597e-05,199000.0
10646679,1,1.0,0.0,0.0,0.0,1.0,0.0,0.0,0.0,0.0,0.0,0.0,0.0,0.0,0.0,0.0,1.0,0.0,0.0,0.3877551020408163,0.5454545454545454,0.2727272727272727,0.07142857142857142,0.2777777777777778,3,0,0,0,0,0,1,1,0.07,0.55,0.0,1850000.0
10646688,0,0.0,1.0,0.0,0.0,0.0,0.0,0.0,0.0,0.0,0.0,0.0,0.0,0.0,1.0,0.0,0.0,1.0,0.0,0.09693877551020408,0.2727272727272727,0.18181818181818182,0.0,0.1111111111111111,3,2,1,0,0,0,0,0,0.0,0.0,0.0,795000.0
10646683,1,0.0,0.0,1.0,0.0,0.0,0.0,0.0,0.0,0.0,1.0,0.0,0.0,0.0,0.0,0.0,0.0,1.0,0.0,0.11734693877551022,0.1818181818181818,0.09090909090909091,0.0,0.05555555555555555,2,0,0,0,0,0,0,1,0.0,0.15,0.0,169000.0
10646686,0,0.0,1.0,0.0,0.0,0.0,0.0,0.0,0.0,0.0,0.0,0.0,0.0,0.0,1.0,0.0,0.0,0.0,1.0,0.07040816326530613,0.09090909090909091,0.09090909090909091,0.0,0.05555555555555555,3,5,1,0,0,0,0,0,0.0,0.0,0.0,280000.0
10646694,0,0.0,1.0,0.0,0.0,0.0,0.0,0.0,0.0,0.0,0.0,0.0,0.0,0.0,1.0,0.0,0.0,1.0,0.0,0.1,0.1818181818181818,0.0,0.0,0.0,3,4,1,0,0,0,0,0,0.0,0.0,0.0,265000.0
10646691,0,0.0,0.0,1.0,0.0,0.0,0.0,0.0,1.0,0.0,0.0,0.0,0.0,0.0,0.0,0.0,0.0,0.0,1.0,0.13367346938775512,0.1818181818181818,0.0,0.14285714285714285,0.1111111111111111,0,1,1,0,0,0,1,1,1.0,0.16,0.0,398000.0
10646700,1,0.0,0.0,1.0,0.0,0.0,0.0,0.0,1.0,0.0,0.0,0.0,0.0,0.0,0.0,0.0,0.0,0.0,1.0,0.05816326530612246,0.09090909090909091,0.09090909090909091,0.0,0.05555555555555555,0,7,0,0,0,0,1,0,0.4,0.0,0.0003943214049579956,78000.0
10646692,1,0.0,1.0,0.0,0.0,0.0,0.0,0.0,0.0,0.0,0.0,0.0,0.0,0.0,1.0,0.0,0.0,1.0,0.0,0.13775510204081634,0.1818181818181818,0.09090909090909091,0.0,0.1111111111111111,0,0,0,0,0,0,0,1,0.0,0.0,0.00022742257774321608,431000.0
10646702,1,0.0,1.0,0.0,1.0,0.0,0.0,0.0,0.0,0.0,0.0,0.0,0.0,0.0,0.0,0.0,0.0,0.0,1.0,0.663265306122449,0.2727272727272727,0.36363636363636365,0.0,0.2777777777777778,3,0,1,0,0,0,0,1,0.0,0.0,0.0018349700728394168,1875000.0
10646706,1,1.0,0.0,0.0,0.0,1.0,0.0,0.0,0.0,0.0,0.0,0.0,0.0,0.0,0.0,0.0,0.0,1.0,0.0,0.27346938775510204,0.36363636363636365,0.09090909090909091,0.0,0.1111111111111111,4,6,0,1,0,0,1,1,0.07,0.19,0.0001375539784737194,795000.0
10646718,0,0.0,1.0,0.0,0.0,0.0,0.0,0.0,0.0,0.0,0.0,0.0,0.0,0.0,1.0,0.0,0.0,1.0,0.0,0.08979591836734696,0.1818181818181818,0.0,0.0,0.0,3,4,1,0,0,0,0,1,0.0,0.0,0.0,210000.0
10646723,1,0.0,1.0,0.0,0.0,0.0,0.0,0.0,0.0,0.0,0.0,0.0,0.0,0.0,1.0,0.0,0.0,0.0,1.0,0.16632653061224492,0.2727272727272727,0.09090909090909091,0.0,0.1111111111111111,1,2,0,0,0,1,1,1,0.0,0.01,0.0002063309677105791,312000.0
10646710,1,0.0,1.0,0.0,0.0,0.0,0.0,0.0,0.0,1.0,0.0,0.0,0.0,0.0,0.0,0.0,0.0,0.0,1.0,0.6234693877551021,0.6363636363636364,0.2727272727272727,0.0,0.0,3,3,0,0,0,0,0,0,0.0,0.0,0.004520940759169577,1495000.0
10646722,1,0.0,1.0,0.0,0.0,0.0,1.0,0.0,0.0,0.0,0.0,0.0,0.0,0.0,0.0,0.0,0.0,0.0,1.0,0.3081632653061225,0.2727272727272727,0.18181818181818182,0.0,0.16666666666666666,3,0,0,0,0,0,0,0,0.0,0.0,0.0016148837072814657,1255248.0
10646721,0,0.0,1.0,0.0,0.0,0.0,0.0,1.0,0.0,0.0,0.0,0.0,0.0,0.0,0.0,0.0,0.0,0.0,1.0,0.06326530612244899,0.09090909090909091,0.0,0.0,0.0,5,3,0,0,0,0,0,0,0.0,0.0,0.0,290000.0
10646724,1,0.0,0.0,1.0,0.0,0.0,0.0,0.0,0.0,0.0,1.0,0.0,0.0,0.0,0.0,0.0,0.0,1.0,0.0,0.21938775510204084,0.5454545454545454,0.18181818181818182,0.14285714285714285,0.16666666666666666,3,4,0,0,0,0,1,1,1.0,0.29,0.0016689882721477953,540000.0
10646733,1,0.0,1.0,0.0,0.0,0.0,0.0,1.0,0.0,0.0,0.0,0.0,0.0,0.0,0.0,0.0,0.0,0.0,1.0,0.09693877551020408,0.1818181818181818,0.09090909090909091,0.0,0.1111111111111111,3,4,0,0,0,0,0,0,0.0,0.0,0.00016781585373793766,469000.0
10646727,1,1.0,0.0,0.0,0.0,1.0,0.0,0.0,0.0,0.0,0.0,0.0,0.0,0.0,0.0,0.0,1.0,0.0,0.0,0.3316326530612245,0.2727272727272727,0.0,0.14285714285714285,0.1111111111111111,1,4,1,0,0,0,0,0,0.0,0.0,0.00031637415048955465,940000.0
10646729,1,0.0,1.0,0.0,0.0,0.0,0.0,0.0,0.0,0.0,0.0,0.0,0.0,0.0,1.0,0.0,0.0,1.0,0.0,0.2683673469387755,0.2727272727272727,0.0,0.0,0.1111111111111111,3,3,0,0,0,0,1,1,0.083,0.0,0.00017606909244636084,419000.0
10646734,1,0.0,1.0,0.0,1.0,0.0,0.0,0.0,0.0,0.0,0.0,0.0,0.0,0.0,0.0,0.0,0.0,1.0,0.0,0.07551020408163267,0.1818181818181818,0.09090909090909091,0.0,0.1111111111111111,3,3,0,0,0,0,1,0,0.019,0.0,0.0,309000.0
10646735,1,0.0,1.0,0.0,0.0,0.0,0.0,1.0,0.0,0.0,0.0,0.0,0.0,0.0,0.0,0.0,0.0,0.0,1.0,0.31326530612244896,0.36363636363636365,0.18181818181818182,0.0,0.16666666666666666,3,3,0,0,0,0,0,0,0.0,0.0,0.0015195129488730203,695000.0
10646736,1,0.0,0.0,1.0,0.0,0.0,0.0,0.0,1.0,0.0,0.0,0.0,0.0,0.0,0.0,0.0,0.0,0.0,1.0,0.10204081632653061,0.1818181818181818,0.0,0.07142857142857142,0.05555555555555555,0,3,0,0,0,0,0,1,0.0,0.0,0.0001439731641358263,229000.0
10646737,1,0.0,0.0,1.0,0.0,0.0,0.0,0.0,1.0,0.0,0.0,0.0,0.0,0.0,0.0,0.0,0.0,1.0,0.0,0.10306122448979593,0.09090909090909091,0.09090909090909091,0.0,0.1111111111111111,0,7,0,0,0,0,1,0,0.018000000000000002,0.0,0.0001375539784737194,100000.0
10646738,1,0.0,0.0,1.0,0.0,0.0,0.0,0.0,1.0,0.0,0.0,0.0,0.0,0.0,0.0,1.0,0.0,0.0,0.0,0.0836734693877551,0.09090909090909091,0.09090909090909091,0.07142857142857142,0.1111111111111111,3,3,0,0,0,0,0,1,0.0,0.0,0.0,199000.0
10646739,1,1.0,0.0,0.0,0.0,1.0,0.0,0.0,0.0,0.0,0.0,0.0,0.0,0.0,0.0,0.0,1.0,0.0,0.0,0.2091836734693878,0.36363636363636365,0.0,0.0,0.0,0,0,0,0,0,0,0,0,0.0,0.0,0.00029803362002639206,985000.0
10646740,1,0.0,1.0,0.0,0.0,0.0,0.0,1.0,0.0,0.0,0.0,0.0,0.0,0.0,0.0,0.0,0.0,0.0,1.0,0.1459183673469388,0.2727272727272727,0.09090909090909091,0.0,0.0,3,3,0,0,0,0,0,0,0.0,0.0,0.00016506477416846328,415000.0
10646742,0,0.0,1.0,0.0,0.0,0.0,1.0,0.0,0.0,0.0,0.0,0.0,0.0,0.0,0.0,0.0,0.0,0.0,1.0,0.10408163265306122,0.09090909090909091,0.09090909090909091,0.0,0.05555555555555555,3,0,1,1,0,0,0,1,0.0,0.2,0.0,365000.0
10646744,1,0.0,1.0,0.0,0.0,0.0,1.0,0.0,0.0,0.0,0.0,0.0,0.0,0.0,0.0,0.0,0.0,0.0,1.0,0.10408163265306122,0.09090909090909091,0.09090909090909091,0.0,0.05555555555555555,3,0,1,1,0,0,0,1,0.0,0.2,0.00011187723582529178,365000.0
10646746,1,0.0,0.0,1.0,0.0,0.0,0.0,0.0,0.0,0.0,0.0,0.0,0.0,1.0,0.0,0.0,0.0,0.0,1.0,0.1489795918367347,0.2727272727272727,0.18181818181818182,0.0,0.0,2,3,0,0,0,0,0,0,0.0,0.0,0.000836328189120214,498000.0
10646743,1,0.0,1.0,0.0,0.0,0.0,0.0,0.0,0.0,0.0,0.0,0.0,0.0,0.0,1.0,0.0,0.0,0.0,1.0,0.5918367346938775,0.09090909090909091,0.09090909090909091,0.0,0.1111111111111111,5,6,0,1,0,0,0,1,0.0,0.0,0.0008042322608096794,295000.0
10646753,0,0.0,1.0,0.0,1.0,0.0,0.0,0.0,0.0,0.0,0.0,0.0,0.0,0.0,0.0,0.0,0.0,0.0,1.0,0.09183673469387757,0.09090909090909091,0.09090909090909091,0.0,0.05555555555555555,3,1,0,1,0,0,0,1,0.0,0.0,0.0,354000.0
10646752,1,0.0,0.0,1.0,0.0,0.0,0.0,0.0,0.0,0.0,1.0,0.0,0.0,0.0,0.0,0.0,0.0,1.0,0.0,0.10204081632653061,0.09090909090909091,0.09090909090909091,0.0,0.05555555555555555,0,5,0,1,0,0,1,0,0.37,0.0,0.0003943214049579956,239000.0
10646751,1,0.0,1.0,0.0,1.0,0.0,0.0,0.0,0.0,0.0,0.0,0.0,0.0,0.0,0.0,0.0,0.0,0.0,1.0,0.1326530612244898,0.09090909090909091,0.18181818181818182,0.0,0.1111111111111111,3,2,0,1,0,0,0,1,0.0,0.2,0.00033288062790640094,329000.0
10646755,1,0.0,1.0,0.0,0.0,0.0,0.0,0.0,0.0,1.0,0.0,0.0,0.0,0.0,0.0,0.0,0.0,0.0,1.0,0.2653061224489796,0.36363636363636365,0.2727272727272727,0.0,0.16666666666666666,3,2,0,1,0,0,0,1,0.0,0.0,0.0006134907439927886,399000.0
10646756,1,0.0,0.0,1.0,0.0,0.0,0.0,0.0,0.0,0.0,0.0,0.0,1.0,0.0,0.0,0.0,0.0,0.0,1.0,0.12551020408163266,0.1818181818181818,0.09090909090909091,0.0,0.1111111111111111,1,1,0,0,0,0,1,1,1.0,0.0,0.0012856711854676974,339000.0
10646758,0,0.0,0.0,1.0,0.0,0.0,0.0,0.0,0.0,0.0,1.0,0.0,0.0,0.0,0.0,1.0,0.0,0.0,0.0,0.06224489795918368,0.09090909090909091,0.09090909090909091,0.0,0.0,0,2,0,0,0,0,0,1,0.0,0.39,0.0,240000.0
10646759,0,0.0,0.0,1.0,0.0,0.0,0.0,0.0,0.0,0.0,0.0,0.0,0.0,1.0,0.0,0.0,0.0,0.0,1.0,0.13673469387755105,0.1818181818181818,0.09090909090909091,0.07142857142857142,0.05555555555555555,0,5,0,0,0,0,0,1,0.0,0.05,0.0,275000.0
10646764,0,0.0,0.0,1.0,0.0,0.0,0.0,0.0,1.0,0.0,0.0,0.0,0.0,0.0,0.0,0.0,1.0,0.0,0.0,0.13673469387755105,0.1818181818181818,0.09090909090909091,0.07142857142857142,0.05555555555555555,0,5,0,0,0,0,0,1,0.0,0.05,0.0,275000.0
10646767,1,0.0,1.0,0.0,0.0,0.0,0.0,0.0,0.0,1.0,0.0,0.0,0.0,0.0,0.0,0.0,0.0,0.0,1.0,0.12653061224489798,0.1818181818181818,0.09090909090909091,0.0,0.1111111111111111,0,0,0,1,0,0,1,0,0.4,0.0,0.00036681060926325174,313900.0
10646768,1,0.0,1.0,0.0,0.0,0.0,0.0,1.0,0.0,0.0,0.0,0.0,0.0,0.0,0.0,0.0,0.0,0.0,1.0,0.12653061224489798,0.1818181818181818,0.09090909090909091,0.0,0.1111111111111111,2,2,0,1,0,0,1,0,0.0,0.0,0.0003539722379390379,349000.0
10646770,1,0.0,0.0,1.0,0.0,0.0,0.0,0.0,0.0,0.0,0.0,0.0,0.0,1.0,0.0,0.0,0.0,0.0,1.0,0.3408163265306123,0.36363636363636365,0.09090909090909091,0.21428571428571427,0.1111111111111111,0,2,0,1,1,0,1,1,0.0,0.5,0.0006428355927338487,1225000.0
10646773,1,0.0,0.0,1.0,0.0,0.0,0.0,0.0,0.0,0.0,1.0,0.0,0.0,0.0,0.0,0.0,1.0,0.0,0.0,0.06224489795918368,0.09090909090909091,0.09090909090909091,0.0,0.0,0,2,0,0,0,0,0,1,0.0,0.39,7.703022794528286e-05,240000.0
10646772,0,0.0,0.0,1.0,0.0,0.0,0.0,0.0,0.0,0.0,1.0,0.0,0.0,0.0,0.0,0.0,1.0,0.0,0.0,0.06224489795918368,0.09090909090909091,0.09090909090909091,0.0,0.0,0,2,0,0,0,0,0,1,0.0,0.39,0.0,240000.0
10646769,1,0.0,1.0,0.0,1.0,0.0,0.0,0.0,0.0,0.0,0.0,0.0,0.0,0.0,0.0,0.0,0.0,0.0,1.0,0.18877551020408165,0.2727272727272727,0.09090909090909091,0.0,0.0,4,5,0,1,0,0,0,0,0.0,0.0,0.0018239657545615193,538000.0
10646776,1,0.0,1.0,0.0,0.0,0.0,0.0,1.0,0.0,0.0,0.0,0.0,0.0,0.0,0.0,0.0,0.0,0.0,1.0,0.17755102040816328,0.1818181818181818,0.09090909090909091,0.0,0.05555555555555555,5,5,0,0,0,0,1,0,0.0,0.0,0.00026960579780849,295000.0
10646775,1,0.0,1.0,0.0,1.0,0.0,0.0,0.0,0.0,0.0,0.0,0.0,0.0,0.0,0.0,0.0,0.0,0.0,1.0,0.10204081632653061,0.1818181818181818,0.09090909090909091,0.0,0.05555555555555555,5,4,0,1,0,0,0,0,0.0,0.0,0.0,279000.0
10646779,1,0.0,0.0,1.0,0.0,0.0,0.0,0.0,0.0,0.0,1.0,0.0,0.0,0.0,0.0,1.0,0.0,0.0,0.0,0.06224489795918368,0.09090909090909091,0.09090909090909091,0.0,0.0,0,2,0,0,0,0,0,1,0.0,0.39,7.703022794528286e-05,240000.0
10646784,1,0.0,1.0,0.0,1.0,0.0,0.0,0.0,0.0,0.0,0.0,0.0,0.0,0.0,0.0,0.0,0.0,0.0,1.0,0.1969387755102041,0.1818181818181818,0.09090909090909091,0.07142857142857142,0.1111111111111111,2,3,0,1,0,0,1,1,0.0,0.0,0.0012379858062634746,699000.0
10646783,1,0.0,0.0,1.0,0.0,0.0,0.0,0.0,0.0,0.0,0.0,0.0,1.0,0.0,0.0,0.0,0.0,0.0,1.0,0.1479591836734694,0.2727272727272727,0.09090909090909091,0.0,0.1111111111111111,1,1,0,0,0,0,1,1,1.0,0.0,0.001338858723810869,349000.0
10646787,1,0.0,1.0,0.0,1.0,0.0,0.0,0.0,0.0,0.0,0.0,0.0,0.0,0.0,0.0,0.0,0.0,1.0,0.0,0.11938775510204083,0.09090909090909091,0.09090909090909091,0.0,0.1111111111111111,2,3,0,0,0,0,1,0,0.082,0.0,0.0001467242437053007,289000.0
10646789,1,0.0,1.0,0.0,1.0,0.0,0.0,0.0,0.0,0.0,0.0,0.0,0.0,0.0,0.0,0.0,0.0,1.0,0.0,0.163265306122449,0.2727272727272727,0.09090909090909091,0.0,0.1111111111111111,5,6,0,1,0,0,0,1,0.0,0.0,0.00015589450893688199,279000.0
10646801,1,0.0,0.0,1.0,0.0,0.0,0.0,0.0,1.0,0.0,0.0,0.0,0.0,0.0,0.0,0.0,0.0,0.0,1.0,0.11938775510204083,0.1818181818181818,0.09090909090909091,0.0,0.1111111111111111,4,6,0,1,0,0,0,1,0.0,0.0,0.0003943214049579956,180000.0
10646797,0,0.0,0.0,1.0,0.0,0.0,0.0,0.0,0.0,0.0,0.0,0.0,1.0,0.0,0.0,0.0,0.0,1.0,0.0,0.20408163265306126,0.1818181818181818,0.2727272727272727,0.21428571428571427,0.16666666666666666,1,1,1,0,0,0,0,1,0.0,0.2,0.0,850000.0
10646802,1,1.0,0.0,0.0,0.0,1.0,0.0,0.0,0.0,0.0,0.0,0.0,0.0,0.0,0.0,0.0,1.0,0.0,0.0,0.25510204081632654,0.36363636363636365,0.2727272727272727,0.21428571428571427,0.16666666666666666,3,6,0,0,0,0,1,1,0.1,0.12,0.0001375539784737194,585000.0
10646799,0,0.0,1.0,0.0,0.0,0.0,1.0,0.0,0.0,0.0,0.0,0.0,0.0,0.0,0.0,0.0,0.0,0.0,1.0,0.09387755102040818,0.09090909090909091,0.09090909090909091,0.0,0.1111111111111111,1,1,0,0,0,0,0,1,0.0,0.12,0.0,317000.0
10646803,0,1.0,0.0,0.0,0.0,1.0,0.0,0.0,0.0,0.0,0.0,0.0,0.0,0.0,0.0,0.0,1.0,0.0,0.0,0.04081632653061225,0.0,0.0,0.07142857142857142,0.05555555555555555,3,0,0,0,0,0,1,1,0.0,0.01,0.0,249000.0
10646781,1,0.0,1.0,0.0,1.0,0.0,0.0,0.0,0.0,0.0,0.0,0.0,0.0,0.0,0.0,0.0,0.0,1.0,0.0,0.17346938775510207,0.1818181818181818,0.0,0.0,0.1111111111111111,1,3,0,0,0,0,1,1,0.0,0.08,0.00011921344801055682,425000.0
10646809,1,0.0,0.0,1.0,0.0,0.0,0.0,0.0,1.0,0.0,0.0,0.0,0.0,0.0,0.0,0.0,0.0,0.0,1.0,0.31734693877551023,0.1818181818181818,0.09090909090909091,0.14285714285714285,0.0,0,4,0,1,0,0,0,1,0.0,0.0,0.001595626150295145,450000.0
10646816,0,1.0,0.0,0.0,0.0,1.0,0.0,0.0,0.0,0.0,0.0,0.0,0.0,0.0,0.0,0.0,1.0,0.0,0.0,0.1306122448979592,0.1818181818181818,0.09090909090909091,0.0,0.1111111111111111,2,4,1,1,0,0,0,1,0.0,0.0,0.0,290000.0
10646817,0,1.0,0.0,0.0,0.0,1.0,0.0,0.0,0.0,0.0,0.0,0.0,0.0,0.0,0.0,0.0,1.0,0.0,0.0,0.0653061224489796,0.09090909090909091,0.09090909090909091,0.0,0.05555555555555555,3,6,0,1,0,0,0,1,0.0,0.08,0.0,243000.0
10646815,0,1.0,0.0,0.0,0.0,1.0,0.0,0.0,0.0,0.0,0.0,0.0,0.0,0.0,0.0,0.0,1.0,0.0,0.0,0.08265306122448982,0.09090909090909091,0.09090909090909091,0.0,0.05555555555555555,3,5,1,1,0,0,0,1,0.0,0.0,0.0,215000.0
10646814,0,1.0,0.0,0.0,0.0,1.0,0.0,0.0,0.0,0.0,0.0,0.0,0.0,0.0,0.0,0.0,0.0,0.0,1.0,0.08673469387755103,0.09090909090909091,0.09090909090909091,0.0,0.05555555555555555,2,4,1,1,0,0,0,1,0.0,0.12,0.0,325000.0
10646804,1,0.0,0.0,1.0,0.0,0.0,0.0,0.0,0.0,0.0,0.0,0.0,1.0,0.0,0.0,0.0,0.0,0.0,1.0,0.1479591836734694,0.1818181818181818,0.09090909090909091,0.0,0.1111111111111111,1,1,0,0,0,0,1,1,0.926,0.0,0.0009252797618665525,349000.0
10646822,0,1.0,0.0,0.0,0.0,1.0,0.0,0.0,0.0,0.0,0.0,0.0,0.0,0.0,0.0,0.0,1.0,0.0,0.0,0.06938775510204082,0.09090909090909091,0.09090909090909091,0.0,0.05555555555555555,3,7,0,1,0,0,0,1,0.0,0.03,0.0,243000.0
10646821,0,1.0,0.0,0.0,0.0,1.0,0.0,0.0,0.0,0.0,0.0,0.0,0.0,0.0,0.0,0.0,1.0,0.0,0.0,0.06224489795918368,0.09090909090909091,0.09090909090909091,0.0,0.05555555555555555,3,7,0,1,0,0,0,1,0.0,0.03,0.0,243000.0
10646819,0,1.0,0.0,0.0,0.0,1.0,0.0,0.0,0.0,0.0,0.0,0.0,0.0,0.0,0.0,0.0,1.0,0.0,0.0,0.06326530612244899,0.09090909090909091,0.09090909090909091,0.0,0.05555555555555555,3,7,0,1,0,0,0,1,0.0,0.07,0.0,246000.0
10646823,0,1.0,0.0,0.0,0.0,1.0,0.0,0.0,0.0,0.0,0.0,0.0,0.0,0.0,0.0,0.0,1.0,0.0,0.0,0.0653061224489796,0.09090909090909091,0.09090909090909091,0.0,0.05555555555555555,3,7,0,1,0,0,0,1,0.0,0.03,0.0,250000.0
10646828,1,0.0,0.0,1.0,0.0,0.0,0.0,0.0,1.0,0.0,0.0,0.0,0.0,0.0,0.0,0.0,0.0,1.0,0.0,0.15306122448979595,0.2727272727272727,0.09090909090909091,0.0,0.05555555555555555,0,0,0,0,0,0,0,1,0.0,0.0,0.001624053972513047,353000.0
10646837,0,0.0,1.0,0.0,0.0,0.0,0.0,0.0,0.0,0.0,0.0,0.0,0.0,0.0,1.0,0.0,0.0,0.0,1.0,0.06632653061224492,0.09090909090909091,0.09090909090909091,0.0,0.05555555555555555,3,2,1,0,0,0,0,1,0.0,0.04,0.0,325000.0
10646834,1,0.0,1.0,0.0,0.0,0.0,0.0,0.0,0.0,0.0,0.0,0.0,0.0,0.0,1.0,0.0,0.0,0.0,1.0,0.3122448979591837,0.36363636363636365,0.09090909090909091,0.0,0.1111111111111111,5,4,0,0,0,0,0,1,0.0,0.0,0.0004594302881022228,255000.0
10646824,0,0.0,0.0,1.0,0.0,0.0,0.0,0.0,1.0,0.0,0.0,0.0,0.0,0.0,0.0,1.0,0.0,0.0,0.0,0.0816326530612245,0.09090909090909091,0.09090909090909091,0.0,0.1111111111111111,3,7,1,0,0,0,1,1,0.08,0.08,0.0,99000.0
10646846,1,0.0,0.0,1.0,0.0,0.0,0.0,0.0,0.0,0.0,0.0,0.0,0.0,1.0,0.0,0.0,0.0,0.0,1.0,0.11224489795918369,0.1818181818181818,0.09090909090909091,0.07142857142857142,0.1111111111111111,0,3,0,1,0,0,1,0,0.0,0.0,0.0003787319540643074,395000.0
10646847,1,0.0,0.0,1.0,0.0,0.0,0.0,0.0,0.0,0.0,0.0,0.0,1.0,0.0,0.0,0.0,0.0,0.0,1.0,0.08877551020408164,0.0,0.0,0.07142857142857142,0.05555555555555555,3,6,0,1,0,0,0,1,0.0,0.0,0.0002659376917158575,190000.0
10646848,1,0.0,0.0,1.0,0.0,0.0,0.0,0.0,0.0,0.0,0.0,0.0,1.0,0.0,0.0,0.0,0.0,0.0,1.0,0.08877551020408164,0.0,0.0,0.07142857142857142,0.05555555555555555,3,6,0,1,0,0,0,1,0.0,0.0,0.0002659376917158575,190000.0
10646852,1,0.0,0.0,1.0,0.0,0.0,0.0,0.0,0.0,0.0,0.0,0.0,1.0,0.0,0.0,0.0,0.0,1.0,0.0,0.0816326530612245,0.09090909090909091,0.0,0.14285714285714285,0.1111111111111111,4,6,0,1,0,0,1,1,0.0,0.0,0.000979384326732882,185000.0
10646850,1,0.0,0.0,1.0,0.0,0.0,0.0,0.0,0.0,0.0,0.0,0.0,1.0,0.0,0.0,0.0,0.0,0.0,1.0,0.12244897959183676,0.1818181818181818,0.09090909090909091,0.0,0.1111111111111111,3,5,0,1,0,0,1,1,0.0,0.0,0.0011985536657676751,260000.0
10646845,1,0.0,1.0,0.0,0.0,0.0,0.0,1.0,0.0,0.0,0.0,0.0,0.0,0.0,0.0,0.0,0.0,0.0,1.0,0.1979591836734694,0.2727272727272727,0.18181818181818182,0.07142857142857142,0.16666666666666666,2,3,0,1,0,0,1,1,0.35000000000000003,0.31,0.0005272902508159244,965000.0
10646849,1,0.0,0.0,1.0,0.0,0.0,0.0,0.0,0.0,0.0,0.0,0.0,1.0,0.0,0.0,0.0,0.0,1.0,0.0,0.0816326530612245,0.09090909090909091,0.0,0.14285714285714285,0.1111111111111111,4,6,0,1,0,0,1,1,0.0,0.0,0.000979384326732882,185000.0
10646851,1,0.0,0.0,1.0,0.0,0.0,0.0,0.0,0.0,0.0,0.0,0.0,1.0,0.0,0.0,0.0,0.0,0.0,1.0,0.12244897959183676,0.1818181818181818,0.09090909090909091,0.0,0.1111111111111111,3,5,0,1,0,0,1,1,0.0,0.0,0.0011985536657676751,260000.0
10646830,1,0.0,0.0,1.0,0.0,0.0,0.0,0.0,0.0,0.0,1.0,0.0,0.0,0.0,0.0,0.0,0.0,1.0,0.0,0.09183673469387757,0.09090909090909091,0.09090909090909091,0.07142857142857142,0.05555555555555555,3,7,0,0,0,0,1,1,0.054,0.13,0.00016964990678425393,149000.0
10646856,1,0.0,0.0,1.0,0.0,0.0,0.0,0.0,1.0,0.0,0.0,0.0,0.0,0.0,0.0,0.0,0.0,0.0,1.0,0.1836734693877551,0.2727272727272727,0.09090909090909091,0.0,0.1111111111111111,4,3,0,0,0,0,1,1,0.6,0.2,0.0010087291754739423,285000.0
10646859,0,1.0,0.0,0.0,0.0,1.0,0.0,0.0,0.0,0.0,0.0,0.0,0.0,0.0,0.0,1.0,0.0,0.0,0.0,0.17346938775510207,0.09090909090909091,0.0,0.0,0.05555555555555555,1,5,1,0,0,0,0,1,0.0,0.2,0.0,650000.0
10646864,0,1.0,0.0,0.0,0.0,1.0,0.0,0.0,0.0,0.0,0.0,0.0,0.0,0.0,0.0,0.0,1.0,0.0,0.0,0.08877551020408164,0.1818181818181818,0.18181818181818182,0.07142857142857142,0.1111111111111111,1,4,0,0,0,0,1,1,0.017,0.25,0.0,425000.0
10646857,1,1.0,0.0,0.0,0.0,1.0,0.0,0.0,0.0,0.0,0.0,0.0,0.0,0.0,0.0,0.0,1.0,0.0,0.0,0.10204081632653061,0.09090909090909091,0.09090909090909091,0.07142857142857142,0.1111111111111111,0,5,0,0,0,0,0,1,0.0,0.0,0.0,530000.0
10646863,1,0.0,1.0,0.0,0.0,0.0,1.0,0.0,0.0,0.0,0.0,0.0,0.0,0.0,0.0,1.0,0.0,0.0,0.0,0.15306122448979595,0.2727272727272727,0.09090909090909091,0.0,0.1111111111111111,4,3,0,0,0,0,0,0,0.0,0.0,6.419185662106905e-05,330000.0
10646861,0,0.0,1.0,0.0,0.0,0.0,1.0,0.0,0.0,0.0,0.0,0.0,0.0,0.0,0.0,0.0,1.0,0.0,0.0,0.08265306122448982,0.1818181818181818,0.09090909090909091,0.0,0.05555555555555555,3,2,0,0,0,0,0,0,0.0,0.0,0.0,291000.0
10253651,1,0.0,0.0,1.0,0.0,0.0,0.0,0.0,1.0,0.0,0.0,0.0,0.0,0.0,0.0,0.0,0.0,1.0,0.0,0.21938775510204084,0.6363636363636364,0.09090909090909091,0.42857142857142855,0.5,4,5,0,1,0,0,0,1,0.0,0.0,0.0,650000.0
10646868,1,0.0,0.0,1.0,0.0,0.0,0.0,0.0,1.0,0.0,0.0,0.0,0.0,0.0,0.0,0.0,0.0,0.0,1.0,0.10714285714285715,0.2727272727272727,0.0,0.0,0.0,0,0,0,0,0,0,1,0,0.0,0.0,0.000730870138957029,344599.0
10646862,0,0.0,1.0,0.0,0.0,0.0,1.0,0.0,0.0,0.0,0.0,0.0,0.0,0.0,0.0,1.0,0.0,0.0,0.0,0.08265306122448982,0.1818181818181818,0.09090909090909091,0.0,0.05555555555555555,3,2,0,0,0,0,0,0,0.0,0.0,0.0,291000.0
10646870,0,1.0,0.0,0.0,0.0,1.0,0.0,0.0,0.0,0.0,0.0,0.0,0.0,0.0,0.0,0.0,1.0,0.0,0.0,0.051020408163265314,0.0,0.09090909090909091,0.0,0.05555555555555555,0,0,0,0,0,0,0,0,0.0,0.0,0.0,258000.0
10646905,0,0.0,1.0,0.0,0.0,0.0,0.0,1.0,0.0,0.0,0.0,0.0,0.0,0.0,0.0,1.0,0.0,0.0,0.0,0.06632653061224492,0.09090909090909091,0.09090909090909091,0.0,0.05555555555555555,2,2,1,1,0,0,0,0,0.0,0.0,0.0,315000.0
10646906,0,0.0,1.0,0.0,0.0,0.0,0.0,0.0,0.0,0.0,0.0,0.0,0.0,0.0,1.0,0.0,0.0,0.0,1.0,0.08877551020408164,0.1818181818181818,0.18181818181818182,0.0,0.1111111111111111,3,2,1,1,0,0,0,0,0.0,0.0,0.0,465000.0
10646896,0,0.0,1.0,0.0,1.0,0.0,0.0,0.0,0.0,0.0,0.0,0.0,0.0,0.0,0.0,0.0,1.0,0.0,0.0,0.06224489795918368,0.09090909090909091,0.09090909090909091,0.0,0.05555555555555555,3,3,0,1,0,0,0,0,0.0,0.0,0.0,159000.0
10646910,0,0.0,1.0,0.0,0.0,0.0,0.0,0.0,0.0,0.0,0.0,0.0,0.0,0.0,1.0,0.0,0.0,0.0,1.0,0.05816326530612246,0.09090909090909091,0.18181818181818182,0.07142857142857142,0.05555555555555555,3,2,1,1,0,0,0,1,0.0,0.0,0.0,450000.0
10646921,1,0.0,0.0,1.0,0.0,0.0,0.0,0.0,1.0,0.0,0.0,0.0,0.0,0.0,0.0,0.0,1.0,0.0,0.0,0.1806122448979592,0.1818181818181818,0.0,0.0,0.0,0,6,0,0,0,0,0,0,0.0,0.0,0.0,199000.0
10646920,1,0.0,0.0,1.0,0.0,0.0,0.0,0.0,1.0,0.0,0.0,0.0,0.0,0.0,0.0,0.0,0.0,0.0,1.0,0.1326530612244898,0.1818181818181818,0.09090909090909091,0.0,0.05555555555555555,4,6,0,1,0,0,1,1,0.0,0.0,0.0012178112227539957,318500.0
10646915,1,0.0,1.0,0.0,0.0,0.0,1.0,0.0,0.0,0.0,0.0,0.0,0.0,0.0,0.0,0.0,0.0,0.0,1.0,0.19387755102040818,0.09090909090909091,0.09090909090909091,0.0,0.0,3,3,0,1,0,0,1,1,1.0,0.0,0.0017606909244636084,650000.0
10646924,0,0.0,1.0,0.0,1.0,0.0,0.0,0.0,0.0,0.0,0.0,0.0,0.0,0.0,0.0,1.0,0.0,0.0,0.0,0.3653061224489796,0.1818181818181818,0.18181818181818182,0.0,0.0,1,2,1,1,0,1,0,1,0.0,1.0,0.0,3155000.0
10646912,0,0.0,1.0,0.0,0.0,0.0,0.0,0.0,0.0,0.0,0.0,0.0,0.0,0.0,1.0,0.0,0.0,0.0,1.0,0.015306122448979595,0.0,0.0,0.07142857142857142,0.0,5,4,1,1,0,0,0,1,0.0,0.0,0.0,125000.0
10646914,1,0.0,1.0,0.0,0.0,0.0,0.0,0.0,0.0,0.0,0.0,0.0,0.0,0.0,1.0,0.0,0.0,0.0,1.0,0.02959183673469388,0.09090909090909091,0.09090909090909091,0.0,0.05555555555555555,4,4,0,1,0,0,0,0,0.0,0.0,0.0,160000.0
10646927,1,0.0,0.0,1.0,0.0,0.0,0.0,0.0,1.0,0.0,0.0,0.0,0.0,0.0,0.0,0.0,0.0,1.0,0.0,0.12244897959183676,0.1818181818181818,0.09090909090909091,0.0,0.16666666666666666,0,0,0,1,0,0,1,0,1.0,0.0,0.0011004318277897552,399000.0
10646931,1,0.0,1.0,0.0,0.0,0.0,1.0,0.0,0.0,0.0,0.0,0.0,0.0,0.0,0.0,0.0,0.0,0.0,1.0,0.18469387755102043,0.2727272727272727,0.09090909090909091,0.0,0.1111111111111111,3,3,0,1,0,0,1,1,0.0,0.32,0.000744625536804401,498000.0
10646934,1,0.0,0.0,1.0,0.0,0.0,0.0,0.0,0.0,0.0,0.0,1.0,0.0,0.0,0.0,0.0,0.0,0.0,1.0,0.17448979591836736,0.2727272727272727,0.09090909090909091,0.0,0.1111111111111111,1,2,0,1,0,0,0,1,0.0,0.0,0.0004979454020748643,565000.0
10646935,1,0.0,0.0,1.0,0.0,0.0,0.0,0.0,0.0,0.0,0.0,0.0,0.0,1.0,0.0,0.0,0.0,0.0,1.0,0.20408163265306126,0.2727272727272727,0.2727272727272727,0.0,0.0,0,6,0,0,0,0,1,0,0.291,0.0,0.00026685471823901564,495000.0
10646930,1,0.0,0.0,1.0,0.0,0.0,0.0,0.0,0.0,0.0,1.0,0.0,0.0,0.0,0.0,0.0,0.0,1.0,0.0,0.21938775510204084,0.36363636363636365,0.2727272727272727,0.0,0.05555555555555555,2,2,0,1,0,0,0,1,0.0,0.13,0.0,249000.0
10646939,1,0.0,1.0,0.0,0.0,0.0,0.0,1.0,0.0,0.0,0.0,0.0,0.0,0.0,0.0,0.0,0.0,0.0,1.0,0.18877551020408165,0.2727272727272727,0.09090909090909091,0.0,0.1111111111111111,2,2,0,1,0,0,0,1,0.0,0.0,0.0007106955554475503,439000.0
10646940,1,0.0,1.0,0.0,0.0,0.0,0.0,1.0,0.0,0.0,0.0,0.0,0.0,0.0,0.0,0.0,0.0,0.0,1.0,0.13979591836734695,0.1818181818181818,0.09090909090909091,0.0,0.1111111111111111,3,3,0,1,0,0,0,0,0.0,0.0,0.0006547569375349044,415000.0
10646952,0,0.0,0.0,1.0,0.0,0.0,0.0,0.0,0.0,0.0,1.0,0.0,0.0,0.0,0.0,0.0,0.0,1.0,0.0,0.0816326530612245,0.09090909090909091,0.09090909090909091,0.0,0.05555555555555555,0,2,0,1,0,0,1,1,0.11900000000000001,0.33,0.0,285000.0
10646938,1,0.0,0.0,1.0,0.0,0.0,0.0,0.0,0.0,0.0,1.0,0.0,0.0,0.0,0.0,0.0,0.0,0.0,1.0,0.09489795918367347,0.1818181818181818,0.09090909090909091,0.0,0.05555555555555555,3,4,0,0,0,0,0,1,0.0,0.12,0.00017973719853899334,189000.0
10646961,1,0.0,0.0,1.0,0.0,0.0,0.0,0.0,1.0,0.0,0.0,0.0,0.0,0.0,0.0,0.0,0.0,0.0,1.0,0.06224489795918368,0.09090909090909091,0.09090909090909091,0.0,0.05555555555555555,4,4,0,0,0,0,1,1,0.291,0.01,0.00026685471823901564,167500.0
10646958,0,1.0,0.0,0.0,0.0,1.0,0.0,0.0,0.0,0.0,0.0,0.0,0.0,0.0,0.0,0.0,0.0,0.0,1.0,0.06122448979591837,0.0,0.09090909090909091,0.0,0.0,3,4,0,1,0,0,1,0,0.0,0.0,0.0,375000.0
10646960,1,0.0,1.0,0.0,0.0,0.0,0.0,1.0,0.0,0.0,0.0,0.0,0.0,0.0,0.0,0.0,0.0,0.0,1.0,0.06428571428571428,0.09090909090909091,0.09090909090909091,0.0,0.05555555555555555,3,4,0,0,0,0,0,1,0.0,0.11,5.593861791264589e-05,275000.0
10646963,1,0.0,0.0,1.0,0.0,0.0,0.0,0.0,1.0,0.0,0.0,0.0,0.0,0.0,0.0,0.0,0.0,0.0,1.0,0.163265306122449,0.2727272727272727,0.0,0.0,0.0,0,0,0,0,0,0,1,0,0.0,0.0,0.0007547128285591404,336562.0
10646953,0,0.0,0.0,1.0,0.0,0.0,0.0,0.0,0.0,0.0,1.0,0.0,0.0,0.0,0.0,0.0,0.0,1.0,0.0,0.08469387755102042,0.09090909090909091,0.09090909090909091,0.0,0.0,0,2,0,1,0,0,1,1,0.098,0.37,0.0,290000.0
10646985,1,0.0,1.0,0.0,1.0,0.0,0.0,0.0,0.0,0.0,0.0,0.0,0.0,0.0,0.0,0.0,1.0,0.0,0.0,0.1142857142857143,0.2727272727272727,0.09090909090909091,0.0,0.0,5,4,0,0,0,0,0,0,0.0,0.0,5.960672400527841e-05,239000.0
10646981,1,0.0,1.0,0.0,0.0,0.0,0.0,0.0,0.0,0.0,0.0,0.0,0.0,0.0,1.0,0.0,0.0,0.0,1.0,0.336734693877551,0.2727272727272727,0.18181818181818182,0.0,0.0,5,0,0,0,0,0,0,1,0.0,0.0,0.006100977458571034,549000.0
10646986,1,0.0,0.0,1.0,0.0,0.0,0.0,0.0,1.0,0.0,0.0,0.0,0.0,0.0,0.0,0.0,0.0,0.0,1.0,0.14081632653061227,0.1818181818181818,0.09090909090909091,0.0,0.05555555555555555,3,4,0,1,0,0,0,0,0.0,0.0,0.00019257556986320717,165000.0
10646991,0,0.0,1.0,0.0,0.0,0.0,0.0,0.0,0.0,1.0,0.0,0.0,0.0,0.0,0.0,0.0,0.0,0.0,1.0,0.10306122448979593,0.09090909090909091,0.09090909090909091,0.0,0.0,3,2,0,0,0,0,0,0,0.0,0.0,0.0,269000.0
10646990,1,0.0,1.0,0.0,0.0,0.0,1.0,0.0,0.0,0.0,0.0,0.0,0.0,0.0,0.0,0.0,0.0,1.0,0.0,0.14489795918367349,0.2727272727272727,0.09090909090909091,0.0,0.1111111111111111,3,4,0,1,0,0,0,0,0.0,0.0,0.000340216840091666,269000.0
10646992,1,0.0,0.0,1.0,0.0,0.0,0.0,0.0,0.0,0.0,1.0,0.0,0.0,0.0,0.0,1.0,0.0,0.0,0.0,0.336734693877551,0.2727272727272727,0.18181818181818182,0.0,0.0,0,3,0,0,0,0,0,0,0.0,0.0,0.0002751079569474388,339000.0
10646999,1,0.0,1.0,0.0,0.0,0.0,1.0,0.0,0.0,0.0,0.0,0.0,0.0,0.0,0.0,0.0,0.0,0.0,1.0,0.2979591836734694,0.2727272727272727,0.18181818181818182,0.0,0.0,0,2,1,1,0,0,1,1,0.0,0.0,0.0009408692127602407,598000.0
10646988,1,0.0,1.0,0.0,0.0,0.0,1.0,0.0,0.0,0.0,0.0,0.0,0.0,0.0,0.0,0.0,0.0,0.0,1.0,0.1948979591836735,0.2727272727272727,0.18181818181818182,0.0,0.16666666666666666,4,3,0,0,0,0,0,0,0.0,0.0,0.0005777267095896215,525000.0
10646997,0,1.0,0.0,0.0,0.0,1.0,0.0,0.0,0.0,0.0,0.0,0.0,0.0,0.0,0.0,0.0,0.0,0.0,1.0,0.12551020408163266,0.09090909090909091,0.18181818181818182,0.0,0.0,0,4,1,0,0,0,0,1,0.0,0.12,0.0,549000.0
10647000,0,0.0,1.0,0.0,0.0,0.0,1.0,0.0,0.0,0.0,0.0,0.0,0.0,0.0,0.0,0.0,0.0,0.0,1.0,0.08673469387755103,0.1818181818181818,0.09090909090909091,0.0,0.05555555555555555,0,2,0,1,0,0,0,1,0.0,0.0,0.0,347000.0
10647001,1,0.0,1.0,0.0,1.0,0.0,0.0,0.0,0.0,0.0,0.0,0.0,0.0,0.0,0.0,0.0,0.0,0.0,1.0,0.15306122448979595,0.1818181818181818,0.18181818181818182,0.0,0.16666666666666666,2,3,0,0,0,0,1,1,0.58,0.3,0.0005988183196222584,599000.0
10647013,1,0.0,1.0,0.0,0.0,0.0,0.0,1.0,0.0,0.0,0.0,0.0,0.0,0.0,0.0,0.0,0.0,0.0,1.0,0.1479591836734694,0.1818181818181818,0.18181818181818182,0.0,0.1111111111111111,2,3,0,1,0,0,1,1,0.05,0.4,0.0002063309677105791,375000.0
10647016,1,0.0,1.0,0.0,0.0,0.0,0.0,1.0,0.0,0.0,0.0,0.0,0.0,0.0,0.0,0.0,0.0,0.0,1.0,0.363265306122449,0.36363636363636365,0.09090909090909091,0.07142857142857142,0.1111111111111111,5,5,0,1,0,0,1,1,0.0,0.0,0.001367286546028771,645000.0
10647019,0,0.0,1.0,0.0,1.0,0.0,0.0,0.0,0.0,0.0,0.0,0.0,0.0,0.0,0.0,1.0,0.0,0.0,0.0,0.12346938775510205,0.1818181818181818,0.09090909090909091,0.0,0.1111111111111111,3,0,0,1,0,0,0,0,0.0,0.0,0.0,645000.0
10647031,1,0.0,1.0,0.0,0.0,0.0,1.0,0.0,0.0,0.0,0.0,0.0,0.0,0.0,0.0,0.0,0.0,1.0,0.0,0.21020408163265308,0.36363636363636365,0.18181818181818182,0.0,0.1111111111111111,1,2,0,0,0,0,1,0,0.018000000000000002,0.0,0.00013847100499687754,349900.0
10647009,1,0.0,1.0,0.0,0.0,0.0,0.0,0.0,0.0,0.0,0.0,0.0,0.0,0.0,1.0,0.0,0.0,0.0,1.0,0.18673469387755104,0.2727272727272727,0.09090909090909091,0.0,0.1111111111111111,1,2,0,0,0,0,1,1,0.15,0.4,0.0002375098694979555,379500.0
10647041,1,0.0,0.0,1.0,0.0,0.0,0.0,0.0,0.0,0.0,1.0,0.0,0.0,0.0,0.0,0.0,0.0,0.0,1.0,0.23469387755102042,0.1818181818181818,0.09090909090909091,0.07142857142857142,0.1111111111111111,3,4,0,1,0,0,1,1,0.0,0.0,0.0016506477416846329,459000.0
10647042,1,0.0,0.0,1.0,0.0,0.0,0.0,0.0,0.0,0.0,1.0,0.0,0.0,0.0,0.0,0.0,0.0,1.0,0.0,0.1653061224489796,0.2727272727272727,0.0,0.07142857142857142,0.1111111111111111,2,3,0,1,0,0,1,1,0.108,0.05,0.00016781585373793766,299000.0
10647004,1,0.0,0.0,1.0,0.0,0.0,0.0,0.0,0.0,0.0,0.0,1.0,0.0,0.0,0.0,0.0,0.0,0.0,1.0,0.10204081632653061,0.1818181818181818,0.09090909090909091,0.0,0.1111111111111111,0,0,0,0,0,0,1,0,0.0,0.0,0.000893183833556018,234500.0
10647039,0,0.0,0.0,1.0,0.0,0.0,0.0,0.0,0.0,0.0,0.0,0.0,0.0,1.0,0.0,0.0,0.0,0.0,1.0,0.09183673469387757,0.1818181818181818,0.09090909090909091,0.07142857142857142,0.1111111111111111,0,2,0,1,0,0,1,1,0.0,0.35000000000000003,0.0,365000.0
10647043,1,0.0,1.0,0.0,0.0,0.0,0.0,0.0,0.0,0.0,0.0,0.0,0.0,0.0,1.0,0.0,0.0,0.0,1.0,0.23469387755102042,0.1818181818181818,0.0,0.0,0.0,5,6,0,0,0,0,0,1,0.0,0.0,0.0010756721116644858,235000.0
10647052,1,0.0,1.0,0.0,0.0,0.0,0.0,0.0,0.0,0.0,0.0,0.0,0.0,0.0,1.0,0.0,0.0,0.0,1.0,0.15714285714285717,0.09090909090909091,0.09090909090909091,0.0,0.1111111111111111,3,4,0,0,0,0,0,1,0.0,0.08,5.227051182001337e-05,215000.0
10647053,1,0.0,1.0,0.0,1.0,0.0,0.0,0.0,0.0,0.0,0.0,0.0,0.0,0.0,0.0,0.0,0.0,1.0,0.0,0.5408163265306123,0.6363636363636364,0.09090909090909091,0.0,0.1111111111111111,4,4,0,1,0,0,1,1,0.324,0.0,0.0002971165935032339,725000.0
10647049,1,0.0,1.0,0.0,0.0,0.0,1.0,0.0,0.0,0.0,0.0,0.0,0.0,0.0,0.0,0.0,0.0,0.0,1.0,0.17244897959183675,0.1818181818181818,0.0,0.0,0.05555555555555555,3,6,0,0,0,0,1,1,1.0,0.5,0.0012288155410318934,399000.0
10647048,0,0.0,1.0,0.0,0.0,0.0,1.0,0.0,0.0,0.0,0.0,0.0,0.0,0.0,0.0,0.0,0.0,1.0,0.0,0.14285714285714288,0.1818181818181818,0.0,0.0,0.1111111111111111,3,2,0,0,0,0,0,1,0.0,0.2,0.0,469000.0
10647055,0,0.0,1.0,0.0,1.0,0.0,0.0,0.0,0.0,0.0,0.0,0.0,0.0,0.0,0.0,0.0,0.0,0.0,1.0,0.04489795918367347,0.0,0.09090909090909091,0.0,0.05555555555555555,1,1,1,1,0,0,0,0,0.0,0.0,0.0,215000.0
10647057,1,0.0,0.0,1.0,0.0,0.0,0.0,0.0,0.0,0.0,0.0,0.0,1.0,0.0,0.0,0.0,1.0,0.0,0.0,0.10714285714285715,0.1818181818181818,0.09090909090909091,0.0,0.05555555555555555,3,4,0,0,0,0,0,1,0.0,0.0,0.0002751079569474388,295000.0
10647059,0,0.0,1.0,0.0,1.0,0.0,0.0,0.0,0.0,0.0,0.0,0.0,0.0,0.0,0.0,0.0,0.0,0.0,1.0,0.11938775510204083,0.1818181818181818,0.09090909090909091,0.07142857142857142,0.05555555555555555,0,0,1,1,0,0,0,1,0.0,0.17,0.0,423500.0
10647062,0,0.0,1.0,0.0,1.0,0.0,0.0,0.0,0.0,0.0,0.0,0.0,0.0,0.0,0.0,0.0,0.0,0.0,1.0,0.04183673469387755,0.0,0.09090909090909091,0.0,0.05555555555555555,0,0,1,1,0,0,0,1,0.0,0.05,0.0,202500.0
10647066,0,0.0,1.0,0.0,1.0,0.0,0.0,0.0,0.0,0.0,0.0,0.0,0.0,0.0,0.0,0.0,0.0,0.0,1.0,0.0836734693877551,0.09090909090909091,0.09090909090909091,0.0,0.05555555555555555,0,0,1,1,0,0,0,1,0.0,0.13,0.0,299800.0
10647067,0,0.0,1.0,0.0,1.0,0.0,0.0,0.0,0.0,0.0,0.0,0.0,0.0,0.0,0.0,0.0,0.0,0.0,1.0,0.11734693877551022,0.1818181818181818,0.09090909090909091,0.07142857142857142,0.1111111111111111,0,0,1,1,0,0,0,1,0.0,0.19,0.0,409500.0
10647063,0,0.0,1.0,0.0,1.0,0.0,0.0,0.0,0.0,0.0,0.0,0.0,0.0,0.0,0.0,0.0,0.0,0.0,1.0,0.07959183673469389,0.1818181818181818,0.09090909090909091,0.0,0.05555555555555555,0,0,1,1,0,0,1,1,0.03,0.13,0.0,313800.0
10647097,0,1.0,0.0,0.0,0.0,1.0,0.0,0.0,0.0,0.0,0.0,0.0,0.0,0.0,0.0,1.0,0.0,0.0,0.0,0.09897959183673471,0.1818181818181818,0.09090909090909091,0.07142857142857142,0.05555555555555555,3,4,1,1,0,0,0,1,0.0,0.25,0.0,450000.0
10647068,0,0.0,1.0,0.0,1.0,0.0,0.0,0.0,0.0,0.0,0.0,0.0,0.0,0.0,0.0,0.0,0.0,0.0,1.0,0.0673469387755102,0.09090909090909091,0.09090909090909091,0.0,0.05555555555555555,0,0,1,1,0,0,0,1,0.0,0.17,0.0,261000.0
10647071,0,0.0,0.0,1.0,0.0,0.0,0.0,0.0,0.0,0.0,0.0,0.0,0.0,1.0,0.0,0.0,0.0,0.0,1.0,0.07857142857142857,0.09090909090909091,0.0,0.07142857142857142,0.1111111111111111,3,2,1,0,0,0,0,1,0.0,0.03,0.0,395000.0
10647070,0,0.0,0.0,1.0,0.0,0.0,0.0,0.0,1.0,0.0,0.0,0.0,0.0,0.0,0.0,0.0,0.0,0.0,1.0,0.11224489795918369,0.1818181818181818,0.09090909090909091,0.0,0.05555555555555555,0,2,0,0,0,0,0,1,0.0,0.25,0.0,229000.0
10647104,0,1.0,0.0,0.0,0.0,1.0,0.0,0.0,0.0,0.0,0.0,0.0,0.0,0.0,0.0,0.0,0.0,0.0,1.0,0.09693877551020408,0.09090909090909091,0.09090909090909091,0.0,0.1111111111111111,3,0,1,0,0,0,0,1,0.0,0.03,0.0,399500.0
10647098,1,0.0,0.0,1.0,0.0,0.0,0.0,0.0,0.0,0.0,1.0,0.0,0.0,0.0,0.0,0.0,0.0,0.0,1.0,0.163265306122449,0.1818181818181818,0.0,0.0,0.0,1,4,0,1,0,0,1,1,0.05,0.5,0.0,269000.0
10647113,0,1.0,0.0,0.0,0.0,1.0,0.0,0.0,0.0,0.0,0.0,0.0,0.0,0.0,0.0,1.0,0.0,0.0,0.0,0.04795918367346939,0.0,0.0,0.07142857142857142,0.05555555555555555,0,2,1,1,0,0,0,1,0.0,0.12,0.0,319000.0
10647115,1,0.0,1.0,0.0,0.0,0.0,1.0,0.0,0.0,0.0,0.0,0.0,0.0,0.0,0.0,0.0,0.0,1.0,0.0,0.17244897959183675,0.1818181818181818,0.0,0.0,0.05555555555555555,3,6,0,0,0,0,1,1,1.0,0.5,0.0012288155410318934,399000.0
10647118,0,0.0,0.0,1.0,0.0,0.0,0.0,0.0,0.0,0.0,0.0,1.0,0.0,0.0,0.0,0.0,0.0,1.0,0.0,0.06836734693877553,0.09090909090909091,0.09090909090909091,0.0,0.05555555555555555,0,1,1,1,0,0,1,1,0.0,0.27,0.0,350000.0
10647117,0,0.0,0.0,1.0,0.0,0.0,0.0,0.0,0.0,0.0,0.0,1.0,0.0,0.0,0.0,0.0,0.0,1.0,0.0,0.06326530612244899,0.09090909090909091,0.09090909090909091,0.0,0.05555555555555555,0,1,1,1,0,0,1,1,0.0,0.08,0.0,345000.0
10647119,1,0.0,0.0,1.0,0.0,0.0,0.0,0.0,1.0,0.0,0.0,0.0,0.0,0.0,0.0,0.0,0.0,1.0,0.0,0.31326530612244896,0.36363636363636365,0.2727272727272727,0.0,0.16666666666666666,3,0,0,1,0,0,1,0,0.0,0.0,0.0,525000.0
10647136,1,0.0,0.0,1.0,0.0,0.0,0.0,0.0,0.0,0.0,0.0,0.0,0.0,1.0,0.0,0.0,0.0,0.0,1.0,0.1275510204081633,0.1818181818181818,0.09090909090909091,0.0,0.0,2,0,0,0,0,0,0,1,0.0,0.0,0.0006648442292896437,357500.0
10647124,1,0.0,0.0,1.0,0.0,0.0,0.0,0.0,0.0,0.0,0.0,0.0,1.0,0.0,0.0,0.0,1.0,0.0,0.0,0.10204081632653061,0.1818181818181818,0.18181818181818182,0.0,0.1111111111111111,5,5,0,1,0,0,1,1,0.0,0.0,7.519617489896661e-05,195000.0
10647127,1,0.0,0.0,1.0,0.0,0.0,0.0,0.0,1.0,0.0,0.0,0.0,0.0,0.0,0.0,0.0,1.0,0.0,0.0,0.11224489795918369,0.1818181818181818,0.09090909090909091,0.0,0.05555555555555555,3,4,0,1,0,0,1,0,0.0,0.0,0.00037598087449483304,235000.0
10647131,0,1.0,0.0,0.0,0.0,1.0,0.0,0.0,0.0,0.0,0.0,0.0,0.0,0.0,0.0,0.0,1.0,0.0,0.0,0.0836734693877551,0.09090909090909091,0.09090909090909091,0.0,0.05555555555555555,3,4,1,0,0,0,0,1,0.0,0.1,0.0,380000.0
10647139,1,0.0,0.0,1.0,0.0,0.0,0.0,0.0,0.0,0.0,0.0,0.0,0.0,1.0,0.0,0.0,0.0,0.0,1.0,0.1816326530612245,0.2727272727272727,0.18181818181818182,0.0,0.0,0,5,0,0,0,0,1,1,0.38,0.16,0.00034847007880008915,325000.0
10647151,0,1.0,0.0,0.0,0.0,1.0,0.0,0.0,0.0,0.0,0.0,0.0,0.0,0.0,0.0,0.0,1.0,0.0,0.0,0.07959183673469389,0.09090909090909091,0.09090909090909091,0.0,0.0,0,5,0,0,0,0,0,1,0.0,0.2,0.0,210000.0
10647138,1,1.0,0.0,0.0,0.0,1.0,0.0,0.0,0.0,0.0,0.0,0.0,0.0,0.0,0.0,0.0,0.0,0.0,1.0,0.20408163265306126,0.2727272727272727,0.18181818181818182,0.0,0.1111111111111111,1,0,0,1,0,0,1,0,0.209,0.0,0.00019165854334004902,850000.0
10647144,1,0.0,0.0,1.0,0.0,0.0,0.0,0.0,1.0,0.0,0.0,0.0,0.0,0.0,0.0,0.0,0.0,0.0,1.0,0.14489795918367349,0.09090909090909091,0.0,0.0,0.0,3,7,0,0,0,0,0,1,0.0,0.0,0.0009729651410707752,229000.0
10647152,0,0.0,0.0,1.0,0.0,0.0,0.0,0.0,0.0,0.0,0.0,0.0,0.0,1.0,0.0,0.0,0.0,0.0,1.0,0.09693877551020408,0.1818181818181818,0.09090909090909091,0.0,0.0,0,3,0,0,0,0,0,1,0.0,0.0,0.0,299000.0
10647143,1,0.0,0.0,1.0,0.0,0.0,0.0,0.0,0.0,0.0,1.0,0.0,0.0,0.0,0.0,0.0,0.0,0.0,1.0,0.40510204081632656,0.2727272727272727,0.09090909090909091,0.14285714285714285,0.0,1,3,0,0,0,0,0,1,0.0,0.0,0.002567674264842762,780000.0
10647162,1,0.0,1.0,0.0,1.0,0.0,0.0,0.0,0.0,0.0,0.0,0.0,0.0,0.0,0.0,0.0,1.0,0.0,0.0,0.1285714285714286,0.09090909090909091,0.09090909090909091,0.0,0.0,3,6,0,0,0,0,1,0,0.083,0.0,0.0001439731641358263,275000.0
10647168,0,0.0,1.0,0.0,1.0,0.0,0.0,0.0,0.0,0.0,0.0,0.0,0.0,0.0,0.0,0.0,0.0,0.0,1.0,0.06938775510204082,0.09090909090909091,0.09090909090909091,0.0,0.05555555555555555,4,3,0,0,0,0,0,1,0.0,0.03,0.0,199000.0
10647169,1,0.0,1.0,0.0,1.0,0.0,0.0,0.0,0.0,0.0,0.0,0.0,0.0,0.0,0.0,0.0,0.0,0.0,1.0,0.15306122448979595,0.2727272727272727,0.18181818181818182,0.0,0.1111111111111111,3,0,0,0,0,0,1,0,0.023,0.0,7.794725446844099e-05,529000.0
10647156,1,0.0,1.0,0.0,0.0,0.0,1.0,0.0,0.0,0.0,0.0,0.0,0.0,0.0,0.0,0.0,0.0,0.0,1.0,0.4673469387755102,0.4545454545454545,0.2727272727272727,0.0,0.2222222222222222,5,5,0,0,1,0,0,1,0.0,0.0,0.002248549034783733,2190000.0
10647172,1,0.0,0.0,1.0,0.0,0.0,0.0,0.0,1.0,0.0,0.0,0.0,0.0,0.0,0.0,1.0,0.0,0.0,0.0,0.11224489795918369,0.09090909090909091,0.0,0.07142857142857142,0.1111111111111111,0,3,0,0,0,0,1,1,0.08,0.12,8.253238708423164e-05,198000.0
10647173,1,0.0,0.0,1.0,0.0,0.0,0.0,0.0,0.0,0.0,1.0,0.0,0.0,0.0,0.0,0.0,0.0,1.0,0.0,0.11224489795918369,0.09090909090909091,0.0,0.0,0.0,0,0,0,0,0,0,0,0,0.0,0.0,0.0006602590966738531,260132.0
10647177,0,0.0,1.0,0.0,0.0,0.0,1.0,0.0,0.0,0.0,0.0,0.0,0.0,0.0,0.0,1.0,0.0,0.0,0.0,0.06122448979591837,0.09090909090909091,0.09090909090909091,0.0,0.05555555555555555,3,2,0,0,0,0,0,1,0.0,0.07,0.0,398000.0
10647176,0,0.0,1.0,0.0,0.0,0.0,0.0,0.0,0.0,1.0,0.0,0.0,0.0,0.0,0.0,0.0,0.0,0.0,1.0,0.14285714285714288,0.09090909090909091,0.09090909090909091,0.0,0.1111111111111111,3,0,0,0,0,0,0,0,0.0,0.0,0.0,328000.0
10647181,1,0.0,1.0,0.0,0.0,0.0,1.0,0.0,0.0,0.0,0.0,0.0,0.0,0.0,0.0,0.0,0.0,0.0,1.0,0.17040816326530614,0.2727272727272727,0.09090909090909091,0.0,0.0,0,0,0,0,0,0,1,0,0.0,0.0,0.0004199981476064232,421600.0
10647185,1,1.0,0.0,0.0,0.0,1.0,0.0,0.0,0.0,0.0,0.0,0.0,0.0,0.0,0.0,0.0,1.0,0.0,0.0,0.25510204081632654,0.1818181818181818,0.36363636363636365,0.0,0.2222222222222222,0,0,0,0,0,0,0,0,0.0,0.0,0.0,549000.0
10647180,1,0.0,1.0,0.0,0.0,0.0,0.0,1.0,0.0,0.0,0.0,0.0,0.0,0.0,0.0,0.0,1.0,0.0,0.0,0.20000000000000004,0.2727272727272727,0.09090909090909091,0.0,0.1111111111111111,3,4,0,0,0,0,0,0,0.0,0.0,0.0003658935827400936,665000.0
10647193,1,0.0,0.0,1.0,0.0,0.0,0.0,0.0,1.0,0.0,0.0,0.0,0.0,0.0,0.0,0.0,1.0,0.0,0.0,0.08979591836734696,0.1818181818181818,0.09090909090909091,0.0,0.1111111111111111,2,7,0,0,0,0,0,1,0.0,0.0,0.00023842689602111364,139000.0
10647195,1,0.0,1.0,0.0,0.0,0.0,0.0,0.0,0.0,0.0,0.0,0.0,0.0,0.0,1.0,0.0,0.0,0.0,1.0,0.0816326530612245,0.1818181818181818,0.09090909090909091,0.0,0.05555555555555555,3,0,0,0,0,0,0,0,0.0,0.0,0.00016506477416846328,245000.0
10647199,1,0.0,1.0,0.0,0.0,0.0,0.0,0.0,0.0,0.0,0.0,0.0,0.0,0.0,1.0,0.0,0.0,0.0,1.0,0.11020408163265308,0.1818181818181818,0.0,0.0,0.05555555555555555,0,6,0,0,0,0,0,0,0.0,0.0,0.0002842782221790201,175000.0
10647220,1,0.0,0.0,1.0,0.0,0.0,0.0,0.0,0.0,0.0,1.0,0.0,0.0,0.0,0.0,0.0,0.0,1.0,0.0,0.11224489795918369,0.1818181818181818,0.09090909090909091,0.0,0.1111111111111111,0,4,0,0,1,0,0,1,0.0,0.25,0.0010243186263676305,415000.0
10647230,1,0.0,1.0,0.0,0.0,0.0,1.0,0.0,0.0,0.0,0.0,0.0,0.0,0.0,0.0,0.0,0.0,0.0,1.0,0.17346938775510207,0.1818181818181818,0.09090909090909091,0.0,0.05555555555555555,3,3,0,0,0,0,0,0,0.0,0.0,0.001027986732460263,389000.0
10647222,0,0.0,1.0,0.0,1.0,0.0,0.0,0.0,0.0,0.0,0.0,0.0,0.0,0.0,0.0,0.0,0.0,0.0,1.0,0.0836734693877551,0.09090909090909091,0.09090909090909091,0.0,0.05555555555555555,3,3,0,0,0,1,0,0,0.0,0.0,0.0,269000.0
10647240,1,0.0,0.0,1.0,0.0,0.0,0.0,0.0,0.0,0.0,1.0,0.0,0.0,0.0,0.0,0.0,0.0,1.0,0.0,0.07959183673469389,0.09090909090909091,0.0,0.07142857142857142,0.05555555555555555,0,7,0,0,0,0,0,1,0.0,0.14,8.161536056107351e-05,159000.0
10647237,1,0.0,1.0,0.0,0.0,0.0,1.0,0.0,0.0,0.0,0.0,0.0,0.0,0.0,0.0,0.0,1.0,0.0,0.0,0.11530612244897961,0.1818181818181818,0.09090909090909091,0.0,0.1111111111111111,0,0,0,0,0,0,0,0,0.0,0.0,0.0003558062909853542,379000.0
10647261,1,0.0,0.0,1.0,0.0,0.0,0.0,0.0,0.0,0.0,0.0,0.0,0.0,1.0,0.0,0.0,0.0,0.0,1.0,0.20408163265306126,0.1818181818181818,0.09090909090909091,0.0,0.0,5,0,0,0,0,0,1,0,0.17,0.0,0.00015589450893688199,169000.0
10647255,1,0.0,0.0,1.0,0.0,0.0,0.0,0.0,1.0,0.0,0.0,0.0,0.0,0.0,0.0,0.0,0.0,0.0,1.0,0.11224489795918369,0.2727272727272727,0.0,0.07142857142857142,0.0,0,3,0,0,0,0,1,1,0.425,0.15,0.0004493429963474834,207000.0
10647263,0,1.0,0.0,0.0,0.0,1.0,0.0,0.0,0.0,0.0,0.0,0.0,0.0,0.0,0.0,0.0,1.0,0.0,0.0,0.0816326530612245,0.1818181818181818,0.09090909090909091,0.0,0.1111111111111111,0,0,1,1,0,0,0,1,0.0,0.26,0.0,259000.0
10647266,0,0.0,1.0,0.0,1.0,0.0,0.0,0.0,0.0,0.0,0.0,0.0,0.0,0.0,0.0,0.0,0.0,0.0,1.0,0.030612244897959183,0.0,0.09090909090909091,0.0,0.0,0,3,1,0,0,0,0,1,0.0,0.03,0.0,139000.0
10647257,1,0.0,0.0,1.0,0.0,0.0,0.0,0.0,0.0,0.0,0.0,0.0,0.0,1.0,0.0,0.0,0.0,1.0,0.0,0.19183673469387758,0.2727272727272727,0.09090909090909091,0.07142857142857142,0.1111111111111111,3,3,0,0,1,0,1,1,0.3,0.15,0.0005236221447232919,399000.0
10647279,0,0.0,0.0,1.0,0.0,0.0,0.0,0.0,0.0,0.0,1.0,0.0,0.0,0.0,0.0,1.0,0.0,0.0,0.0,0.05816326530612246,0.0,0.09090909090909091,0.0,0.05555555555555555,0,3,1,0,0,0,0,1,0.0,0.03,0.0,149000.0
10647284,1,0.0,1.0,0.0,1.0,0.0,0.0,0.0,0.0,0.0,0.0,0.0,0.0,0.0,0.0,0.0,0.0,1.0,0.0,0.10918367346938776,0.1818181818181818,0.09090909090909091,0.0,0.05555555555555555,2,2,0,1,0,0,0,1,0.0,0.0,8.986859926949667e-05,355000.0
10647283,0,0.0,1.0,0.0,1.0,0.0,0.0,0.0,0.0,0.0,0.0,0.0,0.0,0.0,0.0,0.0,0.0,1.0,0.0,0.059183673469387764,0.0,0.09090909090909091,0.0,0.05555555555555555,0,2,1,1,0,0,0,1,0.0,0.12,0.0,199000.0
10647278,1,0.0,1.0,0.0,0.0,0.0,0.0,1.0,0.0,0.0,0.0,0.0,0.0,0.0,0.0,0.0,0.0,0.0,1.0,0.13775510204081634,0.1818181818181818,0.18181818181818182,0.14285714285714285,0.1111111111111111,3,3,0,0,0,0,0,1,0.0,0.0,0.0006272461418401604,449000.0
10647282,0,0.0,1.0,0.0,0.0,0.0,0.0,1.0,0.0,0.0,0.0,0.0,0.0,0.0,0.0,0.0,0.0,1.0,0.0,0.1326530612244898,0.1818181818181818,0.0,0.0,0.0,1,0,1,0,0,0,0,1,0.0,0.23,0.0,499000.0
10647287,0,0.0,1.0,0.0,1.0,0.0,0.0,0.0,0.0,0.0,0.0,0.0,0.0,0.0,0.0,0.0,0.0,0.0,1.0,0.0653061224489796,0.0,0.09090909090909091,0.0,0.05555555555555555,3,2,1,1,0,0,0,1,0.0,0.28,0.0,235000.0
10647291,1,0.0,0.0,1.0,0.0,0.0,0.0,0.0,0.0,0.0,0.0,0.0,0.0,1.0,0.0,0.0,0.0,0.0,1.0,0.13571428571428573,0.1818181818181818,0.09090909090909091,0.07142857142857142,0.1111111111111111,5,7,0,1,0,0,1,0,1.0,0.0,0.001602045335957252,310000.0
10647293,0,0.0,1.0,0.0,0.0,0.0,0.0,0.0,0.0,0.0,0.0,0.0,0.0,0.0,1.0,0.0,0.0,0.0,1.0,0.07551020408163267,0.1818181818181818,0.18181818181818182,0.0,0.1111111111111111,1,2,1,1,0,0,0,1,0.0,0.04,0.0,750000.0
10647289,1,0.0,0.0,1.0,0.0,0.0,0.0,0.0,0.0,0.0,0.0,0.0,0.0,1.0,0.0,0.0,0.0,0.0,1.0,0.3704081632653061,0.5454545454545454,0.2727272727272727,0.0,0.16666666666666666,3,4,0,1,0,0,1,1,0.0,0.0,0.0026318661214638312,1250000.0
10647313,1,0.0,1.0,0.0,1.0,0.0,0.0,0.0,0.0,0.0,0.0,0.0,0.0,0.0,0.0,0.0,0.0,0.0,1.0,0.18877551020408165,0.36363636363636365,0.09090909090909091,0.07142857142857142,0.05555555555555555,3,3,0,1,0,0,1,1,0.0,0.0,0.0007703022794528287,365000.0
10647307,0,0.0,1.0,0.0,0.0,0.0,1.0,0.0,0.0,0.0,0.0,0.0,0.0,0.0,0.0,0.0,0.0,0.0,1.0,0.1326530612244898,0.09090909090909091,0.18181818181818182,0.0,0.0,3,0,1,0,0,0,0,1,0.0,1.0,0.0,459000.0
10647309,1,0.0,1.0,0.0,1.0,0.0,0.0,0.0,0.0,0.0,0.0,0.0,0.0,0.0,0.0,0.0,0.0,1.0,0.0,0.1816326530612245,0.2727272727272727,0.09090909090909091,0.0,0.1111111111111111,4,3,0,1,0,0,1,1,0.0,0.0,0.00037598087449483304,325000.0
10647292,1,0.0,0.0,1.0,0.0,0.0,0.0,0.0,1.0,0.0,0.0,0.0,0.0,0.0,0.0,0.0,0.0,0.0,1.0,0.11734693877551022,0.1818181818181818,0.09090909090909091,0.0,0.05555555555555555,3,7,0,1,0,0,0,0,0.0,0.0,0.000467683526810646,199000.0
10647306,0,0.0,1.0,0.0,1.0,0.0,0.0,0.0,0.0,0.0,0.0,0.0,0.0,0.0,0.0,0.0,0.0,1.0,0.0,0.11020408163265308,0.2727272727272727,0.09090909090909091,0.0,0.05555555555555555,3,3,1,1,0,0,0,1,0.0,0.2,0.0,210000.0
10647316,1,0.0,1.0,0.0,1.0,0.0,0.0,0.0,0.0,0.0,0.0,0.0,0.0,0.0,0.0,0.0,0.0,0.0,1.0,0.1979591836734694,0.1818181818181818,0.09090909090909091,0.0,0.1111111111111111,0,1,0,1,0,0,1,1,0.0,0.0,0.0005483818608485613,595000.0
10647314,1,0.0,1.0,0.0,1.0,0.0,0.0,0.0,0.0,0.0,0.0,0.0,0.0,0.0,0.0,0.0,0.0,0.0,1.0,0.06632653061224492,0.1818181818181818,0.09090909090909091,0.0,0.05555555555555555,3,3,0,1,0,0,1,0,0.0,0.0,0.0007501276959433498,199000.0
10647315,1,0.0,1.0,0.0,1.0,0.0,0.0,0.0,0.0,0.0,0.0,0.0,0.0,0.0,0.0,0.0,0.0,0.0,1.0,0.10714285714285715,0.09090909090909091,0.09090909090909091,0.0,0.05555555555555555,3,6,0,1,0,0,1,1,0.0,0.0,0.0016341412642677865,195000.0
10647325,1,0.0,1.0,0.0,0.0,0.0,1.0,0.0,0.0,0.0,0.0,0.0,0.0,0.0,0.0,0.0,0.0,0.0,1.0,0.17755102040816328,0.1818181818181818,0.09090909090909091,0.0,0.0,5,6,0,0,0,0,0,0,0.0,0.0,0.0010197334937518399,375000.0
10647323,1,0.0,1.0,0.0,0.0,0.0,0.0,0.0,0.0,0.0,0.0,0.0,0.0,0.0,1.0,0.0,0.0,1.0,0.0,0.18775510204081636,0.2727272727272727,0.0,0.0,0.05555555555555555,3,5,0,0,0,0,1,1,0.0,0.0,0.00031178901787376397,369000.0
10647333,1,0.0,0.0,1.0,0.0,0.0,0.0,0.0,1.0,0.0,0.0,0.0,0.0,0.0,0.0,0.0,0.0,0.0,1.0,0.08877551020408164,0.1818181818181818,0.09090909090909091,0.07142857142857142,0.0,1,2,0,0,0,0,1,1,0.26,0.0,0.00038881924581904686,329000.0
10647330,1,0.0,0.0,1.0,0.0,0.0,0.0,0.0,0.0,0.0,1.0,0.0,0.0,0.0,0.0,0.0,0.0,0.0,1.0,0.163265306122449,0.1818181818181818,0.09090909090909091,0.0,0.05555555555555555,5,7,0,0,0,0,0,1,0.0,0.0,0.00013205181933477063,170000.0
10647335,1,0.0,1.0,0.0,0.0,0.0,0.0,0.0,0.0,0.0,0.0,0.0,0.0,0.0,1.0,0.0,0.0,1.0,0.0,0.11836734693877551,0.1818181818181818,0.18181818181818182,0.07142857142857142,0.1111111111111111,1,3,0,0,0,0,1,1,0.20400000000000001,0.0,0.00018707341072425837,1295000.0
10647332,1,0.0,0.0,1.0,0.0,0.0,0.0,0.0,0.0,0.0,0.0,0.0,0.0,1.0,0.0,0.0,0.0,1.0,0.0,0.20816326530612247,0.1818181818181818,0.2727272727272727,0.2857142857142857,0.16666666666666666,4,3,0,0,0,0,0,1,0.0,0.0,0.0017478525531393946,695000.0
10647331,1,0.0,1.0,0.0,1.0,0.0,0.0,0.0,0.0,0.0,0.0,0.0,0.0,0.0,0.0,0.0,0.0,1.0,0.0,0.2938775510204082,0.1818181818181818,0.18181818181818182,0.0,0.16666666666666666,1,2,0,0,0,0,0,1,0.0,0.0,0.00019532664943268155,895000.0
10647340,1,0.0,1.0,0.0,0.0,0.0,0.0,1.0,0.0,0.0,0.0,0.0,0.0,0.0,0.0,0.0,1.0,0.0,0.0,0.20510204081632655,0.1818181818181818,0.09090909090909091,0.07142857142857142,0.1111111111111111,1,0,0,0,0,0,1,1,0.06,0.18,0.0,625000.0
10647343,1,0.0,0.0,1.0,0.0,0.0,0.0,0.0,1.0,0.0,0.0,0.0,0.0,0.0,0.0,0.0,0.0,0.0,1.0,0.30714285714285716,0.5454545454545454,0.0,0.42857142857142855,0.3333333333333333,0,7,0,0,0,0,0,1,0.0,0.2,0.00018340530463162587,325000.0
10647344,1,0.0,0.0,1.0,0.0,0.0,0.0,0.0,1.0,0.0,0.0,0.0,0.0,0.0,0.0,0.0,0.0,0.0,1.0,0.030612244897959183,0.09090909090909091,0.09090909090909091,0.0,0.05555555555555555,0,0,0,0,0,0,0,1,0.0,0.0,0.00035764034403167045,55000.0
10647345,1,0.0,1.0,0.0,0.0,0.0,0.0,0.0,0.0,0.0,0.0,0.0,0.0,0.0,1.0,0.0,0.0,1.0,0.0,0.08673469387755103,0.1818181818181818,0.0,0.0,0.05555555555555555,3,6,0,0,0,0,1,1,0.05,0.0,0.00011921344801055682,189000.0
10647351,1,0.0,0.0,1.0,0.0,0.0,0.0,0.0,0.0,0.0,0.0,0.0,0.0,1.0,0.0,0.0,0.0,0.0,1.0,0.09183673469387757,0.09090909090909091,0.09090909090909091,0.0,0.1111111111111111,0,3,0,0,0,0,1,1,0.29,0.08,0.00035764034403167045,235000.0
10647349,0,1.0,0.0,0.0,0.0,1.0,0.0,0.0,0.0,0.0,0.0,0.0,0.0,0.0,0.0,0.0,1.0,0.0,0.0,0.031632653061224494,0.0,0.09090909090909091,0.07142857142857142,0.05555555555555555,3,7,0,0,0,0,0,0,0.0,0.0,0.0,165000.0
10647355,1,0.0,0.0,1.0,0.0,0.0,0.0,0.0,0.0,0.0,0.0,1.0,0.0,0.0,0.0,0.0,0.0,0.0,1.0,0.12346938775510205,0.1818181818181818,0.09090909090909091,0.07142857142857142,0.1111111111111111,3,3,0,0,0,0,1,1,1.0,1.0,0.0011462831539476616,400000.0
10647377,1,0.0,1.0,0.0,0.0,0.0,0.0,0.0,0.0,0.0,0.0,0.0,0.0,0.0,1.0,0.0,0.0,0.0,1.0,0.12448979591836737,0.1818181818181818,0.09090909090909091,0.0,0.1111111111111111,3,1,0,0,0,0,0,1,0.0,0.0,0.00024209500211374614,328753.0
10647376,1,0.0,1.0,0.0,0.0,0.0,0.0,0.0,0.0,0.0,0.0,0.0,0.0,0.0,1.0,0.0,0.0,1.0,0.0,0.1285714285714286,0.09090909090909091,0.0,0.07142857142857142,0.1111111111111111,3,5,0,0,0,0,0,0,0.0,0.0,4.860240572738086e-05,259000.0
10647379,1,1.0,0.0,0.0,0.0,1.0,0.0,0.0,0.0,0.0,0.0,0.0,0.0,0.0,0.0,0.0,0.0,1.0,0.0,0.41122448979591836,0.4545454545454545,0.18181818181818182,0.21428571428571427,0.2777777777777778,3,0,0,0,0,0,1,1,0.747,0.15,0.0007978130751475725,1395000.0
10647383,1,0.0,1.0,0.0,0.0,0.0,0.0,0.0,0.0,0.0,0.0,0.0,0.0,0.0,1.0,0.0,0.0,0.0,1.0,0.12448979591836737,0.1818181818181818,0.09090909090909091,0.0,0.1111111111111111,3,1,0,0,0,0,0,1,0.0,0.0,0.00024209500211374614,331356.0
10647388,0,1.0,0.0,0.0,0.0,1.0,0.0,0.0,0.0,0.0,0.0,0.0,0.0,0.0,0.0,0.0,1.0,0.0,0.0,0.04183673469387755,0.0,0.0,0.07142857142857142,0.05555555555555555,5,5,0,0,0,0,0,1,0.0,0.04,0.0,125000.0
10647387,1,1.0,0.0,0.0,0.0,1.0,0.0,0.0,0.0,0.0,0.0,0.0,0.0,0.0,0.0,0.0,1.0,0.0,0.0,0.3346938775510204,0.4545454545454545,0.09090909090909091,0.0,0.05555555555555555,3,7,0,0,0,0,0,0,0.0,0.0,0.0,495000.0
10647386,1,0.0,0.0,1.0,0.0,0.0,0.0,0.0,0.0,0.0,0.0,1.0,0.0,0.0,0.0,0.0,0.0,0.0,1.0,0.30714285714285716,0.36363636363636365,0.09090909090909091,0.0,0.05555555555555555,0,5,0,0,0,0,0,1,0.0,0.0,0.00034847007880008915,289000.0
10647389,1,0.0,0.0,1.0,0.0,0.0,0.0,0.0,0.0,0.0,1.0,0.0,0.0,0.0,0.0,0.0,0.0,1.0,0.0,0.1112244897959184,0.1818181818181818,0.09090909090909091,0.0,0.0,0,7,0,0,0,0,1,0,0.178,0.0,0.0002751079569474388,264000.0
10647400,1,0.0,1.0,0.0,0.0,0.0,0.0,0.0,0.0,1.0,0.0,0.0,0.0,0.0,0.0,0.0,0.0,0.0,1.0,0.1642857142857143,0.1818181818181818,0.09090909090909091,0.0,0.1111111111111111,3,2,0,0,0,0,1,1,1.0,0.0,0.00116187260484135,449000.0
10647402,0,0.0,0.0,1.0,0.0,0.0,0.0,0.0,1.0,0.0,0.0,0.0,0.0,0.0,0.0,0.0,0.0,0.0,1.0,0.1479591836734694,0.1818181818181818,0.18181818181818182,0.0,0.1111111111111111,1,1,0,1,0,0,1,1,0.231,0.51,0.0,425000.0
10647392,1,0.0,1.0,0.0,0.0,0.0,0.0,0.0,0.0,0.0,0.0,0.0,0.0,0.0,1.0,0.0,0.0,0.0,1.0,0.12448979591836737,0.1818181818181818,0.09090909090909091,0.0,0.1111111111111111,3,1,0,0,0,0,0,1,0.0,0.0,0.00024209500211374614,334651.0
10647394,1,0.0,1.0,0.0,0.0,0.0,0.0,1.0,0.0,0.0,0.0,0.0,0.0,0.0,0.0,0.0,1.0,0.0,0.0,0.16632653061224492,0.2727272727272727,0.18181818181818182,0.0,0.0,3,5,0,0,0,0,0,1,0.0,0.0,0.000531875383431715,665000.0
10647401,0,0.0,0.0,1.0,0.0,0.0,0.0,0.0,1.0,0.0,0.0,0.0,0.0,0.0,0.0,0.0,0.0,0.0,1.0,0.10204081632653061,0.09090909090909091,0.09090909090909091,0.0,0.05555555555555555,1,1,0,1,0,0,1,1,0.467,0.28,0.0,359000.0
10647406,0,0.0,0.0,1.0,0.0,0.0,0.0,0.0,1.0,0.0,0.0,0.0,0.0,0.0,0.0,0.0,0.0,0.0,1.0,0.09183673469387757,0.09090909090909091,0.09090909090909091,0.0,0.05555555555555555,1,1,0,1,0,0,1,1,0.578,0.31,0.0,349000.0
10647405,1,0.0,0.0,1.0,0.0,0.0,0.0,0.0,1.0,0.0,0.0,0.0,0.0,0.0,0.0,0.0,0.0,0.0,1.0,0.16122448979591839,0.1818181818181818,0.0,0.07142857142857142,0.1111111111111111,1,1,0,1,0,0,1,1,0.666,0.18,0.0006107396644233141,399000.0
10647403,1,0.0,0.0,1.0,0.0,0.0,0.0,0.0,1.0,0.0,0.0,0.0,0.0,0.0,0.0,0.0,0.0,0.0,1.0,0.1479591836734694,0.1818181818181818,0.0,0.07142857142857142,0.1111111111111111,1,1,0,1,0,0,1,1,0.623,0.17,0.0005713075239275146,380000.0
10647408,1,0.0,0.0,1.0,0.0,0.0,0.0,0.0,1.0,0.0,0.0,0.0,0.0,0.0,0.0,0.0,0.0,0.0,1.0,0.15816326530612246,0.1818181818181818,0.09090909090909091,0.07142857142857142,0.1111111111111111,1,1,0,1,0,0,1,1,0.915,0.25,0.0008390792686896883,435000.0
10647407,0,0.0,0.0,1.0,0.0,0.0,0.0,0.0,1.0,0.0,0.0,0.0,0.0,0.0,0.0,0.0,0.0,0.0,1.0,0.14285714285714288,0.1818181818181818,0.0,0.07142857142857142,0.0,1,1,0,1,0,0,1,1,0.494,0.35000000000000003,0.0,425000.0
10647404,1,0.0,0.0,1.0,0.0,0.0,0.0,0.0,1.0,0.0,0.0,0.0,0.0,0.0,0.0,0.0,0.0,0.0,1.0,0.23673469387755106,0.2727272727272727,0.0,0.14285714285714285,0.1111111111111111,1,1,0,1,0,0,1,1,0.593,0.27,0.0005437967282327707,499000.0
10647413,0,0.0,1.0,0.0,1.0,0.0,0.0,0.0,0.0,0.0,0.0,0.0,0.0,0.0,0.0,0.0,0.0,1.0,0.0,0.04591836734693878,0.09090909090909091,0.09090909090909091,0.0,0.05555555555555555,3,2,1,1,0,0,0,0,0.0,0.0,0.0,169000.0
10647430,0,0.0,1.0,0.0,0.0,0.0,0.0,0.0,0.0,0.0,0.0,0.0,0.0,0.0,1.0,0.0,0.0,1.0,0.0,0.08979591836734696,0.09090909090909091,0.09090909090909091,0.0,0.05555555555555555,1,2,1,0,0,0,0,1,0.0,0.1,0.0,365000.0
10647416,0,0.0,1.0,0.0,0.0,0.0,0.0,0.0,0.0,0.0,0.0,0.0,0.0,0.0,1.0,0.0,0.0,0.0,1.0,0.05612244897959184,0.09090909090909091,0.0,0.0,0.05555555555555555,3,6,0,0,0,0,0,0,0.0,0.0,0.0,239000.0
10647421,0,0.0,1.0,0.0,1.0,0.0,0.0,0.0,0.0,0.0,0.0,0.0,0.0,0.0,0.0,0.0,1.0,0.0,0.0,0.06122448979591837,0.0,0.09090909090909091,0.07142857142857142,0.05555555555555555,1,3,1,0,0,0,0,1,0.0,0.52,0.0,345000.0
10647431,0,0.0,1.0,0.0,1.0,0.0,0.0,0.0,0.0,0.0,0.0,0.0,0.0,0.0,0.0,0.0,0.0,1.0,0.0,0.06632653061224492,0.09090909090909091,0.09090909090909091,0.0,0.05555555555555555,3,2,0,1,0,0,0,0,0.0,0.0,0.0,195000.0
10647432,1,0.0,1.0,0.0,0.0,0.0,1.0,0.0,0.0,0.0,0.0,0.0,0.0,0.0,0.0,0.0,0.0,0.0,1.0,0.08061224489795918,0.09090909090909091,0.09090909090909091,0.0,0.0,5,6,0,0,0,0,1,0,0.08,0.0,0.00017606909244636084,180000.0
10647435,0,0.0,1.0,0.0,1.0,0.0,0.0,0.0,0.0,0.0,0.0,0.0,0.0,0.0,0.0,0.0,0.0,1.0,0.0,0.10816326530612247,0.09090909090909091,0.18181818181818182,0.0,0.16666666666666666,3,2,0,1,0,0,0,1,0.0,0.0,0.0,259000.0
10647436,1,0.0,1.0,0.0,0.0,0.0,0.0,0.0,0.0,0.0,0.0,0.0,0.0,0.0,1.0,0.0,0.0,0.0,1.0,0.11530612244897961,0.0,0.09090909090909091,0.0,0.16666666666666666,3,6,0,0,0,0,0,1,0.0,0.0,8.711751970002229e-05,119000.0
10647434,0,0.0,1.0,0.0,1.0,0.0,0.0,0.0,0.0,0.0,0.0,0.0,0.0,0.0,0.0,0.0,0.0,1.0,0.0,0.04693877551020408,0.0,0.09090909090909091,0.0,0.05555555555555555,3,3,0,1,0,0,1,1,0.0,0.0,0.0,179000.0
10647437,1,0.0,1.0,0.0,1.0,0.0,0.0,0.0,0.0,0.0,0.0,0.0,0.0,0.0,0.0,0.0,0.0,0.0,1.0,0.12551020408163266,0.1818181818181818,0.09090909090909091,0.0,0.1111111111111111,0,0,1,1,0,0,1,1,0.078,0.24,0.0,334805.0
10647439,0,0.0,1.0,0.0,1.0,0.0,0.0,0.0,0.0,0.0,0.0,0.0,0.0,0.0,0.0,0.0,0.0,0.0,1.0,0.09897959183673471,0.09090909090909091,0.09090909090909091,0.0,0.1111111111111111,0,0,1,1,0,0,0,1,0.0,0.13,0.0,299869.0
10647441,0,0.0,1.0,0.0,1.0,0.0,0.0,0.0,0.0,0.0,0.0,0.0,0.0,0.0,0.0,0.0,0.0,0.0,1.0,0.113265306122449,0.1818181818181818,0.09090909090909091,0.0,0.1111111111111111,0,0,1,1,0,0,0,1,0.0,0.32,0.0,319278.0
10647442,0,0.0,1.0,0.0,1.0,0.0,0.0,0.0,0.0,0.0,0.0,0.0,0.0,0.0,0.0,0.0,0.0,0.0,1.0,0.09591836734693879,0.09090909090909091,0.09090909090909091,0.0,0.1111111111111111,0,0,1,1,0,0,1,1,0.112,0.29,0.0,309574.0
10647465,1,0.0,1.0,0.0,0.0,0.0,0.0,0.0,0.0,0.0,0.0,0.0,0.0,0.0,1.0,0.0,0.0,0.0,1.0,0.11530612244897961,0.1818181818181818,0.09090909090909091,0.0,0.05555555555555555,3,6,0,0,0,0,0,1,0.0,0.0,8.711751970002229e-05,119000.0
10647462,1,0.0,0.0,1.0,0.0,0.0,0.0,0.0,1.0,0.0,0.0,0.0,0.0,0.0,0.0,0.0,1.0,0.0,0.0,0.15612244897959185,0.09090909090909091,0.09090909090909091,0.0,0.1111111111111111,4,6,0,1,0,0,1,0,0.0,0.0,0.0028381970891744102,220000.0
10647463,1,0.0,0.0,1.0,0.0,0.0,0.0,0.0,0.0,0.0,0.0,0.0,1.0,0.0,0.0,0.0,0.0,1.0,0.0,0.1326530612244898,0.1818181818181818,0.09090909090909091,0.0,0.0,3,5,0,0,0,0,0,0,0.0,0.0,7.336212185265035e-05,199000.0
10647479,1,0.0,1.0,0.0,0.0,0.0,0.0,1.0,0.0,0.0,0.0,0.0,0.0,0.0,0.0,0.0,1.0,0.0,0.0,0.1316326530612245,0.1818181818181818,0.09090909090909091,0.0,0.05555555555555555,5,6,0,0,1,0,1,0,0.65,0.0,0.0007978130751475725,289000.0
10647467,1,0.0,1.0,0.0,0.0,0.0,0.0,0.0,0.0,0.0,0.0,0.0,0.0,0.0,1.0,0.0,1.0,0.0,0.0,0.15000000000000002,0.1818181818181818,0.0,0.0,0.05555555555555555,3,6,0,0,0,0,1,1,0.0,0.0,0.0007070274493549177,395000.0
10647481,1,0.0,1.0,0.0,1.0,0.0,0.0,0.0,0.0,0.0,0.0,0.0,0.0,0.0,0.0,0.0,0.0,0.0,1.0,0.1326530612244898,0.1818181818181818,0.09090909090909091,0.0,0.1111111111111111,0,4,0,0,0,0,0,0,0.0,0.0,0.00030078469959586644,399000.0
10647477,0,0.0,1.0,0.0,1.0,0.0,0.0,0.0,0.0,0.0,0.0,0.0,0.0,0.0,0.0,0.0,1.0,0.0,0.0,0.07244897959183674,0.09090909090909091,0.09090909090909091,0.07142857142857142,0.05555555555555555,1,0,0,0,0,0,0,1,0.0,0.12,0.0,259000.0
10647484,1,0.0,0.0,1.0,0.0,0.0,0.0,0.0,0.0,0.0,0.0,1.0,0.0,0.0,0.0,0.0,0.0,0.0,1.0,0.28061224489795916,0.2727272727272727,0.0,0.14285714285714285,0.1111111111111111,1,2,0,0,0,1,1,1,0.24,0.3,0.0004585132615790647,835000.0
10647485,1,0.0,1.0,0.0,1.0,0.0,0.0,0.0,0.0,0.0,0.0,0.0,0.0,0.0,0.0,0.0,0.0,0.0,1.0,0.20408163265306126,0.1818181818181818,0.09090909090909091,0.0,0.05555555555555555,1,0,0,0,0,0,1,1,0.055,0.25,0.0001467242437053007,455000.0
10647483,0,0.0,1.0,0.0,1.0,0.0,0.0,0.0,0.0,0.0,0.0,0.0,0.0,0.0,0.0,0.0,0.0,0.0,1.0,0.06122448979591837,0.09090909090909091,0.09090909090909091,0.0,0.0,3,5,0,0,0,0,0,1,0.0,0.0,0.0,199000.0
10647486,1,0.0,1.0,0.0,1.0,0.0,0.0,0.0,0.0,0.0,0.0,0.0,0.0,0.0,0.0,0.0,0.0,0.0,1.0,0.14183673469387756,0.1818181818181818,0.09090909090909091,0.0,0.0,3,6,0,0,0,0,0,0,0.0,0.0,0.0006235780357475279,369000.0
10647487,1,0.0,1.0,0.0,0.0,0.0,0.0,0.0,0.0,0.0,0.0,0.0,0.0,0.0,1.0,0.0,0.0,0.0,1.0,0.12551020408163266,0.1818181818181818,0.09090909090909091,0.0,0.05555555555555555,3,3,0,0,0,0,0,0,0.0,0.0,0.00039890653757378625,349000.0
10647491,0,0.0,1.0,0.0,0.0,0.0,0.0,0.0,0.0,0.0,0.0,0.0,0.0,0.0,1.0,0.0,0.0,1.0,0.0,0.0816326530612245,0.09090909090909091,0.09090909090909091,0.0,0.05555555555555555,3,2,1,0,0,0,0,1,0.0,0.09,0.0,289000.0
10647492,0,0.0,1.0,0.0,0.0,0.0,0.0,0.0,0.0,0.0,0.0,0.0,0.0,0.0,1.0,0.0,0.0,0.0,1.0,0.030612244897959183,0.0,0.09090909090909091,0.0,0.0,1,4,1,0,0,0,0,0,0.0,0.0,0.0,199500.0
10647494,1,0.0,0.0,1.0,0.0,0.0,0.0,0.0,0.0,0.0,0.0,0.0,0.0,1.0,0.0,0.0,0.0,0.0,1.0,0.19387755102040818,0.2727272727272727,0.18181818181818182,0.0,0.16666666666666666,5,3,0,0,0,0,1,1,0.45,0.45,0.0007602149876980893,650000.0
10647488,0,0.0,1.0,0.0,0.0,0.0,0.0,0.0,0.0,0.0,0.0,0.0,0.0,0.0,1.0,1.0,0.0,0.0,0.0,0.09183673469387757,0.0,0.0,0.0,0.0,1,1,1,0,0,0,0,1,0.0,0.0,0.0,285000.0
10647495,1,0.0,1.0,0.0,0.0,0.0,0.0,0.0,0.0,0.0,0.0,0.0,0.0,0.0,1.0,0.0,0.0,1.0,0.0,0.7112244897959185,0.8181818181818182,0.6363636363636364,0.0,0.0,3,4,0,0,0,0,0,1,0.0,1.0,0.0003026187526421827,595000.0
10647509,1,0.0,1.0,0.0,0.0,0.0,1.0,0.0,0.0,0.0,0.0,0.0,0.0,0.0,0.0,0.0,0.0,0.0,1.0,0.18979591836734697,0.1818181818181818,0.09090909090909091,0.07142857142857142,0.1111111111111111,5,6,0,0,0,0,1,1,0.668,0.0,0.0007400404041886104,349000.0
10647498,0,0.0,1.0,0.0,0.0,0.0,1.0,0.0,0.0,0.0,0.0,0.0,0.0,0.0,0.0,0.0,1.0,0.0,0.0,0.10816326530612247,0.09090909090909091,0.18181818181818182,0.0,0.05555555555555555,3,6,1,0,0,0,0,1,0.0,0.04,0.0,350000.0
10647497,0,0.0,1.0,0.0,0.0,0.0,1.0,0.0,0.0,0.0,0.0,0.0,0.0,0.0,0.0,1.0,0.0,0.0,0.0,0.10204081632653061,0.09090909090909091,0.09090909090909091,0.0,0.0,3,2,0,0,0,0,0,0,0.0,0.0,0.0,355000.0
10647510,0,1.0,0.0,0.0,0.0,1.0,0.0,0.0,0.0,0.0,0.0,0.0,0.0,0.0,0.0,0.0,0.0,0.0,1.0,0.15000000000000002,0.2727272727272727,0.2727272727272727,0.0,0.2222222222222222,3,4,1,0,0,0,0,1,0.0,0.02,0.0,679000.0
10647512,1,0.0,0.0,1.0,0.0,0.0,0.0,0.0,0.0,0.0,0.0,1.0,0.0,0.0,0.0,0.0,0.0,0.0,1.0,0.11734693877551022,0.1818181818181818,0.09090909090909091,0.0,0.1111111111111111,5,7,0,1,0,0,0,0,0.0,0.0,0.0,249000.0
10647511,1,0.0,0.0,1.0,0.0,0.0,0.0,0.0,0.0,0.0,0.0,0.0,0.0,1.0,0.0,0.0,0.0,0.0,1.0,0.14285714285714288,0.1818181818181818,0.09090909090909091,0.0,0.1111111111111111,3,4,0,0,0,0,0,1,0.0,0.2,0.000545630781279087,365000.0
10647518,0,0.0,0.0,1.0,0.0,0.0,0.0,0.0,0.0,0.0,0.0,0.0,1.0,0.0,0.0,1.0,0.0,0.0,0.0,0.06122448979591837,0.1818181818181818,0.09090909090909091,0.0,0.05555555555555555,2,3,1,1,0,0,0,0,0.0,0.0,0.0,230000.0
10647519,1,1.0,0.0,0.0,0.0,1.0,0.0,0.0,0.0,0.0,0.0,0.0,0.0,0.0,0.0,0.0,1.0,0.0,0.0,0.1979591836734694,0.2727272727272727,0.2727272727272727,0.0,0.16666666666666666,2,0,0,0,0,0,0,0,0.0,0.0,3.943214049579956e-05,400000.0
10647521,1,0.0,0.0,1.0,0.0,0.0,0.0,0.0,0.0,0.0,1.0,0.0,0.0,0.0,0.0,0.0,0.0,0.0,1.0,0.2142857142857143,0.1818181818181818,0.09090909090909091,0.07142857142857142,0.1111111111111111,5,0,0,0,0,0,1,1,1.0,0.3,0.00018340530463162587,350000.0
10647524,0,1.0,0.0,0.0,0.0,1.0,0.0,0.0,0.0,0.0,0.0,0.0,0.0,0.0,0.0,1.0,0.0,0.0,0.0,0.1326530612244898,0.09090909090909091,0.09090909090909091,0.0,0.0,1,4,0,0,0,0,0,0,0.0,0.0,0.0,430000.0
10647527,1,1.0,0.0,0.0,0.0,1.0,0.0,0.0,0.0,0.0,0.0,0.0,0.0,0.0,0.0,0.0,0.0,0.0,1.0,0.3877551020408163,0.4545454545454545,0.36363636363636365,0.0,0.2777777777777778,1,3,0,1,1,0,1,1,1.0,0.6,0.0018340530463162588,2650000.0
10647532,1,0.0,1.0,0.0,0.0,0.0,0.0,1.0,0.0,0.0,0.0,0.0,0.0,0.0,0.0,0.0,0.0,0.0,1.0,0.213265306122449,0.2727272727272727,0.09090909090909091,0.0,0.1111111111111111,3,4,0,1,0,0,0,1,0.0,0.0,0.0005823118422054121,480000.0
10647539,0,0.0,1.0,0.0,1.0,0.0,0.0,0.0,0.0,0.0,0.0,0.0,0.0,0.0,0.0,0.0,0.0,1.0,0.0,0.07653061224489796,0.09090909090909091,0.09090909090909091,0.0,0.0,0,2,0,0,0,0,0,0,0.0,0.0,0.0,325000.0
10647540,0,0.0,1.0,0.0,1.0,0.0,0.0,0.0,0.0,0.0,0.0,0.0,0.0,0.0,0.0,0.0,0.0,1.0,0.0,0.0816326530612245,0.1818181818181818,0.18181818181818182,0.0,0.0,0,2,0,0,0,0,0,0,0.0,0.0,0.0,324000.0
10647538,1,0.0,1.0,0.0,1.0,0.0,0.0,0.0,0.0,0.0,0.0,0.0,0.0,0.0,0.0,0.0,0.0,0.0,1.0,0.42551020408163265,0.2727272727272727,0.18181818181818182,0.0,0.16666666666666666,3,2,0,0,0,0,0,1,0.0,0.0,0.0030738729056260495,749000.0
10647541,1,0.0,1.0,0.0,0.0,0.0,1.0,0.0,0.0,0.0,0.0,0.0,0.0,0.0,0.0,1.0,0.0,0.0,0.0,0.336734693877551,0.2727272727272727,0.18181818181818182,0.0,0.2222222222222222,3,3,0,0,0,0,1,0,0.169,0.0,0.00032646144224429403,899000.0
10647544,1,0.0,1.0,0.0,0.0,0.0,0.0,1.0,0.0,0.0,0.0,0.0,0.0,0.0,0.0,0.0,0.0,0.0,1.0,0.336734693877551,0.36363636363636365,0.09090909090909091,0.0,0.1111111111111111,3,0,0,1,0,0,1,1,0.0,0.01,0.0017423503940004457,480000.0
10647550,1,1.0,0.0,0.0,0.0,1.0,0.0,0.0,0.0,0.0,0.0,0.0,0.0,0.0,0.0,0.0,1.0,0.0,0.0,0.163265306122449,0.1818181818181818,0.09090909090909091,0.0,0.05555555555555555,1,5,0,1,0,0,1,0,0.068,0.0,0.00014764127022845884,425000.0
10647546,1,0.0,1.0,0.0,0.0,0.0,0.0,0.0,0.0,0.0,0.0,0.0,0.0,0.0,1.0,0.0,0.0,0.0,1.0,0.17346938775510207,0.1818181818181818,0.09090909090909091,0.0,0.1111111111111111,4,3,0,0,0,0,0,0,0.0,0.0,0.00011462831539476617,189000.0
10647547,0,1.0,0.0,0.0,0.0,1.0,0.0,0.0,0.0,0.0,0.0,0.0,0.0,0.0,0.0,0.0,0.0,0.0,1.0,0.07959183673469389,0.09090909090909091,0.18181818181818182,0.0,0.05555555555555555,3,5,1,0,0,0,0,1,0.0,0.55,0.0,395000.0
10647555,0,1.0,0.0,0.0,0.0,1.0,0.0,0.0,0.0,0.0,0.0,0.0,0.0,0.0,0.0,0.0,0.0,0.0,1.0,0.29183673469387755,0.2727272727272727,0.09090909090909091,0.07142857142857142,0.1111111111111111,1,3,0,1,0,0,1,1,0.0,0.0,0.0,1150000.0
10647559,0,1.0,0.0,0.0,0.0,1.0,0.0,0.0,0.0,0.0,0.0,0.0,0.0,0.0,0.0,0.0,1.0,0.0,0.0,0.06224489795918368,0.0,0.0,0.07142857142857142,0.05555555555555555,2,4,0,0,0,0,0,1,0.0,0.19,0.0,390000.0
10647560,1,0.0,0.0,1.0,0.0,0.0,0.0,0.0,1.0,0.0,0.0,0.0,0.0,0.0,0.0,0.0,0.0,0.0,1.0,0.18265306122448982,0.2727272727272727,0.18181818181818182,0.07142857142857142,0.1111111111111111,1,2,0,0,1,0,1,1,0.8,1.0,0.0011508682865634524,450000.0
10647556,1,1.0,0.0,0.0,0.0,1.0,0.0,0.0,0.0,0.0,0.0,0.0,0.0,0.0,0.0,0.0,0.0,0.0,1.0,0.29183673469387755,0.2727272727272727,0.09090909090909091,0.07142857142857142,0.1111111111111111,1,3,0,1,0,0,1,1,0.0,0.0,0.000418164094560107,1150000.0
10647561,1,1.0,0.0,0.0,0.0,1.0,0.0,0.0,0.0,0.0,0.0,0.0,0.0,0.0,0.0,0.0,0.0,0.0,1.0,0.18877551020408165,0.1818181818181818,0.0,0.07142857142857142,0.16666666666666666,5,7,0,1,0,0,1,0,0.15,0.0,0.00021091610032636975,549000.0
10647563,1,0.0,0.0,1.0,0.0,0.0,0.0,0.0,0.0,0.0,0.0,0.0,0.0,1.0,0.0,0.0,0.0,0.0,1.0,0.15408163265306124,0.1818181818181818,0.09090909090909091,0.0,0.1111111111111111,1,0,0,1,0,0,1,1,0.0,0.0,0.0002219204186042673,370000.0
10647565,0,0.0,1.0,0.0,1.0,0.0,0.0,0.0,0.0,0.0,0.0,0.0,0.0,0.0,0.0,0.0,1.0,0.0,0.0,0.06428571428571428,0.09090909090909091,0.09090909090909091,0.0,0.05555555555555555,3,2,1,1,0,0,0,1,0.0,0.09,0.0,185000.0
10647568,0,0.0,1.0,0.0,1.0,0.0,0.0,0.0,0.0,0.0,0.0,0.0,0.0,0.0,0.0,0.0,0.0,0.0,1.0,0.10102040816326532,0.09090909090909091,0.09090909090909091,0.0,0.05555555555555555,3,2,0,1,0,0,0,1,0.0,0.07,0.0,199900.0
10647567,1,0.0,1.0,0.0,1.0,0.0,0.0,0.0,0.0,0.0,0.0,0.0,0.0,0.0,0.0,0.0,0.0,0.0,1.0,0.2142857142857143,0.2727272727272727,0.09090909090909091,0.0,0.1111111111111111,0,1,0,1,0,0,1,0,0.15,0.0,0.0,549000.0
10647574,0,0.0,0.0,1.0,0.0,0.0,0.0,0.0,1.0,0.0,0.0,0.0,0.0,0.0,0.0,0.0,0.0,0.0,1.0,0.30612244897959184,0.1818181818181818,0.18181818181818182,0.0,0.16666666666666666,3,2,0,1,0,0,0,0,0.0,0.0,0.0,285000.0
10647566,1,0.0,1.0,0.0,1.0,0.0,0.0,0.0,0.0,0.0,0.0,0.0,0.0,0.0,0.0,0.0,0.0,0.0,1.0,0.17755102040816328,0.36363636363636365,0.09090909090909091,0.0,0.1111111111111111,5,3,0,1,0,0,1,1,0.162,0.3,0.00037414682144851674,409000.0
10647576,0,0.0,0.0,1.0,0.0,0.0,0.0,0.0,1.0,0.0,0.0,0.0,0.0,0.0,0.0,0.0,0.0,0.0,1.0,0.30612244897959184,0.1818181818181818,0.18181818181818182,0.0,0.16666666666666666,3,2,0,1,0,0,0,0,0.0,0.0,0.0,525000.0
10647577,1,0.0,0.0,1.0,0.0,0.0,0.0,0.0,1.0,0.0,0.0,0.0,0.0,0.0,0.0,0.0,0.0,0.0,1.0,0.30612244897959184,0.1818181818181818,0.18181818181818182,0.0,0.16666666666666666,3,2,0,1,0,0,0,0,0.0,0.0,0.0001907415168168909,525000.0
10647580,1,0.0,1.0,0.0,0.0,0.0,0.0,1.0,0.0,0.0,0.0,0.0,0.0,0.0,0.0,0.0,0.0,0.0,1.0,0.49693877551020416,0.36363636363636365,0.36363636363636365,0.07142857142857142,0.2777777777777778,0,2,0,1,0,0,1,1,1.0,0.11,0.0014305613761266818,1295000.0
10647579,0,1.0,0.0,0.0,0.0,1.0,0.0,0.0,0.0,0.0,0.0,0.0,0.0,0.0,0.0,0.0,1.0,0.0,0.0,0.0816326530612245,0.1818181818181818,0.09090909090909091,0.0,0.05555555555555555,0,5,1,1,0,0,0,1,0.0,0.1,0.0,265000.0
10647581,1,0.0,1.0,0.0,0.0,0.0,0.0,1.0,0.0,0.0,0.0,0.0,0.0,0.0,0.0,0.0,0.0,0.0,1.0,0.49693877551020416,0.36363636363636365,0.36363636363636365,0.07142857142857142,0.2777777777777778,0,2,0,1,0,0,1,1,1.0,0.11,0.0014305613761266818,1295000.0
10647578,1,0.0,0.0,1.0,0.0,0.0,0.0,0.0,1.0,0.0,0.0,0.0,0.0,0.0,0.0,0.0,0.0,0.0,1.0,0.30612244897959184,0.1818181818181818,0.18181818181818182,0.0,0.16666666666666666,3,2,0,1,0,0,0,0,0.0,0.0,0.0001907415168168909,285000.0
10647594,0,1.0,0.0,0.0,0.0,1.0,0.0,0.0,0.0,0.0,0.0,0.0,0.0,0.0,0.0,0.0,0.0,0.0,1.0,0.07142857142857142,0.09090909090909091,0.09090909090909091,0.0,0.05555555555555555,5,4,1,1,0,0,0,1,0.0,0.04,0.0,299000.0
10647613,1,0.0,1.0,0.0,0.0,0.0,0.0,0.0,0.0,1.0,0.0,0.0,0.0,0.0,0.0,0.0,0.0,0.0,1.0,0.2857142857142857,0.2727272727272727,0.18181818181818182,0.0,0.1111111111111111,3,3,0,1,0,0,1,0,0.0,0.0,0.0003200422565821871,265000.0
10647614,0,0.0,1.0,0.0,1.0,0.0,0.0,0.0,0.0,0.0,0.0,0.0,0.0,0.0,0.0,0.0,0.0,1.0,0.0,0.09693877551020408,0.09090909090909091,0.09090909090909091,0.0,0.05555555555555555,3,2,1,1,0,0,0,1,0.0,0.05,0.0,368000.0
10647610,1,0.0,1.0,0.0,1.0,0.0,0.0,0.0,0.0,0.0,0.0,0.0,0.0,0.0,0.0,0.0,0.0,1.0,0.0,0.0836734693877551,0.09090909090909091,0.18181818181818182,0.0,0.1111111111111111,2,4,0,1,0,0,0,0,0.0,0.0,0.0,336500.0
10647595,0,0.0,1.0,0.0,1.0,0.0,0.0,0.0,0.0,0.0,0.0,0.0,0.0,0.0,0.0,0.0,0.0,0.0,1.0,0.13571428571428573,0.09090909090909091,0.09090909090909091,0.0,0.05555555555555555,3,3,0,1,0,0,0,1,0.0,0.0,0.0,259000.0
10647615,1,0.0,1.0,0.0,1.0,0.0,0.0,0.0,0.0,0.0,0.0,0.0,0.0,0.0,0.0,0.0,0.0,1.0,0.0,0.26224489795918365,0.2727272727272727,0.09090909090909091,0.0,0.1111111111111111,4,3,0,1,0,0,0,1,0.0,0.0,0.00041174490889800007,463000.0
10647612,1,0.0,1.0,0.0,1.0,0.0,0.0,0.0,0.0,0.0,0.0,0.0,0.0,0.0,0.0,0.0,0.0,1.0,0.0,0.1479591836734694,0.1818181818181818,0.09090909090909091,0.0,0.1111111111111111,3,4,0,1,0,0,1,1,0.0,0.18,8.253238708423164e-05,340000.0
10647618,1,0.0,1.0,0.0,0.0,0.0,0.0,1.0,0.0,0.0,0.0,0.0,0.0,0.0,0.0,0.0,0.0,0.0,1.0,0.15408163265306124,0.1818181818181818,0.09090909090909091,0.0,0.1111111111111111,0,0,0,1,0,0,1,1,0.194,0.33,0.00019257556986320717,590000.0
10647619,1,0.0,1.0,0.0,1.0,0.0,0.0,0.0,0.0,0.0,0.0,0.0,0.0,0.0,0.0,0.0,0.0,1.0,0.0,0.15306122448979595,0.1818181818181818,0.09090909090909091,0.0,0.1111111111111111,2,2,0,1,0,0,1,0,0.016,0.0,0.0,479000.0
10647617,1,0.0,1.0,0.0,1.0,0.0,0.0,0.0,0.0,0.0,0.0,0.0,0.0,0.0,0.0,0.0,0.0,1.0,0.0,0.4020408163265306,0.2727272727272727,0.18181818181818182,0.0,0.0,0,5,0,1,0,0,0,1,0.0,0.0,0.0,1080000.0
10647620,1,0.0,1.0,0.0,1.0,0.0,0.0,0.0,0.0,0.0,0.0,0.0,0.0,0.0,0.0,0.0,0.0,1.0,0.0,0.1479591836734694,0.1818181818181818,0.18181818181818182,0.0,0.16666666666666666,2,3,0,0,0,0,1,1,0.065,0.27,0.00020266286161794658,625000.0
10647624,1,0.0,1.0,0.0,0.0,0.0,1.0,0.0,0.0,0.0,0.0,0.0,0.0,0.0,0.0,0.0,0.0,0.0,1.0,0.06938775510204082,0.2727272727272727,0.09090909090909091,0.0,0.05555555555555555,4,6,0,1,0,0,1,1,0.0,0.0,0.0004401727311159021,198000.0
10647629,1,0.0,1.0,0.0,0.0,0.0,0.0,0.0,0.0,1.0,0.0,0.0,0.0,0.0,0.0,0.0,0.0,0.0,1.0,0.026530612244897965,0.09090909090909091,0.09090909090909091,0.0,0.05555555555555555,1,3,0,1,0,0,0,0,0.0,0.0,0.00018707341072425837,174000.0
10647628,1,0.0,1.0,0.0,0.0,0.0,0.0,0.0,0.0,1.0,0.0,0.0,0.0,0.0,0.0,0.0,0.0,0.0,1.0,0.034693877551020415,0.09090909090909091,0.09090909090909091,0.0,0.05555555555555555,2,3,0,1,0,0,0,0,0.0,0.0,0.00018707341072425837,199000.0
10647627,1,0.0,1.0,0.0,0.0,0.0,0.0,0.0,0.0,1.0,0.0,0.0,0.0,0.0,0.0,0.0,0.0,0.0,1.0,0.4244897959183674,0.1818181818181818,0.09090909090909091,0.0,0.1111111111111111,1,2,0,1,0,0,1,1,1.0,0.36,0.001119689384776076,625000.0
10647632,0,0.0,1.0,0.0,1.0,0.0,0.0,0.0,0.0,0.0,0.0,0.0,0.0,0.0,0.0,0.0,0.0,0.0,1.0,0.08877551020408164,0.09090909090909091,0.09090909090909091,0.0,0.05555555555555555,3,1,1,1,0,0,0,1,0.0,0.0,0.0,285000.0
10647633,0,1.0,0.0,0.0,0.0,1.0,0.0,0.0,0.0,0.0,0.0,0.0,0.0,0.0,0.0,0.0,0.0,1.0,0.0,0.0816326530612245,0.09090909090909091,0.09090909090909091,0.0,0.05555555555555555,1,3,0,1,0,0,0,1,0.0,0.15,0.0,450000.0
10647631,1,0.0,1.0,0.0,0.0,0.0,0.0,0.0,0.0,1.0,0.0,0.0,0.0,0.0,0.0,0.0,0.0,0.0,1.0,0.04591836734693878,0.09090909090909091,0.09090909090909091,0.0,0.05555555555555555,2,3,0,1,0,0,0,0,0.0,0.0,0.00018707341072425837,149000.0
10647638,1,0.0,1.0,0.0,0.0,0.0,0.0,0.0,0.0,0.0,0.0,0.0,0.0,0.0,1.0,0.0,0.0,0.0,1.0,0.07142857142857142,0.09090909090909091,0.09090909090909091,0.0,0.05555555555555555,0,6,0,1,0,0,0,1,0.0,0.0,0.0002475971612526949,125000.0
10647647,1,0.0,1.0,0.0,0.0,0.0,0.0,0.0,0.0,0.0,0.0,0.0,0.0,0.0,1.0,0.0,0.0,0.0,1.0,0.15918367346938778,0.2727272727272727,0.09090909090909091,0.0,0.1111111111111111,3,0,0,1,0,0,0,0,0.0,0.0,0.0005364605160475056,485000.0
10647645,1,0.0,1.0,0.0,0.0,0.0,0.0,0.0,0.0,0.0,0.0,0.0,0.0,0.0,1.0,0.0,0.0,0.0,1.0,0.30612244897959184,0.1818181818181818,0.18181818181818182,0.0,0.0,3,0,0,1,0,0,0,1,0.0,0.0,0.00017882017201583522,275000.0
10647649,0,0.0,1.0,0.0,0.0,0.0,0.0,0.0,0.0,0.0,0.0,0.0,0.0,0.0,1.0,0.0,0.0,0.0,1.0,0.4285714285714286,0.1818181818181818,0.0,0.0,0.0,2,0,0,1,0,0,0,1,0.0,0.0,0.0,535000.0
10647660,1,0.0,1.0,0.0,0.0,0.0,0.0,0.0,0.0,0.0,0.0,0.0,0.0,0.0,1.0,0.0,0.0,0.0,1.0,0.3112244897959184,0.1818181818181818,0.18181818181818182,0.0,0.0,3,0,0,1,0,0,0,1,0.0,0.0,0.0009436202923297151,275000.0
10647651,1,0.0,1.0,0.0,0.0,0.0,0.0,0.0,0.0,0.0,0.0,0.0,0.0,0.0,1.0,0.0,0.0,0.0,1.0,0.30612244897959184,0.1818181818181818,0.18181818181818182,0.0,0.0,3,0,0,1,0,0,0,1,0.0,0.0,0.00017882017201583522,275000.0
10647653,1,0.0,1.0,0.0,0.0,0.0,0.0,0.0,0.0,0.0,0.0,0.0,0.0,0.0,1.0,0.0,0.0,0.0,1.0,0.4285714285714286,0.1818181818181818,0.0,0.0,0.0,2,0,0,1,0,0,0,1,0.0,0.0,0.00030536983221165706,535000.0
10647693,0,0.0,1.0,0.0,1.0,0.0,0.0,0.0,0.0,0.0,0.0,0.0,0.0,0.0,0.0,0.0,0.0,0.0,1.0,0.06122448979591837,0.09090909090909091,0.09090909090909091,0.0,0.05555555555555555,3,2,1,1,0,0,1,1,0.0,0.15,0.0,179000.0
10647690,1,0.0,1.0,0.0,1.0,0.0,0.0,0.0,0.0,0.0,0.0,0.0,0.0,0.0,0.0,0.0,0.0,0.0,1.0,0.14183673469387756,0.09090909090909091,0.09090909090909091,0.07142857142857142,0.1111111111111111,3,2,0,1,0,0,1,1,0.0,0.0,0.0001751520659232027,379000.0
10647695,0,0.0,1.0,0.0,1.0,0.0,0.0,0.0,0.0,0.0,0.0,0.0,0.0,0.0,0.0,1.0,0.0,0.0,0.0,0.0816326530612245,0.09090909090909091,0.09090909090909091,0.0,0.05555555555555555,1,2,0,1,0,0,0,0,0.0,0.0,0.0,309000.0
10647697,1,0.0,1.0,0.0,1.0,0.0,0.0,0.0,0.0,0.0,0.0,0.0,0.0,0.0,0.0,0.0,0.0,0.0,1.0,0.06122448979591837,0.09090909090909091,0.09090909090909091,0.0,0.05555555555555555,3,2,1,1,0,0,1,1,0.0,0.15,0.0,179000.0
10647733,1,0.0,1.0,0.0,1.0,0.0,0.0,0.0,0.0,0.0,0.0,0.0,0.0,0.0,0.0,0.0,0.0,0.0,1.0,0.1326530612244898,0.1818181818181818,0.09090909090909091,0.0,0.0,0,4,0,1,0,0,1,1,0.0,0.0,0.00042366625369905575,399500.0
10647709,0,0.0,1.0,0.0,1.0,0.0,0.0,0.0,0.0,0.0,0.0,0.0,0.0,0.0,0.0,0.0,0.0,0.0,1.0,0.06632653061224492,0.09090909090909091,0.09090909090909091,0.0,0.05555555555555555,0,0,1,1,0,0,1,0,0.092,0.0,0.0,340000.0
10647734,1,0.0,1.0,0.0,0.0,0.0,0.0,0.0,0.0,0.0,0.0,0.0,0.0,0.0,1.0,0.0,0.0,0.0,1.0,0.13775510204081634,0.1818181818181818,0.09090909090909091,0.07142857142857142,0.1111111111111111,1,0,0,0,0,1,1,0,0.0,0.0,0.00014213911108951004,234000.0
10647738,1,0.0,0.0,1.0,0.0,0.0,0.0,0.0,0.0,0.0,0.0,0.0,1.0,0.0,0.0,0.0,0.0,0.0,1.0,0.18673469387755104,0.2727272727272727,0.0,0.07142857142857142,0.1111111111111111,3,4,0,1,0,0,0,0,0.0,0.0,0.00021458420641900226,240000.0
10647736,1,0.0,0.0,1.0,0.0,0.0,0.0,0.0,0.0,0.0,1.0,0.0,0.0,0.0,0.0,0.0,1.0,0.0,0.0,0.3469387755102041,0.6363636363636364,0.36363636363636365,0.0,0.2222222222222222,3,3,0,1,0,0,0,1,0.0,0.0,0.00027052282433164817,649000.0
10647739,1,0.0,0.0,1.0,0.0,0.0,0.0,0.0,0.0,0.0,0.0,0.0,1.0,0.0,0.0,0.0,0.0,0.0,1.0,0.1836734693877551,0.1818181818181818,0.09090909090909091,0.07142857142857142,0.1111111111111111,1,5,0,1,0,0,0,0,0.0,0.0,0.0020541394118742096,398000.0
10647741,1,0.0,1.0,0.0,1.0,0.0,0.0,0.0,0.0,0.0,0.0,0.0,0.0,0.0,0.0,0.0,0.0,0.0,1.0,0.1459183673469388,0.36363636363636365,0.09090909090909091,0.0,0.05555555555555555,3,4,0,1,0,0,0,1,0.0,0.0,0.0001375539784737194,295000.0
10647743,0,0.0,0.0,1.0,0.0,0.0,0.0,0.0,0.0,0.0,1.0,0.0,0.0,0.0,0.0,0.0,0.0,0.0,1.0,0.08979591836734696,0.1818181818181818,0.09090909090909091,0.07142857142857142,0.05555555555555555,3,2,0,1,0,0,0,0,0.0,0.0,0.0,230000.0
10647745,0,0.0,1.0,0.0,1.0,0.0,0.0,0.0,0.0,0.0,0.0,0.0,0.0,0.0,0.0,0.0,1.0,0.0,0.0,0.059183673469387764,0.0,0.09090909090909091,0.0,0.1111111111111111,3,2,0,1,0,0,1,1,0.07200000000000001,0.0,0.0,265000.0
10647750,1,0.0,1.0,0.0,0.0,0.0,0.0,0.0,0.0,0.0,0.0,0.0,0.0,0.0,1.0,0.0,0.0,1.0,0.0,0.15816326530612246,0.1818181818181818,0.0,0.0,0.0,1,0,0,0,0,0,0,1,0.0,0.0,0.0002567674264842762,385000.0
10647753,1,0.0,1.0,0.0,1.0,0.0,0.0,0.0,0.0,0.0,0.0,0.0,0.0,0.0,0.0,0.0,0.0,0.0,1.0,0.1806122448979592,0.2727272727272727,0.09090909090909091,0.0,0.1111111111111111,3,2,0,0,0,0,0,0,0.0,0.0,0.0001375539784737194,375000.0
10647747,0,0.0,1.0,0.0,0.0,0.0,0.0,1.0,0.0,0.0,0.0,0.0,0.0,0.0,0.0,0.0,0.0,0.0,1.0,0.07857142857142857,0.09090909090909091,0.0,0.0,0.0,0,2,0,1,0,0,0,0,0.0,0.0,0.0,239000.0
10647757,0,0.0,1.0,0.0,1.0,0.0,0.0,0.0,0.0,0.0,0.0,0.0,0.0,0.0,0.0,1.0,0.0,0.0,0.0,0.176530612244898,0.0,0.09090909090909091,0.0,0.0,3,3,0,1,0,0,0,0,0.0,0.0,0.0,550000.0
10647758,1,0.0,1.0,0.0,0.0,0.0,1.0,0.0,0.0,0.0,0.0,0.0,0.0,0.0,0.0,0.0,0.0,1.0,0.0,0.15306122448979595,0.1818181818181818,0.09090909090909091,0.0,0.05555555555555555,4,6,0,1,0,0,0,0,0.0,0.0,0.0006740144945212251,359000.0
10647763,1,0.0,1.0,0.0,1.0,0.0,0.0,0.0,0.0,0.0,0.0,0.0,0.0,0.0,0.0,0.0,0.0,0.0,1.0,0.12244897959183676,0.2727272727272727,0.09090909090909091,0.0,0.0,4,6,0,1,0,0,1,0,0.15,0.0,0.00029161443436428514,429000.0
10647767,1,0.0,1.0,0.0,1.0,0.0,0.0,0.0,0.0,0.0,0.0,0.0,0.0,0.0,0.0,0.0,0.0,0.0,1.0,0.14081632653061227,0.09090909090909091,0.09090909090909091,0.0,0.05555555555555555,3,3,0,1,0,0,1,0,0.0,0.0,0.00015956261502951451,340000.0
10647768,0,0.0,1.0,0.0,1.0,0.0,0.0,0.0,0.0,0.0,0.0,0.0,0.0,0.0,0.0,0.0,0.0,0.0,1.0,0.059183673469387764,0.09090909090909091,0.09090909090909091,0.0,0.05555555555555555,3,3,0,1,0,0,0,0,0.0,0.0,0.0,199500.0
10647773,1,0.0,1.0,0.0,0.0,0.0,1.0,0.0,0.0,0.0,0.0,0.0,0.0,0.0,0.0,0.0,0.0,0.0,1.0,0.23469387755102042,0.1818181818181818,0.09090909090909091,0.0,0.1111111111111111,3,0,0,1,0,0,0,0,0.0,0.0,0.0013847100499687754,349000.0
10647769,1,0.0,1.0,0.0,1.0,0.0,0.0,0.0,0.0,0.0,0.0,0.0,0.0,0.0,0.0,0.0,0.0,0.0,1.0,0.27346938775510204,0.36363636363636365,0.18181818181818182,0.0,0.2222222222222222,5,6,0,1,0,0,1,0,0.0,0.0,0.0009206946292507619,449000.0
10647772,1,0.0,1.0,0.0,1.0,0.0,0.0,0.0,0.0,0.0,0.0,0.0,0.0,0.0,0.0,0.0,1.0,0.0,0.0,0.20204081632653065,0.1818181818181818,0.09090909090909091,0.0,0.1111111111111111,3,4,0,1,0,0,1,0,0.0,0.0,0.00037139574187904236,439000.0
10647776,1,0.0,1.0,0.0,0.0,0.0,1.0,0.0,0.0,0.0,0.0,0.0,0.0,0.0,0.0,0.0,0.0,1.0,0.0,0.10714285714285715,0.1818181818181818,0.09090909090909091,0.0,0.05555555555555555,4,3,0,1,0,0,0,1,0.0,0.0,0.0001375539784737194,180000.0
10647807,1,0.0,1.0,0.0,0.0,0.0,0.0,0.0,0.0,0.0,0.0,0.0,0.0,0.0,1.0,0.0,0.0,1.0,0.0,0.1642857142857143,0.1818181818181818,0.09090909090909091,0.0,0.1111111111111111,3,5,0,0,0,0,1,1,0.0,0.0,0.0005153689060148687,399500.0
10647808,1,0.0,1.0,0.0,0.0,0.0,0.0,0.0,0.0,0.0,0.0,0.0,0.0,0.0,1.0,0.0,0.0,0.0,1.0,0.17346938775510207,0.1818181818181818,0.09090909090909091,0.0,0.05555555555555555,0,6,0,0,0,0,1,0,0.29,0.0,0.0005538840199875102,200000.0
10647811,1,0.0,1.0,0.0,0.0,0.0,0.0,0.0,0.0,1.0,0.0,0.0,0.0,0.0,0.0,0.0,0.0,0.0,1.0,0.18979591836734697,0.2727272727272727,0.09090909090909091,0.0,0.05555555555555555,0,6,0,0,0,0,1,1,0.305,0.0,0.0004988624285980224,195000.0
10647812,0,0.0,1.0,0.0,0.0,0.0,0.0,0.0,0.0,0.0,0.0,0.0,0.0,0.0,1.0,0.0,0.0,0.0,1.0,0.01938775510204082,0.0,0.09090909090909091,0.0,0.05555555555555555,3,4,1,0,0,0,0,0,0.0,0.0,0.0,114500.0
10647809,1,0.0,1.0,0.0,0.0,0.0,0.0,0.0,0.0,0.0,0.0,0.0,0.0,0.0,1.0,0.0,0.0,0.0,1.0,0.10204081632653061,0.09090909090909091,0.09090909090909091,0.0,0.05555555555555555,0,6,0,0,0,0,0,0,0.0,0.0,3.4847007880008915e-05,110000.0
10647817,1,0.0,1.0,0.0,0.0,0.0,0.0,0.0,0.0,0.0,0.0,0.0,0.0,0.0,1.0,0.0,0.0,0.0,1.0,0.1836734693877551,0.2727272727272727,0.09090909090909091,0.0,0.1111111111111111,3,5,0,1,0,0,1,0,0.0,0.0,0.0007950619955780982,695000.0
10647814,1,0.0,1.0,0.0,0.0,0.0,0.0,0.0,0.0,0.0,0.0,0.0,0.0,0.0,1.0,0.0,0.0,0.0,1.0,0.11938775510204083,0.2727272727272727,0.18181818181818182,0.0,0.0,0,2,0,0,0,0,1,0,0.0,0.0,0.00029161443436428514,399000.0
10647813,0,0.0,1.0,0.0,0.0,0.0,0.0,0.0,0.0,0.0,0.0,0.0,0.0,0.0,1.0,0.0,0.0,0.0,1.0,0.028571428571428574,0.09090909090909091,0.09090909090909091,0.0,0.05555555555555555,3,5,0,0,0,0,0,0,0.0,0.0,0.0,105000.0
10647816,1,0.0,1.0,0.0,0.0,0.0,0.0,0.0,0.0,0.0,0.0,0.0,0.0,0.0,1.0,1.0,0.0,0.0,0.0,0.16632653061224492,0.1818181818181818,0.09090909090909091,0.0,0.1111111111111111,3,2,0,0,0,0,1,0,0.0,0.0,0.0003594743970779867,420000.0
10647821,1,0.0,1.0,0.0,0.0,0.0,0.0,1.0,0.0,0.0,0.0,0.0,0.0,0.0,0.0,0.0,0.0,1.0,0.0,0.20408163265306126,0.2727272727272727,0.18181818181818182,0.0,0.1111111111111111,0,2,0,0,0,0,0,0,0.0,0.0,0.0,389000.0
10647815,1,0.0,1.0,0.0,0.0,0.0,0.0,1.0,0.0,0.0,0.0,0.0,0.0,0.0,0.0,0.0,0.0,0.0,1.0,0.2530612244897959,0.2727272727272727,0.2727272727272727,0.0,0.16666666666666666,0,2,0,0,1,0,1,1,0.0,0.0,0.002884048415332317,1445000.0
10647822,1,0.0,1.0,0.0,0.0,0.0,0.0,0.0,0.0,1.0,0.0,0.0,0.0,0.0,0.0,0.0,0.0,0.0,1.0,0.2857142857142857,0.1818181818181818,0.09090909090909091,0.0,0.0,5,6,0,0,0,0,0,0,0.0,0.0,0.05203300195051542,1390000.0
10647824,1,0.0,1.0,0.0,0.0,0.0,1.0,0.0,0.0,0.0,0.0,0.0,0.0,0.0,0.0,0.0,1.0,0.0,0.0,0.12244897959183676,0.09090909090909091,0.09090909090909091,0.0,0.05555555555555555,3,6,0,0,0,0,1,0,0.0,0.0,0.0006107396644233141,299000.0
10516761,1,0.0,1.0,0.0,0.0,0.0,1.0,0.0,0.0,0.0,0.0,0.0,0.0,0.0,0.0,0.0,0.0,0.0,1.0,0.11224489795918369,0.1818181818181818,0.0,0.0,0.05555555555555555,5,6,0,0,0,0,0,1,0.0,0.0,0.0008785114091854879,279000.0
10647834,0,0.0,1.0,0.0,0.0,0.0,0.0,0.0,0.0,1.0,0.0,0.0,0.0,0.0,0.0,0.0,0.0,0.0,1.0,0.15306122448979595,0.1818181818181818,0.18181818181818182,0.0,0.1111111111111111,3,3,0,0,0,0,0,0,0.0,0.0,0.0,267000.0
10647838,1,0.0,1.0,0.0,1.0,0.0,0.0,0.0,0.0,0.0,0.0,0.0,0.0,0.0,0.0,0.0,0.0,0.0,1.0,0.14183673469387756,0.1818181818181818,0.09090909090909091,0.0,0.1111111111111111,5,6,0,1,0,0,0,0,0.0,0.0,0.00031454009744323835,249000.0
10647851,1,0.0,1.0,0.0,0.0,0.0,0.0,0.0,0.0,0.0,0.0,0.0,0.0,0.0,1.0,0.0,0.0,0.0,1.0,0.14489795918367349,0.36363636363636365,0.09090909090909091,0.0,0.05555555555555555,3,5,0,0,0,0,1,0,0.0,0.0,0.0002751079569474388,230000.0
10647837,1,0.0,1.0,0.0,0.0,0.0,1.0,0.0,0.0,0.0,0.0,0.0,0.0,0.0,0.0,1.0,0.0,0.0,0.0,0.0816326530612245,0.09090909090909091,0.09090909090909091,0.07142857142857142,0.05555555555555555,2,2,0,1,0,0,0,1,0.0,0.1,4.585132615790647e-05,349000.0
10647858,0,1.0,0.0,0.0,0.0,1.0,0.0,0.0,0.0,0.0,0.0,0.0,0.0,0.0,0.0,0.0,0.0,0.0,1.0,0.03571428571428572,0.0,0.09090909090909091,0.0,0.05555555555555555,1,2,1,1,0,0,0,1,0.0,0.0,0.0,270000.0
10647854,1,0.0,1.0,0.0,0.0,0.0,1.0,0.0,0.0,0.0,0.0,0.0,0.0,0.0,0.0,0.0,0.0,0.0,1.0,0.22448979591836737,0.36363636363636365,0.18181818181818182,0.0,0.1111111111111111,0,3,0,0,0,0,1,0,0.75,0.0,0.0010087291754739423,1145000.0
10647850,0,0.0,1.0,0.0,0.0,0.0,0.0,0.0,0.0,0.0,0.0,0.0,0.0,0.0,1.0,0.0,0.0,0.0,1.0,0.07040816326530613,0.09090909090909091,0.0,0.0,0.0,0,2,1,0,0,0,1,0,0.0,0.0,0.0,159000.0
10647862,1,0.0,1.0,0.0,0.0,0.0,0.0,1.0,0.0,0.0,0.0,0.0,0.0,0.0,0.0,0.0,0.0,0.0,1.0,0.19897959183673472,0.36363636363636365,0.09090909090909091,0.07142857142857142,0.1111111111111111,0,1,0,1,0,0,1,1,0.0,0.2,0.0003998235640969444,697000.0
10647869,1,0.0,0.0,1.0,0.0,0.0,0.0,0.0,0.0,0.0,1.0,0.0,0.0,0.0,0.0,0.0,0.0,1.0,0.0,0.1836734693877551,0.36363636363636365,0.09090909090909091,0.0,0.0,2,7,0,1,0,0,1,0,0.775,0.0,0.0007106955554475503,225000.0
10647870,1,0.0,1.0,0.0,0.0,0.0,0.0,1.0,0.0,0.0,0.0,0.0,0.0,0.0,0.0,0.0,0.0,0.0,1.0,0.2683673469387755,0.4545454545454545,0.2727272727272727,0.0,0.2222222222222222,3,3,0,1,0,0,0,1,0.0,0.51,0.13571992542740313,885000.0
10647867,1,0.0,0.0,1.0,0.0,0.0,0.0,0.0,0.0,0.0,0.0,0.0,0.0,1.0,0.0,0.0,0.0,0.0,1.0,0.10918367346938776,0.2727272727272727,0.09090909090909091,0.0,0.05555555555555555,0,6,0,1,0,0,1,0,0.0,0.0,0.0002723568773779644,345000.0
10647874,0,0.0,1.0,0.0,0.0,0.0,0.0,0.0,0.0,1.0,0.0,0.0,0.0,0.0,0.0,0.0,0.0,0.0,1.0,0.04489795918367347,0.0,0.09090909090909091,0.0,0.05555555555555555,1,2,0,0,0,0,0,1,0.0,0.14,0.0,215000.0
10647871,1,0.0,1.0,0.0,0.0,0.0,0.0,1.0,0.0,0.0,0.0,0.0,0.0,0.0,0.0,0.0,0.0,0.0,1.0,0.19387755102040818,0.2727272727272727,0.09090909090909091,0.0,0.1111111111111111,5,4,0,1,0,0,1,1,0.0,0.35000000000000003,0.0030096810490049804,525000.0
10647881,1,0.0,1.0,0.0,0.0,0.0,0.0,1.0,0.0,0.0,0.0,0.0,0.0,0.0,0.0,0.0,0.0,0.0,1.0,0.12244897959183676,0.09090909090909091,0.09090909090909091,0.0,0.0,2,3,0,1,0,1,0,0,0.0,0.0,0.0007336212185265035,435000.0
10647885,1,0.0,0.0,1.0,0.0,0.0,0.0,0.0,0.0,0.0,1.0,0.0,0.0,0.0,0.0,0.0,1.0,0.0,0.0,0.17551020408163268,0.36363636363636365,0.09090909090909091,0.0,0.1111111111111111,5,5,0,1,0,0,1,1,0.0,0.0,0.000545630781279087,299000.0
10516816,1,0.0,1.0,0.0,1.0,0.0,0.0,0.0,0.0,0.0,0.0,0.0,0.0,0.0,0.0,0.0,0.0,0.0,1.0,0.10306122448979593,0.1818181818181818,0.09090909090909091,0.0,0.05555555555555555,5,6,0,0,0,0,1,0,0.037,0.0,0.0002063309677105791,250000.0
10647890,1,0.0,1.0,0.0,0.0,0.0,1.0,0.0,0.0,0.0,0.0,0.0,0.0,0.0,0.0,0.0,1.0,0.0,0.0,0.06224489795918368,0.09090909090909091,0.09090909090909091,0.0,0.05555555555555555,1,0,0,0,0,0,1,1,0.04,0.14,0.00012930073976529625,329000.0
10647891,1,0.0,1.0,0.0,0.0,0.0,1.0,0.0,0.0,0.0,0.0,0.0,0.0,0.0,0.0,0.0,0.0,0.0,1.0,0.11224489795918369,0.09090909090909091,0.09090909090909091,0.0,0.0,3,3,0,0,0,0,1,1,0.056,0.0,0.00016506477416846328,258000.0
10647889,1,0.0,1.0,0.0,0.0,0.0,0.0,1.0,0.0,0.0,0.0,0.0,0.0,0.0,0.0,0.0,0.0,0.0,1.0,0.12244897959183676,0.2727272727272727,0.0,0.07142857142857142,0.1111111111111111,4,6,0,1,0,0,0,1,0.0,0.28,8.711751970002229e-05,375000.0
10647894,0,0.0,1.0,0.0,0.0,0.0,1.0,0.0,0.0,0.0,0.0,0.0,0.0,0.0,0.0,0.0,1.0,0.0,0.0,0.07448979591836735,0.09090909090909091,0.0,0.0,0.0,0,0,1,1,0,0,0,1,0.0,0.14,0.0,317247.0
10647896,0,0.0,1.0,0.0,0.0,0.0,1.0,0.0,0.0,0.0,0.0,0.0,0.0,0.0,0.0,0.0,1.0,0.0,0.0,0.0816326530612245,0.09090909090909091,0.0,0.0,0.0,0,0,1,1,0,0,0,1,0.0,0.14,0.0,340752.0
10647897,0,0.0,1.0,0.0,0.0,0.0,1.0,0.0,0.0,0.0,0.0,0.0,0.0,0.0,0.0,0.0,1.0,0.0,0.0,0.06122448979591837,0.09090909090909091,0.09090909090909091,0.0,0.0,0,0,1,1,0,0,0,1,0.0,0.14,0.0,317247.0
10647893,0,0.0,1.0,0.0,0.0,0.0,1.0,0.0,0.0,0.0,0.0,0.0,0.0,0.0,0.0,0.0,1.0,0.0,0.0,0.0816326530612245,0.09090909090909091,0.09090909090909091,0.0,0.0,0,0,1,1,0,0,0,1,0.0,0.14,0.0,340752.0
10647899,0,0.0,1.0,0.0,0.0,0.0,1.0,0.0,0.0,0.0,0.0,0.0,0.0,0.0,0.0,0.0,1.0,0.0,0.0,0.07755102040816328,0.09090909090909091,0.09090909090909091,0.0,0.0,0,0,1,1,0,0,0,1,0.0,0.14,0.0,323117.0
10647902,0,0.0,1.0,0.0,0.0,0.0,1.0,0.0,0.0,0.0,0.0,0.0,0.0,0.0,0.0,0.0,1.0,0.0,0.0,0.0816326530612245,0.09090909090909091,0.0,0.0,0.0,0,0,1,1,0,0,0,1,0.0,0.14,0.0,341351.0
10647903,0,0.0,1.0,0.0,0.0,0.0,1.0,0.0,0.0,0.0,0.0,0.0,0.0,0.0,0.0,0.0,1.0,0.0,0.0,0.07448979591836735,0.09090909090909091,0.0,0.0,0.0,0,0,1,1,0,0,0,1,0.0,0.14,0.0,317216.0
10647900,0,0.0,1.0,0.0,0.0,0.0,1.0,0.0,0.0,0.0,0.0,0.0,0.0,0.0,0.0,0.0,1.0,0.0,0.0,0.10204081632653061,0.1818181818181818,0.09090909090909091,0.0,0.0,0,0,1,1,0,0,0,1,0.0,0.09,0.0,402948.0
10647905,0,0.0,1.0,0.0,0.0,0.0,1.0,0.0,0.0,0.0,0.0,0.0,0.0,0.0,0.0,0.0,1.0,0.0,0.0,0.10204081632653061,0.1818181818181818,0.0,0.0,0.0,0,0,1,1,0,0,0,1,0.0,0.35000000000000003,0.0,402948.0
10647912,1,0.0,1.0,0.0,0.0,0.0,1.0,0.0,0.0,0.0,0.0,0.0,0.0,0.0,0.0,0.0,0.0,0.0,1.0,0.09387755102040818,0.1818181818181818,0.09090909090909091,0.0,0.0,3,0,0,0,0,0,1,0,0.012,0.0,0.00011371128887160804,255000.0
10647908,1,0.0,1.0,0.0,0.0,0.0,0.0,1.0,0.0,0.0,0.0,0.0,0.0,0.0,0.0,0.0,0.0,0.0,1.0,0.1836734693877551,0.1818181818181818,0.09090909090909091,0.0,0.1111111111111111,2,3,0,1,0,0,1,1,1.0,0.2,0.0012003877188139912,595000.0
10647904,0,0.0,1.0,0.0,0.0,0.0,1.0,0.0,0.0,0.0,0.0,0.0,0.0,0.0,0.0,0.0,1.0,0.0,0.0,0.07755102040816328,0.09090909090909091,0.0,0.0,0.0,0,0,1,1,0,0,0,1,0.0,0.14,0.0,328117.0
10647919,1,0.0,1.0,0.0,1.0,0.0,0.0,0.0,0.0,0.0,0.0,0.0,0.0,0.0,0.0,0.0,0.0,0.0,1.0,0.10204081632653061,0.1818181818181818,0.09090909090909091,0.0,0.1111111111111111,0,0,0,1,0,0,1,1,0.0,0.0,0.0,385000.0
10647915,1,0.0,1.0,0.0,0.0,0.0,0.0,0.0,0.0,1.0,0.0,0.0,0.0,0.0,0.0,0.0,0.0,1.0,0.0,0.22244897959183677,0.4545454545454545,0.09090909090909091,0.0,0.1111111111111111,3,2,0,1,0,0,0,0,0.0,0.0,0.0005153689060148687,489000.0
10647923,1,0.0,1.0,0.0,1.0,0.0,0.0,0.0,0.0,0.0,0.0,0.0,0.0,0.0,0.0,0.0,0.0,0.0,1.0,0.10612244897959186,0.1818181818181818,0.09090909090909091,0.0,0.1111111111111111,0,0,0,1,0,0,1,1,0.0,0.0,0.0,395000.0
10647922,1,0.0,1.0,0.0,1.0,0.0,0.0,0.0,0.0,0.0,0.0,0.0,0.0,0.0,0.0,0.0,0.0,0.0,1.0,0.12551020408163266,0.1818181818181818,0.09090909090909091,0.0,0.1111111111111111,0,0,0,1,0,0,1,1,0.0,0.0,0.0,398000.0
10647920,1,0.0,1.0,0.0,1.0,0.0,0.0,0.0,0.0,0.0,0.0,0.0,0.0,0.0,0.0,0.0,0.0,0.0,1.0,0.11530612244897961,0.1818181818181818,0.09090909090909091,0.0,0.1111111111111111,0,0,0,1,0,0,1,1,0.0,0.0,0.0,392000.0
10647924,1,0.0,1.0,0.0,1.0,0.0,0.0,0.0,0.0,0.0,0.0,0.0,0.0,0.0,0.0,0.0,0.0,0.0,1.0,0.10306122448979593,0.1818181818181818,0.09090909090909091,0.0,0.1111111111111111,0,0,0,1,0,0,1,1,0.0,0.0,0.0,380000.0
10647947,0,0.0,1.0,0.0,0.0,0.0,0.0,0.0,0.0,1.0,0.0,0.0,0.0,0.0,0.0,0.0,0.0,0.0,1.0,0.059183673469387764,0.09090909090909091,0.09090909090909091,0.0,0.05555555555555555,0,2,1,1,0,0,0,1,0.0,0.5,0.0,215000.0
10647944,0,1.0,0.0,0.0,0.0,1.0,0.0,0.0,0.0,0.0,0.0,0.0,0.0,0.0,0.0,0.0,0.0,0.0,1.0,0.025510204081632654,0.0,0.0,0.07142857142857142,0.05555555555555555,0,6,0,1,0,0,0,1,0.0,0.2,0.0,285000.0
10647943,1,0.0,1.0,0.0,1.0,0.0,0.0,0.0,0.0,0.0,0.0,0.0,0.0,0.0,0.0,0.0,0.0,0.0,1.0,0.3183673469387755,0.4545454545454545,0.18181818181818182,0.0,0.1111111111111111,3,3,0,1,0,0,1,1,0.0,0.0,0.0,995000.0
10385794,1,0.0,0.0,1.0,0.0,0.0,0.0,0.0,1.0,0.0,0.0,0.0,0.0,0.0,0.0,0.0,0.0,1.0,0.0,0.3479591836734694,0.7272727272727273,0.18181818181818182,0.14285714285714285,0.2222222222222222,3,4,0,1,0,0,1,0,0.0,0.0,0.0016845777230414835,650000.0
10647952,0,1.0,0.0,0.0,0.0,1.0,0.0,0.0,0.0,0.0,0.0,0.0,0.0,0.0,0.0,0.0,1.0,0.0,0.0,0.11530612244897961,0.1818181818181818,0.09090909090909091,0.07142857142857142,0.1111111111111111,3,4,1,1,0,0,0,1,0.0,0.84,0.0,450000.0
10647960,0,1.0,0.0,0.0,0.0,1.0,0.0,0.0,0.0,0.0,0.0,0.0,0.0,0.0,0.0,0.0,1.0,0.0,0.0,0.0816326530612245,0.1818181818181818,0.09090909090909091,0.0,0.05555555555555555,0,4,0,1,0,0,0,0,0.0,0.0,0.0,279000.0
10647963,0,1.0,0.0,0.0,0.0,1.0,0.0,0.0,0.0,0.0,0.0,0.0,0.0,0.0,0.0,0.0,1.0,0.0,0.0,0.05612244897959184,0.09090909090909091,0.09090909090909091,0.0,0.05555555555555555,0,4,0,1,0,0,0,1,0.0,0.09,0.0,270000.0
10647964,0,1.0,0.0,0.0,0.0,1.0,0.0,0.0,0.0,0.0,0.0,0.0,0.0,0.0,0.0,0.0,1.0,0.0,0.0,0.05612244897959184,0.09090909090909091,0.09090909090909091,0.0,0.05555555555555555,0,4,0,1,0,0,0,1,0.0,0.09,0.0,270000.0
10647965,0,0.0,1.0,0.0,0.0,0.0,0.0,0.0,0.0,0.0,0.0,0.0,0.0,0.0,1.0,0.0,0.0,1.0,0.0,0.10714285714285715,0.1818181818181818,0.09090909090909091,0.0,0.1111111111111111,3,3,1,0,0,0,0,0,0.0,0.0,0.0,349000.0
10647966,1,0.0,1.0,0.0,1.0,0.0,0.0,0.0,0.0,0.0,0.0,0.0,0.0,0.0,0.0,0.0,0.0,0.0,1.0,0.3010204081632653,0.2727272727272727,0.18181818181818182,0.07142857142857142,0.16666666666666666,2,0,0,0,0,0,1,1,0.0,0.16,0.00028886335479481076,449000.0
10647972,1,0.0,0.0,1.0,0.0,0.0,0.0,0.0,1.0,0.0,0.0,0.0,0.0,0.0,0.0,0.0,0.0,0.0,1.0,0.22448979591836737,0.1818181818181818,0.09090909090909091,0.0,0.05555555555555555,1,3,0,1,0,0,1,0,0.0,0.0,0.004111946929841052,399000.0
10647976,1,0.0,1.0,0.0,0.0,0.0,1.0,0.0,0.0,0.0,0.0,0.0,0.0,0.0,0.0,0.0,0.0,1.0,0.0,0.13775510204081634,0.2727272727272727,0.09090909090909091,0.0,0.05555555555555555,4,5,0,1,0,0,0,0,0.0,0.0,0.00010545805016318488,219000.0
10647979,1,0.0,1.0,0.0,0.0,0.0,0.0,0.0,0.0,0.0,0.0,0.0,0.0,0.0,1.0,0.0,0.0,0.0,1.0,0.2530612244897959,0.36363636363636365,0.09090909090909091,0.0,0.1111111111111111,3,3,0,1,0,0,0,1,0.0,0.0,0.0004190811210832651,419000.0
10385836,0,0.0,1.0,0.0,1.0,0.0,0.0,0.0,0.0,0.0,0.0,0.0,0.0,0.0,0.0,1.0,0.0,0.0,0.0,0.059183673469387764,0.0,0.09090909090909091,0.0,0.05555555555555555,1,1,1,0,0,0,0,1,0.0,0.14,0.0,369000.0
10647984,1,0.0,1.0,0.0,0.0,0.0,1.0,0.0,0.0,0.0,0.0,0.0,0.0,0.0,0.0,0.0,0.0,1.0,0.0,0.14285714285714288,0.1818181818181818,0.09090909090909091,0.0,0.1111111111111111,4,4,0,0,0,0,0,1,0.0,0.0,0.0005052816142601293,305000.0
10647985,1,0.0,1.0,0.0,0.0,0.0,1.0,0.0,0.0,0.0,0.0,0.0,0.0,0.0,0.0,0.0,0.0,1.0,0.0,0.14285714285714288,0.1818181818181818,0.09090909090909091,0.0,0.1111111111111111,4,4,0,0,0,0,0,1,0.0,0.0,0.0005052816142601293,305000.0
10647981,1,0.0,0.0,1.0,0.0,0.0,0.0,0.0,0.0,0.0,1.0,0.0,0.0,0.0,0.0,0.0,0.0,1.0,0.0,0.14285714285714288,0.2727272727272727,0.18181818181818182,0.0,0.1111111111111111,4,4,0,1,0,0,0,1,0.0,0.0,0.00013205181933477063,249000.0
10647983,0,0.0,1.0,0.0,0.0,0.0,0.0,0.0,0.0,0.0,0.0,0.0,0.0,0.0,1.0,0.0,0.0,1.0,0.0,0.07142857142857142,0.09090909090909091,0.09090909090909091,0.07142857142857142,0.05555555555555555,2,2,1,0,0,0,0,0,0.0,0.0,0.0,425000.0
10647986,1,0.0,1.0,0.0,0.0,0.0,0.0,1.0,0.0,0.0,0.0,0.0,0.0,0.0,0.0,0.0,0.0,0.0,1.0,0.16836734693877553,0.1818181818181818,0.09090909090909091,0.0,0.1111111111111111,0,0,0,1,0,0,1,1,0.25,0.21,0.0003750638479716749,435000.0
10647999,0,0.0,1.0,0.0,0.0,0.0,0.0,0.0,0.0,0.0,0.0,0.0,0.0,0.0,1.0,0.0,0.0,0.0,1.0,0.0653061224489796,0.09090909090909091,0.09090909090909091,0.0,0.05555555555555555,0,0,1,0,0,0,0,1,0.0,0.2,0.0,495000.0
10648007,0,0.0,0.0,1.0,0.0,0.0,0.0,0.0,0.0,0.0,1.0,0.0,0.0,0.0,0.0,1.0,0.0,0.0,0.0,0.2857142857142857,0.36363636363636365,0.18181818181818182,0.07142857142857142,0.16666666666666666,4,3,1,1,0,0,0,0,0.0,0.0,0.0,445000.0
10647997,0,0.0,1.0,0.0,0.0,0.0,1.0,0.0,0.0,0.0,0.0,0.0,0.0,0.0,0.0,0.0,0.0,0.0,1.0,0.08673469387755103,0.09090909090909091,0.09090909090909091,0.0,0.05555555555555555,2,2,1,0,0,0,1,0,1.0,0.0,0.0,269000.0
10648011,1,0.0,1.0,0.0,0.0,0.0,0.0,1.0,0.0,0.0,0.0,0.0,0.0,0.0,0.0,0.0,1.0,0.0,0.0,0.04591836734693878,0.0,0.09090909090909091,0.0,0.05555555555555555,0,6,0,1,0,0,0,1,0.0,0.0,0.0001687328802610958,225000.0
10648012,1,0.0,1.0,0.0,0.0,0.0,0.0,1.0,0.0,0.0,0.0,0.0,0.0,0.0,0.0,0.0,0.0,0.0,1.0,0.16632653061224492,0.1818181818181818,0.18181818181818182,0.0,0.1111111111111111,0,2,0,0,0,1,1,1,0.657,0.23,0.0007216998737254478,446000.0
10648008,0,1.0,0.0,0.0,0.0,1.0,0.0,0.0,0.0,0.0,0.0,0.0,0.0,0.0,0.0,0.0,1.0,0.0,0.0,0.0816326530612245,0.09090909090909091,0.09090909090909091,0.07142857142857142,0.0,3,5,1,0,0,0,0,0,0.0,0.0,0.0,255000.0
10648013,1,0.0,1.0,0.0,0.0,0.0,1.0,0.0,0.0,0.0,0.0,0.0,0.0,0.0,0.0,0.0,0.0,0.0,1.0,0.0816326530612245,0.09090909090909091,0.09090909090909091,0.0,0.05555555555555555,2,2,0,0,0,0,1,1,0.3,0.16,0.0004108278823748419,239000.0
10648015,0,0.0,1.0,0.0,1.0,0.0,0.0,0.0,0.0,0.0,0.0,0.0,0.0,0.0,0.0,1.0,0.0,0.0,0.0,0.08265306122448982,0.09090909090909091,0.09090909090909091,0.0,0.05555555555555555,0,2,0,1,0,0,0,1,0.0,0.03,0.0,379000.0
10648018,0,0.0,1.0,0.0,1.0,0.0,0.0,0.0,0.0,0.0,0.0,0.0,0.0,0.0,0.0,0.0,0.0,0.0,1.0,0.07448979591836735,0.09090909090909091,0.09090909090909091,0.0,0.05555555555555555,3,2,0,1,0,0,0,1,0.0,0.03,0.0,229000.0
10648014,1,1.0,0.0,0.0,0.0,1.0,0.0,0.0,0.0,0.0,0.0,0.0,0.0,0.0,0.0,1.0,0.0,0.0,0.0,0.5571428571428572,0.5454545454545454,0.6363636363636364,0.0,0.38888888888888884,3,4,0,0,0,0,0,0,0.0,0.0,0.0,1900000.0
10648016,0,1.0,0.0,0.0,0.0,1.0,0.0,0.0,0.0,0.0,0.0,0.0,0.0,0.0,0.0,0.0,1.0,0.0,0.0,0.2693877551020408,0.1818181818181818,0.2727272727272727,0.0,0.16666666666666666,1,3,1,1,0,0,0,0,0.0,0.0,0.0,1400000.0
10648028,1,0.0,1.0,0.0,0.0,0.0,1.0,0.0,0.0,0.0,0.0,0.0,0.0,0.0,0.0,0.0,0.0,0.0,1.0,0.3010204081632653,0.36363636363636365,0.18181818181818182,0.0,0.1111111111111111,1,3,0,0,1,0,1,0,0.0,0.0,0.0006721804414749088,479000.0
10648029,1,0.0,1.0,0.0,0.0,0.0,0.0,0.0,0.0,0.0,0.0,0.0,0.0,0.0,1.0,0.0,0.0,0.0,1.0,0.09285714285714286,0.2727272727272727,0.18181818181818182,0.0,0.1111111111111111,3,2,0,1,0,0,0,0,0.0,0.0,0.0,425000.0
10648047,1,0.0,1.0,0.0,0.0,0.0,0.0,0.0,0.0,0.0,0.0,0.0,0.0,0.0,1.0,0.0,0.0,0.0,1.0,0.10408163265306122,0.1818181818181818,0.09090909090909091,0.0,0.05555555555555555,1,2,0,0,0,0,1,1,0.0,0.0,0.000134802898904245,320000.0
10648065,0,0.0,1.0,0.0,0.0,0.0,1.0,0.0,0.0,0.0,0.0,0.0,0.0,0.0,0.0,0.0,0.0,1.0,0.0,0.0653061224489796,0.0,0.09090909090909091,0.0,0.05555555555555555,0,1,1,0,0,0,0,0,0.0,0.0,0.0,378000.0
10648049,1,0.0,0.0,1.0,0.0,0.0,0.0,0.0,0.0,0.0,0.0,0.0,0.0,1.0,0.0,0.0,0.0,0.0,1.0,0.1275510204081633,0.1818181818181818,0.18181818181818182,0.0,0.1111111111111111,2,4,0,0,0,0,0,0,0.0,0.0,0.0008253238708423164,575000.0
10648075,0,0.0,1.0,0.0,0.0,0.0,1.0,0.0,0.0,0.0,0.0,0.0,0.0,0.0,0.0,0.0,0.0,1.0,0.0,0.08469387755102042,0.09090909090909091,0.09090909090909091,0.0,0.05555555555555555,0,0,1,0,0,0,1,1,0.0,0.09,0.0,339000.0
10648066,0,0.0,1.0,0.0,0.0,0.0,1.0,0.0,0.0,0.0,0.0,0.0,0.0,0.0,0.0,0.0,0.0,1.0,0.0,0.09693877551020408,0.09090909090909091,0.09090909090909091,0.0,0.05555555555555555,0,1,1,0,0,0,0,1,0.0,0.0,0.0,581620.0
10648068,1,0.0,1.0,0.0,0.0,0.0,1.0,0.0,0.0,0.0,0.0,0.0,0.0,0.0,0.0,0.0,0.0,0.0,1.0,0.17142857142857146,0.1818181818181818,0.18181818181818182,0.0,0.05555555555555555,5,6,0,0,0,0,1,0,0.0,0.0,0.0011215234378223922,265000.0
10648076,0,0.0,1.0,0.0,0.0,0.0,1.0,0.0,0.0,0.0,0.0,0.0,0.0,0.0,0.0,0.0,0.0,1.0,0.0,0.06938775510204082,0.0,0.09090909090909091,0.0,0.05555555555555555,0,0,1,0,0,0,1,1,0.0,0.1,0.0,298000.0
10648079,0,0.0,1.0,0.0,0.0,0.0,1.0,0.0,0.0,0.0,0.0,0.0,0.0,0.0,0.0,0.0,0.0,1.0,0.0,0.07959183673469389,0.09090909090909091,0.09090909090909091,0.0,0.05555555555555555,0,0,1,0,0,0,1,1,0.0,0.08,0.0,363000.0
10648086,0,0.0,1.0,0.0,0.0,0.0,1.0,0.0,0.0,0.0,0.0,0.0,0.0,0.0,0.0,0.0,0.0,0.0,1.0,0.1142857142857143,0.1818181818181818,0.18181818181818182,0.0,0.1111111111111111,1,1,1,0,0,0,1,1,0.0,0.29,0.0,419990.0
10648081,0,0.0,1.0,0.0,0.0,0.0,1.0,0.0,0.0,0.0,0.0,0.0,0.0,0.0,0.0,0.0,0.0,1.0,0.0,0.08571428571428572,0.09090909090909091,0.09090909090909091,0.0,0.05555555555555555,0,0,1,0,0,0,1,1,0.0,1.0,0.0,379000.0
10648084,0,0.0,1.0,0.0,0.0,0.0,1.0,0.0,0.0,0.0,0.0,0.0,0.0,0.0,0.0,0.0,0.0,0.0,1.0,0.1142857142857143,0.1818181818181818,0.18181818181818182,0.0,0.1111111111111111,1,1,1,0,0,0,1,1,0.0,0.29,0.0,419990.0
10648082,0,0.0,1.0,0.0,0.0,0.0,1.0,0.0,0.0,0.0,0.0,0.0,0.0,0.0,0.0,0.0,0.0,1.0,0.0,0.07959183673469389,0.09090909090909091,0.09090909090909091,0.0,0.05555555555555555,0,0,1,0,0,0,1,1,0.0,0.64,0.0,359000.0
10648083,0,0.0,1.0,0.0,0.0,0.0,1.0,0.0,0.0,0.0,0.0,0.0,0.0,0.0,0.0,0.0,0.0,1.0,0.0,0.07551020408163267,0.09090909090909091,0.09090909090909091,0.0,0.05555555555555555,0,0,1,0,0,0,1,1,0.0,0.44,0.0,345000.0
10648085,0,0.0,1.0,0.0,0.0,0.0,1.0,0.0,0.0,0.0,0.0,0.0,0.0,0.0,0.0,0.0,0.0,1.0,0.0,0.1142857142857143,0.1818181818181818,0.18181818181818182,0.0,0.1111111111111111,1,1,1,0,0,0,1,1,0.0,0.29,0.0,419990.0
10648088,1,0.0,1.0,0.0,0.0,0.0,1.0,0.0,0.0,0.0,0.0,0.0,0.0,0.0,0.0,0.0,0.0,0.0,1.0,0.10204081632653061,0.1818181818181818,0.09090909090909091,0.0,0.1111111111111111,1,1,1,0,0,0,1,1,0.189,0.23,0.00011004318277897552,339990.0
10648087,0,0.0,1.0,0.0,0.0,0.0,1.0,0.0,0.0,0.0,0.0,0.0,0.0,0.0,0.0,0.0,0.0,0.0,1.0,0.1142857142857143,0.1818181818181818,0.18181818181818182,0.0,0.1111111111111111,1,1,1,0,0,0,1,1,0.0,0.29,0.0,419990.0
10648091,0,0.0,1.0,0.0,0.0,0.0,1.0,0.0,0.0,0.0,0.0,0.0,0.0,0.0,0.0,0.0,0.0,0.0,1.0,0.10204081632653061,0.1818181818181818,0.09090909090909091,0.0,0.1111111111111111,1,1,1,0,0,0,1,1,0.189,0.23,0.0,339990.0
10648090,0,0.0,1.0,0.0,0.0,0.0,1.0,0.0,0.0,0.0,0.0,0.0,0.0,0.0,0.0,0.0,0.0,0.0,1.0,0.10204081632653061,0.1818181818181818,0.09090909090909091,0.0,0.1111111111111111,1,1,1,0,0,0,1,1,0.189,0.23,0.0,339990.0
10648093,0,0.0,1.0,0.0,0.0,0.0,1.0,0.0,0.0,0.0,0.0,0.0,0.0,0.0,0.0,0.0,0.0,0.0,1.0,0.08673469387755103,0.09090909090909091,0.09090909090909091,0.0,0.05555555555555555,1,1,0,0,0,0,0,1,0.0,0.09,0.0,357500.0
10648092,0,0.0,1.0,0.0,0.0,0.0,1.0,0.0,0.0,0.0,0.0,0.0,0.0,0.0,0.0,0.0,0.0,1.0,0.0,0.10204081632653061,0.1818181818181818,0.09090909090909091,0.0,0.1111111111111111,1,1,1,0,0,0,1,1,0.189,0.23,0.0,339990.0
10648094,0,0.0,1.0,0.0,0.0,0.0,1.0,0.0,0.0,0.0,0.0,0.0,0.0,0.0,0.0,0.0,0.0,0.0,1.0,0.059183673469387764,0.0,0.09090909090909091,0.0,0.05555555555555555,1,1,0,0,0,0,0,1,0.0,0.08,0.0,280000.0
10648106,1,0.0,1.0,0.0,0.0,0.0,0.0,0.0,0.0,1.0,0.0,0.0,0.0,0.0,0.0,0.0,0.0,0.0,1.0,0.17142857142857146,0.1818181818181818,0.09090909090909091,0.0,0.1111111111111111,1,0,0,0,0,0,1,0,0.47100000000000003,0.0,0.0004319194924074789,364000.0
10648096,0,0.0,1.0,0.0,0.0,0.0,1.0,0.0,0.0,0.0,0.0,0.0,0.0,0.0,0.0,0.0,0.0,0.0,1.0,0.12142857142857144,0.1818181818181818,0.09090909090909091,0.0,0.1111111111111111,0,1,1,0,0,0,1,1,0.036000000000000004,0.22,0.0,405650.0
10648101,1,0.0,1.0,0.0,0.0,0.0,0.0,0.0,0.0,0.0,0.0,0.0,0.0,0.0,1.0,0.0,0.0,0.0,1.0,0.06122448979591837,0.09090909090909091,0.09090909090909091,0.0,0.0,3,6,0,0,0,0,1,0,0.0,0.0,0.0007336212185265035,230000.0
10648114,1,0.0,1.0,0.0,1.0,0.0,0.0,0.0,0.0,0.0,0.0,0.0,0.0,0.0,0.0,0.0,0.0,0.0,1.0,0.11836734693877551,0.09090909090909091,0.0,0.0,0.05555555555555555,5,6,0,0,0,0,1,0,0.0,0.0,0.0002347587899284811,189000.0
10648127,0,0.0,1.0,0.0,0.0,0.0,0.0,0.0,0.0,0.0,0.0,0.0,0.0,0.0,1.0,0.0,0.0,1.0,0.0,0.44081632653061226,0.2727272727272727,0.2727272727272727,0.0,0.0,0,3,1,0,0,0,0,1,0.0,0.0,0.0,599000.0
10648121,1,0.0,1.0,0.0,0.0,0.0,0.0,0.0,0.0,0.0,0.0,0.0,0.0,0.0,1.0,1.0,0.0,0.0,0.0,0.13979591836734695,0.1818181818181818,0.09090909090909091,0.0,0.1111111111111111,0,0,0,0,0,0,1,0,0.0,0.0,0.0001338858723810869,375000.0
10648135,1,0.0,1.0,0.0,0.0,0.0,1.0,0.0,0.0,0.0,0.0,0.0,0.0,0.0,0.0,0.0,0.0,0.0,1.0,0.14285714285714288,0.09090909090909091,0.09090909090909091,0.0,0.05555555555555555,5,6,0,1,0,0,1,1,0.052000000000000005,0.11,0.0002952825404569177,269000.0
10648134,0,0.0,1.0,0.0,0.0,0.0,1.0,0.0,0.0,0.0,0.0,0.0,0.0,0.0,0.0,0.0,0.0,0.0,1.0,0.0653061224489796,0.0,0.09090909090909091,0.0,0.05555555555555555,0,0,0,0,0,0,1,1,0.0,0.07,0.0,249000.0
10648142,1,0.0,0.0,1.0,0.0,0.0,0.0,0.0,0.0,0.0,1.0,0.0,0.0,0.0,0.0,1.0,0.0,0.0,0.0,0.0816326530612245,0.1818181818181818,0.09090909090909091,0.0,0.0,5,4,0,0,0,0,0,1,0.0,0.09,5.502159138948776e-05,142000.0
10648143,0,0.0,1.0,0.0,0.0,0.0,0.0,0.0,0.0,0.0,0.0,0.0,0.0,0.0,1.0,0.0,0.0,0.0,1.0,0.05306122448979592,0.09090909090909091,0.09090909090909091,0.0,0.05555555555555555,1,5,0,0,0,0,0,0,0.0,0.0,0.0,215000.0
10648144,1,0.0,1.0,0.0,1.0,0.0,0.0,0.0,0.0,0.0,0.0,0.0,0.0,0.0,0.0,0.0,0.0,0.0,1.0,0.0979591836734694,0.09090909090909091,0.09090909090909091,0.0,0.05555555555555555,3,6,0,1,0,0,1,0,1.0,0.0,0.001375539784737194,345000.0
10648141,1,0.0,1.0,0.0,1.0,0.0,0.0,0.0,0.0,0.0,0.0,0.0,0.0,0.0,0.0,0.0,0.0,1.0,0.0,0.18979591836734697,0.36363636363636365,0.18181818181818182,0.0,0.1111111111111111,3,2,0,1,0,0,1,0,0.112,0.0,0.000233841763405323,449000.0
10648151,0,0.0,1.0,0.0,1.0,0.0,0.0,0.0,0.0,0.0,0.0,0.0,0.0,0.0,0.0,0.0,0.0,1.0,0.0,0.12040816326530615,0.1818181818181818,0.09090909090909091,0.0,0.05555555555555555,0,0,1,1,0,0,0,1,0.0,0.37,0.0,404442.0
10648152,0,0.0,1.0,0.0,1.0,0.0,0.0,0.0,0.0,0.0,0.0,0.0,0.0,0.0,0.0,0.0,0.0,1.0,0.0,0.12040816326530615,0.1818181818181818,0.09090909090909091,0.0,0.05555555555555555,0,0,1,1,0,0,0,1,0.0,0.37,0.0,404442.0
10648156,0,0.0,1.0,0.0,1.0,0.0,0.0,0.0,0.0,0.0,0.0,0.0,0.0,0.0,0.0,0.0,0.0,1.0,0.0,0.11224489795918369,0.1818181818181818,0.09090909090909091,0.07142857142857142,0.1111111111111111,0,0,1,1,0,0,1,1,0.0,0.12,0.0,372611.0
10648155,0,0.0,1.0,0.0,1.0,0.0,0.0,0.0,0.0,0.0,0.0,0.0,0.0,0.0,0.0,0.0,0.0,1.0,0.0,0.07959183673469389,0.09090909090909091,0.09090909090909091,0.0,0.05555555555555555,0,0,1,1,0,0,0,1,0.0,0.08,0.0,271944.0
10648153,0,0.0,1.0,0.0,1.0,0.0,0.0,0.0,0.0,0.0,0.0,0.0,0.0,0.0,0.0,0.0,0.0,1.0,0.0,0.06326530612244899,0.0,0.09090909090909091,0.0,0.05555555555555555,0,0,1,1,0,0,0,1,0.0,0.15,0.0,272471.0
10648154,0,0.0,1.0,0.0,1.0,0.0,0.0,0.0,0.0,0.0,0.0,0.0,0.0,0.0,0.0,0.0,0.0,1.0,0.0,0.06326530612244899,0.0,0.09090909090909091,0.0,0.05555555555555555,0,0,1,1,0,0,0,1,0.0,0.15,0.0,272471.0
10648159,0,0.0,1.0,0.0,0.0,0.0,1.0,0.0,0.0,0.0,0.0,0.0,0.0,0.0,0.0,0.0,0.0,0.0,1.0,0.10714285714285715,0.09090909090909091,0.09090909090909091,0.0,0.05555555555555555,0,0,1,0,0,0,1,1,0.0,0.1,0.0,359000.0
10648157,0,0.0,1.0,0.0,0.0,0.0,1.0,0.0,0.0,0.0,0.0,0.0,0.0,0.0,0.0,0.0,0.0,0.0,1.0,0.07653061224489796,0.09090909090909091,0.09090909090909091,0.0,0.0,4,4,0,0,0,0,1,1,0.0,0.04,0.0,195000.0
10648160,1,0.0,1.0,0.0,0.0,0.0,1.0,0.0,0.0,0.0,0.0,0.0,0.0,0.0,0.0,0.0,0.0,0.0,1.0,0.1489795918367347,0.09090909090909091,0.09090909090909091,0.0,0.05555555555555555,5,6,0,0,0,0,1,0,0.0,0.0,0.0012737498406666416,342000.0
10648195,1,0.0,1.0,0.0,0.0,0.0,0.0,0.0,0.0,0.0,0.0,0.0,0.0,0.0,1.0,0.0,0.0,1.0,0.0,0.336734693877551,0.36363636363636365,0.09090909090909091,0.07142857142857142,0.16666666666666666,0,2,0,0,0,0,0,0,0.0,0.0,0.0006400845131643742,329000.0
10648240,1,0.0,1.0,0.0,0.0,0.0,0.0,0.0,0.0,0.0,0.0,0.0,0.0,0.0,1.0,0.0,0.0,0.0,1.0,0.2795918367346939,0.2727272727272727,0.18181818181818182,0.0,0.1111111111111111,1,0,0,0,0,0,1,0,0.0,0.0,0.0005492988873717194,492150.0
10648250,1,0.0,1.0,0.0,0.0,0.0,0.0,0.0,0.0,0.0,0.0,0.0,0.0,0.0,1.0,0.0,0.0,1.0,0.0,0.17551020408163268,0.1818181818181818,0.09090909090909091,0.0,0.05555555555555555,3,3,0,0,0,0,1,0,0.0,0.0,0.0002567674264842762,212000.0
10648235,0,0.0,1.0,0.0,0.0,0.0,0.0,0.0,0.0,1.0,0.0,0.0,0.0,0.0,0.0,0.0,0.0,0.0,1.0,0.12448979591836737,0.09090909090909091,0.09090909090909091,0.0,0.05555555555555555,0,2,0,0,0,0,0,1,0.0,0.32,0.0,249000.0
10648252,1,0.0,1.0,0.0,0.0,0.0,0.0,0.0,0.0,0.0,0.0,0.0,0.0,0.0,1.0,0.0,0.0,1.0,0.0,0.08877551020408164,0.2727272727272727,0.09090909090909091,0.0,0.05555555555555555,3,4,0,0,0,0,1,1,0.0,0.08,3.943214049579956e-05,129000.0
10517191,1,0.0,0.0,1.0,0.0,0.0,0.0,0.0,0.0,0.0,0.0,0.0,0.0,1.0,0.0,0.0,0.0,0.0,1.0,0.23469387755102042,0.1818181818181818,0.09090909090909091,0.07142857142857142,0.0,5,1,0,1,0,0,1,0,1.0,0.0,0.004217404980004237,795000.0
10648253,1,0.0,1.0,0.0,0.0,0.0,0.0,0.0,0.0,0.0,0.0,0.0,0.0,0.0,1.0,0.0,0.0,1.0,0.0,0.1979591836734694,0.1818181818181818,0.09090909090909091,0.0,0.05555555555555555,1,5,0,0,0,0,1,0,0.0,0.0,0.0004374216515464277,295000.0
10648265,1,0.0,1.0,0.0,0.0,0.0,0.0,0.0,0.0,0.0,0.0,0.0,0.0,0.0,1.0,0.0,0.0,0.0,1.0,0.1836734693877551,0.1818181818181818,0.09090909090909091,0.0,0.0,0,4,0,0,0,0,0,1,0.0,0.0,0.0007767214651149356,338000.0
10648266,1,0.0,1.0,0.0,0.0,0.0,0.0,0.0,0.0,0.0,0.0,0.0,0.0,0.0,1.0,0.0,0.0,0.0,1.0,0.1836734693877551,0.09090909090909091,0.09090909090909091,0.0,0.0,3,3,0,0,0,0,0,1,0.0,0.0,0.0007464595898507173,349000.0
10648269,1,0.0,0.0,1.0,0.0,0.0,0.0,0.0,1.0,0.0,0.0,0.0,0.0,0.0,0.0,0.0,1.0,0.0,0.0,0.07142857142857142,0.09090909090909091,0.09090909090909091,0.0,0.0,0,3,0,0,0,0,0,1,0.0,0.1,6.419185662106905e-05,165000.0
10648273,0,0.0,1.0,0.0,0.0,0.0,1.0,0.0,0.0,0.0,0.0,0.0,0.0,0.0,0.0,1.0,0.0,0.0,0.0,0.08571428571428572,0.09090909090909091,0.09090909090909091,0.0,0.05555555555555555,1,2,1,0,0,0,0,0,0.0,0.0,0.0,369000.0
10648271,0,0.0,1.0,0.0,0.0,0.0,1.0,0.0,0.0,0.0,0.0,0.0,0.0,0.0,0.0,1.0,0.0,0.0,0.0,0.16122448979591839,0.09090909090909091,0.09090909090909091,0.0,0.0,0,2,0,0,0,0,0,0,0.0,0.0,0.0,795000.0
10648272,0,0.0,1.0,0.0,0.0,0.0,1.0,0.0,0.0,0.0,0.0,0.0,0.0,0.0,0.0,0.0,1.0,0.0,0.0,0.08571428571428572,0.09090909090909091,0.09090909090909091,0.0,0.0,4,2,1,0,0,0,0,1,0.0,0.0,0.0,325000.0
10648267,1,0.0,1.0,0.0,0.0,0.0,0.0,0.0,0.0,0.0,0.0,0.0,0.0,0.0,1.0,0.0,0.0,0.0,1.0,0.16632653061224492,0.1818181818181818,0.09090909090909091,0.0,0.0,5,6,0,0,0,0,0,0,0.0,0.0,0.0009390351597139244,195000.0
10648274,1,0.0,1.0,0.0,0.0,0.0,1.0,0.0,0.0,0.0,0.0,0.0,0.0,0.0,0.0,1.0,0.0,0.0,0.0,0.2489795918367347,0.2727272727272727,0.18181818181818182,0.0,0.05555555555555555,0,3,0,0,0,0,0,0,0.0,0.0,0.0,595000.0
10648280,1,0.0,1.0,0.0,0.0,0.0,1.0,0.0,0.0,0.0,0.0,0.0,0.0,0.0,0.0,0.0,0.0,0.0,1.0,0.326530612244898,0.36363636363636365,0.09090909090909091,0.0,0.05555555555555555,0,4,0,0,0,0,1,0,0.0,0.0,0.0017771974018804546,495000.0
10648275,0,0.0,0.0,1.0,0.0,0.0,0.0,0.0,0.0,0.0,0.0,0.0,0.0,1.0,0.0,0.0,0.0,0.0,1.0,0.20816326530612247,0.36363636363636365,0.09090909090909091,0.07142857142857142,0.1111111111111111,3,0,0,0,0,0,0,0,0.0,0.0,0.0,420000.0
10648276,1,0.0,1.0,0.0,0.0,0.0,1.0,0.0,0.0,0.0,0.0,0.0,0.0,0.0,0.0,0.0,0.0,0.0,1.0,0.07142857142857142,0.09090909090909091,0.09090909090909091,0.0,0.05555555555555555,1,5,0,0,0,0,0,1,0.0,0.0,6.87769892368597e-05,185000.0
10648293,0,1.0,0.0,0.0,0.0,1.0,0.0,0.0,0.0,0.0,0.0,0.0,0.0,0.0,0.0,0.0,1.0,0.0,0.0,0.031632653061224494,0.0,0.09090909090909091,0.07142857142857142,0.05555555555555555,4,7,0,0,0,0,0,0,0.0,0.0,0.0,159000.0
10648287,0,0.0,1.0,0.0,0.0,0.0,0.0,0.0,0.0,0.0,0.0,0.0,0.0,0.0,1.0,0.0,0.0,1.0,0.0,0.07959183673469389,0.1818181818181818,0.18181818181818182,0.0,0.0,0,2,1,0,0,0,0,1,0.0,0.0,0.0,995000.0
10648295,1,0.0,1.0,0.0,0.0,0.0,1.0,0.0,0.0,0.0,0.0,0.0,0.0,0.0,0.0,0.0,0.0,0.0,1.0,0.17755102040816328,0.1818181818181818,0.09090909090909091,0.0,0.1111111111111111,3,5,0,0,0,0,1,0,0.0,0.0,0.0007143636615401827,295000.0
10648285,0,0.0,1.0,0.0,1.0,0.0,0.0,0.0,0.0,0.0,0.0,0.0,0.0,0.0,0.0,0.0,0.0,0.0,1.0,0.06326530612244899,0.09090909090909091,0.09090909090909091,0.0,0.05555555555555555,4,2,0,0,0,0,1,1,0.0,0.0,0.0,207000.0
10648296,1,0.0,1.0,0.0,0.0,0.0,0.0,0.0,0.0,0.0,0.0,0.0,0.0,0.0,1.0,0.0,0.0,0.0,1.0,0.1112244897959184,0.09090909090909091,0.09090909090909091,0.0,0.05555555555555555,3,6,0,0,0,0,1,1,0.0,0.0,0.00042641733326853013,194500.0
10648312,1,0.0,0.0,1.0,0.0,0.0,0.0,0.0,1.0,0.0,0.0,0.0,0.0,0.0,0.0,0.0,0.0,0.0,1.0,0.7448979591836735,0.4545454545454545,0.36363636363636365,0.2857142857142857,0.0,3,6,0,0,1,0,1,1,1.0,0.8,0.08026182941289212,1750000.0
10648298,1,0.0,1.0,0.0,0.0,0.0,0.0,0.0,0.0,0.0,0.0,0.0,0.0,0.0,1.0,0.0,0.0,0.0,1.0,0.1959183673469388,0.1818181818181818,0.09090909090909091,0.0,0.05555555555555555,1,6,0,0,0,0,1,1,0.0,0.0,0.0005272902508159244,265000.0
10648314,1,0.0,1.0,0.0,0.0,0.0,0.0,0.0,0.0,0.0,0.0,0.0,0.0,0.0,1.0,0.0,0.0,1.0,0.0,0.3051020408163265,0.36363636363636365,0.2727272727272727,0.0,0.2222222222222222,1,2,0,0,0,0,1,1,0.0,0.0,0.0007272020328643966,2495000.0
10648316,0,0.0,1.0,0.0,0.0,0.0,0.0,0.0,0.0,0.0,0.0,0.0,0.0,0.0,1.0,0.0,0.0,1.0,0.0,0.13673469387755105,0.1818181818181818,0.2727272727272727,0.0,0.2222222222222222,0,4,1,0,0,0,1,1,0.0,0.0,0.0,2360000.0
10648321,0,0.0,1.0,0.0,0.0,0.0,0.0,0.0,0.0,0.0,0.0,0.0,0.0,0.0,1.0,0.0,0.0,1.0,0.0,0.05408163265306123,0.09090909090909091,0.09090909090909091,0.0,0.05555555555555555,1,1,1,0,0,0,0,0,0.0,0.0,0.0,449000.0
10648320,1,0.0,1.0,0.0,0.0,0.0,1.0,0.0,0.0,0.0,0.0,0.0,0.0,0.0,0.0,0.0,1.0,0.0,0.0,0.07142857142857142,0.09090909090909091,0.09090909090909091,0.0,0.0,5,5,0,0,0,0,0,0,0.0,0.0,3.851511397264143e-05,170000.0
10648319,1,0.0,1.0,0.0,0.0,0.0,1.0,0.0,0.0,0.0,0.0,0.0,0.0,0.0,0.0,1.0,0.0,0.0,0.0,0.07142857142857142,0.09090909090909091,0.09090909090909091,0.0,0.0,5,5,0,0,0,0,0,0,0.0,0.0,3.851511397264143e-05,170000.0
10648328,1,0.0,1.0,0.0,0.0,0.0,1.0,0.0,0.0,0.0,0.0,0.0,0.0,0.0,0.0,1.0,0.0,0.0,0.0,0.24693877551020413,0.4545454545454545,0.2727272727272727,0.0,0.16666666666666666,3,3,0,0,0,0,0,0,0.0,0.0,0.00029253146088744324,495000.0
10648326,1,0.0,1.0,0.0,0.0,0.0,1.0,0.0,0.0,0.0,0.0,0.0,0.0,0.0,0.0,1.0,0.0,0.0,0.0,0.10204081632653061,0.1818181818181818,0.09090909090909091,0.0,0.1111111111111111,4,4,0,0,0,0,0,0,0.0,0.0,3.668106092632517e-05,279000.0
10648333,0,0.0,1.0,0.0,0.0,0.0,1.0,0.0,0.0,0.0,0.0,0.0,0.0,0.0,0.0,1.0,0.0,0.0,0.0,0.07755102040816328,0.09090909090909091,0.09090909090909091,0.0,0.05555555555555555,3,1,1,0,0,0,0,0,0.0,0.0,0.0,275000.0
10648330,0,0.0,1.0,0.0,0.0,0.0,1.0,0.0,0.0,0.0,0.0,0.0,0.0,0.0,0.0,0.0,1.0,0.0,0.0,0.06020408163265307,0.09090909090909091,0.09090909090909091,0.0,0.05555555555555555,1,2,0,0,0,0,1,0,0.0,0.0,0.0,299000.0
10648334,1,0.0,1.0,0.0,0.0,0.0,1.0,0.0,0.0,0.0,0.0,0.0,0.0,0.0,0.0,0.0,1.0,0.0,0.0,0.14183673469387756,0.1818181818181818,0.09090909090909091,0.0,0.1111111111111111,4,3,0,0,0,0,0,0,0.0,0.0,0.0003943214049579956,399000.0
10648332,0,0.0,1.0,0.0,0.0,0.0,1.0,0.0,0.0,0.0,0.0,0.0,0.0,0.0,0.0,1.0,0.0,0.0,0.0,0.0653061224489796,0.09090909090909091,0.09090909090909091,0.0,0.05555555555555555,4,3,0,0,0,0,0,0,0.0,0.0,0.0,245000.0
10648343,1,0.0,1.0,0.0,0.0,0.0,0.0,0.0,0.0,0.0,0.0,0.0,0.0,0.0,1.0,0.0,0.0,0.0,1.0,0.14489795918367349,0.1818181818181818,0.09090909090909091,0.0,0.1111111111111111,0,0,0,0,0,0,1,1,0.0,0.0,0.0001907415168168909,295000.0
10648338,1,0.0,1.0,0.0,1.0,0.0,0.0,0.0,0.0,0.0,0.0,0.0,0.0,0.0,0.0,1.0,0.0,0.0,0.0,0.5214285714285715,0.4545454545454545,0.18181818181818182,0.0,0.16666666666666666,0,2,0,0,0,0,1,1,0.08,0.15,0.00018982449029373278,1895000.0
10648342,1,0.0,1.0,0.0,1.0,0.0,0.0,0.0,0.0,0.0,0.0,0.0,0.0,0.0,0.0,0.0,1.0,0.0,0.0,0.5214285714285715,0.4545454545454545,0.18181818181818182,0.0,0.16666666666666666,0,2,0,0,0,0,1,1,0.08,0.15,0.00018982449029373278,1895000.0
10648344,1,0.0,1.0,0.0,0.0,0.0,0.0,0.0,0.0,0.0,0.0,0.0,0.0,0.0,1.0,0.0,0.0,0.0,1.0,0.13775510204081634,0.1818181818181818,0.09090909090909091,0.0,0.1111111111111111,4,3,0,0,0,0,1,1,0.0,0.0,0.0004603473146253809,345000.0
10648347,1,0.0,1.0,0.0,0.0,0.0,1.0,0.0,0.0,0.0,0.0,0.0,0.0,0.0,0.0,0.0,0.0,1.0,0.0,0.12551020408163266,0.09090909090909091,0.09090909090909091,0.0,0.05555555555555555,3,3,0,0,0,0,0,0,0.0,0.0,0.0006419185662106905,310000.0
10648345,1,0.0,0.0,1.0,0.0,0.0,0.0,0.0,1.0,0.0,0.0,0.0,0.0,0.0,0.0,0.0,0.0,0.0,1.0,0.14285714285714288,0.2727272727272727,0.09090909090909091,0.0,0.05555555555555555,3,3,0,0,0,0,1,0,0.0,0.0,0.0007886428099159913,360000.0
10648349,1,0.0,1.0,0.0,0.0,0.0,0.0,0.0,0.0,0.0,0.0,0.0,0.0,0.0,1.0,0.0,0.0,0.0,1.0,0.15612244897959185,0.2727272727272727,0.18181818181818182,0.0,0.1111111111111111,3,2,0,0,0,0,0,0,0.0,0.0,0.00015406045589056572,275000.0
10648348,1,0.0,1.0,0.0,0.0,0.0,1.0,0.0,0.0,0.0,0.0,0.0,0.0,0.0,0.0,0.0,0.0,1.0,0.0,0.12551020408163266,0.09090909090909091,0.09090909090909091,0.0,0.05555555555555555,3,3,0,0,0,0,0,0,0.0,0.0,0.0006419185662106905,310000.0
10648354,1,0.0,1.0,0.0,0.0,0.0,0.0,0.0,0.0,0.0,0.0,0.0,0.0,0.0,1.0,0.0,0.0,1.0,0.0,0.17040816326530614,0.2727272727272727,0.09090909090909091,0.0,0.1111111111111111,1,2,0,0,0,0,0,1,0.0,0.0,7.703022794528286e-05,290000.0
10648355,1,0.0,1.0,0.0,0.0,0.0,0.0,0.0,0.0,0.0,0.0,0.0,0.0,0.0,1.0,0.0,0.0,0.0,1.0,0.05816326530612246,0.1818181818181818,0.09090909090909091,0.0,0.05555555555555555,5,6,0,0,0,0,0,1,0.0,0.0,6.602590966738531e-05,99000.0
10648359,1,0.0,1.0,0.0,0.0,0.0,0.0,1.0,0.0,0.0,0.0,0.0,0.0,0.0,0.0,0.0,0.0,0.0,1.0,0.22959183673469388,0.2727272727272727,0.18181818181818182,0.0,0.1111111111111111,0,2,0,0,0,0,1,1,0.2,0.52,0.00033929981356850786,549000.0
10648356,1,0.0,1.0,0.0,0.0,0.0,0.0,0.0,0.0,0.0,0.0,0.0,0.0,0.0,1.0,0.0,0.0,0.0,1.0,0.2602040816326531,0.36363636363636365,0.18181818181818182,0.0,0.05555555555555555,1,4,0,0,0,0,0,1,0.0,0.0,0.0014333124556961561,799000.0
10648352,1,0.0,1.0,0.0,0.0,0.0,0.0,0.0,0.0,0.0,0.0,0.0,0.0,0.0,1.0,0.0,0.0,1.0,0.0,0.20102040816326533,0.1818181818181818,0.09090909090909091,0.0,0.0,0,0,0,0,0,0,0,0,0.0,0.0,6.969401576001783e-05,349000.0
10648360,0,0.0,1.0,0.0,0.0,0.0,0.0,0.0,0.0,0.0,0.0,0.0,0.0,0.0,1.0,0.0,0.0,1.0,0.0,0.05816326530612246,0.09090909090909091,0.09090909090909091,0.0,0.05555555555555555,3,3,0,0,0,0,0,0,0.0,0.0,0.0,175000.0
10648364,1,0.0,1.0,0.0,1.0,0.0,0.0,0.0,0.0,0.0,0.0,0.0,0.0,0.0,0.0,0.0,0.0,0.0,1.0,0.12244897959183676,0.1818181818181818,0.09090909090909091,0.0,0.05555555555555555,0,3,0,0,0,0,1,0,0.019,0.0,0.00015497748241372387,369000.0
10648361,1,0.0,1.0,0.0,0.0,0.0,0.0,0.0,0.0,1.0,0.0,0.0,0.0,0.0,0.0,0.0,0.0,1.0,0.0,0.11224489795918369,0.1818181818181818,0.09090909090909091,0.0,0.05555555555555555,0,3,0,0,0,0,0,0,0.0,0.0,0.0004493429963474834,259000.0
10648363,1,0.0,1.0,0.0,0.0,0.0,0.0,1.0,0.0,0.0,0.0,0.0,0.0,0.0,0.0,0.0,0.0,0.0,1.0,0.2091836734693878,0.1818181818181818,0.09090909090909091,0.0,0.1111111111111111,0,4,0,0,0,0,0,0,0.0,0.0,0.0009069392314033899,465000.0
10648362,0,0.0,1.0,0.0,0.0,0.0,0.0,0.0,0.0,1.0,0.0,0.0,0.0,0.0,0.0,0.0,0.0,1.0,0.0,0.0653061224489796,0.09090909090909091,0.18181818181818182,0.0,0.05555555555555555,1,2,1,0,0,0,1,1,0.0,0.3,0.0,349000.0
10648366,0,0.0,1.0,0.0,1.0,0.0,0.0,0.0,0.0,0.0,0.0,0.0,0.0,0.0,0.0,0.0,0.0,0.0,1.0,0.12346938775510205,0.1818181818181818,0.18181818181818182,0.0,0.05555555555555555,0,2,0,0,0,0,1,1,0.0,0.35000000000000003,0.0,339000.0
10648368,1,0.0,1.0,0.0,1.0,0.0,0.0,0.0,0.0,0.0,0.0,0.0,0.0,0.0,0.0,0.0,0.0,0.0,1.0,0.15204081632653063,0.1818181818181818,0.09090909090909091,0.0,0.05555555555555555,5,6,0,0,0,0,1,0,0.0,0.0,0.0002751079569474388,249000.0
10648371,0,0.0,1.0,0.0,0.0,0.0,0.0,0.0,0.0,0.0,0.0,0.0,0.0,0.0,1.0,0.0,0.0,0.0,1.0,0.03877551020408163,0.09090909090909091,0.0,0.0,0.0,1,3,0,0,0,0,0,0,0.0,0.0,0.0,199000.0
10648372,1,0.0,1.0,0.0,0.0,0.0,1.0,0.0,0.0,0.0,0.0,0.0,0.0,0.0,0.0,0.0,1.0,0.0,0.0,0.1326530612244898,0.36363636363636365,0.18181818181818182,0.0,0.0,1,5,0,0,0,0,1,1,0.0,0.0,6.419185662106905e-05,295000.0
10648383,1,0.0,1.0,0.0,0.0,0.0,0.0,0.0,0.0,0.0,0.0,0.0,0.0,0.0,1.0,0.0,0.0,0.0,1.0,0.12244897959183676,0.1818181818181818,0.09090909090909091,0.0,0.05555555555555555,5,6,0,0,0,0,1,0,0.0,0.0,0.0002246714981737417,149500.0
10648381,1,0.0,1.0,0.0,0.0,0.0,1.0,0.0,0.0,0.0,0.0,0.0,0.0,0.0,0.0,1.0,0.0,0.0,0.0,0.12244897959183676,0.36363636363636365,0.09090909090909091,0.0,0.0,1,4,0,0,0,0,1,1,0.0,0.04,3.668106092632517e-05,295000.0
10648380,1,0.0,1.0,0.0,0.0,0.0,0.0,0.0,0.0,0.0,0.0,0.0,0.0,0.0,1.0,0.0,0.0,0.0,1.0,0.11224489795918369,0.2727272727272727,0.09090909090909091,0.0,0.05555555555555555,1,3,0,0,0,0,1,1,0.0,0.0,0.00022558852469689982,275000.0
10648393,1,0.0,1.0,0.0,0.0,0.0,1.0,0.0,0.0,0.0,0.0,0.0,0.0,0.0,0.0,0.0,0.0,0.0,1.0,0.2448979591836735,0.1818181818181818,0.09090909090909091,0.0,0.1111111111111111,1,3,0,0,0,0,0,1,0.0,0.0,0.0005263732242927662,339000.0
10648396,1,0.0,1.0,0.0,0.0,0.0,0.0,0.0,0.0,0.0,0.0,0.0,0.0,0.0,1.0,0.0,0.0,1.0,0.0,0.1469387755102041,0.2727272727272727,0.09090909090909091,0.0,0.1111111111111111,0,0,0,0,0,0,1,1,0.0,0.0,0.0,310056.0
10648397,1,0.0,1.0,0.0,0.0,0.0,0.0,0.0,0.0,0.0,0.0,0.0,0.0,0.0,1.0,0.0,0.0,1.0,0.0,0.1469387755102041,0.2727272727272727,0.09090909090909091,0.0,0.1111111111111111,0,0,0,0,0,0,1,1,0.0,0.0,0.0,312680.0
10517316,1,0.0,1.0,0.0,1.0,0.0,0.0,0.0,0.0,0.0,0.0,0.0,0.0,0.0,0.0,0.0,0.0,0.0,1.0,0.3520408163265306,0.36363636363636365,0.2727272727272727,0.0,0.0,3,4,0,1,0,0,1,0,0.0,0.0,0.0005703904974043565,1595000.0
10648395,1,0.0,1.0,0.0,0.0,0.0,0.0,0.0,0.0,0.0,0.0,0.0,0.0,0.0,1.0,0.0,0.0,1.0,0.0,0.1469387755102041,0.2727272727272727,0.09090909090909091,0.0,0.1111111111111111,0,0,0,0,0,0,1,1,0.0,0.0,0.0,312602.0
10648398,0,0.0,1.0,0.0,0.0,0.0,0.0,0.0,0.0,0.0,0.0,0.0,0.0,0.0,1.0,0.0,0.0,1.0,0.0,0.15306122448979595,0.1818181818181818,0.18181818181818182,0.0,0.1111111111111111,0,1,0,0,0,0,1,1,0.17200000000000001,0.17,0.0,603000.0
10648399,0,0.0,1.0,0.0,0.0,0.0,0.0,0.0,0.0,0.0,0.0,0.0,0.0,0.0,1.0,0.0,0.0,1.0,0.0,0.13673469387755105,0.09090909090909091,0.18181818181818182,0.0,0.1111111111111111,0,1,1,0,0,0,0,1,0.0,0.18,0.0,552000.0
10648420,1,0.0,1.0,0.0,1.0,0.0,0.0,0.0,0.0,0.0,0.0,0.0,0.0,0.0,0.0,0.0,0.0,0.0,1.0,0.21938775510204084,0.1818181818181818,0.0,0.0,0.1111111111111111,3,3,0,0,0,0,0,1,0.0,0.0,0.0015791196728782988,499000.0
10648411,1,0.0,1.0,0.0,0.0,0.0,0.0,0.0,0.0,0.0,0.0,0.0,0.0,0.0,1.0,0.0,0.0,0.0,1.0,0.10714285714285715,0.1818181818181818,0.09090909090909091,0.0,0.0,0,0,0,0,0,0,0,0,0.0,0.0,0.00021825231251163479,383700.0
10648438,1,0.0,1.0,0.0,0.0,0.0,1.0,0.0,0.0,0.0,0.0,0.0,0.0,0.0,0.0,0.0,0.0,0.0,1.0,0.42040816326530617,0.4545454545454545,0.18181818181818182,0.0,0.16666666666666666,1,6,0,0,1,0,1,1,0.0,0.0,0.0008528346665370603,610000.0
10648430,1,0.0,1.0,0.0,1.0,0.0,0.0,0.0,0.0,0.0,0.0,0.0,0.0,0.0,0.0,0.0,0.0,0.0,1.0,0.12448979591836737,0.1818181818181818,0.09090909090909091,0.0,0.05555555555555555,4,5,0,0,0,0,1,0,0.0,0.0,0.0005850629217748865,298000.0
10648439,1,0.0,1.0,0.0,0.0,0.0,0.0,0.0,0.0,0.0,0.0,0.0,0.0,0.0,1.0,0.0,0.0,0.0,1.0,0.1438775510204082,0.1818181818181818,0.09090909090909091,0.0,0.0,4,5,0,0,0,0,0,1,0.0,0.0,0.00033012954833692656,210000.0
10648427,1,0.0,0.0,1.0,0.0,0.0,0.0,0.0,1.0,0.0,0.0,0.0,0.0,0.0,0.0,0.0,0.0,0.0,1.0,0.2448979591836735,0.36363636363636365,0.18181818181818182,0.14285714285714285,0.0,1,3,0,0,0,0,1,1,1.0,0.0,0.002246714981737417,825000.0
10648435,1,0.0,1.0,0.0,0.0,0.0,0.0,1.0,0.0,0.0,0.0,0.0,0.0,0.0,0.0,0.0,0.0,0.0,1.0,0.1836734693877551,0.2727272727272727,0.18181818181818182,0.0,0.1111111111111111,2,4,0,1,0,0,1,0,0.55,0.0,0.000644669645780165,599000.0
10648441,0,0.0,1.0,0.0,0.0,0.0,1.0,0.0,0.0,0.0,0.0,0.0,0.0,0.0,0.0,0.0,0.0,1.0,0.0,0.07551020408163267,0.09090909090909091,0.09090909090909091,0.0,0.05555555555555555,0,1,0,0,0,0,1,1,0.0,0.0,0.0,228400.0
10648444,1,0.0,1.0,0.0,1.0,0.0,0.0,0.0,0.0,0.0,0.0,0.0,0.0,0.0,0.0,0.0,0.0,1.0,0.0,0.06938775510204082,0.09090909090909091,0.09090909090909091,0.0,0.05555555555555555,0,2,0,0,0,0,0,1,0.0,0.0,5.0436458773697115e-05,339500.0
10648447,1,0.0,1.0,0.0,0.0,0.0,0.0,0.0,0.0,1.0,0.0,0.0,0.0,0.0,0.0,0.0,0.0,0.0,1.0,0.163265306122449,0.2727272727272727,0.09090909090909091,0.0,0.0,0,4,0,0,0,0,0,0,0.0,0.0,0.0004401727311159021,299900.0
10648462,0,0.0,1.0,0.0,0.0,0.0,0.0,0.0,0.0,0.0,0.0,0.0,0.0,0.0,1.0,0.0,0.0,1.0,0.0,0.07959183673469389,0.1818181818181818,0.18181818181818182,0.0,0.0,0,2,0,0,0,0,0,0,0.0,0.0,0.0,995000.0
10648453,1,0.0,1.0,0.0,0.0,0.0,0.0,0.0,0.0,0.0,0.0,0.0,0.0,0.0,1.0,1.0,0.0,0.0,0.0,0.1163265306122449,0.1818181818181818,0.09090909090909091,0.0,0.05555555555555555,1,3,0,0,0,0,1,0,0.0,0.0,0.0001247156071495056,299000.0
10648454,1,0.0,1.0,0.0,0.0,0.0,0.0,0.0,0.0,0.0,0.0,0.0,0.0,0.0,1.0,0.0,0.0,0.0,1.0,0.19897959183673472,0.2727272727272727,0.09090909090909091,0.0,0.1111111111111111,1,3,0,0,0,0,1,0,0.0,0.0,0.0006822677332296482,665000.0
10648465,0,0.0,1.0,0.0,0.0,0.0,1.0,0.0,0.0,0.0,0.0,0.0,0.0,0.0,0.0,0.0,0.0,0.0,1.0,0.05306122448979592,0.0,0.09090909090909091,0.0,0.0,0,1,0,0,0,0,0,1,0.0,0.0,0.0,155000.0
10648488,1,0.0,1.0,0.0,0.0,0.0,0.0,0.0,0.0,0.0,0.0,0.0,0.0,0.0,1.0,0.0,0.0,0.0,1.0,0.05000000000000001,0.1818181818181818,0.09090909090909091,0.0,0.1111111111111111,1,6,0,0,0,0,0,0,0.0,0.0,0.00018707341072425837,235000.0
10648489,0,0.0,1.0,0.0,0.0,0.0,0.0,0.0,0.0,0.0,0.0,0.0,0.0,0.0,1.0,0.0,0.0,0.0,1.0,0.015306122448979595,0.0,0.09090909090909091,0.0,0.05555555555555555,1,2,1,0,0,0,0,0,0.0,0.0,0.0,134000.0
10648490,0,0.0,1.0,0.0,0.0,0.0,0.0,0.0,0.0,0.0,0.0,0.0,0.0,0.0,1.0,0.0,0.0,0.0,1.0,0.10204081632653061,0.1818181818181818,0.09090909090909091,0.0,0.1111111111111111,1,3,1,0,0,0,0,1,0.0,0.0,0.0,425000.0
10648507,0,0.0,1.0,0.0,0.0,0.0,0.0,0.0,0.0,0.0,0.0,0.0,0.0,0.0,1.0,0.0,0.0,0.0,1.0,0.04081632653061225,0.09090909090909091,0.09090909090909091,0.0,0.05555555555555555,1,3,0,0,0,0,0,1,0.0,0.0,0.0,268500.0
10648508,1,0.0,1.0,0.0,0.0,0.0,0.0,0.0,0.0,0.0,0.0,0.0,0.0,0.0,1.0,0.0,0.0,0.0,1.0,0.213265306122449,0.2727272727272727,0.18181818181818182,0.0,0.1111111111111111,1,3,0,0,0,0,0,1,0.0,0.0,0.0005043645877369712,735000.0
10648504,1,0.0,1.0,0.0,0.0,0.0,1.0,0.0,0.0,0.0,0.0,0.0,0.0,0.0,0.0,0.0,0.0,0.0,1.0,0.08571428571428572,0.09090909090909091,0.09090909090909091,0.0,0.0,1,5,0,0,0,0,1,1,0.0,0.0,0.00015772856198319825,230000.0
10648506,1,0.0,1.0,0.0,0.0,0.0,0.0,0.0,0.0,1.0,0.0,0.0,0.0,0.0,0.0,0.0,0.0,1.0,0.0,0.15510204081632656,0.1818181818181818,0.09090909090909091,0.0,0.05555555555555555,0,0,0,0,0,0,1,1,0.0,0.33,0.0004135789619443163,299000.0
10648535,1,0.0,1.0,0.0,0.0,0.0,0.0,1.0,0.0,0.0,0.0,0.0,0.0,0.0,0.0,0.0,0.0,1.0,0.0,0.1459183673469388,0.2727272727272727,0.09090909090909091,0.0,0.1111111111111111,1,3,0,1,0,0,1,1,0.1,0.0,0.0002586014795305925,429000.0
10648541,1,0.0,1.0,0.0,0.0,0.0,1.0,0.0,0.0,0.0,0.0,0.0,0.0,0.0,0.0,0.0,1.0,0.0,0.0,0.23979591836734696,0.36363636363636365,0.09090909090909091,0.0,0.0,0,4,0,0,0,0,1,0,0.0,0.0,0.000843664401305479,448000.0
10648540,1,0.0,1.0,0.0,1.0,0.0,0.0,0.0,0.0,0.0,0.0,0.0,0.0,0.0,0.0,0.0,0.0,1.0,0.0,0.18673469387755104,0.1818181818181818,0.09090909090909091,0.0,0.0,1,6,0,0,1,0,1,0,0.0,0.0,0.0006272461418401604,349000.0
10648544,0,0.0,1.0,0.0,0.0,0.0,0.0,0.0,0.0,0.0,0.0,0.0,0.0,0.0,1.0,0.0,0.0,1.0,0.0,0.051020408163265314,0.0,0.09090909090909091,0.0,0.05555555555555555,0,0,0,0,0,0,0,0,0.0,0.0,0.0,175000.0
10648542,1,0.0,1.0,0.0,0.0,0.0,0.0,1.0,0.0,0.0,0.0,0.0,0.0,0.0,0.0,0.0,0.0,0.0,1.0,0.11836734693877551,0.1818181818181818,0.09090909090909091,0.0,0.0,0,3,0,0,0,0,1,0,0.0,0.0,0.0005052816142601293,465000.0
10648563,0,1.0,0.0,0.0,0.0,1.0,0.0,0.0,0.0,0.0,0.0,0.0,0.0,0.0,0.0,0.0,1.0,0.0,0.0,0.0816326530612245,0.1818181818181818,0.09090909090909091,0.0,0.0,2,5,1,0,0,0,0,1,0.0,1.0,0.0,450000.0
10648546,1,0.0,1.0,0.0,0.0,0.0,0.0,0.0,0.0,0.0,0.0,0.0,0.0,0.0,1.0,0.0,0.0,1.0,0.0,0.176530612244898,0.2727272727272727,0.09090909090909091,0.07142857142857142,0.05555555555555555,4,4,0,0,0,0,1,1,0.0,0.0,0.0008885987009402273,499000.0
10648566,1,0.0,1.0,0.0,0.0,0.0,0.0,0.0,0.0,1.0,0.0,0.0,0.0,0.0,0.0,0.0,0.0,1.0,0.0,0.0816326530612245,0.09090909090909091,0.09090909090909091,0.0,0.05555555555555555,0,5,0,0,0,0,1,1,0.0,0.14,4.676835268106459e-05,219000.0
10648547,1,0.0,1.0,0.0,0.0,0.0,0.0,0.0,0.0,0.0,0.0,0.0,0.0,0.0,1.0,0.0,0.0,0.0,1.0,0.176530612244898,0.2727272727272727,0.09090909090909091,0.07142857142857142,0.05555555555555555,4,4,0,0,0,0,1,1,0.0,0.0,0.0008885987009402273,499000.0
10648545,1,0.0,1.0,0.0,0.0,0.0,0.0,0.0,0.0,0.0,0.0,0.0,0.0,0.0,1.0,0.0,0.0,1.0,0.0,0.18877551020408165,0.2727272727272727,0.2727272727272727,0.14285714285714285,0.16666666666666666,0,1,0,0,0,0,0,0,0.0,0.0,0.00022742257774321608,845000.0
10648568,1,0.0,1.0,0.0,0.0,0.0,1.0,0.0,0.0,0.0,0.0,0.0,0.0,0.0,0.0,1.0,0.0,0.0,0.0,0.07142857142857142,0.0,0.0,0.0,0.0,4,6,0,0,0,0,0,0,0.0,0.0,2.751079569474388e-05,225000.0
10648569,1,0.0,1.0,0.0,0.0,0.0,1.0,0.0,0.0,0.0,0.0,0.0,0.0,0.0,0.0,1.0,0.0,0.0,0.0,0.15306122448979595,0.1818181818181818,0.09090909090909091,0.0,0.0,5,5,0,0,0,0,0,0,0.0,0.0,5.7772670958962145e-05,235000.0
10648567,1,0.0,1.0,0.0,0.0,0.0,0.0,0.0,0.0,1.0,0.0,0.0,0.0,0.0,0.0,0.0,0.0,0.0,1.0,0.2091836734693878,0.1818181818181818,0.18181818181818182,0.0,0.1111111111111111,3,6,0,0,0,0,1,1,0.0,0.0,0.0007675511998833542,299950.0
10648570,1,0.0,1.0,0.0,0.0,0.0,1.0,0.0,0.0,0.0,0.0,0.0,0.0,0.0,0.0,0.0,1.0,0.0,0.0,0.15306122448979595,0.1818181818181818,0.09090909090909091,0.0,0.0,5,5,0,0,0,0,0,0,0.0,0.0,5.7772670958962145e-05,235000.0
10648575,1,0.0,1.0,0.0,0.0,0.0,1.0,0.0,0.0,0.0,0.0,0.0,0.0,0.0,0.0,0.0,0.0,1.0,0.0,0.27448979591836736,0.2727272727272727,0.18181818181818182,0.0,0.1111111111111111,3,3,0,1,0,0,0,1,0.0,1.0,0.0033022125098924235,769000.0
10648572,0,0.0,1.0,0.0,0.0,0.0,1.0,0.0,0.0,0.0,0.0,0.0,0.0,0.0,0.0,0.0,1.0,0.0,0.0,0.06938775510204082,0.09090909090909091,0.09090909090909091,0.0,0.05555555555555555,2,2,0,1,0,0,0,0,0.0,0.0,0.0,275000.0
10648573,1,0.0,1.0,0.0,1.0,0.0,0.0,0.0,0.0,0.0,0.0,0.0,0.0,0.0,0.0,0.0,0.0,0.0,1.0,0.11938775510204083,0.1818181818181818,0.09090909090909091,0.07142857142857142,0.1111111111111111,3,3,0,1,0,0,0,0,0.0,0.0,7.244509532949221e-05,239000.0
10648577,0,1.0,0.0,0.0,0.0,1.0,0.0,0.0,0.0,0.0,0.0,0.0,0.0,0.0,0.0,0.0,1.0,0.0,0.0,0.09387755102040818,0.09090909090909091,0.09090909090909091,0.0,0.05555555555555555,3,3,1,0,0,0,0,1,0.0,0.0,0.0,365000.0
10648574,1,0.0,1.0,0.0,1.0,0.0,0.0,0.0,0.0,0.0,0.0,0.0,0.0,0.0,0.0,0.0,0.0,0.0,1.0,0.35408163265306125,0.2727272727272727,0.18181818181818182,0.07142857142857142,0.16666666666666666,0,2,0,1,0,0,1,1,0.0,0.4,0.0009197776027276037,835000.0
10648597,1,0.0,1.0,0.0,0.0,0.0,0.0,1.0,0.0,0.0,0.0,0.0,0.0,0.0,0.0,0.0,0.0,1.0,0.0,0.19897959183673472,0.09090909090909091,0.09090909090909091,0.0,0.05555555555555555,4,6,0,0,0,0,0,1,0.0,0.0,0.00022375447165058355,349000.0
10648600,1,0.0,1.0,0.0,0.0,0.0,1.0,0.0,0.0,0.0,0.0,0.0,0.0,0.0,0.0,0.0,0.0,0.0,1.0,0.2755102040816327,0.2727272727272727,0.18181818181818182,0.0,0.1111111111111111,3,5,0,1,0,0,1,1,1.0,0.5,0.0025053164612680095,765000.0
10648587,0,1.0,0.0,0.0,0.0,1.0,0.0,0.0,0.0,0.0,0.0,0.0,0.0,0.0,0.0,0.0,1.0,0.0,0.0,0.04081632653061225,0.0,0.09090909090909091,0.0,0.05555555555555555,4,7,0,0,0,0,0,0,0.0,0.0,0.0,169000.0
10648586,0,1.0,0.0,0.0,0.0,1.0,0.0,0.0,0.0,0.0,0.0,0.0,0.0,0.0,0.0,0.0,1.0,0.0,0.0,0.010204081632653062,0.0,0.09090909090909091,0.0,0.05555555555555555,1,4,0,0,0,0,0,0,0.0,0.0,0.0,149000.0
10648602,0,0.0,1.0,0.0,1.0,0.0,0.0,0.0,0.0,0.0,0.0,0.0,0.0,0.0,0.0,0.0,0.0,0.0,1.0,0.05204081632653062,0.0,0.09090909090909091,0.0,0.05555555555555555,0,0,0,0,0,0,0,1,0.0,0.04,0.0,219500.0
10648603,0,0.0,1.0,0.0,0.0,0.0,1.0,0.0,0.0,0.0,0.0,0.0,0.0,0.0,0.0,0.0,0.0,0.0,1.0,0.0653061224489796,0.09090909090909091,0.09090909090909091,0.0,0.05555555555555555,3,2,1,1,0,0,0,1,0.0,0.12,0.0,269000.0
10648605,0,0.0,1.0,0.0,0.0,0.0,1.0,0.0,0.0,0.0,0.0,0.0,0.0,0.0,0.0,0.0,0.0,1.0,0.0,0.0673469387755102,0.0,0.09090909090909091,0.0,0.05555555555555555,3,2,0,1,0,0,0,1,0.0,0.19,0.0,239000.0
10648604,1,0.0,1.0,0.0,0.0,0.0,1.0,0.0,0.0,0.0,0.0,0.0,0.0,0.0,0.0,0.0,0.0,0.0,1.0,0.2306122448979592,0.2727272727272727,0.09090909090909091,0.0,0.05555555555555555,3,3,0,1,0,0,0,0,0.0,0.0,0.0003026187526421827,375000.0
10648611,1,0.0,1.0,0.0,1.0,0.0,0.0,0.0,0.0,0.0,0.0,0.0,0.0,0.0,0.0,0.0,0.0,1.0,0.0,0.2448979591836735,0.2727272727272727,0.18181818181818182,0.0,0.0,0,3,0,0,0,0,1,1,0.08,0.0,0.0001375539784737194,784000.0
10648607,1,0.0,1.0,0.0,0.0,0.0,0.0,1.0,0.0,0.0,0.0,0.0,0.0,0.0,0.0,0.0,0.0,0.0,1.0,0.1479591836734694,0.1818181818181818,0.09090909090909091,0.0,0.05555555555555555,5,6,0,0,0,0,0,1,0.0,0.0,0.0006144077705159467,325000.0
10648606,1,0.0,1.0,0.0,1.0,0.0,0.0,0.0,0.0,0.0,0.0,0.0,0.0,0.0,0.0,0.0,0.0,0.0,1.0,0.163265306122449,0.2727272727272727,0.09090909090909091,0.0,0.1111111111111111,1,2,0,0,0,0,0,1,0.0,0.0,0.0015424386119519736,479000.0
10648612,0,0.0,1.0,0.0,1.0,0.0,0.0,0.0,0.0,0.0,0.0,0.0,0.0,0.0,0.0,1.0,0.0,0.0,0.0,0.10306122448979593,0.09090909090909091,0.18181818181818182,0.0,0.0,1,2,0,0,0,0,0,1,0.0,0.1,0.0,579000.0
10648614,0,0.0,1.0,0.0,1.0,0.0,0.0,0.0,0.0,0.0,0.0,0.0,0.0,0.0,0.0,1.0,0.0,0.0,0.0,0.11224489795918369,0.1818181818181818,0.18181818181818182,0.0,0.0,1,2,1,0,0,0,0,1,0.0,0.16,0.0,520000.0
10648613,0,0.0,1.0,0.0,1.0,0.0,0.0,0.0,0.0,0.0,0.0,0.0,0.0,0.0,0.0,1.0,0.0,0.0,0.0,0.20000000000000004,0.1818181818181818,0.18181818181818182,0.0,0.0,0,2,0,0,0,0,0,1,0.0,0.08,0.0,1125000.0
10648619,1,0.0,0.0,1.0,0.0,0.0,0.0,0.0,0.0,0.0,1.0,0.0,0.0,0.0,0.0,0.0,0.0,0.0,1.0,0.09693877551020408,0.09090909090909091,0.09090909090909091,0.0,0.0,3,6,0,0,0,0,0,0,0.0,0.0,4.676835268106459e-05,149000.0
10648623,1,0.0,0.0,1.0,0.0,0.0,0.0,0.0,0.0,0.0,1.0,0.0,0.0,0.0,0.0,0.0,0.0,0.0,1.0,0.18469387755102043,0.1818181818181818,0.09090909090909091,0.0,0.0,5,5,0,0,0,0,0,1,0.0,0.0,0.0005584691526033008,299000.0
10648629,0,0.0,0.0,1.0,0.0,0.0,0.0,0.0,0.0,0.0,1.0,0.0,0.0,0.0,0.0,0.0,0.0,1.0,0.0,0.007142857142857145,0.0,0.09090909090909091,0.07142857142857142,0.05555555555555555,3,7,0,0,0,0,0,0,0.0,0.0,0.0,45000.0
10648632,1,0.0,0.0,1.0,0.0,0.0,0.0,0.0,0.0,0.0,0.0,0.0,1.0,0.0,0.0,0.0,0.0,0.0,1.0,0.036734693877551024,0.0,0.09090909090909091,0.07142857142857142,0.05555555555555555,2,4,0,0,1,0,0,1,0.0,0.0,0.00018340530463162587,80000.0
10648622,1,0.0,0.0,1.0,0.0,0.0,0.0,0.0,0.0,0.0,1.0,0.0,0.0,0.0,0.0,0.0,0.0,0.0,1.0,0.18469387755102043,0.1818181818181818,0.09090909090909091,0.0,0.0,5,5,0,0,0,0,0,1,0.0,0.0,0.0005584691526033008,299000.0
10517551,1,0.0,1.0,0.0,0.0,0.0,1.0,0.0,0.0,0.0,0.0,0.0,0.0,0.0,0.0,0.0,0.0,0.0,1.0,0.1806122448979592,0.2727272727272727,0.09090909090909091,0.0,0.1111111111111111,3,4,0,1,0,0,1,0,0.28500000000000003,0.0,0.00048694108379696667,395000.0
10648635,0,0.0,1.0,0.0,1.0,0.0,0.0,0.0,0.0,0.0,0.0,0.0,0.0,0.0,0.0,0.0,0.0,0.0,1.0,0.07755102040816328,0.1818181818181818,0.09090909090909091,0.0,0.05555555555555555,3,3,1,0,0,0,0,1,0.0,0.13,0.0,215000.0
10648633,1,0.0,1.0,0.0,0.0,0.0,1.0,0.0,0.0,0.0,0.0,0.0,0.0,0.0,0.0,0.0,0.0,1.0,0.0,0.25816326530612244,0.36363636363636365,0.18181818181818182,0.0,0.1111111111111111,3,4,0,0,0,0,0,1,0.0,0.6,0.0016689882721477953,590000.0
10648631,0,0.0,0.0,1.0,0.0,0.0,0.0,0.0,0.0,0.0,1.0,0.0,0.0,0.0,0.0,0.0,0.0,1.0,0.0,0.007142857142857145,0.0,0.09090909090909091,0.07142857142857142,0.05555555555555555,3,3,0,0,0,0,0,0,0.0,0.0,0.0,45000.0
10648630,0,0.0,0.0,1.0,0.0,0.0,0.0,0.0,0.0,0.0,1.0,0.0,0.0,0.0,0.0,0.0,0.0,1.0,0.0,0.007142857142857145,0.0,0.09090909090909091,0.07142857142857142,0.05555555555555555,3,3,0,0,0,0,0,0,0.0,0.0,0.0,45000.0
10648634,1,0.0,1.0,0.0,1.0,0.0,0.0,0.0,0.0,0.0,0.0,0.0,0.0,0.0,0.0,0.0,0.0,0.0,1.0,0.09183673469387757,0.2727272727272727,0.09090909090909091,0.0,0.05555555555555555,5,6,0,0,0,0,0,0,0.0,0.0,0.0004630983941948553,239000.0
10648639,1,1.0,0.0,0.0,0.0,1.0,0.0,0.0,0.0,0.0,0.0,0.0,0.0,0.0,0.0,0.0,0.0,0.0,1.0,0.17346938775510207,0.36363636363636365,0.18181818181818182,0.0,0.16666666666666666,1,4,0,0,0,0,1,1,0.15,0.18,0.00027602498347059694,795000.0
10648645,1,1.0,0.0,0.0,0.0,1.0,0.0,0.0,0.0,0.0,0.0,0.0,0.0,0.0,0.0,0.0,0.0,0.0,1.0,0.23367346938775516,0.2727272727272727,0.2727272727272727,0.07142857142857142,0.2222222222222222,1,3,0,0,0,0,1,1,0.165,0.22,0.0002246714981737417,1295000.0
10648640,1,1.0,0.0,0.0,0.0,1.0,0.0,0.0,0.0,0.0,0.0,0.0,0.0,0.0,0.0,0.0,1.0,0.0,0.0,0.14081632653061227,0.1818181818181818,0.18181818181818182,0.0,0.0,5,0,0,0,0,0,0,1,0.0,0.46,0.0,350000.0
10648642,0,1.0,0.0,0.0,0.0,1.0,0.0,0.0,0.0,0.0,0.0,0.0,0.0,0.0,0.0,0.0,0.0,0.0,1.0,0.09591836734693879,0.09090909090909091,0.18181818181818182,0.07142857142857142,0.1111111111111111,1,2,1,0,0,0,0,1,0.0,0.53,0.0,530000.0
10648643,0,1.0,0.0,0.0,0.0,1.0,0.0,0.0,0.0,0.0,0.0,0.0,0.0,0.0,0.0,0.0,1.0,0.0,0.0,0.18673469387755104,0.1818181818181818,0.18181818181818182,0.0,0.16666666666666666,1,2,1,0,0,0,0,1,0.0,0.76,0.0,1839000.0
10648641,0,1.0,0.0,0.0,0.0,1.0,0.0,0.0,0.0,0.0,0.0,0.0,0.0,0.0,0.0,0.0,0.0,0.0,1.0,0.1622448979591837,0.1818181818181818,0.2727272727272727,0.14285714285714285,0.16666666666666666,1,2,1,0,0,0,0,1,0.0,0.37,0.0,1360000.0
10648647,0,1.0,0.0,0.0,0.0,1.0,0.0,0.0,0.0,0.0,0.0,0.0,0.0,0.0,0.0,0.0,0.0,0.0,1.0,0.08061224489795918,0.09090909090909091,0.09090909090909091,0.07142857142857142,0.1111111111111111,1,1,1,0,0,0,0,1,0.0,0.11,0.0,430000.0
10648649,1,0.0,1.0,0.0,0.0,0.0,0.0,0.0,0.0,0.0,0.0,0.0,0.0,0.0,1.0,0.0,0.0,0.0,1.0,0.1326530612244898,0.2727272727272727,0.09090909090909091,0.0,0.0,5,6,0,0,0,0,0,0,0.0,0.0,0.0009170265231581294,255000.0
10648651,0,0.0,1.0,0.0,1.0,0.0,0.0,0.0,0.0,0.0,0.0,0.0,0.0,0.0,0.0,1.0,0.0,0.0,0.0,0.11530612244897961,0.1818181818181818,0.18181818181818182,0.0,0.1111111111111111,2,2,0,0,0,0,0,0,0.0,0.0,0.0,389000.0
10648650,0,0.0,1.0,0.0,1.0,0.0,0.0,0.0,0.0,0.0,0.0,0.0,0.0,0.0,0.0,1.0,0.0,0.0,0.0,0.059183673469387764,0.0,0.09090909090909091,0.0,0.05555555555555555,2,2,0,0,0,0,0,0,0.0,0.0,0.0,249000.0
10648654,0,1.0,0.0,0.0,0.0,1.0,0.0,0.0,0.0,0.0,0.0,0.0,0.0,0.0,0.0,0.0,1.0,0.0,0.0,0.09693877551020408,0.1818181818181818,0.09090909090909091,0.07142857142857142,0.05555555555555555,1,4,1,0,0,0,0,1,0.0,0.02,0.0,495000.0
10648655,0,1.0,0.0,0.0,0.0,1.0,0.0,0.0,0.0,0.0,0.0,0.0,0.0,0.0,0.0,0.0,0.0,1.0,0.0,0.057142857142857155,0.0,0.09090909090909091,0.07142857142857142,0.05555555555555555,3,5,0,0,0,0,0,1,0.0,0.02,0.0,229000.0
10648656,0,1.0,0.0,0.0,0.0,1.0,0.0,0.0,0.0,0.0,0.0,0.0,0.0,0.0,0.0,0.0,0.0,1.0,0.0,0.07448979591836735,0.09090909090909091,0.18181818181818182,0.0,0.05555555555555555,1,3,1,0,0,0,1,1,0.07,0.18,0.0,445000.0
10648659,1,0.0,0.0,1.0,0.0,0.0,0.0,0.0,0.0,0.0,0.0,0.0,0.0,1.0,0.0,0.0,0.0,0.0,1.0,0.2612244897959184,0.5454545454545454,0.2727272727272727,0.14285714285714285,0.16666666666666666,3,3,0,0,0,0,1,1,1.0,0.25,0.0015075916040719647,695000.0
10648652,0,0.0,1.0,0.0,1.0,0.0,0.0,0.0,0.0,0.0,0.0,0.0,0.0,0.0,0.0,0.0,0.0,0.0,1.0,0.06122448979591837,0.1818181818181818,0.09090909090909091,0.0,0.0,0,2,1,0,0,0,0,1,0.0,0.0,0.0,184000.0
10648662,0,1.0,0.0,0.0,0.0,1.0,0.0,0.0,0.0,0.0,0.0,0.0,0.0,0.0,0.0,0.0,0.0,1.0,0.0,0.04591836734693878,0.0,0.09090909090909091,0.0,0.05555555555555555,1,2,1,0,0,0,0,1,0.0,0.04,0.0,295000.0
10648679,1,0.0,0.0,1.0,0.0,0.0,0.0,0.0,0.0,0.0,1.0,0.0,0.0,0.0,0.0,0.0,1.0,0.0,0.0,0.15306122448979595,0.1818181818181818,0.09090909090909091,0.0,0.1111111111111111,0,7,0,0,0,0,0,1,0.0,0.0,0.003719459577929373,349000.0
10517605,0,0.0,1.0,0.0,1.0,0.0,0.0,0.0,0.0,0.0,0.0,0.0,0.0,0.0,0.0,0.0,0.0,0.0,1.0,0.07142857142857142,0.09090909090909091,0.09090909090909091,0.0,0.05555555555555555,3,2,1,0,0,0,0,1,0.0,0.11,0.0,249000.0
10648648,0,1.0,0.0,0.0,0.0,1.0,0.0,0.0,0.0,0.0,0.0,0.0,0.0,0.0,0.0,0.0,1.0,0.0,0.0,0.059183673469387764,0.0,0.09090909090909091,0.07142857142857142,0.05555555555555555,1,3,0,0,0,0,0,1,0.0,0.12,0.0,425000.0
10648680,1,0.0,1.0,0.0,1.0,0.0,0.0,0.0,0.0,0.0,0.0,0.0,0.0,0.0,0.0,0.0,0.0,0.0,1.0,0.1275510204081633,0.1818181818181818,0.09090909090909091,0.0,0.1111111111111111,5,6,0,0,0,0,0,1,0.0,0.0,0.0002659376917158575,375000.0
10648681,1,0.0,1.0,0.0,0.0,0.0,0.0,1.0,0.0,0.0,0.0,0.0,0.0,0.0,0.0,0.0,0.0,1.0,0.0,0.1326530612244898,0.2727272727272727,0.09090909090909091,0.0,0.1111111111111111,3,4,0,0,0,0,1,0,0.47000000000000003,0.0,0.0006987742106464946,420000.0
10648685,1,0.0,1.0,0.0,0.0,0.0,0.0,1.0,0.0,0.0,0.0,0.0,0.0,0.0,0.0,0.0,0.0,0.0,1.0,0.27346938775510204,0.5454545454545454,0.2727272727272727,0.0,0.0,0,0,0,0,0,0,0,1,0.0,0.0,0.00014213911108951004,899000.0
10648688,1,1.0,0.0,0.0,0.0,1.0,0.0,0.0,0.0,0.0,0.0,0.0,0.0,0.0,0.0,0.0,1.0,0.0,0.0,0.32142857142857145,0.36363636363636365,0.2727272727272727,0.0,0.0,3,0,0,0,0,0,1,1,0.055,0.1,0.0001375539784737194,550000.0
10648684,1,0.0,1.0,0.0,0.0,0.0,0.0,1.0,0.0,0.0,0.0,0.0,0.0,0.0,0.0,0.0,1.0,0.0,0.0,0.23265306122448984,0.2727272727272727,0.09090909090909091,0.0,0.1111111111111111,0,4,0,0,0,0,0,1,0.0,0.0,0.0022577193000153143,599000.0
10648690,1,0.0,1.0,0.0,0.0,0.0,1.0,0.0,0.0,0.0,0.0,0.0,0.0,0.0,0.0,0.0,0.0,0.0,1.0,0.18979591836734697,0.2727272727272727,0.09090909090909091,0.0,0.1111111111111111,5,6,0,1,0,0,0,1,0.0,0.0,0.00480430195482544,399000.0
10648696,1,0.0,1.0,0.0,0.0,0.0,1.0,0.0,0.0,0.0,0.0,0.0,0.0,0.0,0.0,0.0,0.0,1.0,0.0,0.20204081632653065,0.1818181818181818,0.09090909090909091,0.0,0.1111111111111111,1,3,0,0,0,0,1,1,0.12,0.2,0.00020724799423373723,295000.0
10648707,1,0.0,1.0,0.0,0.0,0.0,1.0,0.0,0.0,0.0,0.0,0.0,0.0,0.0,0.0,0.0,0.0,0.0,1.0,0.13775510204081634,0.1818181818181818,0.09090909090909091,0.0,0.05555555555555555,3,2,0,0,0,0,1,1,0.4,0.2,0.0004951943225053898,449000.0
10648700,0,0.0,1.0,0.0,0.0,0.0,0.0,0.0,0.0,0.0,0.0,0.0,0.0,0.0,1.0,0.0,0.0,1.0,0.0,0.10204081632653061,0.1818181818181818,0.2727272727272727,0.21428571428571427,0.1111111111111111,2,3,1,0,0,0,0,1,0.0,0.0,0.0,1595000.0
10648691,1,0.0,1.0,0.0,1.0,0.0,0.0,0.0,0.0,0.0,0.0,0.0,0.0,0.0,0.0,0.0,0.0,0.0,1.0,0.1969387755102041,0.2727272727272727,0.2727272727272727,0.0,0.16666666666666666,3,2,0,1,0,0,1,0,0.05,0.0,0.0,494000.0
10648693,0,0.0,1.0,0.0,1.0,0.0,0.0,0.0,0.0,0.0,0.0,0.0,0.0,0.0,0.0,0.0,0.0,0.0,1.0,0.08673469387755103,0.09090909090909091,0.09090909090909091,0.0,0.05555555555555555,3,3,1,0,0,0,0,1,0.0,0.07,0.0,180000.0
10648692,0,0.0,1.0,0.0,1.0,0.0,0.0,0.0,0.0,0.0,0.0,0.0,0.0,0.0,0.0,1.0,0.0,0.0,0.0,0.08265306122448982,0.09090909090909091,0.09090909090909091,0.07142857142857142,0.05555555555555555,3,1,1,0,0,0,0,1,0.0,0.12,0.0,490000.0
10648708,1,0.0,1.0,0.0,0.0,0.0,1.0,0.0,0.0,0.0,0.0,0.0,0.0,0.0,0.0,0.0,0.0,1.0,0.0,0.1326530612244898,0.1818181818181818,0.09090909090909091,0.0,0.05555555555555555,2,4,0,0,0,0,1,1,0.22,0.3,0.00028061011608638756,265000.0
10648711,1,0.0,1.0,0.0,0.0,0.0,1.0,0.0,0.0,0.0,0.0,0.0,0.0,0.0,0.0,0.0,0.0,0.0,1.0,0.45918367346938777,0.36363636363636365,0.18181818181818182,0.0,0.05555555555555555,4,6,1,0,1,0,0,1,0.0,0.0,0.0027749222590764994,695000.0
10648722,0,1.0,0.0,0.0,0.0,1.0,0.0,0.0,0.0,0.0,0.0,0.0,0.0,0.0,0.0,0.0,1.0,0.0,0.0,0.1163265306122449,0.1818181818181818,0.18181818181818182,0.07142857142857142,0.1111111111111111,1,3,1,0,0,0,0,1,0.0,0.15,0.0,350000.0
10648723,1,0.0,0.0,1.0,0.0,0.0,0.0,0.0,0.0,0.0,1.0,0.0,0.0,0.0,0.0,0.0,0.0,0.0,1.0,0.07653061224489796,0.0,0.09090909090909091,0.0,0.05555555555555555,5,7,0,0,0,0,1,1,0.24,0.12,0.0003466360257537729,95000.0
10648724,1,0.0,0.0,1.0,0.0,0.0,0.0,0.0,0.0,0.0,1.0,0.0,0.0,0.0,0.0,0.0,1.0,0.0,0.0,0.2122448979591837,0.4545454545454545,0.18181818181818182,0.14285714285714285,0.16666666666666666,4,6,0,0,0,0,1,0,0.22,0.0,0.0004988624285980224,215000.0
10648725,1,0.0,0.0,1.0,0.0,0.0,0.0,0.0,0.0,0.0,1.0,0.0,0.0,0.0,0.0,0.0,0.0,1.0,0.0,0.05612244897959184,0.0,0.0,0.0,0.05555555555555555,2,5,0,0,0,0,0,0,0.0,0.0,2.2925663078953234e-05,115000.0
10648726,1,1.0,0.0,0.0,0.0,1.0,0.0,0.0,0.0,0.0,0.0,0.0,0.0,0.0,0.0,0.0,1.0,0.0,0.0,0.29285714285714287,0.36363636363636365,0.36363636363636365,0.07142857142857142,0.2222222222222222,1,4,0,0,0,0,0,1,0.0,0.05,0.0,599000.0
10648727,1,1.0,0.0,0.0,0.0,1.0,0.0,0.0,0.0,0.0,0.0,0.0,0.0,0.0,0.0,0.0,1.0,0.0,0.0,0.1836734693877551,0.36363636363636365,0.4545454545454546,0.3571428571428571,0.2777777777777778,3,7,0,0,0,0,1,1,0.035,0.01,0.0,449000.0
10648729,1,0.0,1.0,0.0,0.0,0.0,1.0,0.0,0.0,0.0,0.0,0.0,0.0,0.0,0.0,0.0,0.0,1.0,0.0,0.1469387755102041,0.1818181818181818,0.09090909090909091,0.0,0.1111111111111111,3,4,0,0,0,0,0,1,0.0,0.0,0.0002567674264842762,375000.0
10648740,0,0.0,0.0,1.0,0.0,0.0,0.0,0.0,1.0,0.0,0.0,0.0,0.0,0.0,0.0,0.0,0.0,1.0,0.0,0.04591836734693878,0.09090909090909091,0.09090909090909091,0.0,0.05555555555555555,3,5,1,0,0,0,0,1,0.0,0.0,0.0,165000.0
10648734,1,0.0,0.0,1.0,0.0,0.0,0.0,0.0,0.0,0.0,1.0,0.0,0.0,0.0,0.0,1.0,0.0,0.0,0.0,0.0816326530612245,0.1818181818181818,0.18181818181818182,0.07142857142857142,0.1111111111111111,3,3,0,0,0,0,0,0,0.0,0.0,9.903886450107797e-05,275000.0
10648731,0,0.0,0.0,1.0,0.0,0.0,0.0,0.0,0.0,0.0,0.0,0.0,0.0,1.0,0.0,0.0,0.0,0.0,1.0,0.0816326530612245,0.09090909090909091,0.09090909090909091,0.07142857142857142,0.05555555555555555,2,4,0,0,0,0,0,0,0.0,0.0,0.0,175000.0
10648741,1,0.0,1.0,0.0,0.0,0.0,0.0,1.0,0.0,0.0,0.0,0.0,0.0,0.0,0.0,0.0,0.0,0.0,1.0,0.1836734693877551,0.09090909090909091,0.18181818181818182,0.0,0.0,4,0,0,0,0,0,0,1,0.0,0.6,0.0019257556986320716,860000.0
10648743,0,1.0,0.0,0.0,0.0,1.0,0.0,0.0,0.0,0.0,0.0,0.0,0.0,0.0,0.0,0.0,0.0,0.0,1.0,0.06122448979591837,0.09090909090909091,0.09090909090909091,0.07142857142857142,0.1111111111111111,3,6,0,0,0,0,0,0,0.0,0.0,0.0,325000.0
10648744,1,0.0,0.0,1.0,0.0,0.0,0.0,0.0,1.0,0.0,0.0,0.0,0.0,0.0,0.0,0.0,1.0,0.0,0.0,0.15816326530612246,0.2727272727272727,0.09090909090909091,0.07142857142857142,0.1111111111111111,3,2,0,0,1,0,1,1,0.53,0.29,0.0008115684729949445,340000.0
10648748,1,0.0,1.0,0.0,0.0,0.0,0.0,1.0,0.0,0.0,0.0,0.0,0.0,0.0,0.0,0.0,0.0,1.0,0.0,0.3183673469387755,0.8181818181818182,0.5454545454545454,0.0,0.3333333333333333,3,2,0,0,0,0,1,1,0.04,0.13,0.00026410363866954126,1189000.0
10648750,1,0.0,0.0,1.0,0.0,0.0,0.0,0.0,0.0,0.0,0.0,0.0,0.0,1.0,0.0,0.0,0.0,1.0,0.0,0.336734693877551,0.36363636363636365,0.2727272727272727,0.14285714285714285,0.0,3,3,0,0,0,0,1,1,1.0,0.0,0.00493176864154442,1150000.0
10648751,0,0.0,1.0,0.0,1.0,0.0,0.0,0.0,0.0,0.0,0.0,0.0,0.0,0.0,0.0,0.0,1.0,0.0,0.0,0.06122448979591837,0.09090909090909091,0.09090909090909091,0.0,0.0,1,2,1,0,0,0,0,1,0.0,0.05,0.0,275000.0
10648752,0,1.0,0.0,0.0,0.0,1.0,0.0,0.0,0.0,0.0,0.0,0.0,0.0,0.0,0.0,0.0,0.0,0.0,1.0,0.09183673469387757,0.09090909090909091,0.09090909090909091,0.0,0.05555555555555555,2,3,1,0,0,0,0,1,0.0,0.0,0.0,335000.0
10648768,1,0.0,1.0,0.0,0.0,0.0,0.0,1.0,0.0,0.0,0.0,0.0,0.0,0.0,0.0,0.0,1.0,0.0,0.0,0.11224489795918369,0.1818181818181818,0.09090909090909091,0.0,0.05555555555555555,3,6,0,0,0,0,0,1,0.0,0.2,0.0006419185662106905,545000.0
10648757,0,1.0,0.0,0.0,0.0,1.0,0.0,0.0,0.0,0.0,0.0,0.0,0.0,0.0,0.0,0.0,0.0,0.0,1.0,0.07142857142857142,0.09090909090909091,0.18181818181818182,0.0,0.05555555555555555,3,5,1,0,0,0,0,1,0.0,0.06,0.0,399000.0
10648769,0,0.0,1.0,0.0,1.0,0.0,0.0,0.0,0.0,0.0,0.0,0.0,0.0,0.0,0.0,0.0,0.0,0.0,1.0,0.07040816326530613,0.09090909090909091,0.09090909090909091,0.07142857142857142,0.05555555555555555,2,3,1,0,0,0,0,1,0.0,0.14,0.0,340000.0
10648772,1,0.0,1.0,0.0,1.0,0.0,0.0,0.0,0.0,0.0,0.0,0.0,0.0,0.0,0.0,0.0,1.0,0.0,0.0,0.5255102040816326,0.6363636363636364,0.36363636363636365,0.0,0.0,3,3,0,0,0,0,0,1,0.0,0.35000000000000003,0.0001999117820484722,899000.0
10648771,1,0.0,1.0,0.0,1.0,0.0,0.0,0.0,0.0,0.0,0.0,0.0,0.0,0.0,0.0,0.0,0.0,1.0,0.0,0.31326530612244896,0.1818181818181818,0.09090909090909091,0.07142857142857142,0.16666666666666666,3,5,0,0,0,0,0,1,0.0,0.08,0.00021275015337268602,449900.0
10648770,1,0.0,0.0,1.0,0.0,0.0,0.0,0.0,1.0,0.0,0.0,0.0,0.0,0.0,0.0,0.0,1.0,0.0,0.0,0.0816326530612245,0.1818181818181818,0.09090909090909091,0.07142857142857142,0.05555555555555555,3,6,0,0,0,0,0,1,0.0,0.35000000000000003,0.00010087291754739423,149000.0
10648773,1,0.0,1.0,0.0,1.0,0.0,0.0,0.0,0.0,0.0,0.0,0.0,0.0,0.0,0.0,0.0,1.0,0.0,0.0,0.40816326530612246,0.2727272727272727,0.7272727272727273,0.5714285714285714,0.4444444444444444,4,3,0,0,0,0,0,0,0.0,0.0,0.00011004318277897552,585000.0
10648778,0,0.0,0.0,1.0,0.0,0.0,0.0,0.0,1.0,0.0,0.0,0.0,0.0,0.0,0.0,0.0,0.0,1.0,0.0,0.07755102040816328,0.09090909090909091,0.09090909090909091,0.0,0.1111111111111111,1,2,1,0,0,0,0,0,0.0,0.0,0.0,199000.0
10648786,1,0.0,1.0,0.0,0.0,0.0,0.0,0.0,0.0,1.0,0.0,0.0,0.0,0.0,0.0,0.0,0.0,1.0,0.0,0.5408163265306123,0.2727272727272727,0.09090909090909091,0.07142857142857142,0.16666666666666666,4,2,0,1,0,0,1,0,0.0,0.0,0.002780424418215448,499000.0
10648780,1,0.0,0.0,1.0,0.0,0.0,0.0,0.0,1.0,0.0,0.0,0.0,0.0,0.0,0.0,0.0,0.0,0.0,1.0,0.16734693877551024,0.2727272727272727,0.18181818181818182,0.0,0.1111111111111111,1,4,0,0,0,0,1,1,0.15,0.5,0.00021091610032636975,269000.0
10648792,1,0.0,1.0,0.0,0.0,0.0,0.0,1.0,0.0,0.0,0.0,0.0,0.0,0.0,0.0,0.0,1.0,0.0,0.0,0.17755102040816328,0.2727272727272727,0.09090909090909091,0.0,0.1111111111111111,2,1,0,1,0,0,1,1,0.222,0.0,0.0003182082035358709,625000.0
10648779,1,0.0,0.0,1.0,0.0,0.0,0.0,0.0,0.0,0.0,0.0,0.0,0.0,1.0,0.0,0.0,0.0,0.0,1.0,0.12244897959183676,0.1818181818181818,0.18181818181818182,0.0,0.16666666666666666,1,5,0,0,0,0,1,1,0.5,0.4,0.0007134466350170246,525000.0
10648774,1,0.0,1.0,0.0,0.0,0.0,1.0,0.0,0.0,0.0,0.0,0.0,0.0,0.0,0.0,0.0,0.0,1.0,0.0,0.10204081632653061,0.1818181818181818,0.09090909090909091,0.0,0.05555555555555555,3,6,0,0,0,0,0,1,0.0,0.0,0.0007207828472022897,230000.0
10648790,0,0.0,1.0,0.0,0.0,0.0,0.0,1.0,0.0,0.0,0.0,0.0,0.0,0.0,0.0,1.0,0.0,0.0,0.0,0.03571428571428572,0.0,0.09090909090909091,0.0,0.05555555555555555,3,3,0,1,0,0,0,1,0.0,0.02,0.0,159000.0
10648793,1,0.0,1.0,0.0,1.0,0.0,0.0,0.0,0.0,0.0,0.0,0.0,0.0,0.0,0.0,0.0,1.0,0.0,0.0,0.30714285714285716,0.5454545454545454,0.2727272727272727,0.0,0.2222222222222222,3,0,0,0,0,0,0,1,0.0,0.04,0.00011554534191792429,675000.0
10648795,1,0.0,1.0,0.0,0.0,0.0,0.0,0.0,0.0,0.0,0.0,0.0,0.0,0.0,1.0,0.0,0.0,0.0,1.0,0.07755102040816328,0.09090909090909091,0.09090909090909091,0.07142857142857142,0.0,1,1,0,0,0,0,1,1,0.054,0.12,0.0001375539784737194,275000.0
10648797,1,0.0,1.0,0.0,1.0,0.0,0.0,0.0,0.0,0.0,0.0,0.0,0.0,0.0,0.0,0.0,0.0,1.0,0.0,0.18673469387755104,0.1818181818181818,0.09090909090909091,0.0,0.0,3,6,0,0,0,0,0,0,0.0,0.0,0.00018340530463162587,349000.0
10648804,0,0.0,1.0,0.0,0.0,0.0,1.0,0.0,0.0,0.0,0.0,0.0,0.0,0.0,0.0,1.0,0.0,0.0,0.0,0.020408163265306124,0.0,0.09090909090909091,0.0,0.05555555555555555,3,2,0,0,0,0,0,0,0.0,0.0,0.0,185000.0
10648805,1,0.0,1.0,0.0,0.0,0.0,0.0,0.0,0.0,0.0,0.0,0.0,0.0,0.0,1.0,0.0,0.0,1.0,0.0,0.2142857142857143,0.36363636363636365,0.4545454545454546,0.0,0.1111111111111111,1,2,0,0,0,0,0,1,0.0,0.0,0.0001439731641358263,1085000.0
10648799,1,0.0,1.0,0.0,0.0,0.0,0.0,0.0,0.0,1.0,0.0,0.0,0.0,0.0,0.0,0.0,0.0,0.0,1.0,0.15510204081632656,0.2727272727272727,0.09090909090909091,0.0,0.05555555555555555,5,6,0,0,0,0,0,1,0.0,0.0,0.0015268491610582852,369000.0
10648801,1,0.0,0.0,1.0,0.0,0.0,0.0,0.0,1.0,0.0,0.0,0.0,0.0,0.0,0.0,0.0,0.0,0.0,1.0,0.12142857142857144,0.1818181818181818,0.09090909090909091,0.07142857142857142,0.05555555555555555,4,7,0,0,0,0,0,0,0.0,0.0,0.0014030505804319378,149000.0
10648800,1,0.0,0.0,1.0,0.0,0.0,0.0,0.0,1.0,0.0,0.0,0.0,0.0,0.0,0.0,0.0,0.0,1.0,0.0,0.12551020408163266,0.1818181818181818,0.09090909090909091,0.07142857142857142,0.1111111111111111,3,4,0,0,0,0,1,1,0.015,0.25,0.00011921344801055682,229000.0
10648813,0,0.0,1.0,0.0,0.0,0.0,1.0,0.0,0.0,0.0,0.0,0.0,0.0,0.0,0.0,1.0,0.0,0.0,0.0,0.06224489795918368,0.0,0.09090909090909091,0.0,0.05555555555555555,1,0,1,0,0,0,1,1,0.005,0.14,0.0,495000.0
10648816,1,0.0,1.0,0.0,0.0,0.0,1.0,0.0,0.0,0.0,0.0,0.0,0.0,0.0,0.0,0.0,0.0,0.0,1.0,0.12244897959183676,0.1818181818181818,0.09090909090909091,0.0,0.0,3,2,0,0,0,0,0,1,0.0,0.0,0.00024026094906742988,315000.0
10648814,1,0.0,1.0,0.0,1.0,0.0,0.0,0.0,0.0,0.0,0.0,0.0,0.0,0.0,0.0,0.0,0.0,1.0,0.0,0.16938775510204085,0.36363636363636365,0.09090909090909091,0.0,0.1111111111111111,5,6,0,0,0,0,0,0,0.0,0.0,0.00011187723582529178,248000.0
10648819,1,0.0,1.0,0.0,0.0,0.0,0.0,1.0,0.0,0.0,0.0,0.0,0.0,0.0,0.0,0.0,0.0,0.0,1.0,0.2857142857142857,0.2727272727272727,0.09090909090909091,0.07142857142857142,0.1111111111111111,1,3,0,0,0,0,1,1,1.0,1.0,0.0017240098635372832,659000.0
10648833,1,0.0,0.0,1.0,0.0,0.0,0.0,0.0,1.0,0.0,0.0,0.0,0.0,0.0,0.0,1.0,0.0,0.0,0.0,0.0816326530612245,0.09090909090909091,0.09090909090909091,0.07142857142857142,0.1111111111111111,3,3,0,0,0,0,1,0,0.5,0.0,0.0004585132615790647,179000.0
10648831,1,0.0,0.0,1.0,0.0,0.0,0.0,0.0,1.0,0.0,0.0,0.0,0.0,0.0,0.0,0.0,0.0,0.0,1.0,0.16836734693877553,0.09090909090909091,0.09090909090909091,0.07142857142857142,0.05555555555555555,3,5,0,0,0,0,0,1,0.0,0.0,0.0,199000.0
10648830,1,0.0,0.0,1.0,0.0,0.0,0.0,0.0,1.0,0.0,0.0,0.0,0.0,0.0,0.0,0.0,0.0,0.0,1.0,0.45816326530612245,0.36363636363636365,0.09090909090909091,0.0,0.1111111111111111,1,3,0,0,0,0,0,1,0.0,0.0,0.005731415769738308,495000.0
10648834,1,0.0,0.0,1.0,0.0,0.0,0.0,0.0,0.0,0.0,0.0,0.0,1.0,0.0,0.0,0.0,0.0,0.0,1.0,0.2785714285714286,0.1818181818181818,0.09090909090909091,0.0,0.0,0,5,0,0,0,0,0,1,0.0,0.0,0.0006327483009791093,225000.0
10648836,1,0.0,0.0,1.0,0.0,0.0,0.0,0.0,0.0,0.0,0.0,1.0,0.0,0.0,0.0,0.0,0.0,0.0,1.0,0.22040816326530616,0.36363636363636365,0.09090909090909091,0.07142857142857142,0.0,3,2,0,0,0,0,1,1,0.55,0.0,0.0006730974679980669,360000.0
10648839,1,0.0,0.0,1.0,0.0,0.0,0.0,0.0,0.0,0.0,0.0,1.0,0.0,0.0,0.0,0.0,0.0,0.0,1.0,0.2857142857142857,0.1818181818181818,0.09090909090909091,0.07142857142857142,0.05555555555555555,3,5,0,0,0,0,0,1,0.0,0.0,0.0007336212185265035,115000.0
10648844,0,0.0,0.0,1.0,0.0,0.0,0.0,0.0,0.0,0.0,1.0,0.0,0.0,0.0,0.0,1.0,0.0,0.0,0.0,0.09693877551020408,0.1818181818181818,0.09090909090909091,0.07142857142857142,0.0,1,2,0,0,0,0,0,0,0.0,0.0,0.0,115000.0
10648846,0,0.0,0.0,1.0,0.0,0.0,0.0,0.0,1.0,0.0,0.0,0.0,0.0,0.0,0.0,0.0,0.0,1.0,0.0,0.06224489795918368,0.09090909090909091,0.09090909090909091,0.07142857142857142,0.05555555555555555,1,3,1,0,0,0,0,1,0.0,0.0,0.0,235000.0
10648841,0,0.0,0.0,1.0,0.0,0.0,0.0,0.0,0.0,0.0,1.0,0.0,0.0,0.0,0.0,0.0,0.0,0.0,1.0,0.10714285714285715,0.09090909090909091,0.09090909090909091,0.07142857142857142,0.0,1,4,0,0,0,0,0,0,0.0,0.0,0.0,125000.0
10648843,1,0.0,0.0,1.0,0.0,0.0,0.0,0.0,1.0,0.0,0.0,0.0,0.0,0.0,0.0,0.0,0.0,1.0,0.0,0.44081632653061226,0.1818181818181818,0.18181818181818182,0.14285714285714285,0.0,3,3,0,0,1,0,1,1,0.54,0.0,0.0010499953690160581,389000.0
10648849,1,0.0,0.0,1.0,0.0,0.0,0.0,0.0,1.0,0.0,0.0,0.0,0.0,0.0,0.0,0.0,0.0,0.0,1.0,0.12448979591836737,0.1818181818181818,0.09090909090909091,0.07142857142857142,0.05555555555555555,4,5,0,0,0,0,1,1,0.2,0.3,0.00045117704939379963,249900.0
10648842,1,0.0,0.0,1.0,0.0,0.0,0.0,0.0,0.0,0.0,1.0,0.0,0.0,0.0,0.0,0.0,0.0,0.0,1.0,0.10714285714285715,0.09090909090909091,0.09090909090909091,0.07142857142857142,0.0,1,4,0,0,0,0,0,0,0.0,0.0,0.0,125000.0
10648859,1,0.0,1.0,0.0,0.0,0.0,1.0,0.0,0.0,0.0,0.0,0.0,0.0,0.0,0.0,0.0,0.0,1.0,0.0,0.4622448979591837,0.36363636363636365,0.18181818181818182,0.0,0.0,0,3,0,0,0,0,1,1,1.0,0.5,0.00158828993810988,550000.0
10648874,0,0.0,1.0,0.0,0.0,0.0,1.0,0.0,0.0,0.0,0.0,0.0,0.0,0.0,0.0,1.0,0.0,0.0,0.0,0.0653061224489796,0.09090909090909091,0.09090909090909091,0.0,0.05555555555555555,3,0,1,0,0,0,0,1,0.0,0.07,0.0,325000.0
10648873,0,0.0,1.0,0.0,1.0,0.0,0.0,0.0,0.0,0.0,0.0,0.0,0.0,0.0,0.0,0.0,0.0,0.0,1.0,0.0816326530612245,0.1818181818181818,0.09090909090909091,0.0,0.1111111111111111,4,5,1,0,0,0,0,1,0.0,0.13,0.0,265000.0
10386723,0,1.0,0.0,0.0,0.0,1.0,0.0,0.0,0.0,0.0,0.0,0.0,0.0,0.0,0.0,0.0,0.0,0.0,1.0,0.20102040816326533,0.4545454545454545,0.2727272727272727,0.0,0.0,5,7,0,0,0,0,0,0,0.0,0.0,0.0,410000.0
10648867,1,0.0,0.0,1.0,0.0,0.0,0.0,0.0,1.0,0.0,0.0,0.0,0.0,0.0,0.0,0.0,0.0,0.0,1.0,0.5714285714285715,0.6363636363636364,0.09090909090909091,0.2857142857142857,0.2777777777777778,3,0,0,0,1,0,1,1,1.0,0.56,0.019963667409152477,1100000.0
10648871,1,0.0,0.0,1.0,0.0,0.0,0.0,0.0,1.0,0.0,0.0,0.0,0.0,0.0,0.0,0.0,0.0,0.0,1.0,0.3704081632653061,0.1818181818181818,0.09090909090909091,0.07142857142857142,0.0,1,4,0,0,1,0,0,1,0.0,0.0,0.0012746668671897998,645000.0
10648872,1,0.0,0.0,1.0,0.0,0.0,0.0,0.0,1.0,0.0,0.0,0.0,0.0,0.0,0.0,0.0,0.0,0.0,1.0,0.21938775510204084,0.2727272727272727,0.09090909090909091,0.0,0.1111111111111111,1,2,0,0,0,0,1,1,1.0,0.34,0.0017817825344962452,350000.0
10648875,1,0.0,1.0,0.0,0.0,0.0,1.0,0.0,0.0,0.0,0.0,0.0,0.0,0.0,0.0,1.0,0.0,0.0,0.0,0.13367346938775512,0.1818181818181818,0.09090909090909091,0.0,0.1111111111111111,4,4,0,0,0,0,1,0,0.01,0.0,6.419185662106905e-05,330000.0
10648876,1,0.0,0.0,1.0,0.0,0.0,0.0,0.0,0.0,0.0,1.0,0.0,0.0,0.0,0.0,1.0,0.0,0.0,0.0,0.1285714285714286,0.1818181818181818,0.09090909090909091,0.07142857142857142,0.16666666666666666,3,6,0,0,0,0,1,1,0.06,0.3,0.0001439731641358263,345000.0
10648877,1,0.0,1.0,0.0,0.0,0.0,1.0,0.0,0.0,0.0,0.0,0.0,0.0,0.0,0.0,1.0,0.0,0.0,0.0,0.1785714285714286,0.1818181818181818,0.09090909090909091,0.0,0.05555555555555555,5,5,0,0,0,0,1,0,0.025,0.0,0.00012563263367266372,499000.0
10648882,0,1.0,0.0,0.0,0.0,1.0,0.0,0.0,0.0,0.0,0.0,0.0,0.0,0.0,0.0,0.0,1.0,0.0,0.0,0.07959183673469389,0.1818181818181818,0.09090909090909091,0.07142857142857142,0.05555555555555555,3,6,1,0,0,0,0,1,0.0,0.0,0.0,230000.0
10648890,0,0.0,0.0,1.0,0.0,0.0,0.0,0.0,0.0,0.0,0.0,0.0,0.0,1.0,0.0,0.0,0.0,0.0,1.0,0.08061224489795918,0.1818181818181818,0.09090909090909091,0.0,0.05555555555555555,3,2,0,0,0,0,0,0,0.0,0.0,0.0,265000.0
10648879,1,0.0,1.0,0.0,0.0,0.0,1.0,0.0,0.0,0.0,0.0,0.0,0.0,0.0,0.0,1.0,0.0,0.0,0.0,0.16632653061224492,0.2727272727272727,0.09090909090909091,0.0,0.0,1,2,0,0,0,0,0,1,0.0,0.0,7.978130751475726e-05,435000.0
10648889,1,0.0,1.0,0.0,0.0,0.0,0.0,1.0,0.0,0.0,0.0,0.0,0.0,0.0,0.0,0.0,1.0,0.0,0.0,0.2857142857142857,0.36363636363636365,0.2727272727272727,0.07142857142857142,0.16666666666666666,3,3,0,0,0,0,0,1,0.0,0.0,0.0008647560113381159,598000.0
10648884,0,0.0,1.0,0.0,0.0,0.0,0.0,0.0,0.0,0.0,0.0,0.0,0.0,0.0,1.0,0.0,0.0,1.0,0.0,0.11734693877551022,0.1818181818181818,0.18181818181818182,0.0,0.1111111111111111,3,2,1,0,0,0,0,1,0.0,0.0,0.0,1050000.0
10648883,1,0.0,1.0,0.0,0.0,0.0,1.0,0.0,0.0,0.0,0.0,0.0,0.0,0.0,0.0,1.0,0.0,0.0,0.0,0.030612244897959183,0.0,0.09090909090909091,0.0,0.0,5,6,0,0,0,0,0,0,0.0,0.0,0.0,210000.0
10648891,1,0.0,1.0,0.0,0.0,0.0,0.0,0.0,0.0,1.0,0.0,0.0,0.0,0.0,0.0,0.0,0.0,0.0,1.0,0.363265306122449,0.4545454545454545,0.18181818181818182,0.14285714285714285,0.2222222222222222,1,3,0,0,1,0,1,1,1.0,1.0,0.0022384617430289936,1095000.0
10648894,1,0.0,1.0,0.0,1.0,0.0,0.0,0.0,0.0,0.0,0.0,0.0,0.0,0.0,0.0,0.0,0.0,0.0,1.0,0.9061224489795919,0.4545454545454545,0.2727272727272727,0.0,0.0,0,2,0,0,1,0,0,1,0.0,0.0,0.002737324171627016,2075000.0
10648893,1,0.0,0.0,1.0,0.0,0.0,0.0,0.0,0.0,0.0,0.0,0.0,0.0,1.0,0.0,0.0,0.0,1.0,0.0,0.2448979591836735,0.36363636363636365,0.18181818181818182,0.07142857142857142,0.1111111111111111,1,3,0,0,1,0,1,1,0.4,0.0,0.005820367342484647,875000.0
10648897,1,0.0,0.0,1.0,0.0,0.0,0.0,0.0,0.0,0.0,1.0,0.0,0.0,0.0,0.0,0.0,0.0,0.0,1.0,0.18877551020408165,0.2727272727272727,0.09090909090909091,0.07142857142857142,0.05555555555555555,3,3,0,0,0,0,1,1,0.2,0.35000000000000003,0.000418164094560107,280000.0
10648903,1,0.0,0.0,1.0,0.0,0.0,0.0,0.0,0.0,0.0,0.0,1.0,0.0,0.0,0.0,0.0,0.0,0.0,1.0,0.37244897959183676,0.5454545454545454,0.2727272727272727,0.14285714285714285,0.16666666666666666,3,2,0,0,0,0,0,1,0.0,0.0,0.001375539784737194,350000.0
10648901,1,0.0,1.0,0.0,0.0,0.0,0.0,0.0,0.0,1.0,0.0,0.0,0.0,0.0,0.0,0.0,0.0,0.0,1.0,0.4346938775510204,0.2727272727272727,0.09090909090909091,0.0,0.1111111111111111,1,1,0,0,0,0,1,1,0.77,0.45,0.0008445814278286372,749000.0
10648904,0,0.0,1.0,0.0,0.0,0.0,0.0,0.0,0.0,0.0,0.0,0.0,0.0,0.0,1.0,0.0,0.0,1.0,0.0,0.05612244897959184,0.09090909090909091,0.09090909090909091,0.0,0.05555555555555555,1,2,1,0,0,0,0,0,0.0,0.0,0.0,565000.0
10648899,1,0.0,0.0,1.0,0.0,0.0,0.0,0.0,0.0,0.0,1.0,0.0,0.0,0.0,0.0,0.0,0.0,0.0,1.0,0.10714285714285715,0.09090909090909091,0.09090909090909091,0.07142857142857142,0.1111111111111111,3,5,0,0,0,0,1,1,0.4,0.0,0.0005135348529685524,195000.0
10648906,1,1.0,0.0,0.0,0.0,1.0,0.0,0.0,0.0,0.0,0.0,0.0,0.0,0.0,0.0,0.0,0.0,0.0,1.0,0.1326530612244898,0.2727272727272727,0.18181818181818182,0.0,0.16666666666666666,5,7,0,0,0,0,0,0,0.0,0.0,9.170265231581294e-05,495000.0
10648902,0,0.0,1.0,0.0,0.0,0.0,0.0,0.0,0.0,0.0,0.0,0.0,0.0,0.0,1.0,0.0,0.0,1.0,0.0,0.05816326530612246,0.09090909090909091,0.09090909090909091,0.0,0.05555555555555555,5,0,1,0,0,0,0,1,0.0,0.05,0.0,525000.0
10648910,1,0.0,1.0,0.0,0.0,0.0,1.0,0.0,0.0,0.0,0.0,0.0,0.0,0.0,0.0,0.0,0.0,1.0,0.0,0.1795918367346939,0.2727272727272727,0.09090909090909091,0.0,0.1111111111111111,3,3,0,0,0,0,1,1,1.0,0.4,0.00017882017201583522,525000.0
10648909,1,0.0,1.0,0.0,0.0,0.0,0.0,0.0,0.0,1.0,0.0,0.0,0.0,0.0,0.0,0.0,0.0,0.0,1.0,0.1479591836734694,0.1818181818181818,0.09090909090909091,0.0,0.0,3,6,0,0,0,0,0,1,0.0,0.0,0.0008913497805097017,249000.0
10648914,1,0.0,0.0,1.0,0.0,0.0,0.0,0.0,0.0,0.0,0.0,0.0,0.0,1.0,0.0,0.0,0.0,0.0,1.0,0.15816326530612246,0.1818181818181818,0.18181818181818182,0.07142857142857142,0.16666666666666666,1,2,0,0,0,0,1,1,0.4,0.5,0.0006538399110117462,720000.0
10648916,0,0.0,0.0,1.0,0.0,0.0,0.0,0.0,0.0,0.0,1.0,0.0,0.0,0.0,0.0,1.0,0.0,0.0,0.0,0.10204081632653061,0.1818181818181818,0.09090909090909091,0.0,0.05555555555555555,4,7,1,0,0,0,0,1,0.0,0.29,0.0,285000.0
10648913,0,1.0,0.0,0.0,0.0,1.0,0.0,0.0,0.0,0.0,0.0,0.0,0.0,0.0,0.0,0.0,1.0,0.0,0.0,0.06428571428571428,0.09090909090909091,0.09090909090909091,0.21428571428571427,0.05555555555555555,3,4,1,0,0,0,0,1,0.0,0.06,0.0,235000.0
10648915,1,0.0,0.0,1.0,0.0,0.0,0.0,0.0,0.0,0.0,1.0,0.0,0.0,0.0,0.0,0.0,0.0,0.0,1.0,0.1326530612244898,0.2727272727272727,0.09090909090909091,0.07142857142857142,0.1111111111111111,5,6,0,0,1,0,1,1,1.0,0.3,0.002890467600994424,330000.0
10648926,1,0.0,0.0,1.0,0.0,0.0,0.0,0.0,0.0,0.0,0.0,0.0,1.0,0.0,0.0,0.0,1.0,0.0,0.0,0.042857142857142864,0.09090909090909091,0.09090909090909091,0.07142857142857142,0.05555555555555555,3,6,0,0,0,0,0,1,0.0,0.0,0.000418164094560107,225000.0
10648928,1,0.0,0.0,1.0,0.0,0.0,0.0,0.0,0.0,0.0,0.0,1.0,0.0,0.0,0.0,0.0,0.0,0.0,1.0,0.19897959183673472,0.36363636363636365,0.18181818181818182,0.14285714285714285,0.1111111111111111,3,5,0,0,0,0,0,1,0.0,0.08,0.00015589450893688199,225000.0
10648922,0,0.0,0.0,1.0,0.0,0.0,0.0,0.0,0.0,0.0,0.0,1.0,0.0,0.0,0.0,0.0,0.0,1.0,0.0,0.06632653061224492,0.09090909090909091,0.09090909090909091,0.0,0.05555555555555555,0,1,0,0,0,0,1,1,0.1,0.08,0.0,229900.0
10648930,1,1.0,0.0,0.0,0.0,1.0,0.0,0.0,0.0,0.0,0.0,0.0,0.0,0.0,0.0,0.0,0.0,0.0,1.0,0.17448979591836736,0.2727272727272727,0.18181818181818182,0.14285714285714285,0.16666666666666666,3,5,0,0,0,0,1,1,0.14,0.1,0.00023934392254427176,645000.0
10648924,1,0.0,1.0,0.0,1.0,0.0,0.0,0.0,0.0,0.0,0.0,0.0,0.0,0.0,0.0,0.0,0.0,0.0,1.0,0.11530612244897961,0.1818181818181818,0.09090909090909091,0.0,0.0,0,6,0,1,0,0,0,0,0.0,0.0,0.0011591215252718754,499000.0
10648929,0,1.0,0.0,0.0,0.0,1.0,0.0,0.0,0.0,0.0,0.0,0.0,0.0,0.0,0.0,0.0,1.0,0.0,0.0,0.05510204081632653,0.0,0.09090909090909091,0.0,0.05555555555555555,5,7,1,0,0,0,0,0,0.0,0.0,0.0,179000.0
10648937,1,0.0,1.0,0.0,0.0,0.0,0.0,1.0,0.0,0.0,0.0,0.0,0.0,0.0,0.0,0.0,0.0,0.0,1.0,0.29489795918367345,0.36363636363636365,0.09090909090909091,0.0,0.1111111111111111,1,2,0,0,0,0,0,1,0.0,0.0,0.001007812148950784,749800.0
10648936,1,0.0,1.0,0.0,0.0,0.0,0.0,1.0,0.0,0.0,0.0,0.0,0.0,0.0,0.0,0.0,0.0,0.0,1.0,0.10816326530612247,0.1818181818181818,0.09090909090909091,0.0,0.05555555555555555,3,6,0,0,0,0,0,1,0.0,0.0,0.00024209500211374614,319000.0
10648940,1,0.0,1.0,0.0,0.0,0.0,0.0,1.0,0.0,0.0,0.0,0.0,0.0,0.0,0.0,0.0,0.0,0.0,1.0,0.15408163265306124,0.1818181818181818,0.09090909090909091,0.0,0.0,3,4,0,0,0,0,0,0,0.0,0.0,0.00029895064654955015,385000.0
10648950,1,0.0,1.0,0.0,1.0,0.0,0.0,0.0,0.0,0.0,0.0,0.0,0.0,0.0,0.0,0.0,0.0,0.0,1.0,0.3326530612244898,0.1818181818181818,0.18181818181818182,0.0,0.0,0,4,0,0,0,0,0,1,0.0,0.0,0.001792786852774143,869000.0
10648941,0,0.0,0.0,1.0,0.0,0.0,0.0,0.0,0.0,0.0,0.0,1.0,0.0,0.0,0.0,0.0,0.0,1.0,0.0,0.05204081632653062,0.0,0.09090909090909091,0.07142857142857142,0.05555555555555555,1,2,1,0,0,0,1,1,0.026000000000000002,0.09,0.0,299000.0
10648943,1,0.0,1.0,0.0,0.0,0.0,0.0,1.0,0.0,0.0,0.0,0.0,0.0,0.0,0.0,0.0,0.0,0.0,1.0,0.1326530612244898,0.1818181818181818,0.09090909090909091,0.0,0.1111111111111111,1,2,0,0,0,0,0,1,0.0,0.0,0.0003558062909853542,415000.0
10648942,1,0.0,1.0,0.0,0.0,0.0,0.0,1.0,0.0,0.0,0.0,0.0,0.0,0.0,0.0,0.0,0.0,0.0,1.0,0.14285714285714288,0.1818181818181818,0.09090909090909091,0.0,0.05555555555555555,5,6,0,0,0,0,0,1,0.0,0.0,0.0014314784026498398,425000.0
10648956,1,0.0,1.0,0.0,1.0,0.0,0.0,0.0,0.0,0.0,0.0,0.0,0.0,0.0,0.0,0.0,0.0,0.0,1.0,0.1948979591836735,0.1818181818181818,0.18181818181818182,0.14285714285714285,0.1111111111111111,4,3,0,0,0,0,0,0,0.0,0.0,0.0006391674866412161,624900.0
10648957,1,0.0,1.0,0.0,0.0,0.0,1.0,0.0,0.0,0.0,0.0,0.0,0.0,0.0,0.0,0.0,1.0,0.0,0.0,0.1479591836734694,0.2727272727272727,0.18181818181818182,0.0,0.0,0,4,0,0,0,0,0,0,0.0,0.0,7.336212185265035e-05,259000.0
10648958,1,1.0,0.0,0.0,0.0,1.0,0.0,0.0,0.0,0.0,0.0,0.0,0.0,0.0,0.0,0.0,0.0,0.0,1.0,0.18877551020408165,0.2727272727272727,0.09090909090909091,0.07142857142857142,0.1111111111111111,5,7,0,0,0,0,0,1,0.0,0.0,0.0008757603296160135,1050000.0
10648959,0,0.0,1.0,0.0,1.0,0.0,0.0,0.0,0.0,0.0,0.0,0.0,0.0,0.0,0.0,0.0,1.0,0.0,0.0,0.14081632653061227,0.1818181818181818,0.18181818181818182,0.0,0.0,1,2,1,0,0,0,0,1,0.0,0.38,0.0,945000.0
10648964,0,0.0,1.0,0.0,1.0,0.0,0.0,0.0,0.0,0.0,0.0,0.0,0.0,0.0,0.0,0.0,0.0,1.0,0.0,0.06632653061224492,0.09090909090909091,0.09090909090909091,0.0,0.05555555555555555,1,2,0,0,0,0,0,1,0.0,0.02,0.0,209000.0
10648960,0,0.0,1.0,0.0,1.0,0.0,0.0,0.0,0.0,0.0,0.0,0.0,0.0,0.0,0.0,0.0,0.0,1.0,0.0,0.06326530612244899,0.09090909090909091,0.09090909090909091,0.0,0.05555555555555555,3,4,0,0,0,0,1,1,0.04,0.0,0.0,210000.0
10648963,0,0.0,1.0,0.0,1.0,0.0,0.0,0.0,0.0,0.0,0.0,0.0,0.0,0.0,0.0,0.0,0.0,1.0,0.0,0.06632653061224492,0.09090909090909091,0.09090909090909091,0.0,0.05555555555555555,1,2,0,0,0,0,0,1,0.0,0.02,0.0,209000.0
10648962,0,0.0,1.0,0.0,1.0,0.0,0.0,0.0,0.0,0.0,0.0,0.0,0.0,0.0,0.0,0.0,0.0,1.0,0.0,0.057142857142857155,0.09090909090909091,0.09090909090909091,0.0,0.05555555555555555,1,3,0,0,0,0,0,0,0.0,0.0,0.0,215000.0
10648965,0,0.0,1.0,0.0,1.0,0.0,0.0,0.0,0.0,0.0,0.0,0.0,0.0,0.0,0.0,0.0,0.0,1.0,0.0,0.06632653061224492,0.09090909090909091,0.09090909090909091,0.0,0.05555555555555555,1,2,0,0,0,0,0,1,0.0,0.02,0.0,205000.0
10648966,1,0.0,0.0,1.0,0.0,0.0,0.0,0.0,0.0,0.0,0.0,1.0,0.0,0.0,0.0,0.0,0.0,0.0,1.0,0.1785714285714286,0.1818181818181818,0.09090909090909091,0.0,0.0,3,6,0,0,0,0,0,0,0.0,0.0,0.0004447578637316927,135000.0
10517891,1,0.0,0.0,1.0,0.0,0.0,0.0,0.0,1.0,0.0,0.0,0.0,0.0,0.0,0.0,0.0,0.0,0.0,1.0,0.13673469387755105,0.2727272727272727,0.09090909090909091,0.0,0.0,0,5,0,0,0,0,0,0,0.0,0.0,9.353670536212919e-05,150000.0
10648969,1,1.0,0.0,0.0,0.0,1.0,0.0,0.0,0.0,0.0,0.0,0.0,0.0,0.0,0.0,0.0,1.0,0.0,0.0,0.22448979591836737,0.2727272727272727,0.36363636363636365,0.2857142857142857,0.2222222222222222,3,0,0,0,0,0,0,0,0.0,0.0,9.170265231581294e-05,395000.0
10648967,1,0.0,1.0,0.0,1.0,0.0,0.0,0.0,0.0,0.0,0.0,0.0,0.0,0.0,0.0,0.0,0.0,1.0,0.0,0.10612244897959186,0.1818181818181818,0.09090909090909091,0.0,0.1111111111111111,0,3,0,0,0,0,1,1,0.05,0.13,0.0001439731641358263,380000.0
10648971,1,0.0,1.0,0.0,0.0,0.0,0.0,1.0,0.0,0.0,0.0,0.0,0.0,0.0,0.0,0.0,0.0,0.0,1.0,0.31020408163265306,0.36363636363636365,0.18181818181818182,0.07142857142857142,0.16666666666666666,0,3,0,0,0,0,1,1,0.802,0.0,0.0009472883984223476,1150000.0
10648968,1,0.0,1.0,0.0,1.0,0.0,0.0,0.0,0.0,0.0,0.0,0.0,0.0,0.0,0.0,0.0,0.0,0.0,1.0,0.30918367346938774,0.36363636363636365,0.18181818181818182,0.0,0.1111111111111111,1,2,0,0,0,0,0,1,0.0,0.0,0.0006841017862759645,675000.0
10648972,0,0.0,1.0,0.0,0.0,0.0,0.0,0.0,0.0,0.0,0.0,0.0,0.0,0.0,1.0,0.0,0.0,0.0,1.0,0.04489795918367347,0.0,0.09090909090909091,0.0,0.05555555555555555,3,2,1,0,0,0,0,1,0.0,0.07,0.0,269000.0
10648984,1,0.0,1.0,0.0,1.0,0.0,0.0,0.0,0.0,0.0,0.0,0.0,0.0,0.0,0.0,0.0,0.0,0.0,1.0,0.1653061224489796,0.1818181818181818,0.18181818181818182,0.0,0.0,3,2,0,0,0,0,0,1,0.0,0.0,0.0003860681662495725,515000.0
10648979,0,1.0,0.0,0.0,0.0,1.0,0.0,0.0,0.0,0.0,0.0,0.0,0.0,0.0,0.0,0.0,1.0,0.0,0.0,0.08571428571428572,0.0,0.09090909090909091,0.0,0.05555555555555555,3,7,0,0,0,0,0,0,0.0,0.0,0.0,480000.0
10648976,0,0.0,1.0,0.0,0.0,0.0,0.0,1.0,0.0,0.0,0.0,0.0,0.0,0.0,0.0,1.0,0.0,0.0,0.0,0.028571428571428574,0.0,0.09090909090909091,0.0,0.0,1,1,1,0,0,0,0,1,0.0,0.1,0.0,319000.0
10648983,1,0.0,0.0,1.0,0.0,0.0,0.0,0.0,1.0,0.0,0.0,0.0,0.0,0.0,0.0,0.0,0.0,0.0,1.0,0.12244897959183676,0.1818181818181818,0.09090909090909091,0.07142857142857142,0.05555555555555555,4,6,0,0,0,0,1,1,0.45,0.0,0.0005410456486632963,170000.0
10648975,1,0.0,1.0,0.0,0.0,0.0,0.0,1.0,0.0,0.0,0.0,0.0,0.0,0.0,0.0,0.0,1.0,0.0,0.0,0.20612244897959187,0.36363636363636365,0.18181818181818182,0.0,0.0,3,4,0,0,0,0,0,1,0.0,1.0,0.0010545805016318487,525000.0
10648986,1,0.0,0.0,1.0,0.0,0.0,0.0,0.0,1.0,0.0,0.0,0.0,0.0,0.0,0.0,0.0,0.0,0.0,1.0,0.22346938775510206,0.2727272727272727,0.18181818181818182,0.14285714285714285,0.1111111111111111,2,3,0,0,0,0,0,0,0.0,0.0,0.006034034522380491,250000.0
10648985,1,0.0,1.0,0.0,1.0,0.0,0.0,0.0,0.0,0.0,0.0,0.0,0.0,0.0,0.0,0.0,0.0,0.0,1.0,0.08469387755102042,0.1818181818181818,0.09090909090909091,0.0,0.1111111111111111,2,2,0,0,0,0,0,1,0.0,0.0,0.0,449000.0
10648988,0,0.0,0.0,1.0,0.0,0.0,0.0,0.0,0.0,0.0,1.0,0.0,0.0,0.0,0.0,0.0,0.0,0.0,1.0,0.05408163265306123,0.0,0.09090909090909091,0.07142857142857142,0.05555555555555555,1,0,1,0,0,0,0,0,0.0,0.0,0.0,298546.0
10648989,0,0.0,0.0,1.0,0.0,0.0,0.0,0.0,0.0,0.0,1.0,0.0,0.0,0.0,0.0,0.0,0.0,0.0,1.0,0.04489795918367347,0.0,0.09090909090909091,0.07142857142857142,0.05555555555555555,0,0,1,0,0,0,0,0,0.0,0.0,0.0,271358.0
10648987,0,0.0,0.0,1.0,0.0,0.0,0.0,0.0,0.0,0.0,1.0,0.0,0.0,0.0,0.0,0.0,0.0,0.0,1.0,0.05408163265306123,0.0,0.09090909090909091,0.0,0.05555555555555555,1,0,1,0,0,0,0,0,0.0,0.0,0.0,311018.0
10648993,0,0.0,0.0,1.0,0.0,0.0,0.0,0.0,0.0,0.0,1.0,0.0,0.0,0.0,0.0,0.0,0.0,0.0,1.0,0.07959183673469389,0.09090909090909091,0.09090909090909091,0.0,0.1111111111111111,1,0,1,0,0,0,0,0,0.0,0.0,0.0,402800.0
10648995,1,0.0,0.0,1.0,0.0,0.0,0.0,0.0,0.0,0.0,1.0,0.0,0.0,0.0,0.0,0.0,0.0,1.0,0.0,0.13775510204081634,0.2727272727272727,0.09090909090909091,0.0,0.1111111111111111,0,1,0,0,0,0,0,1,0.0,0.38,0.0005483818608485613,570392.0
10648992,0,0.0,0.0,1.0,0.0,0.0,0.0,0.0,0.0,0.0,1.0,0.0,0.0,0.0,0.0,0.0,0.0,0.0,1.0,0.04489795918367347,0.0,0.09090909090909091,0.07142857142857142,0.05555555555555555,1,0,1,0,0,0,0,0,0.0,0.0,0.0,283054.0
10648991,0,0.0,0.0,1.0,0.0,0.0,0.0,0.0,0.0,0.0,1.0,0.0,0.0,0.0,0.0,0.0,0.0,0.0,1.0,0.05408163265306123,0.0,0.09090909090909091,0.07142857142857142,0.05555555555555555,1,0,1,0,0,0,0,0,0.0,0.0,0.0,320942.0
10648990,0,0.0,0.0,1.0,0.0,0.0,0.0,0.0,0.0,0.0,1.0,0.0,0.0,0.0,0.0,0.0,0.0,0.0,1.0,0.07959183673469389,0.09090909090909091,0.09090909090909091,0.07142857142857142,0.1111111111111111,1,0,1,0,0,0,0,0,0.0,0.0,0.0,381716.0
10648997,0,0.0,1.0,0.0,1.0,0.0,0.0,0.0,0.0,0.0,0.0,0.0,0.0,0.0,0.0,0.0,1.0,0.0,0.0,0.12244897959183676,0.1818181818181818,0.18181818181818182,0.14285714285714285,0.1111111111111111,1,0,0,0,0,0,0,1,0.0,0.14,0.0,520000.0
10648994,0,0.0,0.0,1.0,0.0,0.0,0.0,0.0,0.0,0.0,1.0,0.0,0.0,0.0,0.0,0.0,0.0,0.0,1.0,0.08877551020408164,0.1818181818181818,0.09090909090909091,0.0,0.05555555555555555,1,0,1,0,0,0,0,0,0.0,0.0,0.0,445200.0
10648999,1,0.0,0.0,1.0,0.0,0.0,0.0,0.0,0.0,0.0,0.0,0.0,0.0,1.0,0.0,0.0,0.0,0.0,1.0,0.1326530612244898,0.1818181818181818,0.09090909090909091,0.07142857142857142,0.05555555555555555,1,3,0,0,0,0,1,1,0.4,0.0,0.0006639272027664856,485000.0
10649001,1,0.0,0.0,1.0,0.0,0.0,0.0,0.0,1.0,0.0,0.0,0.0,0.0,0.0,0.0,0.0,0.0,0.0,1.0,0.6846938775510204,0.2727272727272727,0.09090909090909091,0.0,0.0,5,7,0,0,0,0,0,1,0.0,0.0,0.0004310024658843208,750000.0
10648998,1,0.0,0.0,1.0,0.0,0.0,0.0,0.0,0.0,0.0,0.0,0.0,0.0,1.0,0.0,0.0,0.0,0.0,1.0,0.22448979591836737,0.36363636363636365,0.2727272727272727,0.21428571428571427,0.16666666666666666,4,3,0,0,0,0,0,1,0.0,0.0,0.0010490783424928999,675000.0
10649000,1,0.0,1.0,0.0,1.0,0.0,0.0,0.0,0.0,0.0,0.0,0.0,0.0,0.0,0.0,0.0,0.0,0.0,1.0,0.18469387755102043,0.1818181818181818,0.09090909090909091,0.0,0.05555555555555555,4,4,0,0,0,0,0,0,0.0,0.0,0.0011499512600402942,289000.0
10649004,1,0.0,1.0,0.0,1.0,0.0,0.0,0.0,0.0,0.0,0.0,0.0,0.0,0.0,0.0,0.0,0.0,0.0,1.0,0.163265306122449,0.36363636363636365,0.09090909090909091,0.0,0.1111111111111111,1,3,0,0,0,0,1,0,0.042,0.0,0.00010912615625581739,389000.0
10649005,1,0.0,0.0,1.0,0.0,0.0,0.0,0.0,0.0,0.0,1.0,0.0,0.0,0.0,0.0,0.0,0.0,0.0,1.0,0.1469387755102041,0.09090909090909091,0.09090909090909091,0.07142857142857142,0.1111111111111111,0,7,0,0,0,0,0,1,0.0,0.27,0.0010013929632886772,299000.0
10649013,1,0.0,1.0,0.0,0.0,0.0,0.0,1.0,0.0,0.0,0.0,0.0,0.0,0.0,0.0,0.0,0.0,0.0,1.0,0.20306122448979594,0.2727272727272727,0.09090909090909091,0.0,0.1111111111111111,4,4,0,1,0,0,1,1,0.0,0.0,0.0015571110363225035,850000.0
10649015,1,0.0,1.0,0.0,1.0,0.0,0.0,0.0,0.0,0.0,0.0,0.0,0.0,0.0,0.0,0.0,0.0,0.0,1.0,0.15204081632653063,0.1818181818181818,0.09090909090909091,0.0,0.1111111111111111,0,0,0,1,0,0,1,1,0.062,0.09,0.00023292473688216485,345000.0
10649014,1,0.0,1.0,0.0,1.0,0.0,0.0,0.0,0.0,0.0,0.0,0.0,0.0,0.0,0.0,0.0,0.0,0.0,1.0,0.15204081632653063,0.1818181818181818,0.09090909090909091,0.0,0.1111111111111111,0,0,0,1,0,0,1,1,0.06,0.12,0.00013205181933477063,348000.0
10649003,1,0.0,1.0,0.0,0.0,0.0,0.0,1.0,0.0,0.0,0.0,0.0,0.0,0.0,0.0,0.0,0.0,0.0,1.0,0.3193877551020408,0.36363636363636365,0.2727272727272727,0.0,0.16666666666666666,1,0,0,0,0,0,1,1,1.0,0.56,0.001112353172590811,1895000.0
10649018,1,0.0,1.0,0.0,1.0,0.0,0.0,0.0,0.0,0.0,0.0,0.0,0.0,0.0,0.0,0.0,0.0,0.0,1.0,0.15510204081632656,0.1818181818181818,0.09090909090909091,0.0,0.1111111111111111,0,0,0,1,0,0,1,1,0.202,0.13,0.0002631866121463831,383000.0
10649057,0,0.0,1.0,0.0,0.0,0.0,1.0,0.0,0.0,0.0,0.0,0.0,0.0,0.0,0.0,0.0,0.0,0.0,1.0,0.07142857142857142,0.09090909090909091,0.09090909090909091,0.0,0.05555555555555555,0,2,1,0,0,0,0,1,0.0,0.04,0.0,213900.0
10649055,0,1.0,0.0,0.0,0.0,1.0,0.0,0.0,0.0,0.0,0.0,0.0,0.0,0.0,0.0,0.0,0.0,0.0,1.0,0.08877551020408164,0.09090909090909091,0.18181818181818182,0.14285714285714285,0.1111111111111111,5,6,0,0,0,0,0,0,0.0,0.0,0.0,180000.0
10649042,1,0.0,1.0,0.0,0.0,0.0,0.0,0.0,0.0,0.0,0.0,0.0,0.0,0.0,1.0,0.0,0.0,0.0,1.0,0.3010204081632653,0.36363636363636365,0.09090909090909091,0.14285714285714285,0.16666666666666666,3,2,0,0,1,0,1,1,0.9,0.85,0.0011050169604055458,615000.0
10649047,1,0.0,0.0,1.0,0.0,0.0,0.0,0.0,1.0,0.0,0.0,0.0,0.0,0.0,0.0,0.0,0.0,0.0,1.0,0.12244897959183676,0.1818181818181818,0.09090909090909091,0.07142857142857142,0.05555555555555555,3,6,0,0,0,0,0,1,0.0,0.0,0.0009674629819318264,165000.0
10649058,1,0.0,1.0,0.0,1.0,0.0,0.0,0.0,0.0,0.0,0.0,0.0,0.0,0.0,0.0,0.0,0.0,1.0,0.0,0.057142857142857155,0.0,0.09090909090909091,0.07142857142857142,0.05555555555555555,3,2,0,0,0,0,0,1,0.0,0.05,3.576403440316705e-05,269000.0
10649045,1,0.0,0.0,1.0,0.0,0.0,0.0,0.0,1.0,0.0,0.0,0.0,0.0,0.0,0.0,0.0,0.0,0.0,1.0,0.0816326530612245,0.09090909090909091,0.09090909090909091,0.07142857142857142,0.05555555555555555,4,7,0,0,0,0,1,1,0.14,0.3,0.00024851418777585305,95000.0
10649060,0,0.0,1.0,0.0,1.0,0.0,0.0,0.0,0.0,0.0,0.0,0.0,0.0,0.0,0.0,0.0,0.0,0.0,1.0,0.06938775510204082,0.09090909090909091,0.09090909090909091,0.0,0.0,0,0,0,0,0,0,0,1,0.0,0.08,0.0,279500.0
10649059,1,0.0,1.0,0.0,1.0,0.0,0.0,0.0,0.0,0.0,0.0,0.0,0.0,0.0,0.0,0.0,1.0,0.0,0.0,0.15714285714285717,0.1818181818181818,0.09090909090909091,0.0,0.1111111111111111,0,0,0,0,0,0,0,1,0.0,0.0,0.0004520940759169578,499500.0
10649062,1,0.0,1.0,0.0,0.0,0.0,1.0,0.0,0.0,0.0,0.0,0.0,0.0,0.0,0.0,0.0,0.0,0.0,1.0,0.2479591836734694,0.2727272727272727,0.18181818181818182,0.0,0.1111111111111111,3,3,0,0,0,0,0,1,0.0,0.25,0.000843664401305479,515000.0
10649061,0,0.0,1.0,0.0,1.0,0.0,0.0,0.0,0.0,0.0,0.0,0.0,0.0,0.0,0.0,0.0,0.0,0.0,1.0,0.051020408163265314,0.0,0.09090909090909091,0.0,0.0,0,0,0,0,0,0,0,1,0.0,0.06,0.0,219500.0
10649064,1,0.0,1.0,0.0,0.0,0.0,1.0,0.0,0.0,0.0,0.0,0.0,0.0,0.0,0.0,0.0,0.0,0.0,1.0,0.20408163265306126,0.1818181818181818,0.09090909090909091,0.07142857142857142,0.05555555555555555,5,6,0,0,0,0,1,1,0.364,0.0,0.0007437085102812429,399000.0
10649063,0,0.0,0.0,1.0,0.0,0.0,0.0,0.0,1.0,0.0,0.0,0.0,0.0,0.0,0.0,1.0,0.0,0.0,0.0,0.02142857142857143,0.0,0.09090909090909091,0.0,0.0,5,4,1,0,0,0,0,1,0.0,0.0,0.0,45000.0
10649070,1,0.0,1.0,0.0,1.0,0.0,0.0,0.0,0.0,0.0,0.0,0.0,0.0,0.0,0.0,0.0,0.0,0.0,1.0,0.13877551020408166,0.1818181818181818,0.09090909090909091,0.0,0.0,0,6,0,0,0,0,0,1,0.0,0.0,0.0006831847597528063,323000.0
10649067,1,0.0,1.0,0.0,1.0,0.0,0.0,0.0,0.0,0.0,0.0,0.0,0.0,0.0,0.0,0.0,0.0,0.0,1.0,0.19081632653061226,0.2727272727272727,0.09090909090909091,0.0,0.1111111111111111,3,4,0,0,0,0,1,1,0.6890000000000001,0.0,0.0006318312744559511,387000.0
10649076,1,0.0,0.0,1.0,0.0,0.0,0.0,0.0,0.0,0.0,1.0,0.0,0.0,0.0,0.0,0.0,0.0,0.0,1.0,0.0816326530612245,0.09090909090909091,0.09090909090909091,0.0,0.1111111111111111,3,2,0,0,0,0,1,1,0.146,0.14,0.00017606909244636084,265000.0
10649110,1,0.0,0.0,1.0,0.0,0.0,0.0,0.0,0.0,0.0,1.0,0.0,0.0,0.0,0.0,0.0,0.0,0.0,1.0,0.08469387755102042,0.09090909090909091,0.09090909090909091,0.07142857142857142,0.05555555555555555,4,5,0,0,0,0,1,1,0.36,0.0,0.0004154130149906326,180000.0
10649111,1,0.0,0.0,1.0,0.0,0.0,0.0,0.0,0.0,0.0,1.0,0.0,0.0,0.0,0.0,0.0,0.0,1.0,0.0,0.09081632653061225,0.1818181818181818,0.09090909090909091,0.0,0.05555555555555555,3,7,0,0,0,0,1,1,0.095,0.0,0.00023292473688216485,140000.0
10649116,1,0.0,0.0,1.0,0.0,0.0,0.0,0.0,0.0,0.0,1.0,0.0,0.0,0.0,0.0,0.0,0.0,1.0,0.0,0.41836734693877553,0.7272727272727273,0.4545454545454546,0.3571428571428571,0.3333333333333333,4,3,0,0,0,0,1,1,0.48,0.2,0.0006620931497201694,365000.0
10649117,1,0.0,0.0,1.0,0.0,0.0,0.0,0.0,0.0,0.0,1.0,0.0,0.0,0.0,0.0,0.0,0.0,1.0,0.0,0.08571428571428572,0.09090909090909091,0.09090909090909091,0.7142857142857142,0.05555555555555555,3,4,0,0,0,0,0,1,0.0,1.0,8.711751970002229e-05,199000.0
10649112,0,0.0,0.0,1.0,0.0,0.0,0.0,0.0,0.0,0.0,1.0,0.0,0.0,0.0,0.0,0.0,1.0,0.0,0.0,0.05306122448979592,0.09090909090909091,0.09090909090909091,0.0,0.05555555555555555,4,3,0,0,0,0,0,1,0.0,0.0,0.0,149000.0
10649113,1,0.0,1.0,0.0,0.0,0.0,0.0,1.0,0.0,0.0,0.0,0.0,0.0,0.0,0.0,0.0,0.0,0.0,1.0,0.0816326530612245,0.09090909090909091,0.09090909090909091,0.0,0.16666666666666666,5,0,0,0,0,0,1,1,0.25,0.0,0.00034847007880008915,249000.0
10649118,1,0.0,0.0,1.0,0.0,0.0,0.0,0.0,0.0,0.0,1.0,0.0,0.0,0.0,0.0,1.0,0.0,0.0,0.0,0.11734693877551022,0.2727272727272727,0.09090909090909091,0.07142857142857142,0.05555555555555555,3,4,0,0,0,0,1,1,0.23800000000000002,0.2,0.0003282954952906103,199000.0
10649119,1,0.0,0.0,1.0,0.0,0.0,0.0,0.0,0.0,0.0,1.0,0.0,0.0,0.0,0.0,0.0,0.0,1.0,0.0,0.09489795918367347,0.09090909090909091,0.09090909090909091,0.0,0.05555555555555555,3,7,0,0,0,0,1,1,0.095,0.21,0.000134802898904245,149000.0
10649124,1,0.0,1.0,0.0,0.0,0.0,1.0,0.0,0.0,0.0,0.0,0.0,0.0,0.0,0.0,0.0,0.0,0.0,1.0,0.17142857142857146,0.2727272727272727,0.09090909090909091,0.0,0.1111111111111111,0,4,0,0,0,0,1,0,0.1,0.0,0.0003879022192958887,338500.0
10649120,1,0.0,1.0,0.0,0.0,0.0,0.0,1.0,0.0,0.0,0.0,0.0,0.0,0.0,0.0,0.0,0.0,0.0,1.0,0.34183673469387754,0.4545454545454545,0.18181818181818182,0.0,0.0,3,2,0,0,1,0,0,1,0.0,0.0,0.0028886335479481073,865000.0
10649128,1,0.0,0.0,1.0,0.0,0.0,0.0,0.0,0.0,0.0,0.0,0.0,0.0,1.0,0.0,0.0,0.0,0.0,1.0,0.10204081632653061,0.09090909090909091,0.09090909090909091,0.0,0.1111111111111111,3,4,0,0,0,0,1,1,0.2,0.0,0.00022742257774321608,260000.0
10649137,1,0.0,0.0,1.0,0.0,0.0,0.0,0.0,0.0,0.0,0.0,1.0,0.0,0.0,0.0,0.0,0.0,0.0,1.0,0.31020408163265306,0.2727272727272727,0.18181818181818182,0.07142857142857142,0.2222222222222222,3,5,0,0,0,0,1,1,0.724,0.16,0.0008986859926949668,399000.0
10649130,1,0.0,1.0,0.0,1.0,0.0,0.0,0.0,0.0,0.0,0.0,0.0,0.0,0.0,0.0,0.0,0.0,0.0,1.0,0.15408163265306124,0.1818181818181818,0.09090909090909091,0.07142857142857142,0.1111111111111111,1,0,0,0,0,0,0,1,0.0,0.0,0.0003695616888327261,389000.0
10649140,1,0.0,1.0,0.0,0.0,0.0,1.0,0.0,0.0,0.0,0.0,0.0,0.0,0.0,0.0,0.0,0.0,0.0,1.0,0.10714285714285715,0.1818181818181818,0.0,0.0,0.1111111111111111,3,5,0,0,0,0,1,1,0.0,0.0,0.0004970283755517061,210000.0
10649139,1,0.0,0.0,1.0,0.0,0.0,0.0,0.0,1.0,0.0,0.0,0.0,0.0,0.0,0.0,0.0,0.0,0.0,1.0,0.2510204081632653,0.09090909090909091,0.18181818181818182,0.14285714285714285,0.0,1,2,0,0,1,0,1,1,0.85,1.0,0.0010481613159697418,895000.0
10649141,1,0.0,1.0,0.0,0.0,0.0,1.0,0.0,0.0,0.0,0.0,0.0,0.0,0.0,0.0,0.0,0.0,0.0,1.0,0.23469387755102042,0.1818181818181818,0.09090909090909091,0.07142857142857142,0.16666666666666666,1,2,0,0,0,1,1,1,0.22,0.01,0.0004126619354211582,663000.0
10649148,0,0.0,1.0,0.0,1.0,0.0,0.0,0.0,0.0,0.0,0.0,0.0,0.0,0.0,0.0,0.0,1.0,0.0,0.0,0.08673469387755103,0.09090909090909091,0.09090909090909091,0.0,0.05555555555555555,1,2,1,0,0,0,0,0,0.0,0.0,0.0,344000.0
10649150,0,1.0,0.0,0.0,0.0,1.0,0.0,0.0,0.0,0.0,0.0,0.0,0.0,0.0,0.0,0.0,1.0,0.0,0.0,0.036734693877551024,0.0,0.09090909090909091,0.2857142857142857,0.05555555555555555,1,4,0,0,0,0,0,1,0.0,0.12,0.0,295000.0
10518078,0,0.0,1.0,0.0,1.0,0.0,0.0,0.0,0.0,0.0,0.0,0.0,0.0,0.0,0.0,0.0,0.0,0.0,1.0,0.07142857142857142,0.09090909090909091,0.09090909090909091,0.0,0.05555555555555555,1,2,1,0,0,0,1,1,0.0,0.2,0.0,279000.0
10649155,0,1.0,0.0,0.0,0.0,1.0,0.0,0.0,0.0,0.0,0.0,0.0,0.0,0.0,0.0,0.0,0.0,1.0,0.0,0.05510204081632653,0.09090909090909091,0.09090909090909091,0.0,0.0,3,5,1,1,0,0,0,1,0.0,0.0,0.0,245000.0
10649154,0,0.0,1.0,0.0,1.0,0.0,0.0,0.0,0.0,0.0,0.0,0.0,0.0,0.0,0.0,0.0,0.0,0.0,1.0,0.09489795918367347,0.1818181818181818,0.0,0.0,0.0,1,0,0,0,0,0,0,1,0.0,0.3,0.0,295000.0
10649151,1,0.0,0.0,1.0,0.0,0.0,0.0,0.0,0.0,0.0,0.0,0.0,1.0,0.0,0.0,0.0,0.0,0.0,1.0,0.1836734693877551,0.7272727272727273,0.09090909090909091,0.14285714285714285,0.16666666666666666,5,5,0,0,0,0,0,0,0.0,0.0,0.0008253238708423164,245000.0
10649162,0,0.0,1.0,0.0,0.0,0.0,1.0,0.0,0.0,0.0,0.0,0.0,0.0,0.0,0.0,0.0,0.0,0.0,1.0,0.07653061224489796,0.09090909090909091,0.09090909090909091,0.0,0.0,0,2,1,0,0,0,0,1,0.0,0.16,0.0,265000.0
10649168,0,1.0,0.0,0.0,0.0,1.0,0.0,0.0,0.0,0.0,0.0,0.0,0.0,0.0,0.0,0.0,0.0,0.0,1.0,0.07959183673469389,0.09090909090909091,0.09090909090909091,0.0,0.05555555555555555,1,3,1,0,0,0,0,1,0.0,0.1,0.0,277000.0
10649169,1,0.0,1.0,0.0,0.0,0.0,1.0,0.0,0.0,0.0,0.0,0.0,0.0,0.0,0.0,0.0,0.0,0.0,1.0,0.1469387755102041,0.1818181818181818,0.09090909090909091,0.0,0.05555555555555555,6,0,0,1,0,0,0,0,0.0,0.0,0.00837795431557267,1650000.0
10649173,0,0.0,1.0,0.0,1.0,0.0,0.0,0.0,0.0,0.0,0.0,0.0,0.0,0.0,0.0,0.0,0.0,1.0,0.0,0.07551020408163267,0.09090909090909091,0.09090909090909091,0.0,0.0,3,2,1,0,0,0,0,0,0.0,0.0,0.0,184900.0
10649176,1,0.0,1.0,0.0,0.0,0.0,0.0,1.0,0.0,0.0,0.0,0.0,0.0,0.0,0.0,0.0,1.0,0.0,0.0,0.2489795918367347,0.36363636363636365,0.18181818181818182,0.0,0.16666666666666666,3,2,0,0,0,0,0,1,0.0,0.6,0.003545224538529328,690000.0
10649193,1,1.0,0.0,0.0,0.0,1.0,0.0,0.0,0.0,0.0,0.0,0.0,0.0,0.0,0.0,0.0,0.0,0.0,1.0,0.19387755102040818,0.2727272727272727,0.18181818181818182,0.14285714285714285,0.16666666666666666,1,7,0,0,0,0,0,1,0.0,0.16,0.00030720388525797335,1095000.0
10649194,1,0.0,0.0,1.0,0.0,0.0,0.0,0.0,1.0,0.0,0.0,0.0,0.0,0.0,0.0,0.0,0.0,0.0,1.0,0.10918367346938776,0.1818181818181818,0.09090909090909091,0.0,0.1111111111111111,1,2,0,0,0,0,0,1,0.0,0.0,0.0001439731641358263,325000.0
10649198,0,1.0,0.0,0.0,0.0,1.0,0.0,0.0,0.0,0.0,0.0,0.0,0.0,0.0,0.0,0.0,0.0,0.0,1.0,0.07448979591836735,0.09090909090909091,0.09090909090909091,0.0,0.0,3,2,1,0,0,0,0,1,0.0,0.13,0.0,450000.0
10649196,1,0.0,0.0,1.0,0.0,0.0,0.0,0.0,0.0,0.0,1.0,0.0,0.0,0.0,0.0,0.0,0.0,0.0,1.0,0.2142857142857143,0.2727272727272727,0.09090909090909091,0.07142857142857142,0.0,1,2,0,1,0,0,1,1,0.0,0.0,0.0009958908041497285,449500.0
10649203,1,0.0,1.0,0.0,1.0,0.0,0.0,0.0,0.0,0.0,0.0,0.0,0.0,0.0,0.0,0.0,0.0,0.0,1.0,0.15816326530612246,0.2727272727272727,0.18181818181818182,0.0,0.0,3,6,0,0,0,0,0,0,0.0,0.0,0.0008207387382265258,375000.0
10649201,0,0.0,0.0,1.0,0.0,0.0,0.0,0.0,0.0,0.0,0.0,0.0,1.0,0.0,0.0,0.0,1.0,0.0,0.0,0.06938775510204082,0.09090909090909091,0.09090909090909091,0.0,0.05555555555555555,0,1,0,0,0,0,0,1,0.0,0.11,0.0,235000.0
10649205,1,0.0,1.0,0.0,1.0,0.0,0.0,0.0,0.0,0.0,0.0,0.0,0.0,0.0,0.0,0.0,0.0,1.0,0.0,0.09183673469387757,0.2727272727272727,0.09090909090909091,0.0,0.05555555555555555,1,2,0,0,0,0,1,0,0.03,0.0,7.336212185265035e-05,339000.0
10649212,0,0.0,1.0,0.0,0.0,0.0,1.0,0.0,0.0,0.0,0.0,0.0,0.0,0.0,0.0,1.0,0.0,0.0,0.0,0.051020408163265314,0.09090909090909091,0.0,0.0,0.0,3,2,0,0,0,0,0,0,0.0,0.0,0.0,254000.0
10649208,1,0.0,1.0,0.0,0.0,0.0,0.0,0.0,0.0,0.0,0.0,0.0,0.0,0.0,1.0,0.0,0.0,0.0,1.0,0.12551020408163266,0.1818181818181818,0.09090909090909091,0.0,0.1111111111111111,5,4,0,0,0,0,1,0,0.199,0.0,0.00018248827810846775,189000.0
10649207,1,0.0,1.0,0.0,0.0,0.0,0.0,1.0,0.0,0.0,0.0,0.0,0.0,0.0,0.0,0.0,0.0,0.0,1.0,0.23163265306122452,0.2727272727272727,0.09090909090909091,0.0,0.1111111111111111,4,6,0,1,0,0,0,1,0.0,0.0,0.0018478084441636306,450000.0
10649206,1,0.0,1.0,0.0,0.0,0.0,0.0,0.0,0.0,0.0,0.0,0.0,0.0,0.0,1.0,0.0,0.0,1.0,0.0,0.18265306122448982,0.2727272727272727,0.09090909090909091,0.0,0.1111111111111111,3,3,0,0,0,0,0,1,0.0,0.0,0.00038973627234220495,479000.0
10649213,1,0.0,1.0,0.0,0.0,0.0,0.0,0.0,0.0,0.0,0.0,0.0,0.0,0.0,1.0,0.0,0.0,1.0,0.0,0.13775510204081634,0.2727272727272727,0.09090909090909091,0.0,0.1111111111111111,4,0,0,0,0,0,1,1,0.02,0.0,0.00016047964155267263,235000.0
10649215,1,0.0,1.0,0.0,0.0,0.0,0.0,0.0,0.0,0.0,0.0,0.0,0.0,0.0,1.0,0.0,0.0,1.0,0.0,0.2571428571428571,0.2727272727272727,0.18181818181818182,0.0,0.16666666666666666,3,3,0,0,0,0,0,1,0.0,0.0,0.0008849305948475948,698000.0
10649220,1,0.0,0.0,1.0,0.0,0.0,0.0,0.0,1.0,0.0,0.0,0.0,0.0,0.0,0.0,0.0,1.0,0.0,0.0,0.0816326530612245,0.09090909090909091,0.09090909090909091,0.0,0.0,3,6,0,1,0,0,1,0,0.1,0.0,9.170265231581294e-05,249000.0
10649222,1,0.0,1.0,0.0,0.0,0.0,0.0,0.0,0.0,0.0,0.0,0.0,0.0,0.0,1.0,0.0,0.0,1.0,0.0,0.13775510204081634,0.1818181818181818,0.0,0.0,0.1111111111111111,3,2,0,0,0,0,1,1,0.0,0.0,0.00013571992542740313,739000.0
10649223,1,0.0,0.0,1.0,0.0,0.0,0.0,0.0,0.0,0.0,0.0,0.0,0.0,1.0,0.0,0.0,0.0,0.0,1.0,0.1836734693877551,0.1818181818181818,0.09090909090909091,0.0,0.05555555555555555,5,7,0,0,0,0,1,0,1.0,0.0,0.001987196475683666,369000.0
10649232,0,0.0,1.0,0.0,0.0,0.0,0.0,1.0,0.0,0.0,0.0,0.0,0.0,0.0,0.0,0.0,0.0,1.0,0.0,0.06632653061224492,0.09090909090909091,0.09090909090909091,0.0,0.05555555555555555,3,3,0,0,0,0,1,1,0.18,0.15,0.0,235000.0
10649235,1,0.0,0.0,1.0,0.0,0.0,0.0,0.0,1.0,0.0,0.0,0.0,0.0,0.0,0.0,0.0,0.0,0.0,1.0,0.17040816326530614,0.2727272727272727,0.09090909090909091,0.0,0.1111111111111111,3,5,0,0,1,0,1,1,1.0,0.35000000000000003,0.0013251033259634969,490000.0
10649230,1,1.0,0.0,0.0,0.0,1.0,0.0,0.0,0.0,0.0,0.0,0.0,0.0,0.0,0.0,0.0,1.0,0.0,0.0,0.09897959183673471,0.2727272727272727,0.09090909090909091,0.07142857142857142,0.1111111111111111,1,7,0,0,0,0,0,1,0.0,0.04,5.502159138948776e-05,359000.0
10649236,1,0.0,0.0,1.0,0.0,0.0,0.0,0.0,0.0,0.0,0.0,0.0,1.0,0.0,0.0,0.0,0.0,0.0,1.0,0.22959183673469388,0.2727272727272727,0.09090909090909091,0.0,0.1111111111111111,4,6,0,1,0,0,0,1,0.0,1.0,0.00018340530463162587,225000.0
10649231,0,0.0,0.0,1.0,0.0,0.0,0.0,0.0,0.0,0.0,0.0,0.0,1.0,0.0,0.0,0.0,1.0,0.0,0.0,0.09489795918367347,0.09090909090909091,0.09090909090909091,0.0,0.05555555555555555,1,2,0,0,0,0,0,1,0.0,0.11,0.0,305000.0
10649228,0,0.0,0.0,1.0,0.0,0.0,0.0,0.0,1.0,0.0,0.0,0.0,0.0,0.0,0.0,0.0,1.0,0.0,0.0,0.04897959183673469,0.09090909090909091,0.0,0.07142857142857142,0.05555555555555555,0,2,0,0,0,0,0,1,0.0,0.27,0.0,189000.0
10649238,1,1.0,0.0,0.0,0.0,1.0,0.0,0.0,0.0,0.0,0.0,0.0,0.0,0.0,0.0,1.0,0.0,0.0,0.0,0.10612244897959186,0.36363636363636365,0.0,0.07142857142857142,0.1111111111111111,5,7,0,0,0,0,0,1,0.0,0.15,6.419185662106905e-05,325000.0
10649239,1,1.0,0.0,0.0,0.0,1.0,0.0,0.0,0.0,0.0,0.0,0.0,0.0,0.0,0.0,0.0,1.0,0.0,0.0,0.1316326530612245,0.36363636363636365,0.18181818181818182,0.07142857142857142,0.16666666666666666,3,7,0,1,0,0,0,1,0.0,0.3,0.00010454102364002675,449000.0
10649241,0,1.0,0.0,0.0,0.0,1.0,0.0,0.0,0.0,0.0,0.0,0.0,0.0,0.0,0.0,0.0,1.0,0.0,0.0,0.05306122448979592,0.09090909090909091,0.09090909090909091,0.0,0.05555555555555555,3,4,1,0,0,0,0,1,0.0,0.18,0.0,385000.0
10649247,0,0.0,1.0,0.0,0.0,0.0,0.0,0.0,0.0,0.0,0.0,0.0,0.0,0.0,1.0,0.0,0.0,0.0,1.0,0.057142857142857155,0.0,0.0,0.0,0.05555555555555555,3,1,1,0,0,0,1,1,0.0,0.0,0.0,295000.0
10649242,0,1.0,0.0,0.0,0.0,1.0,0.0,0.0,0.0,0.0,0.0,0.0,0.0,0.0,0.0,0.0,1.0,0.0,0.0,0.09183673469387757,0.09090909090909091,0.18181818181818182,0.14285714285714285,0.05555555555555555,1,2,1,0,0,0,0,1,0.0,0.46,0.0,375000.0
10649252,1,0.0,0.0,1.0,0.0,0.0,0.0,0.0,1.0,0.0,0.0,0.0,0.0,0.0,0.0,0.0,0.0,0.0,1.0,0.12653061224489798,0.2727272727272727,0.09090909090909091,0.0,0.05555555555555555,5,6,0,0,0,0,0,1,0.0,0.0,9.537075840844545e-05,145000.0
10649257,0,0.0,0.0,1.0,0.0,0.0,0.0,0.0,1.0,0.0,0.0,0.0,0.0,0.0,0.0,1.0,0.0,0.0,0.0,0.025510204081632654,0.0,0.09090909090909091,0.0,0.05555555555555555,3,0,1,0,0,0,0,0,0.0,0.0,0.0,64000.0
10649256,0,1.0,0.0,0.0,0.0,1.0,0.0,0.0,0.0,0.0,0.0,0.0,0.0,0.0,0.0,1.0,0.0,0.0,0.0,0.08571428571428572,0.09090909090909091,0.18181818181818182,0.07142857142857142,0.1111111111111111,3,5,0,0,0,0,0,1,0.0,0.05,0.0,395000.0
10649255,0,1.0,0.0,0.0,0.0,1.0,0.0,0.0,0.0,0.0,0.0,0.0,0.0,0.0,0.0,0.0,0.0,0.0,1.0,0.02142857142857143,0.0,0.09090909090909091,0.0,0.05555555555555555,3,4,1,0,0,0,0,1,0.0,0.19,0.0,220000.0
10649261,1,0.0,1.0,0.0,0.0,0.0,0.0,1.0,0.0,0.0,0.0,0.0,0.0,0.0,0.0,0.0,1.0,0.0,0.0,0.27653061224489794,0.2727272727272727,0.18181818181818182,0.0,0.0,1,0,0,0,0,0,1,0,0.0,0.0,0.00080881739342547,1130000.0
10649266,1,0.0,1.0,0.0,0.0,0.0,0.0,1.0,0.0,0.0,0.0,0.0,0.0,0.0,0.0,0.0,1.0,0.0,0.0,0.2724489795918367,0.2727272727272727,0.18181818181818182,0.0,0.0,1,0,0,0,0,0,1,0,0.0,0.0,0.0007748874120686193,1145000.0
10649273,1,0.0,0.0,1.0,0.0,0.0,0.0,0.0,0.0,0.0,0.0,0.0,1.0,0.0,0.0,0.0,0.0,0.0,1.0,0.21530612244897962,0.1818181818181818,0.09090909090909091,0.0,0.05555555555555555,0,3,0,1,0,0,1,1,1.0,0.0,0.003890943537759943,550000.0
10649277,1,0.0,0.0,1.0,0.0,0.0,0.0,0.0,0.0,0.0,0.0,0.0,0.0,1.0,0.0,0.0,0.0,0.0,1.0,0.09591836734693879,0.1818181818181818,0.09090909090909091,0.0,0.1111111111111111,5,6,0,0,0,0,1,1,0.75,0.0,0.0009986418837192028,375000.0
10649271,1,0.0,1.0,0.0,0.0,0.0,0.0,1.0,0.0,0.0,0.0,0.0,0.0,0.0,0.0,0.0,0.0,1.0,0.0,0.13571428571428573,0.1818181818181818,0.09090909090909091,0.0,0.0,3,1,0,0,0,0,0,0,0.0,0.0,9.903886450107797e-05,594000.0
10649276,0,1.0,0.0,0.0,0.0,1.0,0.0,0.0,0.0,0.0,0.0,0.0,0.0,0.0,0.0,0.0,1.0,0.0,0.0,0.09387755102040818,0.09090909090909091,0.09090909090909091,0.0,0.0,3,6,1,0,0,0,0,1,0.0,0.0,0.0,245000.0
10649283,0,0.0,0.0,1.0,0.0,0.0,0.0,0.0,0.0,0.0,0.0,0.0,1.0,0.0,0.0,0.0,0.0,0.0,1.0,0.10714285714285715,0.1818181818181818,0.09090909090909091,0.07142857142857142,0.1111111111111111,0,1,0,0,1,0,0,1,0.0,0.09,0.0,369000.0
10649284,0,0.0,0.0,1.0,0.0,0.0,0.0,0.0,0.0,0.0,0.0,0.0,1.0,0.0,0.0,0.0,0.0,1.0,0.0,0.11734693877551022,0.1818181818181818,0.09090909090909091,0.07142857142857142,0.05555555555555555,0,1,0,0,0,0,1,1,0.0,0.18,0.0,415000.0
10649286,0,0.0,0.0,1.0,0.0,0.0,0.0,0.0,0.0,0.0,1.0,0.0,0.0,0.0,0.0,0.0,0.0,0.0,1.0,0.10714285714285715,0.1818181818181818,0.09090909090909091,0.07142857142857142,0.1111111111111111,0,1,0,0,1,0,0,1,0.0,0.09,0.0,369000.0
10649285,0,0.0,0.0,1.0,0.0,0.0,0.0,0.0,0.0,0.0,0.0,0.0,1.0,0.0,0.0,1.0,0.0,0.0,0.0,0.11734693877551022,0.1818181818181818,0.09090909090909091,0.07142857142857142,0.05555555555555555,0,1,0,0,0,0,1,1,0.0,0.18,0.0,415000.0
10649287,0,0.0,0.0,1.0,0.0,0.0,0.0,0.0,0.0,0.0,1.0,0.0,0.0,0.0,0.0,0.0,0.0,1.0,0.0,0.012244897959183675,0.0,0.09090909090909091,0.07142857142857142,0.05555555555555555,4,5,1,0,0,0,0,0,0.0,0.0,0.0,85000.0
10649288,0,1.0,0.0,0.0,0.0,1.0,0.0,0.0,0.0,0.0,0.0,0.0,0.0,0.0,0.0,0.0,1.0,0.0,0.0,0.09183673469387757,0.1818181818181818,0.09090909090909091,0.0,0.0,3,3,0,0,0,0,0,0,0.0,0.0,0.0,365000.0
10649310,0,0.0,1.0,0.0,0.0,0.0,0.0,1.0,0.0,0.0,0.0,0.0,0.0,0.0,0.0,0.0,1.0,0.0,0.0,0.22244897959183677,0.36363636363636365,0.2727272727272727,0.0,0.0,1,3,0,0,0,0,1,1,0.3,0.3,0.0,625000.0
10649314,0,1.0,0.0,0.0,0.0,1.0,0.0,0.0,0.0,0.0,0.0,0.0,0.0,0.0,0.0,0.0,1.0,0.0,0.0,0.07755102040816328,0.09090909090909091,0.09090909090909091,0.0,0.05555555555555555,3,5,1,0,0,0,0,1,0.0,0.04,0.0,269000.0
10649309,1,0.0,1.0,0.0,0.0,0.0,0.0,1.0,0.0,0.0,0.0,0.0,0.0,0.0,0.0,0.0,1.0,0.0,0.0,0.22244897959183677,0.36363636363636365,0.2727272727272727,0.0,0.0,1,3,0,0,0,0,1,1,0.3,0.3,0.0,625000.0
10649332,1,0.0,1.0,0.0,0.0,0.0,0.0,0.0,0.0,0.0,0.0,0.0,0.0,0.0,1.0,0.0,0.0,1.0,0.0,0.15714285714285717,0.09090909090909091,0.0,0.0,0.05555555555555555,3,2,0,0,0,0,0,1,0.0,0.0,0.0002448460816832205,325000.0
10649325,1,0.0,0.0,1.0,0.0,0.0,0.0,0.0,0.0,0.0,0.0,0.0,0.0,1.0,0.0,0.0,0.0,1.0,0.0,0.25510204081632654,0.1818181818181818,0.09090909090909091,0.9285714285714285,0.1111111111111111,3,3,0,0,0,0,1,1,1.0,0.0,0.002530993203916437,725000.0
10649317,1,0.0,1.0,0.0,0.0,0.0,1.0,0.0,0.0,0.0,0.0,0.0,0.0,0.0,0.0,0.0,0.0,0.0,1.0,0.07653061224489796,0.09090909090909091,0.09090909090909091,0.0,0.05555555555555555,5,4,0,0,0,0,0,1,0.0,0.0,0.0002586014795305925,155000.0
10649312,0,1.0,0.0,0.0,0.0,1.0,0.0,0.0,0.0,0.0,0.0,0.0,0.0,0.0,0.0,0.0,1.0,0.0,0.0,0.06632653061224492,0.09090909090909091,0.09090909090909091,0.0,0.05555555555555555,3,0,1,0,0,0,0,1,0.0,0.02,0.0,385000.0
10649320,1,1.0,0.0,0.0,0.0,1.0,0.0,0.0,0.0,0.0,0.0,0.0,0.0,0.0,0.0,0.0,1.0,0.0,0.0,0.2142857142857143,0.2727272727272727,0.18181818181818182,0.07142857142857142,0.16666666666666666,3,6,0,1,0,0,1,1,0.16,0.0,0.0,495000.0
10649336,1,0.0,0.0,1.0,0.0,0.0,0.0,0.0,0.0,0.0,0.0,0.0,0.0,1.0,0.0,0.0,0.0,1.0,0.0,0.4357142857142857,0.4545454545454545,0.18181818181818182,0.14285714285714285,0.0,0,6,0,1,0,0,0,1,0.0,0.2,0.00022925663078953234,625000.0
10649333,1,0.0,0.0,1.0,0.0,0.0,0.0,0.0,0.0,0.0,0.0,0.0,1.0,0.0,0.0,0.0,1.0,0.0,0.0,0.1438775510204082,0.2727272727272727,0.09090909090909091,0.0,0.1111111111111111,3,4,0,1,0,0,1,0,0.673,0.0,0.0008023982077633632,260000.0
10649348,1,0.0,0.0,1.0,0.0,0.0,0.0,0.0,0.0,0.0,0.0,0.0,0.0,1.0,0.0,0.0,0.0,0.0,1.0,0.1326530612244898,0.0,0.0,0.0,0.0,6,0,0,1,0,0,0,0,0.0,0.0,0.0006556739640580625,139000.0
10649374,1,0.0,0.0,1.0,0.0,0.0,0.0,0.0,1.0,0.0,0.0,0.0,0.0,0.0,0.0,0.0,1.0,0.0,0.0,0.113265306122449,0.09090909090909091,0.09090909090909091,0.0,0.1111111111111111,4,5,0,0,0,0,1,1,0.4,0.0,0.0006235780357475279,105000.0
10649351,0,0.0,1.0,0.0,0.0,0.0,1.0,0.0,0.0,0.0,0.0,0.0,0.0,0.0,0.0,0.0,0.0,1.0,0.0,0.04387755102040817,0.0,0.09090909090909091,0.0,0.05555555555555555,0,1,0,1,0,0,0,1,0.0,0.05,0.0,239500.0
10649366,1,0.0,0.0,1.0,0.0,0.0,0.0,0.0,0.0,0.0,0.0,1.0,0.0,0.0,0.0,0.0,0.0,0.0,1.0,0.17448979591836736,0.2727272727272727,0.09090909090909091,0.0,0.1111111111111111,1,2,0,1,0,0,0,1,0.0,0.0,0.0004979454020748643,565000.0
10649379,1,0.0,0.0,1.0,0.0,0.0,0.0,0.0,0.0,0.0,0.0,0.0,0.0,1.0,0.0,0.0,0.0,0.0,1.0,0.18877551020408165,0.1818181818181818,0.18181818181818182,0.07142857142857142,0.1111111111111111,4,5,0,0,0,0,0,1,0.0,0.0,0.001375539784737194,420000.0
10649377,1,0.0,1.0,0.0,0.0,0.0,0.0,1.0,0.0,0.0,0.0,0.0,0.0,0.0,0.0,0.0,0.0,1.0,0.0,0.5,0.9090909090909091,0.09090909090909091,0.0,0.16666666666666666,0,0,0,0,0,0,0,0,0.0,0.0,0.0004585132615790647,350000.0
10649389,0,1.0,0.0,0.0,0.0,1.0,0.0,0.0,0.0,0.0,0.0,0.0,0.0,0.0,0.0,0.0,1.0,0.0,0.0,0.059183673469387764,0.09090909090909091,0.09090909090909091,0.0,0.05555555555555555,2,0,1,0,0,0,0,1,0.0,0.02,0.0,240000.0
10649396,1,0.0,0.0,1.0,0.0,0.0,0.0,0.0,0.0,0.0,0.0,0.0,1.0,0.0,0.0,0.0,0.0,1.0,0.0,0.1326530612244898,0.1818181818181818,0.09090909090909091,0.0,0.05555555555555555,3,5,0,0,0,0,1,1,0.0,0.0,0.0011462831539476616,249500.0
10649400,0,0.0,0.0,1.0,0.0,0.0,0.0,0.0,0.0,0.0,1.0,0.0,0.0,0.0,0.0,0.0,1.0,0.0,0.0,0.17142857142857146,0.1818181818181818,0.18181818181818182,0.0,0.05555555555555555,1,0,1,0,0,1,0,1,0.0,0.77,0.0,625000.0
10649407,0,0.0,0.0,1.0,0.0,0.0,0.0,0.0,0.0,0.0,1.0,0.0,0.0,0.0,0.0,0.0,0.0,1.0,0.0,0.07755102040816328,0.09090909090909091,0.09090909090909091,0.0,0.05555555555555555,4,3,0,1,0,0,0,1,0.0,0.03,0.0,195000.0
10649411,0,1.0,0.0,0.0,0.0,1.0,0.0,0.0,0.0,0.0,0.0,0.0,0.0,0.0,0.0,0.0,1.0,0.0,0.0,0.030612244897959183,0.0,0.0,0.07142857142857142,0.05555555555555555,3,6,0,0,0,0,0,0,0.0,0.0,0.0,175000.0
10649418,1,0.0,1.0,0.0,0.0,0.0,0.0,1.0,0.0,0.0,0.0,0.0,0.0,0.0,0.0,0.0,1.0,0.0,0.0,0.1285714285714286,0.1818181818181818,0.09090909090909091,0.0,0.0,5,6,0,0,0,0,0,0,0.0,0.0,0.0004227492271758976,345000.0
10649419,1,0.0,1.0,0.0,0.0,0.0,1.0,0.0,0.0,0.0,0.0,0.0,0.0,0.0,0.0,0.0,0.0,1.0,0.0,0.10714285714285715,0.1818181818181818,0.18181818181818182,0.0,0.1111111111111111,2,2,0,0,0,0,0,1,0.0,0.12,6.87769892368597e-05,203000.0
10649439,1,0.0,0.0,1.0,0.0,0.0,0.0,0.0,0.0,0.0,0.0,0.0,0.0,1.0,0.0,0.0,0.0,0.0,1.0,0.2653061224489796,0.2727272727272727,0.18181818181818182,0.0,0.0,1,5,0,0,1,0,0,1,0.0,0.0,0.0015589450893688198,890000.0
10649434,1,0.0,0.0,1.0,0.0,0.0,0.0,0.0,0.0,0.0,1.0,0.0,0.0,0.0,0.0,0.0,0.0,1.0,0.0,0.11836734693877551,0.09090909090909091,0.0,0.0,0.0,0,4,0,1,0,0,0,1,0.0,0.16,0.0004860240572738086,195000.0
10649441,0,0.0,0.0,1.0,0.0,0.0,0.0,0.0,1.0,0.0,0.0,0.0,0.0,0.0,0.0,1.0,0.0,0.0,0.0,0.25510204081632654,0.4545454545454545,0.2727272727272727,0.0,0.16666666666666666,1,0,1,0,0,0,0,0,0.0,0.0,0.0,400000.0
10125159,1,0.0,1.0,0.0,0.0,0.0,1.0,0.0,0.0,0.0,0.0,0.0,0.0,0.0,0.0,0.0,0.0,0.0,1.0,0.14285714285714288,0.36363636363636365,0.09090909090909091,0.0,0.05555555555555555,5,6,0,0,0,0,0,1,0.0,0.0,0.00036681060926325174,180000.0
10649444,0,0.0,0.0,1.0,0.0,0.0,0.0,0.0,0.0,0.0,0.0,0.0,1.0,0.0,0.0,0.0,1.0,0.0,0.0,0.09285714285714286,0.09090909090909091,0.0,0.07142857142857142,0.05555555555555555,0,0,0,1,0,0,0,1,0.0,0.0,0.0,215000.0
10649442,1,0.0,0.0,1.0,0.0,0.0,0.0,0.0,0.0,0.0,1.0,0.0,0.0,0.0,0.0,0.0,0.0,1.0,0.0,0.20408163265306126,0.1818181818181818,0.18181818181818182,0.0,0.0,3,3,0,1,0,0,0,1,0.0,0.0,0.0011462831539476616,425000.0
10649445,0,0.0,0.0,1.0,0.0,0.0,0.0,0.0,0.0,0.0,0.0,0.0,1.0,0.0,0.0,0.0,1.0,0.0,0.0,0.0979591836734694,0.1818181818181818,0.0,0.7857142857142857,0.05555555555555555,0,0,0,1,0,0,0,1,0.0,0.0,0.0,215000.0
10649446,0,1.0,0.0,0.0,0.0,1.0,0.0,0.0,0.0,0.0,0.0,0.0,0.0,0.0,0.0,0.0,1.0,0.0,0.0,0.06632653061224492,0.09090909090909091,0.18181818181818182,0.0,0.1111111111111111,3,7,1,0,0,0,0,1,0.0,0.02,0.0,375000.0
10649449,0,1.0,0.0,0.0,0.0,1.0,0.0,0.0,0.0,0.0,0.0,0.0,0.0,0.0,0.0,0.0,1.0,0.0,0.0,0.08673469387755103,0.0,0.09090909090909091,0.0,0.05555555555555555,2,6,0,0,0,0,0,0,0.0,0.0,0.0,445000.0
10649457,0,0.0,0.0,1.0,0.0,0.0,0.0,0.0,0.0,0.0,0.0,0.0,1.0,0.0,0.0,0.0,0.0,1.0,0.0,0.06428571428571428,0.2727272727272727,0.09090909090909091,0.0,0.0,3,6,0,0,0,0,0,0,0.0,0.0,0.0,169000.0
10649461,0,1.0,0.0,0.0,0.0,1.0,0.0,0.0,0.0,0.0,0.0,0.0,0.0,0.0,0.0,0.0,1.0,0.0,0.0,0.020408163265306124,0.0,0.09090909090909091,0.0,0.0,2,6,0,0,0,0,0,1,0.0,0.0,0.0,139000.0
10649460,0,1.0,0.0,0.0,0.0,1.0,0.0,0.0,0.0,0.0,0.0,0.0,0.0,0.0,0.0,0.0,1.0,0.0,0.0,0.2755102040816327,0.1818181818181818,0.18181818181818182,0.07142857142857142,0.1111111111111111,1,4,1,0,0,0,0,1,0.0,0.4,0.0,1450000.0
10649451,0,1.0,0.0,0.0,0.0,1.0,0.0,0.0,0.0,0.0,0.0,0.0,0.0,0.0,0.0,0.0,0.0,0.0,1.0,0.09081632653061225,0.1818181818181818,0.09090909090909091,0.0,0.05555555555555555,5,5,0,0,0,0,0,1,0.0,0.1,0.0,325000.0
10649464,1,0.0,0.0,1.0,0.0,0.0,0.0,0.0,1.0,0.0,0.0,0.0,0.0,0.0,0.0,0.0,0.0,1.0,0.0,0.22448979591836737,0.2727272727272727,0.09090909090909091,0.0,0.1111111111111111,0,6,0,1,0,0,0,1,0.0,0.0,0.00019899475552531408,150000.0
10649468,1,0.0,1.0,0.0,1.0,0.0,0.0,0.0,0.0,0.0,0.0,0.0,0.0,0.0,0.0,0.0,0.0,0.0,1.0,0.09387755102040818,0.1818181818181818,0.09090909090909091,0.0,0.05555555555555555,3,3,0,1,0,0,0,1,0.0,0.1,5.960672400527841e-05,225000.0
10649470,1,1.0,0.0,0.0,0.0,1.0,0.0,0.0,0.0,0.0,0.0,0.0,0.0,0.0,0.0,0.0,1.0,0.0,0.0,0.20000000000000004,0.2727272727272727,0.18181818181818182,0.14285714285714285,0.16666666666666666,1,5,0,0,0,0,1,1,0.03,0.1,0.00010087291754739423,995000.0
10649471,0,1.0,0.0,0.0,0.0,1.0,0.0,0.0,0.0,0.0,0.0,0.0,0.0,0.0,0.0,0.0,1.0,0.0,0.0,0.15612244897959185,0.1818181818181818,0.18181818181818182,0.0,0.1111111111111111,3,4,0,0,0,0,1,1,0.08,0.06,0.0,760000.0
10649473,1,0.0,0.0,1.0,0.0,0.0,0.0,0.0,0.0,0.0,0.0,1.0,0.0,0.0,0.0,0.0,0.0,0.0,1.0,0.17346938775510207,0.2727272727272727,0.18181818181818182,0.14285714285714285,0.16666666666666666,1,3,0,1,0,0,1,1,1.0,0.35000000000000003,0.000935367053621292,549000.0
10649475,1,0.0,1.0,0.0,0.0,0.0,0.0,0.0,0.0,0.0,0.0,0.0,0.0,0.0,1.0,0.0,0.0,0.0,1.0,0.09387755102040818,0.1818181818181818,0.0,0.0,0.05555555555555555,1,0,0,0,0,0,1,1,0.067,0.16,0.0001531434293674076,295000.0
10649485,1,0.0,0.0,1.0,0.0,0.0,0.0,0.0,0.0,0.0,0.0,0.0,0.0,1.0,0.0,0.0,0.0,0.0,1.0,0.13367346938775512,0.2727272727272727,0.18181818181818182,0.0,0.1111111111111111,1,5,0,1,0,0,1,1,0.833,0.5,0.0007638830937907217,659000.0
10649487,1,0.0,1.0,0.0,0.0,0.0,0.0,0.0,0.0,1.0,0.0,0.0,0.0,0.0,0.0,0.0,0.0,0.0,1.0,0.1479591836734694,0.1818181818181818,0.09090909090909091,0.0,0.1111111111111111,0,5,0,1,0,0,0,1,0.0,0.4,0.0004585132615790647,282000.0
10649483,0,1.0,0.0,0.0,0.0,1.0,0.0,0.0,0.0,0.0,0.0,0.0,0.0,0.0,0.0,0.0,0.0,1.0,0.0,0.09183673469387757,0.1818181818181818,0.09090909090909091,0.0,0.05555555555555555,3,5,1,1,0,0,0,1,0.0,0.12,0.0,345000.0
10649489,1,0.0,1.0,0.0,1.0,0.0,0.0,0.0,0.0,0.0,0.0,0.0,0.0,0.0,0.0,0.0,0.0,0.0,1.0,0.14285714285714288,0.1818181818181818,0.09090909090909091,0.0,0.05555555555555555,3,5,0,1,0,0,0,1,0.0,0.0,0.0002475971612526949,349000.0
10649491,1,0.0,1.0,0.0,0.0,0.0,0.0,0.0,0.0,0.0,0.0,0.0,0.0,0.0,1.0,0.0,0.0,0.0,1.0,0.29081632653061223,0.2727272727272727,0.18181818181818182,0.0,0.1111111111111111,3,2,0,0,0,0,1,0,0.6880000000000001,0.0,0.0008069833403791538,419000.0
10649490,0,0.0,0.0,1.0,0.0,0.0,0.0,0.0,0.0,0.0,1.0,0.0,0.0,0.0,0.0,0.0,1.0,0.0,0.0,0.0816326530612245,0.0,0.09090909090909091,0.0,0.05555555555555555,0,2,0,0,0,0,0,1,0.0,0.5700000000000001,0.0,335000.0
10649494,1,0.0,1.0,0.0,0.0,0.0,1.0,0.0,0.0,0.0,0.0,0.0,0.0,0.0,0.0,1.0,0.0,0.0,0.0,0.10714285714285715,0.1818181818181818,0.09090909090909091,0.0,0.05555555555555555,3,4,0,0,0,0,0,0,0.0,0.0,0.0,235000.0
10649496,0,0.0,1.0,0.0,0.0,0.0,0.0,1.0,0.0,0.0,0.0,0.0,0.0,0.0,0.0,0.0,0.0,0.0,1.0,0.10204081632653061,0.09090909090909091,0.18181818181818182,0.0,0.0,1,1,1,0,0,0,1,1,0.0,0.0,0.0,675000.0
10649497,0,0.0,1.0,0.0,0.0,0.0,0.0,1.0,0.0,0.0,0.0,0.0,0.0,0.0,0.0,0.0,0.0,0.0,1.0,0.23469387755102042,0.2727272727272727,0.18181818181818182,0.0,0.16666666666666666,0,2,1,0,0,0,0,1,0.0,0.44,0.0,595000.0
10649498,0,1.0,0.0,0.0,0.0,1.0,0.0,0.0,0.0,0.0,0.0,0.0,0.0,0.0,0.0,0.0,1.0,0.0,0.0,0.12244897959183676,0.1818181818181818,0.18181818181818182,0.0,0.1111111111111111,0,0,0,1,0,0,0,0,0.0,0.0,0.0,329000.0
10649500,1,0.0,1.0,0.0,0.0,0.0,0.0,0.0,0.0,0.0,0.0,0.0,0.0,0.0,1.0,0.0,0.0,1.0,0.0,0.17448979591836736,0.1818181818181818,0.09090909090909091,0.0,0.1111111111111111,3,0,0,0,0,0,0,0,0.0,0.0,8.528346665370602e-05,299500.0
10649499,0,0.0,1.0,0.0,0.0,0.0,1.0,0.0,0.0,0.0,0.0,0.0,0.0,0.0,0.0,0.0,1.0,0.0,0.0,0.06938775510204082,0.09090909090909091,0.09090909090909091,0.0,0.05555555555555555,3,0,0,0,0,0,1,1,0.0,0.09,0.0,398000.0
10649506,0,0.0,0.0,1.0,0.0,0.0,0.0,0.0,0.0,0.0,1.0,0.0,0.0,0.0,0.0,0.0,1.0,0.0,0.0,0.06632653061224492,0.09090909090909091,0.09090909090909091,0.0,0.05555555555555555,0,1,1,0,0,0,0,1,0.0,0.33,0.0,229000.0
10649513,1,0.0,1.0,0.0,1.0,0.0,0.0,0.0,0.0,0.0,0.0,0.0,0.0,0.0,0.0,0.0,0.0,0.0,1.0,0.1479591836734694,0.2727272727272727,0.09090909090909091,0.0,0.1111111111111111,6,3,0,1,0,0,0,1,0.0,0.03,0.00020724799423373723,284500.0
10649518,1,0.0,1.0,0.0,0.0,0.0,0.0,0.0,0.0,1.0,0.0,0.0,0.0,0.0,0.0,0.0,0.0,0.0,1.0,0.1142857142857143,0.1818181818181818,0.09090909090909091,0.0,0.1111111111111111,3,4,0,0,0,0,1,0,0.0,0.0,0.0006107396644233141,289000.0
10649511,1,0.0,1.0,0.0,0.0,0.0,0.0,1.0,0.0,0.0,0.0,0.0,0.0,0.0,0.0,1.0,0.0,0.0,0.0,0.12346938775510205,0.2727272727272727,0.09090909090909091,0.0,0.1111111111111111,3,3,0,0,0,0,1,0,0.082,0.0,0.00022100339208110917,620000.0
10649516,1,0.0,0.0,1.0,0.0,0.0,0.0,0.0,0.0,0.0,0.0,0.0,1.0,0.0,0.0,0.0,0.0,0.0,1.0,0.163265306122449,0.2727272727272727,0.09090909090909091,0.07142857142857142,0.0,0,1,0,1,0,0,0,0,0.0,0.0,0.0011224404643455502,480000.0
10649519,0,1.0,0.0,0.0,0.0,1.0,0.0,0.0,0.0,0.0,0.0,0.0,0.0,0.0,0.0,1.0,0.0,0.0,0.0,0.051020408163265314,0.0,0.09090909090909091,0.07142857142857142,0.05555555555555555,3,0,0,0,0,0,0,0,0.0,0.0,0.0,295000.0
10649520,1,0.0,1.0,0.0,0.0,0.0,1.0,0.0,0.0,0.0,0.0,0.0,0.0,0.0,0.0,0.0,0.0,1.0,0.0,0.22142857142857145,0.36363636363636365,0.09090909090909091,0.0,0.1111111111111111,1,2,0,0,1,0,1,1,0.794,0.0,0.0007281190593875547,539000.0
10649521,1,0.0,1.0,0.0,0.0,0.0,1.0,0.0,0.0,0.0,0.0,0.0,0.0,0.0,0.0,0.0,0.0,0.0,1.0,0.10510204081632654,0.09090909090909091,0.09090909090909091,0.0,0.0,3,3,0,0,0,0,1,1,0.0,0.0,0.0001971607024789978,319000.0
10649524,1,0.0,1.0,0.0,0.0,0.0,0.0,0.0,0.0,0.0,0.0,0.0,0.0,0.0,1.0,0.0,0.0,0.0,1.0,0.3040816326530612,0.2727272727272727,0.18181818181818182,0.0,0.16666666666666666,1,2,1,0,1,0,1,0,0.0,0.0,0.0009903886450107796,1065000.0
10649528,1,0.0,1.0,0.0,0.0,0.0,0.0,0.0,0.0,0.0,0.0,0.0,0.0,0.0,1.0,0.0,0.0,0.0,1.0,0.2602040816326531,0.1818181818181818,0.09090909090909091,0.0,0.16666666666666666,3,5,0,0,0,0,0,0,0.0,0.0,0.00010087291754739423,299000.0
10649533,0,0.0,1.0,0.0,0.0,0.0,0.0,0.0,0.0,0.0,0.0,0.0,0.0,0.0,1.0,0.0,0.0,0.0,1.0,0.0836734693877551,0.09090909090909091,0.09090909090909091,0.0,0.05555555555555555,1,0,1,0,0,0,0,1,0.0,0.07,0.0,335000.0
10649534,1,0.0,1.0,0.0,0.0,0.0,1.0,0.0,0.0,0.0,0.0,0.0,0.0,0.0,0.0,0.0,1.0,0.0,0.0,0.18877551020408165,0.1818181818181818,0.09090909090909091,0.0,0.1111111111111111,3,3,0,0,0,0,1,0,0.0,0.0,0.00106375076686343,599000.0
10649536,0,0.0,1.0,0.0,0.0,0.0,1.0,0.0,0.0,0.0,0.0,0.0,0.0,0.0,0.0,0.0,1.0,0.0,0.0,0.051020408163265314,0.0,0.09090909090909091,0.0,0.05555555555555555,3,2,1,0,0,0,0,1,0.0,0.0,0.0,210000.0
10649538,1,0.0,1.0,0.0,0.0,0.0,1.0,0.0,0.0,0.0,0.0,0.0,0.0,0.0,0.0,0.0,0.0,0.0,1.0,0.13469387755102044,0.2727272727272727,0.09090909090909091,0.0,0.1111111111111111,3,4,0,0,0,0,1,1,0.32,0.0,0.0004594302881022228,385000.0
10649535,1,0.0,1.0,0.0,0.0,0.0,1.0,0.0,0.0,0.0,0.0,0.0,0.0,0.0,0.0,0.0,0.0,0.0,1.0,0.23877551020408164,0.36363636363636365,0.18181818181818182,0.0,0.16666666666666666,3,2,0,0,1,0,1,1,1.0,0.5,0.002865707884869154,1300000.0
10649545,0,0.0,1.0,0.0,0.0,0.0,0.0,0.0,0.0,0.0,0.0,0.0,0.0,0.0,1.0,0.0,0.0,1.0,0.0,0.07142857142857142,0.1818181818181818,0.0,0.0,0.1111111111111111,3,2,0,0,0,0,0,0,0.0,0.0,0.0,1050000.0
10649555,1,0.0,1.0,0.0,1.0,0.0,0.0,0.0,0.0,0.0,0.0,0.0,0.0,0.0,0.0,0.0,0.0,1.0,0.0,0.20408163265306126,0.2727272727272727,0.09090909090909091,0.0,0.1111111111111111,3,5,0,0,0,0,1,0,1.0,0.0,0.0011462831539476616,825000.0
10649584,0,0.0,1.0,0.0,0.0,0.0,0.0,0.0,0.0,0.0,0.0,0.0,0.0,0.0,1.0,0.0,0.0,0.0,1.0,0.06020408163265307,0.0,0.09090909090909091,0.0,0.05555555555555555,3,3,1,0,0,0,0,0,0.0,0.0,0.0,139000.0
10649589,1,0.0,0.0,1.0,0.0,0.0,0.0,0.0,1.0,0.0,0.0,0.0,0.0,0.0,0.0,0.0,0.0,0.0,1.0,0.10612244897959186,0.09090909090909091,0.09090909090909091,0.0,0.05555555555555555,6,6,0,1,0,0,1,0,0.0,0.0,0.0,189000.0
10649550,1,0.0,1.0,0.0,0.0,0.0,1.0,0.0,0.0,0.0,0.0,0.0,0.0,0.0,0.0,0.0,1.0,0.0,0.0,0.10714285714285715,0.09090909090909091,0.09090909090909091,0.0,0.05555555555555555,5,4,0,1,0,0,0,0,0.0,0.0,0.00016506477416846328,350000.0
10649614,0,0.0,1.0,0.0,0.0,0.0,0.0,1.0,0.0,0.0,0.0,0.0,0.0,0.0,0.0,0.0,0.0,1.0,0.0,0.09897959183673471,0.0,0.09090909090909091,0.0,0.05555555555555555,0,3,1,1,0,0,0,1,0.0,0.92,0.0,475000.0
10649615,1,0.0,1.0,0.0,0.0,0.0,0.0,0.0,0.0,0.0,0.0,0.0,0.0,0.0,1.0,0.0,0.0,1.0,0.0,0.13775510204081634,0.4545454545454545,0.09090909090909091,0.0,0.05555555555555555,3,6,0,0,0,0,0,0,0.0,0.0,0.0,365000.0
10649612,1,0.0,0.0,1.0,0.0,0.0,0.0,0.0,0.0,0.0,1.0,0.0,0.0,0.0,0.0,0.0,0.0,0.0,1.0,0.10714285714285715,0.09090909090909091,0.09090909090909091,0.0,0.0,3,6,0,0,0,0,0,1,0.0,0.0,0.0007327041920033453,268000.0
10649608,1,0.0,0.0,1.0,0.0,0.0,0.0,0.0,0.0,0.0,0.0,0.0,1.0,0.0,0.0,0.0,0.0,0.0,1.0,0.20408163265306126,0.2727272727272727,0.18181818181818182,0.07142857142857142,0.16666666666666666,3,3,0,1,0,0,1,1,0.0,0.3,0.0010875934564655413,420000.0
10649622,0,0.0,0.0,1.0,0.0,0.0,0.0,0.0,1.0,0.0,0.0,0.0,0.0,0.0,0.0,0.0,0.0,0.0,1.0,0.051020408163265314,0.09090909090909091,0.09090909090909091,0.0,0.05555555555555555,0,1,1,1,0,0,0,1,0.0,0.13,0.0,175000.0
10649618,1,0.0,1.0,0.0,0.0,0.0,0.0,0.0,0.0,1.0,0.0,0.0,0.0,0.0,0.0,0.0,0.0,1.0,0.0,0.9591836734693878,0.6363636363636364,0.0,0.0,0.2222222222222222,3,0,0,0,0,0,1,1,0.3,0.25,0.0009023540987875993,1350000.0
10649621,0,1.0,0.0,0.0,0.0,1.0,0.0,0.0,0.0,0.0,0.0,0.0,0.0,0.0,0.0,0.0,1.0,0.0,0.0,0.13979591836734695,0.1818181818181818,0.09090909090909091,0.07142857142857142,0.05555555555555555,2,4,0,1,0,0,0,1,0.0,0.03,0.0,515000.0
10649640,1,1.0,0.0,0.0,0.0,1.0,0.0,0.0,0.0,0.0,0.0,0.0,0.0,0.0,0.0,0.0,1.0,0.0,0.0,0.12244897959183676,0.1818181818181818,0.09090909090909091,0.0,0.05555555555555555,4,6,0,0,0,0,0,1,0.0,0.1,8.253238708423164e-05,325000.0
10649625,1,0.0,1.0,0.0,1.0,0.0,0.0,0.0,0.0,0.0,0.0,0.0,0.0,0.0,0.0,0.0,0.0,1.0,0.0,0.08469387755102042,0.09090909090909091,0.09090909090909091,0.0,0.05555555555555555,3,3,0,1,0,0,0,0,0.0,0.0,0.00011279426234844991,265000.0
10649626,1,0.0,0.0,1.0,0.0,0.0,0.0,0.0,1.0,0.0,0.0,0.0,0.0,0.0,0.0,0.0,0.0,0.0,1.0,0.1836734693877551,0.4545454545454545,0.0,0.07142857142857142,0.1111111111111111,1,2,0,0,0,0,1,1,0.0,0.0,0.00028702930174849447,320000.0
10649633,0,0.0,1.0,0.0,1.0,0.0,0.0,0.0,0.0,0.0,0.0,0.0,0.0,0.0,0.0,0.0,0.0,1.0,0.0,0.0816326530612245,0.09090909090909091,0.09090909090909091,0.0,0.05555555555555555,2,4,0,1,0,0,1,0,0.08600000000000001,0.0,0.0,269000.0
10649643,1,0.0,0.0,1.0,0.0,0.0,0.0,0.0,0.0,0.0,1.0,0.0,0.0,0.0,0.0,0.0,0.0,1.0,0.0,0.12244897959183676,0.2727272727272727,0.0,0.0,0.0,0,0,0,0,0,0,0,0,0.0,0.0,0.0006859358393222808,333070.0
10649647,1,0.0,1.0,0.0,1.0,0.0,0.0,0.0,0.0,0.0,0.0,0.0,0.0,0.0,0.0,0.0,0.0,0.0,1.0,0.08775510204081632,0.2727272727272727,0.09090909090909091,0.0,0.05555555555555555,5,4,0,1,0,0,1,0,0.0,0.0,4.7685379204222725e-05,189000.0
10649645,1,0.0,1.0,0.0,1.0,0.0,0.0,0.0,0.0,0.0,0.0,0.0,0.0,0.0,0.0,0.0,0.0,0.0,1.0,0.2448979591836735,0.2727272727272727,0.18181818181818182,0.0,0.0,1,6,0,1,1,0,1,1,0.0,0.0,0.002232959583890045,650000.0
10649653,1,0.0,1.0,0.0,0.0,0.0,0.0,0.0,0.0,0.0,0.0,0.0,0.0,0.0,1.0,0.0,0.0,0.0,1.0,0.27653061224489794,0.2727272727272727,0.0,0.0,0.0,5,6,0,1,0,0,0,0,0.0,0.0,0.00024576310820637867,199000.0
10649654,1,0.0,0.0,1.0,0.0,0.0,0.0,0.0,1.0,0.0,0.0,0.0,0.0,0.0,0.0,0.0,1.0,0.0,0.0,0.14285714285714288,0.09090909090909091,0.0,0.07142857142857142,0.05555555555555555,3,5,0,1,0,0,0,0,0.0,0.0,0.0,179900.0
10649658,1,0.0,0.0,1.0,0.0,0.0,0.0,0.0,0.0,0.0,0.0,0.0,0.0,1.0,0.0,0.0,0.0,1.0,0.0,0.1642857142857143,0.2727272727272727,0.18181818181818182,0.0,0.16666666666666666,3,5,0,1,0,0,1,1,0.07,0.08,0.00015130937632109134,445000.0
10649659,0,0.0,0.0,1.0,0.0,0.0,0.0,0.0,1.0,0.0,0.0,0.0,0.0,0.0,0.0,0.0,0.0,1.0,0.0,0.09489795918367347,0.1818181818181818,0.09090909090909091,0.07142857142857142,0.1111111111111111,0,1,1,1,0,0,0,1,0.0,0.16,0.0,258978.0
10649662,1,0.0,0.0,1.0,0.0,0.0,0.0,0.0,0.0,0.0,0.0,0.0,0.0,1.0,0.0,0.0,0.0,1.0,0.0,0.20510204081632655,0.1818181818181818,0.09090909090909091,0.0,0.1111111111111111,5,7,0,1,0,0,1,1,0.0,0.07,0.00044842596982432525,368000.0
10649664,0,0.0,0.0,1.0,0.0,0.0,0.0,0.0,0.0,0.0,0.0,0.0,1.0,0.0,0.0,0.0,0.0,1.0,0.0,0.028571428571428574,0.0,0.09090909090909091,0.0,0.0,3,5,0,0,0,0,0,0,0.0,0.0,0.0,99000.0
10649661,1,0.0,0.0,1.0,0.0,0.0,0.0,0.0,0.0,0.0,0.0,0.0,0.0,1.0,0.0,0.0,0.0,0.0,1.0,0.2571428571428571,0.2727272727272727,0.0,0.07142857142857142,0.1111111111111111,5,7,0,1,0,0,1,1,0.0,0.0,0.000843664401305479,350000.0
10649655,0,0.0,0.0,1.0,0.0,0.0,0.0,0.0,1.0,0.0,0.0,0.0,0.0,0.0,0.0,1.0,0.0,0.0,0.0,0.08877551020408164,0.09090909090909091,0.09090909090909091,0.07142857142857142,0.05555555555555555,3,3,1,1,0,0,0,1,0.0,0.03,0.0,229900.0
10649663,1,0.0,0.0,1.0,0.0,0.0,0.0,0.0,0.0,0.0,0.0,0.0,0.0,1.0,0.0,0.0,0.0,1.0,0.0,0.20510204081632655,0.1818181818181818,0.09090909090909091,0.0,0.1111111111111111,5,7,0,1,0,0,1,1,0.0,0.07,0.0008730092500465391,478000.0
10649665,1,0.0,0.0,1.0,0.0,0.0,0.0,0.0,0.0,0.0,0.0,0.0,0.0,1.0,0.0,0.0,0.0,1.0,0.0,0.1642857142857143,0.2727272727272727,0.18181818181818182,0.0,0.16666666666666666,3,5,0,1,0,0,1,1,0.07,0.08,0.00015130937632109134,445000.0
10649675,1,0.0,0.0,1.0,0.0,0.0,0.0,0.0,1.0,0.0,0.0,0.0,0.0,0.0,0.0,0.0,0.0,1.0,0.0,0.11734693877551022,0.2727272727272727,0.09090909090909091,0.07142857142857142,0.1111111111111111,2,4,0,1,0,0,1,0,0.209,0.0,0.00019165854334004902,199000.0
10649666,1,0.0,1.0,0.0,0.0,0.0,0.0,0.0,0.0,0.0,0.0,0.0,0.0,0.0,1.0,0.0,0.0,0.0,1.0,0.10204081632653061,0.1818181818181818,0.09090909090909091,0.0,0.1111111111111111,3,5,0,1,0,0,1,1,0.428,0.0,0.000475019738995911,249000.0
10649679,0,0.0,1.0,0.0,0.0,0.0,0.0,0.0,0.0,0.0,0.0,0.0,0.0,0.0,1.0,0.0,0.0,1.0,0.0,0.11734693877551022,0.09090909090909091,0.09090909090909091,0.0,0.05555555555555555,3,2,1,1,0,0,0,1,0.0,0.0,0.0,195000.0
10649681,1,0.0,1.0,0.0,0.0,0.0,0.0,0.0,0.0,0.0,0.0,0.0,0.0,0.0,1.0,0.0,0.0,1.0,0.0,0.09081632653061225,0.1818181818181818,0.09090909090909091,0.0,0.1111111111111111,1,2,0,1,0,0,0,1,0.0,0.0,0.00010545805016318488,285000.0
10649687,1,0.0,0.0,1.0,0.0,0.0,0.0,0.0,0.0,0.0,0.0,0.0,1.0,0.0,0.0,0.0,0.0,1.0,0.0,0.2122448979591837,0.1818181818181818,0.09090909090909091,0.0,0.05555555555555555,5,4,0,1,0,0,1,1,0.845,0.5,0.000935367053621292,220000.0
10649692,0,1.0,0.0,0.0,0.0,1.0,0.0,0.0,0.0,0.0,0.0,0.0,0.0,0.0,0.0,0.0,1.0,0.0,0.0,0.04591836734693878,0.09090909090909091,0.0,0.07142857142857142,0.05555555555555555,0,4,1,1,0,0,0,0,0.0,0.0,0.0,295000.0
10649690,0,1.0,0.0,0.0,0.0,1.0,0.0,0.0,0.0,0.0,0.0,0.0,0.0,0.0,0.0,0.0,1.0,0.0,0.0,0.09183673469387757,0.09090909090909091,0.18181818181818182,0.0,0.1111111111111111,1,5,0,1,0,0,0,0,0.0,0.0,0.0,489000.0
10649704,1,0.0,1.0,0.0,0.0,0.0,0.0,1.0,0.0,0.0,0.0,0.0,0.0,0.0,0.0,0.0,0.0,1.0,0.0,0.14285714285714288,0.1818181818181818,0.09090909090909091,0.0,0.1111111111111111,4,6,0,1,0,0,0,0,0.0,0.0,0.0004906091898895992,637000.0
10649697,1,0.0,1.0,0.0,0.0,0.0,0.0,1.0,0.0,0.0,0.0,0.0,0.0,0.0,0.0,0.0,0.0,1.0,0.0,0.15918367346938778,0.2727272727272727,0.09090909090909091,0.0,0.0,4,3,0,0,0,0,1,1,0.105,0.09,0.00019257556986320717,250000.0
10649693,0,1.0,0.0,0.0,0.0,1.0,0.0,0.0,0.0,0.0,0.0,0.0,0.0,0.0,0.0,0.0,1.0,0.0,0.0,0.036734693877551024,0.0,0.09090909090909091,0.0,0.05555555555555555,0,0,1,1,0,0,0,0,0.0,0.0,0.0,215000.0
10649706,1,0.0,1.0,0.0,0.0,0.0,1.0,0.0,0.0,0.0,0.0,0.0,0.0,0.0,0.0,0.0,0.0,0.0,1.0,0.1785714285714286,0.1818181818181818,0.09090909090909091,0.0,0.1111111111111111,3,3,0,1,0,0,0,1,0.0,0.0,0.0,395000.0
10649712,1,0.0,0.0,1.0,0.0,0.0,0.0,0.0,0.0,0.0,0.0,1.0,0.0,0.0,0.0,0.0,0.0,1.0,0.0,0.22244897959183677,0.1818181818181818,0.09090909090909091,0.0,0.1111111111111111,1,0,0,0,0,0,1,0,0.0,0.0,0.0007006082636928108,315000.0
10649718,1,0.0,0.0,1.0,0.0,0.0,0.0,0.0,0.0,0.0,0.0,1.0,0.0,0.0,0.0,0.0,0.0,1.0,0.0,0.22244897959183677,0.1818181818181818,0.09090909090909091,0.0,0.1111111111111111,1,0,0,0,0,0,1,0,0.0,0.0,0.0008216557647496838,315000.0
10649724,1,0.0,0.0,1.0,0.0,0.0,0.0,0.0,0.0,0.0,0.0,0.0,1.0,0.0,0.0,1.0,0.0,0.0,0.0,0.3877551020408163,0.5454545454545454,0.5454545454545454,0.0,0.2777777777777778,0,5,0,0,0,0,0,0,0.0,0.0,9.261967883897107e-05,395000.0
10649715,1,0.0,0.0,1.0,0.0,0.0,0.0,0.0,1.0,0.0,0.0,0.0,0.0,0.0,0.0,0.0,0.0,0.0,1.0,0.1326530612244898,0.2727272727272727,0.09090909090909091,0.0,0.1111111111111111,0,5,0,0,0,0,0,0,0.0,0.0,0.001375539784737194,320000.0
10649725,1,0.0,0.0,1.0,0.0,0.0,0.0,0.0,0.0,0.0,0.0,0.0,1.0,0.0,0.0,0.0,0.0,0.0,1.0,0.37857142857142856,0.4545454545454545,0.0,0.3571428571428571,0.2777777777777778,0,4,0,0,0,0,0,0,0.0,0.0,0.0002659376917158575,550000.0
10649726,1,0.0,0.0,1.0,0.0,0.0,0.0,0.0,1.0,0.0,0.0,0.0,0.0,0.0,0.0,0.0,0.0,1.0,0.0,0.10816326530612247,0.1818181818181818,0.09090909090909091,0.0,0.05555555555555555,0,5,0,0,0,0,0,1,0.0,0.12,0.00011921344801055682,199000.0
10649742,0,1.0,0.0,0.0,0.0,1.0,0.0,0.0,0.0,0.0,0.0,0.0,0.0,0.0,0.0,0.0,1.0,0.0,0.0,0.13673469387755105,0.1818181818181818,0.18181818181818182,0.07142857142857142,0.1111111111111111,1,3,0,0,0,0,0,1,0.0,0.14,0.0,850000.0
10649732,1,0.0,0.0,1.0,0.0,0.0,0.0,0.0,1.0,0.0,0.0,0.0,0.0,0.0,0.0,0.0,0.0,0.0,1.0,0.15000000000000002,0.1818181818181818,0.09090909090909091,0.0,0.1111111111111111,1,5,0,0,0,0,1,1,0.9,0.25,0.0008253238708423164,330000.0
10649737,1,0.0,1.0,0.0,0.0,0.0,0.0,0.0,0.0,0.0,0.0,0.0,0.0,0.0,1.0,0.0,0.0,1.0,0.0,0.7112244897959185,0.8181818181818182,0.6363636363636364,0.0,0.0,3,4,0,0,0,0,0,1,0.0,1.0,0.0003026187526421827,595000.0
10649745,0,1.0,0.0,0.0,0.0,1.0,0.0,0.0,0.0,0.0,0.0,0.0,0.0,0.0,0.0,0.0,0.0,0.0,1.0,0.12244897959183676,0.1818181818181818,0.18181818181818182,0.0,0.1111111111111111,0,7,1,1,0,0,1,1,0.27,0.2,0.0,610000.0
10649759,1,0.0,1.0,0.0,0.0,0.0,0.0,0.0,0.0,0.0,0.0,0.0,0.0,0.0,1.0,1.0,0.0,0.0,0.0,0.13877551020408166,0.09090909090909091,0.09090909090909091,0.07142857142857142,0.0,3,0,0,0,0,0,0,1,0.0,0.11,0.0,588000.0
10649757,1,0.0,0.0,1.0,0.0,0.0,0.0,0.0,1.0,0.0,0.0,0.0,0.0,0.0,0.0,0.0,0.0,0.0,1.0,0.14285714285714288,0.1818181818181818,0.09090909090909091,0.0,0.0,0,0,0,1,0,0,1,1,0.0,0.0,0.0004695175798569622,280000.0
10649758,1,0.0,1.0,0.0,0.0,0.0,1.0,0.0,0.0,0.0,0.0,0.0,0.0,0.0,0.0,0.0,0.0,1.0,0.0,0.07448979591836735,0.09090909090909091,0.09090909090909091,0.0,0.05555555555555555,1,4,0,1,0,0,1,1,0.062,0.18,0.0001247156071495056,194000.0
10649761,1,0.0,0.0,1.0,0.0,0.0,0.0,0.0,0.0,0.0,0.0,1.0,0.0,0.0,0.0,0.0,0.0,1.0,0.0,0.12551020408163266,0.1818181818181818,0.09090909090909091,0.0,0.1111111111111111,1,1,0,0,0,0,1,1,1.0,0.0,0.0012856711854676974,339000.0
10649773,0,0.0,0.0,1.0,0.0,0.0,0.0,0.0,1.0,0.0,0.0,0.0,0.0,0.0,0.0,0.0,0.0,1.0,0.0,0.06836734693877553,0.09090909090909091,0.09090909090909091,0.0,0.05555555555555555,0,2,1,1,0,0,0,0,0.0,0.0,0.0,249000.0
10649776,1,0.0,1.0,0.0,0.0,0.0,1.0,0.0,0.0,0.0,0.0,0.0,0.0,0.0,0.0,0.0,0.0,0.0,1.0,0.31326530612244896,0.4545454545454545,0.18181818181818182,0.0,0.16666666666666666,3,2,0,1,0,0,0,1,0.0,0.5,0.0006767655740906994,470000.0
10649777,1,0.0,0.0,1.0,0.0,0.0,0.0,0.0,0.0,0.0,0.0,1.0,0.0,0.0,0.0,0.0,0.0,1.0,0.0,0.1479591836734694,0.2727272727272727,0.09090909090909091,0.0,0.1111111111111111,1,1,0,0,0,0,1,1,1.0,0.0,0.001338858723810869,349000.0
10649775,1,0.0,1.0,0.0,1.0,0.0,0.0,0.0,0.0,0.0,0.0,0.0,0.0,0.0,0.0,0.0,0.0,0.0,1.0,0.31734693877551023,0.2727272727272727,0.18181818181818182,0.0,0.2222222222222222,3,3,0,1,1,0,0,1,0.0,0.81,0.0,875000.0
10649778,1,0.0,0.0,1.0,0.0,0.0,0.0,0.0,0.0,0.0,0.0,0.0,1.0,0.0,0.0,1.0,0.0,0.0,0.0,0.22448979591836737,0.4545454545454545,0.09090909090909091,0.21428571428571427,0.2777777777777778,0,4,0,1,0,0,1,1,0.0,0.2,0.00025126526734532744,395000.0
10649786,1,0.0,0.0,1.0,0.0,0.0,0.0,0.0,0.0,0.0,0.0,1.0,0.0,0.0,0.0,0.0,0.0,1.0,0.0,0.1479591836734694,0.1818181818181818,0.09090909090909091,0.0,0.1111111111111111,1,1,0,0,0,0,1,1,0.926,0.0,0.0009252797618665525,349000.0
10518712,1,0.0,1.0,0.0,1.0,0.0,0.0,0.0,0.0,0.0,0.0,0.0,0.0,0.0,0.0,0.0,1.0,0.0,0.0,0.16632653061224492,0.2727272727272727,0.09090909090909091,0.0,0.0,1,3,0,0,0,0,0,1,0.0,0.0,0.0002567674264842762,330000.0
10649784,1,0.0,1.0,0.0,1.0,0.0,0.0,0.0,0.0,0.0,0.0,0.0,0.0,0.0,0.0,0.0,0.0,0.0,1.0,0.10918367346938776,0.1818181818181818,0.09090909090909091,0.0,0.05555555555555555,5,5,0,1,0,0,1,0,0.0,0.0,0.00038973627234220495,325000.0
10649788,1,0.0,1.0,0.0,0.0,0.0,0.0,1.0,0.0,0.0,0.0,0.0,0.0,0.0,0.0,0.0,1.0,0.0,0.0,0.2989795918367347,0.4545454545454545,0.2727272727272727,0.0,0.0,4,3,0,1,0,0,0,0,0.0,0.0,0.0009894716184876216,875000.0
10649790,1,0.0,0.0,1.0,0.0,0.0,0.0,0.0,0.0,0.0,1.0,0.0,0.0,0.0,0.0,0.0,0.0,0.0,1.0,0.0816326530612245,0.1818181818181818,0.09090909090909091,0.0,0.0,0,2,0,0,0,0,0,0,0.0,0.0,0.000581394815682254,275000.0
10649797,1,0.0,0.0,1.0,0.0,0.0,0.0,0.0,0.0,0.0,0.0,0.0,1.0,0.0,0.0,0.0,0.0,1.0,0.0,0.15510204081632656,0.2727272727272727,0.0,0.21428571428571427,0.16666666666666666,0,2,0,1,0,0,0,0,0.0,0.0,0.0,319000.0
10649789,1,0.0,0.0,1.0,0.0,0.0,0.0,0.0,0.0,0.0,0.0,0.0,0.0,1.0,0.0,0.0,0.0,0.0,1.0,0.22448979591836737,0.2727272727272727,0.2727272727272727,0.0,0.0,3,3,0,1,0,0,1,1,0.026000000000000002,1.0,0.002934484874106014,625000.0
10649798,1,0.0,0.0,1.0,0.0,0.0,0.0,0.0,0.0,0.0,0.0,1.0,0.0,0.0,0.0,0.0,0.0,0.0,1.0,0.19387755102040818,0.2727272727272727,0.09090909090909091,0.0,0.1111111111111111,1,1,0,1,0,0,1,1,0.1,0.15,0.0002375098694979555,495000.0
10649801,1,0.0,0.0,1.0,0.0,0.0,0.0,0.0,0.0,0.0,0.0,0.0,1.0,0.0,0.0,0.0,0.0,0.0,1.0,0.1836734693877551,0.0,0.09090909090909091,0.0,0.05555555555555555,3,0,0,0,0,0,0,0,0.0,0.0,0.0010930956156044902,130000.0
10649802,0,1.0,0.0,0.0,0.0,1.0,0.0,0.0,0.0,0.0,0.0,0.0,0.0,0.0,0.0,1.0,0.0,0.0,0.0,0.0653061224489796,0.0,0.09090909090909091,0.0,0.05555555555555555,2,5,1,1,0,0,0,0,0.0,0.0,0.0,330000.0
10649809,1,0.0,0.0,1.0,0.0,0.0,0.0,0.0,0.0,0.0,0.0,1.0,0.0,0.0,0.0,0.0,0.0,0.0,1.0,0.48469387755102045,0.6363636363636364,0.0,0.2857142857142857,0.0,1,2,0,0,0,0,0,1,0.0,0.0,0.0007923109160086237,795000.0
10649803,0,0.0,1.0,0.0,0.0,0.0,0.0,0.0,0.0,0.0,0.0,0.0,0.0,0.0,1.0,0.0,0.0,0.0,1.0,0.08775510204081632,0.1818181818181818,0.18181818181818182,0.0,0.1111111111111111,1,2,1,0,0,0,1,1,0.0,0.22,0.0,295000.0
10649810,0,1.0,0.0,0.0,0.0,1.0,0.0,0.0,0.0,0.0,0.0,0.0,0.0,0.0,0.0,0.0,1.0,0.0,0.0,0.08469387755102042,0.1818181818181818,0.09090909090909091,0.0,0.05555555555555555,1,5,1,0,0,0,0,1,0.0,0.0,0.0,285000.0
10649827,1,0.0,1.0,0.0,0.0,0.0,0.0,0.0,0.0,1.0,0.0,0.0,0.0,0.0,0.0,0.0,0.0,1.0,0.0,0.08877551020408164,0.09090909090909091,0.09090909090909091,0.0,0.1111111111111111,5,5,0,0,0,0,1,0,0.06,0.0,0.00012563263367266372,235000.0
10649816,0,1.0,0.0,0.0,0.0,1.0,0.0,0.0,0.0,0.0,0.0,0.0,0.0,0.0,0.0,0.0,1.0,0.0,0.0,0.04693877551020408,0.09090909090909091,0.09090909090909091,0.0,0.0,0,7,0,0,0,0,0,0,0.0,0.0,0.0,199000.0
10518745,1,0.0,1.0,0.0,0.0,0.0,1.0,0.0,0.0,0.0,0.0,0.0,0.0,0.0,0.0,0.0,0.0,0.0,1.0,0.1326530612244898,0.1818181818181818,0.09090909090909091,0.0,0.1111111111111111,1,5,0,0,0,0,0,1,0.0,0.0,0.0003026187526421827,279000.0
10649828,1,0.0,1.0,0.0,0.0,0.0,0.0,0.0,0.0,0.0,0.0,0.0,0.0,0.0,1.0,0.0,0.0,1.0,0.0,0.09183673469387757,0.2727272727272727,0.0,0.0,0.05555555555555555,1,3,0,0,0,0,0,0,0.0,0.0,4.676835268106459e-05,229000.0
10649834,1,0.0,0.0,1.0,0.0,0.0,0.0,0.0,0.0,0.0,0.0,1.0,0.0,0.0,0.0,0.0,0.0,0.0,1.0,0.2785714285714286,0.1818181818181818,0.09090909090909091,0.0,0.0,0,3,0,0,0,0,0,1,0.0,0.0,0.00038698519277273057,350000.0
10649831,0,1.0,0.0,0.0,0.0,1.0,0.0,0.0,0.0,0.0,0.0,0.0,0.0,0.0,0.0,0.0,1.0,0.0,0.0,0.2571428571428571,0.1818181818181818,0.09090909090909091,0.07142857142857142,0.1111111111111111,1,4,0,0,0,0,0,0,0.0,0.0,0.0,440000.0
10387691,0,0.0,1.0,0.0,0.0,0.0,0.0,0.0,0.0,0.0,0.0,0.0,0.0,0.0,1.0,0.0,0.0,1.0,0.0,0.05612244897959184,0.09090909090909091,0.09090909090909091,0.0,0.05555555555555555,3,2,1,0,0,0,0,1,0.0,0.0,0.0,119000.0
10649846,0,0.0,1.0,0.0,0.0,0.0,0.0,1.0,0.0,0.0,0.0,0.0,0.0,0.0,0.0,0.0,0.0,0.0,1.0,0.07551020408163267,0.09090909090909091,0.0,0.0,0.05555555555555555,3,4,0,0,0,0,0,1,0.0,0.3,0.0,245000.0
10649842,0,0.0,1.0,0.0,1.0,0.0,0.0,0.0,0.0,0.0,0.0,0.0,0.0,0.0,0.0,1.0,0.0,0.0,0.0,0.8377551020408164,0.09090909090909091,0.09090909090909091,0.0,0.05555555555555555,1,2,1,0,0,0,0,1,0.0,0.36,0.0,495000.0
10649847,0,0.0,1.0,0.0,0.0,0.0,0.0,1.0,0.0,0.0,0.0,0.0,0.0,0.0,0.0,0.0,0.0,0.0,1.0,0.07448979591836735,0.09090909090909091,0.09090909090909091,0.0,0.05555555555555555,3,2,1,1,0,0,0,1,0.0,0.0,0.0,315000.0
10649845,1,0.0,1.0,0.0,0.0,0.0,0.0,1.0,0.0,0.0,0.0,0.0,0.0,0.0,0.0,0.0,0.0,0.0,1.0,0.22244897959183677,0.36363636363636365,0.09090909090909091,0.07142857142857142,0.16666666666666666,3,2,0,1,0,0,0,1,0.0,0.0,0.0018872405846594301,545000.0
10649836,1,0.0,0.0,1.0,0.0,0.0,0.0,0.0,0.0,0.0,1.0,0.0,0.0,0.0,0.0,0.0,0.0,0.0,1.0,0.09693877551020408,0.1818181818181818,0.09090909090909091,0.0,0.05555555555555555,5,7,0,1,0,0,1,1,0.0,0.3,0.0009271138149128688,149000.0
10649850,1,0.0,0.0,1.0,0.0,0.0,0.0,0.0,0.0,0.0,1.0,0.0,0.0,0.0,0.0,0.0,0.0,0.0,1.0,0.6285714285714286,0.4545454545454545,0.2727272727272727,0.0,0.1111111111111111,1,4,0,0,0,0,0,0,0.0,0.0,0.0049803710472718,850000.0
10649853,0,1.0,0.0,0.0,0.0,1.0,0.0,0.0,0.0,0.0,0.0,0.0,0.0,0.0,0.0,0.0,1.0,0.0,0.0,0.08265306122448982,0.0,0.0,0.14285714285714285,0.1111111111111111,4,7,0,0,0,0,0,1,0.0,0.2,0.0,199000.0
10649857,1,0.0,1.0,0.0,0.0,0.0,1.0,0.0,0.0,0.0,0.0,0.0,0.0,0.0,0.0,0.0,0.0,1.0,0.0,0.0816326530612245,0.09090909090909091,0.09090909090909091,0.0,0.05555555555555555,5,6,0,0,0,0,1,0,0.2,0.0,0.0003026187526421827,189000.0
10649856,1,0.0,1.0,0.0,0.0,0.0,1.0,0.0,0.0,0.0,0.0,0.0,0.0,0.0,0.0,0.0,0.0,1.0,0.0,0.18571428571428575,0.36363636363636365,0.18181818181818182,0.0,0.05555555555555555,0,4,0,1,0,0,0,0,0.0,0.0,9.170265231581294e-05,275000.0
10649861,0,0.0,1.0,0.0,1.0,0.0,0.0,0.0,0.0,0.0,0.0,0.0,0.0,0.0,0.0,0.0,0.0,0.0,1.0,0.034693877551020415,0.0,0.09090909090909091,0.0,0.05555555555555555,0,2,0,1,0,0,0,0,0.0,0.0,0.0,210000.0
10649864,0,0.0,1.0,0.0,0.0,0.0,0.0,0.0,0.0,0.0,0.0,0.0,0.0,0.0,1.0,0.0,0.0,0.0,1.0,0.05306122448979592,0.0,0.09090909090909091,0.0,0.05555555555555555,3,3,0,0,0,0,0,0,0.0,0.0,0.0,149900.0
10649865,1,0.0,1.0,0.0,0.0,0.0,0.0,0.0,0.0,0.0,0.0,0.0,0.0,0.0,1.0,0.0,0.0,0.0,1.0,0.20408163265306126,0.2727272727272727,0.18181818181818182,0.0,0.1111111111111111,3,3,0,0,0,0,1,0,0.066,0.0,0.0002191693390347929,279000.0
10649863,0,0.0,1.0,0.0,0.0,0.0,0.0,0.0,0.0,0.0,0.0,0.0,0.0,0.0,1.0,0.0,0.0,1.0,0.0,0.06632653061224492,0.1818181818181818,0.09090909090909091,0.0,0.05555555555555555,3,5,0,0,0,0,1,0,0.009000000000000001,0.0,0.0,161000.0
10649866,1,0.0,1.0,0.0,0.0,0.0,0.0,0.0,0.0,0.0,0.0,0.0,0.0,0.0,1.0,0.0,0.0,0.0,1.0,0.19387755102040818,0.2727272727272727,0.18181818181818182,0.0,0.1111111111111111,3,3,0,0,0,1,1,0,0.058,0.0,0.00015497748241372387,265000.0
10649869,1,0.0,1.0,0.0,0.0,0.0,0.0,0.0,0.0,0.0,0.0,0.0,0.0,0.0,1.0,0.0,0.0,0.0,1.0,0.1326530612244898,0.1818181818181818,0.0,0.0,0.1111111111111111,3,2,0,0,0,0,0,0,0.0,0.0,0.0004585132615790647,359000.0
10649867,1,0.0,1.0,0.0,0.0,0.0,0.0,1.0,0.0,0.0,0.0,0.0,0.0,0.0,0.0,0.0,0.0,0.0,1.0,0.2122448979591837,0.1818181818181818,0.09090909090909091,0.0,0.1111111111111111,1,3,0,1,0,1,1,1,0.04,0.35000000000000003,0.0002723568773779644,429000.0
10649872,1,0.0,1.0,0.0,0.0,0.0,1.0,0.0,0.0,0.0,0.0,0.0,0.0,0.0,0.0,0.0,0.0,1.0,0.0,0.13367346938775512,0.1818181818181818,0.09090909090909091,0.0,0.05555555555555555,3,2,0,0,0,0,1,0,0.075,0.0,0.0001659818006916214,279000.0
10649879,1,0.0,0.0,1.0,0.0,0.0,0.0,0.0,0.0,0.0,0.0,1.0,0.0,0.0,0.0,0.0,0.0,1.0,0.0,0.16836734693877553,0.2727272727272727,0.18181818181818182,0.14285714285714285,0.1111111111111111,1,6,0,0,0,0,0,0,0.0,0.0,8.161536056107351e-05,275000.0
10649875,1,0.0,0.0,1.0,0.0,0.0,0.0,0.0,0.0,0.0,0.0,0.0,0.0,1.0,0.0,0.0,0.0,0.0,1.0,0.13979591836734695,0.09090909090909091,0.09090909090909091,0.0,0.0,0,4,0,0,0,0,0,1,0.0,0.0,6.419185662106905e-05,299000.0
10649881,1,0.0,1.0,0.0,0.0,0.0,0.0,1.0,0.0,0.0,0.0,0.0,0.0,0.0,0.0,0.0,0.0,1.0,0.0,0.1836734693877551,0.2727272727272727,0.18181818181818182,0.0,0.0,3,3,0,1,0,0,1,1,0.0,0.0,0.0007666341733601961,769000.0
10649882,1,0.0,1.0,0.0,0.0,0.0,0.0,1.0,0.0,0.0,0.0,0.0,0.0,0.0,0.0,0.0,1.0,0.0,0.0,0.1959183673469388,0.1818181818181818,0.09090909090909091,0.0,0.05555555555555555,5,6,0,0,0,0,1,1,0.0,0.0,0.00033288062790640094,425000.0
10649896,1,0.0,1.0,0.0,0.0,0.0,0.0,1.0,0.0,0.0,0.0,0.0,0.0,0.0,0.0,0.0,0.0,0.0,1.0,0.25510204081632654,0.1818181818181818,0.0,0.0,0.0,0,0,0,0,0,0,0,1,0.0,0.0,0.0008033152342865213,784800.0
10649893,0,1.0,0.0,0.0,0.0,1.0,0.0,0.0,0.0,0.0,0.0,0.0,0.0,0.0,0.0,0.0,1.0,0.0,0.0,0.0836734693877551,0.1818181818181818,0.09090909090909091,0.0,0.0,3,6,1,0,0,0,0,1,0.0,0.05,0.0,250000.0
10649888,0,0.0,0.0,1.0,0.0,0.0,0.0,0.0,0.0,0.0,0.0,1.0,0.0,0.0,0.0,0.0,0.0,0.0,1.0,0.06836734693877553,0.09090909090909091,0.09090909090909091,0.0,0.05555555555555555,3,2,0,1,0,0,0,0,0.0,0.0,0.0,220000.0
10649886,1,0.0,0.0,1.0,0.0,0.0,0.0,0.0,1.0,0.0,0.0,0.0,0.0,0.0,0.0,0.0,0.0,1.0,0.0,0.1459183673469388,0.1818181818181818,0.09090909090909091,0.0,0.05555555555555555,0,0,0,0,0,0,0,0,0.0,0.0,0.0,75000.0
10649911,1,0.0,1.0,0.0,0.0,0.0,0.0,0.0,0.0,0.0,0.0,0.0,0.0,0.0,1.0,0.0,0.0,0.0,1.0,0.1836734693877551,0.1818181818181818,0.09090909090909091,0.0,0.0,3,4,0,0,0,0,0,1,0.0,0.0,0.00039707248452747,347000.0
10649897,1,0.0,1.0,0.0,0.0,0.0,0.0,0.0,0.0,0.0,0.0,0.0,0.0,0.0,1.0,0.0,0.0,0.0,1.0,0.1316326530612245,0.1818181818181818,0.09090909090909091,0.0,0.1111111111111111,1,1,0,0,0,0,1,1,0.125,1.0,0.0002347587899284811,375000.0
10649915,1,0.0,0.0,1.0,0.0,0.0,0.0,0.0,1.0,0.0,0.0,0.0,0.0,0.0,0.0,0.0,0.0,0.0,1.0,0.1326530612244898,0.2727272727272727,0.09090909090909091,0.0,0.1111111111111111,0,5,0,0,0,0,0,0,0.0,0.0,0.001375539784737194,320000.0
10649922,1,0.0,0.0,1.0,0.0,0.0,0.0,0.0,0.0,0.0,0.0,0.0,0.0,1.0,0.0,0.0,0.0,0.0,1.0,0.1326530612244898,0.1818181818181818,0.09090909090909091,0.0,0.05555555555555555,0,7,0,0,0,0,1,1,0.15,0.16,0.0002971165935032339,237500.0
10649928,0,0.0,1.0,0.0,1.0,0.0,0.0,0.0,0.0,0.0,0.0,0.0,0.0,0.0,0.0,0.0,0.0,1.0,0.0,0.07142857142857142,0.09090909090909091,0.09090909090909091,0.0,0.0,3,2,1,0,0,0,0,1,0.0,0.0,0.0,340000.0
10649934,1,0.0,0.0,1.0,0.0,0.0,0.0,0.0,0.0,0.0,0.0,0.0,0.0,1.0,0.0,0.0,0.0,0.0,1.0,0.15816326530612246,0.2727272727272727,0.09090909090909091,0.0,0.1111111111111111,0,7,0,0,0,0,1,1,0.05,0.2,0.00015406045589056572,355000.0
10649933,1,0.0,0.0,1.0,0.0,0.0,0.0,0.0,0.0,0.0,0.0,0.0,0.0,1.0,0.0,0.0,0.0,0.0,1.0,0.12244897959183676,0.1818181818181818,0.09090909090909091,0.07142857142857142,0.1111111111111111,0,6,0,0,0,0,1,1,0.05,0.32,0.0001375539784737194,325000.0
10649936,0,1.0,0.0,0.0,0.0,1.0,0.0,0.0,0.0,0.0,0.0,0.0,0.0,0.0,0.0,0.0,1.0,0.0,0.0,0.0816326530612245,0.09090909090909091,0.0,0.14285714285714285,0.1111111111111111,2,6,0,0,0,0,1,1,0.015,0.1,0.0,495000.0
10649939,1,0.0,0.0,1.0,0.0,0.0,0.0,0.0,0.0,0.0,1.0,0.0,0.0,0.0,0.0,0.0,0.0,0.0,1.0,0.1326530612244898,0.1818181818181818,0.0,0.0,0.0,0,4,0,0,0,0,0,0,0.0,0.0,0.0002246714981737417,330000.0
10649942,0,1.0,0.0,0.0,0.0,1.0,0.0,0.0,0.0,0.0,0.0,0.0,0.0,0.0,0.0,0.0,0.0,0.0,1.0,0.03571428571428572,0.0,0.09090909090909091,0.0,0.05555555555555555,3,7,1,0,0,0,0,1,0.0,0.25,0.0,250000.0
10649940,1,0.0,0.0,1.0,0.0,0.0,0.0,0.0,0.0,0.0,0.0,0.0,0.0,1.0,0.0,0.0,0.0,0.0,1.0,0.19387755102040818,0.2727272727272727,0.18181818181818182,0.07142857142857142,0.1111111111111111,1,4,0,0,1,0,0,1,0.0,0.0,0.0023989413845816663,499000.0
10649955,1,0.0,1.0,0.0,0.0,0.0,0.0,1.0,0.0,0.0,0.0,0.0,0.0,0.0,0.0,0.0,0.0,0.0,1.0,0.1438775510204082,0.1818181818181818,0.09090909090909091,0.0,0.0,3,3,0,0,0,0,0,0,0.0,0.0,0.0003273784687674522,424000.0
10649943,0,1.0,0.0,0.0,0.0,1.0,0.0,0.0,0.0,0.0,0.0,0.0,0.0,0.0,0.0,0.0,0.0,0.0,1.0,0.03571428571428572,0.0,0.09090909090909091,0.0,0.05555555555555555,3,7,1,0,0,0,0,1,0.0,0.25,0.0,250000.0
10649957,0,0.0,1.0,0.0,1.0,0.0,0.0,0.0,0.0,0.0,0.0,0.0,0.0,0.0,0.0,1.0,0.0,0.0,0.0,0.04183673469387755,0.0,0.09090909090909091,0.07142857142857142,0.05555555555555555,0,1,0,1,0,0,0,1,0.0,0.15,0.0,520000.0
10649958,0,0.0,1.0,0.0,1.0,0.0,0.0,0.0,0.0,0.0,0.0,0.0,0.0,0.0,0.0,0.0,1.0,0.0,0.0,0.08877551020408164,0.09090909090909091,0.09090909090909091,0.07142857142857142,0.05555555555555555,3,1,1,1,0,0,0,1,0.0,0.06,0.0,339000.0
10649961,0,0.0,1.0,0.0,1.0,0.0,0.0,0.0,0.0,0.0,0.0,0.0,0.0,0.0,0.0,0.0,1.0,0.0,0.0,0.04693877551020408,0.09090909090909091,0.09090909090909091,0.0,0.05555555555555555,3,3,0,1,0,0,0,0,0.0,0.0,0.0,219000.0
10649965,0,0.0,1.0,0.0,1.0,0.0,0.0,0.0,0.0,0.0,0.0,0.0,0.0,0.0,0.0,0.0,1.0,0.0,0.0,0.04693877551020408,0.09090909090909091,0.09090909090909091,0.0,0.05555555555555555,3,3,0,1,0,0,0,0,0.0,0.0,0.0,219000.0
10649968,1,0.0,1.0,0.0,0.0,0.0,1.0,0.0,0.0,0.0,0.0,0.0,0.0,0.0,0.0,0.0,1.0,0.0,0.0,0.32755102040816325,0.36363636363636365,0.18181818181818182,0.0,0.16666666666666666,4,5,0,0,1,0,0,1,0.0,0.0,0.0011453661274245035,799000.0
10649962,0,0.0,1.0,0.0,1.0,0.0,0.0,0.0,0.0,0.0,0.0,0.0,0.0,0.0,0.0,1.0,0.0,0.0,0.0,0.08979591836734696,0.09090909090909091,0.18181818181818182,0.0,0.0,0,1,1,1,0,0,0,0,0.0,0.0,0.0,398000.0
10649970,1,0.0,0.0,1.0,0.0,0.0,0.0,0.0,0.0,0.0,0.0,0.0,1.0,0.0,0.0,0.0,1.0,0.0,0.0,0.21938775510204084,0.2727272727272727,0.09090909090909091,0.0,0.1111111111111111,3,5,0,0,0,0,1,1,0.518,0.4,0.000475019738995911,360000.0
10649973,1,0.0,0.0,1.0,0.0,0.0,0.0,0.0,0.0,0.0,0.0,0.0,1.0,0.0,0.0,0.0,1.0,0.0,0.0,0.05612244897959184,0.0,0.0,0.07142857142857142,0.05555555555555555,2,3,0,1,0,0,0,1,0.0,0.02,0.0,199000.0
10649978,0,0.0,1.0,0.0,1.0,0.0,0.0,0.0,0.0,0.0,0.0,0.0,0.0,0.0,0.0,0.0,0.0,0.0,1.0,0.20102040816326533,0.09090909090909091,0.09090909090909091,0.0,0.1111111111111111,5,0,0,1,0,0,0,0,0.0,0.0,0.0,298000.0
10649980,1,0.0,1.0,0.0,1.0,0.0,0.0,0.0,0.0,0.0,0.0,0.0,0.0,0.0,0.0,0.0,0.0,0.0,1.0,0.326530612244898,0.36363636363636365,0.18181818181818182,0.0,0.16666666666666666,1,0,0,0,0,0,1,1,0.34600000000000003,0.4,0.0005878140013443609,435000.0
10649986,0,1.0,0.0,0.0,0.0,1.0,0.0,0.0,0.0,0.0,0.0,0.0,0.0,0.0,0.0,0.0,1.0,0.0,0.0,0.05612244897959184,0.09090909090909091,0.09090909090909091,0.07142857142857142,0.05555555555555555,3,0,0,0,0,0,1,1,0.09,0.15,0.0,249000.0
10649989,0,0.0,1.0,0.0,0.0,0.0,1.0,0.0,0.0,0.0,0.0,0.0,0.0,0.0,0.0,0.0,0.0,1.0,0.0,0.07448979591836735,0.09090909090909091,0.09090909090909091,0.0,0.05555555555555555,1,3,0,0,0,1,0,1,0.0,0.45,0.0,199000.0
10649984,0,0.0,1.0,0.0,1.0,0.0,0.0,0.0,0.0,0.0,0.0,0.0,0.0,0.0,0.0,0.0,1.0,0.0,0.0,0.0816326530612245,0.09090909090909091,0.09090909090909091,0.0,0.0,1,1,1,0,0,0,0,1,0.0,0.1,0.0,266000.0
10649996,1,1.0,0.0,0.0,0.0,1.0,0.0,0.0,0.0,0.0,0.0,0.0,0.0,0.0,0.0,0.0,1.0,0.0,0.0,0.2857142857142857,0.4545454545454545,0.2727272727272727,0.07142857142857142,0.2222222222222222,0,0,0,0,0,0,0,0,0.0,0.0,0.00022925663078953234,425000.0
10649994,1,1.0,0.0,0.0,0.0,1.0,0.0,0.0,0.0,0.0,0.0,0.0,0.0,0.0,0.0,0.0,1.0,0.0,0.0,0.3479591836734694,0.36363636363636365,0.2727272727272727,0.0,0.0,1,0,0,0,0,0,0,0,0.0,0.0,0.00019257556986320717,1250000.0
10649998,1,0.0,1.0,0.0,1.0,0.0,0.0,0.0,0.0,0.0,0.0,0.0,0.0,0.0,0.0,0.0,0.0,0.0,1.0,0.05306122448979592,0.09090909090909091,0.09090909090909091,0.0,0.0,3,5,0,0,0,0,1,0,0.085,0.0,0.00015956261502951451,249000.0
10649997,1,0.0,1.0,0.0,0.0,0.0,0.0,1.0,0.0,0.0,0.0,0.0,0.0,0.0,0.0,0.0,0.0,0.0,1.0,0.16836734693877553,0.1818181818181818,0.09090909090909091,0.0,0.0,0,0,0,0,0,0,0,0,0.0,0.0,0.0003860681662495725,479000.0
10649999,1,0.0,1.0,0.0,1.0,0.0,0.0,0.0,0.0,0.0,0.0,0.0,0.0,0.0,0.0,0.0,0.0,0.0,1.0,0.09591836734693879,0.1818181818181818,0.09090909090909091,0.0,0.05555555555555555,5,6,0,0,0,0,1,0,0.045,0.0,0.00015772856198319825,275000.0
10650001,1,0.0,1.0,0.0,0.0,0.0,0.0,0.0,0.0,0.0,0.0,0.0,0.0,0.0,1.0,0.0,0.0,0.0,1.0,0.15510204081632656,0.2727272727272727,0.09090909090909091,0.0,0.1111111111111111,3,2,0,0,0,0,0,1,0.0,0.2,0.00016781585373793766,278000.0
10650000,0,0.0,1.0,0.0,1.0,0.0,0.0,0.0,0.0,0.0,0.0,0.0,0.0,0.0,0.0,0.0,1.0,0.0,0.0,0.06326530612244899,0.09090909090909091,0.09090909090909091,0.0,0.0,4,3,1,0,0,0,0,1,0.0,0.04,0.0,195000.0
10650002,1,0.0,1.0,0.0,0.0,0.0,0.0,0.0,0.0,0.0,0.0,0.0,0.0,0.0,1.0,0.0,0.0,0.0,1.0,0.15612244897959185,0.1818181818181818,0.0,0.0,0.0,5,6,0,0,0,0,0,0,0.0,0.0,0.0006354993805485836,175000.0
10650004,0,0.0,1.0,0.0,0.0,0.0,0.0,1.0,0.0,0.0,0.0,0.0,0.0,0.0,0.0,0.0,0.0,1.0,0.0,0.04897959183673469,0.09090909090909091,0.09090909090909091,0.0,0.0,4,3,0,0,0,0,0,0,0.0,0.0,0.0,175000.0
10650003,1,0.0,0.0,1.0,0.0,0.0,0.0,0.0,0.0,0.0,0.0,0.0,0.0,1.0,0.0,0.0,0.0,0.0,1.0,0.1836734693877551,0.1818181818181818,0.0,0.07142857142857142,0.1111111111111111,1,4,0,1,0,0,0,1,0.0,0.0,0.0009170265231581294,475000.0
10650005,1,0.0,0.0,1.0,0.0,0.0,0.0,0.0,1.0,0.0,0.0,0.0,0.0,0.0,0.0,0.0,0.0,0.0,1.0,0.1326530612244898,0.2727272727272727,0.09090909090909091,0.0,0.05555555555555555,4,4,0,1,0,0,0,0,0.0,0.0,0.0004951943225053898,265000.0
10650007,1,0.0,1.0,0.0,0.0,0.0,0.0,1.0,0.0,0.0,0.0,0.0,0.0,0.0,0.0,0.0,0.0,1.0,0.0,0.27755102040816326,0.36363636363636365,0.18181818181818182,0.0,0.1111111111111111,1,1,0,0,1,0,1,1,0.757,0.3,0.0009151924701118131,905000.0
10650011,1,1.0,0.0,0.0,0.0,1.0,0.0,0.0,0.0,0.0,0.0,0.0,0.0,0.0,0.0,1.0,0.0,0.0,0.0,0.23469387755102042,0.6363636363636364,0.4545454545454546,0.3571428571428571,0.2777777777777778,1,4,0,0,0,0,0,1,0.0,0.0,0.0,525000.0
10650012,0,1.0,0.0,0.0,0.0,1.0,0.0,0.0,0.0,0.0,0.0,0.0,0.0,0.0,0.0,0.0,0.0,0.0,1.0,0.09591836734693879,0.09090909090909091,0.09090909090909091,0.0,0.05555555555555555,3,4,1,0,0,0,0,1,0.0,0.0,0.0,395000.0
10650018,1,0.0,0.0,1.0,0.0,0.0,0.0,0.0,1.0,0.0,0.0,0.0,0.0,0.0,0.0,0.0,0.0,0.0,1.0,0.2857142857142857,0.4545454545454545,0.09090909090909091,0.07142857142857142,0.1111111111111111,5,0,0,0,0,0,1,1,1.0,0.0,0.0,325000.0
10650019,1,0.0,0.0,1.0,0.0,0.0,0.0,0.0,0.0,0.0,0.0,0.0,0.0,1.0,0.0,0.0,0.0,0.0,1.0,0.1836734693877551,0.5454545454545454,0.18181818181818182,0.14285714285714285,0.1111111111111111,4,5,0,0,0,0,0,1,0.0,0.0,0.0005502159138948776,395000.0
10650021,1,0.0,0.0,1.0,0.0,0.0,0.0,0.0,1.0,0.0,0.0,0.0,0.0,0.0,0.0,0.0,0.0,1.0,0.0,0.1275510204081633,0.1818181818181818,0.09090909090909091,0.0,0.05555555555555555,0,7,0,0,0,0,0,0,0.0,0.0,0.00019257556986320717,99000.0
10650025,0,0.0,0.0,1.0,0.0,0.0,0.0,0.0,0.0,0.0,0.0,0.0,1.0,0.0,0.0,0.0,0.0,0.0,1.0,0.10204081632653061,0.1818181818181818,0.0,0.07142857142857142,0.0,4,4,0,0,0,0,0,0,0.0,0.0,0.0,130000.0
10650026,1,0.0,0.0,1.0,0.0,0.0,0.0,0.0,0.0,0.0,1.0,0.0,0.0,0.0,0.0,0.0,0.0,0.0,1.0,0.17346938775510207,0.2727272727272727,0.09090909090909091,0.07142857142857142,0.1111111111111111,3,4,1,0,0,0,1,1,1.0,0.4,0.0012003877188139912,330000.0
10650022,1,0.0,0.0,1.0,0.0,0.0,0.0,0.0,1.0,0.0,0.0,0.0,0.0,0.0,0.0,0.0,0.0,1.0,0.0,0.27040816326530615,0.4545454545454545,0.09090909090909091,0.0,0.1111111111111111,0,7,0,0,0,0,0,0,0.0,0.0,0.0009628778493160358,180000.0
10650031,1,0.0,0.0,1.0,0.0,0.0,0.0,0.0,0.0,0.0,0.0,1.0,0.0,0.0,0.0,0.0,0.0,1.0,0.0,0.2714285714285714,0.5454545454545454,0.18181818181818182,0.0,0.1111111111111111,5,6,0,0,0,0,0,0,0.0,0.0,0.0001971607024789978,310000.0
10650043,0,1.0,0.0,0.0,0.0,1.0,0.0,0.0,0.0,0.0,0.0,0.0,0.0,0.0,0.0,0.0,1.0,0.0,0.0,0.07142857142857142,0.1818181818181818,0.09090909090909091,0.14285714285714285,0.1111111111111111,4,7,0,0,0,0,0,0,0.0,0.0,0.0,245000.0
10650045,0,0.0,1.0,0.0,0.0,0.0,0.0,0.0,0.0,0.0,0.0,0.0,0.0,0.0,1.0,0.0,0.0,1.0,0.0,0.0836734693877551,0.1818181818181818,0.09090909090909091,0.0,0.05555555555555555,2,3,1,0,0,0,0,1,0.0,0.05,0.0,245000.0
10650046,1,0.0,1.0,0.0,0.0,0.0,1.0,0.0,0.0,0.0,0.0,0.0,0.0,0.0,0.0,0.0,0.0,1.0,0.0,0.27346938775510204,0.09090909090909091,0.09090909090909091,0.0,0.1111111111111111,2,2,0,0,0,0,1,1,0.15,0.2,0.00026410363866954126,449000.0
10650056,1,0.0,1.0,0.0,1.0,0.0,0.0,0.0,0.0,0.0,0.0,0.0,0.0,0.0,0.0,0.0,0.0,0.0,1.0,0.14489795918367349,0.2727272727272727,0.36363636363636365,0.0,0.0,3,6,0,0,0,0,0,0,0.0,0.0,5.868969748212028e-05,249000.0
10650058,0,0.0,1.0,0.0,1.0,0.0,0.0,0.0,0.0,0.0,0.0,0.0,0.0,0.0,0.0,1.0,0.0,0.0,0.0,0.020408163265306124,0.0,0.09090909090909091,0.0,0.0,3,3,1,0,0,0,0,0,0.0,0.0,0.0,199000.0
10650057,0,0.0,0.0,1.0,0.0,0.0,0.0,0.0,0.0,0.0,1.0,0.0,0.0,0.0,0.0,0.0,0.0,1.0,0.0,0.12653061224489798,0.09090909090909091,0.09090909090909091,0.07142857142857142,0.1111111111111111,3,4,0,0,0,0,0,1,0.0,0.24,0.0,229000.0
10650064,1,1.0,0.0,0.0,0.0,1.0,0.0,0.0,0.0,0.0,0.0,0.0,0.0,0.0,0.0,0.0,0.0,0.0,1.0,0.3122448979591837,0.2727272727272727,0.2727272727272727,0.14285714285714285,0.2222222222222222,3,5,0,0,0,0,1,1,0.029,0.07,0.0,1245000.0
10650062,0,0.0,1.0,0.0,0.0,0.0,0.0,0.0,0.0,0.0,0.0,0.0,0.0,0.0,1.0,0.0,0.0,1.0,0.0,0.06632653061224492,0.09090909090909091,0.09090909090909091,0.0,0.05555555555555555,4,3,1,0,0,0,0,1,0.0,0.02,0.0,199000.0
10650066,1,1.0,0.0,0.0,0.0,1.0,0.0,0.0,0.0,0.0,0.0,0.0,0.0,0.0,0.0,0.0,0.0,0.0,1.0,0.1816326530612245,0.2727272727272727,0.09090909090909091,0.07142857142857142,0.16666666666666666,5,7,0,0,0,0,0,1,0.0,0.25,0.0,480000.0
10650069,1,0.0,0.0,1.0,0.0,0.0,0.0,0.0,1.0,0.0,0.0,0.0,0.0,0.0,0.0,0.0,0.0,0.0,1.0,0.09693877551020408,0.09090909090909091,0.09090909090909091,0.07142857142857142,0.05555555555555555,3,7,0,0,0,0,1,1,0.05,0.4,0.00033012954833692656,180000.0
10650071,1,0.0,1.0,0.0,0.0,0.0,0.0,1.0,0.0,0.0,0.0,0.0,0.0,0.0,0.0,0.0,1.0,0.0,0.0,0.15000000000000002,0.1818181818181818,0.18181818181818182,0.0,0.1111111111111111,3,4,0,0,0,0,1,1,0.28,0.0,0.000531875383431715,485000.0
10650079,1,0.0,1.0,0.0,1.0,0.0,0.0,0.0,0.0,0.0,0.0,0.0,0.0,0.0,0.0,0.0,0.0,0.0,1.0,0.1275510204081633,0.09090909090909091,0.09090909090909091,0.0,0.05555555555555555,4,6,0,1,0,0,1,1,0.0,0.0,0.0023934392254427177,369000.0
10650082,1,0.0,1.0,0.0,1.0,0.0,0.0,0.0,0.0,0.0,0.0,0.0,0.0,0.0,0.0,0.0,0.0,0.0,1.0,0.2510204081632653,0.2727272727272727,0.09090909090909091,0.07142857142857142,0.1111111111111111,1,2,0,1,0,0,1,0,0.0,0.0,0.0025612550791806552,485000.0
10650087,0,0.0,1.0,0.0,1.0,0.0,0.0,0.0,0.0,0.0,0.0,0.0,0.0,0.0,0.0,0.0,0.0,0.0,1.0,0.08571428571428572,0.09090909090909091,0.09090909090909091,0.0,0.05555555555555555,2,0,1,1,0,0,1,1,0.0,0.15,0.0,315000.0
10650102,1,1.0,0.0,0.0,0.0,1.0,0.0,0.0,0.0,0.0,0.0,0.0,0.0,0.0,0.0,0.0,0.0,0.0,1.0,0.2142857142857143,0.36363636363636365,0.0,0.3571428571428571,0.0,5,0,0,0,0,0,0,0,0.0,0.0,4.585132615790647e-05,875000.0
10650108,0,1.0,0.0,0.0,0.0,1.0,0.0,0.0,0.0,0.0,0.0,0.0,0.0,0.0,0.0,0.0,1.0,0.0,0.0,0.10306122448979593,0.09090909090909091,0.0,0.07142857142857142,0.05555555555555555,0,0,0,0,0,0,0,1,0.0,0.1,0.0,229000.0
10650103,1,0.0,1.0,0.0,0.0,0.0,1.0,0.0,0.0,0.0,0.0,0.0,0.0,0.0,0.0,0.0,0.0,0.0,1.0,0.14081632653061227,0.1818181818181818,0.09090909090909091,0.0,0.0,1,4,0,0,0,0,1,1,0.0,0.0,0.0008675070909075904,345000.0
10650109,0,0.0,0.0,1.0,0.0,0.0,0.0,0.0,1.0,0.0,0.0,0.0,0.0,0.0,0.0,0.0,0.0,0.0,1.0,0.06632653061224492,0.09090909090909091,0.09090909090909091,0.0,0.05555555555555555,0,3,0,0,0,0,0,0,0.0,0.0,0.0,169000.0
10650110,0,0.0,0.0,1.0,0.0,0.0,0.0,0.0,1.0,0.0,0.0,0.0,0.0,0.0,0.0,0.0,0.0,1.0,0.0,0.06632653061224492,0.09090909090909091,0.09090909090909091,0.0,0.05555555555555555,0,3,0,0,0,0,0,0,0.0,0.0,0.0,169000.0
10650113,1,0.0,0.0,1.0,0.0,0.0,0.0,0.0,1.0,0.0,0.0,0.0,0.0,0.0,0.0,0.0,0.0,0.0,1.0,0.5357142857142857,0.2727272727272727,0.09090909090909091,0.0,0.1111111111111111,0,3,0,0,0,0,0,1,0.0,0.28,0.0010692529260023789,550000.0
10650112,1,0.0,0.0,1.0,0.0,0.0,0.0,0.0,1.0,0.0,0.0,0.0,0.0,0.0,0.0,0.0,0.0,0.0,1.0,0.29081632653061223,0.2727272727272727,0.09090909090909091,0.0,0.1111111111111111,0,3,0,0,0,0,0,1,0.0,0.28,0.0005410456486632963,290000.0
10650115,1,0.0,0.0,1.0,0.0,0.0,0.0,0.0,1.0,0.0,0.0,0.0,0.0,0.0,0.0,0.0,0.0,0.0,1.0,0.07653061224489796,0.09090909090909091,0.09090909090909091,0.0,0.1111111111111111,3,4,0,0,0,0,1,0,0.125,0.0,0.0001907415168168909,135000.0
10650119,1,0.0,1.0,0.0,0.0,0.0,0.0,0.0,0.0,0.0,0.0,0.0,0.0,0.0,1.0,0.0,0.0,0.0,1.0,0.1326530612244898,0.1818181818181818,0.09090909090909091,0.0,0.05555555555555555,3,6,0,0,0,0,0,1,0.0,0.0,0.00016047964155267263,365000.0
10650122,1,0.0,1.0,0.0,0.0,0.0,0.0,0.0,0.0,0.0,0.0,0.0,0.0,0.0,1.0,0.0,0.0,0.0,1.0,0.1622448979591837,0.09090909090909091,0.09090909090909091,0.0,0.05555555555555555,4,5,0,0,0,0,0,1,0.0,0.0,0.00047960487161170166,440000.0
10650127,1,0.0,1.0,0.0,1.0,0.0,0.0,0.0,0.0,0.0,0.0,0.0,0.0,0.0,0.0,0.0,0.0,0.0,1.0,0.13571428571428573,0.1818181818181818,0.09090909090909091,0.0,0.1111111111111111,1,0,0,0,0,0,1,1,0.0,0.01,0.00019807772900215593,475000.0
10650129,1,0.0,1.0,0.0,0.0,0.0,1.0,0.0,0.0,0.0,0.0,0.0,0.0,0.0,0.0,0.0,0.0,0.0,1.0,0.2571428571428571,0.1818181818181818,0.09090909090909091,0.0,0.1111111111111111,5,6,0,0,0,0,0,1,0.0,0.0,0.000475019738995911,275000.0
10650136,1,0.0,1.0,0.0,0.0,0.0,1.0,0.0,0.0,0.0,0.0,0.0,0.0,0.0,0.0,0.0,0.0,0.0,1.0,0.1285714285714286,0.1818181818181818,0.09090909090909091,0.0,0.1111111111111111,1,1,0,0,0,0,1,1,0.045,0.24,0.0002375098694979555,375000.0
10650149,1,0.0,1.0,0.0,1.0,0.0,0.0,0.0,0.0,0.0,0.0,0.0,0.0,0.0,0.0,0.0,0.0,1.0,0.0,0.24387755102040817,0.2727272727272727,0.09090909090909091,0.07142857142857142,0.1111111111111111,3,3,0,0,0,0,0,0,0.0,0.0,0.00106375076686343,485000.0
10650153,1,0.0,1.0,0.0,0.0,0.0,0.0,0.0,0.0,1.0,0.0,0.0,0.0,0.0,0.0,0.0,0.0,0.0,1.0,0.2938775510204082,0.1818181818181818,0.09090909090909091,0.0,0.1111111111111111,3,5,0,0,0,0,0,0,0.0,0.0,0.002751079569474388,349500.0
10650146,1,0.0,0.0,1.0,0.0,0.0,0.0,0.0,0.0,0.0,0.0,1.0,0.0,0.0,0.0,0.0,0.0,0.0,1.0,0.1479591836734694,0.09090909090909091,0.09090909090909091,0.0,0.1111111111111111,5,7,0,1,0,0,0,0,0.0,0.0,0.0,90000.0
10650163,0,1.0,0.0,0.0,0.0,1.0,0.0,0.0,0.0,0.0,0.0,0.0,0.0,0.0,0.0,0.0,1.0,0.0,0.0,0.10714285714285715,0.09090909090909091,0.09090909090909091,0.0,0.1111111111111111,1,5,1,1,0,0,0,0,0.0,0.0,0.0,640000.0
10650150,0,0.0,0.0,1.0,0.0,0.0,0.0,0.0,0.0,0.0,0.0,0.0,0.0,1.0,0.0,0.0,0.0,0.0,1.0,0.07346938775510206,0.09090909090909091,0.09090909090909091,0.07142857142857142,0.05555555555555555,1,1,1,0,0,0,0,1,0.0,0.14,0.0,370000.0
10650164,1,0.0,1.0,0.0,0.0,0.0,0.0,0.0,0.0,0.0,0.0,0.0,0.0,0.0,1.0,0.0,0.0,0.0,1.0,0.16836734693877553,0.36363636363636365,0.0,0.14285714285714285,0.16666666666666666,1,5,0,0,0,0,1,1,0.0,0.0,8.069833403791538e-05,249500.0
10650161,1,0.0,0.0,1.0,0.0,0.0,0.0,0.0,0.0,0.0,0.0,1.0,0.0,0.0,0.0,0.0,0.0,0.0,1.0,0.1510204081632653,0.1818181818181818,0.09090909090909091,0.0,0.05555555555555555,0,0,0,0,0,0,1,0,0.8,0.0,0.0008986859926949668,179000.0
10650177,1,0.0,1.0,0.0,0.0,0.0,0.0,0.0,0.0,0.0,0.0,0.0,0.0,0.0,1.0,0.0,0.0,0.0,1.0,0.17448979591836736,0.2727272727272727,0.18181818181818182,0.0,0.1111111111111111,1,2,0,0,0,0,1,1,0.3,0.24,0.00035764034403167045,489000.0
10650179,1,0.0,1.0,0.0,0.0,0.0,1.0,0.0,0.0,0.0,0.0,0.0,0.0,0.0,0.0,0.0,0.0,0.0,1.0,0.1316326530612245,0.2727272727272727,0.09090909090909091,0.0,0.1111111111111111,1,1,0,0,0,0,1,1,0.136,0.0,0.00021641825946531852,359000.0
10650180,0,0.0,1.0,0.0,1.0,0.0,0.0,0.0,0.0,0.0,0.0,0.0,0.0,0.0,0.0,0.0,0.0,1.0,0.0,0.20714285714285716,0.2727272727272727,0.09090909090909091,0.0,0.1111111111111111,1,2,1,1,0,0,0,1,0.0,0.09,0.0,695000.0
10650181,1,0.0,0.0,1.0,0.0,0.0,0.0,0.0,1.0,0.0,0.0,0.0,0.0,0.0,0.0,0.0,0.0,1.0,0.0,0.12244897959183676,0.1818181818181818,0.09090909090909091,0.0,0.05555555555555555,3,3,0,1,0,0,0,0,0.0,0.0,0.0,199000.0
10650189,1,0.0,1.0,0.0,0.0,0.0,0.0,1.0,0.0,0.0,0.0,0.0,0.0,0.0,0.0,0.0,1.0,0.0,0.0,0.15306122448979595,0.1818181818181818,0.18181818181818182,0.0,0.1111111111111111,0,0,0,1,0,0,1,0,0.17300000000000001,0.0,0.00021091610032636975,365000.0
10650187,0,0.0,1.0,0.0,1.0,0.0,0.0,0.0,0.0,0.0,0.0,0.0,0.0,0.0,0.0,0.0,1.0,0.0,0.0,0.09591836734693879,0.1818181818181818,0.09090909090909091,0.0,0.0,4,6,0,1,0,0,0,1,0.0,0.09,0.0,235000.0
10650188,1,0.0,1.0,0.0,1.0,0.0,0.0,0.0,0.0,0.0,0.0,0.0,0.0,0.0,0.0,0.0,0.0,1.0,0.0,0.10816326530612247,0.2727272727272727,0.09090909090909091,0.0,0.1111111111111111,2,5,0,1,0,0,1,0,0.037,0.0,0.0,295000.0
10650197,1,0.0,1.0,0.0,0.0,0.0,1.0,0.0,0.0,0.0,0.0,0.0,0.0,0.0,0.0,0.0,1.0,0.0,0.0,0.28775510204081634,0.2727272727272727,0.18181818181818182,0.0,0.2222222222222222,0,2,0,1,0,0,1,1,0.039,0.38,0.00017331801287688646,485000.0
10650191,1,0.0,1.0,0.0,1.0,0.0,0.0,0.0,0.0,0.0,0.0,0.0,0.0,0.0,0.0,0.0,0.0,0.0,1.0,0.4571428571428572,0.2727272727272727,0.2727272727272727,0.0,0.0,2,2,0,1,0,0,1,1,0.0,0.0,0.0064852115717742905,2300000.0
10650203,1,0.0,1.0,0.0,0.0,0.0,0.0,1.0,0.0,0.0,0.0,0.0,0.0,0.0,0.0,0.0,0.0,0.0,1.0,0.1948979591836735,0.2727272727272727,0.18181818181818182,0.0,0.16666666666666666,3,3,0,1,0,0,1,1,0.85,0.21,0.0010087291754739423,599900.0
10519131,1,0.0,0.0,1.0,0.0,0.0,0.0,0.0,0.0,0.0,1.0,0.0,0.0,0.0,0.0,0.0,0.0,0.0,1.0,0.10204081632653061,0.1818181818181818,0.09090909090909091,0.07142857142857142,0.1111111111111111,6,0,0,0,0,0,0,1,0.0,0.2,0.00011371128887160804,59000.0
10650201,0,0.0,1.0,0.0,0.0,0.0,0.0,0.0,0.0,1.0,0.0,0.0,0.0,0.0,0.0,0.0,0.0,0.0,1.0,0.11224489795918369,0.09090909090909091,0.09090909090909091,0.0,0.05555555555555555,3,1,1,1,0,0,0,1,0.0,0.19,0.0,335000.0
10650210,1,0.0,1.0,0.0,0.0,0.0,1.0,0.0,0.0,0.0,0.0,0.0,0.0,0.0,0.0,0.0,0.0,0.0,1.0,0.1275510204081633,0.2727272727272727,0.09090909090909091,0.0,0.1111111111111111,3,2,0,1,0,0,1,0,0.0,0.0,0.0002934484874106014,377000.0
10650211,1,0.0,1.0,0.0,1.0,0.0,0.0,0.0,0.0,0.0,0.0,0.0,0.0,0.0,0.0,0.0,0.0,0.0,1.0,0.32755102040816325,0.36363636363636365,0.18181818181818182,0.0,0.16666666666666666,0,0,0,1,0,0,1,1,0.0,0.0,0.000765717146837038,944000.0
10650206,0,0.0,1.0,0.0,0.0,0.0,1.0,0.0,0.0,0.0,0.0,0.0,0.0,0.0,0.0,1.0,0.0,0.0,0.0,0.06632653061224492,0.09090909090909091,0.09090909090909091,0.0,0.05555555555555555,6,2,1,1,0,0,0,1,0.0,0.02,0.0,249000.0
10650207,1,0.0,1.0,0.0,0.0,0.0,0.0,0.0,0.0,1.0,0.0,0.0,0.0,0.0,0.0,0.0,0.0,0.0,1.0,0.09693877551020408,0.2727272727272727,0.09090909090909091,0.0,0.1111111111111111,3,2,0,1,0,0,0,0,0.0,0.0,0.0003906532988653631,298000.0
10650214,1,0.0,1.0,0.0,0.0,0.0,1.0,0.0,0.0,0.0,0.0,0.0,0.0,0.0,0.0,0.0,0.0,1.0,0.0,0.11734693877551022,0.1818181818181818,0.09090909090909091,0.0,0.05555555555555555,3,3,0,1,0,0,0,0,0.0,0.0,7.427914837580848e-05,168000.0
10650213,1,0.0,1.0,0.0,0.0,0.0,0.0,1.0,0.0,0.0,0.0,0.0,0.0,0.0,0.0,0.0,0.0,0.0,1.0,0.1836734693877551,0.1818181818181818,0.09090909090909091,0.0,0.05555555555555555,1,2,0,1,0,1,0,0,0.0,0.0,0.0006712634149517507,575000.0
10650221,1,0.0,0.0,1.0,0.0,0.0,0.0,0.0,0.0,0.0,1.0,0.0,0.0,0.0,0.0,0.0,0.0,1.0,0.0,0.1275510204081633,0.1818181818181818,0.09090909090909091,0.07142857142857142,0.0,0,2,0,1,0,0,1,0,0.0,0.0,0.00017423503940004458,359000.0
10650218,1,0.0,0.0,1.0,0.0,0.0,0.0,0.0,0.0,0.0,1.0,0.0,0.0,0.0,0.0,0.0,0.0,1.0,0.0,0.11734693877551022,0.1818181818181818,0.09090909090909091,0.0,0.1111111111111111,0,4,0,1,0,0,0,1,0.0,0.3,0.00015864558850635637,245000.0
10650215,1,0.0,1.0,0.0,0.0,0.0,1.0,0.0,0.0,0.0,0.0,0.0,0.0,0.0,0.0,0.0,0.0,1.0,0.0,0.2857142857142857,0.36363636363636365,0.09090909090909091,0.0,0.1111111111111111,0,0,0,1,0,0,0,1,0.0,0.0,0.00022925663078953234,348000.0
10650222,1,0.0,1.0,0.0,0.0,0.0,0.0,0.0,0.0,1.0,0.0,0.0,0.0,0.0,0.0,0.0,0.0,0.0,1.0,0.19081632653061226,0.2727272727272727,0.09090909090909091,0.0,0.05555555555555555,4,6,0,1,0,0,0,1,0.0,0.3,0.00036681060926325174,249000.0
10650226,1,0.0,0.0,1.0,0.0,0.0,0.0,0.0,0.0,0.0,0.0,0.0,1.0,0.0,0.0,0.0,0.0,0.0,1.0,0.5510204081632654,0.2727272727272727,0.2727272727272727,0.0,0.16666666666666666,1,2,0,1,0,0,1,1,0.0,0.0,0.0019734410778362945,650000.0
10650238,1,0.0,0.0,1.0,0.0,0.0,0.0,0.0,1.0,0.0,0.0,0.0,0.0,0.0,0.0,0.0,0.0,1.0,0.0,0.1510204081632653,0.2727272727272727,0.09090909090909091,0.0,0.1111111111111111,3,7,0,1,0,0,1,1,0.215,0.27,0.00039798951105062815,390000.0
10650224,1,0.0,0.0,1.0,0.0,0.0,0.0,0.0,0.0,0.0,0.0,0.0,1.0,0.0,0.0,0.0,0.0,0.0,1.0,0.4897959183673469,0.2727272727272727,0.09090909090909091,0.07142857142857142,0.16666666666666666,0,0,0,1,0,0,1,0,0.0,0.0,0.0034571899923061477,480000.0
10650223,1,0.0,1.0,0.0,0.0,0.0,0.0,0.0,0.0,1.0,0.0,0.0,0.0,0.0,0.0,0.0,0.0,0.0,1.0,0.1969387755102041,0.1818181818181818,0.09090909090909091,0.0,0.05555555555555555,5,6,0,1,0,0,0,1,0.0,0.0,0.0004126619354211582,224000.0
10650239,0,0.0,1.0,0.0,1.0,0.0,0.0,0.0,0.0,0.0,0.0,0.0,0.0,0.0,0.0,0.0,0.0,1.0,0.0,0.07142857142857142,0.1818181818181818,0.09090909090909091,0.0,0.05555555555555555,0,0,0,0,0,0,0,1,0.0,0.08,0.0,235000.0
10650242,1,1.0,0.0,0.0,0.0,1.0,0.0,0.0,0.0,0.0,0.0,0.0,0.0,0.0,0.0,0.0,1.0,0.0,0.0,0.336734693877551,0.2727272727272727,0.18181818181818182,0.0,0.0,3,0,0,0,0,0,0,0,0.0,0.0,0.00011462831539476617,790000.0
10650243,1,0.0,1.0,0.0,0.0,0.0,0.0,0.0,0.0,0.0,0.0,0.0,0.0,0.0,1.0,0.0,0.0,0.0,1.0,0.5918367346938775,0.36363636363636365,0.2727272727272727,0.0,0.2777777777777778,4,0,0,1,1,0,0,1,0.0,0.0,0.009170265231581293,1695000.0
10650244,1,0.0,1.0,0.0,0.0,0.0,0.0,0.0,0.0,0.0,0.0,0.0,0.0,0.0,1.0,0.0,0.0,0.0,1.0,0.0816326530612245,0.09090909090909091,0.09090909090909091,0.0,0.1111111111111111,3,2,0,1,0,0,0,1,0.0,0.0,0.00010087291754739423,239000.0
10650245,0,0.0,1.0,0.0,1.0,0.0,0.0,0.0,0.0,0.0,0.0,0.0,0.0,0.0,0.0,0.0,0.0,1.0,0.0,0.07142857142857142,0.09090909090909091,0.09090909090909091,0.0,0.05555555555555555,1,3,1,0,0,0,0,1,0.0,0.05,0.0,249000.0
10650257,1,0.0,0.0,1.0,0.0,0.0,0.0,0.0,1.0,0.0,0.0,0.0,0.0,0.0,0.0,0.0,0.0,0.0,1.0,0.10612244897959186,0.09090909090909091,0.09090909090909091,0.0,0.05555555555555555,0,5,0,1,0,0,1,0,0.0,0.0,0.000340216840091666,169000.0
10650246,0,0.0,1.0,0.0,0.0,0.0,0.0,0.0,0.0,0.0,0.0,0.0,0.0,0.0,1.0,0.0,0.0,0.0,1.0,0.07142857142857142,0.09090909090909091,0.09090909090909091,0.0,0.1111111111111111,3,1,1,1,0,0,0,0,0.0,0.0,0.0,320000.0
10650252,1,0.0,0.0,1.0,0.0,0.0,0.0,0.0,0.0,0.0,1.0,0.0,0.0,0.0,0.0,0.0,0.0,0.0,1.0,0.1326530612244898,0.09090909090909091,0.0,0.07142857142857142,0.0,0,6,0,1,0,0,0,0,0.0,0.0,9.170265231581294e-05,109000.0
10650260,0,0.0,1.0,0.0,1.0,0.0,0.0,0.0,0.0,0.0,0.0,0.0,0.0,0.0,0.0,0.0,0.0,0.0,1.0,0.10408163265306122,0.1818181818181818,0.09090909090909091,0.07142857142857142,0.05555555555555555,3,2,1,1,0,0,0,1,0.0,0.0,0.0,269000.0
10650259,1,0.0,1.0,0.0,1.0,0.0,0.0,0.0,0.0,0.0,0.0,0.0,0.0,0.0,0.0,0.0,0.0,0.0,1.0,0.1275510204081633,0.1818181818181818,0.09090909090909091,0.0,0.05555555555555555,5,5,0,1,0,0,1,0,0.31,0.0,0.00040991085585168383,219000.0
10650261,1,0.0,1.0,0.0,0.0,0.0,0.0,0.0,0.0,0.0,0.0,0.0,0.0,0.0,1.0,0.0,0.0,0.0,1.0,0.1948979591836735,0.2727272727272727,0.09090909090909091,0.0,0.1111111111111111,5,6,0,1,0,0,0,0,0.0,0.0,0.0,285000.0
10650268,1,0.0,1.0,0.0,0.0,0.0,0.0,1.0,0.0,0.0,0.0,0.0,0.0,0.0,0.0,0.0,0.0,1.0,0.0,0.14489795918367349,0.1818181818181818,0.18181818181818182,0.0,0.1111111111111111,0,4,0,1,0,0,1,1,0.085,0.2,0.00018340530463162587,390000.0
10650271,0,1.0,0.0,0.0,0.0,1.0,0.0,0.0,0.0,0.0,0.0,0.0,0.0,0.0,0.0,0.0,1.0,0.0,0.0,0.10918367346938776,0.1818181818181818,0.09090909090909091,0.07142857142857142,0.05555555555555555,3,4,1,1,0,0,0,1,0.0,0.05,0.0,460000.0
10650270,0,1.0,0.0,0.0,0.0,1.0,0.0,0.0,0.0,0.0,0.0,0.0,0.0,0.0,0.0,1.0,0.0,0.0,0.0,0.06122448979591837,0.09090909090909091,0.09090909090909091,0.0,0.05555555555555555,1,4,1,1,0,0,0,0,0.0,0.0,0.0,330000.0
10650272,0,1.0,0.0,0.0,0.0,1.0,0.0,0.0,0.0,0.0,0.0,0.0,0.0,0.0,0.0,1.0,0.0,0.0,0.0,0.10918367346938776,0.1818181818181818,0.09090909090909091,0.07142857142857142,0.05555555555555555,3,4,1,1,0,0,0,1,0.0,0.05,0.0,460000.0
10650304,1,0.0,1.0,0.0,0.0,0.0,1.0,0.0,0.0,0.0,0.0,0.0,0.0,0.0,0.0,0.0,0.0,0.0,1.0,0.17551020408163268,0.2727272727272727,0.09090909090909091,0.0,0.1111111111111111,3,3,0,0,0,0,1,0,0.0,0.0,0.0003374657605221916,479000.0
10650285,0,0.0,1.0,0.0,1.0,0.0,0.0,0.0,0.0,0.0,0.0,0.0,0.0,0.0,0.0,0.0,0.0,0.0,1.0,0.04081632653061225,0.0,0.09090909090909091,0.0,0.05555555555555555,1,2,1,0,0,0,1,1,0.115,0.21,0.0,270000.0
10650297,1,0.0,0.0,1.0,0.0,0.0,0.0,0.0,0.0,0.0,1.0,0.0,0.0,0.0,0.0,0.0,0.0,0.0,1.0,0.1479591836734694,0.1818181818181818,0.09090909090909091,0.0,0.0,3,4,0,0,0,0,0,0,0.0,0.0,0.0,245000.0
10650299,1,0.0,0.0,1.0,0.0,0.0,0.0,0.0,1.0,0.0,0.0,0.0,0.0,0.0,0.0,0.0,1.0,0.0,0.0,0.1306122448979592,0.1818181818181818,0.0,0.07142857142857142,0.0,5,7,0,1,0,0,0,1,0.0,0.0,0.0002567674264842762,105000.0
10650307,0,0.0,1.0,0.0,0.0,0.0,0.0,0.0,0.0,0.0,0.0,0.0,0.0,0.0,1.0,0.0,0.0,1.0,0.0,0.08571428571428572,0.09090909090909091,0.09090909090909091,0.0,0.1111111111111111,0,6,1,1,0,0,0,1,0.0,0.0,0.0,139000.0
10650309,1,0.0,0.0,1.0,0.0,0.0,0.0,0.0,1.0,0.0,0.0,0.0,0.0,0.0,0.0,0.0,0.0,0.0,1.0,0.45204081632653065,0.4545454545454545,0.09090909090909091,0.42857142857142855,0.3333333333333333,4,4,0,1,0,0,1,1,1.0,1.0,0.00249522916951327,489000.0
10650315,0,0.0,1.0,0.0,0.0,0.0,0.0,0.0,0.0,0.0,0.0,0.0,0.0,0.0,1.0,0.0,0.0,0.0,1.0,0.06632653061224492,0.09090909090909091,0.09090909090909091,0.0,0.05555555555555555,0,1,0,0,0,0,0,1,0.0,0.19,0.0,285000.0
10650318,0,0.0,1.0,0.0,0.0,0.0,0.0,0.0,0.0,0.0,0.0,0.0,0.0,0.0,1.0,0.0,0.0,0.0,1.0,0.1,0.09090909090909091,0.0,0.0,0.0,0,2,0,0,0,0,0,1,0.0,0.4,0.0,395000.0
10650316,1,0.0,1.0,0.0,0.0,0.0,0.0,0.0,0.0,0.0,0.0,0.0,0.0,0.0,1.0,0.0,0.0,0.0,1.0,0.08877551020408164,0.09090909090909091,0.09090909090909091,0.0,0.05555555555555555,3,5,0,0,0,0,1,1,0.0,0.0,0.00020449691466426284,217000.0
10650319,1,0.0,1.0,0.0,0.0,0.0,0.0,0.0,0.0,0.0,0.0,0.0,0.0,0.0,1.0,0.0,0.0,1.0,0.0,0.14489795918367349,0.36363636363636365,0.0,0.0,0.1111111111111111,0,5,0,0,0,0,1,1,0.0,0.2,0.00019532664943268155,298000.0
10650322,0,0.0,1.0,0.0,0.0,0.0,1.0,0.0,0.0,0.0,0.0,0.0,0.0,0.0,0.0,0.0,0.0,0.0,1.0,0.07653061224489796,0.1818181818181818,0.0,0.0,0.0,0,2,1,0,0,0,0,0,0.0,0.0,0.0,208000.0
10650323,1,0.0,1.0,0.0,1.0,0.0,0.0,0.0,0.0,0.0,0.0,0.0,0.0,0.0,0.0,1.0,0.0,0.0,0.0,0.37857142857142856,0.8181818181818182,0.9090909090909092,0.0,0.5555555555555556,3,0,0,1,0,0,0,0,0.0,0.0,0.00018615638420110025,1299000.0
10650329,1,0.0,1.0,0.0,0.0,0.0,1.0,0.0,0.0,0.0,0.0,0.0,0.0,0.0,0.0,0.0,0.0,0.0,1.0,0.163265306122449,0.2727272727272727,0.09090909090909091,0.0,0.1111111111111111,3,0,0,0,0,0,1,0,0.0,0.0,0.0003310465748600847,439000.0
10650324,0,0.0,1.0,0.0,0.0,0.0,1.0,0.0,0.0,0.0,0.0,0.0,0.0,0.0,0.0,0.0,1.0,0.0,0.0,0.04081632653061225,0.0,0.0,0.0,0.0,3,3,0,0,0,0,0,0,0.0,0.0,0.0,219000.0
10650333,0,0.0,1.0,0.0,0.0,0.0,0.0,0.0,0.0,0.0,0.0,0.0,0.0,0.0,1.0,0.0,0.0,0.0,1.0,0.10408163265306122,0.09090909090909091,0.09090909090909091,0.0,0.05555555555555555,1,0,1,0,0,0,0,1,0.0,0.3,0.0,448568.0
10650326,0,0.0,1.0,0.0,0.0,0.0,1.0,0.0,0.0,0.0,0.0,0.0,0.0,0.0,0.0,0.0,0.0,0.0,1.0,0.08265306122448982,0.09090909090909091,0.09090909090909091,0.0,0.05555555555555555,1,0,1,0,0,0,0,1,0.0,0.05,0.0,249500.0
10650334,1,0.0,1.0,0.0,0.0,0.0,1.0,0.0,0.0,0.0,0.0,0.0,0.0,0.0,0.0,0.0,0.0,0.0,1.0,0.15510204081632656,0.1818181818181818,0.09090909090909091,0.0,0.0,0,6,0,0,0,0,1,0,0.0,0.0,0.0003026187526421827,299000.0
10650336,1,0.0,1.0,0.0,0.0,0.0,1.0,0.0,0.0,0.0,0.0,0.0,0.0,0.0,0.0,0.0,0.0,0.0,1.0,0.21020408163265308,0.1818181818181818,0.09090909090909091,0.0,0.05555555555555555,3,2,0,0,0,0,0,1,0.0,0.0,0.00103440591812237,425000.0
10650343,1,0.0,1.0,0.0,0.0,0.0,0.0,0.0,0.0,0.0,0.0,0.0,0.0,0.0,1.0,0.0,0.0,0.0,1.0,0.17755102040816328,0.1818181818181818,0.09090909090909091,0.0,0.1111111111111111,0,6,0,0,0,0,1,0,0.294,0.0,0.0004988624285980224,169000.0
10650340,1,0.0,1.0,0.0,0.0,0.0,0.0,1.0,0.0,0.0,0.0,0.0,0.0,0.0,0.0,0.0,1.0,0.0,0.0,0.05306122448979592,0.09090909090909091,0.0,0.0,0.0,0,6,0,0,0,0,1,0,0.0,0.0,0.0018138784628067798,250000.0
10650344,1,0.0,1.0,0.0,0.0,0.0,0.0,0.0,0.0,1.0,0.0,0.0,0.0,0.0,0.0,0.0,0.0,0.0,1.0,0.1642857142857143,0.1818181818181818,0.09090909090909091,0.0,0.1111111111111111,3,3,0,0,0,0,1,0,0.11900000000000001,0.0,0.00019532664943268155,259000.0
10650345,0,0.0,1.0,0.0,0.0,0.0,0.0,0.0,0.0,1.0,0.0,0.0,0.0,0.0,0.0,0.0,0.0,1.0,0.0,0.07448979591836735,0.09090909090909091,0.09090909090909091,0.0,0.05555555555555555,4,2,1,0,0,0,0,1,0.0,0.02,0.0,279000.0
10650347,0,0.0,1.0,0.0,0.0,0.0,1.0,0.0,0.0,0.0,0.0,0.0,0.0,0.0,0.0,1.0,0.0,0.0,0.0,0.06428571428571428,0.09090909090909091,0.0,0.0,0.0,0,3,0,0,0,0,0,0,0.0,0.0,0.0,248000.0
10650346,0,0.0,1.0,0.0,0.0,0.0,1.0,0.0,0.0,0.0,0.0,0.0,0.0,0.0,0.0,0.0,0.0,0.0,1.0,0.1306122448979592,0.1818181818181818,0.09090909090909091,0.0,0.1111111111111111,3,2,0,0,0,0,0,1,0.0,0.12,0.0,265000.0
10650348,0,0.0,1.0,0.0,0.0,0.0,0.0,1.0,0.0,0.0,0.0,0.0,0.0,0.0,0.0,0.0,0.0,0.0,1.0,0.06428571428571428,0.09090909090909091,0.09090909090909091,0.0,0.0,3,2,1,1,0,0,0,1,0.0,0.19,0.0,280000.0
10650349,1,0.0,1.0,0.0,0.0,0.0,0.0,1.0,0.0,0.0,0.0,0.0,0.0,0.0,0.0,0.0,0.0,0.0,1.0,0.16836734693877553,0.1818181818181818,0.09090909090909091,0.0,0.1111111111111111,0,0,0,0,0,0,1,1,0.8,0.01,0.0011462831539476616,549000.0
10650350,1,0.0,1.0,0.0,0.0,0.0,0.0,1.0,0.0,0.0,0.0,0.0,0.0,0.0,0.0,0.0,0.0,0.0,1.0,0.25612244897959185,0.1818181818181818,0.09090909090909091,0.0,0.05555555555555555,5,0,0,1,0,0,0,0,0.0,0.0,0.0003200422565821871,298000.0
10650357,1,0.0,1.0,0.0,0.0,0.0,0.0,0.0,0.0,0.0,0.0,0.0,0.0,0.0,1.0,0.0,0.0,0.0,1.0,0.09081632653061225,0.1818181818181818,0.09090909090909091,0.0,0.05555555555555555,4,5,0,0,0,0,1,0,0.0,0.0,0.00016781585373793766,162000.0
10650352,1,0.0,0.0,1.0,0.0,0.0,0.0,0.0,0.0,0.0,1.0,0.0,0.0,0.0,0.0,0.0,0.0,0.0,1.0,0.19897959183673472,0.2727272727272727,0.18181818181818182,0.0,0.1111111111111111,3,3,0,1,0,0,0,1,0.0,0.32,0.0015983772298646195,390000.0
10650358,1,0.0,1.0,0.0,0.0,0.0,0.0,0.0,0.0,0.0,0.0,0.0,0.0,0.0,1.0,0.0,0.0,0.0,1.0,0.1469387755102041,0.09090909090909091,0.0,0.0,0.0,0,4,0,0,0,0,0,0,0.0,0.0,0.0,165000.0
10519292,1,0.0,1.0,0.0,0.0,0.0,0.0,0.0,0.0,0.0,0.0,0.0,0.0,0.0,1.0,0.0,0.0,1.0,0.0,0.15510204081632656,0.2727272727272727,0.09090909090909091,0.0,0.1111111111111111,4,5,0,0,0,0,1,0,0.0,0.0,8.43664401305479e-05,205000.0
10650356,0,0.0,1.0,0.0,0.0,0.0,0.0,0.0,0.0,0.0,0.0,0.0,0.0,0.0,1.0,0.0,0.0,0.0,1.0,0.03775510204081633,0.0,0.0,0.0,0.0,0,1,1,0,0,0,0,0,0.0,0.0,0.0,159000.0
10650370,1,0.0,1.0,0.0,0.0,0.0,0.0,1.0,0.0,0.0,0.0,0.0,0.0,0.0,0.0,0.0,0.0,0.0,1.0,0.15306122448979595,0.1818181818181818,0.09090909090909091,0.0,0.1111111111111111,0,4,0,0,0,0,0,1,0.0,0.0,8.253238708423164e-05,345000.0
10650374,0,0.0,0.0,1.0,0.0,0.0,0.0,0.0,1.0,0.0,0.0,0.0,0.0,0.0,0.0,0.0,0.0,0.0,1.0,0.0816326530612245,0.09090909090909091,0.09090909090909091,0.07142857142857142,0.1111111111111111,1,0,1,0,0,0,0,1,0.0,0.06,0.0,199000.0
10650375,0,0.0,1.0,0.0,0.0,0.0,0.0,0.0,0.0,0.0,0.0,0.0,0.0,0.0,1.0,1.0,0.0,0.0,0.0,0.051020408163265314,0.09090909090909091,0.09090909090909091,0.0,0.05555555555555555,3,3,0,0,0,0,0,0,0.0,0.0,0.0,189000.0
10650384,1,0.0,1.0,0.0,0.0,0.0,0.0,0.0,0.0,1.0,0.0,0.0,0.0,0.0,0.0,0.0,0.0,0.0,1.0,0.1928571428571429,0.2727272727272727,0.0,0.0,0.1111111111111111,1,3,0,0,0,0,1,0,1.0,0.0,0.0009326159740518175,549000.0
10650392,1,0.0,1.0,0.0,0.0,0.0,0.0,0.0,0.0,0.0,0.0,0.0,0.0,0.0,1.0,0.0,0.0,1.0,0.0,0.25816326530612244,0.1818181818181818,0.09090909090909091,0.07142857142857142,0.1111111111111111,3,4,0,1,0,0,0,1,0.0,0.0,0.0003539722379390379,485000.0
10650404,0,0.0,1.0,0.0,0.0,0.0,0.0,0.0,0.0,0.0,0.0,0.0,0.0,0.0,1.0,0.0,0.0,1.0,0.0,0.051020408163265314,0.09090909090909091,0.09090909090909091,0.07142857142857142,0.05555555555555555,1,0,1,0,0,0,0,1,0.0,0.15,0.0,715000.0
10650402,0,1.0,0.0,0.0,0.0,1.0,0.0,0.0,0.0,0.0,0.0,0.0,0.0,0.0,0.0,0.0,1.0,0.0,0.0,0.07959183673469389,0.09090909090909091,0.0,0.07142857142857142,0.0,2,0,1,0,0,1,0,1,0.0,0.01,0.0,265000.0
10650413,1,0.0,1.0,0.0,0.0,0.0,0.0,1.0,0.0,0.0,0.0,0.0,0.0,0.0,0.0,0.0,0.0,0.0,1.0,0.11020408163265308,0.1818181818181818,0.09090909090909091,0.0,0.0,0,6,0,0,0,0,1,0,0.0,0.0,0.00023934392254427176,248000.0
10650400,1,0.0,1.0,0.0,0.0,0.0,1.0,0.0,0.0,0.0,0.0,0.0,0.0,0.0,0.0,0.0,0.0,0.0,1.0,0.1326530612244898,0.09090909090909091,0.0,0.0,0.0,0,2,0,0,0,0,0,0,0.0,0.0,0.0006400845131643742,565000.0
10650416,1,0.0,1.0,0.0,0.0,0.0,0.0,0.0,0.0,1.0,0.0,0.0,0.0,0.0,0.0,0.0,0.0,0.0,1.0,0.1836734693877551,0.1818181818181818,0.18181818181818182,0.0,0.0,4,4,0,0,0,0,1,1,0.0,0.0,0.0001971607024789978,219000.0
10650420,1,0.0,0.0,1.0,0.0,0.0,0.0,0.0,0.0,0.0,1.0,0.0,0.0,0.0,0.0,1.0,0.0,0.0,0.0,0.14285714285714288,0.1818181818181818,0.09090909090909091,0.07142857142857142,0.1111111111111111,0,2,0,1,0,0,1,1,0.4,0.0,0.0005117007999222362,549000.0
10650414,1,0.0,1.0,0.0,0.0,0.0,1.0,0.0,0.0,0.0,0.0,0.0,0.0,0.0,0.0,0.0,0.0,1.0,0.0,0.1326530612244898,0.1818181818181818,0.09090909090909091,0.0,0.1111111111111111,0,1,0,0,0,0,1,1,0.0,0.0,0.00013205181933477063,499000.0
10650421,1,0.0,0.0,1.0,0.0,0.0,0.0,0.0,0.0,0.0,1.0,0.0,0.0,0.0,0.0,1.0,0.0,0.0,0.0,0.2857142857142857,0.36363636363636365,0.0,0.3571428571428571,0.2777777777777778,5,4,0,1,0,0,0,1,0.0,0.2,0.0,360000.0
10650422,1,0.0,1.0,0.0,0.0,0.0,1.0,0.0,0.0,0.0,0.0,0.0,0.0,0.0,0.0,0.0,0.0,0.0,1.0,0.0816326530612245,0.09090909090909091,0.09090909090909091,0.0,0.05555555555555555,1,4,0,0,0,0,1,0,0.0,0.0,0.0009197776027276037,410000.0
10650426,0,0.0,1.0,0.0,0.0,0.0,1.0,0.0,0.0,0.0,0.0,0.0,0.0,0.0,0.0,0.0,0.0,1.0,0.0,0.2142857142857143,0.09090909090909091,0.09090909090909091,0.0,0.0,5,6,0,0,0,0,1,0,0.0,0.0,0.0,299000.0
10650435,0,0.0,1.0,0.0,0.0,0.0,1.0,0.0,0.0,0.0,0.0,0.0,0.0,0.0,0.0,0.0,0.0,1.0,0.0,0.05306122448979592,0.0,0.09090909090909091,0.0,0.05555555555555555,0,0,0,0,0,0,1,1,0.0,0.2,0.0,257000.0
10650437,1,1.0,0.0,0.0,0.0,1.0,0.0,0.0,0.0,0.0,0.0,0.0,0.0,0.0,0.0,0.0,0.0,0.0,1.0,0.1795918367346939,0.1818181818181818,0.09090909090909091,0.0,0.05555555555555555,5,0,0,1,0,0,1,0,0.306,0.0,0.00028061011608638756,599000.0
10650436,0,0.0,1.0,0.0,0.0,0.0,1.0,0.0,0.0,0.0,0.0,0.0,0.0,0.0,0.0,0.0,0.0,1.0,0.0,0.09489795918367347,0.09090909090909091,0.09090909090909091,0.0,0.05555555555555555,0,0,0,0,0,0,1,0,0.036000000000000004,0.0,0.0,355000.0
10650434,0,0.0,1.0,0.0,0.0,0.0,1.0,0.0,0.0,0.0,0.0,0.0,0.0,0.0,0.0,0.0,0.0,1.0,0.0,0.07448979591836735,0.09090909090909091,0.09090909090909091,0.0,0.05555555555555555,0,0,0,0,0,0,1,1,0.0,0.14,0.0,335000.0
10650438,1,0.0,0.0,1.0,0.0,0.0,0.0,0.0,0.0,0.0,1.0,0.0,0.0,0.0,0.0,1.0,0.0,0.0,0.0,0.14285714285714288,0.1818181818181818,0.09090909090909091,0.07142857142857142,0.1111111111111111,0,2,0,1,0,0,1,1,0.4,0.0,0.0005117007999222362,549000.0
10519388,1,0.0,1.0,0.0,0.0,0.0,1.0,0.0,0.0,0.0,0.0,0.0,0.0,0.0,0.0,0.0,0.0,0.0,1.0,0.1510204081632653,0.1818181818181818,0.09090909090909091,0.0,0.1111111111111111,0,0,0,0,0,0,0,0,0.0,0.0,0.0005804777891590959,533058.0
10650439,1,0.0,1.0,0.0,0.0,0.0,1.0,0.0,0.0,0.0,0.0,0.0,0.0,0.0,0.0,0.0,0.0,1.0,0.0,0.10408163265306122,0.1818181818181818,0.09090909090909091,0.07142857142857142,0.1111111111111111,1,1,0,0,0,0,0,0,0.0,0.0,0.0002155012329421604,459000.0
10650466,1,0.0,0.0,1.0,0.0,0.0,0.0,0.0,1.0,0.0,0.0,0.0,0.0,0.0,0.0,0.0,1.0,0.0,0.0,0.06122448979591837,0.09090909090909091,0.09090909090909091,0.07142857142857142,0.1111111111111111,4,4,0,1,0,0,1,1,0.065,0.05,0.0,127500.0
10650467,1,0.0,1.0,0.0,0.0,0.0,1.0,0.0,0.0,0.0,0.0,0.0,0.0,0.0,0.0,1.0,0.0,0.0,0.0,0.08061224489795918,0.1818181818181818,0.09090909090909091,0.0,0.1111111111111111,2,2,0,0,0,0,0,1,0.0,0.1,4.218322006527395e-05,350000.0
10650477,1,0.0,1.0,0.0,1.0,0.0,0.0,0.0,0.0,0.0,0.0,0.0,0.0,0.0,0.0,0.0,0.0,1.0,0.0,0.07142857142857142,0.1818181818181818,0.09090909090909091,0.0,0.05555555555555555,3,3,0,0,0,0,1,0,0.0,0.0,0.0,239000.0
10519399,1,0.0,0.0,1.0,0.0,0.0,0.0,0.0,1.0,0.0,0.0,0.0,0.0,0.0,0.0,0.0,0.0,0.0,1.0,0.19081632653061226,0.1818181818181818,0.09090909090909091,0.0,0.1111111111111111,0,0,0,0,0,0,1,0,0.0,0.0,0.0006299972214096349,539231.0
10650472,1,0.0,1.0,0.0,0.0,0.0,0.0,0.0,0.0,1.0,0.0,0.0,0.0,0.0,0.0,0.0,0.0,0.0,1.0,0.34285714285714286,0.4545454545454545,0.2727272727272727,0.0,0.0,3,3,0,0,0,0,0,0,0.0,0.0,0.0007042763697854434,475000.0
10650469,1,0.0,1.0,0.0,0.0,0.0,1.0,0.0,0.0,0.0,0.0,0.0,0.0,0.0,0.0,0.0,0.0,1.0,0.0,0.11224489795918369,0.1818181818181818,0.09090909090909091,0.0,0.0,4,6,0,1,0,0,1,1,0.0,0.0,0.0005859799482980446,310000.0
10650483,0,0.0,1.0,0.0,1.0,0.0,0.0,0.0,0.0,0.0,0.0,0.0,0.0,0.0,0.0,0.0,0.0,0.0,1.0,0.07551020408163267,0.09090909090909091,0.09090909090909091,0.0,0.05555555555555555,3,2,0,1,0,0,1,1,0.0,0.0,0.0,249000.0
10519408,1,0.0,1.0,0.0,0.0,0.0,0.0,0.0,0.0,0.0,0.0,0.0,0.0,0.0,1.0,0.0,0.0,1.0,0.0,0.1469387755102041,0.1818181818181818,0.09090909090909091,0.0,0.1111111111111111,0,0,0,0,0,0,0,0,0.0,0.0,0.00048235595118117604,479299.0
10650486,0,0.0,1.0,0.0,1.0,0.0,0.0,0.0,0.0,0.0,0.0,0.0,0.0,0.0,0.0,0.0,0.0,0.0,1.0,0.10204081632653061,0.1818181818181818,0.09090909090909091,0.0,0.05555555555555555,3,4,0,1,0,0,1,1,0.0,0.0,0.0,275000.0
10650485,0,0.0,1.0,0.0,1.0,0.0,0.0,0.0,0.0,0.0,0.0,0.0,0.0,0.0,0.0,0.0,0.0,0.0,1.0,0.10204081632653061,0.1818181818181818,0.09090909090909091,0.0,0.05555555555555555,3,3,0,1,0,0,1,1,0.0,0.0,0.0,295000.0
10650484,0,0.0,1.0,0.0,1.0,0.0,0.0,0.0,0.0,0.0,0.0,0.0,0.0,0.0,0.0,0.0,0.0,0.0,1.0,0.07551020408163267,0.09090909090909091,0.09090909090909091,0.0,0.05555555555555555,3,3,0,1,0,0,1,1,0.0,0.0,0.0,235000.0
10650487,0,0.0,1.0,0.0,1.0,0.0,0.0,0.0,0.0,0.0,0.0,0.0,0.0,0.0,0.0,0.0,0.0,0.0,1.0,0.1948979591836735,0.09090909090909091,0.09090909090909091,0.0,0.05555555555555555,3,3,0,1,0,0,0,1,0.0,0.0,0.0,295000.0
10519418,1,0.0,1.0,0.0,0.0,0.0,1.0,0.0,0.0,0.0,0.0,0.0,0.0,0.0,0.0,0.0,0.0,0.0,1.0,0.25510204081632654,0.1818181818181818,0.09090909090909091,0.0,0.1111111111111111,0,0,0,0,0,0,0,0,0.0,0.0,0.0007097785289243921,740384.0
10650490,0,0.0,1.0,0.0,0.0,0.0,0.0,0.0,0.0,0.0,0.0,0.0,0.0,0.0,1.0,0.0,0.0,0.0,1.0,0.0979591836734694,0.1818181818181818,0.0,0.0,0.0,2,2,0,0,0,0,0,0,0.0,0.0,0.0,295000.0
10650488,0,0.0,1.0,0.0,0.0,0.0,0.0,0.0,0.0,0.0,0.0,0.0,0.0,0.0,1.0,0.0,0.0,0.0,1.0,0.06224489795918368,0.09090909090909091,0.0,0.0,0.0,2,2,0,0,0,0,0,0,0.0,0.0,0.0,245000.0
10650489,0,0.0,1.0,0.0,0.0,0.0,0.0,0.0,0.0,0.0,0.0,0.0,0.0,0.0,1.0,0.0,0.0,0.0,1.0,0.039795918367346944,0.0,0.0,0.0,0.0,2,2,0,0,0,0,0,0,0.0,0.0,0.0,195000.0
10650503,1,0.0,1.0,0.0,0.0,0.0,0.0,0.0,0.0,1.0,0.0,0.0,0.0,0.0,0.0,0.0,0.0,0.0,1.0,0.2755102040816327,0.36363636363636365,0.09090909090909091,0.0,0.1111111111111111,3,3,0,1,0,0,0,0,0.0,0.0,0.0007097785289243921,399000.0
10650499,0,0.0,1.0,0.0,0.0,0.0,0.0,0.0,0.0,0.0,0.0,0.0,0.0,0.0,1.0,0.0,0.0,0.0,1.0,0.04591836734693878,0.0,0.09090909090909091,0.0,0.05555555555555555,1,2,1,0,0,0,1,1,0.0,0.0,0.0,335000.0
10650491,1,0.0,1.0,0.0,0.0,0.0,0.0,0.0,0.0,0.0,0.0,0.0,0.0,0.0,1.0,0.0,0.0,0.0,1.0,0.3306122448979592,0.2727272727272727,0.0,0.0,0.0,5,6,0,0,0,0,0,0,0.0,0.0,0.00023934392254427176,199000.0
10650512,1,0.0,1.0,0.0,0.0,0.0,1.0,0.0,0.0,0.0,0.0,0.0,0.0,0.0,0.0,0.0,0.0,0.0,1.0,0.11020408163265308,0.1818181818181818,0.09090909090909091,0.0,0.05555555555555555,1,4,0,0,0,0,1,1,0.0,0.0,0.0002842782221790201,230000.0
10650521,1,0.0,1.0,0.0,0.0,0.0,0.0,0.0,0.0,0.0,0.0,0.0,0.0,0.0,1.0,0.0,0.0,0.0,1.0,0.10816326530612247,0.1818181818181818,0.09090909090909091,0.0,0.0,0,0,0,0,0,0,0,0,0.0,0.0,0.00011829642148739869,302000.0
10650518,0,1.0,0.0,0.0,0.0,1.0,0.0,0.0,0.0,0.0,0.0,0.0,0.0,0.0,0.0,0.0,0.0,0.0,1.0,0.07653061224489796,0.09090909090909091,0.09090909090909091,0.0,0.0,0,4,1,0,0,0,0,1,0.0,0.09,0.0,299000.0
10650520,1,0.0,1.0,0.0,0.0,0.0,0.0,0.0,0.0,0.0,0.0,0.0,0.0,0.0,1.0,0.0,0.0,0.0,1.0,0.10816326530612247,0.1818181818181818,0.09090909090909091,0.0,0.0,0,0,0,0,0,0,0,0,0.0,0.0,0.00011279426234844991,282000.0
10650525,1,0.0,1.0,0.0,1.0,0.0,0.0,0.0,0.0,0.0,0.0,0.0,0.0,0.0,0.0,0.0,0.0,0.0,1.0,0.16122448979591839,0.36363636363636365,0.09090909090909091,0.0,0.0,3,4,0,1,0,0,1,1,0.0,0.0,0.0003273784687674522,525000.0
10650522,0,0.0,1.0,0.0,0.0,0.0,1.0,0.0,0.0,0.0,0.0,0.0,0.0,0.0,0.0,1.0,0.0,0.0,0.0,0.07346938775510206,0.09090909090909091,0.09090909090909091,0.0,0.1111111111111111,0,3,1,0,0,0,0,1,0.0,0.0,0.0,254000.0
10650524,0,0.0,1.0,0.0,0.0,0.0,1.0,0.0,0.0,0.0,0.0,0.0,0.0,0.0,0.0,1.0,0.0,0.0,0.0,0.213265306122449,0.36363636363636365,0.09090909090909091,0.0,0.1111111111111111,1,2,0,0,0,0,0,1,0.0,0.0,0.0,545000.0
10650583,0,0.0,1.0,0.0,0.0,0.0,0.0,0.0,0.0,0.0,0.0,0.0,0.0,0.0,1.0,0.0,0.0,0.0,1.0,0.0836734693877551,0.09090909090909091,0.09090909090909091,0.0,0.05555555555555555,0,0,1,0,0,0,0,1,0.0,0.0,0.0,335000.0
10650523,0,0.0,1.0,0.0,1.0,0.0,0.0,0.0,0.0,0.0,0.0,0.0,0.0,0.0,0.0,0.0,0.0,0.0,1.0,0.06326530612244899,0.09090909090909091,0.09090909090909091,0.0,0.0,3,3,0,1,0,0,0,0,0.0,0.0,0.0,215000.0
10650530,1,0.0,1.0,0.0,0.0,0.0,0.0,0.0,0.0,0.0,0.0,0.0,0.0,0.0,1.0,0.0,0.0,0.0,1.0,0.2755102040816327,0.36363636363636365,0.0,0.0,0.0,0,6,0,0,0,0,1,0,0.0,0.0,0.0006758485475675413,495000.0
10650586,0,0.0,1.0,0.0,1.0,0.0,0.0,0.0,0.0,0.0,0.0,0.0,0.0,0.0,0.0,0.0,0.0,0.0,1.0,0.06632653061224492,0.09090909090909091,0.09090909090909091,0.0,0.05555555555555555,1,2,0,0,0,0,1,0,0.0,0.0,0.0,199000.0
10650592,1,0.0,0.0,1.0,0.0,0.0,0.0,0.0,0.0,0.0,1.0,0.0,0.0,0.0,0.0,0.0,0.0,0.0,1.0,0.326530612244898,0.5454545454545454,0.09090909090909091,0.14285714285714285,0.2222222222222222,0,6,0,0,0,0,0,1,0.0,1.0,0.06367373663548472,925000.0
10650589,1,0.0,0.0,1.0,0.0,0.0,0.0,0.0,0.0,0.0,0.0,0.0,0.0,1.0,0.0,0.0,0.0,0.0,1.0,0.1479591836734694,0.1818181818181818,0.09090909090909091,0.0,0.0,0,7,0,0,0,0,0,0,0.0,0.0,0.0009747991941170915,435000.0
10650593,1,0.0,1.0,0.0,0.0,0.0,0.0,0.0,0.0,0.0,0.0,0.0,0.0,0.0,1.0,0.0,0.0,0.0,1.0,0.2112244897959184,0.2727272727272727,0.0,0.0,0.1111111111111111,0,6,0,0,0,0,1,1,0.0,0.0,0.0002586014795305925,285000.0
10650594,1,0.0,1.0,0.0,0.0,0.0,1.0,0.0,0.0,0.0,0.0,0.0,0.0,0.0,0.0,0.0,1.0,0.0,0.0,0.3653061224489796,0.1818181818181818,0.09090909090909091,0.0,0.1111111111111111,5,3,0,1,0,0,1,1,0.0,0.4,0.005786437361127796,980000.0
10650595,0,0.0,1.0,0.0,0.0,0.0,1.0,0.0,0.0,0.0,0.0,0.0,0.0,0.0,0.0,0.0,0.0,1.0,0.0,0.05000000000000001,0.0,0.0,0.0,0.05555555555555555,2,6,0,0,0,0,1,1,0.0,0.19,0.0,199000.0
10650597,1,0.0,1.0,0.0,0.0,0.0,0.0,0.0,0.0,0.0,0.0,0.0,0.0,0.0,1.0,0.0,0.0,1.0,0.0,0.29081632653061223,0.2727272727272727,0.36363636363636365,0.0,0.0,2,3,0,0,1,0,1,1,0.0,0.0,0.0009527905575612964,2595000.0
10650596,1,0.0,1.0,0.0,0.0,0.0,0.0,0.0,0.0,0.0,0.0,0.0,0.0,0.0,1.0,0.0,0.0,1.0,0.0,0.19183673469387758,0.2727272727272727,0.2727272727272727,0.0,0.0,0,2,0,1,0,0,1,1,0.0,0.0,0.0002723568773779644,2275000.0
10650600,1,0.0,0.0,1.0,0.0,0.0,0.0,0.0,1.0,0.0,0.0,0.0,0.0,0.0,0.0,0.0,0.0,0.0,1.0,0.15306122448979595,0.1818181818181818,0.09090909090909091,0.0,0.1111111111111111,0,0,0,0,0,0,0,0,0.0,0.0,0.0005997353461454166,477656.0
10650599,1,0.0,0.0,1.0,0.0,0.0,0.0,0.0,1.0,0.0,0.0,0.0,0.0,0.0,0.0,0.0,0.0,0.0,1.0,0.15816326530612246,0.1818181818181818,0.09090909090909091,0.0,0.1111111111111111,0,0,0,0,0,0,0,0,0.0,0.0,0.0006841017862759645,496496.0
10650602,1,0.0,0.0,1.0,0.0,0.0,0.0,0.0,1.0,0.0,0.0,0.0,0.0,0.0,0.0,0.0,1.0,0.0,0.0,0.19081632653061226,0.1818181818181818,0.09090909090909091,0.0,0.1111111111111111,0,0,0,0,0,0,0,0,0.0,0.0,0.0006327483009791093,487661.0
10650601,1,0.0,0.0,1.0,0.0,0.0,0.0,0.0,1.0,0.0,0.0,0.0,0.0,0.0,0.0,0.0,0.0,0.0,1.0,0.1928571428571429,0.1818181818181818,0.09090909090909091,0.0,0.1111111111111111,0,0,0,0,0,0,0,0,0.0,0.0,0.0004410897576390602,490266.0
10650603,1,0.0,0.0,1.0,0.0,0.0,0.0,0.0,1.0,0.0,0.0,0.0,0.0,0.0,0.0,0.0,1.0,0.0,0.0,0.14489795918367349,0.1818181818181818,0.09090909090909091,0.0,0.1111111111111111,0,0,0,0,0,0,0,0,0.0,0.0,0.003842341132032562,504100.0
10650604,1,0.0,0.0,1.0,0.0,0.0,0.0,0.0,1.0,0.0,0.0,0.0,0.0,0.0,0.0,0.0,1.0,0.0,0.0,0.1785714285714286,0.1818181818181818,0.09090909090909091,0.0,0.1111111111111111,0,0,0,0,0,0,0,0,0.0,0.0,0.0004933602694590736,479011.0
10650610,1,0.0,1.0,0.0,0.0,0.0,1.0,0.0,0.0,0.0,0.0,0.0,0.0,0.0,0.0,0.0,0.0,1.0,0.0,0.2091836734693878,0.1818181818181818,0.18181818181818182,0.0,0.1111111111111111,0,0,0,0,0,0,0,0,0.0,0.0,0.0004585132615790647,558371.0
10650612,1,0.0,1.0,0.0,0.0,0.0,1.0,0.0,0.0,0.0,0.0,0.0,0.0,0.0,0.0,0.0,0.0,0.0,1.0,0.15918367346938778,0.2727272727272727,0.09090909090909091,0.0,0.1111111111111111,0,0,0,0,0,0,0,0,0.0,0.0,0.00043650462502326957,593499.0
10650607,1,0.0,0.0,1.0,0.0,0.0,0.0,0.0,1.0,0.0,0.0,0.0,0.0,0.0,0.0,0.0,0.0,0.0,1.0,0.19081632653061226,0.1818181818181818,0.09090909090909091,0.0,0.1111111111111111,0,0,0,0,0,0,0,0,0.0,0.0,0.0007336212185265035,522041.0
10650606,1,0.0,0.0,1.0,0.0,0.0,0.0,0.0,1.0,0.0,0.0,0.0,0.0,0.0,0.0,0.0,0.0,0.0,1.0,0.22244897959183677,0.2727272727272727,0.09090909090909091,0.0,0.1111111111111111,0,0,0,0,0,0,0,0,0.0,0.0,0.0007336212185265035,593837.0
10650614,1,0.0,1.0,0.0,0.0,0.0,1.0,0.0,0.0,0.0,0.0,0.0,0.0,0.0,0.0,0.0,0.0,0.0,1.0,0.1489795918367347,0.1818181818181818,0.09090909090909091,0.0,0.1111111111111111,0,0,0,0,0,0,0,0,0.0,0.0,0.0005933161604833097,564218.0
10650615,1,0.0,1.0,0.0,0.0,0.0,1.0,0.0,0.0,0.0,0.0,0.0,0.0,0.0,0.0,0.0,0.0,1.0,0.0,0.1510204081632653,0.1818181818181818,0.09090909090909091,0.0,0.1111111111111111,0,0,0,0,0,0,0,0,0.0,0.0,0.0007510447224665079,614424.0
10650617,1,0.0,1.0,0.0,0.0,0.0,1.0,0.0,0.0,0.0,0.0,0.0,0.0,0.0,0.0,0.0,0.0,0.0,1.0,0.1489795918367347,0.1818181818181818,0.09090909090909091,0.0,0.1111111111111111,0,0,0,0,0,0,0,0,0.0,0.0,0.0009518735310381383,610058.0
10650619,1,0.0,1.0,0.0,0.0,0.0,1.0,0.0,0.0,0.0,0.0,0.0,0.0,0.0,0.0,0.0,0.0,0.0,1.0,0.1928571428571429,0.1818181818181818,0.09090909090909091,0.0,0.1111111111111111,0,0,0,0,0,0,0,0,0.0,0.0,0.0008280749504117908,623202.0
10650616,1,0.0,1.0,0.0,0.0,0.0,1.0,0.0,0.0,0.0,0.0,0.0,0.0,0.0,0.0,0.0,0.0,0.0,1.0,0.15306122448979595,0.1818181818181818,0.09090909090909091,0.0,0.1111111111111111,0,0,0,0,0,0,0,0,0.0,0.0,0.0009518735310381383,600278.0
10650618,1,0.0,1.0,0.0,0.0,0.0,1.0,0.0,0.0,0.0,0.0,0.0,0.0,0.0,0.0,0.0,0.0,0.0,1.0,0.18877551020408165,0.1818181818181818,0.09090909090909091,0.0,0.1111111111111111,0,0,0,0,0,0,0,0,0.0,0.0,0.0009518735310381383,634007.0
10650623,1,0.0,1.0,0.0,0.0,0.0,1.0,0.0,0.0,0.0,0.0,0.0,0.0,0.0,0.0,0.0,0.0,0.0,1.0,0.14285714285714288,0.1818181818181818,0.09090909090909091,0.0,0.1111111111111111,0,0,0,0,0,0,0,0,0.0,0.0,0.0007987301016707306,717649.0
10650620,1,0.0,1.0,0.0,0.0,0.0,1.0,0.0,0.0,0.0,0.0,0.0,0.0,0.0,0.0,0.0,0.0,1.0,0.0,0.18877551020408165,0.1818181818181818,0.09090909090909091,0.0,0.1111111111111111,0,0,0,0,0,0,0,0,0.0,0.0,0.0004557621820095903,595043.0
10650621,1,0.0,1.0,0.0,0.0,0.0,1.0,0.0,0.0,0.0,0.0,0.0,0.0,0.0,0.0,0.0,0.0,0.0,1.0,0.19183673469387758,0.1818181818181818,0.09090909090909091,0.0,0.1111111111111111,0,0,0,0,0,0,0,0,0.0,0.0,0.0007501276959433498,614635.0
10650624,1,0.0,1.0,0.0,0.0,0.0,0.0,0.0,0.0,0.0,0.0,0.0,0.0,0.0,1.0,0.0,1.0,0.0,0.0,0.1489795918367347,0.1818181818181818,0.09090909090909091,0.0,0.1111111111111111,0,0,0,0,0,0,0,0,0.0,0.0,0.0005309583569085568,591149.0
10650625,1,0.0,1.0,0.0,0.0,0.0,0.0,0.0,0.0,0.0,0.0,0.0,0.0,0.0,1.0,0.0,1.0,0.0,0.0,0.14285714285714288,0.1818181818181818,0.09090909090909091,0.0,0.1111111111111111,0,0,0,0,0,0,0,0,0.0,0.0,0.0005263732242927662,657484.0
10650626,1,0.0,1.0,0.0,0.0,0.0,0.0,0.0,0.0,0.0,0.0,0.0,0.0,0.0,1.0,0.0,0.0,0.0,1.0,0.25612244897959185,0.1818181818181818,0.18181818181818182,0.0,0.16666666666666666,0,0,0,0,0,0,0,0,0.0,0.0,0.000836328189120214,780964.0
10650627,1,0.0,1.0,0.0,0.0,0.0,0.0,0.0,0.0,0.0,0.0,0.0,0.0,0.0,1.0,0.0,0.0,0.0,1.0,0.1653061224489796,0.2727272727272727,0.18181818181818182,0.0,0.1111111111111111,0,0,0,0,0,0,0,0,0.0,0.0,0.0006996912371696527,706610.0
10650628,1,0.0,1.0,0.0,0.0,0.0,0.0,0.0,0.0,0.0,0.0,0.0,0.0,0.0,1.0,0.0,0.0,1.0,0.0,0.15918367346938778,0.2727272727272727,0.09090909090909091,0.0,0.1111111111111111,0,0,0,0,0,0,0,0,0.0,0.0,0.0003860681662495725,617565.0
10650629,1,0.0,1.0,0.0,0.0,0.0,0.0,0.0,0.0,0.0,0.0,0.0,0.0,0.0,1.0,0.0,0.0,0.0,1.0,0.14489795918367349,0.1818181818181818,0.09090909090909091,0.0,0.1111111111111111,0,0,0,0,0,0,0,0,0.0,0.0,0.0006373334335948999,536101.0
10650632,1,0.0,0.0,1.0,0.0,0.0,0.0,0.0,0.0,0.0,0.0,0.0,0.0,1.0,0.0,0.0,0.0,0.0,1.0,0.17551020408163268,0.1818181818181818,0.09090909090909091,0.0,0.1111111111111111,0,3,0,1,0,0,1,0,0.0,0.0,0.0009115243640191806,570000.0
10650636,1,0.0,1.0,0.0,0.0,0.0,1.0,0.0,0.0,0.0,0.0,0.0,0.0,0.0,0.0,0.0,0.0,0.0,1.0,0.2653061224489796,0.2727272727272727,0.0,0.0,0.0,0,6,0,0,0,0,1,0,0.0,0.0,0.020156242979015682,675000.0
10650630,1,0.0,1.0,0.0,0.0,0.0,0.0,0.0,0.0,0.0,0.0,0.0,0.0,0.0,1.0,0.0,0.0,0.0,1.0,0.1479591836734694,0.1818181818181818,0.09090909090909091,0.0,0.1111111111111111,0,0,0,0,0,0,1,0,0.0,0.0,0.0005823118422054121,540154.0
10650631,1,0.0,1.0,0.0,0.0,0.0,0.0,0.0,0.0,0.0,0.0,0.0,0.0,0.0,1.0,0.0,0.0,0.0,1.0,0.17244897959183675,0.1818181818181818,0.09090909090909091,0.0,0.1111111111111111,0,0,0,0,0,0,0,0,0.0,0.0,0.0007207828472022897,734193.0
10650637,1,0.0,0.0,1.0,0.0,0.0,0.0,0.0,0.0,0.0,0.0,0.0,1.0,0.0,0.0,0.0,1.0,0.0,0.0,0.17346938775510207,0.1818181818181818,0.09090909090909091,0.0,0.05555555555555555,5,5,0,0,0,0,1,0,0.0,0.0,0.004473255379965355,295000.0
10650638,1,0.0,1.0,0.0,1.0,0.0,0.0,0.0,0.0,0.0,0.0,0.0,0.0,0.0,0.0,0.0,0.0,0.0,1.0,0.13469387755102044,0.1818181818181818,0.09090909090909091,0.0,0.05555555555555555,5,6,0,1,0,0,1,1,0.0,0.0,0.00022925663078953234,319000.0
10650642,1,0.0,0.0,1.0,0.0,0.0,0.0,0.0,1.0,0.0,0.0,0.0,0.0,0.0,0.0,0.0,0.0,0.0,1.0,0.1969387755102041,0.09090909090909091,0.09090909090909091,0.0,0.05555555555555555,1,2,0,0,0,0,1,0,0.0,0.0,0.0,395000.0
10650639,1,0.0,1.0,0.0,0.0,0.0,1.0,0.0,0.0,0.0,0.0,0.0,0.0,0.0,0.0,0.0,0.0,0.0,1.0,0.13673469387755105,0.1818181818181818,0.09090909090909091,0.0,0.0,1,3,0,0,0,0,1,1,0.0,0.0,0.0004768537920422273,319000.0
10650641,0,0.0,1.0,0.0,0.0,0.0,1.0,0.0,0.0,0.0,0.0,0.0,0.0,0.0,0.0,0.0,0.0,1.0,0.0,0.06428571428571428,0.09090909090909091,0.09090909090909091,0.0,0.05555555555555555,1,1,1,0,0,0,1,1,0.0,0.0,0.0,279000.0
10650643,1,0.0,0.0,1.0,0.0,0.0,0.0,0.0,1.0,0.0,0.0,0.0,0.0,0.0,0.0,0.0,0.0,0.0,1.0,0.2857142857142857,0.36363636363636365,0.18181818181818182,0.0,0.1111111111111111,5,7,0,0,0,0,1,0,0.0,0.0,0.0,200000.0
10650654,1,0.0,1.0,0.0,1.0,0.0,0.0,0.0,0.0,0.0,0.0,0.0,0.0,0.0,0.0,0.0,0.0,0.0,1.0,0.15816326530612246,0.1818181818181818,0.18181818181818182,0.0,0.0,0,0,0,0,0,0,1,0,0.0,0.0,0.0007913938894854656,935000.0
10650644,1,0.0,0.0,1.0,0.0,0.0,0.0,0.0,1.0,0.0,0.0,0.0,0.0,0.0,0.0,0.0,0.0,0.0,1.0,0.5051020408163266,0.5454545454545454,0.2727272727272727,0.0,0.16666666666666666,0,2,0,0,0,0,1,0,0.0,0.0,0.0,595000.0
10650647,0,0.0,1.0,0.0,1.0,0.0,0.0,0.0,0.0,0.0,0.0,0.0,0.0,0.0,0.0,0.0,0.0,0.0,1.0,0.04183673469387755,0.0,0.09090909090909091,0.0,0.0,1,2,0,1,0,0,0,1,0.0,0.0,0.0,279000.0
10650656,1,0.0,1.0,0.0,0.0,0.0,1.0,0.0,0.0,0.0,0.0,0.0,0.0,0.0,0.0,0.0,1.0,0.0,0.0,0.23469387755102042,0.4545454545454545,0.09090909090909091,0.07142857142857142,0.1111111111111111,3,2,0,0,0,0,1,0,0.0,0.0,0.00032554441572113594,549000.0
10650657,0,0.0,1.0,0.0,0.0,0.0,1.0,0.0,0.0,0.0,0.0,0.0,0.0,0.0,0.0,0.0,0.0,0.0,1.0,0.20510204081632655,0.2727272727272727,0.18181818181818182,0.0,0.2222222222222222,1,0,1,0,0,0,0,1,0.0,0.09,0.0,459000.0
10650662,1,0.0,1.0,0.0,0.0,0.0,1.0,0.0,0.0,0.0,0.0,0.0,0.0,0.0,0.0,0.0,0.0,0.0,1.0,0.10408163265306122,0.09090909090909091,0.09090909090909091,0.0,0.0,0,3,0,0,0,0,1,0,0.0,0.0,0.0007079444758780758,419000.0
10650664,0,0.0,1.0,0.0,0.0,0.0,1.0,0.0,0.0,0.0,0.0,0.0,0.0,0.0,0.0,0.0,0.0,0.0,1.0,0.10612244897959186,0.09090909090909091,0.09090909090909091,0.0,0.05555555555555555,0,1,1,0,0,0,0,1,0.0,0.0,0.0,410400.0
10650666,1,0.0,1.0,0.0,0.0,0.0,0.0,0.0,0.0,0.0,0.0,0.0,0.0,0.0,1.0,0.0,0.0,1.0,0.0,0.1,0.1818181818181818,0.09090909090909091,0.0,0.1111111111111111,4,4,0,0,0,0,0,1,0.0,0.0,0.0001439731641358263,297000.0
10650663,1,0.0,0.0,1.0,0.0,0.0,0.0,0.0,0.0,0.0,0.0,0.0,0.0,1.0,0.0,0.0,0.0,0.0,1.0,0.1326530612244898,0.36363636363636365,0.18181818181818182,0.14285714285714285,0.1111111111111111,3,3,0,0,0,0,1,1,0.5,0.2,0.0008308260299812652,420000.0
10650669,1,0.0,1.0,0.0,1.0,0.0,0.0,0.0,0.0,0.0,0.0,0.0,0.0,0.0,0.0,0.0,0.0,0.0,1.0,0.626530612244898,0.5454545454545454,0.5454545454545454,0.0,0.0,1,1,0,0,0,0,0,0,0.0,0.0,0.03637844217368299,1100000.0
10650674,0,0.0,1.0,0.0,0.0,0.0,1.0,0.0,0.0,0.0,0.0,0.0,0.0,0.0,0.0,0.0,1.0,0.0,0.0,0.1479591836734694,0.1818181818181818,0.18181818181818182,0.0,0.1111111111111111,1,0,1,0,0,0,0,0,0.0,0.0,0.0,399500.0
10650673,1,0.0,1.0,0.0,0.0,0.0,1.0,0.0,0.0,0.0,0.0,0.0,0.0,0.0,0.0,0.0,0.0,0.0,1.0,0.11020408163265308,0.2727272727272727,0.09090909090909091,0.0,0.05555555555555555,5,6,0,0,0,0,1,0,0.0,0.0,0.00038331708668009804,159000.0
10650675,0,0.0,1.0,0.0,0.0,0.0,1.0,0.0,0.0,0.0,0.0,0.0,0.0,0.0,0.0,0.0,0.0,0.0,1.0,0.1479591836734694,0.1818181818181818,0.18181818181818182,0.0,0.1111111111111111,1,0,1,0,0,0,0,0,0.0,0.0,0.0,399500.0
10650676,1,0.0,1.0,0.0,1.0,0.0,0.0,0.0,0.0,0.0,0.0,0.0,0.0,0.0,0.0,1.0,0.0,0.0,0.0,0.23979591836734696,0.36363636363636365,0.2727272727272727,0.0,0.05555555555555555,1,2,0,0,0,0,0,0,0.0,0.0,9.170265231581294e-05,799000.0
10650677,1,0.0,1.0,0.0,1.0,0.0,0.0,0.0,0.0,0.0,0.0,0.0,0.0,0.0,0.0,0.0,0.0,0.0,1.0,0.6836734693877552,0.4545454545454545,0.4545454545454546,0.0,0.0,2,3,0,1,0,0,1,0,0.0,0.0,0.01110335714239863,1798000.0
10650678,1,0.0,1.0,0.0,1.0,0.0,0.0,0.0,0.0,0.0,0.0,0.0,0.0,0.0,0.0,0.0,0.0,0.0,1.0,0.6836734693877552,0.4545454545454545,0.4545454545454546,0.0,0.0,2,3,0,1,0,0,1,0,0.0,0.0,0.01110335714239863,1798000.0
10650681,1,0.0,1.0,0.0,0.0,0.0,0.0,0.0,0.0,0.0,0.0,0.0,0.0,0.0,1.0,0.0,0.0,1.0,0.0,0.3,0.36363636363636365,0.09090909090909091,0.0,0.05555555555555555,4,3,0,0,0,0,1,1,0.0,0.0,0.0004034916701895769,450000.0
10650682,1,0.0,1.0,0.0,0.0,0.0,0.0,0.0,0.0,0.0,0.0,0.0,0.0,0.0,1.0,0.0,0.0,1.0,0.0,0.326530612244898,0.36363636363636365,0.2727272727272727,0.0,0.0,3,0,0,0,0,0,0,0,0.0,0.0,0.0024282862333227266,3595000.0
10650692,0,0.0,1.0,0.0,0.0,0.0,0.0,0.0,0.0,0.0,0.0,0.0,0.0,0.0,1.0,0.0,0.0,1.0,0.0,0.05612244897959184,0.09090909090909091,0.09090909090909091,0.0,0.05555555555555555,1,4,0,0,0,0,1,1,0.0,0.0,0.0,215000.0
10650695,1,0.0,1.0,0.0,1.0,0.0,0.0,0.0,0.0,0.0,0.0,0.0,0.0,0.0,0.0,0.0,0.0,0.0,1.0,0.19081632653061226,0.2727272727272727,0.09090909090909091,0.0,0.1111111111111111,0,3,0,0,0,0,1,1,0.0,0.0,0.0007061104228317595,695000.0
10650683,1,0.0,1.0,0.0,0.0,0.0,0.0,0.0,0.0,0.0,0.0,0.0,0.0,0.0,1.0,0.0,0.0,0.0,1.0,0.1785714285714286,0.1818181818181818,0.09090909090909091,0.0,0.1111111111111111,1,4,0,0,0,0,1,1,0.0,0.0,0.00024117797559058802,259000.0
10650685,1,0.0,1.0,0.0,1.0,0.0,0.0,0.0,0.0,0.0,0.0,0.0,0.0,0.0,0.0,0.0,0.0,0.0,1.0,0.23469387755102042,0.2727272727272727,0.09090909090909091,0.07142857142857142,0.1111111111111111,3,4,0,0,0,0,1,0,0.0,0.0,0.002751079569474388,749000.0
10650709,0,0.0,1.0,0.0,0.0,0.0,0.0,0.0,0.0,1.0,0.0,0.0,0.0,0.0,0.0,0.0,0.0,0.0,1.0,0.07448979591836735,0.09090909090909091,0.09090909090909091,0.0,0.05555555555555555,0,1,1,0,0,0,0,0,0.0,0.0,0.0,285000.0
10650717,1,0.0,1.0,0.0,0.0,0.0,0.0,0.0,0.0,0.0,0.0,0.0,0.0,0.0,1.0,0.0,0.0,0.0,1.0,0.12653061224489798,0.1818181818181818,0.09090909090909091,0.0,0.05555555555555555,4,6,0,0,0,0,1,0,0.0,0.0,0.00023659284297479738,215000.0
10650699,0,0.0,1.0,0.0,0.0,0.0,0.0,1.0,0.0,0.0,0.0,0.0,0.0,0.0,0.0,1.0,0.0,0.0,0.0,0.04081632653061225,0.0,0.09090909090909091,0.0,0.05555555555555555,0,2,1,0,0,0,0,1,0.0,0.16,0.0,249000.0
10650718,0,0.0,1.0,0.0,0.0,0.0,0.0,0.0,0.0,0.0,0.0,0.0,0.0,0.0,1.0,0.0,0.0,1.0,0.0,0.036734693877551024,0.0,0.09090909090909091,0.0,0.05555555555555555,1,2,1,0,0,0,0,1,0.0,0.0,0.0,199000.0
10650714,1,0.0,1.0,0.0,0.0,0.0,0.0,0.0,0.0,0.0,0.0,0.0,0.0,0.0,1.0,0.0,0.0,0.0,1.0,0.336734693877551,0.4545454545454545,0.09090909090909091,0.0,0.05555555555555555,1,6,0,0,0,0,1,0,0.0,0.0,0.0002971165935032339,310000.0
10650738,0,0.0,1.0,0.0,0.0,0.0,1.0,0.0,0.0,0.0,0.0,0.0,0.0,0.0,0.0,0.0,0.0,0.0,1.0,0.07448979591836735,0.09090909090909091,0.09090909090909091,0.0,0.05555555555555555,1,2,0,0,0,0,0,1,0.0,0.0,0.0,229000.0
10650745,0,0.0,1.0,0.0,0.0,0.0,0.0,0.0,0.0,0.0,0.0,0.0,0.0,0.0,1.0,0.0,0.0,1.0,0.0,0.05612244897959184,0.09090909090909091,0.09090909090909091,0.0,0.0,4,5,0,0,0,0,1,1,0.0,0.0,0.0,190000.0
10650748,1,0.0,1.0,0.0,0.0,0.0,0.0,0.0,0.0,1.0,0.0,0.0,0.0,0.0,0.0,0.0,0.0,0.0,1.0,0.3306122448979592,0.1818181818181818,0.18181818181818182,0.0,0.1111111111111111,0,2,0,0,1,0,1,0,0.0,0.0,0.002290732254849007,890000.0
10650751,1,0.0,1.0,0.0,0.0,0.0,0.0,0.0,0.0,0.0,0.0,0.0,0.0,0.0,1.0,0.0,0.0,0.0,1.0,0.29591836734693877,0.2727272727272727,0.0,0.0,0.0,5,6,0,0,0,0,1,0,0.0,0.0,0.000617158850085421,349000.0
10650752,0,0.0,0.0,1.0,0.0,0.0,0.0,0.0,0.0,0.0,0.0,1.0,0.0,0.0,0.0,0.0,0.0,0.0,1.0,0.07551020408163267,0.09090909090909091,0.09090909090909091,0.0,0.05555555555555555,0,5,0,0,0,0,0,0,0.0,0.0,0.0,99000.0
10650749,1,0.0,1.0,0.0,1.0,0.0,0.0,0.0,0.0,0.0,0.0,0.0,0.0,0.0,0.0,0.0,0.0,0.0,1.0,0.1,0.09090909090909091,0.09090909090909091,0.0,0.05555555555555555,0,6,0,0,0,0,1,0,0.0,0.0,0.00024209500211374614,325000.0
10650753,1,0.0,0.0,1.0,0.0,0.0,0.0,0.0,0.0,0.0,0.0,1.0,0.0,0.0,0.0,0.0,0.0,0.0,1.0,0.06122448979591837,0.09090909090909091,0.09090909090909091,0.0,0.05555555555555555,0,6,0,0,0,0,1,1,0.0,0.0,0.0008510006134907441,285000.0
10650755,1,0.0,1.0,0.0,0.0,0.0,0.0,1.0,0.0,0.0,0.0,0.0,0.0,0.0,0.0,1.0,0.0,0.0,0.0,0.19387755102040818,0.1818181818181818,0.09090909090909091,0.0,0.0,5,3,0,0,0,0,0,0,0.0,0.0,9.445373188528732e-05,345000.0
10650757,1,0.0,1.0,0.0,0.0,0.0,1.0,0.0,0.0,0.0,0.0,0.0,0.0,0.0,0.0,0.0,0.0,1.0,0.0,0.15306122448979595,0.1818181818181818,0.09090909090909091,0.0,0.05555555555555555,5,5,0,0,0,0,0,0,0.0,0.0,0.0001779031454926771,189000.0
10650758,1,0.0,0.0,1.0,0.0,0.0,0.0,0.0,0.0,0.0,1.0,0.0,0.0,0.0,0.0,0.0,1.0,0.0,0.0,0.14489795918367349,0.09090909090909091,0.09090909090909091,0.07142857142857142,0.05555555555555555,0,7,0,1,0,0,0,0,0.0,0.0,0.00019257556986320717,211900.0
10650756,0,0.0,0.0,1.0,0.0,0.0,0.0,0.0,0.0,0.0,1.0,0.0,0.0,0.0,0.0,0.0,0.0,1.0,0.0,0.06122448979591837,0.09090909090909091,0.0,0.07142857142857142,0.1111111111111111,3,2,1,1,0,0,0,1,0.0,0.0,0.0,229000.0
10650759,1,0.0,1.0,0.0,0.0,0.0,0.0,1.0,0.0,0.0,0.0,0.0,0.0,0.0,0.0,0.0,1.0,0.0,0.0,0.12448979591836737,0.09090909090909091,0.09090909090909091,0.0,0.1111111111111111,0,4,0,0,0,0,0,0,0.0,0.0,0.00028336119565586194,279000.0
10650760,0,0.0,1.0,0.0,0.0,0.0,0.0,1.0,0.0,0.0,0.0,0.0,0.0,0.0,0.0,1.0,0.0,0.0,0.0,0.0020408163265306124,0.0,0.09090909090909091,0.0,0.0,0,2,0,0,0,0,0,0,0.0,0.0,0.0,188000.0
10650762,0,0.0,1.0,0.0,0.0,0.0,0.0,0.0,0.0,0.0,0.0,0.0,0.0,0.0,1.0,0.0,0.0,1.0,0.0,0.0816326530612245,0.1818181818181818,0.09090909090909091,0.0,0.05555555555555555,0,2,0,0,0,0,0,1,0.0,0.03,0.0,589000.0
10650765,1,0.0,1.0,0.0,0.0,0.0,1.0,0.0,0.0,0.0,0.0,0.0,0.0,0.0,0.0,0.0,0.0,0.0,1.0,0.14285714285714288,0.2727272727272727,0.09090909090909091,0.0,0.0,5,6,0,0,0,0,0,0,0.0,0.0,0.00011737939496424056,115000.0
10650761,1,0.0,1.0,0.0,0.0,0.0,0.0,1.0,0.0,0.0,0.0,0.0,0.0,0.0,0.0,0.0,1.0,0.0,0.0,0.15918367346938778,0.09090909090909091,0.0,0.0,0.0,0,5,0,0,0,0,1,0,0.0,0.0,0.0004814389246580179,359000.0
10650768,1,0.0,1.0,0.0,0.0,0.0,1.0,0.0,0.0,0.0,0.0,0.0,0.0,0.0,0.0,0.0,0.0,0.0,1.0,0.22959183673469388,0.2727272727272727,0.09090909090909091,0.0,0.0,5,6,0,0,0,0,1,0,0.0,0.0,0.0025227399652080137,330000.0
10650776,1,0.0,1.0,0.0,0.0,0.0,0.0,0.0,0.0,0.0,0.0,0.0,0.0,0.0,1.0,0.0,0.0,1.0,0.0,0.3979591836734694,0.36363636363636365,0.18181818181818182,0.0,0.05555555555555555,0,6,0,1,0,0,1,1,0.24,0.0,0.0004401727311159021,510000.0
10650772,1,0.0,1.0,0.0,0.0,0.0,1.0,0.0,0.0,0.0,0.0,0.0,0.0,0.0,0.0,0.0,0.0,0.0,1.0,0.0816326530612245,0.09090909090909091,0.09090909090909091,0.0,0.0,1,6,0,0,0,0,0,1,0.0,0.0,0.0009720481145476171,325000.0
10650771,0,1.0,0.0,0.0,0.0,1.0,0.0,0.0,0.0,0.0,0.0,0.0,0.0,0.0,0.0,1.0,0.0,0.0,0.0,0.0836734693877551,0.09090909090909091,0.09090909090909091,0.0,0.1111111111111111,3,2,1,1,0,0,0,1,0.0,0.12,0.0,395000.0
10650783,1,0.0,0.0,1.0,0.0,0.0,0.0,0.0,1.0,0.0,0.0,0.0,0.0,0.0,0.0,0.0,0.0,1.0,0.0,0.20510204081632655,0.1818181818181818,0.0,0.0,0.0,0,5,0,0,0,0,0,0,0.0,0.0,0.0012544922836803208,560000.0
10650786,1,0.0,1.0,0.0,1.0,0.0,0.0,0.0,0.0,0.0,0.0,0.0,0.0,0.0,0.0,0.0,1.0,0.0,0.0,0.20408163265306126,0.36363636363636365,0.18181818181818182,0.0,0.0,0,4,0,0,0,0,1,0,0.13,0.0,0.00020174583509478846,725000.0
10650787,1,0.0,1.0,0.0,1.0,0.0,0.0,0.0,0.0,0.0,0.0,0.0,0.0,0.0,0.0,0.0,0.0,0.0,1.0,0.163265306122449,0.09090909090909091,0.09090909090909091,0.0,0.0,0,6,0,0,0,0,1,1,0.0,0.0,0.007955205088396772,485000.0
10650790,0,0.0,1.0,0.0,1.0,0.0,0.0,0.0,0.0,0.0,0.0,0.0,0.0,0.0,0.0,0.0,0.0,1.0,0.0,0.1285714285714286,0.2727272727272727,0.18181818181818182,0.0,0.0,0,1,1,0,0,0,0,1,0.0,0.32,0.0,835000.0
10650793,0,0.0,1.0,0.0,1.0,0.0,0.0,0.0,0.0,0.0,0.0,0.0,0.0,0.0,0.0,0.0,0.0,0.0,1.0,0.07755102040816328,0.09090909090909091,0.09090909090909091,0.0,0.05555555555555555,0,2,0,0,0,0,0,1,0.0,0.04,0.0,299000.0
10650792,0,0.0,1.0,0.0,1.0,0.0,0.0,0.0,0.0,0.0,0.0,0.0,0.0,0.0,0.0,0.0,0.0,0.0,1.0,0.07551020408163267,0.09090909090909091,0.09090909090909091,0.0,0.05555555555555555,0,2,0,0,0,0,0,1,0.0,0.24,0.0,335000.0
10650794,0,0.0,1.0,0.0,1.0,0.0,0.0,0.0,0.0,0.0,0.0,0.0,0.0,0.0,0.0,1.0,0.0,0.0,0.0,0.09081632653061225,0.0,0.09090909090909091,0.0,0.0,0,2,0,0,0,0,0,1,0.0,0.25,0.0,369000.0
10650795,0,0.0,1.0,0.0,1.0,0.0,0.0,0.0,0.0,0.0,0.0,0.0,0.0,0.0,0.0,0.0,0.0,1.0,0.0,0.09387755102040818,0.1818181818181818,0.09090909090909091,0.0,0.0,5,0,0,0,0,0,1,1,0.0,0.01,0.0,179000.0
10650804,1,0.0,1.0,0.0,0.0,0.0,0.0,0.0,0.0,0.0,0.0,0.0,0.0,0.0,1.0,0.0,0.0,0.0,1.0,0.20408163265306126,0.2727272727272727,0.09090909090909091,0.0,0.1111111111111111,4,6,0,0,0,0,1,1,0.0,0.0,0.0007968960486244143,345000.0
10650797,1,0.0,1.0,0.0,1.0,0.0,0.0,0.0,0.0,0.0,0.0,0.0,0.0,0.0,0.0,0.0,0.0,0.0,1.0,0.1326530612244898,0.1818181818181818,0.09090909090909091,0.0,0.05555555555555555,5,6,0,0,0,0,0,1,0.0,0.22,0.0009537075840844546,365000.0
10650799,1,0.0,0.0,1.0,0.0,0.0,0.0,0.0,0.0,0.0,0.0,0.0,1.0,0.0,0.0,0.0,0.0,0.0,1.0,0.9387755102040817,0.9999999999999999,0.0,0.0,0.0,0,7,0,1,0,0,0,0,0.0,0.0,0.007390316750131364,1200000.0
10650803,1,0.0,0.0,1.0,0.0,0.0,0.0,0.0,0.0,0.0,0.0,0.0,1.0,0.0,0.0,0.0,0.0,0.0,1.0,0.9387755102040817,0.9999999999999999,0.0,0.0,0.0,0,7,0,1,0,0,0,0,0.0,0.0,0.007390316750131364,1200000.0
10650805,1,0.0,1.0,0.0,0.0,0.0,0.0,0.0,0.0,0.0,0.0,0.0,0.0,0.0,1.0,0.0,0.0,1.0,0.0,0.30918367346938774,0.2727272727272727,0.09090909090909091,0.0,0.0,1,4,0,0,0,0,1,0,0.0,0.0,0.00027052282433164817,230000.0
10650807,1,0.0,1.0,0.0,0.0,0.0,0.0,0.0,0.0,0.0,0.0,0.0,0.0,0.0,1.0,0.0,0.0,1.0,0.0,0.10612244897959186,0.09090909090909091,0.09090909090909091,0.0,0.05555555555555555,5,6,0,0,0,0,0,1,0.0,0.0,6.419185662106905e-05,129500.0
10650810,1,0.0,1.0,0.0,0.0,0.0,0.0,0.0,0.0,0.0,0.0,0.0,0.0,0.0,1.0,0.0,0.0,0.0,1.0,0.12244897959183676,0.09090909090909091,0.0,0.0,0.0,4,5,0,0,0,0,1,0,0.0,0.0,0.0003026187526421827,175000.0
10650813,0,0.0,1.0,0.0,0.0,0.0,0.0,0.0,0.0,0.0,0.0,0.0,0.0,0.0,1.0,0.0,0.0,1.0,0.0,0.10204081632653061,0.2727272727272727,0.09090909090909091,0.0,0.1111111111111111,3,4,1,0,0,0,0,1,0.0,0.1,0.0,269000.0
10650815,1,0.0,1.0,0.0,0.0,0.0,0.0,0.0,0.0,0.0,0.0,0.0,0.0,0.0,1.0,0.0,0.0,1.0,0.0,0.16632653061224492,0.2727272727272727,0.09090909090909091,0.0,0.1111111111111111,4,4,0,0,0,0,0,1,0.0,0.0,0.00021733528598847667,220000.0
10650816,1,0.0,0.0,1.0,0.0,0.0,0.0,0.0,1.0,0.0,0.0,0.0,0.0,0.0,0.0,0.0,0.0,0.0,1.0,0.1836734693877551,0.1818181818181818,0.18181818181818182,0.0,0.0,0,1,0,0,0,0,0,1,0.0,0.0,0.0,380000.0
10257604,1,0.0,0.0,1.0,0.0,0.0,0.0,0.0,0.0,0.0,1.0,0.0,0.0,0.0,0.0,0.0,1.0,0.0,0.0,0.176530612244898,0.2727272727272727,0.09090909090909091,0.0,0.1111111111111111,4,5,0,1,0,0,1,1,0.1,0.1,0.0,230000.0
10650818,0,0.0,1.0,0.0,0.0,0.0,0.0,0.0,0.0,0.0,0.0,0.0,0.0,0.0,1.0,0.0,0.0,0.0,1.0,0.0673469387755102,0.0,0.09090909090909091,0.0,0.05555555555555555,0,2,1,1,0,0,0,1,0.0,0.25,0.0,315000.0
10650819,1,0.0,1.0,0.0,0.0,0.0,1.0,0.0,0.0,0.0,0.0,0.0,0.0,0.0,0.0,0.0,0.0,0.0,1.0,0.1959183673469388,0.09090909090909091,0.09090909090909091,0.0,0.05555555555555555,4,4,0,0,0,0,1,1,0.33,0.13,0.0004658494737643297,355000.0
10650828,1,0.0,1.0,0.0,1.0,0.0,0.0,0.0,0.0,0.0,0.0,0.0,0.0,0.0,0.0,0.0,0.0,1.0,0.0,0.1642857142857143,0.2727272727272727,0.09090909090909091,0.0,0.05555555555555555,0,6,0,0,0,0,0,1,0.0,0.0,0.00021641825946531852,245000.0
10650821,1,0.0,1.0,0.0,0.0,0.0,0.0,0.0,0.0,0.0,0.0,0.0,0.0,0.0,1.0,0.0,0.0,0.0,1.0,0.1326530612244898,0.1818181818181818,0.09090909090909091,0.0,0.1111111111111111,2,2,0,1,0,0,0,0,0.0,0.0,0.0002283396042663742,369500.0
10650826,1,0.0,1.0,0.0,0.0,0.0,1.0,0.0,0.0,0.0,0.0,0.0,0.0,0.0,0.0,0.0,1.0,0.0,0.0,0.0816326530612245,0.0,0.09090909090909091,0.0,0.05555555555555555,5,6,0,0,0,0,1,1,0.85,0.0,0.0009142754435886549,345000.0
10650817,0,0.0,1.0,0.0,1.0,0.0,0.0,0.0,0.0,0.0,0.0,0.0,0.0,0.0,0.0,1.0,0.0,0.0,0.0,0.11836734693877551,0.09090909090909091,0.18181818181818182,0.14285714285714285,0.1111111111111111,1,2,1,0,0,0,0,0,0.0,0.0,0.0,429000.0
10650824,1,0.0,1.0,0.0,0.0,0.0,0.0,0.0,0.0,0.0,0.0,0.0,0.0,0.0,1.0,0.0,0.0,1.0,0.0,0.3142857142857143,0.4545454545454545,0.18181818181818182,0.0,0.1111111111111111,4,2,0,0,0,0,1,1,0.47000000000000003,0.4,0.0007262850063412384,1175000.0
10650829,1,0.0,1.0,0.0,0.0,0.0,0.0,1.0,0.0,0.0,0.0,0.0,0.0,0.0,0.0,0.0,1.0,0.0,0.0,0.3163265306122449,0.2727272727272727,0.18181818181818182,0.14285714285714285,0.1111111111111111,4,2,0,0,0,0,1,1,1.0,0.45,0.0015351023997667084,645000.0
10650830,1,0.0,0.0,1.0,0.0,0.0,0.0,0.0,0.0,0.0,0.0,1.0,0.0,0.0,0.0,0.0,0.0,0.0,1.0,0.2255102040816327,0.5454545454545454,0.09090909090909091,0.14285714285714285,0.16666666666666666,3,3,0,0,0,0,1,1,0.609,1.0,0.0007152806880633409,319000.0
10650836,1,0.0,1.0,0.0,1.0,0.0,0.0,0.0,0.0,0.0,0.0,0.0,0.0,0.0,0.0,0.0,0.0,0.0,1.0,0.06326530612244899,0.1818181818181818,0.09090909090909091,0.0,0.05555555555555555,5,5,0,0,0,0,0,0,0.0,0.0,0.00012654966019582184,165000.0
10650837,1,0.0,1.0,0.0,1.0,0.0,0.0,0.0,0.0,0.0,0.0,0.0,0.0,0.0,0.0,0.0,0.0,0.0,1.0,0.13979591836734695,0.1818181818181818,0.09090909090909091,0.0,0.1111111111111111,1,3,0,0,0,0,0,1,0.0,0.0,0.00032554441572113594,430000.0
10650844,1,0.0,0.0,1.0,0.0,0.0,0.0,0.0,0.0,0.0,0.0,0.0,0.0,1.0,0.0,0.0,0.0,0.0,1.0,0.14489795918367349,0.1818181818181818,0.09090909090909091,0.0,0.05555555555555555,3,3,0,1,0,0,1,1,0.0,0.54,0.002020209430517359,599000.0
10650848,0,1.0,0.0,0.0,0.0,1.0,0.0,0.0,0.0,0.0,0.0,0.0,0.0,0.0,0.0,0.0,1.0,0.0,0.0,0.06326530612244899,0.09090909090909091,0.09090909090909091,0.0,0.1111111111111111,1,3,0,1,0,0,0,0,0.0,0.0,0.0,420000.0
10650847,0,1.0,0.0,0.0,0.0,1.0,0.0,0.0,0.0,0.0,0.0,0.0,0.0,0.0,0.0,0.0,1.0,0.0,0.0,0.06224489795918368,0.09090909090909091,0.09090909090909091,0.0,0.1111111111111111,1,7,0,1,0,0,0,0,0.0,0.0,0.0,405000.0
10650861,1,0.0,0.0,1.0,0.0,0.0,0.0,0.0,1.0,0.0,0.0,0.0,0.0,0.0,0.0,0.0,0.0,1.0,0.0,0.28469387755102044,0.1818181818181818,0.18181818181818182,0.0,0.0,3,5,0,0,0,0,0,1,0.0,0.0,0.0003448019727074566,449500.0
10650862,1,0.0,0.0,1.0,0.0,0.0,0.0,0.0,0.0,0.0,1.0,0.0,0.0,0.0,0.0,0.0,0.0,0.0,1.0,0.13673469387755105,0.1818181818181818,0.09090909090909091,0.07142857142857142,0.05555555555555555,0,5,0,0,0,0,0,1,0.0,0.07,9.99558910242361e-05,159000.0
10650860,1,0.0,0.0,1.0,0.0,0.0,0.0,0.0,1.0,0.0,0.0,0.0,0.0,0.0,0.0,0.0,0.0,1.0,0.0,0.5755102040816327,0.36363636363636365,0.18181818181818182,0.0,0.0,1,4,0,0,1,0,0,1,0.0,0.0,0.0016781585373793766,990000.0
10650863,1,0.0,1.0,0.0,1.0,0.0,0.0,0.0,0.0,0.0,0.0,0.0,0.0,0.0,0.0,0.0,0.0,0.0,1.0,0.17346938775510207,0.1818181818181818,0.09090909090909091,0.0,0.1111111111111111,0,2,0,1,0,0,1,1,0.089,0.0,0.00020357988814110472,459000.0
10650868,0,0.0,1.0,0.0,0.0,0.0,0.0,1.0,0.0,0.0,0.0,0.0,0.0,0.0,0.0,0.0,0.0,0.0,1.0,0.05510204081632653,0.0,0.09090909090909091,0.07142857142857142,0.05555555555555555,1,2,0,0,0,0,0,1,0.0,0.0,0.0,325000.0
10650866,1,0.0,1.0,0.0,0.0,0.0,1.0,0.0,0.0,0.0,0.0,0.0,0.0,0.0,0.0,0.0,0.0,1.0,0.0,0.21938775510204084,0.2727272727272727,0.18181818181818182,0.0,0.1111111111111111,0,4,0,0,0,0,0,1,0.0,0.0,0.0027336560655343836,549000.0
10650867,1,1.0,0.0,0.0,0.0,1.0,0.0,0.0,0.0,0.0,0.0,0.0,0.0,0.0,0.0,0.0,0.0,0.0,1.0,0.16632653061224492,0.36363636363636365,0.09090909090909091,0.07142857142857142,0.05555555555555555,5,6,0,0,0,0,1,0,0.067,0.0,0.00011921344801055682,625000.0
10650871,1,0.0,1.0,0.0,1.0,0.0,0.0,0.0,0.0,0.0,0.0,0.0,0.0,0.0,0.0,0.0,0.0,1.0,0.0,0.18265306122448982,0.1818181818181818,0.09090909090909091,0.0,0.1111111111111111,0,0,0,0,0,0,1,0,0.042,0.0,0.00014213911108951004,309000.0
10650878,1,0.0,1.0,0.0,0.0,0.0,1.0,0.0,0.0,0.0,0.0,0.0,0.0,0.0,0.0,0.0,0.0,1.0,0.0,0.16632653061224492,0.1818181818181818,0.09090909090909091,0.0,0.05555555555555555,5,6,0,0,0,0,0,0,0.0,0.0,0.00024209500211374614,199000.0
10650877,1,0.0,1.0,0.0,0.0,0.0,0.0,1.0,0.0,0.0,0.0,0.0,0.0,0.0,0.0,0.0,0.0,0.0,1.0,0.0836734693877551,0.1818181818181818,0.09090909090909091,0.0,0.0,5,6,0,0,0,0,0,1,0.0,0.0,0.00016964990678425393,135000.0
10650874,1,0.0,1.0,0.0,1.0,0.0,0.0,0.0,0.0,0.0,0.0,0.0,0.0,0.0,0.0,0.0,0.0,0.0,1.0,0.7836734693877552,0.36363636363636365,0.36363636363636365,0.0,0.0,1,2,0,0,1,0,0,1,0.0,1.0,0.003536971299820905,3495000.0
10650876,1,0.0,1.0,0.0,0.0,0.0,0.0,1.0,0.0,0.0,0.0,0.0,0.0,0.0,0.0,0.0,0.0,0.0,1.0,0.09489795918367347,0.09090909090909091,0.09090909090909091,0.0,0.0,2,4,0,0,0,0,0,1,0.0,0.0,0.00020174583509478846,339000.0
10650884,0,0.0,1.0,0.0,0.0,0.0,1.0,0.0,0.0,0.0,0.0,0.0,0.0,0.0,0.0,0.0,0.0,1.0,0.0,0.05612244897959184,0.09090909090909091,0.09090909090909091,0.0,0.0,3,4,0,0,0,0,0,1,0.0,0.0,0.0,199000.0
10650883,1,0.0,1.0,0.0,0.0,0.0,1.0,0.0,0.0,0.0,0.0,0.0,0.0,0.0,0.0,0.0,0.0,1.0,0.0,0.13673469387755105,0.1818181818181818,0.09090909090909091,0.0,0.05555555555555555,4,3,0,0,0,0,0,1,0.0,0.0,0.00033012954833692656,275000.0
10650896,0,1.0,0.0,0.0,0.0,1.0,0.0,0.0,0.0,0.0,0.0,0.0,0.0,0.0,0.0,0.0,0.0,0.0,1.0,0.05510204081632653,0.0,0.09090909090909091,0.07142857142857142,0.05555555555555555,3,7,0,0,0,0,1,1,0.03,0.15,0.0,259000.0
10650888,1,0.0,1.0,0.0,0.0,0.0,0.0,1.0,0.0,0.0,0.0,0.0,0.0,0.0,0.0,0.0,0.0,0.0,1.0,0.163265306122449,0.1818181818181818,0.18181818181818182,0.0,0.1111111111111111,1,1,0,0,0,0,1,1,0.132,0.0,0.00024576310820637867,485000.0
10650904,1,0.0,1.0,0.0,0.0,0.0,1.0,0.0,0.0,0.0,0.0,0.0,0.0,0.0,0.0,0.0,0.0,1.0,0.0,0.2112244897959184,0.1818181818181818,0.09090909090909091,0.0,0.1111111111111111,1,3,0,0,0,0,1,1,0.11,0.8,0.00023934392254427176,355000.0
10650902,1,0.0,0.0,1.0,0.0,0.0,0.0,0.0,0.0,0.0,1.0,0.0,0.0,0.0,0.0,0.0,0.0,1.0,0.0,0.08571428571428572,0.1818181818181818,0.09090909090909091,0.0,0.1111111111111111,3,3,0,0,1,0,1,1,0.17,0.2,0.00031178901787376397,320000.0
10650899,0,0.0,1.0,0.0,1.0,0.0,0.0,0.0,0.0,0.0,0.0,0.0,0.0,0.0,0.0,0.0,0.0,1.0,0.0,0.05612244897959184,0.09090909090909091,0.09090909090909091,0.0,0.05555555555555555,0,2,0,0,0,0,0,0,0.0,0.0,0.0,169000.0
10650905,0,0.0,0.0,1.0,0.0,0.0,0.0,0.0,0.0,0.0,1.0,0.0,0.0,0.0,0.0,0.0,0.0,0.0,1.0,0.0673469387755102,0.09090909090909091,0.09090909090909091,0.07142857142857142,0.1111111111111111,3,3,0,0,0,0,0,1,0.0,0.0,0.0,200000.0
10650906,0,0.0,1.0,0.0,1.0,0.0,0.0,0.0,0.0,0.0,0.0,0.0,0.0,0.0,0.0,0.0,0.0,0.0,1.0,0.05510204081632653,0.09090909090909091,0.09090909090909091,0.0,0.05555555555555555,3,2,0,1,0,0,0,1,0.0,0.03,0.0,210000.0
10650908,0,0.0,1.0,0.0,1.0,0.0,0.0,0.0,0.0,0.0,0.0,0.0,0.0,0.0,0.0,0.0,0.0,0.0,1.0,0.051020408163265314,0.0,0.09090909090909091,0.0,0.05555555555555555,0,0,1,1,0,0,1,0,0.0,0.0,0.0,205000.0
10650910,1,0.0,0.0,1.0,0.0,0.0,0.0,0.0,1.0,0.0,0.0,0.0,0.0,0.0,0.0,0.0,0.0,1.0,0.0,0.21734693877551023,0.4545454545454545,0.36363636363636365,0.2857142857142857,0.0,1,2,0,0,0,0,0,1,0.0,0.0,0.00021091610032636975,375000.0
10650911,0,0.0,1.0,0.0,1.0,0.0,0.0,0.0,0.0,0.0,0.0,0.0,0.0,0.0,0.0,0.0,0.0,1.0,0.0,0.08571428571428572,0.09090909090909091,0.09090909090909091,0.0,0.05555555555555555,3,2,0,1,0,0,0,1,0.0,0.02,0.0,230000.0
10650907,1,0.0,1.0,0.0,1.0,0.0,0.0,0.0,0.0,0.0,0.0,0.0,0.0,0.0,0.0,0.0,0.0,0.0,1.0,0.3010204081632653,0.36363636363636365,0.2727272727272727,0.0,0.2777777777777778,1,2,0,0,1,0,0,1,0.0,0.0,0.052927102810594595,2245000.0
10650913,1,0.0,0.0,1.0,0.0,0.0,0.0,0.0,1.0,0.0,0.0,0.0,0.0,0.0,0.0,0.0,0.0,0.0,1.0,0.1469387755102041,0.2727272727272727,0.18181818181818182,0.0,0.16666666666666666,3,7,0,0,0,0,0,1,0.0,0.8200000000000001,0.00020174583509478846,250000.0
10650909,0,0.0,1.0,0.0,1.0,0.0,0.0,0.0,0.0,0.0,0.0,0.0,0.0,0.0,0.0,1.0,0.0,0.0,0.0,0.051020408163265314,0.0,0.09090909090909091,0.0,0.05555555555555555,3,4,0,0,0,0,0,0,0.0,0.0,0.0,290000.0
10650912,1,0.0,0.0,1.0,0.0,0.0,0.0,0.0,1.0,0.0,0.0,0.0,0.0,0.0,0.0,0.0,0.0,0.0,1.0,0.1969387755102041,0.1818181818181818,0.09090909090909091,0.07142857142857142,0.05555555555555555,0,5,0,0,0,0,1,1,0.04,0.0,0.0,218500.0
10650914,1,0.0,1.0,0.0,0.0,0.0,0.0,1.0,0.0,0.0,0.0,0.0,0.0,0.0,0.0,0.0,1.0,0.0,0.0,0.1163265306122449,0.1818181818181818,0.09090909090909091,0.0,0.05555555555555555,5,6,0,0,0,0,1,1,0.5650000000000001,0.3,0.0006510888314422719,465000.0
10650917,1,0.0,0.0,1.0,0.0,0.0,0.0,0.0,0.0,0.0,0.0,0.0,0.0,1.0,0.0,0.0,0.0,0.0,1.0,0.20816326530612247,0.2727272727272727,0.18181818181818182,0.0,0.0,3,4,0,0,0,0,0,1,0.0,0.3,0.0012865882119908554,448000.0
10650916,1,0.0,0.0,1.0,0.0,0.0,0.0,0.0,0.0,0.0,0.0,0.0,1.0,0.0,0.0,0.0,0.0,1.0,0.0,0.12653061224489798,0.1818181818181818,0.18181818181818182,0.14285714285714285,0.1111111111111111,1,2,0,0,0,0,1,1,1.0,0.68,0.0012920903711298043,420000.0
10650921,1,0.0,0.0,1.0,0.0,0.0,0.0,0.0,0.0,0.0,0.0,0.0,0.0,1.0,0.0,0.0,0.0,1.0,0.0,0.3448979591836735,0.36363636363636365,0.2727272727272727,0.21428571428571427,0.16666666666666666,3,3,0,0,1,0,1,1,1.0,0.0,0.0026061893788154036,995000.0
10650922,0,0.0,0.0,1.0,0.0,0.0,0.0,0.0,1.0,0.0,0.0,0.0,0.0,0.0,0.0,0.0,0.0,1.0,0.0,0.05510204081632653,0.0,0.09090909090909091,0.07142857142857142,0.05555555555555555,1,4,0,0,0,0,0,0,0.0,0.0,0.0,139000.0
10650923,1,0.0,1.0,0.0,1.0,0.0,0.0,0.0,0.0,0.0,0.0,0.0,0.0,0.0,0.0,0.0,0.0,1.0,0.0,0.163265306122449,0.1818181818181818,0.09090909090909091,0.0,0.1111111111111111,1,1,0,0,0,0,0,1,0.0,0.0,0.00019165854334004902,875000.0
10650920,1,0.0,0.0,1.0,0.0,0.0,0.0,0.0,0.0,0.0,0.0,0.0,0.0,1.0,0.0,0.0,0.0,0.0,1.0,0.10714285714285715,0.1818181818181818,0.09090909090909091,0.07142857142857142,0.1111111111111111,3,5,0,0,0,0,1,1,0.9,0.2,0.0009564586636539289,385000.0
10650928,0,0.0,1.0,0.0,1.0,0.0,0.0,0.0,0.0,0.0,0.0,0.0,0.0,0.0,0.0,0.0,0.0,0.0,1.0,0.17244897959183675,0.1818181818181818,0.18181818181818182,0.0,0.0,1,0,1,0,0,0,1,1,0.017,1.0,0.0,567000.0
10650925,0,1.0,0.0,0.0,0.0,1.0,0.0,0.0,0.0,0.0,0.0,0.0,0.0,0.0,0.0,0.0,1.0,0.0,0.0,0.04591836734693878,0.0,0.09090909090909091,0.07142857142857142,0.05555555555555555,1,7,1,0,0,0,0,1,0.0,0.04,0.0,249000.0
10650927,1,0.0,1.0,0.0,1.0,0.0,0.0,0.0,0.0,0.0,0.0,0.0,0.0,0.0,0.0,0.0,0.0,0.0,1.0,0.2663265306122449,0.2727272727272727,0.18181818181818182,0.0,0.0,1,2,0,0,0,0,0,1,0.0,0.0,0.000999558910242361,585000.0
10650926,0,1.0,0.0,0.0,0.0,1.0,0.0,0.0,0.0,0.0,0.0,0.0,0.0,0.0,0.0,0.0,1.0,0.0,0.0,0.05408163265306123,0.09090909090909091,0.09090909090909091,0.0,0.05555555555555555,3,7,1,0,0,0,0,1,0.0,0.16,0.0,180000.0
10650933,0,1.0,0.0,0.0,0.0,1.0,0.0,0.0,0.0,0.0,0.0,0.0,0.0,0.0,0.0,0.0,1.0,0.0,0.0,0.0816326530612245,0.0,0.09090909090909091,0.0,0.05555555555555555,3,7,0,0,0,0,0,0,0.0,0.0,0.0,265000.0
10650931,0,1.0,0.0,0.0,0.0,1.0,0.0,0.0,0.0,0.0,0.0,0.0,0.0,0.0,0.0,0.0,1.0,0.0,0.0,0.023469387755102045,0.0,0.09090909090909091,0.0,0.05555555555555555,3,6,1,0,0,0,0,0,0.0,0.0,0.0,199000.0
10650935,1,0.0,1.0,0.0,0.0,0.0,0.0,1.0,0.0,0.0,0.0,0.0,0.0,0.0,0.0,0.0,0.0,0.0,1.0,0.3877551020408163,0.36363636363636365,0.2727272727272727,0.0,0.0,3,3,0,0,1,0,0,1,0.0,0.0,0.001560779142415136,1095000.0
10650936,1,0.0,1.0,0.0,1.0,0.0,0.0,0.0,0.0,0.0,0.0,0.0,0.0,0.0,0.0,0.0,0.0,1.0,0.0,0.07040816326530613,0.1818181818181818,0.09090909090909091,0.0,0.0,5,6,0,0,0,0,0,0,0.0,0.0,0.00012746668671897998,210000.0
10650937,1,0.0,1.0,0.0,1.0,0.0,0.0,0.0,0.0,0.0,0.0,0.0,0.0,0.0,0.0,0.0,0.0,0.0,1.0,0.1836734693877551,0.1818181818181818,0.09090909090909091,0.0,0.0,0,0,0,0,0,0,0,1,0.0,0.0,0.0005043645877369712,425000.0
10650934,1,0.0,0.0,1.0,0.0,0.0,0.0,0.0,0.0,0.0,0.0,0.0,0.0,1.0,0.0,0.0,0.0,1.0,0.0,0.22448979591836737,0.36363636363636365,0.18181818181818182,0.14285714285714285,0.1111111111111111,4,5,0,0,0,0,1,1,0.6,0.15,0.0007611320142212473,415000.0
10650945,1,0.0,1.0,0.0,0.0,0.0,0.0,1.0,0.0,0.0,0.0,0.0,0.0,0.0,0.0,0.0,0.0,0.0,1.0,0.20204081632653065,0.1818181818181818,0.18181818181818182,0.0,0.0,0,2,0,0,0,0,0,1,0.0,0.0,0.0016974160943656973,525000.0
10650946,1,1.0,0.0,0.0,0.0,1.0,0.0,0.0,0.0,0.0,0.0,0.0,0.0,0.0,0.0,0.0,1.0,0.0,0.0,0.2857142857142857,0.2727272727272727,0.18181818181818182,0.14285714285714285,0.16666666666666666,4,7,0,0,1,0,1,1,0.26,0.4,0.00037964898058746556,649000.0
10650939,0,0.0,1.0,0.0,0.0,0.0,1.0,0.0,0.0,0.0,0.0,0.0,0.0,0.0,0.0,0.0,0.0,0.0,1.0,0.07755102040816328,0.09090909090909091,0.09090909090909091,0.0,0.05555555555555555,3,2,0,0,0,0,0,0,0.0,0.0,0.0,195000.0
10650947,1,0.0,1.0,0.0,0.0,0.0,1.0,0.0,0.0,0.0,0.0,0.0,0.0,0.0,0.0,0.0,1.0,0.0,0.0,0.10714285714285715,0.09090909090909091,0.09090909090909091,0.0,0.0,5,6,0,0,0,0,0,1,0.0,0.0,0.0003998235640969444,365000.0
10650938,1,0.0,1.0,0.0,0.0,0.0,1.0,0.0,0.0,0.0,0.0,0.0,0.0,0.0,0.0,0.0,0.0,1.0,0.0,0.15408163265306124,0.2727272727272727,0.18181818181818182,0.07142857142857142,0.1111111111111111,3,2,0,0,0,0,1,0,0.033,0.0,0.00016689882721477954,220000.0
10650941,0,1.0,0.0,0.0,0.0,1.0,0.0,0.0,0.0,0.0,0.0,0.0,0.0,0.0,0.0,0.0,1.0,0.0,0.0,0.11224489795918369,0.1818181818181818,0.18181818181818182,0.14285714285714285,0.1111111111111111,1,0,1,0,0,0,0,1,0.0,0.03,0.0,450000.0
10650940,1,0.0,1.0,0.0,1.0,0.0,0.0,0.0,0.0,0.0,0.0,0.0,0.0,0.0,0.0,0.0,1.0,0.0,0.0,0.1326530612244898,0.1818181818181818,0.09090909090909091,0.0,0.0,3,4,1,0,0,0,0,1,0.0,0.0,0.00019257556986320717,485000.0
10650960,1,0.0,1.0,0.0,0.0,0.0,0.0,0.0,0.0,0.0,0.0,0.0,0.0,0.0,1.0,0.0,0.0,0.0,1.0,0.11938775510204083,0.2727272727272727,0.09090909090909091,0.07142857142857142,0.05555555555555555,5,6,0,0,0,0,0,1,0.0,0.0,0.00038240006015693995,310000.0
10650966,0,1.0,0.0,0.0,0.0,1.0,0.0,0.0,0.0,0.0,0.0,0.0,0.0,0.0,0.0,0.0,0.0,0.0,1.0,0.051020408163265314,0.09090909090909091,0.09090909090909091,0.0,0.05555555555555555,4,0,1,0,0,0,0,1,0.0,0.14,0.0,269000.0
10650948,0,0.0,1.0,0.0,0.0,0.0,1.0,0.0,0.0,0.0,0.0,0.0,0.0,0.0,0.0,1.0,0.0,0.0,0.0,0.04897959183673469,0.0,0.09090909090909091,0.0,0.0,1,2,0,0,0,0,1,1,0.03,0.0,0.0,335000.0
10650959,0,1.0,0.0,0.0,0.0,1.0,0.0,0.0,0.0,0.0,0.0,0.0,0.0,0.0,0.0,0.0,0.0,1.0,0.0,0.09183673469387757,0.1818181818181818,0.18181818181818182,0.0,0.1111111111111111,1,3,1,0,0,0,0,1,0.0,0.04,0.0,395000.0
10650975,1,0.0,0.0,1.0,0.0,0.0,0.0,0.0,1.0,0.0,0.0,0.0,0.0,0.0,0.0,0.0,0.0,1.0,0.0,0.1969387755102041,0.1818181818181818,0.09090909090909091,0.0,0.0,3,3,0,0,0,0,0,1,0.0,0.0,0.00021091610032636975,270000.0
10650973,1,0.0,1.0,0.0,0.0,0.0,1.0,0.0,0.0,0.0,0.0,0.0,0.0,0.0,0.0,0.0,0.0,0.0,1.0,0.1836734693877551,0.1818181818181818,0.09090909090909091,0.0,0.1111111111111111,1,0,0,0,0,0,0,1,0.0,0.0,0.0003182082035358709,335000.0
10650970,1,1.0,0.0,0.0,0.0,1.0,0.0,0.0,0.0,0.0,0.0,0.0,0.0,0.0,0.0,0.0,0.0,0.0,1.0,0.20714285714285716,0.2727272727272727,0.09090909090909091,0.0,0.05555555555555555,3,6,0,0,0,0,1,1,0.386,0.15,0.0003539722379390379,785000.0
10650980,0,1.0,0.0,0.0,0.0,1.0,0.0,0.0,0.0,0.0,0.0,0.0,0.0,0.0,0.0,0.0,0.0,0.0,1.0,0.012244897959183675,0.0,0.09090909090909091,0.0,0.05555555555555555,1,6,0,0,0,0,0,0,0.0,0.0,0.0,149000.0
10650976,1,0.0,0.0,1.0,0.0,0.0,0.0,0.0,1.0,0.0,0.0,0.0,0.0,0.0,0.0,0.0,0.0,1.0,0.0,0.21020408163265308,0.1818181818181818,0.09090909090909091,0.0,0.0,3,4,0,0,0,0,0,1,0.0,0.0,0.0003787319540643074,299000.0
10650974,1,0.0,0.0,1.0,0.0,0.0,0.0,0.0,1.0,0.0,0.0,0.0,0.0,0.0,0.0,0.0,0.0,0.0,1.0,0.07346938775510206,0.09090909090909091,0.09090909090909091,0.0,0.05555555555555555,0,7,0,0,0,0,0,1,0.0,0.13,0.0,195000.0
10650993,1,0.0,1.0,0.0,0.0,0.0,1.0,0.0,0.0,0.0,0.0,0.0,0.0,0.0,0.0,0.0,0.0,1.0,0.0,0.1295918367346939,0.1818181818181818,0.09090909090909091,0.0,0.1111111111111111,0,1,0,1,0,0,0,1,0.0,0.0,0.00013205181933477063,330000.0
10651004,0,0.0,1.0,0.0,0.0,0.0,1.0,0.0,0.0,0.0,0.0,0.0,0.0,0.0,0.0,0.0,0.0,0.0,1.0,0.06122448979591837,0.09090909090909091,0.09090909090909091,0.0,0.05555555555555555,3,1,1,0,0,0,0,1,0.0,0.0,0.0,215000.0
10650989,1,1.0,0.0,0.0,0.0,1.0,0.0,0.0,0.0,0.0,0.0,0.0,0.0,0.0,0.0,0.0,1.0,0.0,0.0,0.14489795918367349,0.1818181818181818,0.09090909090909091,0.0,0.1111111111111111,5,7,0,0,0,0,0,1,0.0,0.07,0.0,475000.0
10650988,1,0.0,1.0,0.0,0.0,0.0,0.0,1.0,0.0,0.0,0.0,0.0,0.0,0.0,0.0,0.0,1.0,0.0,0.0,0.21020408163265308,0.4545454545454545,0.18181818181818182,0.0,0.0,0,6,0,0,0,0,0,1,0.0,0.0,0.0009903886450107796,615000.0
10651007,0,0.0,0.0,1.0,0.0,0.0,0.0,0.0,0.0,0.0,0.0,0.0,1.0,0.0,0.0,1.0,0.0,0.0,0.0,0.0673469387755102,0.09090909090909091,0.09090909090909091,0.0,0.05555555555555555,3,4,1,0,0,0,0,1,0.0,0.0,0.0,179000.0
10650996,0,0.0,1.0,0.0,0.0,0.0,0.0,0.0,0.0,0.0,0.0,0.0,0.0,0.0,1.0,0.0,0.0,0.0,1.0,0.1142857142857143,0.1818181818181818,0.09090909090909091,0.0,0.05555555555555555,3,2,0,0,0,0,0,0,0.0,0.0,0.0,949000.0
10650994,1,0.0,1.0,0.0,0.0,0.0,1.0,0.0,0.0,0.0,0.0,0.0,0.0,0.0,0.0,0.0,0.0,0.0,1.0,0.2510204081632653,0.1818181818181818,0.09090909090909091,0.0,0.1111111111111111,4,6,0,1,0,0,0,1,0.0,0.0,0.0005777267095896215,389500.0
10651008,1,0.0,1.0,0.0,0.0,0.0,0.0,1.0,0.0,0.0,0.0,0.0,0.0,0.0,0.0,0.0,0.0,0.0,1.0,0.25510204081632654,0.2727272727272727,0.18181818181818182,0.0,0.0,1,3,0,0,0,0,1,1,1.0,0.35000000000000003,0.0011004318277897552,699000.0
10650997,0,0.0,1.0,0.0,0.0,0.0,0.0,0.0,0.0,0.0,0.0,0.0,0.0,0.0,1.0,0.0,0.0,1.0,0.0,0.17755102040816328,0.36363636363636365,0.09090909090909091,0.0,0.1111111111111111,3,4,1,0,0,0,0,1,0.0,0.15,0.0,750000.0
10651009,1,0.0,1.0,0.0,0.0,0.0,0.0,1.0,0.0,0.0,0.0,0.0,0.0,0.0,0.0,0.0,0.0,0.0,1.0,0.25510204081632654,0.2727272727272727,0.18181818181818182,0.0,0.0,1,3,0,0,0,0,1,1,1.0,0.35000000000000003,0.0011004318277897552,699000.0
10651011,0,1.0,0.0,0.0,0.0,1.0,0.0,0.0,0.0,0.0,0.0,0.0,0.0,0.0,0.0,0.0,0.0,0.0,1.0,0.07142857142857142,0.09090909090909091,0.18181818181818182,0.0,0.05555555555555555,3,5,1,0,0,0,0,1,0.0,0.06,0.0,399000.0
10651021,0,1.0,0.0,0.0,0.0,1.0,0.0,0.0,0.0,0.0,0.0,0.0,0.0,0.0,0.0,0.0,1.0,0.0,0.0,0.06122448979591837,0.09090909090909091,0.09090909090909091,0.07142857142857142,0.05555555555555555,1,0,1,0,0,0,0,1,0.0,0.17,0.0,225000.0
10651014,0,0.0,1.0,0.0,1.0,0.0,0.0,0.0,0.0,0.0,0.0,0.0,0.0,0.0,0.0,0.0,1.0,0.0,0.0,0.0326530612244898,0.0,0.09090909090909091,0.0,0.05555555555555555,1,2,1,0,0,0,0,1,0.0,0.02,0.0,270000.0
10651020,1,0.0,1.0,0.0,0.0,0.0,0.0,0.0,0.0,0.0,0.0,0.0,0.0,0.0,1.0,0.0,0.0,0.0,1.0,0.43367346938775514,0.8181818181818182,0.5454545454545454,0.0,0.0,0,2,0,0,0,0,0,1,0.0,0.0,0.0010408251037844769,1500000.0
10651019,1,0.0,1.0,0.0,0.0,0.0,0.0,0.0,0.0,0.0,0.0,0.0,0.0,0.0,1.0,0.0,0.0,0.0,1.0,0.23469387755102042,0.1818181818181818,0.09090909090909091,0.0,0.0,0,3,0,0,0,0,0,1,0.0,0.0,0.0008115684729949445,425000.0
10651023,1,0.0,1.0,0.0,0.0,0.0,0.0,0.0,0.0,0.0,0.0,0.0,0.0,0.0,1.0,0.0,0.0,1.0,0.0,0.27040816326530615,0.36363636363636365,0.18181818181818182,0.14285714285714285,0.16666666666666666,1,2,0,0,0,0,1,1,1.0,0.0,0.0024759716125269493,3595000.0
10651026,0,0.0,1.0,0.0,1.0,0.0,0.0,0.0,0.0,0.0,0.0,0.0,0.0,0.0,0.0,0.0,1.0,0.0,0.0,0.06122448979591837,0.0,0.09090909090909091,0.0,0.0,1,1,1,0,0,0,0,1,0.0,0.09,0.0,236000.0
10651024,1,0.0,0.0,1.0,0.0,0.0,0.0,0.0,1.0,0.0,0.0,0.0,0.0,0.0,0.0,0.0,1.0,0.0,0.0,0.05204081632653062,0.0,0.09090909090909091,0.07142857142857142,0.05555555555555555,4,7,0,0,0,0,0,0,0.0,0.0,0.0,90000.0
10651027,0,0.0,1.0,0.0,1.0,0.0,0.0,0.0,0.0,0.0,0.0,0.0,0.0,0.0,0.0,1.0,0.0,0.0,0.0,0.07346938775510206,0.09090909090909091,0.09090909090909091,0.07142857142857142,0.05555555555555555,1,1,1,0,0,0,0,1,0.0,0.08,0.0,299500.0
10651031,0,0.0,1.0,0.0,0.0,0.0,1.0,0.0,0.0,0.0,0.0,0.0,0.0,0.0,0.0,0.0,0.0,0.0,1.0,0.08265306122448982,0.09090909090909091,0.09090909090909091,0.0,0.05555555555555555,1,0,1,0,0,0,1,1,0.308,0.13,0.0,349000.0
10651033,1,0.0,1.0,0.0,0.0,0.0,1.0,0.0,0.0,0.0,0.0,0.0,0.0,0.0,0.0,0.0,0.0,0.0,1.0,0.13571428571428573,0.1818181818181818,0.09090909090909091,0.0,0.1111111111111111,3,3,0,0,0,0,0,1,0.0,0.0,0.0003062868587348152,269000.0
10651030,1,0.0,1.0,0.0,1.0,0.0,0.0,0.0,0.0,0.0,0.0,0.0,0.0,0.0,0.0,0.0,0.0,0.0,1.0,0.20408163265306126,0.1818181818181818,0.18181818181818182,0.0,0.1111111111111111,5,6,0,0,0,0,1,1,0.2,0.0,0.00028978038131796885,369000.0
10651032,0,0.0,1.0,0.0,0.0,0.0,1.0,0.0,0.0,0.0,0.0,0.0,0.0,0.0,0.0,0.0,0.0,0.0,1.0,0.0653061224489796,0.0,0.09090909090909091,0.0,0.05555555555555555,1,0,1,0,0,0,0,1,0.0,0.07,0.0,249000.0
10651034,0,0.0,0.0,1.0,0.0,0.0,0.0,0.0,1.0,0.0,0.0,0.0,0.0,0.0,0.0,0.0,0.0,1.0,0.0,0.07755102040816328,0.09090909090909091,0.09090909090909091,0.0,0.1111111111111111,1,2,1,0,0,0,0,0,0.0,0.0,0.0,199000.0
10651035,1,0.0,1.0,0.0,0.0,0.0,0.0,0.0,0.0,1.0,0.0,0.0,0.0,0.0,0.0,0.0,0.0,1.0,0.0,0.09183673469387757,0.09090909090909091,0.09090909090909091,0.0,0.1111111111111111,0,3,0,0,0,0,1,1,0.1,0.15,0.0002769420099937551,215000.0
10651039,0,1.0,0.0,0.0,0.0,1.0,0.0,0.0,0.0,0.0,0.0,0.0,0.0,0.0,0.0,0.0,1.0,0.0,0.0,0.07551020408163267,0.1818181818181818,0.09090909090909091,0.0,0.05555555555555555,3,2,1,0,0,0,0,1,0.0,0.21,0.0,269000.0
10651036,1,0.0,1.0,0.0,0.0,0.0,0.0,0.0,0.0,1.0,0.0,0.0,0.0,0.0,0.0,0.0,0.0,1.0,0.0,0.1785714285714286,0.1818181818181818,0.09090909090909091,0.0,0.1111111111111111,3,3,0,0,0,0,1,1,0.5700000000000001,0.3,0.0009032711253107574,296000.0
10651041,0,0.0,0.0,1.0,0.0,0.0,0.0,0.0,0.0,0.0,0.0,1.0,0.0,0.0,0.0,0.0,0.0,0.0,1.0,0.07653061224489796,0.09090909090909091,0.09090909090909091,0.0,0.05555555555555555,1,2,0,1,0,0,0,1,0.0,0.0,0.0,320000.0
10651040,0,1.0,0.0,0.0,0.0,1.0,0.0,0.0,0.0,0.0,0.0,0.0,0.0,0.0,0.0,0.0,1.0,0.0,0.0,0.05816326530612246,0.09090909090909091,0.09090909090909091,0.0,0.05555555555555555,0,6,1,0,0,0,0,1,0.0,0.0,0.0,222500.0
10651046,1,1.0,0.0,0.0,0.0,1.0,0.0,0.0,0.0,0.0,0.0,0.0,0.0,0.0,0.0,0.0,1.0,0.0,0.0,0.3377551020408163,0.4545454545454545,0.2727272727272727,0.07142857142857142,0.16666666666666666,5,7,0,0,0,0,1,1,0.15,0.4,0.0,799000.0
10651048,1,1.0,0.0,0.0,0.0,1.0,0.0,0.0,0.0,0.0,0.0,0.0,0.0,0.0,0.0,0.0,0.0,0.0,1.0,0.2285714285714286,0.36363636363636365,0.2727272727272727,0.21428571428571427,0.2222222222222222,1,6,0,0,0,0,0,1,0.0,0.05,0.0,840000.0
10651049,1,1.0,0.0,0.0,0.0,1.0,0.0,0.0,0.0,0.0,0.0,0.0,0.0,0.0,0.0,0.0,1.0,0.0,0.0,0.1836734693877551,0.36363636363636365,0.18181818181818182,0.14285714285714285,0.16666666666666666,3,4,0,0,0,0,1,0,0.03,0.0,9.170265231581294e-05,795000.0
10651052,1,0.0,0.0,1.0,0.0,0.0,0.0,0.0,0.0,0.0,1.0,0.0,0.0,0.0,0.0,0.0,0.0,0.0,1.0,0.3836734693877551,0.2727272727272727,0.09090909090909091,0.07142857142857142,0.1111111111111111,3,4,0,0,0,0,1,1,1.0,0.0,0.011921344801055682,735000.0
10651053,1,0.0,1.0,0.0,0.0,0.0,0.0,1.0,0.0,0.0,0.0,0.0,0.0,0.0,0.0,0.0,0.0,0.0,1.0,0.1836734693877551,0.1818181818181818,0.09090909090909091,0.0,0.0,3,3,0,0,0,0,0,1,0.0,0.0,0.0002650206651926994,410000.0
10651054,0,0.0,1.0,0.0,0.0,0.0,0.0,1.0,0.0,0.0,0.0,0.0,0.0,0.0,0.0,0.0,0.0,0.0,1.0,0.08469387755102042,0.09090909090909091,0.09090909090909091,0.0,0.05555555555555555,1,3,0,0,0,0,0,1,0.0,0.0,0.0,319000.0
10651055,1,0.0,1.0,0.0,1.0,0.0,0.0,0.0,0.0,0.0,0.0,0.0,0.0,0.0,0.0,0.0,0.0,0.0,1.0,0.1306122448979592,0.1818181818181818,0.09090909090909091,0.0,0.05555555555555555,4,6,0,0,0,0,0,1,0.0,0.0,0.00036681060926325174,285000.0
10651060,0,0.0,1.0,0.0,0.0,0.0,0.0,1.0,0.0,0.0,0.0,0.0,0.0,0.0,0.0,0.0,0.0,0.0,1.0,0.08673469387755103,0.1818181818181818,0.09090909090909091,0.0,0.1111111111111111,0,0,1,0,0,0,0,1,0.0,0.2,0.0,412120.0
10651056,0,1.0,0.0,0.0,0.0,1.0,0.0,0.0,0.0,0.0,0.0,0.0,0.0,0.0,0.0,0.0,1.0,0.0,0.0,0.07142857142857142,0.09090909090909091,0.09090909090909091,0.0,0.05555555555555555,3,3,1,0,0,0,0,0,0.0,0.0,0.0,365000.0
10651061,0,0.0,1.0,0.0,0.0,0.0,0.0,1.0,0.0,0.0,0.0,0.0,0.0,0.0,0.0,0.0,0.0,0.0,1.0,0.06122448979591837,0.09090909090909091,0.09090909090909091,0.0,0.1111111111111111,0,0,1,0,0,0,0,1,0.0,0.11,0.0,326634.0
10651062,0,0.0,1.0,0.0,0.0,0.0,0.0,1.0,0.0,0.0,0.0,0.0,0.0,0.0,0.0,0.0,0.0,0.0,1.0,0.11836734693877551,0.1818181818181818,0.09090909090909091,0.0,0.1111111111111111,0,0,1,0,0,0,0,1,0.0,0.24,0.0,491704.0
10651064,1,0.0,0.0,1.0,0.0,0.0,0.0,0.0,0.0,0.0,1.0,0.0,0.0,0.0,0.0,0.0,0.0,0.0,1.0,0.10204081632653061,0.09090909090909091,0.18181818181818182,0.14285714285714285,0.1111111111111111,3,4,0,0,0,0,0,1,0.0,0.1,0.0011096020930213364,179000.0
10651067,1,0.0,0.0,1.0,0.0,0.0,0.0,0.0,0.0,0.0,1.0,0.0,0.0,0.0,0.0,0.0,0.0,0.0,1.0,0.1306122448979592,0.1818181818181818,0.09090909090909091,0.07142857142857142,0.1111111111111111,3,1,0,0,1,0,1,1,0.75,0.4,0.0011719598965960892,399000.0
10651063,0,0.0,1.0,0.0,0.0,0.0,0.0,1.0,0.0,0.0,0.0,0.0,0.0,0.0,0.0,0.0,0.0,0.0,1.0,0.08061224489795918,0.09090909090909091,0.09090909090909091,0.0,0.1111111111111111,0,0,1,0,0,0,0,1,0.0,0.09,0.0,390392.0
10651068,1,0.0,0.0,1.0,0.0,0.0,0.0,0.0,0.0,0.0,1.0,0.0,0.0,0.0,0.0,1.0,0.0,0.0,0.0,0.09183673469387757,0.09090909090909091,0.09090909090909091,0.07142857142857142,0.1111111111111111,4,6,0,0,0,0,1,1,0.1,0.0,0.00019257556986320717,189000.0
10651070,1,1.0,0.0,0.0,0.0,1.0,0.0,0.0,0.0,0.0,0.0,0.0,0.0,0.0,0.0,0.0,1.0,0.0,0.0,0.3122448979591837,0.4545454545454545,0.18181818181818182,0.07142857142857142,0.16666666666666666,4,6,0,0,0,0,1,1,0.07,0.04,0.00019257556986320717,875000.0
10651071,0,1.0,0.0,0.0,0.0,1.0,0.0,0.0,0.0,0.0,0.0,0.0,0.0,0.0,0.0,0.0,0.0,1.0,0.0,0.030612244897959183,0.0,0.09090909090909091,0.07142857142857142,0.05555555555555555,3,7,0,0,0,0,0,0,0.0,0.0,0.0,240000.0
10651069,0,1.0,0.0,0.0,0.0,1.0,0.0,0.0,0.0,0.0,0.0,0.0,0.0,0.0,0.0,0.0,0.0,1.0,0.0,0.10204081632653061,0.09090909090909091,0.09090909090909091,0.3571428571428571,0.05555555555555555,1,7,1,0,0,0,0,1,0.0,0.2,0.0,475000.0
10651076,1,1.0,0.0,0.0,0.0,1.0,0.0,0.0,0.0,0.0,0.0,0.0,0.0,0.0,0.0,0.0,0.0,1.0,0.0,0.3122448979591837,0.4545454545454545,0.18181818181818182,0.07142857142857142,0.16666666666666666,4,6,0,0,0,0,1,1,0.07,0.04,0.00019257556986320717,875000.0
10651228,1,0.0,1.0,0.0,0.0,0.0,0.0,0.0,0.0,1.0,0.0,0.0,0.0,0.0,0.0,0.0,0.0,0.0,1.0,0.0816326530612245,0.1818181818181818,0.09090909090909091,0.07142857142857142,0.05555555555555555,0,6,0,0,0,0,0,1,0.0,0.0,0.0005337094364780313,240000.0
10651229,1,0.0,0.0,1.0,0.0,0.0,0.0,0.0,0.0,0.0,1.0,0.0,0.0,0.0,0.0,0.0,0.0,0.0,1.0,0.051020408163265314,0.0,0.09090909090909091,0.07142857142857142,0.05555555555555555,1,7,0,0,0,0,1,1,0.9500000000000001,0.17,0.0008711751970002228,225000.0
10651230,1,0.0,1.0,0.0,0.0,0.0,1.0,0.0,0.0,0.0,0.0,0.0,0.0,0.0,0.0,0.0,0.0,1.0,0.0,0.13877551020408166,0.1818181818181818,0.09090909090909091,0.0,0.1111111111111111,2,2,0,1,0,0,1,0,0.0,0.0,0.0002475971612526949,345000.0
10651232,1,0.0,1.0,0.0,1.0,0.0,0.0,0.0,0.0,0.0,0.0,0.0,0.0,0.0,0.0,0.0,0.0,0.0,1.0,0.2653061224489796,0.2727272727272727,0.09090909090909091,0.0,0.1111111111111111,0,3,0,0,0,0,0,1,0.0,0.0,0.00028244416913270385,385000.0
10651234,0,0.0,1.0,0.0,1.0,0.0,0.0,0.0,0.0,0.0,0.0,0.0,0.0,0.0,0.0,0.0,0.0,1.0,0.0,0.07653061224489796,0.09090909090909091,0.09090909090909091,0.0,0.05555555555555555,4,2,1,0,0,0,0,1,0.0,0.02,0.0,179000.0
10651236,1,0.0,1.0,0.0,1.0,0.0,0.0,0.0,0.0,0.0,0.0,0.0,0.0,0.0,0.0,0.0,0.0,0.0,1.0,0.18979591836734697,0.1818181818181818,0.09090909090909091,0.0,0.1111111111111111,1,1,0,0,0,0,0,1,0.0,0.0,0.0006419185662106905,1095000.0
10651237,1,0.0,1.0,0.0,1.0,0.0,0.0,0.0,0.0,0.0,0.0,0.0,0.0,0.0,0.0,0.0,0.0,0.0,1.0,0.2112244897959184,0.1818181818181818,0.18181818181818182,0.0,0.1111111111111111,5,5,0,0,0,0,0,1,0.0,0.0,0.0007574639081286148,479000.0
10651242,1,0.0,0.0,1.0,0.0,0.0,0.0,0.0,0.0,0.0,0.0,1.0,0.0,0.0,0.0,0.0,0.0,0.0,1.0,0.2479591836734694,0.2727272727272727,0.18181818181818182,0.14285714285714285,0.1111111111111111,5,6,0,0,0,0,0,1,0.0,0.0,0.00048052189813485975,198000.0
10651240,1,0.0,0.0,1.0,0.0,0.0,0.0,0.0,0.0,0.0,0.0,1.0,0.0,0.0,0.0,0.0,0.0,0.0,1.0,0.12040816326530615,0.1818181818181818,0.09090909090909091,0.0,0.0,1,1,0,0,0,0,0,1,0.0,0.5,0.0,415000.0
10651248,0,1.0,0.0,0.0,0.0,1.0,0.0,0.0,0.0,0.0,0.0,0.0,0.0,0.0,0.0,0.0,1.0,0.0,0.0,0.11224489795918369,0.1818181818181818,0.09090909090909091,0.07142857142857142,0.1111111111111111,1,5,1,0,0,0,0,1,0.0,0.1,0.0,275000.0
10651247,0,1.0,0.0,0.0,0.0,1.0,0.0,0.0,0.0,0.0,0.0,0.0,0.0,0.0,0.0,0.0,1.0,0.0,0.0,0.06122448979591837,0.09090909090909091,0.09090909090909091,0.07142857142857142,0.05555555555555555,4,6,1,0,0,0,0,1,0.0,0.08,0.0,199000.0
10651245,1,0.0,0.0,1.0,0.0,0.0,0.0,0.0,0.0,0.0,0.0,0.0,1.0,0.0,0.0,0.0,0.0,0.0,1.0,0.15816326530612246,0.1818181818181818,0.09090909090909091,0.07142857142857142,0.1111111111111111,4,4,0,0,0,0,1,1,0.65,0.85,0.0010169824141823655,255000.0
10651246,0,1.0,0.0,0.0,0.0,1.0,0.0,0.0,0.0,0.0,0.0,0.0,0.0,0.0,0.0,0.0,1.0,0.0,0.0,0.030612244897959183,0.0,0.09090909090909091,0.07142857142857142,0.05555555555555555,1,7,1,0,0,0,0,0,0.0,0.0,0.0,160000.0
10389109,1,0.0,0.0,1.0,0.0,0.0,0.0,0.0,0.0,0.0,0.0,0.0,1.0,0.0,0.0,0.0,1.0,0.0,0.0,0.21836734693877555,0.36363636363636365,0.18181818181818182,0.0,0.1111111111111111,5,5,0,1,0,0,1,1,0.35000000000000003,0.96,0.0006052375052843654,209000.0
10651255,1,0.0,1.0,0.0,0.0,0.0,1.0,0.0,0.0,0.0,0.0,0.0,0.0,0.0,0.0,0.0,0.0,1.0,0.0,0.1836734693877551,0.2727272727272727,0.09090909090909091,0.07142857142857142,0.1111111111111111,3,2,0,0,0,0,1,1,0.083,0.3,0.00018982449029373278,299000.0
10651249,1,0.0,0.0,1.0,0.0,0.0,0.0,0.0,1.0,0.0,0.0,0.0,0.0,0.0,0.0,0.0,0.0,1.0,0.0,0.2571428571428571,0.09090909090909091,0.09090909090909091,0.07142857142857142,0.05555555555555555,3,4,0,0,0,0,1,1,0.25,0.3,0.0006327483009791093,299000.0
10651256,1,0.0,1.0,0.0,0.0,0.0,1.0,0.0,0.0,0.0,0.0,0.0,0.0,0.0,0.0,0.0,0.0,0.0,1.0,0.17755102040816328,0.2727272727272727,0.09090909090909091,0.07142857142857142,0.1111111111111111,3,2,0,0,0,0,1,1,0.63,0.66,0.0008941008600791761,495000.0
10651268,0,0.0,1.0,0.0,0.0,0.0,1.0,0.0,0.0,0.0,0.0,0.0,0.0,0.0,0.0,0.0,1.0,0.0,0.0,0.13877551020408166,0.2727272727272727,0.09090909090909091,0.0,0.1111111111111111,3,3,0,0,0,0,0,1,0.0,0.26,0.0,354000.0
10651270,1,0.0,0.0,1.0,0.0,0.0,0.0,0.0,1.0,0.0,0.0,0.0,0.0,0.0,0.0,0.0,0.0,0.0,1.0,0.5010204081632653,0.2727272727272727,0.09090909090909091,0.0,0.1111111111111111,3,5,0,0,0,0,0,1,0.0,0.68,0.0005410456486632963,270000.0
10651272,0,0.0,1.0,0.0,0.0,0.0,0.0,1.0,0.0,0.0,0.0,0.0,0.0,0.0,0.0,0.0,0.0,0.0,1.0,0.07959183673469389,0.09090909090909091,0.09090909090909091,0.0,0.05555555555555555,0,0,1,1,0,0,0,1,0.0,0.1,0.0,349000.0
10651273,1,0.0,1.0,0.0,0.0,0.0,0.0,1.0,0.0,0.0,0.0,0.0,0.0,0.0,0.0,0.0,0.0,0.0,1.0,0.11938775510204083,0.1818181818181818,0.09090909090909091,0.0,0.05555555555555555,5,5,0,1,0,0,1,1,0.0,0.0,0.0014589891983445838,345000.0
10520202,1,0.0,0.0,1.0,0.0,0.0,0.0,0.0,0.0,0.0,0.0,1.0,0.0,0.0,0.0,0.0,0.0,0.0,1.0,0.2275510204081633,0.36363636363636365,0.09090909090909091,0.0,0.0,3,4,0,0,0,0,0,0,0.0,0.0,0.0013232692729171806,279000.0
10651274,1,0.0,1.0,0.0,0.0,0.0,0.0,1.0,0.0,0.0,0.0,0.0,0.0,0.0,0.0,0.0,0.0,0.0,1.0,0.1806122448979592,0.36363636363636365,0.09090909090909091,0.0,0.0,5,6,0,0,0,0,1,1,1.0,0.0,0.0014589891983445838,495000.0
10651276,1,0.0,0.0,1.0,0.0,0.0,0.0,0.0,1.0,0.0,0.0,0.0,0.0,0.0,0.0,0.0,0.0,0.0,1.0,0.22448979591836737,0.2727272727272727,0.09090909090909091,0.0,0.0,3,5,0,0,0,0,1,1,1.0,0.0,0.0018404722319783657,465000.0
10651277,1,0.0,0.0,1.0,0.0,0.0,0.0,0.0,1.0,0.0,0.0,0.0,0.0,0.0,0.0,0.0,0.0,0.0,1.0,0.22448979591836737,0.2727272727272727,0.09090909090909091,0.0,0.0,3,5,0,0,0,0,1,1,0.5,0.0,0.0018404722319783657,350000.0
10651278,1,0.0,0.0,1.0,0.0,0.0,0.0,0.0,1.0,0.0,0.0,0.0,0.0,0.0,0.0,0.0,0.0,0.0,1.0,0.22448979591836737,0.2727272727272727,0.09090909090909091,0.0,0.0,3,5,0,0,0,0,1,1,1.0,0.0,0.0018404722319783657,465000.0
10651279,1,0.0,0.0,1.0,0.0,0.0,0.0,0.0,1.0,0.0,0.0,0.0,0.0,0.0,0.0,0.0,0.0,0.0,1.0,0.22448979591836737,0.2727272727272727,0.09090909090909091,0.0,0.0,3,5,0,0,0,0,1,1,0.5,0.0,0.0018404722319783657,350000.0
10651286,1,0.0,0.0,1.0,0.0,0.0,0.0,0.0,0.0,0.0,1.0,0.0,0.0,0.0,0.0,0.0,1.0,0.0,0.0,0.4602040816326531,0.6363636363636364,0.2727272727272727,0.21428571428571427,0.3333333333333333,4,3,0,0,0,0,1,1,1.0,0.1,0.0017322631022457064,799000.0
10651289,1,0.0,1.0,0.0,1.0,0.0,0.0,0.0,0.0,0.0,0.0,0.0,0.0,0.0,0.0,0.0,0.0,1.0,0.0,0.17346938775510207,0.1818181818181818,0.09090909090909091,0.0,0.16666666666666666,3,4,0,0,0,0,0,0,0.0,0.0,0.0,325000.0
10651298,0,0.0,1.0,0.0,1.0,0.0,0.0,0.0,0.0,0.0,0.0,0.0,0.0,0.0,0.0,1.0,0.0,0.0,0.0,0.176530612244898,0.0,0.09090909090909091,0.0,0.0,3,2,1,0,0,0,0,0,0.0,0.0,0.0,739000.0
10651296,1,0.0,0.0,1.0,0.0,0.0,0.0,0.0,1.0,0.0,0.0,0.0,0.0,0.0,0.0,0.0,0.0,0.0,1.0,0.2673469387755102,0.4545454545454545,0.09090909090909091,0.07142857142857142,0.1111111111111111,4,5,0,0,0,0,1,1,0.9500000000000001,0.0,0.0010270697059371048,270000.0
10651295,1,0.0,0.0,1.0,0.0,0.0,0.0,0.0,1.0,0.0,0.0,0.0,0.0,0.0,0.0,0.0,0.0,0.0,1.0,0.2673469387755102,0.4545454545454545,0.09090909090909091,0.07142857142857142,0.1111111111111111,4,5,0,0,0,0,1,1,0.9500000000000001,0.0,0.0010270697059371048,270000.0
10651300,1,0.0,0.0,1.0,0.0,0.0,0.0,0.0,0.0,0.0,1.0,0.0,0.0,0.0,0.0,0.0,0.0,1.0,0.0,0.176530612244898,0.2727272727272727,0.2727272727272727,0.0,0.16666666666666666,0,1,0,0,0,0,0,1,0.0,0.38,0.0005117007999222362,615812.0
10651302,0,0.0,1.0,0.0,1.0,0.0,0.0,0.0,0.0,0.0,0.0,0.0,0.0,0.0,0.0,0.0,0.0,1.0,0.0,0.059183673469387764,0.09090909090909091,0.18181818181818182,0.14285714285714285,0.1111111111111111,1,1,1,0,0,0,0,1,0.0,0.15,0.0,305000.0
10651303,1,0.0,1.0,0.0,1.0,0.0,0.0,0.0,0.0,0.0,0.0,0.0,0.0,0.0,0.0,1.0,0.0,0.0,0.0,0.9602040816326531,0.7272727272727273,0.8181818181818182,0.0,0.0,3,0,1,0,0,0,0,1,0.0,0.0,0.0003787319540643074,3350000.0
10651305,1,0.0,0.0,1.0,0.0,0.0,0.0,0.0,1.0,0.0,0.0,0.0,0.0,0.0,0.0,0.0,0.0,0.0,1.0,0.6846938775510204,0.2727272727272727,0.09090909090909091,0.0,0.0,5,7,0,0,0,0,0,1,0.0,0.0,0.0004310024658843208,750000.0
10651307,1,0.0,1.0,0.0,1.0,0.0,0.0,0.0,0.0,0.0,0.0,0.0,0.0,0.0,0.0,0.0,0.0,0.0,1.0,0.15306122448979595,0.1818181818181818,0.09090909090909091,0.0,0.0,0,0,0,0,0,0,0,1,0.0,0.0,0.0004860240572738086,399000.0
10651308,1,0.0,1.0,0.0,1.0,0.0,0.0,0.0,0.0,0.0,0.0,0.0,0.0,0.0,0.0,0.0,0.0,1.0,0.0,0.19387755102040818,0.2727272727272727,0.09090909090909091,0.0,0.0,0,0,0,0,0,0,0,1,0.0,0.0,0.00048052189813485975,449000.0
10651309,1,0.0,1.0,0.0,0.0,0.0,1.0,0.0,0.0,0.0,0.0,0.0,0.0,0.0,0.0,0.0,0.0,1.0,0.0,0.13877551020408166,0.1818181818181818,0.09090909090909091,0.0,0.1111111111111111,2,2,0,1,0,0,1,0,0.0,0.0,0.0,345000.0
10651310,0,0.0,0.0,1.0,0.0,0.0,0.0,0.0,1.0,0.0,0.0,0.0,0.0,0.0,0.0,0.0,0.0,1.0,0.0,0.10204081632653061,0.09090909090909091,0.09090909090909091,0.07142857142857142,0.05555555555555555,1,7,0,0,0,0,0,0,0.0,0.0,0.0,129000.0
10651324,1,0.0,1.0,0.0,0.0,0.0,0.0,0.0,0.0,0.0,0.0,0.0,0.0,0.0,1.0,0.0,0.0,1.0,0.0,0.0816326530612245,0.09090909090909091,0.09090909090909091,0.0,0.0,5,6,0,0,0,0,0,0,0.0,0.0,0.0,90000.0
10651328,1,0.0,1.0,0.0,0.0,0.0,0.0,0.0,0.0,0.0,0.0,0.0,0.0,0.0,1.0,0.0,0.0,1.0,0.0,0.16122448979591839,0.2727272727272727,0.18181818181818182,0.0,0.16666666666666666,1,2,0,0,0,0,1,0,0.08700000000000001,0.0,0.0001907415168168909,329000.0
10651315,1,0.0,0.0,1.0,0.0,0.0,0.0,0.0,0.0,0.0,0.0,0.0,1.0,0.0,0.0,0.0,0.0,0.0,1.0,0.15816326530612246,0.1818181818181818,0.18181818181818182,0.0,0.16666666666666666,1,4,0,0,0,0,0,1,0.0,0.5,0.0018102103567141474,495000.0
10651330,1,0.0,1.0,0.0,0.0,0.0,1.0,0.0,0.0,0.0,0.0,0.0,0.0,0.0,0.0,0.0,0.0,0.0,1.0,0.11938775510204083,0.1818181818181818,0.09090909090909091,0.0,0.05555555555555555,4,6,0,1,0,0,0,0,0.0,0.0,0.0009537075840844546,359000.0
10651346,1,0.0,1.0,0.0,0.0,0.0,0.0,0.0,0.0,0.0,0.0,0.0,0.0,0.0,1.0,0.0,0.0,0.0,1.0,0.11836734693877551,0.09090909090909091,0.09090909090909091,0.0,0.0,4,4,0,0,0,0,0,0,0.0,0.0,0.00022925663078953234,299000.0
10651353,1,0.0,1.0,0.0,0.0,0.0,1.0,0.0,0.0,0.0,0.0,0.0,0.0,0.0,0.0,0.0,0.0,1.0,0.0,0.12244897959183676,0.09090909090909091,0.09090909090909091,0.0,0.1111111111111111,0,3,0,0,0,0,0,0,0.0,0.0,0.0,299900.0
10651361,1,0.0,1.0,0.0,0.0,0.0,0.0,0.0,0.0,1.0,0.0,0.0,0.0,0.0,0.0,0.0,0.0,0.0,1.0,0.3142857142857143,0.36363636363636365,0.18181818181818182,0.0,0.05555555555555555,1,3,0,0,0,0,1,1,0.0,0.29,0.001814795489329938,650000.0
10651359,1,0.0,1.0,0.0,0.0,0.0,0.0,0.0,0.0,0.0,0.0,0.0,0.0,0.0,1.0,0.0,0.0,0.0,1.0,0.2112244897959184,0.1818181818181818,0.09090909090909091,0.0,0.1111111111111111,1,6,0,0,0,0,1,0,0.0,0.0,0.00020816502075689537,199000.0
10651345,0,0.0,1.0,0.0,0.0,0.0,0.0,0.0,0.0,0.0,0.0,0.0,0.0,0.0,1.0,0.0,0.0,0.0,1.0,0.15000000000000002,0.1818181818181818,0.18181818181818182,0.0,0.0,0,0,1,0,0,0,0,0,0.0,0.0,0.0,700000.0
10651362,1,0.0,1.0,0.0,0.0,0.0,0.0,0.0,0.0,1.0,0.0,0.0,0.0,0.0,0.0,0.0,0.0,0.0,1.0,0.2275510204081633,0.1818181818181818,0.09090909090909091,0.0,0.1111111111111111,1,1,0,0,0,0,1,1,0.0,0.8,0.00022650555122005793,420000.0
10651372,0,0.0,1.0,0.0,0.0,0.0,0.0,0.0,0.0,0.0,0.0,0.0,0.0,0.0,1.0,0.0,0.0,1.0,0.0,0.059183673469387764,0.2727272727272727,0.09090909090909091,0.0,0.05555555555555555,0,1,1,0,0,0,0,1,0.0,0.0,0.0,245000.0
10651367,1,0.0,1.0,0.0,0.0,0.0,1.0,0.0,0.0,0.0,0.0,0.0,0.0,0.0,0.0,0.0,0.0,0.0,1.0,0.15612244897959185,0.1818181818181818,0.09090909090909091,0.0,0.05555555555555555,0,6,0,0,0,0,1,1,0.0,0.0,0.0005502159138948776,245000.0
10651373,0,0.0,1.0,0.0,0.0,0.0,0.0,0.0,0.0,0.0,0.0,0.0,0.0,0.0,1.0,0.0,0.0,1.0,0.0,0.1275510204081633,0.1818181818181818,0.18181818181818182,0.0,0.1111111111111111,0,0,1,0,0,0,0,1,0.0,0.0,0.0,997000.0
10651374,0,0.0,1.0,0.0,0.0,0.0,1.0,0.0,0.0,0.0,0.0,0.0,0.0,0.0,0.0,0.0,1.0,0.0,0.0,0.1479591836734694,0.1818181818181818,0.18181818181818182,0.0,0.1111111111111111,0,0,1,1,0,0,0,0,0.0,0.0,0.0,399500.0
10651388,1,0.0,1.0,0.0,0.0,0.0,0.0,0.0,0.0,0.0,0.0,0.0,0.0,0.0,1.0,0.0,0.0,1.0,0.0,0.4102040816326531,0.2727272727272727,0.0,0.0,0.0,0,3,0,0,0,0,1,0,0.0,0.0,0.001183881241397145,1350000.0
10651392,0,0.0,1.0,0.0,0.0,0.0,1.0,0.0,0.0,0.0,0.0,0.0,0.0,0.0,0.0,1.0,0.0,0.0,0.0,0.022448979591836733,0.0,0.09090909090909091,0.0,0.0,1,4,0,0,0,0,0,0,0.0,0.0,0.0,210000.0
10651400,0,0.0,0.0,1.0,0.0,0.0,0.0,0.0,0.0,0.0,0.0,0.0,0.0,1.0,0.0,0.0,0.0,0.0,1.0,0.11734693877551022,0.1818181818181818,0.18181818181818182,0.0,0.1111111111111111,3,4,0,0,0,0,0,1,0.0,0.2,0.0,280000.0
10651397,1,0.0,0.0,1.0,0.0,0.0,0.0,0.0,0.0,0.0,0.0,0.0,0.0,1.0,0.0,0.0,0.0,0.0,1.0,0.25510204081632654,0.2727272727272727,0.18181818181818182,0.07142857142857142,0.16666666666666666,1,1,0,0,0,0,1,1,1.0,0.0,0.0016313901846983121,900500.0
10651403,1,0.0,0.0,1.0,0.0,0.0,0.0,0.0,0.0,0.0,0.0,0.0,1.0,0.0,0.0,0.0,0.0,0.0,1.0,0.10714285714285715,0.2727272727272727,0.09090909090909091,0.0,0.1111111111111111,5,6,0,0,0,0,0,1,0.0,0.0,0.0012205623023234702,250000.0
10651407,0,0.0,0.0,1.0,0.0,0.0,0.0,0.0,0.0,0.0,1.0,0.0,0.0,0.0,0.0,0.0,0.0,0.0,1.0,0.10612244897959186,0.1818181818181818,0.09090909090909091,0.07142857142857142,0.05555555555555555,3,3,0,0,0,0,1,1,0.046,0.21,0.0,239000.0
10651408,1,0.0,0.0,1.0,0.0,0.0,0.0,0.0,0.0,0.0,1.0,0.0,0.0,0.0,0.0,1.0,0.0,0.0,0.0,0.1112244897959184,0.2727272727272727,0.09090909090909091,0.07142857142857142,0.05555555555555555,5,7,0,0,0,0,1,1,0.028,0.27,6.87769892368597e-05,149000.0
10651404,1,0.0,0.0,1.0,0.0,0.0,0.0,0.0,0.0,0.0,0.0,0.0,1.0,0.0,0.0,0.0,0.0,0.0,1.0,0.07653061224489796,0.09090909090909091,0.09090909090909091,0.0,0.05555555555555555,3,4,0,0,0,0,0,1,0.0,0.0,0.00011737939496424056,195000.0
10651409,1,0.0,0.0,1.0,0.0,0.0,0.0,0.0,0.0,0.0,1.0,0.0,0.0,0.0,0.0,0.0,0.0,0.0,1.0,0.2142857142857143,0.36363636363636365,0.18181818181818182,0.14285714285714285,0.1111111111111111,3,5,0,0,0,0,1,0,0.339,0.0,0.00039615545800431186,235000.0
10651414,1,0.0,0.0,1.0,0.0,0.0,0.0,0.0,0.0,0.0,0.0,1.0,0.0,0.0,0.0,0.0,0.0,0.0,1.0,0.1806122448979592,0.5454545454545454,0.09090909090909091,0.0,0.1111111111111111,4,4,0,0,0,0,0,0,0.0,0.0,0.00010454102364002675,155000.0
10651415,1,0.0,0.0,1.0,0.0,0.0,0.0,0.0,1.0,0.0,0.0,0.0,0.0,0.0,0.0,0.0,1.0,0.0,0.0,0.2642857142857143,0.1818181818181818,0.09090909090909091,0.07142857142857142,0.1111111111111111,5,5,0,0,0,0,1,1,1.0,0.0,0.0016139666807583077,199999.0
10651416,1,0.0,0.0,1.0,0.0,0.0,0.0,0.0,1.0,0.0,0.0,0.0,0.0,0.0,0.0,0.0,0.0,0.0,1.0,0.06326530612244899,0.09090909090909091,0.09090909090909091,0.07142857142857142,0.05555555555555555,3,4,0,0,0,0,1,1,0.492,0.43,0.00045117704939379963,129999.0
10651413,1,0.0,1.0,0.0,0.0,0.0,1.0,0.0,0.0,0.0,0.0,0.0,0.0,0.0,0.0,0.0,0.0,0.0,1.0,0.24693877551020413,0.1818181818181818,0.09090909090909091,0.0,0.1111111111111111,3,5,0,0,0,0,0,1,0.0,0.0,0.00039157032538852124,245000.0
10651417,1,0.0,0.0,1.0,0.0,0.0,0.0,0.0,1.0,0.0,0.0,0.0,0.0,0.0,0.0,1.0,0.0,0.0,0.0,0.1479591836734694,0.1818181818181818,0.18181818181818182,0.14285714285714285,0.1111111111111111,4,5,0,0,0,0,0,1,0.0,0.3,2.751079569474388e-05,139999.0
10651418,1,0.0,0.0,1.0,0.0,0.0,0.0,0.0,1.0,0.0,0.0,0.0,0.0,0.0,0.0,0.0,0.0,0.0,1.0,0.20612244897959187,0.36363636363636365,0.18181818181818182,0.07142857142857142,0.1111111111111111,3,6,0,0,0,0,1,0,0.465,0.0,0.0008143195525644189,279999.0
10651423,0,0.0,1.0,0.0,1.0,0.0,0.0,0.0,0.0,0.0,0.0,0.0,0.0,0.0,0.0,0.0,0.0,0.0,1.0,0.06632653061224492,0.09090909090909091,0.09090909090909091,0.0,0.05555555555555555,1,2,0,0,0,0,0,0,0.0,0.0,0.0,285000.0
10651424,1,0.0,0.0,1.0,0.0,0.0,0.0,0.0,0.0,0.0,1.0,0.0,0.0,0.0,0.0,0.0,0.0,1.0,0.0,0.10408163265306122,0.1818181818181818,0.09090909090909091,0.0,0.1111111111111111,4,4,0,0,0,0,1,1,0.189,0.22,0.00022742257774321608,190000.0
10651425,1,0.0,0.0,1.0,0.0,0.0,0.0,0.0,0.0,0.0,1.0,0.0,0.0,0.0,0.0,0.0,0.0,1.0,0.0,0.13367346938775512,0.2727272727272727,0.18181818181818182,0.0,0.16666666666666666,3,4,0,0,0,0,1,1,1.0,0.13,0.0015616961689382943,420000.0
10651426,1,0.0,0.0,1.0,0.0,0.0,0.0,0.0,0.0,0.0,1.0,0.0,0.0,0.0,0.0,0.0,0.0,0.0,1.0,0.10102040816326532,0.1818181818181818,0.09090909090909091,0.0,0.1111111111111111,3,3,0,0,0,0,1,1,0.845,0.28,0.000872092223523381,349000.0
10651430,1,0.0,0.0,1.0,0.0,0.0,0.0,0.0,0.0,0.0,0.0,0.0,0.0,1.0,0.0,0.0,0.0,0.0,1.0,0.09387755102040818,0.1818181818181818,0.09090909090909091,0.0,0.05555555555555555,4,6,0,0,0,0,1,1,0.897,0.5,0.0009023540987875993,349000.0
10651428,1,0.0,0.0,1.0,0.0,0.0,0.0,0.0,0.0,0.0,0.0,1.0,0.0,0.0,0.0,0.0,0.0,1.0,0.0,0.19897959183673472,0.2727272727272727,0.09090909090909091,0.07142857142857142,0.16666666666666666,4,3,0,0,0,0,1,1,0.116,0.13,0.00017698611896951896,420000.0
10651432,1,0.0,0.0,1.0,0.0,0.0,0.0,0.0,1.0,0.0,0.0,0.0,0.0,0.0,0.0,0.0,0.0,1.0,0.0,0.09897959183673471,0.09090909090909091,0.09090909090909091,0.0,0.05555555555555555,4,4,0,0,0,0,1,1,0.137,0.07,0.00019257556986320717,135000.0
10651431,0,1.0,0.0,0.0,0.0,1.0,0.0,0.0,0.0,0.0,0.0,0.0,0.0,0.0,0.0,0.0,1.0,0.0,0.0,0.07346938775510206,0.0,0.09090909090909091,0.07142857142857142,0.1111111111111111,1,4,1,0,0,0,0,1,0.0,0.06,0.0,349000.0
10651433,1,0.0,0.0,1.0,0.0,0.0,0.0,0.0,0.0,0.0,1.0,0.0,0.0,0.0,0.0,0.0,1.0,0.0,0.0,0.1142857142857143,0.1818181818181818,0.09090909090909091,0.0,0.1111111111111111,4,3,0,0,0,0,1,1,0.074,0.0,0.0001430561376126682,215000.0
10651434,1,0.0,0.0,1.0,0.0,0.0,0.0,0.0,0.0,0.0,1.0,0.0,0.0,0.0,0.0,0.0,0.0,1.0,0.0,0.13571428571428573,0.09090909090909091,0.09090909090909091,0.0,0.05555555555555555,3,6,0,0,0,0,1,1,0.311,0.15,0.00040074059062010254,219000.0
10651435,1,0.0,0.0,1.0,0.0,0.0,0.0,0.0,1.0,0.0,0.0,0.0,0.0,0.0,0.0,0.0,1.0,0.0,0.0,0.1306122448979592,0.1818181818181818,0.09090909090909091,0.0,0.1111111111111111,3,5,0,0,0,0,1,1,0.188,0.0,0.00023842689602111364,155000.0
10651438,0,1.0,0.0,0.0,0.0,1.0,0.0,0.0,0.0,0.0,0.0,0.0,0.0,0.0,0.0,0.0,1.0,0.0,0.0,0.08775510204081632,0.09090909090909091,0.09090909090909091,0.07142857142857142,0.05555555555555555,3,6,1,0,0,0,0,1,0.0,0.04,0.0,295000.0
10651437,0,1.0,0.0,0.0,0.0,1.0,0.0,0.0,0.0,0.0,0.0,0.0,0.0,0.0,0.0,0.0,1.0,0.0,0.0,0.07959183673469389,0.09090909090909091,0.09090909090909091,0.07142857142857142,0.05555555555555555,4,7,1,0,0,0,0,1,0.0,0.15,0.0,299000.0
10651444,0,1.0,0.0,0.0,0.0,1.0,0.0,0.0,0.0,0.0,0.0,0.0,0.0,0.0,0.0,0.0,1.0,0.0,0.0,0.20510204081632655,0.1818181818181818,0.2727272727272727,0.21428571428571427,0.16666666666666666,1,5,0,0,0,0,1,1,0.046,0.46,0.0,825000.0
10651442,1,0.0,0.0,1.0,0.0,0.0,0.0,0.0,0.0,0.0,1.0,0.0,0.0,0.0,0.0,0.0,0.0,1.0,0.0,0.05612244897959184,0.1818181818181818,0.09090909090909091,0.07142857142857142,0.05555555555555555,3,6,0,0,0,0,1,1,0.02,0.14,8.528346665370602e-05,189000.0
10651481,1,0.0,1.0,0.0,1.0,0.0,0.0,0.0,0.0,0.0,0.0,0.0,0.0,0.0,0.0,0.0,0.0,0.0,1.0,0.15510204081632656,0.1818181818181818,0.09090909090909091,0.0,0.05555555555555555,1,1,0,0,0,0,0,0,0.0,0.0,0.00018248827810846775,375000.0
10651484,1,0.0,1.0,0.0,1.0,0.0,0.0,0.0,0.0,0.0,0.0,0.0,0.0,0.0,0.0,0.0,0.0,1.0,0.0,0.4285714285714286,0.6363636363636364,0.18181818181818182,0.0,0.2222222222222222,0,3,0,0,1,0,1,1,0.3,0.4,0.0005768096830664634,575000.0
10651490,0,0.0,0.0,1.0,0.0,0.0,0.0,0.0,1.0,0.0,0.0,0.0,0.0,0.0,0.0,1.0,0.0,0.0,0.0,0.08673469387755103,0.1818181818181818,0.09090909090909091,0.07142857142857142,0.05555555555555555,3,5,1,0,0,0,0,0,0.0,0.0,0.0,195000.0
10651493,0,0.0,1.0,0.0,1.0,0.0,0.0,0.0,0.0,0.0,0.0,0.0,0.0,0.0,0.0,0.0,0.0,0.0,1.0,0.14081632653061227,0.1818181818181818,0.09090909090909091,0.0,0.1111111111111111,1,2,1,0,0,0,0,1,0.0,0.0,0.0,489000.0
10651494,0,0.0,1.0,0.0,1.0,0.0,0.0,0.0,0.0,0.0,0.0,0.0,0.0,0.0,0.0,0.0,0.0,0.0,1.0,0.12653061224489798,0.1818181818181818,0.09090909090909091,0.0,0.05555555555555555,1,2,1,0,0,0,0,1,0.0,0.18,0.0,465000.0
10651492,1,0.0,0.0,1.0,0.0,0.0,0.0,0.0,0.0,0.0,1.0,0.0,0.0,0.0,0.0,0.0,0.0,1.0,0.0,0.09387755102040818,0.1818181818181818,0.2727272727272727,0.07142857142857142,0.0,4,7,0,0,0,0,0,1,0.0,0.23,0.00015589450893688199,149000.0
10651496,0,1.0,0.0,0.0,0.0,1.0,0.0,0.0,0.0,0.0,0.0,0.0,0.0,0.0,0.0,0.0,1.0,0.0,0.0,0.030612244897959183,0.0,0.09090909090909091,0.07142857142857142,0.05555555555555555,1,6,1,0,0,0,0,1,0.0,0.0,0.0,245000.0
10651498,1,0.0,1.0,0.0,1.0,0.0,0.0,0.0,0.0,0.0,0.0,0.0,0.0,0.0,0.0,0.0,0.0,1.0,0.0,0.03877551020408163,0.09090909090909091,0.09090909090909091,0.0,0.05555555555555555,5,4,0,0,0,0,0,0,0.0,0.0,2.934484874106014e-05,169000.0
10651525,1,0.0,1.0,0.0,1.0,0.0,0.0,0.0,0.0,0.0,0.0,0.0,0.0,0.0,0.0,0.0,0.0,0.0,1.0,0.27346938775510204,0.1818181818181818,0.09090909090909091,0.0,0.0,3,3,0,0,0,0,0,1,0.0,0.0,0.0016754074578099023,390000.0
10520435,1,0.0,1.0,0.0,0.0,0.0,0.0,1.0,0.0,0.0,0.0,0.0,0.0,0.0,0.0,0.0,0.0,0.0,1.0,0.15306122448979595,0.1818181818181818,0.09090909090909091,0.0,0.05555555555555555,5,0,0,1,0,0,1,0,1.0,0.0,0.0011004318277897552,299000.0
10651536,1,0.0,0.0,1.0,0.0,0.0,0.0,0.0,0.0,0.0,0.0,0.0,1.0,0.0,0.0,0.0,0.0,0.0,1.0,0.08877551020408164,0.1818181818181818,0.09090909090909091,0.0,0.1111111111111111,3,4,0,0,0,0,1,1,0.167,0.4,0.00022375447165058355,245000.0
10651541,1,0.0,1.0,0.0,0.0,0.0,0.0,0.0,0.0,0.0,0.0,0.0,0.0,0.0,1.0,0.0,0.0,0.0,1.0,0.16122448979591839,0.2727272727272727,0.18181818181818182,0.0,0.16666666666666666,1,2,0,0,0,0,1,1,0.14,0.25,0.00018890746377057464,489000.0
10651542,1,0.0,1.0,0.0,1.0,0.0,0.0,0.0,0.0,0.0,0.0,0.0,0.0,0.0,0.0,0.0,0.0,1.0,0.0,0.10204081632653061,0.09090909090909091,0.09090909090909091,0.0,0.05555555555555555,3,3,0,0,0,1,1,0,0.0,0.0,6.87769892368597e-05,249000.0
10651535,1,0.0,1.0,0.0,1.0,0.0,0.0,0.0,0.0,0.0,0.0,0.0,0.0,0.0,0.0,0.0,0.0,0.0,1.0,0.10612244897959186,0.09090909090909091,0.09090909090909091,0.0,0.05555555555555555,5,6,0,0,0,0,1,0,0.41000000000000003,0.0,0.0004658494737643297,260000.0
10651534,1,0.0,0.0,1.0,0.0,0.0,0.0,0.0,0.0,0.0,0.0,0.0,0.0,1.0,0.0,0.0,0.0,1.0,0.0,0.5918367346938775,0.9999999999999999,0.5454545454545454,0.0,0.38888888888888884,5,2,0,0,0,0,0,1,0.0,0.0,0.0020678948097215817,660000.0
10651543,1,0.0,1.0,0.0,0.0,0.0,0.0,0.0,0.0,0.0,0.0,0.0,0.0,0.0,1.0,0.0,0.0,0.0,1.0,0.18673469387755104,0.2727272727272727,0.09090909090909091,0.0,0.0,3,3,0,0,0,0,1,1,0.4,0.01,0.0005043645877369712,385000.0
10651555,0,1.0,0.0,0.0,0.0,1.0,0.0,0.0,0.0,0.0,0.0,0.0,0.0,0.0,0.0,0.0,0.0,0.0,1.0,0.14081632653061227,0.1818181818181818,0.09090909090909091,0.07142857142857142,0.1111111111111111,1,0,1,0,0,0,1,1,1.0,0.09,0.0,595000.0
10651561,0,1.0,0.0,0.0,0.0,1.0,0.0,0.0,0.0,0.0,0.0,0.0,0.0,0.0,0.0,1.0,0.0,0.0,0.0,0.018367346938775515,0.09090909090909091,0.18181818181818182,0.14285714285714285,0.1111111111111111,2,0,0,0,0,0,0,0,0.0,0.0,0.0,135000.0
10651554,1,0.0,0.0,1.0,0.0,0.0,0.0,0.0,0.0,0.0,0.0,0.0,1.0,0.0,0.0,0.0,0.0,1.0,0.0,0.1806122448979592,0.2727272727272727,0.18181818181818182,0.07142857142857142,0.1111111111111111,3,4,0,0,0,0,1,1,0.72,0.15,0.000984886485871831,399000.0
10651550,1,0.0,0.0,1.0,0.0,0.0,0.0,0.0,0.0,0.0,0.0,0.0,0.0,1.0,0.0,0.0,0.0,0.0,1.0,0.3163265306122449,0.36363636363636365,0.09090909090909091,0.07142857142857142,0.16666666666666666,1,2,0,1,0,0,1,1,0.3,0.35000000000000003,0.0,799000.0
10651563,0,1.0,0.0,0.0,0.0,1.0,0.0,0.0,0.0,0.0,0.0,0.0,0.0,0.0,0.0,1.0,0.0,0.0,0.0,0.14285714285714288,0.36363636363636365,0.2727272727272727,0.07142857142857142,0.05555555555555555,2,0,0,0,0,0,0,0,0.0,0.0,0.0,199000.0
10651564,0,1.0,0.0,0.0,0.0,1.0,0.0,0.0,0.0,0.0,0.0,0.0,0.0,0.0,0.0,0.0,1.0,0.0,0.0,0.051020408163265314,0.09090909090909091,0.18181818181818182,0.14285714285714285,0.05555555555555555,2,5,0,0,0,0,0,0,0.0,0.0,0.0,299000.0
10651562,0,1.0,0.0,0.0,0.0,1.0,0.0,0.0,0.0,0.0,0.0,0.0,0.0,0.0,0.0,1.0,0.0,0.0,0.0,0.051020408163265314,0.1818181818181818,0.2727272727272727,0.21428571428571427,0.16666666666666666,2,0,0,0,0,0,0,0,0.0,0.0,0.0,149000.0
10651567,1,1.0,0.0,0.0,0.0,1.0,0.0,0.0,0.0,0.0,0.0,0.0,0.0,0.0,0.0,1.0,0.0,0.0,0.0,0.1326530612244898,0.2727272727272727,0.18181818181818182,0.07142857142857142,0.05555555555555555,2,0,0,0,0,0,0,0,0.0,0.0,0.0,199000.0
10651569,1,0.0,1.0,0.0,1.0,0.0,0.0,0.0,0.0,0.0,0.0,0.0,0.0,0.0,0.0,0.0,0.0,0.0,1.0,0.2142857142857143,0.1818181818181818,0.09090909090909091,0.0,0.1111111111111111,0,0,0,0,0,0,0,0,0.0,0.0,0.0014709105431456395,860500.0
10651572,0,1.0,0.0,0.0,0.0,1.0,0.0,0.0,0.0,0.0,0.0,0.0,0.0,0.0,0.0,0.0,1.0,0.0,0.0,0.11224489795918369,0.1818181818181818,0.18181818181818182,0.07142857142857142,0.1111111111111111,1,3,0,0,0,0,0,1,0.0,0.6,0.0,545000.0
10651575,0,1.0,0.0,0.0,0.0,1.0,0.0,0.0,0.0,0.0,0.0,0.0,0.0,0.0,0.0,0.0,1.0,0.0,0.0,0.11224489795918369,0.1818181818181818,0.18181818181818182,0.0,0.1111111111111111,4,7,1,0,0,0,0,1,0.0,0.8,0.0,325000.0
10651574,1,0.0,1.0,0.0,1.0,0.0,0.0,0.0,0.0,0.0,0.0,0.0,0.0,0.0,0.0,0.0,0.0,1.0,0.0,0.5204081632653061,0.4545454545454545,0.2727272727272727,0.0,0.0,1,3,0,0,0,0,0,1,0.0,0.0,0.000935367053621292,1175000.0
10651577,1,0.0,1.0,0.0,0.0,0.0,0.0,1.0,0.0,0.0,0.0,0.0,0.0,0.0,0.0,0.0,0.0,0.0,1.0,0.2428571428571429,0.4545454545454545,0.18181818181818182,0.0,0.0,1,4,0,0,0,0,0,1,0.0,0.0,0.0005080326938296036,429000.0
10651584,0,0.0,1.0,0.0,0.0,0.0,0.0,1.0,0.0,0.0,0.0,0.0,0.0,0.0,0.0,0.0,0.0,0.0,1.0,0.06836734693877553,0.09090909090909091,0.09090909090909091,0.0,0.05555555555555555,3,2,0,0,0,0,0,1,0.0,0.0,0.0,335000.0
10651576,0,0.0,1.0,0.0,0.0,0.0,1.0,0.0,0.0,0.0,0.0,0.0,0.0,0.0,0.0,0.0,0.0,1.0,0.0,0.09183673469387757,0.09090909090909091,0.09090909090909091,0.0,0.0,3,3,0,0,0,0,0,1,0.0,0.0,0.0,249000.0
10651580,1,0.0,0.0,1.0,0.0,0.0,0.0,0.0,1.0,0.0,0.0,0.0,0.0,0.0,0.0,0.0,1.0,0.0,0.0,0.15204081632653063,0.1818181818181818,0.09090909090909091,0.07142857142857142,0.05555555555555555,3,3,0,0,0,0,1,1,0.25,0.3,0.0002934484874106014,185000.0
10651585,0,0.0,1.0,0.0,0.0,0.0,1.0,0.0,0.0,0.0,0.0,0.0,0.0,0.0,0.0,0.0,0.0,0.0,1.0,0.13469387755102044,0.1818181818181818,0.09090909090909091,0.0,0.1111111111111111,1,1,0,0,0,0,0,1,0.0,0.0,0.0,362000.0
10651588,1,0.0,1.0,0.0,0.0,0.0,0.0,1.0,0.0,0.0,0.0,0.0,0.0,0.0,0.0,0.0,0.0,0.0,1.0,0.28061224489795916,0.36363636363636365,0.18181818181818182,0.0,0.1111111111111111,4,6,0,0,0,0,0,0,0.0,0.0,0.0018423062850246817,499000.0
10651589,1,0.0,1.0,0.0,1.0,0.0,0.0,0.0,0.0,0.0,0.0,0.0,0.0,0.0,0.0,0.0,0.0,1.0,0.0,0.23775510204081637,0.2727272727272727,0.2727272727272727,0.0,0.0,2,3,0,0,0,0,0,1,0.0,0.0,0.0007336212185265035,595000.0
10651591,1,0.0,1.0,0.0,0.0,0.0,0.0,1.0,0.0,0.0,0.0,0.0,0.0,0.0,0.0,0.0,0.0,0.0,1.0,0.163265306122449,0.1818181818181818,0.09090909090909091,0.07142857142857142,0.16666666666666666,1,0,0,0,0,0,0,1,0.0,0.0,0.0002494312142990112,430000.0
10651590,1,0.0,1.0,0.0,0.0,0.0,0.0,1.0,0.0,0.0,0.0,0.0,0.0,0.0,0.0,0.0,0.0,0.0,1.0,0.1836734693877551,0.2727272727272727,0.09090909090909091,0.2857142857142857,0.05555555555555555,5,6,0,0,0,0,1,1,0.25,0.0,0.000453928128963274,459000.0
10651593,1,0.0,1.0,0.0,0.0,0.0,0.0,0.0,0.0,0.0,0.0,0.0,0.0,0.0,1.0,0.0,0.0,1.0,0.0,0.14183673469387756,0.1818181818181818,0.09090909090909091,0.0,0.1111111111111111,3,5,0,0,0,0,1,0,0.07,0.0,0.00021825231251163479,325000.0
10651595,1,1.0,0.0,0.0,0.0,1.0,0.0,0.0,0.0,0.0,0.0,0.0,0.0,0.0,0.0,0.0,1.0,0.0,0.0,0.14285714285714288,0.1818181818181818,0.09090909090909091,0.0,0.1111111111111111,4,7,0,0,0,0,0,1,0.0,0.18,0.0001687328802610958,435000.0
10651592,1,0.0,1.0,0.0,0.0,0.0,0.0,1.0,0.0,0.0,0.0,0.0,0.0,0.0,0.0,0.0,0.0,0.0,1.0,0.15306122448979595,0.1818181818181818,0.09090909090909091,0.07142857142857142,0.16666666666666666,1,0,0,0,0,0,0,1,0.0,0.0,0.00024851418777585305,430000.0
10651598,0,0.0,0.0,1.0,0.0,0.0,0.0,0.0,0.0,0.0,0.0,1.0,0.0,0.0,0.0,0.0,0.0,1.0,0.0,0.10102040816326532,0.09090909090909091,0.09090909090909091,0.0,0.0,0,2,1,0,0,0,0,1,0.0,0.09,0.0,390000.0
10651594,1,0.0,1.0,0.0,0.0,0.0,0.0,1.0,0.0,0.0,0.0,0.0,0.0,0.0,0.0,0.0,0.0,0.0,1.0,0.14489795918367349,0.2727272727272727,0.09090909090909091,0.0,0.0,4,6,0,0,0,0,0,1,0.0,0.0,0.0004126619354211582,345000.0
10651615,0,0.0,0.0,1.0,0.0,0.0,0.0,0.0,0.0,0.0,0.0,0.0,0.0,1.0,0.0,0.0,0.0,0.0,1.0,0.05306122448979592,0.0,0.09090909090909091,0.0,0.05555555555555555,1,1,1,0,0,0,0,1,0.0,0.14,0.0,299000.0
10651612,1,0.0,1.0,0.0,0.0,0.0,1.0,0.0,0.0,0.0,0.0,0.0,0.0,0.0,0.0,0.0,0.0,0.0,1.0,0.1489795918367347,0.1818181818181818,0.09090909090909091,0.07142857142857142,0.1111111111111111,5,6,0,0,0,0,1,1,0.125,0.0,0.0003750638479716749,315000.0
10651616,1,0.0,0.0,1.0,0.0,0.0,0.0,0.0,0.0,0.0,0.0,1.0,0.0,0.0,0.0,0.0,0.0,1.0,0.0,0.20816326530612247,0.1818181818181818,0.09090909090909091,0.0,0.0,0,4,0,0,0,0,0,0,0.0,0.0,0.0006896039454149132,345000.0
10651620,1,0.0,0.0,1.0,0.0,0.0,0.0,0.0,0.0,0.0,0.0,0.0,0.0,1.0,0.0,0.0,0.0,0.0,1.0,0.4020408163265306,0.2727272727272727,0.36363636363636365,0.0,0.2777777777777778,1,2,0,1,1,0,1,1,1.0,1.0,0.0022008636555795103,1650000.0
10651623,1,0.0,1.0,0.0,0.0,0.0,0.0,1.0,0.0,0.0,0.0,0.0,0.0,0.0,0.0,0.0,1.0,0.0,0.0,0.26326530612244897,0.1818181818181818,0.0,0.0,0.1111111111111111,3,3,0,0,0,0,1,1,0.3,0.0,0.0004190811210832651,425000.0
10651625,1,0.0,1.0,0.0,0.0,0.0,0.0,1.0,0.0,0.0,0.0,0.0,0.0,0.0,0.0,0.0,0.0,0.0,1.0,0.2857142857142857,0.36363636363636365,0.18181818181818182,0.0,0.16666666666666666,3,3,0,0,0,0,0,0,0.0,0.0,0.0013993824743393055,679000.0
10651638,1,0.0,1.0,0.0,0.0,0.0,0.0,1.0,0.0,0.0,0.0,0.0,0.0,0.0,0.0,0.0,0.0,1.0,0.0,0.08979591836734696,0.1818181818181818,0.0,0.0,0.1111111111111111,0,5,0,0,0,0,0,0,0.0,0.0,0.00015772856198319825,365000.0
10651629,1,0.0,0.0,1.0,0.0,0.0,0.0,0.0,0.0,0.0,1.0,0.0,0.0,0.0,0.0,0.0,0.0,0.0,1.0,0.25510204081632654,0.1818181818181818,0.09090909090909091,0.14285714285714285,0.2222222222222222,3,5,0,0,0,0,1,1,0.07,0.2,0.00039523843148115377,349000.0
10651640,0,0.0,1.0,0.0,0.0,0.0,0.0,1.0,0.0,0.0,0.0,0.0,0.0,0.0,0.0,0.0,0.0,1.0,0.0,0.05816326530612246,0.0,0.09090909090909091,0.0,0.05555555555555555,3,1,1,0,0,0,0,1,0.0,0.1,0.0,215000.0
10651649,1,0.0,1.0,0.0,1.0,0.0,0.0,0.0,0.0,0.0,0.0,0.0,0.0,0.0,0.0,0.0,0.0,0.0,1.0,0.10816326530612247,0.09090909090909091,0.09090909090909091,0.0,0.1111111111111111,1,2,0,0,0,0,1,1,0.137,0.22,0.000184322331154784,359000.0
10651648,0,0.0,1.0,0.0,0.0,0.0,1.0,0.0,0.0,0.0,0.0,0.0,0.0,0.0,0.0,1.0,0.0,0.0,0.0,0.05510204081632653,0.09090909090909091,0.0,0.0,0.05555555555555555,1,2,1,0,0,0,0,1,0.0,0.07,0.0,249000.0
10651644,1,0.0,1.0,0.0,0.0,0.0,0.0,0.0,0.0,0.0,0.0,0.0,0.0,0.0,1.0,0.0,0.0,1.0,0.0,0.1785714285714286,0.1818181818181818,0.09090909090909091,0.0,0.1111111111111111,3,0,0,0,0,0,0,0,0.0,0.0,0.0005502159138948776,265000.0
10651650,1,0.0,1.0,0.0,0.0,0.0,0.0,1.0,0.0,0.0,0.0,0.0,0.0,0.0,0.0,0.0,0.0,1.0,0.0,0.10204081632653061,0.1818181818181818,0.09090909090909091,0.0,0.1111111111111111,3,2,0,0,1,0,1,1,0.75,0.15,0.0007748874120686193,459000.0
10651669,0,0.0,1.0,0.0,0.0,0.0,0.0,0.0,0.0,0.0,0.0,0.0,0.0,0.0,1.0,0.0,0.0,0.0,1.0,0.06938775510204082,0.09090909090909091,0.09090909090909091,0.0,0.05555555555555555,2,2,0,0,0,1,0,0,0.0,0.0,0.0,249000.0
10651679,1,0.0,0.0,1.0,0.0,0.0,0.0,0.0,1.0,0.0,0.0,0.0,0.0,0.0,0.0,0.0,1.0,0.0,0.0,0.14285714285714288,0.2727272727272727,0.09090909090909091,0.0,0.1111111111111111,0,4,0,0,0,0,1,1,0.1,0.25,0.0001467242437053007,198000.0
10651683,0,0.0,0.0,1.0,0.0,0.0,0.0,0.0,0.0,0.0,0.0,0.0,1.0,0.0,0.0,0.0,0.0,0.0,1.0,0.10408163265306122,0.09090909090909091,0.18181818181818182,0.0,0.05555555555555555,0,2,0,0,0,0,0,0,0.0,0.0,0.0,395000.0
10651676,0,0.0,1.0,0.0,0.0,0.0,0.0,0.0,0.0,0.0,0.0,0.0,0.0,0.0,1.0,0.0,0.0,1.0,0.0,0.09591836734693879,0.1818181818181818,0.09090909090909091,0.0,0.05555555555555555,1,0,0,0,0,0,0,1,0.0,0.01,0.0,280000.0
10651680,1,0.0,0.0,1.0,0.0,0.0,0.0,0.0,1.0,0.0,0.0,0.0,0.0,0.0,0.0,0.0,1.0,0.0,0.0,0.09183673469387757,0.09090909090909091,0.09090909090909091,0.0,0.05555555555555555,0,6,0,0,0,0,1,1,0.18,0.25,0.00023017365731269046,108000.0
10651694,0,0.0,1.0,0.0,0.0,0.0,1.0,0.0,0.0,0.0,0.0,0.0,0.0,0.0,0.0,0.0,0.0,1.0,0.0,0.07857142857142857,0.09090909090909091,0.09090909090909091,0.0,0.05555555555555555,1,0,1,0,0,0,0,1,0.0,0.04,0.0,265000.0
10651684,1,0.0,0.0,1.0,0.0,0.0,0.0,0.0,0.0,0.0,0.0,0.0,1.0,0.0,0.0,0.0,1.0,0.0,0.0,0.07755102040816328,0.09090909090909091,0.09090909090909091,0.0,0.1111111111111111,0,2,0,0,0,0,0,0,0.0,0.0,0.0,215000.0
10651693,1,0.0,0.0,1.0,0.0,0.0,0.0,0.0,0.0,0.0,0.0,0.0,0.0,1.0,0.0,0.0,0.0,0.0,1.0,0.5408163265306123,0.4545454545454545,0.4545454545454546,0.0,0.38888888888888884,4,5,1,0,1,0,0,1,0.0,0.9500000000000001,0.14740009225286824,3790000.0
10651691,0,0.0,1.0,0.0,1.0,0.0,0.0,0.0,0.0,0.0,0.0,0.0,0.0,0.0,0.0,0.0,1.0,0.0,0.0,0.034693877551020415,0.0,0.09090909090909091,0.0,0.05555555555555555,1,2,0,0,0,0,0,0,0.0,0.0,0.0,210000.0
10651701,0,0.0,0.0,1.0,0.0,0.0,0.0,0.0,1.0,0.0,0.0,0.0,0.0,0.0,0.0,1.0,0.0,0.0,0.0,0.4816326530612245,0.4545454545454545,0.4545454545454546,0.0,0.3333333333333333,2,0,1,0,0,0,0,1,0.0,0.02,0.0,665000.0
10651702,0,0.0,1.0,0.0,1.0,0.0,0.0,0.0,0.0,0.0,0.0,0.0,0.0,0.0,0.0,0.0,0.0,1.0,0.0,0.06224489795918368,0.09090909090909091,0.09090909090909091,0.0,0.05555555555555555,3,0,0,0,0,0,0,1,0.0,0.04,0.0,213000.0
10651708,1,0.0,1.0,0.0,0.0,0.0,0.0,0.0,0.0,0.0,0.0,0.0,0.0,0.0,1.0,0.0,0.0,0.0,1.0,0.09897959183673471,0.1818181818181818,0.09090909090909091,0.0,0.0,5,6,0,0,0,0,0,0,0.0,0.0,0.0005502159138948776,159000.0
10651710,0,0.0,0.0,1.0,0.0,0.0,0.0,0.0,0.0,0.0,0.0,0.0,0.0,1.0,0.0,0.0,0.0,0.0,1.0,0.08265306122448982,0.09090909090909091,0.09090909090909091,0.0,0.05555555555555555,3,2,1,1,0,0,0,1,0.0,0.05,0.0,395000.0
10651712,1,1.0,0.0,0.0,0.0,1.0,0.0,0.0,0.0,0.0,0.0,0.0,0.0,0.0,0.0,0.0,1.0,0.0,0.0,0.1785714285714286,0.2727272727272727,0.09090909090909091,0.42857142857142855,0.1111111111111111,5,7,0,0,0,0,1,1,0.035,0.12,0.00012379858062634745,449000.0
10651713,1,0.0,0.0,1.0,0.0,0.0,0.0,0.0,0.0,0.0,0.0,0.0,0.0,1.0,0.0,0.0,0.0,0.0,1.0,0.31020408163265306,0.4545454545454545,0.18181818181818182,0.0,0.0,5,6,0,1,0,0,1,1,0.0,0.0,0.0022008636555795103,945000.0
10651733,1,0.0,0.0,1.0,0.0,0.0,0.0,0.0,1.0,0.0,0.0,0.0,0.0,0.0,0.0,0.0,0.0,0.0,1.0,0.11224489795918369,0.09090909090909091,0.09090909090909091,0.07142857142857142,0.1111111111111111,0,7,0,0,0,0,0,1,0.0,0.1,6.785996271370157e-05,245000.0
10651723,1,1.0,0.0,0.0,0.0,1.0,0.0,0.0,0.0,0.0,0.0,0.0,0.0,0.0,0.0,0.0,1.0,0.0,0.0,0.09591836734693879,0.1818181818181818,0.09090909090909091,0.0,0.05555555555555555,0,7,0,0,0,0,1,1,0.05,0.15,0.00011462831539476617,345000.0
10651740,1,0.0,1.0,0.0,1.0,0.0,0.0,0.0,0.0,0.0,0.0,0.0,0.0,0.0,0.0,0.0,0.0,1.0,0.0,0.4387755102040817,0.09090909090909091,0.09090909090909091,0.0,0.0,5,3,0,0,0,0,0,0,0.0,0.0,0.0008253238708423164,1100000.0
10651746,1,0.0,1.0,0.0,0.0,0.0,0.0,0.0,0.0,0.0,0.0,0.0,0.0,0.0,1.0,0.0,0.0,0.0,1.0,0.09591836734693879,0.1818181818181818,0.09090909090909091,0.0,0.1111111111111111,4,2,0,0,0,0,1,0,0.0,0.0,0.0003558062909853542,190000.0
10651741,1,1.0,0.0,0.0,0.0,1.0,0.0,0.0,0.0,0.0,0.0,0.0,0.0,0.0,0.0,0.0,1.0,0.0,0.0,0.49795918367346936,0.9999999999999999,0.5454545454545454,0.0,0.3333333333333333,3,7,0,0,0,0,0,0,0.0,0.0,0.0,1650000.0
10651752,0,0.0,1.0,0.0,0.0,0.0,1.0,0.0,0.0,0.0,0.0,0.0,0.0,0.0,0.0,0.0,0.0,1.0,0.0,0.05612244897959184,0.0,0.09090909090909091,0.0,0.05555555555555555,0,0,1,1,0,0,0,1,0.0,0.05,0.0,217700.0
10651754,0,0.0,1.0,0.0,0.0,0.0,1.0,0.0,0.0,0.0,0.0,0.0,0.0,0.0,0.0,0.0,0.0,1.0,0.0,0.0836734693877551,0.09090909090909091,0.09090909090909091,0.0,0.05555555555555555,0,0,1,1,0,0,0,1,0.0,0.11,0.0,281040.0
10651748,1,0.0,1.0,0.0,0.0,0.0,0.0,1.0,0.0,0.0,0.0,0.0,0.0,0.0,0.0,0.0,0.0,1.0,0.0,0.15306122448979595,0.09090909090909091,0.0,0.0,0.05555555555555555,1,2,0,0,0,0,0,1,0.0,0.0,0.00154427266499829,449000.0
10651753,1,0.0,0.0,1.0,0.0,0.0,0.0,0.0,0.0,0.0,1.0,0.0,0.0,0.0,0.0,0.0,0.0,0.0,1.0,0.14285714285714288,0.1818181818181818,0.0,0.0,0.0,0,0,0,0,0,0,0,0,0.0,0.0,0.0008372452156433721,289415.0
10651784,1,0.0,0.0,1.0,0.0,0.0,0.0,0.0,0.0,0.0,0.0,1.0,0.0,0.0,0.0,0.0,0.0,0.0,1.0,0.15918367346938778,0.09090909090909091,0.09090909090909091,0.0,0.0,0,5,0,0,0,0,0,0,0.0,0.0,0.00040715977628220945,275000.0
10520706,1,0.0,1.0,0.0,0.0,0.0,0.0,1.0,0.0,0.0,0.0,0.0,0.0,0.0,0.0,0.0,1.0,0.0,0.0,0.09183673469387757,0.09090909090909091,0.09090909090909091,0.0,0.1111111111111111,4,5,0,1,0,0,1,1,0.34,0.15,0.0004383386780695858,469000.0
10651759,1,0.0,0.0,1.0,0.0,0.0,0.0,0.0,0.0,0.0,0.0,0.0,0.0,1.0,0.0,0.0,0.0,0.0,1.0,0.47244897959183674,0.4545454545454545,0.09090909090909091,0.0,0.05555555555555555,5,4,0,1,0,0,0,0,0.0,0.0,0.010204671149703663,550000.0
10651785,1,0.0,0.0,1.0,0.0,0.0,0.0,0.0,0.0,0.0,1.0,0.0,0.0,0.0,0.0,0.0,0.0,0.0,1.0,0.1836734693877551,0.1818181818181818,0.18181818181818182,0.0,0.1111111111111111,2,3,0,1,0,0,1,1,0.3,0.3,0.00036681060926325174,320000.0
10651780,1,0.0,1.0,0.0,1.0,0.0,0.0,0.0,0.0,0.0,0.0,0.0,0.0,0.0,0.0,0.0,0.0,0.0,1.0,0.23163265306122452,0.1818181818181818,0.09090909090909091,0.0,0.16666666666666666,1,0,0,0,0,0,1,1,0.1,0.4,0.0004245832802222139,489000.0
10651795,0,0.0,0.0,1.0,0.0,0.0,0.0,0.0,0.0,0.0,0.0,0.0,0.0,1.0,0.0,0.0,0.0,0.0,1.0,0.07551020408163267,0.09090909090909091,0.09090909090909091,0.0,0.1111111111111111,4,3,0,0,0,0,0,1,0.0,0.11,0.0,299000.0
10651807,1,0.0,1.0,0.0,0.0,0.0,0.0,0.0,0.0,0.0,0.0,0.0,0.0,0.0,1.0,0.0,0.0,0.0,1.0,0.11530612244897961,0.1818181818181818,0.9090909090909092,0.0,0.1111111111111111,1,1,0,0,0,0,1,1,0.135,0.25,0.00016047964155267263,419000.0
10651823,1,1.0,0.0,0.0,0.0,1.0,0.0,0.0,0.0,0.0,0.0,0.0,0.0,0.0,0.0,0.0,1.0,0.0,0.0,0.27755102040816326,0.2727272727272727,0.18181818181818182,0.07142857142857142,0.1111111111111111,3,7,0,1,0,0,1,1,0.16,0.2,0.0,595000.0
10651809,1,0.0,0.0,1.0,0.0,0.0,0.0,0.0,0.0,0.0,0.0,1.0,0.0,0.0,0.0,0.0,0.0,0.0,1.0,0.10612244897959186,0.2727272727272727,0.18181818181818182,0.0,0.0,1,1,0,0,0,0,0,1,0.0,0.0,0.000404408696712735,302000.0
10651840,1,0.0,1.0,0.0,0.0,0.0,1.0,0.0,0.0,0.0,0.0,0.0,0.0,0.0,0.0,0.0,0.0,0.0,1.0,0.176530612244898,0.1818181818181818,0.0,0.0,0.1111111111111111,3,6,0,0,0,0,1,0,0.0,0.0,0.0009372011066676082,260000.0
10651841,1,0.0,1.0,0.0,0.0,0.0,1.0,0.0,0.0,0.0,0.0,0.0,0.0,0.0,0.0,0.0,0.0,0.0,1.0,0.1653061224489796,0.1818181818181818,0.0,0.0,0.1111111111111111,1,0,0,0,0,0,1,1,0.0,0.12,0.0006373334335948999,410000.0
10651849,0,0.0,1.0,0.0,1.0,0.0,0.0,0.0,0.0,0.0,0.0,0.0,0.0,0.0,0.0,0.0,0.0,0.0,1.0,0.07857142857142857,0.1818181818181818,0.09090909090909091,0.0,0.0,3,3,0,0,0,0,0,1,0.0,0.03,0.0,275000.0
10651846,1,0.0,1.0,0.0,0.0,0.0,0.0,0.0,0.0,0.0,0.0,0.0,0.0,0.0,1.0,0.0,0.0,0.0,1.0,0.5234693877551021,0.6363636363636364,0.0,0.0,0.05555555555555555,1,0,0,0,0,0,0,0,0.0,0.0,0.0004887751368432829,1750000.0
10651859,1,0.0,0.0,1.0,0.0,0.0,0.0,0.0,1.0,0.0,0.0,0.0,0.0,0.0,0.0,0.0,0.0,0.0,1.0,0.10204081632653061,0.1818181818181818,0.09090909090909091,0.0,0.1111111111111111,0,0,0,0,0,0,1,0,0.0,0.0,0.0005227051182001338,256000.0
10651845,0,1.0,0.0,0.0,0.0,1.0,0.0,0.0,0.0,0.0,0.0,0.0,0.0,0.0,0.0,0.0,0.0,0.0,1.0,0.09183673469387757,0.1818181818181818,0.09090909090909091,0.0,0.05555555555555555,1,2,1,1,0,0,0,1,0.0,0.08,0.0,299000.0
10651857,0,0.0,0.0,1.0,0.0,0.0,0.0,0.0,1.0,0.0,0.0,0.0,0.0,0.0,0.0,1.0,0.0,0.0,0.0,0.06428571428571428,0.09090909090909091,0.09090909090909091,0.0,0.05555555555555555,0,2,0,0,0,0,0,0,0.0,0.0,0.0,80000.0
10651876,1,0.0,1.0,0.0,0.0,0.0,1.0,0.0,0.0,0.0,0.0,0.0,0.0,0.0,0.0,0.0,0.0,1.0,0.0,0.13673469387755105,0.1818181818181818,0.09090909090909091,0.0,0.0,5,6,0,0,0,0,0,0,0.0,0.0,0.001297592530268753,270000.0
10651878,0,0.0,1.0,0.0,1.0,0.0,0.0,0.0,0.0,0.0,0.0,0.0,0.0,0.0,0.0,0.0,0.0,0.0,1.0,0.1,0.1818181818181818,0.09090909090909091,0.0,0.05555555555555555,0,1,0,1,0,0,0,1,0.0,0.3,0.0,344000.0
10651879,0,0.0,1.0,0.0,1.0,0.0,0.0,0.0,0.0,0.0,0.0,0.0,0.0,0.0,0.0,0.0,0.0,0.0,1.0,0.059183673469387764,0.0,0.09090909090909091,0.0,0.05555555555555555,0,1,0,1,0,0,0,1,0.0,0.12,0.0,284000.0
10520808,0,0.0,1.0,0.0,0.0,0.0,0.0,1.0,0.0,0.0,0.0,0.0,0.0,0.0,0.0,0.0,0.0,1.0,0.0,0.051020408163265314,0.0,0.09090909090909091,0.0,0.05555555555555555,0,3,0,0,0,0,1,1,0.21,0.18,0.0,259000.0
10651897,1,0.0,0.0,1.0,0.0,0.0,0.0,0.0,0.0,0.0,0.0,0.0,0.0,1.0,0.0,0.0,0.0,0.0,1.0,0.336734693877551,0.36363636363636365,0.09090909090909091,0.14285714285714285,0.1111111111111111,3,4,0,1,0,0,1,1,0.85,0.1,0.0009720481145476171,490000.0
10651888,0,0.0,1.0,0.0,1.0,0.0,0.0,0.0,0.0,0.0,0.0,0.0,0.0,0.0,0.0,0.0,0.0,1.0,0.0,0.051020408163265314,0.09090909090909091,0.09090909090909091,0.0,0.05555555555555555,1,2,1,0,0,0,0,1,0.0,0.08,0.0,190000.0
10651907,0,1.0,0.0,0.0,0.0,1.0,0.0,0.0,0.0,0.0,0.0,0.0,0.0,0.0,0.0,0.0,1.0,0.0,0.0,0.11224489795918369,0.1818181818181818,0.18181818181818182,0.14285714285714285,0.1111111111111111,1,3,1,0,0,0,0,1,0.0,0.1,0.0,270000.0
10651908,0,0.0,0.0,1.0,0.0,0.0,0.0,0.0,1.0,0.0,0.0,0.0,0.0,0.0,0.0,0.0,0.0,1.0,0.0,0.06632653061224492,0.09090909090909091,0.09090909090909091,0.0,0.05555555555555555,4,2,0,1,0,0,0,1,0.0,0.12,0.0,169000.0
10651895,0,1.0,0.0,0.0,0.0,1.0,0.0,0.0,0.0,0.0,0.0,0.0,0.0,0.0,0.0,0.0,1.0,0.0,0.0,0.057142857142857155,0.09090909090909091,0.09090909090909091,0.0,0.05555555555555555,1,6,1,0,0,0,1,0,0.05,0.0,0.0,360000.0
10651909,1,0.0,1.0,0.0,1.0,0.0,0.0,0.0,0.0,0.0,0.0,0.0,0.0,0.0,0.0,0.0,1.0,0.0,0.0,0.10510204081632654,0.2727272727272727,0.09090909090909091,0.0,0.05555555555555555,2,6,0,1,0,0,1,1,0.1,0.0,0.0002063309677105791,395000.0
10651933,1,0.0,0.0,1.0,0.0,0.0,0.0,0.0,1.0,0.0,0.0,0.0,0.0,0.0,0.0,0.0,0.0,0.0,1.0,0.30612244897959184,0.2727272727272727,0.0,0.0,0.0,0,0,0,0,0,0,0,1,0.0,0.0,0.001737765261384655,450000.0
10520867,0,0.0,0.0,1.0,0.0,0.0,0.0,0.0,1.0,0.0,0.0,0.0,0.0,0.0,0.0,0.0,0.0,1.0,0.0,0.05612244897959184,0.09090909090909091,0.09090909090909091,0.0,0.05555555555555555,3,7,0,0,0,0,1,1,0.08,0.02,0.0,161000.0
10651939,1,0.0,0.0,1.0,0.0,0.0,0.0,0.0,1.0,0.0,0.0,0.0,0.0,0.0,0.0,0.0,0.0,0.0,1.0,0.30612244897959184,0.2727272727272727,0.0,0.0,0.0,0,0,0,0,0,0,0,1,0.0,0.0,0.001737765261384655,450000.0
10651940,0,1.0,0.0,0.0,0.0,1.0,0.0,0.0,0.0,0.0,0.0,0.0,0.0,0.0,0.0,0.0,0.0,1.0,0.0,0.1836734693877551,0.1818181818181818,0.09090909090909091,0.07142857142857142,0.1111111111111111,0,3,1,1,0,0,0,1,0.0,0.7000000000000001,0.0,695000.0
10651948,0,0.0,1.0,0.0,0.0,0.0,0.0,0.0,0.0,0.0,0.0,0.0,0.0,0.0,1.0,0.0,0.0,1.0,0.0,0.03571428571428572,0.0,0.09090909090909091,0.07142857142857142,0.05555555555555555,1,3,1,0,0,0,0,1,0.0,0.0,0.0,226000.0
10651949,1,0.0,0.0,1.0,0.0,0.0,0.0,0.0,1.0,0.0,0.0,0.0,0.0,0.0,0.0,0.0,0.0,0.0,1.0,0.11530612244897961,0.09090909090909091,0.0,0.07142857142857142,0.05555555555555555,3,5,0,1,0,0,1,1,0.0,0.17,0.0010178994407055236,210000.0
10651968,1,0.0,1.0,0.0,0.0,0.0,0.0,0.0,0.0,0.0,0.0,0.0,0.0,0.0,1.0,0.0,0.0,0.0,1.0,0.1285714285714286,0.1818181818181818,0.09090909090909091,0.0,0.0,3,5,0,0,0,0,1,0,0.092,0.0,0.0001907415168168909,269000.0
10651966,1,0.0,1.0,0.0,0.0,0.0,0.0,0.0,0.0,0.0,0.0,0.0,0.0,0.0,1.0,0.0,0.0,0.0,1.0,0.12551020408163266,0.1818181818181818,0.09090909090909091,0.0,0.0,5,6,0,0,0,0,1,0,0.10400000000000001,0.0,0.00023200771035900673,179000.0
10651981,1,0.0,1.0,0.0,0.0,0.0,0.0,0.0,0.0,0.0,0.0,0.0,0.0,0.0,1.0,0.0,0.0,0.0,1.0,0.10204081632653061,0.09090909090909091,0.09090909090909091,0.0,0.05555555555555555,0,6,0,0,0,0,1,0,0.0,0.0,0.0006730974679980669,225000.0
10651970,1,0.0,1.0,0.0,0.0,0.0,0.0,0.0,0.0,0.0,0.0,0.0,0.0,0.0,1.0,0.0,0.0,1.0,0.0,0.1948979591836735,0.2727272727272727,0.18181818181818182,0.0,0.0,3,2,0,0,0,0,1,0,0.14400000000000002,0.0,0.00027327390390112255,399000.0
10651975,1,0.0,1.0,0.0,0.0,0.0,0.0,0.0,0.0,1.0,0.0,0.0,0.0,0.0,0.0,0.0,0.0,0.0,1.0,0.2448979591836735,0.2727272727272727,0.09090909090909091,0.07142857142857142,0.1111111111111111,3,0,0,1,0,0,1,1,0.04,0.77,0.0006694293619054345,385000.0
10651982,1,0.0,1.0,0.0,0.0,0.0,0.0,0.0,0.0,0.0,0.0,0.0,0.0,0.0,1.0,0.0,0.0,1.0,0.0,0.2091836734693878,0.1818181818181818,0.09090909090909091,0.0,0.1111111111111111,3,3,0,0,0,0,1,1,0.0,0.0,0.00036681060926325174,520000.0
10651986,1,0.0,0.0,1.0,0.0,0.0,0.0,0.0,0.0,0.0,1.0,0.0,0.0,0.0,0.0,0.0,0.0,0.0,1.0,0.14285714285714288,0.2727272727272727,0.09090909090909091,0.0,0.0,3,2,0,1,0,0,1,1,0.0,0.0,0.0005850629217748865,335000.0
10651993,0,0.0,1.0,0.0,0.0,0.0,1.0,0.0,0.0,0.0,0.0,0.0,0.0,0.0,0.0,0.0,0.0,1.0,0.0,0.10714285714285715,0.09090909090909091,0.09090909090909091,0.0,0.1111111111111111,3,2,1,0,0,0,0,1,0.0,0.12,0.0,174000.0
10651990,0,0.0,1.0,0.0,0.0,0.0,0.0,0.0,0.0,0.0,0.0,0.0,0.0,0.0,1.0,0.0,1.0,0.0,0.0,0.11530612244897961,0.1818181818181818,0.09090909090909091,0.0,0.1111111111111111,3,2,1,0,0,0,0,1,0.0,0.0,0.0,325000.0
10651989,1,0.0,0.0,1.0,0.0,0.0,0.0,0.0,1.0,0.0,0.0,0.0,0.0,0.0,0.0,0.0,0.0,0.0,1.0,0.039795918367346944,0.09090909090909091,0.0,0.0,0.05555555555555555,5,6,0,1,0,0,0,0,0.0,0.0,0.0006969401576001783,100000.0
10651999,1,0.0,1.0,0.0,0.0,0.0,1.0,0.0,0.0,0.0,0.0,0.0,0.0,0.0,0.0,0.0,1.0,0.0,0.0,0.1510204081632653,0.36363636363636365,0.18181818181818182,0.0,0.1111111111111111,0,2,0,0,0,0,1,0,0.193,0.0,0.00031637415048955465,589000.0
10652001,1,0.0,1.0,0.0,0.0,0.0,1.0,0.0,0.0,0.0,0.0,0.0,0.0,0.0,0.0,0.0,0.0,1.0,0.0,0.19897959183673472,0.1818181818181818,0.09090909090909091,0.0,0.05555555555555555,4,6,0,1,0,0,0,1,0.0,0.0,0.0003768979010179912,249000.0
10652002,1,0.0,1.0,0.0,0.0,0.0,1.0,0.0,0.0,0.0,0.0,0.0,0.0,0.0,0.0,0.0,0.0,0.0,1.0,0.1836734693877551,0.1818181818181818,0.09090909090909091,0.0,0.1111111111111111,3,3,0,1,1,0,0,1,0.0,0.0,0.005144518794917106,1150000.0
10652006,1,0.0,1.0,0.0,0.0,0.0,0.0,0.0,0.0,0.0,0.0,0.0,0.0,0.0,1.0,0.0,0.0,0.0,1.0,0.16122448979591839,0.1818181818181818,0.18181818181818182,0.0,0.1111111111111111,3,6,0,0,0,0,0,0,0.0,0.0,0.00041633004151379074,399000.0
10652003,0,0.0,1.0,0.0,0.0,0.0,1.0,0.0,0.0,0.0,0.0,0.0,0.0,0.0,0.0,0.0,0.0,0.0,1.0,0.07040816326530613,0.09090909090909091,0.09090909090909091,0.0,0.05555555555555555,0,0,0,0,0,0,0,1,0.0,0.16,0.0,296934.0
10652007,1,0.0,0.0,1.0,0.0,0.0,0.0,0.0,0.0,0.0,1.0,0.0,0.0,0.0,0.0,0.0,0.0,0.0,1.0,0.10204081632653061,0.1818181818181818,0.09090909090909091,0.0,0.1111111111111111,3,6,0,1,0,0,1,1,0.0,0.0,0.0003026187526421827,250000.0
10652008,0,0.0,1.0,0.0,0.0,0.0,0.0,0.0,0.0,0.0,0.0,0.0,0.0,0.0,1.0,0.0,0.0,1.0,0.0,0.057142857142857155,0.09090909090909091,0.09090909090909091,0.0,0.05555555555555555,3,3,0,0,0,0,0,0,0.0,0.0,0.0,330000.0
10652022,1,0.0,1.0,0.0,0.0,0.0,0.0,0.0,0.0,0.0,0.0,0.0,0.0,0.0,1.0,0.0,0.0,0.0,1.0,0.1795918367346939,0.1818181818181818,0.09090909090909091,0.0,0.1111111111111111,0,0,0,0,0,0,0,1,0.0,0.0,0.00042550030674537204,500000.0
10652023,0,0.0,1.0,0.0,0.0,0.0,0.0,0.0,0.0,0.0,0.0,0.0,0.0,0.0,1.0,0.0,0.0,1.0,0.0,0.07959183673469389,0.09090909090909091,0.09090909090909091,0.0,0.05555555555555555,4,2,1,0,0,0,0,0,0.0,0.0,0.0,247500.0
10652021,1,0.0,1.0,0.0,0.0,0.0,0.0,0.0,0.0,0.0,0.0,0.0,0.0,0.0,1.0,0.0,0.0,0.0,1.0,0.15612244897959185,0.1818181818181818,0.09090909090909091,0.0,0.1111111111111111,0,0,0,0,0,0,0,1,0.0,0.0,0.0003090379383042896,435000.0
10652018,1,0.0,1.0,0.0,1.0,0.0,0.0,0.0,0.0,0.0,0.0,0.0,0.0,0.0,0.0,0.0,0.0,0.0,1.0,0.16938775510204085,0.36363636363636365,0.09090909090909091,0.0,0.1111111111111111,3,0,0,0,0,0,0,0,0.0,0.0,0.0016433115294993677,680000.0
10652027,1,0.0,0.0,1.0,0.0,0.0,0.0,0.0,1.0,0.0,0.0,0.0,0.0,0.0,0.0,0.0,0.0,1.0,0.0,0.12346938775510205,0.09090909090909091,0.0,0.14285714285714285,0.1111111111111111,0,1,0,1,0,0,1,1,0.0,0.1,0.0013150160342087574,360000.0
10652045,0,0.0,1.0,0.0,0.0,0.0,0.0,1.0,0.0,0.0,0.0,0.0,0.0,0.0,0.0,0.0,0.0,1.0,0.0,0.05306122448979592,0.09090909090909091,0.09090909090909091,0.0,0.05555555555555555,3,2,0,0,0,0,0,1,0.0,0.14,0.0,210000.0
10652044,0,0.0,1.0,0.0,0.0,0.0,0.0,1.0,0.0,0.0,0.0,0.0,0.0,0.0,0.0,0.0,0.0,1.0,0.0,0.06938775510204082,0.09090909090909091,0.09090909090909091,0.0,0.05555555555555555,3,3,1,0,0,0,0,1,0.0,0.11,0.0,259000.0
10652046,0,0.0,1.0,0.0,0.0,0.0,0.0,1.0,0.0,0.0,0.0,0.0,0.0,0.0,0.0,0.0,0.0,1.0,0.0,0.05204081632653062,0.09090909090909091,0.09090909090909091,0.0,0.05555555555555555,3,2,0,0,0,0,0,0,0.0,0.0,0.0,185000.0
10652047,1,0.0,1.0,0.0,0.0,0.0,0.0,0.0,0.0,0.0,0.0,0.0,0.0,0.0,1.0,0.0,0.0,1.0,0.0,0.09183673469387757,0.1818181818181818,0.09090909090909091,0.0,0.05555555555555555,0,4,0,0,0,0,0,0,0.0,0.0,0.00019899475552531408,175000.0
10652052,1,0.0,1.0,0.0,0.0,0.0,1.0,0.0,0.0,0.0,0.0,0.0,0.0,0.0,0.0,0.0,0.0,0.0,1.0,0.2816326530612245,0.2727272727272727,0.0,0.07142857142857142,0.16666666666666666,1,3,0,0,0,0,1,1,1.0,0.9,0.004221990112620027,795000.0
10652048,1,0.0,1.0,0.0,0.0,0.0,0.0,0.0,0.0,1.0,0.0,0.0,0.0,0.0,0.0,0.0,0.0,0.0,1.0,0.176530612244898,0.1818181818181818,0.09090909090909091,0.0,0.05555555555555555,5,6,0,1,0,0,0,0,0.0,0.0,0.0005006964816443386,209000.0
10652050,0,0.0,1.0,0.0,0.0,0.0,0.0,0.0,0.0,0.0,0.0,0.0,0.0,0.0,1.0,0.0,0.0,1.0,0.0,0.0836734693877551,0.09090909090909091,0.0,0.0,0.0,3,2,1,0,0,0,0,0,0.0,0.0,0.0,455000.0
10652059,1,0.0,1.0,0.0,0.0,0.0,0.0,0.0,0.0,0.0,0.0,0.0,0.0,0.0,1.0,0.0,0.0,0.0,1.0,0.09591836734693879,0.1818181818181818,0.09090909090909091,0.0,0.05555555555555555,3,5,0,0,0,0,0,0,0.0,0.0,0.00011462831539476617,185000.0
10652060,1,1.0,0.0,0.0,0.0,1.0,0.0,0.0,0.0,0.0,0.0,0.0,0.0,0.0,0.0,0.0,1.0,0.0,0.0,0.9938775510204083,0.0,0.0,0.0,0.16666666666666666,3,5,0,0,0,0,1,1,0.0,0.0,0.0004585132615790647,2200000.0
10652065,1,0.0,1.0,0.0,0.0,0.0,1.0,0.0,0.0,0.0,0.0,0.0,0.0,0.0,0.0,1.0,0.0,0.0,0.0,0.15306122448979595,0.2727272727272727,0.09090909090909091,0.0,0.1111111111111111,3,2,0,1,0,0,0,0,0.0,0.0,4.126619354211582e-05,380000.0
10652061,1,0.0,1.0,0.0,1.0,0.0,0.0,0.0,0.0,0.0,0.0,0.0,0.0,0.0,0.0,0.0,1.0,0.0,0.0,0.10714285714285715,0.09090909090909091,0.0,0.14285714285714285,0.16666666666666666,3,6,0,0,0,0,0,0,0.0,0.0,2.934484874106014e-05,309000.0
10652063,1,0.0,1.0,0.0,0.0,0.0,1.0,0.0,0.0,0.0,0.0,0.0,0.0,0.0,0.0,0.0,0.0,1.0,0.0,0.17551020408163268,0.1818181818181818,0.09090909090909091,0.0,0.1111111111111111,0,1,0,1,0,0,0,0,0.0,0.0,0.0004695175798569622,450000.0
10652067,1,0.0,1.0,0.0,0.0,0.0,1.0,0.0,0.0,0.0,0.0,0.0,0.0,0.0,0.0,1.0,0.0,0.0,0.0,0.15306122448979595,0.2727272727272727,0.09090909090909091,0.0,0.1111111111111111,3,2,0,1,0,0,0,0,0.0,0.0,4.126619354211582e-05,380000.0
10652072,0,1.0,0.0,0.0,0.0,1.0,0.0,0.0,0.0,0.0,0.0,0.0,0.0,0.0,0.0,0.0,1.0,0.0,0.0,0.04387755102040817,0.0,0.09090909090909091,0.0,0.05555555555555555,4,5,1,0,0,0,0,1,0.0,0.0,0.0,310000.0
10652073,0,0.0,1.0,0.0,1.0,0.0,0.0,0.0,0.0,0.0,0.0,0.0,0.0,0.0,0.0,0.0,0.0,0.0,1.0,0.07244897959183674,0.09090909090909091,0.09090909090909091,0.0,0.05555555555555555,2,4,0,1,0,0,1,0,0.1,0.0,0.0,217700.0
10652070,1,0.0,1.0,0.0,0.0,0.0,0.0,0.0,0.0,0.0,0.0,0.0,0.0,0.0,1.0,0.0,0.0,0.0,1.0,0.07142857142857142,0.09090909090909091,0.0,0.0,0.05555555555555555,3,5,0,0,0,0,0,0,0.0,0.0,7.794725446844099e-05,159000.0
10652069,0,0.0,1.0,0.0,0.0,0.0,1.0,0.0,0.0,0.0,0.0,0.0,0.0,0.0,0.0,0.0,0.0,1.0,0.0,0.05306122448979592,0.0,0.09090909090909091,0.0,0.05555555555555555,0,0,1,1,0,0,0,1,0.0,0.1,0.0,218990.0
10652074,1,0.0,1.0,0.0,0.0,0.0,0.0,1.0,0.0,0.0,0.0,0.0,0.0,0.0,0.0,0.0,0.0,1.0,0.0,0.25510204081632654,0.4545454545454545,0.0,0.0,0.0,0,0,0,1,0,0,0,0,0.0,0.0,0.0009582927167002452,595000.0
10652075,1,0.0,1.0,0.0,0.0,0.0,0.0,1.0,0.0,0.0,0.0,0.0,0.0,0.0,0.0,0.0,0.0,1.0,0.0,0.14285714285714288,0.1818181818181818,0.0,0.0,0.0,0,6,0,1,0,0,0,0,0.0,0.0,0.0007143636615401827,345000.0
10652078,0,0.0,0.0,1.0,0.0,0.0,0.0,0.0,0.0,0.0,1.0,0.0,0.0,0.0,0.0,0.0,0.0,1.0,0.0,0.06122448979591837,0.09090909090909091,0.09090909090909091,0.0,0.05555555555555555,5,4,1,1,0,0,0,1,0.0,0.02,0.0,130000.0
10652082,1,0.0,1.0,0.0,0.0,0.0,1.0,0.0,0.0,0.0,0.0,0.0,0.0,0.0,0.0,0.0,0.0,0.0,1.0,0.1142857142857143,0.1818181818181818,0.09090909090909091,0.0,0.0,3,0,0,0,0,0,1,0,0.77,0.0,0.0008344941360738977,390000.0
10652084,0,0.0,0.0,1.0,0.0,0.0,0.0,0.0,0.0,0.0,0.0,0.0,1.0,0.0,0.0,0.0,0.0,0.0,1.0,0.08673469387755103,0.09090909090909091,0.09090909090909091,0.0,0.05555555555555555,3,2,1,1,0,0,0,1,0.0,0.01,0.0,249000.0
10652093,1,0.0,1.0,0.0,0.0,0.0,0.0,0.0,0.0,0.0,0.0,0.0,0.0,0.0,1.0,0.0,0.0,1.0,0.0,0.3948979591836735,0.2727272727272727,0.0,0.0,0.1111111111111111,1,3,0,0,0,0,0,1,0.0,0.0,0.0017680271366488733,649000.0
10652079,0,1.0,0.0,0.0,0.0,1.0,0.0,0.0,0.0,0.0,0.0,0.0,0.0,0.0,0.0,0.0,0.0,0.0,1.0,0.16938775510204085,0.09090909090909091,0.18181818181818182,0.0,0.1111111111111111,4,5,0,1,0,0,1,0,0.065,0.0,0.0,545000.0
10652100,1,0.0,1.0,0.0,0.0,0.0,0.0,1.0,0.0,0.0,0.0,0.0,0.0,0.0,0.0,0.0,0.0,1.0,0.0,0.17142857142857146,0.09090909090909091,0.18181818181818182,0.0,0.0,3,4,0,0,0,0,1,0,0.336,0.0,0.00030812091178113144,249000.0
10652098,1,0.0,0.0,1.0,0.0,0.0,0.0,0.0,0.0,0.0,0.0,1.0,0.0,0.0,0.0,0.0,0.0,0.0,1.0,0.1326530612244898,0.1818181818181818,0.09090909090909091,0.0,0.1111111111111111,0,0,0,0,0,0,1,0,0.0,0.0,0.0006061545318075235,345500.0
10652102,0,1.0,0.0,0.0,0.0,1.0,0.0,0.0,0.0,0.0,0.0,0.0,0.0,0.0,0.0,0.0,0.0,0.0,1.0,0.028571428571428574,0.0,0.09090909090909091,0.07142857142857142,0.05555555555555555,3,3,1,0,0,0,0,1,0.0,0.26,0.0,220000.0
10652112,1,0.0,0.0,1.0,0.0,0.0,0.0,0.0,0.0,0.0,0.0,0.0,0.0,1.0,0.0,0.0,0.0,1.0,0.0,0.20408163265306126,0.2727272727272727,0.2727272727272727,0.07142857142857142,0.16666666666666666,3,4,0,0,0,0,1,1,0.65,0.3,0.0006886869188917551,545000.0
10652107,1,0.0,0.0,1.0,0.0,0.0,0.0,0.0,1.0,0.0,0.0,0.0,0.0,0.0,0.0,0.0,0.0,0.0,1.0,0.10714285714285715,0.1818181818181818,0.09090909090909091,0.0,0.1111111111111111,4,7,0,1,0,0,0,0,0.0,0.0,0.0015727004872161919,265000.0
10652103,1,0.0,0.0,1.0,0.0,0.0,0.0,0.0,1.0,0.0,0.0,0.0,0.0,0.0,0.0,0.0,0.0,0.0,1.0,0.13469387755102044,0.09090909090909091,0.09090909090909091,0.07142857142857142,0.05555555555555555,1,5,0,0,0,0,0,1,0.0,0.0,0.00021091610032636975,210000.0
10652113,0,0.0,1.0,0.0,0.0,0.0,0.0,1.0,0.0,0.0,0.0,0.0,0.0,0.0,0.0,0.0,0.0,1.0,0.0,0.1306122448979592,0.1818181818181818,0.09090909090909091,0.07142857142857142,0.05555555555555555,1,1,0,0,0,0,0,1,0.0,0.19,0.0,439500.0
10652136,1,0.0,0.0,1.0,0.0,0.0,0.0,0.0,0.0,0.0,0.0,1.0,0.0,0.0,0.0,0.0,0.0,0.0,1.0,0.3051020408163265,0.2727272727272727,0.18181818181818182,0.07142857142857142,0.1111111111111111,3,3,0,1,0,0,1,1,0.0,0.0,0.0012013047453371495,830000.0
10652143,0,0.0,1.0,0.0,1.0,0.0,0.0,0.0,0.0,0.0,0.0,0.0,0.0,0.0,0.0,0.0,0.0,1.0,0.0,0.1510204081632653,0.1818181818181818,0.09090909090909091,0.0,0.1111111111111111,2,3,0,0,0,0,0,0,0.0,0.0,0.0,525000.0
10652139,0,0.0,0.0,1.0,0.0,0.0,0.0,0.0,1.0,0.0,0.0,0.0,0.0,0.0,0.0,0.0,1.0,0.0,0.0,0.1,0.09090909090909091,0.09090909090909091,0.0,0.0,0,2,0,1,0,0,0,1,0.0,0.0,0.0,205000.0
10652140,0,0.0,0.0,1.0,0.0,0.0,0.0,0.0,1.0,0.0,0.0,0.0,0.0,0.0,0.0,0.0,1.0,0.0,0.0,0.0836734693877551,0.1818181818181818,0.09090909090909091,0.0,0.0,0,1,0,1,0,0,0,1,0.0,0.0,0.0,185000.0
10652144,1,0.0,0.0,1.0,0.0,0.0,0.0,0.0,1.0,0.0,0.0,0.0,0.0,0.0,0.0,0.0,0.0,0.0,1.0,0.07346938775510206,0.09090909090909091,0.0,0.07142857142857142,0.0,0,3,0,1,0,0,0,1,0.0,0.0,0.0002155012329421604,160000.0
10652145,1,0.0,0.0,1.0,0.0,0.0,0.0,0.0,1.0,0.0,0.0,0.0,0.0,0.0,0.0,0.0,0.0,0.0,1.0,0.14081632653061227,0.1818181818181818,0.09090909090909091,0.0,0.0,0,5,0,1,0,0,0,0,0.0,0.0,0.0009197776027276037,320000.0
10652148,1,0.0,0.0,1.0,0.0,0.0,0.0,0.0,1.0,0.0,0.0,0.0,0.0,0.0,0.0,0.0,0.0,1.0,0.0,0.1285714285714286,0.09090909090909091,0.09090909090909091,0.0,0.0,6,7,0,1,0,0,0,0,0.0,0.0,0.0009252797618665525,229000.0
10652149,1,0.0,0.0,1.0,0.0,0.0,0.0,0.0,1.0,0.0,0.0,0.0,0.0,0.0,0.0,0.0,0.0,1.0,0.0,0.13469387755102044,0.1818181818181818,0.09090909090909091,0.0,0.1111111111111111,0,2,0,1,0,0,0,0,0.0,0.0,0.0001724009863537283,279000.0
10652153,1,0.0,1.0,0.0,1.0,0.0,0.0,0.0,0.0,0.0,0.0,0.0,0.0,0.0,0.0,0.0,0.0,0.0,1.0,0.3877551020408163,0.6363636363636364,0.36363636363636365,0.0,0.0,1,0,0,0,0,0,1,1,0.0,0.01,0.00032095928310534527,799000.0
10652151,1,0.0,1.0,0.0,1.0,0.0,0.0,0.0,0.0,0.0,0.0,0.0,0.0,0.0,0.0,0.0,0.0,0.0,1.0,0.1836734693877551,0.1818181818181818,0.09090909090909091,0.0,0.1111111111111111,3,2,0,1,0,0,1,1,0.0,0.0,0.0,495000.0
10652176,0,1.0,0.0,0.0,0.0,1.0,0.0,0.0,0.0,0.0,0.0,0.0,0.0,0.0,0.0,0.0,1.0,0.0,0.0,0.06326530612244899,0.0,0.0,0.07142857142857142,0.05555555555555555,0,7,0,1,0,0,1,1,0.1,0.0,0.0,235000.0
10652162,0,0.0,1.0,0.0,0.0,0.0,0.0,0.0,0.0,0.0,0.0,0.0,0.0,0.0,1.0,0.0,0.0,0.0,1.0,0.023469387755102045,0.0,0.09090909090909091,0.0,0.05555555555555555,4,2,1,1,0,0,0,1,0.0,0.04,0.0,198000.0
10652170,1,0.0,1.0,0.0,0.0,0.0,0.0,1.0,0.0,0.0,0.0,0.0,0.0,0.0,0.0,0.0,0.0,0.0,1.0,0.5051020408163266,0.4545454545454545,0.18181818181818182,0.14285714285714285,0.16666666666666666,1,3,0,0,0,0,1,1,1.0,0.2,0.0223350979980394,1980000.0
10652174,1,0.0,0.0,1.0,0.0,0.0,0.0,0.0,0.0,0.0,0.0,0.0,0.0,1.0,0.0,0.0,0.0,0.0,1.0,0.5663265306122449,0.36363636363636365,0.2727272727272727,0.14285714285714285,0.1111111111111111,3,0,0,1,1,0,1,1,1.0,0.5,0.0034847007880008914,1750000.0
10652177,0,1.0,0.0,0.0,0.0,1.0,0.0,0.0,0.0,0.0,0.0,0.0,0.0,0.0,0.0,0.0,1.0,0.0,0.0,0.12244897959183676,0.1818181818181818,0.09090909090909091,0.07142857142857142,0.05555555555555555,0,7,0,1,0,0,0,1,0.0,0.0,0.0,305000.0
10652180,0,0.0,1.0,0.0,1.0,0.0,0.0,0.0,0.0,0.0,0.0,0.0,0.0,0.0,0.0,0.0,1.0,0.0,0.0,0.05408163265306123,0.09090909090909091,0.18181818181818182,0.0,0.05555555555555555,1,5,0,1,0,0,0,0,0.0,0.0,0.0,259000.0
10652181,0,0.0,1.0,0.0,1.0,0.0,0.0,0.0,0.0,0.0,0.0,0.0,0.0,0.0,0.0,0.0,0.0,0.0,1.0,0.05510204081632653,0.09090909090909091,0.09090909090909091,0.0,0.05555555555555555,1,2,0,1,0,0,0,1,0.0,0.04,0.0,225000.0
10652191,0,0.0,0.0,1.0,0.0,0.0,0.0,0.0,0.0,0.0,1.0,0.0,0.0,0.0,0.0,0.0,1.0,0.0,0.0,0.04081632653061225,0.0,0.09090909090909091,0.0,0.05555555555555555,0,2,0,0,0,0,0,0,0.0,0.0,0.0,175000.0
10652203,1,0.0,1.0,0.0,0.0,0.0,0.0,0.0,0.0,0.0,0.0,0.0,0.0,0.0,1.0,0.0,0.0,1.0,0.0,0.176530612244898,0.1818181818181818,0.09090909090909091,0.0,0.05555555555555555,5,6,0,1,0,0,0,1,0.0,0.0,0.0001999117820484722,148000.0
10652199,1,0.0,1.0,0.0,0.0,0.0,0.0,1.0,0.0,0.0,0.0,0.0,0.0,0.0,0.0,0.0,0.0,0.0,1.0,0.1306122448979592,0.1818181818181818,0.09090909090909091,0.0,0.1111111111111111,0,0,0,1,0,0,0,0,0.0,0.0,0.00036405952969377736,392000.0
10652205,1,0.0,1.0,0.0,0.0,0.0,0.0,0.0,0.0,0.0,0.0,0.0,0.0,0.0,1.0,0.0,0.0,0.0,1.0,0.13571428571428573,0.1818181818181818,0.09090909090909091,0.0,0.1111111111111111,3,3,0,1,0,0,0,0,0.0,0.0,0.0,295000.0
10652207,0,0.0,1.0,0.0,1.0,0.0,0.0,0.0,0.0,0.0,0.0,0.0,0.0,0.0,0.0,0.0,0.0,1.0,0.0,0.06122448979591837,0.0,0.09090909090909091,0.0,0.05555555555555555,1,0,0,0,0,0,0,1,0.0,0.0,0.0,249000.0
10652208,1,0.0,0.0,1.0,0.0,0.0,0.0,0.0,0.0,0.0,1.0,0.0,0.0,0.0,0.0,0.0,1.0,0.0,0.0,0.12244897959183676,0.1818181818181818,0.0,0.0,0.1111111111111111,1,5,0,1,0,0,0,0,0.0,0.0,0.0,299000.0
10652214,1,0.0,1.0,0.0,1.0,0.0,0.0,0.0,0.0,0.0,0.0,0.0,0.0,0.0,0.0,0.0,0.0,0.0,1.0,0.2979591836734694,0.2727272727272727,0.36363636363636365,0.2857142857142857,0.16666666666666666,1,4,0,1,1,0,1,1,1.0,1.0,0.026071064053385617,2000000.0
10652210,1,0.0,1.0,0.0,0.0,0.0,0.0,0.0,0.0,0.0,0.0,0.0,0.0,0.0,1.0,0.0,0.0,0.0,1.0,0.1979591836734694,0.2727272727272727,0.0,0.0,0.16666666666666666,3,3,0,0,0,0,0,1,0.0,0.0,0.0012654966019582186,825000.0
10652225,1,0.0,1.0,0.0,1.0,0.0,0.0,0.0,0.0,0.0,0.0,0.0,0.0,0.0,0.0,0.0,0.0,1.0,0.0,0.09081632653061225,0.09090909090909091,0.18181818181818182,0.0,0.0,3,3,0,0,0,0,0,0,0.0,0.0,0.0002099990738032116,349000.0
10652229,1,0.0,1.0,0.0,0.0,0.0,0.0,1.0,0.0,0.0,0.0,0.0,0.0,0.0,0.0,0.0,1.0,0.0,0.0,0.1836734693877551,0.09090909090909091,0.09090909090909091,0.0,0.0,5,6,0,0,0,0,0,0,0.0,0.0,0.0037992408854441296,358000.0
10652236,1,0.0,0.0,1.0,0.0,0.0,0.0,0.0,0.0,0.0,1.0,0.0,0.0,0.0,0.0,0.0,0.0,0.0,1.0,0.051020408163265314,0.09090909090909091,0.0,0.07142857142857142,0.05555555555555555,5,7,0,1,0,0,1,0,0.13,0.0,0.00018340530463162587,68000.0
10652239,1,0.0,1.0,0.0,0.0,0.0,1.0,0.0,0.0,0.0,0.0,0.0,0.0,0.0,0.0,0.0,0.0,0.0,1.0,0.2653061224489796,0.36363636363636365,0.09090909090909091,0.0,0.1111111111111111,6,6,0,1,0,0,0,0,0.0,0.0,0.00024576310820637867,198000.0
10652241,0,0.0,1.0,0.0,0.0,0.0,0.0,1.0,0.0,0.0,0.0,0.0,0.0,0.0,0.0,0.0,0.0,0.0,1.0,0.08673469387755103,0.09090909090909091,0.09090909090909091,0.0,0.0,3,2,1,1,0,0,0,1,0.0,0.0,0.0,310000.0
10652245,1,0.0,0.0,1.0,0.0,0.0,0.0,0.0,0.0,0.0,0.0,1.0,0.0,0.0,0.0,0.0,0.0,0.0,1.0,0.23469387755102042,0.36363636363636365,0.18181818181818182,0.0,0.0,3,0,0,0,0,0,0,1,0.0,0.0,0.0009702140615013009,525000.0
10652243,0,1.0,0.0,0.0,0.0,1.0,0.0,0.0,0.0,0.0,0.0,0.0,0.0,0.0,0.0,0.0,1.0,0.0,0.0,0.04489795918367347,0.0,0.0,0.07142857142857142,0.05555555555555555,4,0,0,1,0,0,0,0,0.0,0.0,0.0,179000.0
10652248,1,0.0,0.0,1.0,0.0,0.0,0.0,0.0,0.0,0.0,1.0,0.0,0.0,0.0,0.0,0.0,0.0,0.0,1.0,0.1326530612244898,0.1818181818181818,0.09090909090909091,0.07142857142857142,0.1111111111111111,1,1,0,0,0,0,0,0,0.0,0.0,0.0009628778493160358,330000.0
10652251,1,0.0,0.0,1.0,0.0,0.0,0.0,0.0,0.0,0.0,0.0,0.0,1.0,0.0,0.0,0.0,0.0,0.0,1.0,0.1836734693877551,0.36363636363636365,0.09090909090909091,0.07142857142857142,0.1111111111111111,3,5,0,0,0,0,1,1,1.0,0.25,0.0007886428099159913,325000.0
10652249,1,0.0,1.0,0.0,1.0,0.0,0.0,0.0,0.0,0.0,0.0,0.0,0.0,0.0,0.0,0.0,0.0,0.0,1.0,0.23469387755102042,0.2727272727272727,0.2727272727272727,0.0,0.0,3,3,0,0,0,0,0,1,0.0,0.0,7.336212185265035e-05,475000.0
10652252,1,0.0,0.0,1.0,0.0,0.0,0.0,0.0,0.0,0.0,1.0,0.0,0.0,0.0,0.0,0.0,1.0,0.0,0.0,0.12448979591836737,0.2727272727272727,0.09090909090909091,0.0,0.1111111111111111,3,4,0,1,0,0,0,1,0.0,0.37,9.628778493160358e-05,199000.0
10652250,1,0.0,0.0,1.0,0.0,0.0,0.0,0.0,0.0,0.0,1.0,0.0,0.0,0.0,0.0,0.0,0.0,0.0,1.0,0.07448979591836735,0.09090909090909091,0.09090909090909091,0.0,0.05555555555555555,5,7,0,1,0,0,0,1,0.0,0.05,0.0,110000.0
10652253,1,0.0,1.0,0.0,0.0,0.0,0.0,0.0,0.0,1.0,0.0,0.0,0.0,0.0,0.0,0.0,0.0,0.0,1.0,0.15204081632653063,0.1818181818181818,0.09090909090909091,0.0,0.1111111111111111,0,0,0,0,0,0,0,0,0.0,0.0,0.0007152806880633409,415000.0
10652257,1,0.0,1.0,0.0,0.0,0.0,0.0,0.0,0.0,0.0,0.0,0.0,0.0,0.0,1.0,0.0,0.0,0.0,1.0,0.2418367346938776,0.5454545454545454,0.0,0.0,0.05555555555555555,1,3,0,0,0,0,1,1,0.0,0.0,0.00024209500211374614,895000.0
10652266,0,0.0,0.0,1.0,0.0,0.0,0.0,0.0,0.0,0.0,0.0,1.0,0.0,0.0,0.0,0.0,0.0,0.0,1.0,0.10510204081632654,0.09090909090909091,0.18181818181818182,0.0,0.1111111111111111,0,1,1,1,0,0,1,1,0.2,0.56,0.0,475000.0
10652267,0,0.0,0.0,1.0,0.0,0.0,0.0,0.0,0.0,0.0,0.0,1.0,0.0,0.0,0.0,0.0,0.0,0.0,1.0,0.10408163265306122,0.09090909090909091,0.18181818181818182,0.0,0.1111111111111111,0,1,1,1,0,0,1,1,0.2,0.75,0.0,475000.0
10652268,0,0.0,0.0,1.0,0.0,0.0,0.0,0.0,0.0,0.0,0.0,1.0,0.0,0.0,0.0,0.0,0.0,0.0,1.0,0.10510204081632654,0.09090909090909091,0.18181818181818182,0.14285714285714285,0.1111111111111111,0,1,1,1,0,0,1,1,0.2,0.75,0.0,475000.0
10652270,0,0.0,0.0,1.0,0.0,0.0,0.0,0.0,0.0,0.0,0.0,1.0,0.0,0.0,0.0,0.0,0.0,0.0,1.0,0.10408163265306122,0.09090909090909091,0.18181818181818182,0.0,0.1111111111111111,0,1,1,1,0,0,1,1,0.0,0.43,0.0,475000.0
10652269,0,0.0,0.0,1.0,0.0,0.0,0.0,0.0,0.0,0.0,0.0,1.0,0.0,0.0,0.0,0.0,0.0,0.0,1.0,0.10408163265306122,0.09090909090909091,0.18181818181818182,0.0,0.1111111111111111,0,1,1,1,0,0,1,1,0.2,0.54,0.0,475000.0
10652273,0,0.0,0.0,1.0,0.0,0.0,0.0,0.0,0.0,0.0,0.0,1.0,0.0,0.0,0.0,0.0,0.0,0.0,1.0,0.10408163265306122,0.09090909090909091,0.18181818181818182,0.0,0.1111111111111111,0,1,1,1,0,0,1,1,0.0,0.43,0.0,475000.0
10652272,0,0.0,0.0,1.0,0.0,0.0,0.0,0.0,0.0,0.0,0.0,1.0,0.0,0.0,0.0,0.0,0.0,0.0,1.0,0.10408163265306122,0.09090909090909091,0.18181818181818182,0.0,0.1111111111111111,0,1,1,1,0,0,1,1,0.0,0.48,0.0,475000.0
10652271,0,0.0,0.0,1.0,0.0,0.0,0.0,0.0,0.0,0.0,0.0,1.0,0.0,0.0,0.0,0.0,0.0,0.0,1.0,0.10408163265306122,0.09090909090909091,0.18181818181818182,0.0,0.1111111111111111,0,1,1,1,0,0,1,1,0.0,0.48,0.0,475000.0
10652275,0,0.0,0.0,1.0,0.0,0.0,0.0,0.0,0.0,0.0,0.0,1.0,0.0,0.0,0.0,0.0,0.0,0.0,1.0,0.10408163265306122,0.09090909090909091,0.18181818181818182,0.0,0.1111111111111111,0,1,1,1,0,0,1,1,0.0,0.47000000000000003,0.0,475000.0
10652277,0,0.0,0.0,1.0,0.0,0.0,0.0,0.0,0.0,0.0,0.0,1.0,0.0,0.0,0.0,0.0,0.0,0.0,1.0,0.10408163265306122,0.09090909090909091,0.18181818181818182,0.0,0.1111111111111111,0,1,1,1,0,0,1,1,0.0,0.48,0.0,475000.0
10652279,0,0.0,0.0,1.0,0.0,0.0,0.0,0.0,0.0,0.0,0.0,1.0,0.0,0.0,0.0,0.0,0.0,0.0,1.0,0.1326530612244898,0.1818181818181818,0.2727272727272727,0.0,0.1111111111111111,0,1,1,1,0,0,1,1,0.0,1.0,0.0,775000.0
10652276,0,0.0,0.0,1.0,0.0,0.0,0.0,0.0,0.0,0.0,0.0,1.0,0.0,0.0,0.0,0.0,0.0,0.0,1.0,0.10408163265306122,0.09090909090909091,0.18181818181818182,0.0,0.1111111111111111,0,1,1,1,0,0,1,1,0.0,0.48,0.0,475000.0
10652281,0,0.0,0.0,1.0,0.0,0.0,0.0,0.0,0.0,0.0,0.0,1.0,0.0,0.0,0.0,0.0,0.0,0.0,1.0,0.1326530612244898,0.1818181818181818,0.2727272727272727,0.0,0.1111111111111111,0,1,0,1,0,0,1,1,0.0,1.0,0.0,775000.0
10652284,0,0.0,1.0,0.0,1.0,0.0,0.0,0.0,0.0,0.0,0.0,0.0,0.0,0.0,0.0,0.0,0.0,1.0,0.0,0.025510204081632654,0.0,0.09090909090909091,0.0,0.05555555555555555,4,4,0,1,0,0,0,0,0.0,0.0,0.0,129500.0
10652285,1,0.0,1.0,0.0,0.0,0.0,0.0,1.0,0.0,0.0,0.0,0.0,0.0,0.0,0.0,0.0,0.0,0.0,1.0,0.1969387755102041,0.36363636363636365,0.18181818181818182,0.0,0.0,4,5,0,1,0,0,0,1,0.0,0.3,0.0014241421904645749,695000.0
10652320,1,0.0,1.0,0.0,0.0,0.0,1.0,0.0,0.0,0.0,0.0,0.0,0.0,0.0,0.0,0.0,0.0,0.0,1.0,0.12346938775510205,0.09090909090909091,0.09090909090909091,0.0,0.1111111111111111,1,2,0,0,0,0,0,0,0.0,0.0,0.000708861502401234,415000.0
10390170,0,0.0,1.0,0.0,0.0,0.0,0.0,0.0,0.0,0.0,0.0,0.0,0.0,0.0,1.0,0.0,0.0,1.0,0.0,0.06122448979591837,0.09090909090909091,0.09090909090909091,0.0,0.05555555555555555,3,2,0,0,0,0,0,1,0.0,0.0,0.0,122500.0
10652301,1,0.0,1.0,0.0,0.0,0.0,0.0,0.0,0.0,0.0,0.0,0.0,0.0,0.0,1.0,0.0,0.0,1.0,0.0,0.1142857142857143,0.1818181818181818,0.18181818181818182,0.14285714285714285,0.16666666666666666,1,1,0,0,0,0,0,1,0.0,0.0,6.23578035747528e-05,525000.0
10652321,1,0.0,1.0,0.0,0.0,0.0,1.0,0.0,0.0,0.0,0.0,0.0,0.0,0.0,0.0,0.0,1.0,0.0,0.0,0.20000000000000004,0.4545454545454545,0.18181818181818182,0.0,0.1111111111111111,3,5,0,0,0,0,0,0,0.0,0.0,0.0002650206651926994,399900.0
10652324,1,0.0,1.0,0.0,1.0,0.0,0.0,0.0,0.0,0.0,0.0,0.0,0.0,0.0,0.0,0.0,0.0,0.0,1.0,0.1459183673469388,0.09090909090909091,0.09090909090909091,0.0,0.05555555555555555,3,6,0,1,0,0,1,1,0.0,0.0,0.001589206964633038,399000.0
10652322,1,0.0,1.0,0.0,1.0,0.0,0.0,0.0,0.0,0.0,0.0,0.0,0.0,0.0,0.0,0.0,0.0,0.0,1.0,0.2683673469387755,0.36363636363636365,0.18181818181818182,0.0,0.16666666666666666,4,4,0,1,0,0,1,1,0.053,0.0,0.0001283837132421381,560000.0
10652325,1,0.0,0.0,1.0,0.0,0.0,0.0,0.0,0.0,0.0,1.0,0.0,0.0,0.0,0.0,0.0,0.0,0.0,1.0,0.14489795918367349,0.1818181818181818,0.09090909090909091,0.0,0.0,3,4,1,0,0,0,1,0,0.16,0.0,0.0002219204186042673,179000.0
10652329,0,0.0,0.0,1.0,0.0,0.0,0.0,0.0,1.0,0.0,0.0,0.0,0.0,0.0,0.0,0.0,0.0,1.0,0.0,0.35714285714285715,0.36363636363636365,0.18181818181818182,0.21428571428571427,0.2777777777777778,1,1,1,1,0,1,0,1,0.0,0.8200000000000001,0.0,799000.0
10652332,1,0.0,1.0,0.0,0.0,0.0,0.0,0.0,0.0,1.0,0.0,0.0,0.0,0.0,0.0,0.0,0.0,0.0,1.0,0.13979591836734695,0.1818181818181818,0.09090909090909091,0.0,0.1111111111111111,0,0,0,0,0,0,0,0,0.0,0.0,0.0004997794551211805,362925.0
10652331,1,0.0,1.0,0.0,1.0,0.0,0.0,0.0,0.0,0.0,0.0,0.0,0.0,0.0,0.0,0.0,0.0,0.0,1.0,0.33979591836734696,0.2727272727272727,0.2727272727272727,0.0,0.16666666666666666,0,2,0,1,0,0,0,1,0.0,0.0,0.000644669645780165,1590000.0
10652334,1,0.0,1.0,0.0,1.0,0.0,0.0,0.0,0.0,0.0,0.0,0.0,0.0,0.0,0.0,0.0,0.0,0.0,1.0,0.12040816326530615,0.09090909090909091,0.18181818181818182,0.0,0.1111111111111111,2,3,0,1,0,0,1,0,0.073,0.0,0.00013571992542740313,300000.0
10652336,1,0.0,0.0,1.0,0.0,0.0,0.0,0.0,1.0,0.0,0.0,0.0,0.0,0.0,0.0,0.0,0.0,1.0,0.0,0.16836734693877553,0.2727272727272727,0.09090909090909091,0.0,0.0,0,7,0,0,0,0,0,0,0.0,0.0,0.0005043645877369712,150000.0
10652335,0,1.0,0.0,0.0,0.0,1.0,0.0,0.0,0.0,0.0,0.0,0.0,0.0,0.0,0.0,0.0,1.0,0.0,0.0,0.05510204081632653,0.09090909090909091,0.0,0.07142857142857142,0.05555555555555555,3,5,0,1,0,0,0,0,0.0,0.0,0.0,175000.0
10652338,1,0.0,0.0,1.0,0.0,0.0,0.0,0.0,1.0,0.0,0.0,0.0,0.0,0.0,0.0,0.0,0.0,1.0,0.0,0.07142857142857142,0.09090909090909091,0.09090909090909091,0.0,0.0,0,7,0,0,0,0,0,0,0.0,0.0,0.00021091610032636975,90000.0
10652341,0,1.0,0.0,0.0,0.0,1.0,0.0,0.0,0.0,0.0,0.0,0.0,0.0,0.0,0.0,0.0,1.0,0.0,0.0,0.07142857142857142,0.09090909090909091,0.09090909090909091,0.0,0.0,3,5,1,0,0,0,0,1,0.0,0.02,0.0,249000.0
10652340,1,0.0,0.0,1.0,0.0,0.0,0.0,0.0,0.0,0.0,1.0,0.0,0.0,0.0,0.0,0.0,1.0,0.0,0.0,0.13571428571428573,0.09090909090909091,0.18181818181818182,0.0,0.1111111111111111,2,4,0,0,0,0,1,1,0.05,0.1,0.00014213911108951004,199000.0
10652343,1,0.0,1.0,0.0,0.0,0.0,0.0,0.0,0.0,1.0,0.0,0.0,0.0,0.0,0.0,0.0,0.0,1.0,0.0,0.1275510204081633,0.1818181818181818,0.09090909090909091,0.0,0.1111111111111111,4,5,0,1,0,0,1,0,0.0,0.0,0.00035122115836956353,189000.0
10652346,0,0.0,0.0,1.0,0.0,0.0,0.0,0.0,0.0,0.0,0.0,0.0,0.0,1.0,0.0,0.0,0.0,0.0,1.0,0.051020408163265314,0.09090909090909091,0.09090909090909091,0.0,0.05555555555555555,4,7,0,1,0,0,0,1,0.0,0.14,0.0,230000.0
10652349,1,0.0,1.0,0.0,0.0,0.0,0.0,0.0,0.0,0.0,0.0,0.0,0.0,0.0,1.0,0.0,0.0,0.0,1.0,0.08673469387755103,0.09090909090909091,0.09090909090909091,0.0,0.0,3,5,0,1,0,0,0,0,0.0,0.0,4.951943225053898e-05,179000.0
10652347,1,0.0,1.0,0.0,0.0,0.0,1.0,0.0,0.0,0.0,0.0,0.0,0.0,0.0,0.0,0.0,0.0,0.0,1.0,0.19387755102040818,0.2727272727272727,0.09090909090909091,0.0,0.1111111111111111,1,0,0,0,0,0,0,0,0.0,0.0,0.00044200678416221834,575000.0
10652353,1,0.0,1.0,0.0,0.0,0.0,0.0,0.0,0.0,0.0,0.0,0.0,0.0,0.0,1.0,0.0,0.0,0.0,1.0,0.14183673469387756,0.2727272727272727,0.0,0.0,0.05555555555555555,4,6,0,0,0,0,1,0,0.47500000000000003,0.0,0.0005245391712464499,269000.0
10652362,0,1.0,0.0,0.0,0.0,1.0,0.0,0.0,0.0,0.0,0.0,0.0,0.0,0.0,0.0,0.0,1.0,0.0,0.0,0.08877551020408164,0.09090909090909091,0.09090909090909091,0.0,0.05555555555555555,6,7,0,0,0,0,0,0,0.0,0.0,0.0,209000.0
10652358,1,0.0,1.0,0.0,1.0,0.0,0.0,0.0,0.0,0.0,0.0,0.0,0.0,0.0,0.0,0.0,0.0,0.0,1.0,0.21734693877551023,0.1818181818181818,0.0,0.0,0.1111111111111111,0,6,0,1,0,0,0,0,0.0,0.0,0.0005502159138948776,195000.0
10652380,1,1.0,0.0,0.0,0.0,1.0,0.0,0.0,0.0,0.0,0.0,0.0,0.0,0.0,0.0,0.0,1.0,0.0,0.0,0.2857142857142857,0.2727272727272727,0.18181818181818182,0.14285714285714285,0.2222222222222222,0,0,0,0,0,0,0,0,0.0,0.0,0.0001375539784737194,995000.0
10652385,1,0.0,0.0,1.0,0.0,0.0,0.0,0.0,1.0,0.0,0.0,0.0,0.0,0.0,0.0,0.0,0.0,0.0,1.0,0.15816326530612246,0.09090909090909091,0.09090909090909091,0.07142857142857142,0.05555555555555555,3,6,0,0,0,0,1,1,0.25,0.0,0.00036222547664746107,150000.0
10652377,1,0.0,0.0,1.0,0.0,0.0,0.0,0.0,0.0,0.0,1.0,0.0,0.0,0.0,0.0,0.0,0.0,1.0,0.0,0.163265306122449,0.1818181818181818,0.09090909090909091,0.0,0.05555555555555555,5,5,0,1,0,0,1,1,0.0,0.1,0.0011893834005360937,320000.0
10652363,0,0.0,1.0,0.0,0.0,0.0,0.0,0.0,0.0,0.0,0.0,0.0,0.0,0.0,1.0,0.0,0.0,0.0,1.0,0.08775510204081632,0.09090909090909091,0.09090909090909091,0.0,0.1111111111111111,3,5,0,0,0,0,0,1,0.0,0.0,0.0,225000.0
10652389,0,1.0,0.0,0.0,0.0,1.0,0.0,0.0,0.0,0.0,0.0,0.0,0.0,0.0,0.0,0.0,1.0,0.0,0.0,0.04591836734693878,0.0,0.09090909090909091,0.07142857142857142,0.05555555555555555,1,0,0,0,0,0,0,1,0.0,0.04,0.0,235000.0
10652400,0,1.0,0.0,0.0,0.0,1.0,0.0,0.0,0.0,0.0,0.0,0.0,0.0,0.0,0.0,0.0,1.0,0.0,0.0,0.07142857142857142,0.09090909090909091,0.0,0.0,0.0,0,0,0,0,0,0,0,0,0.0,0.0,0.0,289000.0
10652392,0,1.0,0.0,0.0,0.0,1.0,0.0,0.0,0.0,0.0,0.0,0.0,0.0,0.0,0.0,0.0,1.0,0.0,0.0,0.05204081632653062,0.0,0.09090909090909091,0.0,0.05555555555555555,2,7,0,0,0,0,0,0,0.0,0.0,0.0,215000.0
10652390,1,0.0,1.0,0.0,0.0,0.0,0.0,1.0,0.0,0.0,0.0,0.0,0.0,0.0,0.0,0.0,0.0,0.0,1.0,0.17040816326530614,0.1818181818181818,0.09090909090909091,0.07142857142857142,0.1111111111111111,3,4,0,0,0,0,0,1,0.0,0.0,0.0009931397245802542,349000.0
10652406,1,1.0,0.0,0.0,0.0,1.0,0.0,0.0,0.0,0.0,0.0,0.0,0.0,0.0,0.0,0.0,0.0,0.0,1.0,0.09489795918367347,0.1818181818181818,0.09090909090909091,0.0,0.1111111111111111,3,6,0,0,0,0,1,0,0.025,0.0,0.00013571992542740313,275000.0
10652405,1,0.0,1.0,0.0,0.0,0.0,1.0,0.0,0.0,0.0,0.0,0.0,0.0,0.0,0.0,0.0,1.0,0.0,0.0,0.2306122448979592,0.2727272727272727,0.18181818181818182,0.0,0.16666666666666666,1,0,0,0,0,0,1,1,0.2,0.7000000000000001,0.0003814830336337818,569000.0
10652407,1,1.0,0.0,0.0,0.0,1.0,0.0,0.0,0.0,0.0,0.0,0.0,0.0,0.0,0.0,0.0,1.0,0.0,0.0,0.07142857142857142,0.09090909090909091,0.0,0.07142857142857142,0.05555555555555555,3,7,0,0,0,0,0,1,0.0,0.15,6.87769892368597e-05,289000.0
10652425,0,0.0,1.0,0.0,0.0,0.0,0.0,1.0,0.0,0.0,0.0,0.0,0.0,0.0,0.0,0.0,0.0,0.0,1.0,0.07653061224489796,0.09090909090909091,0.09090909090909091,0.0,0.05555555555555555,0,0,1,1,0,0,0,1,0.0,0.12,0.0,319000.0
10652427,0,0.0,1.0,0.0,0.0,0.0,0.0,1.0,0.0,0.0,0.0,0.0,0.0,0.0,0.0,0.0,0.0,0.0,1.0,0.1142857142857143,0.1818181818181818,0.09090909090909091,0.0,0.1111111111111111,0,0,1,1,0,0,0,1,0.0,0.12,0.0,389000.0
10652426,0,0.0,1.0,0.0,0.0,0.0,0.0,1.0,0.0,0.0,0.0,0.0,0.0,0.0,0.0,0.0,0.0,0.0,1.0,0.10510204081632654,0.1818181818181818,0.09090909090909091,0.0,0.05555555555555555,0,0,1,1,0,0,0,1,0.0,0.19,0.0,452500.0
10652451,1,0.0,0.0,1.0,0.0,0.0,0.0,0.0,1.0,0.0,0.0,0.0,0.0,0.0,0.0,0.0,0.0,0.0,1.0,0.20408163265306126,0.2727272727272727,0.18181818181818182,0.0,0.0,5,7,0,1,0,0,1,1,0.0,0.0,0.0027776733386459737,495000.0
10652434,1,0.0,0.0,1.0,0.0,0.0,0.0,0.0,1.0,0.0,0.0,0.0,0.0,0.0,0.0,0.0,0.0,0.0,1.0,0.11224489795918369,0.1818181818181818,0.09090909090909091,0.0,0.05555555555555555,4,7,0,1,0,0,1,1,0.0,0.0,0.0006740144945212251,178000.0
10652459,1,0.0,0.0,1.0,0.0,0.0,0.0,0.0,0.0,0.0,0.0,0.0,1.0,0.0,0.0,0.0,0.0,0.0,1.0,0.1326530612244898,0.2727272727272727,0.0,0.0,0.0,0,0,0,0,0,0,0,0,0.0,0.0,0.007246343585995538,566175.0
10652458,1,0.0,0.0,1.0,0.0,0.0,0.0,0.0,1.0,0.0,0.0,0.0,0.0,0.0,0.0,0.0,0.0,0.0,1.0,0.1326530612244898,0.1818181818181818,0.2727272727272727,0.21428571428571427,0.16666666666666666,1,4,0,0,0,0,0,1,0.0,0.25,0.00018340530463162587,195000.0
10652460,0,1.0,0.0,0.0,0.0,1.0,0.0,0.0,0.0,0.0,0.0,0.0,0.0,0.0,0.0,0.0,1.0,0.0,0.0,0.06122448979591837,0.09090909090909091,0.09090909090909091,0.0,0.05555555555555555,6,6,0,0,0,0,0,1,0.0,0.02,0.0,220000.0
10652461,0,1.0,0.0,0.0,0.0,1.0,0.0,0.0,0.0,0.0,0.0,0.0,0.0,0.0,0.0,0.0,1.0,0.0,0.0,0.05306122448979592,0.0,0.09090909090909091,0.0,0.05555555555555555,3,3,1,0,0,0,0,0,0.0,0.0,0.0,229000.0
10652464,0,1.0,0.0,0.0,0.0,1.0,0.0,0.0,0.0,0.0,0.0,0.0,0.0,0.0,0.0,0.0,1.0,0.0,0.0,0.06938775510204082,0.09090909090909091,0.09090909090909091,0.07142857142857142,0.05555555555555555,2,3,1,0,0,0,0,1,0.0,0.21,0.0,249000.0
10652462,1,0.0,1.0,0.0,0.0,0.0,0.0,0.0,0.0,0.0,0.0,0.0,0.0,0.0,1.0,0.0,0.0,0.0,1.0,0.2530612244897959,0.1818181818181818,0.09090909090909091,0.0,0.1111111111111111,2,2,0,1,0,0,1,1,0.34,0.6,0.0006969401576001783,668000.0
10652463,0,1.0,0.0,0.0,0.0,1.0,0.0,0.0,0.0,0.0,0.0,0.0,0.0,0.0,0.0,0.0,1.0,0.0,0.0,0.09285714285714286,0.09090909090909091,0.09090909090909091,0.0,0.05555555555555555,3,7,0,0,0,0,0,1,0.0,0.39,0.0,246000.0
10652468,1,0.0,1.0,0.0,0.0,0.0,0.0,1.0,0.0,0.0,0.0,0.0,0.0,0.0,0.0,0.0,0.0,0.0,1.0,0.15408163265306124,0.09090909090909091,0.09090909090909091,0.0,0.0,5,6,0,0,0,0,0,0,0.0,0.0,0.0007336212185265035,150000.0
10652465,0,0.0,1.0,0.0,1.0,0.0,0.0,0.0,0.0,0.0,0.0,0.0,0.0,0.0,0.0,0.0,0.0,0.0,1.0,0.0836734693877551,0.09090909090909091,0.09090909090909091,0.0,0.05555555555555555,3,3,0,1,0,0,0,1,0.0,0.21,0.0,269900.0
10652477,1,1.0,0.0,0.0,0.0,1.0,0.0,0.0,0.0,0.0,0.0,0.0,0.0,0.0,0.0,0.0,0.0,0.0,1.0,0.18877551020408165,0.2727272727272727,0.09090909090909091,0.0,0.1111111111111111,3,0,0,1,0,0,1,0,0.0,0.0,0.00022925663078953234,799000.0
10652481,1,0.0,1.0,0.0,0.0,0.0,1.0,0.0,0.0,0.0,0.0,0.0,0.0,0.0,0.0,0.0,0.0,0.0,1.0,0.2602040816326531,0.1818181818181818,0.09090909090909091,0.0,0.0,5,6,0,0,0,0,1,0,0.19,0.0,0.0002521822938684856,299000.0
10652484,0,0.0,1.0,0.0,1.0,0.0,0.0,0.0,0.0,0.0,0.0,0.0,0.0,0.0,0.0,0.0,0.0,1.0,0.0,0.04795918367346939,0.0,0.09090909090909091,0.0,0.0,3,2,0,0,0,0,0,1,0.0,0.24,0.0,219000.0
10652485,0,1.0,0.0,0.0,0.0,1.0,0.0,0.0,0.0,0.0,0.0,0.0,0.0,0.0,0.0,0.0,0.0,0.0,1.0,0.113265306122449,0.09090909090909091,0.18181818181818182,0.0,0.1111111111111111,1,3,1,0,0,0,0,1,0.0,0.2,0.0,525000.0
10652480,1,1.0,0.0,0.0,0.0,1.0,0.0,0.0,0.0,0.0,0.0,0.0,0.0,0.0,0.0,0.0,0.0,0.0,1.0,0.18877551020408165,0.2727272727272727,0.09090909090909091,0.0,0.1111111111111111,3,0,0,1,0,0,1,0,0.0,0.0,0.00022925663078953234,799000.0
10652487,1,0.0,0.0,1.0,0.0,0.0,0.0,0.0,1.0,0.0,0.0,0.0,0.0,0.0,0.0,0.0,0.0,0.0,1.0,0.2091836734693878,0.2727272727272727,0.09090909090909091,0.07142857142857142,0.1111111111111111,3,4,0,1,0,0,1,1,1.0,0.2,0.0018340530463162588,318000.0
10652489,0,0.0,0.0,1.0,0.0,0.0,0.0,0.0,0.0,0.0,1.0,0.0,0.0,0.0,0.0,0.0,0.0,0.0,1.0,0.05612244897959184,0.09090909090909091,0.09090909090909091,0.0,0.05555555555555555,3,4,1,1,0,0,0,1,0.0,0.04,0.0,175000.0
10652497,1,0.0,0.0,1.0,0.0,0.0,0.0,0.0,1.0,0.0,0.0,0.0,0.0,0.0,0.0,0.0,0.0,0.0,1.0,0.15816326530612246,0.1818181818181818,0.09090909090909091,0.0,0.0,0,6,0,0,0,0,1,1,0.45,0.2,0.0004126619354211582,280000.0
10652491,0,1.0,0.0,0.0,0.0,1.0,0.0,0.0,0.0,0.0,0.0,0.0,0.0,0.0,0.0,0.0,0.0,1.0,0.0,0.07959183673469389,0.09090909090909091,0.0,0.07142857142857142,0.05555555555555555,2,5,0,0,0,0,0,1,0.0,0.21,0.0,319000.0
10652498,1,0.0,1.0,0.0,0.0,0.0,1.0,0.0,0.0,0.0,0.0,0.0,0.0,0.0,0.0,0.0,0.0,1.0,0.0,0.10204081632653061,0.09090909090909091,0.09090909090909091,0.07142857142857142,0.05555555555555555,3,4,0,0,0,0,1,1,0.04,0.0,8.986859926949667e-05,230000.0
10652496,1,1.0,0.0,0.0,0.0,1.0,0.0,0.0,0.0,0.0,0.0,0.0,0.0,0.0,0.0,0.0,0.0,0.0,1.0,0.11530612244897961,0.2727272727272727,0.09090909090909091,0.0,0.1111111111111111,5,7,0,0,0,0,1,0,0.025,0.0,6.87769892368597e-05,325000.0
10652499,1,0.0,0.0,1.0,0.0,0.0,0.0,0.0,1.0,0.0,0.0,0.0,0.0,0.0,0.0,0.0,0.0,1.0,0.0,0.2857142857142857,0.2727272727272727,0.18181818181818182,0.14285714285714285,0.16666666666666666,3,3,0,1,0,0,1,1,1.0,1.0,0.00011096020930213364,420000.0
10652501,1,1.0,0.0,0.0,0.0,1.0,0.0,0.0,0.0,0.0,0.0,0.0,0.0,0.0,0.0,0.0,0.0,0.0,1.0,0.176530612244898,0.4545454545454545,0.0,0.07142857142857142,0.05555555555555555,3,7,0,1,0,0,0,1,0.0,0.08,7.061104228317596e-05,349000.0
10652500,0,1.0,0.0,0.0,0.0,1.0,0.0,0.0,0.0,0.0,0.0,0.0,0.0,0.0,0.0,0.0,0.0,0.0,1.0,0.1,0.09090909090909091,0.09090909090909091,0.0,0.05555555555555555,6,5,0,0,0,0,0,1,0.0,0.03,0.0,329000.0
10652502,1,0.0,0.0,1.0,0.0,0.0,0.0,0.0,0.0,0.0,1.0,0.0,0.0,0.0,0.0,0.0,0.0,0.0,1.0,0.1479591836734694,0.2727272727272727,0.09090909090909091,0.0,0.0,3,4,0,0,0,0,1,1,0.72,0.56,0.0007611320142212473,299000.0
10652503,0,1.0,0.0,0.0,0.0,1.0,0.0,0.0,0.0,0.0,0.0,0.0,0.0,0.0,0.0,0.0,1.0,0.0,0.0,0.08571428571428572,0.1818181818181818,0.0,0.07142857142857142,0.05555555555555555,3,2,1,0,0,0,0,1,0.0,0.14,0.0,350000.0
10652506,0,1.0,0.0,0.0,0.0,1.0,0.0,0.0,0.0,0.0,0.0,0.0,0.0,0.0,0.0,0.0,0.0,0.0,1.0,0.10204081632653061,0.09090909090909091,0.0,0.07142857142857142,0.05555555555555555,2,5,1,0,0,0,0,1,0.0,0.04,0.0,365000.0
10652478,0,1.0,0.0,0.0,0.0,1.0,0.0,0.0,0.0,0.0,0.0,0.0,0.0,0.0,0.0,0.0,0.0,0.0,1.0,0.06428571428571428,0.09090909090909091,0.0,0.07142857142857142,0.05555555555555555,3,7,1,0,0,0,0,0,0.0,0.0,0.0,269000.0
10652507,1,0.0,1.0,0.0,0.0,0.0,0.0,0.0,0.0,1.0,0.0,0.0,0.0,0.0,0.0,0.0,0.0,0.0,1.0,0.14489795918367349,0.1818181818181818,0.09090909090909091,0.0,0.1111111111111111,0,0,0,0,0,0,0,0,0.0,0.0,0.0004429238106853765,294000.0
10652510,1,0.0,1.0,0.0,1.0,0.0,0.0,0.0,0.0,0.0,0.0,0.0,0.0,0.0,0.0,0.0,0.0,0.0,1.0,0.12551020408163266,0.2727272727272727,0.09090909090909091,0.0,0.1111111111111111,5,5,0,1,0,0,0,1,0.0,0.3,0.0005227051182001338,299000.0
10652511,0,1.0,0.0,0.0,0.0,1.0,0.0,0.0,0.0,0.0,0.0,0.0,0.0,0.0,0.0,0.0,1.0,0.0,0.0,0.07755102040816328,0.09090909090909091,0.09090909090909091,0.0,0.1111111111111111,2,3,0,0,1,0,1,1,0.04,0.1,0.0,395000.0
10652508,0,0.0,1.0,0.0,0.0,0.0,0.0,1.0,0.0,0.0,0.0,0.0,0.0,0.0,0.0,0.0,0.0,0.0,1.0,0.07959183673469389,0.09090909090909091,0.0,0.0,0.05555555555555555,1,2,0,0,0,0,1,1,0.0,0.22,0.0,285000.0
10652518,1,1.0,0.0,0.0,0.0,1.0,0.0,0.0,0.0,0.0,0.0,0.0,0.0,0.0,0.0,0.0,1.0,0.0,0.0,0.2448979591836735,0.36363636363636365,0.4545454545454546,0.0,0.2777777777777778,5,0,0,0,0,0,1,0,0.068,0.0,0.00016047964155267263,420000.0
10652512,1,0.0,1.0,0.0,0.0,0.0,0.0,1.0,0.0,0.0,0.0,0.0,0.0,0.0,0.0,0.0,0.0,1.0,0.0,0.09591836734693879,0.09090909090909091,0.09090909090909091,0.0,0.1111111111111111,3,3,0,0,0,0,1,1,0.032,0.04,9.353670536212919e-05,310000.0
10652513,0,1.0,0.0,0.0,0.0,1.0,0.0,0.0,0.0,0.0,0.0,0.0,0.0,0.0,0.0,0.0,0.0,0.0,1.0,0.09591836734693879,0.09090909090909091,0.09090909090909091,0.07142857142857142,0.1111111111111111,2,5,1,1,0,1,0,1,0.0,0.07,0.0,400000.0
10652519,1,0.0,1.0,0.0,0.0,0.0,0.0,0.0,0.0,0.0,0.0,0.0,0.0,0.0,1.0,0.0,0.0,0.0,1.0,0.213265306122449,0.2727272727272727,0.09090909090909091,0.0,0.1111111111111111,6,0,0,0,0,0,0,0,0.0,0.0,0.0017707782162183477,449000.0
10652522,1,1.0,0.0,0.0,0.0,1.0,0.0,0.0,0.0,0.0,0.0,0.0,0.0,0.0,0.0,0.0,0.0,0.0,1.0,0.10204081632653061,0.2727272727272727,0.0,0.07142857142857142,0.1111111111111111,2,7,0,0,0,0,0,1,0.0,0.11,0.00012379858062634745,449000.0
10652529,1,0.0,0.0,1.0,0.0,0.0,0.0,0.0,0.0,0.0,1.0,0.0,0.0,0.0,0.0,0.0,0.0,1.0,0.0,0.23265306122448984,0.1818181818181818,0.2727272727272727,0.0,0.1111111111111111,0,4,0,0,0,0,0,1,0.0,0.3,0.00024117797559058802,259000.0
10652526,0,1.0,0.0,0.0,0.0,1.0,0.0,0.0,0.0,0.0,0.0,0.0,0.0,0.0,0.0,0.0,1.0,0.0,0.0,0.09183673469387757,0.1818181818181818,0.09090909090909091,0.07142857142857142,0.1111111111111111,2,5,1,0,0,0,0,1,0.0,0.09,0.0,475000.0
10652523,1,0.0,0.0,1.0,0.0,0.0,0.0,0.0,0.0,0.0,0.0,0.0,1.0,0.0,0.0,0.0,0.0,0.0,1.0,0.1326530612244898,0.1818181818181818,0.0,0.0,0.0,0,0,0,0,0,0,1,0,0.0,0.0,0.002198112576010036,419642.0
10652524,1,0.0,0.0,1.0,0.0,0.0,0.0,0.0,1.0,0.0,0.0,0.0,0.0,0.0,0.0,0.0,0.0,0.0,1.0,0.09183673469387757,0.0,0.0,0.0,0.0,5,0,0,0,0,0,1,0,1.0,0.0,0.0018340530463162588,213000.0
10652527,1,0.0,1.0,0.0,0.0,0.0,0.0,1.0,0.0,0.0,0.0,0.0,0.0,0.0,0.0,0.0,0.0,0.0,1.0,0.19183673469387758,0.2727272727272727,0.18181818181818182,0.0,0.1111111111111111,2,6,0,0,0,0,1,1,0.178,0.27,0.0002466801347295368,499000.0
10652534,1,1.0,0.0,0.0,0.0,1.0,0.0,0.0,0.0,0.0,0.0,0.0,0.0,0.0,0.0,0.0,0.0,1.0,0.0,0.2142857142857143,0.1818181818181818,0.18181818181818182,0.0,0.2222222222222222,3,6,0,0,0,0,0,0,0.0,0.0,6.602590966738531e-05,525000.0
10652530,1,0.0,1.0,0.0,0.0,0.0,0.0,1.0,0.0,0.0,0.0,0.0,0.0,0.0,0.0,0.0,0.0,0.0,1.0,0.2724489795918367,0.36363636363636365,0.09090909090909091,0.07142857142857142,0.1111111111111111,2,4,0,0,0,0,1,1,0.084,0.43,0.00022650555122005793,499000.0
10652533,0,1.0,0.0,0.0,0.0,1.0,0.0,0.0,0.0,0.0,0.0,0.0,0.0,0.0,0.0,0.0,1.0,0.0,0.0,0.07857142857142857,0.09090909090909091,0.0,0.07142857142857142,0.05555555555555555,3,4,1,0,0,0,0,0,0.0,0.0,0.0,220000.0
10652538,0,1.0,0.0,0.0,0.0,1.0,0.0,0.0,0.0,0.0,0.0,0.0,0.0,0.0,0.0,0.0,1.0,0.0,0.0,0.12346938775510205,0.1818181818181818,0.09090909090909091,0.07142857142857142,0.1111111111111111,0,2,1,0,0,0,0,0,0.0,0.0,0.0,390000.0
10652542,0,0.0,1.0,0.0,0.0,0.0,0.0,0.0,0.0,0.0,0.0,0.0,0.0,0.0,1.0,0.0,0.0,1.0,0.0,0.03775510204081633,0.0,0.0,0.0,0.1111111111111111,3,2,1,0,0,0,0,0,0.0,0.0,0.0,119000.0
10652551,1,1.0,0.0,0.0,0.0,1.0,0.0,0.0,0.0,0.0,0.0,0.0,0.0,0.0,0.0,1.0,0.0,0.0,0.0,0.23265306122448984,0.4545454545454545,0.09090909090909091,0.07142857142857142,0.1111111111111111,2,6,0,1,0,0,1,1,0.014,0.07,7.336212185265035e-05,549000.0
10652549,1,1.0,0.0,0.0,0.0,1.0,0.0,0.0,0.0,0.0,0.0,0.0,0.0,0.0,0.0,0.0,1.0,0.0,0.0,0.2448979591836735,0.36363636363636365,0.0,0.21428571428571427,0.2222222222222222,3,0,0,0,0,0,0,1,0.0,0.01,0.00014213911108951004,544000.0
10652553,1,0.0,0.0,1.0,0.0,0.0,0.0,0.0,0.0,0.0,0.0,0.0,0.0,1.0,0.0,0.0,0.0,0.0,1.0,0.2275510204081633,0.1818181818181818,0.09090909090909091,0.0,0.1111111111111111,3,6,0,1,0,0,1,1,0.6950000000000001,0.38,0.0008033152342865213,550000.0
10652546,1,0.0,0.0,1.0,0.0,0.0,0.0,0.0,0.0,0.0,0.0,0.0,1.0,0.0,0.0,0.0,0.0,1.0,0.0,0.06428571428571428,0.09090909090909091,0.0,0.07142857142857142,0.05555555555555555,3,5,0,1,0,0,0,0,0.0,0.0,0.0009903886450107796,249000.0
10652555,1,1.0,0.0,0.0,0.0,1.0,0.0,0.0,0.0,0.0,0.0,0.0,0.0,0.0,0.0,0.0,0.0,0.0,1.0,0.1479591836734694,0.2727272727272727,0.09090909090909091,0.14285714285714285,0.16666666666666666,2,3,0,0,0,0,1,0,0.115,0.0,0.00021641825946531852,560000.0
10652559,1,1.0,0.0,0.0,0.0,1.0,0.0,0.0,0.0,0.0,0.0,0.0,0.0,0.0,0.0,0.0,1.0,0.0,0.0,0.15510204081632656,0.2727272727272727,0.09090909090909091,0.0,0.16666666666666666,3,7,0,0,0,0,1,0,0.045,0.0,0.00010912615625581739,845000.0
10652558,1,0.0,0.0,1.0,0.0,0.0,0.0,0.0,0.0,0.0,0.0,0.0,0.0,1.0,0.0,0.0,0.0,0.0,1.0,0.25510204081632654,0.1818181818181818,0.18181818181818182,0.0,0.16666666666666666,1,1,0,1,0,0,1,1,1.0,0.64,0.001870734107242584,699000.0
10652557,0,1.0,0.0,0.0,0.0,1.0,0.0,0.0,0.0,0.0,0.0,0.0,0.0,0.0,0.0,0.0,1.0,0.0,0.0,0.09387755102040818,0.09090909090909091,0.09090909090909091,0.0,0.05555555555555555,3,5,1,0,0,0,0,1,0.0,0.0,0.0,525000.0
10652587,0,0.0,1.0,0.0,1.0,0.0,0.0,0.0,0.0,0.0,0.0,0.0,0.0,0.0,0.0,0.0,0.0,0.0,1.0,0.07653061224489796,0.09090909090909091,0.09090909090909091,0.0,0.0,3,2,1,0,0,0,0,1,0.0,0.12,0.0,268000.0
10652589,0,0.0,1.0,0.0,1.0,0.0,0.0,0.0,0.0,0.0,0.0,0.0,0.0,0.0,0.0,0.0,0.0,0.0,1.0,0.059183673469387764,0.09090909090909091,0.09090909090909091,0.0,0.0,3,2,1,0,0,0,0,1,0.0,0.06,0.0,215000.0
10652583,1,0.0,0.0,1.0,0.0,0.0,0.0,0.0,0.0,0.0,0.0,0.0,0.0,1.0,0.0,0.0,0.0,1.0,0.0,0.20408163265306126,0.2727272727272727,0.18181818181818182,0.0,0.0,5,7,0,1,0,0,1,1,0.0,0.0,0.0027776733386459737,495000.0
10652580,0,0.0,1.0,0.0,1.0,0.0,0.0,0.0,0.0,0.0,0.0,0.0,0.0,0.0,0.0,0.0,0.0,0.0,1.0,0.07142857142857142,0.09090909090909091,0.09090909090909091,0.0,0.05555555555555555,1,2,0,1,0,0,1,1,0.0,0.0,0.0,279000.0
10652590,1,0.0,1.0,0.0,1.0,0.0,0.0,0.0,0.0,0.0,0.0,0.0,0.0,0.0,0.0,0.0,0.0,0.0,1.0,0.14489795918367349,0.1818181818181818,0.09090909090909091,0.0,0.1111111111111111,0,3,0,0,0,0,0,0,0.0,0.0,0.0002475971612526949,345000.0
10652563,1,0.0,1.0,0.0,1.0,0.0,0.0,0.0,0.0,0.0,0.0,0.0,0.0,0.0,0.0,0.0,0.0,1.0,0.0,0.16836734693877553,0.1818181818181818,0.09090909090909091,0.0,0.1111111111111111,0,0,0,1,0,0,1,1,0.18,0.13,0.0002558503999611181,393000.0
10652556,1,1.0,0.0,0.0,0.0,1.0,0.0,0.0,0.0,0.0,0.0,0.0,0.0,0.0,0.0,0.0,0.0,0.0,1.0,0.176530612244898,0.36363636363636365,0.09090909090909091,0.0,0.1111111111111111,6,7,0,0,0,0,1,0,0.35000000000000003,0.0,0.00043925570459274395,795000.0
10652599,1,1.0,0.0,0.0,0.0,1.0,0.0,0.0,0.0,0.0,0.0,0.0,0.0,0.0,0.0,0.0,0.0,0.0,1.0,0.1459183673469388,0.09090909090909091,0.0,0.14285714285714285,0.16666666666666666,2,7,0,0,0,0,0,0,0.0,0.0,5.7772670958962145e-05,349000.0
10652603,0,1.0,0.0,0.0,0.0,1.0,0.0,0.0,0.0,0.0,0.0,0.0,0.0,0.0,0.0,1.0,0.0,0.0,0.0,0.05204081632653062,0.0,0.0,0.07142857142857142,0.05555555555555555,0,5,0,0,0,0,0,0,0.0,0.0,0.0,210000.0
10652604,0,1.0,0.0,0.0,0.0,1.0,0.0,0.0,0.0,0.0,0.0,0.0,0.0,0.0,0.0,1.0,0.0,0.0,0.0,0.08571428571428572,0.0,0.0,0.14285714285714285,0.1111111111111111,0,5,0,0,0,0,0,0,0.0,0.0,0.0,245000.0
10652596,1,0.0,0.0,1.0,0.0,0.0,0.0,0.0,0.0,0.0,0.0,0.0,0.0,1.0,0.0,0.0,0.0,0.0,1.0,0.2602040816326531,0.2727272727272727,0.0,0.0,0.0,1,5,0,0,1,0,0,1,0.0,0.0,0.0010243186263676305,995000.0
10652606,1,1.0,0.0,0.0,0.0,1.0,0.0,0.0,0.0,0.0,0.0,0.0,0.0,0.0,0.0,0.0,1.0,0.0,0.0,0.11224489795918369,0.2727272727272727,0.09090909090909091,0.0,0.1111111111111111,0,7,0,0,0,0,1,1,0.12,0.25,0.0001971607024789978,395000.0
10652608,1,1.0,0.0,0.0,0.0,1.0,0.0,0.0,0.0,0.0,0.0,0.0,0.0,0.0,0.0,1.0,0.0,0.0,0.0,0.27040816326530615,0.36363636363636365,0.0,0.2857142857142857,0.2777777777777778,0,0,0,0,0,0,0,0,0.0,0.0,8.253238708423164e-05,895000.0
10652611,1,1.0,0.0,0.0,0.0,1.0,0.0,0.0,0.0,0.0,0.0,0.0,0.0,0.0,0.0,0.0,0.0,0.0,1.0,0.1469387755102041,0.1818181818181818,0.0,0.07142857142857142,0.1111111111111111,0,7,0,0,0,0,1,1,0.092,0.16,0.0002475971612526949,369000.0
10652609,0,1.0,0.0,0.0,0.0,1.0,0.0,0.0,0.0,0.0,0.0,0.0,0.0,0.0,0.0,1.0,0.0,0.0,0.0,0.0326530612244898,0.0,0.0,0.07142857142857142,0.05555555555555555,0,5,0,0,0,0,0,0,0.0,0.0,0.0,189000.0
10652613,0,0.0,0.0,1.0,0.0,0.0,0.0,0.0,1.0,0.0,0.0,0.0,0.0,0.0,0.0,0.0,0.0,0.0,1.0,0.12244897959183676,0.1818181818181818,0.0,0.07142857142857142,0.0,0,5,0,0,0,0,0,1,0.0,0.06,0.0,189000.0
10652619,1,0.0,1.0,0.0,0.0,0.0,0.0,0.0,0.0,0.0,0.0,0.0,0.0,0.0,1.0,0.0,0.0,0.0,1.0,0.20408163265306126,0.1818181818181818,0.0,0.0,0.05555555555555555,3,5,0,0,0,0,1,1,0.0,0.0,0.0005502159138948776,395000.0
10652634,0,1.0,0.0,0.0,0.0,1.0,0.0,0.0,0.0,0.0,0.0,0.0,0.0,0.0,0.0,0.0,1.0,0.0,0.0,0.05510204081632653,0.09090909090909091,0.09090909090909091,0.0,0.05555555555555555,3,5,1,0,0,0,0,1,0.0,0.05,0.0,239000.0
10652622,1,0.0,0.0,1.0,0.0,0.0,0.0,0.0,0.0,0.0,0.0,0.0,0.0,1.0,0.0,0.0,0.0,0.0,1.0,0.1836734693877551,0.2727272727272727,0.18181818181818182,0.14285714285714285,0.05555555555555555,4,3,0,1,0,0,1,1,0.7000000000000001,0.3,0.0007611320142212473,475000.0
10652624,0,1.0,0.0,0.0,0.0,1.0,0.0,0.0,0.0,0.0,0.0,0.0,0.0,0.0,0.0,0.0,1.0,0.0,0.0,0.0816326530612245,0.09090909090909091,0.0,0.07142857142857142,0.05555555555555555,0,7,0,0,0,0,0,1,0.0,0.04,0.0,185000.0
10652635,1,0.0,1.0,0.0,0.0,0.0,0.0,1.0,0.0,0.0,0.0,0.0,0.0,0.0,0.0,0.0,1.0,0.0,0.0,0.19387755102040818,0.2727272727272727,0.18181818181818182,0.07142857142857142,0.16666666666666666,3,5,0,0,0,0,1,1,0.4,0.3,0.0009601267697465615,775000.0
10652640,0,0.0,1.0,0.0,1.0,0.0,0.0,0.0,0.0,0.0,0.0,0.0,0.0,0.0,0.0,0.0,0.0,0.0,1.0,0.08469387755102042,0.09090909090909091,0.0,0.0,0.05555555555555555,1,2,0,0,0,0,0,1,0.0,0.09,0.0,325000.0
10652641,1,0.0,1.0,0.0,1.0,0.0,0.0,0.0,0.0,0.0,0.0,0.0,0.0,0.0,0.0,0.0,0.0,0.0,1.0,0.23469387755102042,0.2727272727272727,0.0,0.0,0.0,0,0,0,0,0,0,1,0,0.08,0.0,0.00015956261502951451,129000.0
10652644,1,0.0,0.0,1.0,0.0,0.0,0.0,0.0,1.0,0.0,0.0,0.0,0.0,0.0,0.0,0.0,0.0,0.0,1.0,0.1510204081632653,0.1818181818181818,0.09090909090909091,0.0,0.05555555555555555,4,7,0,0,0,0,1,1,0.34900000000000003,0.37,0.0004951943225053898,180000.0
10652653,1,0.0,0.0,1.0,0.0,0.0,0.0,0.0,0.0,0.0,1.0,0.0,0.0,0.0,0.0,0.0,0.0,0.0,1.0,0.4673469387755102,0.36363636363636365,0.09090909090909091,0.0,0.1111111111111111,3,4,0,0,0,0,1,1,1.0,0.9,0.0014479848800666862,840000.0
10652655,1,0.0,0.0,1.0,0.0,0.0,0.0,0.0,0.0,0.0,1.0,0.0,0.0,0.0,0.0,0.0,0.0,1.0,0.0,0.16632653061224492,0.36363636363636365,0.09090909090909091,0.0,0.0,3,4,0,0,0,0,0,0,0.0,0.0,0.00013571992542740313,228000.0
10652636,1,1.0,0.0,0.0,0.0,1.0,0.0,0.0,0.0,0.0,0.0,0.0,0.0,0.0,0.0,0.0,1.0,0.0,0.0,0.336734693877551,0.36363636363636365,0.2727272727272727,0.14285714285714285,0.2222222222222222,3,7,0,0,0,0,0,0,0.0,0.0,0.00011921344801055682,790000.0
10652648,1,0.0,0.0,1.0,0.0,0.0,0.0,0.0,0.0,0.0,1.0,0.0,0.0,0.0,0.0,0.0,0.0,0.0,1.0,0.563265306122449,0.8181818181818182,0.4545454545454546,0.0,0.2777777777777778,3,3,0,0,0,0,1,1,0.45,0.3,0.0009170265231581294,925000.0
10652642,1,0.0,0.0,1.0,0.0,0.0,0.0,0.0,0.0,0.0,0.0,0.0,0.0,1.0,0.0,0.0,0.0,0.0,1.0,0.7959183673469388,0.8181818181818182,0.7272727272727273,0.0,0.4444444444444444,0,4,0,1,0,0,1,0,1.0,0.0,0.03668106092632517,3150000.0
10652657,1,0.0,0.0,1.0,0.0,0.0,0.0,0.0,0.0,0.0,1.0,0.0,0.0,0.0,0.0,0.0,0.0,1.0,0.0,0.1112244897959184,0.1818181818181818,0.18181818181818182,0.14285714285714285,0.16666666666666666,1,4,0,0,0,0,1,1,0.5,0.0,0.0005685564443580402,385000.0
10652672,1,0.0,1.0,0.0,1.0,0.0,0.0,0.0,0.0,0.0,0.0,0.0,0.0,0.0,0.0,0.0,0.0,0.0,1.0,0.07653061224489796,0.1818181818181818,0.09090909090909091,0.0,0.05555555555555555,4,6,0,1,0,0,1,0,0.0,0.0,0.0002787760630400713,99000.0
10652676,0,1.0,0.0,0.0,0.0,1.0,0.0,0.0,0.0,0.0,0.0,0.0,0.0,0.0,0.0,0.0,0.0,0.0,1.0,0.07959183673469389,0.1818181818181818,0.09090909090909091,0.0,0.05555555555555555,3,5,1,0,0,0,0,1,0.0,0.14,0.0,299000.0
10652679,1,0.0,1.0,0.0,0.0,0.0,0.0,0.0,0.0,0.0,0.0,0.0,0.0,0.0,1.0,0.0,0.0,0.0,1.0,0.12244897959183676,0.1818181818181818,0.0,0.0,0.1111111111111111,0,0,0,0,0,0,0,0,0.0,0.0,0.00027143985085480626,415000.0
10652682,1,0.0,1.0,0.0,1.0,0.0,0.0,0.0,0.0,0.0,0.0,0.0,0.0,0.0,0.0,0.0,0.0,0.0,1.0,0.32448979591836735,0.36363636363636365,0.18181818181818182,0.0,0.16666666666666666,0,0,0,1,0,0,0,1,0.0,0.0,0.0008876816744170691,892000.0
10652680,0,0.0,1.0,0.0,1.0,0.0,0.0,0.0,0.0,0.0,0.0,0.0,0.0,0.0,0.0,0.0,0.0,0.0,1.0,0.0836734693877551,0.09090909090909091,0.0,0.0,0.05555555555555555,0,2,0,1,0,0,1,0,0.0,0.0,0.0,189000.0
10652681,0,0.0,1.0,0.0,1.0,0.0,0.0,0.0,0.0,0.0,0.0,0.0,0.0,0.0,0.0,0.0,0.0,1.0,0.0,0.06122448979591837,0.09090909090909091,0.09090909090909091,0.0,0.05555555555555555,1,1,1,0,0,1,0,1,0.0,0.18,0.0,318000.0
10652694,1,1.0,0.0,0.0,0.0,1.0,0.0,0.0,0.0,0.0,0.0,0.0,0.0,0.0,0.0,0.0,1.0,0.0,0.0,0.1479591836734694,0.36363636363636365,0.0,0.21428571428571427,0.16666666666666666,0,7,0,1,0,0,1,1,0.09,0.0,0.00017973719853899334,449900.0
10652691,1,0.0,0.0,1.0,0.0,0.0,0.0,0.0,0.0,0.0,0.0,0.0,0.0,1.0,0.0,0.0,0.0,0.0,1.0,0.14285714285714288,0.36363636363636365,0.18181818181818182,0.0,0.0,0,2,0,0,0,0,1,0,0.47600000000000003,0.0,0.00043650462502326957,395000.0
10652703,1,0.0,1.0,0.0,0.0,0.0,0.0,0.0,0.0,0.0,0.0,0.0,0.0,0.0,1.0,0.0,0.0,1.0,0.0,0.15612244897959185,0.2727272727272727,0.09090909090909091,0.0,0.0,3,6,0,0,0,0,0,1,0.0,0.25,0.00035488926446219606,250000.0
10652698,1,0.0,0.0,1.0,0.0,0.0,0.0,0.0,0.0,0.0,0.0,0.0,0.0,1.0,0.0,0.0,0.0,0.0,1.0,0.14285714285714288,0.36363636363636365,0.18181818181818182,0.0,0.0,0,2,0,0,0,0,1,0,0.47600000000000003,0.0,0.00043650462502326957,395000.0
10652705,1,0.0,0.0,1.0,0.0,0.0,0.0,0.0,0.0,0.0,0.0,0.0,0.0,1.0,0.0,0.0,0.0,0.0,1.0,0.1816326530612245,0.2727272727272727,0.18181818181818182,0.0,0.0,0,5,0,0,0,0,0,1,0.0,0.16,0.00034847007880008915,325000.0
10652706,0,0.0,1.0,0.0,1.0,0.0,0.0,0.0,0.0,0.0,0.0,0.0,0.0,0.0,0.0,0.0,0.0,0.0,1.0,0.10714285714285715,0.1818181818181818,0.09090909090909091,0.0,0.0,3,2,1,0,0,0,0,1,0.0,0.0,0.0,299000.0
10652707,1,0.0,0.0,1.0,0.0,0.0,0.0,0.0,1.0,0.0,0.0,0.0,0.0,0.0,0.0,0.0,1.0,0.0,0.0,0.1836734693877551,0.36363636363636365,0.09090909090909091,0.07142857142857142,0.1111111111111111,3,4,0,1,0,0,1,1,0.321,0.56,0.0005043645877369712,335000.0
10652709,1,0.0,0.0,1.0,0.0,0.0,0.0,0.0,0.0,0.0,1.0,0.0,0.0,0.0,0.0,0.0,0.0,0.0,1.0,0.05612244897959184,0.09090909090909091,0.09090909090909091,0.0,0.05555555555555555,0,7,0,0,0,0,0,0,0.0,0.0,0.000687769892368597,199000.0
10652711,0,0.0,0.0,1.0,0.0,0.0,0.0,0.0,0.0,0.0,1.0,0.0,0.0,0.0,0.0,0.0,0.0,0.0,1.0,0.1969387755102041,0.09090909090909091,0.09090909090909091,0.07142857142857142,0.1111111111111111,0,2,0,0,0,0,0,1,0.0,0.21,0.0,329000.0
10521641,0,0.0,1.0,0.0,1.0,0.0,0.0,0.0,0.0,0.0,0.0,0.0,0.0,0.0,0.0,0.0,0.0,0.0,1.0,0.0653061224489796,0.09090909090909091,0.09090909090909091,0.0,0.05555555555555555,3,1,1,1,0,0,0,1,0.0,0.09,0.0,349000.0
10652712,1,0.0,1.0,0.0,0.0,0.0,0.0,1.0,0.0,0.0,0.0,0.0,0.0,0.0,0.0,0.0,0.0,0.0,1.0,0.10102040816326532,0.1818181818181818,0.09090909090909091,0.0,0.1111111111111111,5,6,0,0,0,0,1,0,0.07,0.0,0.0001375539784737194,450000.0
10652714,1,0.0,0.0,1.0,0.0,0.0,0.0,0.0,0.0,0.0,1.0,0.0,0.0,0.0,0.0,1.0,0.0,0.0,0.0,0.2163265306122449,0.1818181818181818,0.0,0.07142857142857142,0.1111111111111111,0,4,0,0,0,0,0,1,0.0,0.1,8.253238708423164e-05,349000.0
10652721,0,1.0,0.0,0.0,0.0,1.0,0.0,0.0,0.0,0.0,0.0,0.0,0.0,0.0,0.0,0.0,0.0,0.0,1.0,0.05306122448979592,0.0,0.09090909090909091,0.0,0.05555555555555555,1,0,1,0,0,0,1,1,0.035,0.1,0.0,249900.0
10652713,1,0.0,0.0,1.0,0.0,0.0,0.0,0.0,0.0,0.0,1.0,0.0,0.0,0.0,0.0,0.0,0.0,0.0,1.0,0.13571428571428573,0.2727272727272727,0.18181818181818182,0.0,0.1111111111111111,0,5,0,0,0,0,0,1,0.0,0.22,0.00011371128887160804,249000.0
10652723,0,1.0,0.0,0.0,0.0,1.0,0.0,0.0,0.0,0.0,0.0,0.0,0.0,0.0,0.0,0.0,0.0,0.0,1.0,0.04795918367346939,0.0,0.09090909090909091,0.0,0.05555555555555555,1,0,1,0,0,0,0,1,0.0,0.04,0.0,224900.0
10652722,0,1.0,0.0,0.0,0.0,1.0,0.0,0.0,0.0,0.0,0.0,0.0,0.0,0.0,0.0,0.0,0.0,0.0,1.0,0.08265306122448982,0.1818181818181818,0.09090909090909091,0.07142857142857142,0.05555555555555555,1,0,1,0,0,0,0,1,0.0,0.04,0.0,299900.0
10652725,0,1.0,0.0,0.0,0.0,1.0,0.0,0.0,0.0,0.0,0.0,0.0,0.0,0.0,0.0,0.0,1.0,0.0,0.0,0.07551020408163267,0.09090909090909091,0.09090909090909091,0.07142857142857142,0.05555555555555555,1,2,1,0,0,0,0,1,0.0,0.15,0.0,325000.0
10652727,0,0.0,0.0,1.0,0.0,0.0,0.0,0.0,0.0,0.0,1.0,0.0,0.0,0.0,0.0,0.0,0.0,1.0,0.0,0.2663265306122449,0.1818181818181818,0.18181818181818182,0.0,0.16666666666666666,5,0,0,0,0,0,0,0,0.0,0.0,0.0,199000.0
10652724,0,1.0,0.0,0.0,0.0,1.0,0.0,0.0,0.0,0.0,0.0,0.0,0.0,0.0,0.0,0.0,0.0,0.0,1.0,0.0673469387755102,0.09090909090909091,0.09090909090909091,0.0,0.05555555555555555,1,0,1,0,0,0,0,1,0.0,0.08,0.0,279900.0
10652728,1,0.0,0.0,1.0,0.0,0.0,0.0,0.0,0.0,0.0,1.0,0.0,0.0,0.0,0.0,0.0,0.0,0.0,1.0,0.2510204081632653,0.5454545454545454,0.36363636363636365,0.2857142857142857,0.2222222222222222,3,4,0,0,0,0,1,1,1.0,0.45,0.001878987345951007,490000.0
10652729,1,0.0,0.0,1.0,0.0,0.0,0.0,0.0,0.0,0.0,1.0,0.0,0.0,0.0,0.0,0.0,0.0,0.0,1.0,0.0816326530612245,0.09090909090909091,0.09090909090909091,0.07142857142857142,0.05555555555555555,2,4,0,0,0,0,1,0,0.37,0.0,0.0005960672400527841,191000.0
10652730,1,0.0,0.0,1.0,0.0,0.0,0.0,0.0,0.0,0.0,1.0,0.0,0.0,0.0,0.0,0.0,0.0,0.0,1.0,0.2857142857142857,0.5454545454545454,0.2727272727272727,0.21428571428571427,0.0,3,4,0,0,0,0,1,1,1.0,0.0,0.001283837132421381,299000.0
10652766,1,0.0,1.0,0.0,0.0,0.0,1.0,0.0,0.0,0.0,0.0,0.0,0.0,0.0,0.0,0.0,0.0,1.0,0.0,0.13673469387755105,0.09090909090909091,0.09090909090909091,0.0,0.1111111111111111,3,3,0,1,0,0,0,1,0.0,0.0,0.0007042763697854434,289000.0
10652753,0,0.0,0.0,1.0,0.0,0.0,0.0,0.0,0.0,0.0,0.0,1.0,0.0,0.0,0.0,0.0,0.0,1.0,0.0,0.059183673469387764,0.0,0.0,0.0,0.0,3,3,0,0,0,0,0,0,0.0,0.0,0.0,215000.0
10652763,0,0.0,1.0,0.0,0.0,0.0,1.0,0.0,0.0,0.0,0.0,0.0,0.0,0.0,0.0,0.0,0.0,1.0,0.0,0.336734693877551,0.2727272727272727,0.09090909090909091,0.07142857142857142,0.05555555555555555,3,3,0,1,0,0,0,1,0.0,0.35000000000000003,0.0,595000.0
10652767,1,0.0,1.0,0.0,0.0,0.0,1.0,0.0,0.0,0.0,0.0,0.0,0.0,0.0,0.0,0.0,0.0,1.0,0.0,0.21836734693877555,0.09090909090909091,0.09090909090909091,0.0,0.1111111111111111,3,3,0,1,0,0,0,1,0.0,0.0,0.0001219645275800312,325000.0
10652764,1,0.0,0.0,1.0,0.0,0.0,0.0,0.0,0.0,0.0,0.0,0.0,0.0,1.0,0.0,0.0,0.0,0.0,1.0,0.11734693877551022,0.1818181818181818,0.0,0.07142857142857142,0.05555555555555555,0,3,0,0,0,0,1,1,0.068,0.0,0.0001467242437053007,265000.0
10652770,1,0.0,0.0,1.0,0.0,0.0,0.0,0.0,1.0,0.0,0.0,0.0,0.0,0.0,0.0,0.0,0.0,1.0,0.0,0.051020408163265314,0.09090909090909091,0.09090909090909091,0.0,0.05555555555555555,0,0,0,0,0,0,0,1,0.0,0.0,0.00022925663078953234,146000.0
10652790,1,0.0,1.0,0.0,1.0,0.0,0.0,0.0,0.0,0.0,0.0,0.0,0.0,0.0,0.0,0.0,0.0,1.0,0.0,0.18265306122448982,0.1818181818181818,0.09090909090909091,0.0,0.1111111111111111,0,0,0,1,0,0,1,1,0.0,0.22,0.00022925663078953234,426000.0
10652789,1,0.0,1.0,0.0,1.0,0.0,0.0,0.0,0.0,0.0,0.0,0.0,0.0,0.0,0.0,0.0,0.0,1.0,0.0,0.1795918367346939,0.1818181818181818,0.09090909090909091,0.0,0.1111111111111111,0,0,0,1,0,0,1,1,0.0,0.21,0.0002586014795305925,425000.0
10652788,1,0.0,1.0,0.0,1.0,0.0,0.0,0.0,0.0,0.0,0.0,0.0,0.0,0.0,0.0,0.0,0.0,1.0,0.0,0.18265306122448982,0.1818181818181818,0.09090909090909091,0.0,0.1111111111111111,0,0,0,1,0,0,1,1,0.0,0.22,0.00028886335479481076,431000.0
10652791,1,0.0,1.0,0.0,1.0,0.0,0.0,0.0,0.0,0.0,0.0,0.0,0.0,0.0,0.0,0.0,0.0,1.0,0.0,0.1928571428571429,0.1818181818181818,0.09090909090909091,0.0,0.1111111111111111,0,0,0,1,0,0,1,1,0.0,0.23,0.0006575080171043787,470500.0
10652805,0,0.0,0.0,1.0,0.0,0.0,0.0,0.0,1.0,0.0,0.0,0.0,0.0,0.0,0.0,0.0,1.0,0.0,0.0,0.057142857142857155,0.09090909090909091,0.09090909090909091,0.0,0.0,1,3,1,0,0,0,0,0,0.0,0.0,0.0,140000.0
10652803,0,1.0,0.0,0.0,0.0,1.0,0.0,0.0,0.0,0.0,0.0,0.0,0.0,0.0,0.0,0.0,1.0,0.0,0.0,0.07755102040816328,0.1818181818181818,0.09090909090909091,0.0,0.05555555555555555,2,2,0,0,0,0,0,1,0.0,0.28,0.0,299000.0
10652783,1,1.0,0.0,0.0,0.0,1.0,0.0,0.0,0.0,0.0,0.0,0.0,0.0,0.0,0.0,1.0,0.0,0.0,0.0,0.06122448979591837,0.0,0.09090909090909091,0.07142857142857142,0.05555555555555555,3,7,0,0,0,0,0,0,0.0,0.0,2.475971612526949e-05,385000.0
10652806,1,1.0,0.0,0.0,0.0,1.0,0.0,0.0,0.0,0.0,0.0,0.0,0.0,0.0,0.0,0.0,0.0,1.0,0.0,0.1806122448979592,0.5454545454545454,0.2727272727272727,0.0,0.16666666666666666,3,6,0,0,0,0,0,0,0.0,0.0,0.00024576310820637867,510000.0
10652807,1,0.0,1.0,0.0,0.0,0.0,0.0,1.0,0.0,0.0,0.0,0.0,0.0,0.0,0.0,0.0,0.0,0.0,1.0,0.27755102040816326,0.2727272727272727,0.09090909090909091,0.07142857142857142,0.05555555555555555,5,4,0,0,0,0,1,1,0.8240000000000001,0.0,0.0008757603296160135,495000.0
10652818,0,1.0,0.0,0.0,0.0,1.0,0.0,0.0,0.0,0.0,0.0,0.0,0.0,0.0,0.0,0.0,1.0,0.0,0.0,0.06224489795918368,0.09090909090909091,0.0,0.07142857142857142,0.05555555555555555,3,3,1,0,0,0,0,1,0.0,0.16,0.0,199900.0
10652813,1,1.0,0.0,0.0,0.0,1.0,0.0,0.0,0.0,0.0,0.0,0.0,0.0,0.0,0.0,0.0,1.0,0.0,0.0,0.22142857142857145,0.2727272727272727,0.18181818181818182,0.0,0.0,0,0,0,0,0,0,0,1,0.0,0.0,0.0,650000.0
10652816,0,1.0,0.0,0.0,0.0,1.0,0.0,0.0,0.0,0.0,0.0,0.0,0.0,0.0,0.0,0.0,1.0,0.0,0.0,0.09591836734693879,0.09090909090909091,0.09090909090909091,0.0,0.05555555555555555,6,2,1,1,0,0,0,1,0.0,0.1,0.0,310000.0
10652819,1,0.0,1.0,0.0,0.0,0.0,0.0,0.0,0.0,0.0,0.0,0.0,0.0,0.0,1.0,0.0,0.0,0.0,1.0,0.34285714285714286,0.36363636363636365,0.09090909090909091,0.0,0.1111111111111111,4,3,0,0,0,0,1,0,0.68,0.0,0.000772136332499145,297500.0
10652823,0,0.0,1.0,0.0,0.0,0.0,0.0,0.0,0.0,0.0,0.0,0.0,0.0,0.0,1.0,0.0,0.0,0.0,1.0,0.08571428571428572,0.09090909090909091,0.09090909090909091,0.0,0.05555555555555555,1,0,0,0,0,0,0,1,0.0,0.17,0.0,259500.0
10652821,1,0.0,1.0,0.0,1.0,0.0,0.0,0.0,0.0,0.0,0.0,0.0,0.0,0.0,0.0,0.0,0.0,0.0,1.0,0.13775510204081634,0.1818181818181818,0.09090909090909091,0.0,0.05555555555555555,1,2,0,0,0,0,0,0,0.0,0.0,0.00038056600711062366,449000.0
10652822,0,0.0,1.0,0.0,0.0,0.0,0.0,0.0,0.0,0.0,0.0,0.0,0.0,0.0,1.0,0.0,0.0,0.0,1.0,0.08979591836734696,0.09090909090909091,0.09090909090909091,0.0,0.05555555555555555,1,0,0,0,0,0,0,1,0.0,0.22,0.0,275000.0
10652827,1,0.0,1.0,0.0,0.0,0.0,1.0,0.0,0.0,0.0,0.0,0.0,0.0,0.0,0.0,1.0,0.0,0.0,0.0,0.23571428571428574,0.2727272727272727,0.09090909090909091,0.0,0.05555555555555555,3,6,0,0,0,0,1,1,0.2,0.15,0.00037414682144851674,365000.0
10652824,0,0.0,1.0,0.0,0.0,0.0,0.0,0.0,0.0,0.0,0.0,0.0,0.0,0.0,1.0,0.0,0.0,0.0,1.0,0.09183673469387757,0.09090909090909091,0.0,0.0,0.0,1,0,1,0,0,0,0,1,0.0,0.13,0.0,299600.0
10652825,1,0.0,1.0,0.0,0.0,0.0,0.0,0.0,0.0,0.0,0.0,0.0,0.0,0.0,1.0,0.0,0.0,0.0,1.0,0.3183673469387755,0.1818181818181818,0.09090909090909091,0.0,0.05555555555555555,3,3,0,0,0,0,0,0,0.0,0.0,0.0008179876586570514,395000.0
10652833,0,0.0,0.0,1.0,0.0,0.0,0.0,0.0,0.0,0.0,1.0,0.0,0.0,0.0,0.0,0.0,0.0,1.0,0.0,0.12244897959183676,0.1818181818181818,0.09090909090909091,0.0,0.1111111111111111,0,1,1,0,0,0,0,1,0.0,0.8,0.0,295000.0
10652828,0,1.0,0.0,0.0,0.0,1.0,0.0,0.0,0.0,0.0,0.0,0.0,0.0,0.0,0.0,0.0,1.0,0.0,0.0,0.09183673469387757,0.09090909090909091,0.09090909090909091,0.07142857142857142,0.05555555555555555,2,2,1,0,0,0,0,1,0.0,0.06,0.0,345000.0
10652834,0,1.0,0.0,0.0,0.0,1.0,0.0,0.0,0.0,0.0,0.0,0.0,0.0,0.0,0.0,0.0,1.0,0.0,0.0,0.10306122448979593,0.09090909090909091,0.18181818181818182,0.07142857142857142,0.1111111111111111,6,6,0,0,0,0,1,1,0.047,0.08,0.0,255000.0
10652835,0,1.0,0.0,0.0,0.0,1.0,0.0,0.0,0.0,0.0,0.0,0.0,0.0,0.0,0.0,0.0,1.0,0.0,0.0,0.08265306122448982,0.09090909090909091,0.0,0.14285714285714285,0.05555555555555555,5,7,0,0,0,0,0,0,0.0,0.0,0.0,249000.0
10652841,0,1.0,0.0,0.0,0.0,1.0,0.0,0.0,0.0,0.0,0.0,0.0,0.0,0.0,0.0,0.0,0.0,0.0,1.0,0.08673469387755103,0.09090909090909091,0.09090909090909091,0.0,0.05555555555555555,6,5,1,1,0,0,0,1,0.0,0.06,0.0,279000.0
10652836,1,0.0,1.0,0.0,0.0,0.0,1.0,0.0,0.0,0.0,0.0,0.0,0.0,0.0,0.0,0.0,0.0,0.0,1.0,0.22244897959183677,0.36363636363636365,0.0,0.0,0.1111111111111111,1,3,0,0,0,0,1,0,0.08,0.0,0.0002430120286369043,449000.0
10652838,0,1.0,0.0,0.0,0.0,1.0,0.0,0.0,0.0,0.0,0.0,0.0,0.0,0.0,0.0,0.0,1.0,0.0,0.0,0.036734693877551024,0.0,0.0,0.07142857142857142,0.05555555555555555,6,6,0,0,0,0,0,0,0.0,0.0,0.0,165000.0
10652843,1,0.0,1.0,0.0,1.0,0.0,0.0,0.0,0.0,0.0,0.0,0.0,0.0,0.0,0.0,0.0,0.0,0.0,1.0,0.1438775510204082,0.1818181818181818,0.09090909090909091,0.0,0.1111111111111111,3,3,0,0,0,0,0,1,0.0,0.14,9.720481145476171e-05,349000.0
10652848,0,0.0,1.0,0.0,0.0,0.0,0.0,0.0,0.0,0.0,0.0,0.0,0.0,0.0,1.0,0.0,0.0,0.0,1.0,0.1785714285714286,0.1818181818181818,0.2727272727272727,0.0,0.16666666666666666,3,2,0,0,0,0,0,1,0.0,0.0,0.0,275000.0
10652844,0,1.0,0.0,0.0,0.0,1.0,0.0,0.0,0.0,0.0,0.0,0.0,0.0,0.0,0.0,0.0,0.0,0.0,1.0,0.0653061224489796,0.09090909090909091,0.09090909090909091,0.0,0.05555555555555555,1,5,1,1,0,0,0,1,0.0,0.16,0.0,280000.0
10652847,0,0.0,1.0,0.0,0.0,0.0,0.0,0.0,0.0,0.0,0.0,0.0,0.0,0.0,1.0,0.0,0.0,0.0,1.0,0.039795918367346944,0.0,0.09090909090909091,0.0,0.05555555555555555,3,6,0,0,0,0,0,0,0.0,0.0,0.0,188000.0
10652849,1,0.0,1.0,0.0,0.0,0.0,0.0,0.0,0.0,0.0,0.0,0.0,0.0,0.0,1.0,0.0,0.0,0.0,1.0,0.17346938775510207,0.1818181818181818,0.0,0.0,0.1111111111111111,3,5,0,0,0,1,0,1,0.0,0.0,0.0006685123353822763,439000.0
10652851,0,0.0,1.0,0.0,0.0,0.0,0.0,0.0,0.0,0.0,0.0,0.0,0.0,0.0,1.0,1.0,0.0,0.0,0.0,0.13877551020408166,0.09090909090909091,0.09090909090909091,0.0,0.1111111111111111,3,4,0,0,0,0,0,1,0.0,0.0,0.0,475000.0
10652855,1,0.0,1.0,0.0,0.0,0.0,0.0,0.0,0.0,0.0,0.0,0.0,0.0,0.0,1.0,0.0,0.0,1.0,0.0,0.08979591836734696,0.1818181818181818,0.09090909090909091,0.0,0.05555555555555555,5,6,0,1,0,0,0,0,0.0,0.0,0.0001375539784737194,195000.0
10652856,1,0.0,1.0,0.0,0.0,0.0,0.0,0.0,0.0,0.0,0.0,0.0,0.0,0.0,1.0,0.0,0.0,0.0,1.0,0.1602040816326531,0.1818181818181818,0.09090909090909091,0.0,0.1111111111111111,3,2,0,0,0,0,0,0,0.0,0.0,0.00023017365731269046,297000.0
10652853,1,0.0,0.0,1.0,0.0,0.0,0.0,0.0,0.0,0.0,0.0,0.0,0.0,1.0,0.0,0.0,0.0,0.0,1.0,0.12653061224489798,0.1818181818181818,0.09090909090909091,0.07142857142857142,0.1111111111111111,3,5,0,0,0,0,1,1,0.4,0.0,0.00036681060926325174,295000.0
10652859,1,0.0,1.0,0.0,0.0,0.0,1.0,0.0,0.0,0.0,0.0,0.0,0.0,0.0,0.0,1.0,0.0,0.0,0.0,0.3112244897959184,0.09090909090909091,0.09090909090909091,0.07142857142857142,0.1111111111111111,3,0,1,0,0,1,0,1,0.0,0.0,8.895157274633855e-05,2200000.0
10652873,1,0.0,1.0,0.0,0.0,0.0,0.0,0.0,0.0,0.0,0.0,0.0,0.0,0.0,1.0,0.0,0.0,0.0,1.0,0.12040816326530615,0.1818181818181818,0.09090909090909091,0.0,0.1111111111111111,3,2,0,0,0,0,0,1,0.0,0.0,0.00020357988814110472,315000.0
10652861,0,0.0,1.0,0.0,0.0,0.0,0.0,0.0,0.0,0.0,0.0,0.0,0.0,0.0,1.0,0.0,0.0,0.0,1.0,0.03571428571428572,0.0,0.09090909090909091,0.0,0.05555555555555555,4,2,1,0,0,0,0,1,0.0,0.04,0.0,179000.0
10652878,1,1.0,0.0,0.0,0.0,1.0,0.0,0.0,0.0,0.0,0.0,0.0,0.0,0.0,0.0,0.0,0.0,0.0,1.0,0.43673469387755104,0.4545454545454545,0.2727272727272727,0.0,0.2222222222222222,1,6,0,1,0,0,1,1,0.9,0.48,0.0010454102364002675,1695000.0
10652881,1,1.0,0.0,0.0,0.0,1.0,0.0,0.0,0.0,0.0,0.0,0.0,0.0,0.0,0.0,0.0,1.0,0.0,0.0,0.15816326530612246,0.1818181818181818,0.2727272727272727,0.0,0.16666666666666666,4,5,0,1,0,0,1,1,0.1,0.0,0.00016506477416846328,479000.0
10652885,1,0.0,0.0,1.0,0.0,0.0,0.0,0.0,1.0,0.0,0.0,0.0,0.0,0.0,0.0,0.0,0.0,0.0,1.0,0.22448979591836737,0.2727272727272727,0.09090909090909091,0.07142857142857142,0.16666666666666666,3,2,0,1,0,0,0,1,0.0,0.0,0.00502438832038339,650000.0
10652887,1,0.0,0.0,1.0,0.0,0.0,0.0,0.0,1.0,0.0,0.0,0.0,0.0,0.0,0.0,0.0,0.0,0.0,1.0,0.163265306122449,0.0,0.0,0.0,0.0,3,1,0,1,0,0,0,0,0.0,0.0,0.00018340530463162587,235000.0
10652886,1,0.0,0.0,1.0,0.0,0.0,0.0,0.0,1.0,0.0,0.0,0.0,0.0,0.0,0.0,0.0,0.0,0.0,1.0,0.3163265306122449,0.36363636363636365,0.09090909090909091,0.07142857142857142,0.0,0,5,0,1,0,0,0,1,0.0,0.0,0.0009408692127602407,600000.0
10652888,1,0.0,0.0,1.0,0.0,0.0,0.0,0.0,1.0,0.0,0.0,0.0,0.0,0.0,0.0,0.0,0.0,0.0,1.0,0.2857142857142857,0.0,0.0,0.0,0.0,3,1,0,1,0,0,0,0,0.0,0.0,0.00031178901787376397,360000.0
10652891,0,0.0,1.0,0.0,0.0,0.0,0.0,1.0,0.0,0.0,0.0,0.0,0.0,0.0,0.0,1.0,0.0,0.0,0.0,0.013265306122448979,0.0,0.09090909090909091,0.0,0.05555555555555555,2,2,1,1,0,0,0,0,0.0,0.0,0.0,279000.0
10652892,1,0.0,1.0,0.0,0.0,0.0,0.0,1.0,0.0,0.0,0.0,0.0,0.0,0.0,0.0,1.0,0.0,0.0,0.0,0.06632653061224492,0.09090909090909091,0.09090909090909091,0.0,0.1111111111111111,2,3,0,1,0,0,0,0,0.0,0.0,3.576403440316705e-05,415000.0
10652893,1,0.0,1.0,0.0,0.0,0.0,1.0,0.0,0.0,0.0,0.0,0.0,0.0,0.0,0.0,0.0,0.0,0.0,1.0,0.1959183673469388,0.1818181818181818,0.09090909090909091,0.0,0.1111111111111111,3,3,0,1,0,0,1,1,0.0,0.35000000000000003,0.0010545805016318487,499000.0
10652894,0,0.0,1.0,0.0,1.0,0.0,0.0,0.0,0.0,0.0,0.0,0.0,0.0,0.0,0.0,1.0,0.0,0.0,0.0,0.10204081632653061,0.1818181818181818,0.09090909090909091,0.0,0.05555555555555555,3,2,1,1,0,0,0,1,0.0,0.02,0.0,349000.0
10652895,1,0.0,0.0,1.0,0.0,0.0,0.0,0.0,0.0,0.0,1.0,0.0,0.0,0.0,0.0,0.0,0.0,0.0,1.0,0.14081632653061227,0.09090909090909091,0.09090909090909091,0.0,0.05555555555555555,5,6,0,1,0,0,1,1,0.0,0.0,0.0014809978349003788,115000.0
10652896,1,1.0,0.0,0.0,0.0,1.0,0.0,0.0,0.0,0.0,0.0,0.0,0.0,0.0,0.0,0.0,0.0,1.0,0.0,0.25510204081632654,0.09090909090909091,0.09090909090909091,0.0,0.1111111111111111,5,6,0,0,0,0,1,0,0.068,0.0,0.0002521822938684856,575000.0
10652902,1,0.0,1.0,0.0,0.0,0.0,0.0,0.0,0.0,0.0,0.0,0.0,0.0,0.0,1.0,0.0,0.0,0.0,1.0,0.1326530612244898,0.1818181818181818,0.09090909090909091,0.0,0.1111111111111111,2,2,0,1,0,0,0,1,0.0,0.0,0.0002283396042663742,369500.0
10652901,0,0.0,1.0,0.0,0.0,0.0,0.0,0.0,0.0,0.0,0.0,0.0,0.0,0.0,1.0,0.0,0.0,1.0,0.0,0.21938775510204084,0.1818181818181818,0.18181818181818182,0.0,0.16666666666666666,0,0,1,1,0,0,0,1,0.0,0.0,0.0,699500.0
10652907,1,1.0,0.0,0.0,0.0,1.0,0.0,0.0,0.0,0.0,0.0,0.0,0.0,0.0,0.0,0.0,0.0,0.0,1.0,0.35714285714285715,0.36363636363636365,0.18181818181818182,0.0,0.16666666666666666,3,5,0,1,0,0,0,1,0.0,0.0,0.0,980000.0
10652905,0,1.0,0.0,0.0,0.0,1.0,0.0,0.0,0.0,0.0,0.0,0.0,0.0,0.0,0.0,0.0,0.0,0.0,1.0,0.05612244897959184,0.09090909090909091,0.09090909090909091,0.0,0.05555555555555555,3,7,1,1,0,0,0,1,0.0,0.17,0.0,299000.0
10652912,1,0.0,1.0,0.0,0.0,0.0,0.0,0.0,0.0,1.0,0.0,0.0,0.0,0.0,0.0,0.0,0.0,0.0,1.0,0.31326530612244896,0.2727272727272727,0.09090909090909091,0.0,0.0,3,2,0,0,0,0,0,0,0.0,0.0,0.0003227933361516615,412500.0
10652918,1,0.0,1.0,0.0,0.0,0.0,0.0,1.0,0.0,0.0,0.0,0.0,0.0,0.0,0.0,0.0,0.0,1.0,0.0,0.163265306122449,0.2727272727272727,0.18181818181818182,0.0,0.1111111111111111,4,6,0,0,0,0,0,1,0.0,0.0,0.0005639713117422496,415000.0
10521849,1,0.0,1.0,0.0,1.0,0.0,0.0,0.0,0.0,0.0,0.0,0.0,0.0,0.0,0.0,0.0,0.0,1.0,0.0,0.15612244897959185,0.1818181818181818,0.09090909090909091,0.0,0.1111111111111111,1,2,0,1,0,0,1,0,0.06,0.0,0.00013663695195056128,425000.0
10652923,1,0.0,1.0,0.0,0.0,0.0,0.0,0.0,0.0,0.0,0.0,0.0,0.0,0.0,1.0,0.0,0.0,0.0,1.0,0.16836734693877553,0.1818181818181818,0.09090909090909091,0.0,0.1111111111111111,0,0,0,1,0,0,0,0,0.0,0.0,0.0007556298550822985,249500.0
10652927,1,0.0,1.0,0.0,1.0,0.0,0.0,0.0,0.0,0.0,0.0,0.0,0.0,0.0,0.0,0.0,0.0,0.0,1.0,0.14285714285714288,0.1818181818181818,0.18181818181818182,0.0,0.16666666666666666,1,2,0,0,0,0,1,1,0.065,0.2,0.00016506477416846328,485000.0
10652930,1,0.0,0.0,1.0,0.0,0.0,0.0,0.0,0.0,0.0,0.0,1.0,0.0,0.0,0.0,0.0,0.0,0.0,1.0,0.336734693877551,0.09090909090909091,0.0,0.0,0.0,5,7,0,1,0,0,0,0,0.0,0.0,0.0,245000.0
10652924,1,0.0,1.0,0.0,0.0,0.0,0.0,0.0,0.0,0.0,0.0,0.0,0.0,0.0,1.0,0.0,0.0,0.0,1.0,0.20408163265306126,0.1818181818181818,0.09090909090909091,0.0,0.1111111111111111,3,1,0,1,0,0,0,1,0.0,0.0,0.0005447137547559288,469000.0
10652932,1,0.0,1.0,0.0,0.0,0.0,0.0,0.0,0.0,1.0,0.0,0.0,0.0,0.0,0.0,0.0,0.0,0.0,1.0,0.1979591836734694,0.1818181818181818,0.18181818181818182,0.0,0.1111111111111111,0,0,0,1,0,0,1,0,0.467,0.0,0.0004282513863148464,442300.0
10652934,0,0.0,1.0,0.0,0.0,0.0,1.0,0.0,0.0,0.0,0.0,0.0,0.0,0.0,0.0,0.0,0.0,0.0,1.0,0.04591836734693878,0.0,0.09090909090909091,0.0,0.0,3,2,1,1,0,0,0,0,0.0,0.0,0.0,165000.0
10652937,1,0.0,1.0,0.0,0.0,0.0,0.0,0.0,0.0,1.0,0.0,0.0,0.0,0.0,0.0,0.0,0.0,0.0,1.0,0.2091836734693878,0.09090909090909091,0.18181818181818182,0.0,0.0,4,5,0,1,0,0,0,0,0.0,0.0,0.0001219645275800312,199500.0
10652936,1,0.0,0.0,1.0,0.0,0.0,0.0,0.0,0.0,0.0,0.0,0.0,1.0,0.0,0.0,0.0,1.0,0.0,0.0,0.11938775510204083,0.1818181818181818,0.09090909090909091,0.0,0.1111111111111111,3,7,0,1,0,0,1,1,0.185,0.25,0.0002842782221790201,185000.0
10652935,1,0.0,0.0,1.0,0.0,0.0,0.0,0.0,0.0,0.0,0.0,0.0,1.0,0.0,0.0,0.0,1.0,0.0,0.0,0.25510204081632654,0.2727272727272727,0.0,0.14285714285714285,0.16666666666666666,5,7,0,1,0,0,1,1,0.033,0.33,0.00022925663078953234,219000.0
10652939,0,0.0,1.0,0.0,1.0,0.0,0.0,0.0,0.0,0.0,0.0,0.0,0.0,0.0,0.0,0.0,0.0,0.0,1.0,0.11836734693877551,0.09090909090909091,0.09090909090909091,0.0,0.1111111111111111,3,2,1,1,0,0,0,1,0.0,0.08,0.0,249000.0
10652942,0,1.0,0.0,0.0,0.0,1.0,0.0,0.0,0.0,0.0,0.0,0.0,0.0,0.0,0.0,0.0,0.0,0.0,1.0,0.051020408163265314,0.0,0.09090909090909091,0.0,0.0,3,6,0,0,0,0,0,0,0.0,0.0,0.0,239000.0
10652940,1,0.0,1.0,0.0,1.0,0.0,0.0,0.0,0.0,0.0,0.0,0.0,0.0,0.0,0.0,0.0,1.0,0.0,0.0,0.113265306122449,0.1818181818181818,0.09090909090909091,0.0,0.0,5,4,0,1,0,0,0,0,0.0,0.0,0.0,299000.0
10652938,1,0.0,1.0,0.0,0.0,0.0,0.0,0.0,0.0,1.0,0.0,0.0,0.0,0.0,0.0,0.0,0.0,0.0,1.0,0.8979591836734695,0.8181818181818182,0.4545454545454546,0.14285714285714285,0.2222222222222222,3,0,1,0,0,0,1,1,1.0,1.0,1.0,4300000.0
10652945,1,0.0,1.0,0.0,0.0,0.0,1.0,0.0,0.0,0.0,0.0,0.0,0.0,0.0,0.0,0.0,0.0,1.0,0.0,0.20408163265306126,0.36363636363636365,0.18181818181818182,0.0,0.1111111111111111,3,2,0,1,0,0,0,1,0.0,0.0,0.0001430561376126682,249000.0
10652948,1,0.0,1.0,0.0,0.0,0.0,1.0,0.0,0.0,0.0,0.0,0.0,0.0,0.0,0.0,0.0,0.0,1.0,0.0,0.5408163265306123,0.6363636363636364,0.6363636363636364,0.0,0.5555555555555556,3,4,0,1,0,0,0,1,0.0,0.0,0.004981288073794958,1895000.0
10652947,0,0.0,1.0,0.0,0.0,0.0,1.0,0.0,0.0,0.0,0.0,0.0,0.0,0.0,0.0,0.0,0.0,1.0,0.0,0.10714285714285715,0.09090909090909091,0.09090909090909091,0.0,0.05555555555555555,3,2,0,1,0,0,0,1,0.0,0.0,0.0,219000.0
10652951,1,0.0,0.0,1.0,0.0,0.0,0.0,0.0,1.0,0.0,0.0,0.0,0.0,0.0,0.0,0.0,0.0,0.0,1.0,0.3918367346938776,0.1818181818181818,0.18181818181818182,0.0,0.1111111111111111,3,4,0,1,0,0,0,1,0.0,0.0,0.0030665366934407843,735000.0
10652949,1,0.0,1.0,0.0,0.0,0.0,1.0,0.0,0.0,0.0,0.0,0.0,0.0,0.0,0.0,0.0,0.0,1.0,0.0,0.09183673469387757,0.09090909090909091,0.09090909090909091,0.0,0.05555555555555555,0,2,0,1,0,0,0,1,0.0,0.0,4.951943225053898e-05,155000.0
10652950,1,0.0,1.0,0.0,0.0,0.0,1.0,0.0,0.0,0.0,0.0,0.0,0.0,0.0,0.0,0.0,0.0,1.0,0.0,0.6428571428571429,0.6363636363636364,0.6363636363636364,0.0,0.6666666666666666,3,0,1,1,0,0,0,1,0.0,0.0,0.001091261562558174,790000.0
10652952,1,0.0,1.0,0.0,0.0,0.0,1.0,0.0,0.0,0.0,0.0,0.0,0.0,0.0,0.0,0.0,0.0,1.0,0.0,0.20408163265306126,0.36363636363636365,0.18181818181818182,0.0,0.1111111111111111,3,2,0,1,0,0,0,1,0.0,0.0,0.0001430561376126682,249000.0
10652956,1,0.0,1.0,0.0,0.0,0.0,1.0,0.0,0.0,0.0,0.0,0.0,0.0,0.0,0.0,0.0,0.0,1.0,0.0,0.5408163265306123,0.6363636363636364,0.6363636363636364,0.0,0.5555555555555556,3,4,0,1,0,0,0,1,0.0,0.0,0.004981288073794958,1895000.0
10652982,0,0.0,0.0,1.0,0.0,0.0,0.0,0.0,0.0,0.0,0.0,0.0,0.0,1.0,0.0,0.0,0.0,1.0,0.0,0.0816326530612245,0.1818181818181818,0.09090909090909091,0.0,0.05555555555555555,0,2,0,0,0,0,0,0,0.0,0.0,0.0,275000.0
10652968,1,0.0,1.0,0.0,0.0,0.0,0.0,0.0,0.0,0.0,0.0,0.0,0.0,0.0,1.0,0.0,0.0,0.0,1.0,0.32755102040816325,0.2727272727272727,0.09090909090909091,0.14285714285714285,0.1111111111111111,1,2,0,1,0,0,1,1,0.0,0.01,0.001949598388234183,875000.0
10652966,1,0.0,0.0,1.0,0.0,0.0,0.0,0.0,0.0,0.0,0.0,1.0,0.0,0.0,0.0,0.0,0.0,0.0,1.0,0.1836734693877551,0.1818181818181818,0.18181818181818182,0.0,0.1111111111111111,0,0,0,1,0,0,1,0,0.0,0.0,0.00801481181240205,600000.0
10652977,1,0.0,0.0,1.0,0.0,0.0,0.0,0.0,1.0,0.0,0.0,0.0,0.0,0.0,0.0,0.0,0.0,0.0,1.0,0.09183673469387757,0.1818181818181818,0.09090909090909091,0.0,0.0,1,0,0,0,0,0,1,1,0.1,0.2,0.00019257556986320717,215000.0
10652989,1,0.0,1.0,0.0,1.0,0.0,0.0,0.0,0.0,0.0,0.0,0.0,0.0,0.0,0.0,0.0,0.0,1.0,0.0,0.12551020408163266,0.09090909090909091,0.09090909090909091,0.0,0.1111111111111111,3,6,0,1,0,0,1,0,0.012,0.0,0.0,285000.0
10652984,1,0.0,0.0,1.0,0.0,0.0,0.0,0.0,0.0,0.0,1.0,0.0,0.0,0.0,0.0,0.0,1.0,0.0,0.0,0.14081632653061227,0.09090909090909091,0.09090909090909091,0.0,0.05555555555555555,1,5,0,1,0,0,1,1,1.0,0.18,0.0016543158477772652,425000.0
10652990,1,0.0,0.0,1.0,0.0,0.0,0.0,0.0,0.0,0.0,0.0,0.0,1.0,0.0,0.0,0.0,1.0,0.0,0.0,0.21938775510204084,0.8181818181818182,0.09090909090909091,0.6428571428571428,0.5555555555555556,0,7,0,1,0,0,1,1,0.0,0.0,0.0004126619354211582,525000.0
10652991,0,1.0,0.0,0.0,0.0,1.0,0.0,0.0,0.0,0.0,0.0,0.0,0.0,0.0,0.0,0.0,1.0,0.0,0.0,0.04591836734693878,0.0,0.09090909090909091,0.0,0.05555555555555555,1,7,1,0,0,0,0,1,0.0,0.35000000000000003,0.0,225000.0
10652994,1,0.0,0.0,1.0,0.0,0.0,0.0,0.0,1.0,0.0,0.0,0.0,0.0,0.0,0.0,0.0,0.0,0.0,1.0,0.4489795918367347,0.5454545454545454,0.2727272727272727,0.0,0.2222222222222222,3,3,1,1,0,0,0,0,0.0,0.0,0.0017882017201583521,890000.0
10652995,0,1.0,0.0,0.0,0.0,1.0,0.0,0.0,0.0,0.0,0.0,0.0,0.0,0.0,0.0,0.0,0.0,1.0,0.0,0.1163265306122449,0.09090909090909091,0.18181818181818182,0.0,0.05555555555555555,0,7,0,0,0,0,0,1,0.0,0.17,0.0,375000.0
10652998,1,0.0,0.0,1.0,0.0,0.0,0.0,0.0,1.0,0.0,0.0,0.0,0.0,0.0,0.0,0.0,0.0,0.0,1.0,0.07959183673469389,0.09090909090909091,0.0,0.07142857142857142,0.1111111111111111,2,3,0,1,0,0,0,1,0.0,0.0,5.502159138948776e-05,155000.0
10128718,0,0.0,1.0,0.0,1.0,0.0,0.0,0.0,0.0,0.0,0.0,0.0,0.0,0.0,0.0,0.0,0.0,0.0,1.0,0.1479591836734694,0.1818181818181818,0.18181818181818182,0.0,0.1111111111111111,3,3,1,0,0,1,0,0,0.0,0.0,0.0,525000.0
10653003,0,0.0,0.0,1.0,0.0,0.0,0.0,0.0,1.0,0.0,0.0,0.0,0.0,0.0,0.0,1.0,0.0,0.0,0.0,0.039795918367346944,0.09090909090909091,0.09090909090909091,0.0,0.05555555555555555,5,3,1,1,0,0,0,0,0.0,0.0,0.0,98000.0
10653008,1,0.0,1.0,0.0,0.0,0.0,0.0,0.0,0.0,1.0,0.0,0.0,0.0,0.0,0.0,0.0,0.0,0.0,1.0,0.3153061224489796,0.2727272727272727,0.09090909090909091,0.0,0.0,3,6,0,1,0,0,1,0,0.0,0.0,0.00043650462502326957,308000.0
10653012,1,0.0,1.0,0.0,0.0,0.0,0.0,0.0,0.0,0.0,0.0,0.0,0.0,0.0,1.0,0.0,0.0,1.0,0.0,0.057142857142857155,0.09090909090909091,0.09090909090909091,0.0,0.1111111111111111,5,4,0,0,0,0,0,0,0.0,0.0,0.00017882017201583522,149000.0
10653009,0,0.0,1.0,0.0,0.0,0.0,0.0,0.0,0.0,0.0,0.0,0.0,0.0,0.0,1.0,0.0,0.0,1.0,0.0,0.08469387755102042,0.09090909090909091,0.09090909090909091,0.0,0.05555555555555555,3,2,0,0,0,0,0,1,0.0,0.0,0.0,164000.0
10653020,1,0.0,1.0,0.0,0.0,0.0,1.0,0.0,0.0,0.0,0.0,0.0,0.0,0.0,0.0,0.0,0.0,0.0,1.0,0.3163265306122449,0.2727272727272727,0.18181818181818182,0.0,0.0,3,2,0,0,0,0,1,1,0.0,0.0,0.000950039477991822,1295000.0
10653011,1,1.0,0.0,0.0,0.0,1.0,0.0,0.0,0.0,0.0,0.0,0.0,0.0,0.0,0.0,0.0,1.0,0.0,0.0,0.1836734693877551,0.2727272727272727,0.18181818181818182,0.0,0.1111111111111111,0,7,0,1,0,0,1,0,0.055,0.0,0.00017423503940004458,399000.0
10653022,0,0.0,1.0,0.0,0.0,0.0,0.0,0.0,0.0,0.0,0.0,0.0,0.0,0.0,1.0,0.0,0.0,1.0,0.0,0.026530612244897965,0.0,0.09090909090909091,0.0,0.05555555555555555,3,2,0,1,0,0,0,0,0.0,0.0,0.0,139500.0
10653026,1,0.0,0.0,1.0,0.0,0.0,0.0,0.0,0.0,0.0,0.0,0.0,0.0,1.0,0.0,0.0,0.0,0.0,1.0,0.29285714285714287,0.4545454545454545,0.36363636363636365,0.0,0.2222222222222222,3,3,0,0,0,0,1,1,0.768,0.0,0.0007042763697854434,995000.0
10653030,1,0.0,0.0,1.0,0.0,0.0,0.0,0.0,0.0,0.0,0.0,0.0,0.0,1.0,0.0,0.0,0.0,0.0,1.0,0.09693877551020408,0.2727272727272727,0.09090909090909091,0.0,0.05555555555555555,0,7,0,1,0,0,0,0,0.0,0.0,0.0,195000.0
10653029,1,0.0,0.0,1.0,0.0,0.0,0.0,0.0,1.0,0.0,0.0,0.0,0.0,0.0,0.0,0.0,1.0,0.0,0.0,0.09693877551020408,0.2727272727272727,0.09090909090909091,0.0,0.05555555555555555,0,7,0,1,0,0,0,0,0.0,0.0,0.0,195000.0
10653037,1,0.0,1.0,0.0,0.0,0.0,0.0,0.0,0.0,1.0,0.0,0.0,0.0,0.0,0.0,0.0,0.0,0.0,1.0,0.1969387755102041,0.1818181818181818,0.18181818181818182,0.0,0.16666666666666666,1,3,0,0,1,0,1,0,0.0,0.0,0.0012168941962308376,475000.0
10653032,1,0.0,1.0,0.0,0.0,0.0,0.0,0.0,0.0,0.0,0.0,0.0,0.0,0.0,1.0,0.0,0.0,0.0,1.0,0.3020408163265306,0.1818181818181818,0.09090909090909091,0.0,0.16666666666666666,3,0,0,0,0,0,0,0,0.0,0.0,0.015616044662859785,1295000.0
10653034,1,0.0,1.0,0.0,0.0,0.0,0.0,0.0,0.0,0.0,0.0,0.0,0.0,0.0,1.0,0.0,0.0,0.0,1.0,0.09183673469387757,0.1818181818181818,0.09090909090909091,0.0,0.05555555555555555,3,3,0,0,0,0,1,0,0.0,0.0,0.0001806542250621515,244000.0
10653036,1,0.0,0.0,1.0,0.0,0.0,0.0,0.0,0.0,0.0,0.0,0.0,0.0,1.0,0.0,0.0,0.0,0.0,1.0,0.10408163265306122,0.1818181818181818,0.09090909090909091,0.0,0.05555555555555555,6,0,0,0,0,0,1,1,0.15,0.2,0.0002751079569474388,200000.0
10653046,1,0.0,1.0,0.0,0.0,0.0,0.0,0.0,0.0,1.0,0.0,0.0,0.0,0.0,0.0,0.0,0.0,0.0,1.0,0.11020408163265308,0.1818181818181818,0.09090909090909091,0.0,0.1111111111111111,3,4,0,0,0,0,1,1,0.0,0.15,0.0005823118422054121,249000.0
10653047,1,0.0,1.0,0.0,0.0,0.0,0.0,0.0,0.0,1.0,0.0,0.0,0.0,0.0,0.0,0.0,0.0,0.0,1.0,0.12551020408163266,0.2727272727272727,0.09090909090909091,0.0,0.05555555555555555,0,0,0,0,0,0,1,1,0.046,0.21,0.0002475971612526949,399000.0
10653049,0,1.0,0.0,0.0,0.0,1.0,0.0,0.0,0.0,0.0,0.0,0.0,0.0,0.0,0.0,0.0,0.0,0.0,1.0,0.08469387755102042,0.09090909090909091,0.09090909090909091,0.0,0.05555555555555555,1,2,1,1,0,0,0,1,0.0,0.15,0.0,425000.0
10653052,1,0.0,1.0,0.0,0.0,0.0,0.0,0.0,0.0,0.0,0.0,0.0,0.0,0.0,1.0,0.0,0.0,0.0,1.0,0.22244897959183677,0.1818181818181818,0.09090909090909091,0.0,0.05555555555555555,3,6,0,0,0,0,1,0,0.0,0.0,0.0008115684729949445,225000.0
10653064,1,0.0,0.0,1.0,0.0,0.0,0.0,0.0,1.0,0.0,0.0,0.0,0.0,0.0,0.0,1.0,0.0,0.0,0.0,0.10204081632653061,0.1818181818181818,0.0,0.21428571428571427,0.0,0,3,0,1,0,0,0,0,0.0,0.0,0.0,295000.0
10653057,0,0.0,1.0,0.0,0.0,0.0,1.0,0.0,0.0,0.0,0.0,0.0,0.0,0.0,0.0,1.0,0.0,0.0,0.0,0.08775510204081632,0.09090909090909091,0.09090909090909091,0.0,0.05555555555555555,0,0,0,0,0,0,0,0,0.0,0.0,0.0,359000.0
10653056,1,0.0,1.0,0.0,0.0,0.0,1.0,0.0,0.0,0.0,0.0,0.0,0.0,0.0,0.0,1.0,0.0,0.0,0.0,0.1459183673469388,0.2727272727272727,0.18181818181818182,0.0,0.1111111111111111,0,2,0,0,0,0,1,0,0.0,0.0,0.000233841763405323,585000.0
10653063,1,0.0,0.0,1.0,0.0,0.0,0.0,0.0,1.0,0.0,0.0,0.0,0.0,0.0,0.0,0.0,0.0,0.0,1.0,0.1316326530612245,0.09090909090909091,0.0,0.0,0.0,0,3,0,1,0,0,0,1,0.0,0.0,0.00022925663078953234,180000.0
10653075,0,0.0,1.0,0.0,1.0,0.0,0.0,0.0,0.0,0.0,0.0,0.0,0.0,0.0,0.0,0.0,0.0,0.0,1.0,0.0816326530612245,0.0,0.09090909090909091,0.0,0.05555555555555555,1,3,0,1,0,0,0,1,0.0,0.2,0.0,239000.0
10653082,0,0.0,0.0,1.0,0.0,0.0,0.0,0.0,0.0,0.0,0.0,0.0,1.0,0.0,0.0,0.0,0.0,0.0,1.0,0.06326530612244899,0.09090909090909091,0.0,0.07142857142857142,0.05555555555555555,2,4,0,1,0,0,0,0,0.0,0.0,0.0,119900.0
10653081,1,0.0,0.0,1.0,0.0,0.0,0.0,0.0,0.0,0.0,1.0,0.0,0.0,0.0,0.0,0.0,0.0,1.0,0.0,0.18571428571428575,0.4545454545454545,0.09090909090909091,0.0,0.0,3,5,0,1,0,0,1,0,0.219,0.0,0.0002586014795305925,174900.0
10653083,0,0.0,1.0,0.0,1.0,0.0,0.0,0.0,0.0,0.0,0.0,0.0,0.0,0.0,0.0,0.0,1.0,0.0,0.0,0.05408163265306123,0.0,0.09090909090909091,0.0,0.05555555555555555,4,0,1,0,0,0,0,0,0.0,0.0,0.0,165000.0
10653086,1,0.0,1.0,0.0,0.0,0.0,0.0,0.0,0.0,0.0,0.0,0.0,0.0,0.0,1.0,0.0,0.0,1.0,0.0,0.2448979591836735,0.1818181818181818,0.0,0.0,0.0,3,2,0,0,0,0,0,1,0.0,0.0,0.0006419185662106905,466900.0
10653084,0,0.0,0.0,1.0,0.0,0.0,0.0,0.0,1.0,0.0,0.0,0.0,0.0,0.0,0.0,1.0,0.0,0.0,0.0,0.04897959183673469,0.09090909090909091,0.09090909090909091,0.0,0.05555555555555555,2,3,1,1,0,0,0,0,0.0,0.0,0.0,129900.0
10653089,1,0.0,1.0,0.0,0.0,0.0,0.0,1.0,0.0,0.0,0.0,0.0,0.0,0.0,0.0,0.0,0.0,1.0,0.0,0.11224489795918369,0.1818181818181818,0.09090909090909091,0.0,0.0,5,6,0,1,0,0,0,0,0.0,0.0,0.0,280000.0
10653087,1,0.0,1.0,0.0,0.0,0.0,1.0,0.0,0.0,0.0,0.0,0.0,0.0,0.0,0.0,1.0,0.0,0.0,0.0,0.10510204081632654,0.1818181818181818,0.0,0.0,0.0,3,3,0,0,0,0,0,1,0.0,0.0,5.0436458773697115e-05,307500.0
10653088,1,0.0,1.0,0.0,0.0,0.0,0.0,1.0,0.0,0.0,0.0,0.0,0.0,0.0,0.0,0.0,0.0,1.0,0.0,0.11224489795918369,0.1818181818181818,0.09090909090909091,0.0,0.0,5,6,0,1,0,0,0,0,0.0,0.0,0.0,280000.0
10653103,0,1.0,0.0,0.0,0.0,1.0,0.0,0.0,0.0,0.0,0.0,0.0,0.0,0.0,0.0,0.0,1.0,0.0,0.0,0.04081632653061225,0.0,0.09090909090909091,0.0,0.05555555555555555,4,7,1,1,0,0,0,1,0.0,0.0,0.0,175000.0
10653097,1,0.0,1.0,0.0,1.0,0.0,0.0,0.0,0.0,0.0,0.0,0.0,0.0,0.0,0.0,0.0,0.0,0.0,1.0,0.16836734693877553,0.1818181818181818,0.0,0.0,0.05555555555555555,3,4,0,0,0,0,1,1,0.0,0.0,0.0021183312684952787,319000.0
10653109,0,0.0,1.0,0.0,0.0,0.0,1.0,0.0,0.0,0.0,0.0,0.0,0.0,0.0,0.0,0.0,1.0,0.0,0.0,0.08979591836734696,0.1818181818181818,0.18181818181818182,0.0,0.05555555555555555,0,0,1,1,0,0,1,1,0.077,0.12,0.0,445000.0
10653108,1,0.0,0.0,1.0,0.0,0.0,0.0,0.0,0.0,0.0,0.0,0.0,0.0,1.0,0.0,0.0,0.0,0.0,1.0,0.3877551020408163,0.36363636363636365,0.18181818181818182,0.07142857142857142,0.2777777777777778,2,3,0,1,0,0,1,1,1.0,0.8,0.001375539784737194,1375000.0
10653105,0,1.0,0.0,0.0,0.0,1.0,0.0,0.0,0.0,0.0,0.0,0.0,0.0,0.0,0.0,0.0,1.0,0.0,0.0,0.0816326530612245,0.1818181818181818,0.0,0.07142857142857142,0.1111111111111111,0,7,0,1,0,0,0,0,0.0,0.0,0.0,279000.0
10653112,1,1.0,0.0,0.0,0.0,1.0,0.0,0.0,0.0,0.0,0.0,0.0,0.0,0.0,0.0,0.0,0.0,0.0,1.0,0.17040816326530614,0.2727272727272727,0.18181818181818182,0.0,0.16666666666666666,1,5,0,0,0,0,1,1,0.311,0.0,0.0003558062909853542,1030000.0
10653117,1,0.0,1.0,0.0,0.0,0.0,0.0,0.0,0.0,0.0,0.0,0.0,0.0,0.0,1.0,0.0,0.0,0.0,1.0,0.13877551020408166,0.1818181818181818,0.09090909090909091,0.07142857142857142,0.1111111111111111,3,3,0,0,0,0,1,1,0.0,0.0,0.00023934392254427176,348000.0
10653118,1,0.0,1.0,0.0,1.0,0.0,0.0,0.0,0.0,0.0,0.0,0.0,0.0,0.0,0.0,0.0,0.0,0.0,1.0,0.24387755102040817,0.36363636363636365,0.18181818181818182,0.0,0.16666666666666666,3,2,0,1,0,0,1,1,0.9520000000000001,0.4,0.0010875934564655413,749000.0
10653120,0,0.0,1.0,0.0,1.0,0.0,0.0,0.0,0.0,0.0,0.0,0.0,0.0,0.0,0.0,0.0,0.0,1.0,0.0,0.15816326530612246,0.1818181818181818,0.09090909090909091,0.0,0.1111111111111111,3,5,0,1,0,0,1,0,0.0,0.0,0.0,259000.0
10653114,0,1.0,0.0,0.0,0.0,1.0,0.0,0.0,0.0,0.0,0.0,0.0,0.0,0.0,0.0,0.0,1.0,0.0,0.0,0.15612244897959185,0.1818181818181818,0.0,0.14285714285714285,0.1111111111111111,3,7,1,0,0,0,0,1,0.0,0.93,0.0,389000.0
10653123,1,0.0,0.0,1.0,0.0,0.0,0.0,0.0,0.0,0.0,0.0,0.0,0.0,1.0,0.0,0.0,0.0,0.0,1.0,0.16938775510204085,0.1818181818181818,0.09090909090909091,0.0,0.05555555555555555,5,6,0,1,0,0,0,1,0.0,0.0,0.0002448460816832205,285000.0
10653124,1,1.0,0.0,0.0,0.0,1.0,0.0,0.0,0.0,0.0,0.0,0.0,0.0,0.0,0.0,0.0,1.0,0.0,0.0,0.2530612244897959,0.5454545454545454,0.2727272727272727,0.0,0.16666666666666666,3,7,0,1,0,0,0,0,0.0,0.0,0.0,675000.0
10653129,0,0.0,1.0,0.0,1.0,0.0,0.0,0.0,0.0,0.0,0.0,0.0,0.0,0.0,0.0,1.0,0.0,0.0,0.0,0.14285714285714288,0.09090909090909091,0.09090909090909091,0.0,0.1111111111111111,2,3,1,1,0,0,0,0,0.0,0.0,0.0,469500.0
10653135,0,0.0,1.0,0.0,0.0,0.0,1.0,0.0,0.0,0.0,0.0,0.0,0.0,0.0,0.0,0.0,0.0,0.0,1.0,0.07551020408163267,0.09090909090909091,0.09090909090909091,0.0,0.05555555555555555,0,0,1,1,0,0,1,1,0.0,0.12,0.0,325000.0
10653131,1,0.0,1.0,0.0,1.0,0.0,0.0,0.0,0.0,0.0,0.0,0.0,0.0,0.0,0.0,0.0,0.0,0.0,1.0,0.10204081632653061,0.1818181818181818,0.09090909090909091,0.0,0.1111111111111111,3,1,0,1,0,0,1,1,0.0,0.0,0.00010087291754739423,385000.0
10653140,0,0.0,1.0,0.0,0.0,0.0,0.0,0.0,0.0,0.0,0.0,0.0,0.0,0.0,1.0,0.0,0.0,0.0,1.0,0.017346938775510204,0.0,0.09090909090909091,0.07142857142857142,0.05555555555555555,3,4,1,0,0,0,0,0,0.0,0.0,0.0,99000.0
10653141,0,0.0,1.0,0.0,0.0,0.0,1.0,0.0,0.0,0.0,0.0,0.0,0.0,0.0,0.0,1.0,0.0,0.0,0.0,0.05510204081632653,0.09090909090909091,0.09090909090909091,0.07142857142857142,0.05555555555555555,3,2,1,0,0,0,0,0,0.0,0.0,0.0,249000.0
10653133,1,0.0,1.0,0.0,0.0,0.0,1.0,0.0,0.0,0.0,0.0,0.0,0.0,0.0,0.0,0.0,0.0,0.0,1.0,0.2938775510204082,0.2727272727272727,0.18181818181818182,0.0,0.1111111111111111,3,3,0,1,0,0,1,1,0.0,0.0,0.0006079885848538398,524000.0
10653148,0,0.0,1.0,0.0,1.0,0.0,0.0,0.0,0.0,0.0,0.0,0.0,0.0,0.0,0.0,0.0,0.0,1.0,0.0,0.07959183673469389,0.09090909090909091,0.0,0.0,0.0,3,2,0,0,0,0,0,0,0.0,0.0,0.0,265000.0
10653152,1,0.0,1.0,0.0,1.0,0.0,0.0,0.0,0.0,0.0,0.0,0.0,0.0,0.0,0.0,0.0,0.0,0.0,1.0,0.06122448979591837,0.09090909090909091,0.0,0.0,0.0,5,6,0,0,0,0,0,1,0.0,0.0,0.0010976807482202808,135000.0
10128871,0,0.0,0.0,1.0,0.0,0.0,0.0,0.0,0.0,0.0,0.0,0.0,0.0,1.0,0.0,0.0,0.0,0.0,1.0,0.05612244897959184,0.09090909090909091,0.0,0.07142857142857142,0.05555555555555555,0,2,0,1,0,0,0,1,0.0,0.0,0.0,180000.0
10653159,1,0.0,0.0,1.0,0.0,0.0,0.0,0.0,0.0,0.0,1.0,0.0,0.0,0.0,0.0,1.0,0.0,0.0,0.0,0.059183673469387764,0.1818181818181818,0.0,0.0,0.0,0,7,0,0,0,0,1,0,0.016,0.0,7.336212185265035e-05,199000.0
10653161,1,0.0,1.0,0.0,0.0,0.0,0.0,0.0,0.0,0.0,0.0,0.0,0.0,0.0,1.0,0.0,0.0,0.0,1.0,0.1275510204081633,0.2727272727272727,0.09090909090909091,0.0,0.0,1,2,0,0,0,0,1,1,0.27,0.3,0.00030536983221165706,459000.0
10653163,1,0.0,1.0,0.0,1.0,0.0,0.0,0.0,0.0,0.0,0.0,0.0,0.0,0.0,0.0,0.0,0.0,1.0,0.0,0.16836734693877553,0.09090909090909091,0.09090909090909091,0.0,0.1111111111111111,2,0,0,0,0,0,1,1,0.0,0.01,6.87769892368597e-05,365000.0
10653166,1,0.0,1.0,0.0,0.0,0.0,1.0,0.0,0.0,0.0,0.0,0.0,0.0,0.0,0.0,0.0,0.0,0.0,1.0,0.11938775510204083,0.1818181818181818,0.09090909090909091,0.0,0.05555555555555555,0,3,0,1,0,0,1,1,0.0,0.24,0.0006620931497201694,425000.0
10653170,1,0.0,1.0,0.0,1.0,0.0,0.0,0.0,0.0,0.0,0.0,0.0,0.0,0.0,0.0,0.0,0.0,0.0,1.0,0.1326530612244898,0.2727272727272727,0.09090909090909091,0.0,0.1111111111111111,4,4,0,1,0,0,1,0,0.15,0.0,0.0003062868587348152,385000.0
10653179,1,0.0,1.0,0.0,0.0,0.0,0.0,0.0,0.0,0.0,0.0,0.0,0.0,0.0,1.0,0.0,0.0,0.0,1.0,0.15918367346938778,0.2727272727272727,0.09090909090909091,0.0,0.1111111111111111,0,0,0,0,0,0,1,1,0.0,0.0,0.00020816502075689537,354000.0
10653184,0,0.0,1.0,0.0,0.0,0.0,0.0,0.0,0.0,0.0,0.0,0.0,0.0,0.0,1.0,0.0,0.0,0.0,1.0,0.08571428571428572,0.1818181818181818,0.18181818181818182,0.0,0.1111111111111111,1,2,1,0,0,0,1,1,0.0,0.0,0.0,295000.0
10653186,0,0.0,1.0,0.0,1.0,0.0,0.0,0.0,0.0,0.0,0.0,0.0,0.0,0.0,0.0,0.0,0.0,1.0,0.0,0.07551020408163267,0.09090909090909091,0.09090909090909091,0.0,0.05555555555555555,0,0,1,1,0,0,0,1,0.0,0.0,0.0,332000.0
10653185,0,0.0,1.0,0.0,0.0,0.0,1.0,0.0,0.0,0.0,0.0,0.0,0.0,0.0,0.0,0.0,0.0,1.0,0.0,0.06122448979591837,0.09090909090909091,0.09090909090909091,0.0,0.05555555555555555,0,0,1,1,0,0,0,0,0.0,0.0,0.0,285000.0
10653187,0,0.0,1.0,0.0,1.0,0.0,0.0,0.0,0.0,0.0,0.0,0.0,0.0,0.0,0.0,0.0,0.0,1.0,0.0,0.07142857142857142,0.09090909090909091,0.09090909090909091,0.0,0.05555555555555555,0,0,1,1,0,0,0,1,0.0,0.0,0.0,294000.0
10653188,0,0.0,1.0,0.0,1.0,0.0,0.0,0.0,0.0,0.0,0.0,0.0,0.0,0.0,0.0,0.0,0.0,1.0,0.0,0.04489795918367347,0.0,0.09090909090909091,0.0,0.05555555555555555,0,0,1,1,0,0,0,1,0.0,0.0,0.0,235000.0
10653189,1,0.0,0.0,1.0,0.0,0.0,0.0,0.0,0.0,0.0,0.0,0.0,1.0,0.0,0.0,0.0,0.0,0.0,1.0,0.11734693877551022,0.1818181818181818,0.09090909090909091,0.0,0.05555555555555555,3,1,0,0,0,0,1,1,0.66,0.12,0.0006052375052843654,320000.0
10391049,1,0.0,1.0,0.0,0.0,0.0,1.0,0.0,0.0,0.0,0.0,0.0,0.0,0.0,0.0,0.0,0.0,0.0,1.0,0.1928571428571429,0.1818181818181818,0.09090909090909091,0.0,0.1111111111111111,0,0,0,0,0,0,0,0,0.0,0.0,0.0003493871053232473,518371.0
10653191,1,0.0,0.0,1.0,0.0,0.0,0.0,0.0,0.0,0.0,0.0,0.0,1.0,0.0,0.0,0.0,0.0,0.0,1.0,0.14081632653061227,0.2727272727272727,0.09090909090909091,0.0,0.05555555555555555,3,1,0,0,0,0,1,1,0.59,0.12,0.0005410456486632963,320000.0
10653195,0,0.0,1.0,0.0,0.0,0.0,0.0,0.0,0.0,0.0,0.0,0.0,0.0,0.0,1.0,0.0,0.0,0.0,1.0,0.05816326530612246,0.09090909090909091,0.18181818181818182,0.0,0.1111111111111111,0,0,1,1,0,0,0,1,0.0,0.0,0.0,275000.0
10653196,0,0.0,1.0,0.0,0.0,0.0,0.0,0.0,0.0,0.0,0.0,0.0,0.0,0.0,1.0,0.0,0.0,0.0,1.0,0.05816326530612246,0.09090909090909091,0.18181818181818182,0.0,0.1111111111111111,0,0,1,1,0,0,0,1,0.0,0.0,0.0,315000.0
10653199,0,0.0,1.0,0.0,0.0,0.0,0.0,0.0,0.0,0.0,0.0,0.0,0.0,0.0,1.0,0.0,0.0,0.0,1.0,0.0673469387755102,0.09090909090909091,0.18181818181818182,0.0,0.05555555555555555,0,0,1,1,0,0,0,1,0.0,0.0,0.0,355000.0
10653198,0,0.0,1.0,0.0,0.0,0.0,0.0,0.0,0.0,0.0,0.0,0.0,0.0,0.0,1.0,0.0,0.0,0.0,1.0,0.04795918367346939,0.0,0.09090909090909091,0.0,0.05555555555555555,0,0,1,1,0,0,0,1,0.0,0.0,0.0,295000.0
10653197,0,0.0,1.0,0.0,0.0,0.0,0.0,0.0,0.0,0.0,0.0,0.0,0.0,0.0,1.0,0.0,0.0,0.0,1.0,0.04081632653061225,0.0,0.09090909090909091,0.0,0.05555555555555555,0,0,1,1,0,0,0,1,0.0,0.0,0.0,245000.0
10653200,0,0.0,1.0,0.0,0.0,0.0,0.0,0.0,0.0,0.0,0.0,0.0,0.0,0.0,1.0,0.0,0.0,0.0,1.0,0.06020408163265307,0.09090909090909091,0.09090909090909091,0.0,0.1111111111111111,0,0,1,1,0,0,0,1,0.0,0.0,0.0,365000.0
10653203,0,0.0,1.0,0.0,0.0,0.0,0.0,0.0,0.0,0.0,0.0,0.0,0.0,0.0,1.0,0.0,0.0,0.0,1.0,0.05816326530612246,0.09090909090909091,0.18181818181818182,0.0,0.1111111111111111,0,0,1,1,0,0,0,1,0.0,0.0,0.0,295000.0
10653205,0,0.0,1.0,0.0,0.0,0.0,0.0,0.0,0.0,0.0,0.0,0.0,0.0,0.0,1.0,0.0,0.0,0.0,1.0,0.07755102040816328,0.09090909090909091,0.18181818181818182,0.0,0.05555555555555555,0,0,1,1,0,0,0,1,0.0,0.0,0.0,385000.0
10653204,0,0.0,1.0,0.0,0.0,0.0,0.0,0.0,0.0,0.0,0.0,0.0,0.0,0.0,1.0,0.0,0.0,0.0,1.0,0.06632653061224492,0.09090909090909091,0.18181818181818182,0.0,0.1111111111111111,0,0,1,1,0,0,0,1,0.0,0.0,0.0,365000.0
10653201,0,0.0,1.0,0.0,0.0,0.0,0.0,0.0,0.0,0.0,0.0,0.0,0.0,0.0,1.0,0.0,0.0,0.0,1.0,0.04387755102040817,0.0,0.09090909090909091,0.0,0.05555555555555555,0,0,1,1,0,0,0,1,0.0,0.0,0.0,245000.0
10653202,0,0.0,1.0,0.0,0.0,0.0,0.0,0.0,0.0,0.0,0.0,0.0,0.0,0.0,1.0,0.0,0.0,0.0,1.0,0.04081632653061225,0.0,0.09090909090909091,0.0,0.05555555555555555,0,0,1,1,0,0,0,1,0.0,0.0,0.0,235000.0
10653207,0,0.0,1.0,0.0,0.0,0.0,0.0,0.0,0.0,0.0,0.0,0.0,0.0,0.0,1.0,0.0,0.0,0.0,1.0,0.042857142857142864,0.0,0.09090909090909091,0.0,0.05555555555555555,0,0,1,1,0,0,0,1,0.0,0.02,0.0,250200.0
10653208,0,0.0,1.0,0.0,0.0,0.0,0.0,0.0,0.0,0.0,0.0,0.0,0.0,0.0,1.0,0.0,0.0,0.0,1.0,0.042857142857142864,0.0,0.09090909090909091,0.0,0.05555555555555555,0,0,0,1,0,0,0,1,0.0,0.02,0.0,250200.0
10653210,0,0.0,1.0,0.0,0.0,0.0,0.0,0.0,0.0,0.0,0.0,0.0,0.0,0.0,1.0,0.0,0.0,0.0,1.0,0.04795918367346939,0.0,0.09090909090909091,0.0,0.05555555555555555,0,0,0,1,0,0,0,1,0.0,0.02,0.0,255650.0
10653209,0,0.0,1.0,0.0,0.0,0.0,0.0,0.0,0.0,0.0,0.0,0.0,0.0,0.0,1.0,0.0,0.0,0.0,1.0,0.10102040816326532,0.09090909090909091,0.09090909090909091,0.0,0.1111111111111111,0,0,0,1,0,0,0,1,0.0,0.11,0.0,399800.0
10653214,0,0.0,1.0,0.0,0.0,0.0,0.0,0.0,0.0,0.0,0.0,0.0,0.0,0.0,1.0,0.0,0.0,0.0,1.0,0.04183673469387755,0.0,0.09090909090909091,0.0,0.05555555555555555,0,0,1,1,0,0,0,1,0.0,0.09,0.0,268500.0
10653218,0,0.0,1.0,0.0,0.0,0.0,0.0,0.0,0.0,0.0,0.0,0.0,0.0,0.0,1.0,0.0,0.0,0.0,1.0,0.06632653061224492,0.09090909090909091,0.18181818181818182,0.0,0.05555555555555555,0,0,1,1,0,0,0,1,0.0,0.07,0.0,313500.0
10653215,0,0.0,1.0,0.0,0.0,0.0,0.0,0.0,0.0,0.0,0.0,0.0,0.0,0.0,1.0,0.0,0.0,0.0,1.0,0.0653061224489796,0.09090909090909091,0.09090909090909091,0.0,0.05555555555555555,0,0,1,1,0,0,0,1,0.0,0.06,0.0,320750.0
10653211,0,0.0,1.0,0.0,0.0,0.0,0.0,0.0,0.0,0.0,0.0,0.0,0.0,0.0,1.0,0.0,0.0,0.0,1.0,0.07040816326530613,0.09090909090909091,0.09090909090909091,0.0,0.05555555555555555,0,0,1,1,0,0,0,1,0.0,0.12,0.0,350750.0
10653212,0,0.0,1.0,0.0,0.0,0.0,0.0,0.0,0.0,0.0,0.0,0.0,0.0,0.0,1.0,0.0,0.0,0.0,1.0,0.04489795918367347,0.0,0.09090909090909091,0.0,0.05555555555555555,0,0,1,1,0,0,0,1,0.0,0.08,0.0,253750.0
10653217,0,0.0,1.0,0.0,0.0,0.0,0.0,0.0,0.0,0.0,0.0,0.0,0.0,0.0,1.0,0.0,0.0,0.0,1.0,0.07040816326530613,0.09090909090909091,0.09090909090909091,0.0,0.05555555555555555,0,0,1,1,0,0,0,1,0.0,0.12,0.0,353250.0
10653216,0,0.0,1.0,0.0,0.0,0.0,0.0,0.0,0.0,0.0,0.0,0.0,0.0,0.0,1.0,0.0,0.0,0.0,1.0,0.04693877551020408,0.0,0.09090909090909091,0.0,0.05555555555555555,0,0,1,1,0,0,0,1,0.0,0.27,0.0,266250.0
10653219,0,0.0,1.0,0.0,0.0,0.0,0.0,0.0,0.0,0.0,0.0,0.0,0.0,0.0,1.0,0.0,0.0,0.0,1.0,0.04183673469387755,0.0,0.09090909090909091,0.0,0.05555555555555555,0,0,1,1,0,0,0,1,0.0,0.09,0.0,271000.0
10653220,0,0.0,1.0,0.0,0.0,0.0,0.0,0.0,0.0,0.0,0.0,0.0,0.0,0.0,1.0,0.0,0.0,0.0,1.0,0.0673469387755102,0.09090909090909091,0.09090909090909091,0.0,0.05555555555555555,0,0,1,1,0,0,0,1,0.0,0.1,0.0,316000.0
10653221,0,0.0,1.0,0.0,0.0,0.0,0.0,0.0,0.0,0.0,0.0,0.0,0.0,0.0,1.0,0.0,0.0,0.0,1.0,0.0653061224489796,0.09090909090909091,0.09090909090909091,0.0,0.05555555555555555,0,0,1,1,0,0,0,1,0.0,0.06,0.0,323250.0
10653222,0,0.0,1.0,0.0,0.0,0.0,0.0,0.0,0.0,0.0,0.0,0.0,0.0,0.0,1.0,0.0,0.0,0.0,1.0,0.04183673469387755,0.0,0.09090909090909091,0.0,0.05555555555555555,0,0,1,1,0,0,0,1,0.0,0.11,0.0,253750.0
10653227,0,0.0,1.0,0.0,0.0,0.0,0.0,0.0,0.0,0.0,0.0,0.0,0.0,0.0,1.0,0.0,0.0,0.0,1.0,0.0673469387755102,0.09090909090909091,0.18181818181818182,0.0,0.05555555555555555,0,0,1,1,0,0,0,1,0.0,0.1,0.0,325500.0
10653223,0,0.0,1.0,0.0,0.0,0.0,0.0,0.0,0.0,0.0,0.0,0.0,0.0,0.0,1.0,0.0,0.0,0.0,1.0,0.04693877551020408,0.0,0.09090909090909091,0.0,0.05555555555555555,0,0,1,1,0,0,0,1,0.0,0.09,0.0,261250.0
10653225,0,0.0,1.0,0.0,0.0,0.0,0.0,0.0,0.0,0.0,0.0,0.0,0.0,0.0,1.0,0.0,0.0,0.0,1.0,0.0653061224489796,0.09090909090909091,0.09090909090909091,0.0,0.05555555555555555,0,0,1,1,0,0,0,1,0.0,0.06,0.0,325750.0
10653226,0,0.0,1.0,0.0,0.0,0.0,0.0,0.0,0.0,0.0,0.0,0.0,0.0,0.0,1.0,0.0,0.0,0.0,1.0,0.06428571428571428,0.09090909090909091,0.09090909090909091,0.0,0.05555555555555555,0,0,1,1,0,0,0,1,0.0,0.1,0.0,311000.0
10653229,0,0.0,1.0,0.0,0.0,0.0,0.0,0.0,0.0,0.0,0.0,0.0,0.0,0.0,1.0,0.0,0.0,0.0,1.0,0.06428571428571428,0.09090909090909091,0.09090909090909091,0.0,0.05555555555555555,0,0,1,1,0,0,0,1,0.0,0.09,0.0,341000.0
10653224,0,0.0,1.0,0.0,0.0,0.0,0.0,0.0,0.0,0.0,0.0,0.0,0.0,0.0,1.0,0.0,0.0,0.0,1.0,0.04183673469387755,0.0,0.09090909090909091,0.0,0.05555555555555555,0,0,1,1,0,0,0,1,0.0,0.12,0.0,266000.0
10653228,0,0.0,1.0,0.0,0.0,0.0,0.0,0.0,0.0,0.0,0.0,0.0,0.0,0.0,1.0,0.0,0.0,0.0,1.0,0.06836734693877553,0.09090909090909091,0.09090909090909091,0.0,0.05555555555555555,0,0,1,1,0,0,0,1,0.0,0.12,0.0,358250.0
10653230,0,0.0,1.0,0.0,0.0,0.0,0.0,0.0,0.0,0.0,0.0,0.0,0.0,0.0,1.0,0.0,0.0,0.0,1.0,0.04183673469387755,0.0,0.09090909090909091,0.0,0.05555555555555555,0,0,1,1,0,0,0,1,0.0,0.12,0.0,256250.0
10653231,0,0.0,1.0,0.0,0.0,0.0,0.0,0.0,0.0,0.0,0.0,0.0,0.0,0.0,1.0,0.0,0.0,0.0,1.0,0.0653061224489796,0.09090909090909091,0.09090909090909091,0.0,0.05555555555555555,0,0,1,1,0,0,0,1,0.0,0.06,0.0,328250.0
10653232,0,0.0,1.0,0.0,0.0,0.0,0.0,0.0,0.0,0.0,0.0,0.0,0.0,0.0,1.0,0.0,0.0,0.0,1.0,0.04693877551020408,0.0,0.09090909090909091,0.0,0.05555555555555555,0,0,1,1,0,0,0,1,0.0,0.09,0.0,263750.0
10653233,0,0.0,1.0,0.0,0.0,0.0,0.0,0.0,0.0,0.0,0.0,0.0,0.0,0.0,1.0,0.0,0.0,0.0,1.0,0.06428571428571428,0.09090909090909091,0.18181818181818182,0.0,0.05555555555555555,0,0,1,1,0,0,0,1,0.0,0.1,0.0,318500.0
10653234,0,0.0,1.0,0.0,0.0,0.0,0.0,0.0,0.0,0.0,0.0,0.0,0.0,0.0,1.0,0.0,0.0,0.0,1.0,0.07142857142857142,0.09090909090909091,0.09090909090909091,0.0,0.05555555555555555,0,0,1,1,0,0,0,1,0.0,0.09,0.0,336000.0
10653235,0,0.0,1.0,0.0,0.0,0.0,0.0,0.0,0.0,0.0,0.0,0.0,0.0,0.0,1.0,0.0,0.0,0.0,1.0,0.0673469387755102,0.09090909090909091,0.09090909090909091,0.0,0.05555555555555555,0,0,1,1,0,0,0,1,0.0,0.1,0.0,321000.0
10653236,0,0.0,1.0,0.0,0.0,0.0,0.0,0.0,0.0,0.0,0.0,0.0,0.0,0.0,1.0,0.0,0.0,0.0,1.0,0.06428571428571428,0.09090909090909091,0.09090909090909091,0.0,0.05555555555555555,0,0,1,1,0,0,0,1,0.0,0.09,0.0,343500.0
10653239,0,0.0,1.0,0.0,0.0,0.0,0.0,0.0,0.0,0.0,0.0,0.0,0.0,0.0,1.0,0.0,0.0,0.0,1.0,0.04693877551020408,0.0,0.09090909090909091,0.0,0.05555555555555555,0,0,1,1,0,0,0,1,0.0,0.07,0.0,266250.0
10653238,0,0.0,1.0,0.0,0.0,0.0,0.0,0.0,0.0,0.0,0.0,0.0,0.0,0.0,1.0,0.0,0.0,0.0,1.0,0.06836734693877553,0.09090909090909091,0.09090909090909091,0.0,0.05555555555555555,0,0,1,1,0,0,0,1,0.0,0.12,0.0,363250.0
10653237,0,0.0,1.0,0.0,0.0,0.0,0.0,0.0,0.0,0.0,0.0,0.0,0.0,0.0,1.0,0.0,0.0,0.0,1.0,0.04183673469387755,0.0,0.09090909090909091,0.0,0.05555555555555555,0,0,1,1,0,0,0,1,0.0,0.11,0.0,258750.0
10653240,0,0.0,1.0,0.0,0.0,0.0,0.0,0.0,0.0,0.0,0.0,0.0,0.0,0.0,1.0,0.0,0.0,0.0,1.0,0.0653061224489796,0.09090909090909091,0.09090909090909091,0.0,0.05555555555555555,0,0,1,1,0,0,0,1,0.0,0.06,0.0,330750.0
10653242,0,0.0,1.0,0.0,0.0,0.0,0.0,0.0,0.0,0.0,0.0,0.0,0.0,0.0,1.0,0.0,0.0,0.0,1.0,0.07142857142857142,0.09090909090909091,0.09090909090909091,0.0,0.05555555555555555,0,0,1,1,0,0,0,1,0.0,0.09,0.0,338500.0
10653241,0,0.0,1.0,0.0,0.0,0.0,0.0,0.0,0.0,0.0,0.0,0.0,0.0,0.0,1.0,0.0,0.0,0.0,1.0,0.06428571428571428,0.09090909090909091,0.18181818181818182,0.0,0.05555555555555555,0,0,1,1,0,0,0,1,0.0,0.1,0.0,321000.0
10653243,0,0.0,1.0,0.0,0.0,0.0,0.0,0.0,0.0,0.0,0.0,0.0,0.0,0.0,1.0,0.0,0.0,0.0,1.0,0.0673469387755102,0.09090909090909091,0.18181818181818182,0.0,0.05555555555555555,0,0,1,1,0,0,0,1,0.0,0.1,0.0,328500.0
10653244,0,0.0,1.0,0.0,0.0,0.0,0.0,0.0,0.0,0.0,0.0,0.0,0.0,0.0,1.0,0.0,0.0,0.0,1.0,0.06428571428571428,0.09090909090909091,0.09090909090909091,0.0,0.05555555555555555,0,0,1,1,0,0,0,1,0.0,0.09,0.0,346000.0
10653245,0,0.0,1.0,0.0,0.0,0.0,0.0,0.0,0.0,0.0,0.0,0.0,0.0,0.0,1.0,0.0,0.0,0.0,1.0,0.04183673469387755,0.0,0.09090909090909091,0.0,0.05555555555555555,0,0,1,1,0,0,0,1,0.0,0.12,0.0,261250.0
10653249,0,0.0,1.0,0.0,0.0,0.0,0.0,0.0,0.0,0.0,0.0,0.0,0.0,0.0,1.0,0.0,0.0,0.0,1.0,0.06428571428571428,0.09090909090909091,0.09090909090909091,0.0,0.05555555555555555,0,0,1,1,0,0,0,1,0.0,0.09,0.0,348500.0
10653248,0,0.0,1.0,0.0,0.0,0.0,0.0,0.0,0.0,0.0,0.0,0.0,0.0,0.0,1.0,0.0,0.0,0.0,1.0,0.06938775510204082,0.0,0.09090909090909091,0.0,0.05555555555555555,0,0,1,1,0,0,0,1,0.0,0.11,0.0,283250.0
10653246,0,0.0,1.0,0.0,0.0,0.0,0.0,0.0,0.0,0.0,0.0,0.0,0.0,0.0,1.0,0.0,0.0,0.0,1.0,0.0653061224489796,0.09090909090909091,0.09090909090909091,0.0,0.05555555555555555,0,0,1,1,0,0,0,1,0.0,0.06,0.0,333250.0
10653251,0,0.0,1.0,0.0,0.0,0.0,0.0,0.0,0.0,0.0,0.0,0.0,0.0,0.0,1.0,0.0,0.0,0.0,1.0,0.07346938775510206,0.09090909090909091,0.09090909090909091,0.0,0.05555555555555555,0,0,1,1,0,0,0,1,0.0,0.06,0.0,348250.0
10653247,0,0.0,1.0,0.0,0.0,0.0,0.0,0.0,0.0,0.0,0.0,0.0,0.0,0.0,1.0,0.0,0.0,0.0,1.0,0.04693877551020408,0.0,0.09090909090909091,0.0,0.05555555555555555,0,0,1,1,0,0,0,1,0.0,0.09,0.0,268750.0
10653250,0,0.0,1.0,0.0,0.0,0.0,0.0,0.0,0.0,0.0,0.0,0.0,0.0,0.0,1.0,0.0,0.0,0.0,1.0,0.0653061224489796,0.09090909090909091,0.09090909090909091,0.0,0.05555555555555555,0,0,1,1,0,0,0,1,0.0,0.06,0.0,335750.0
10653253,0,0.0,1.0,0.0,0.0,0.0,0.0,0.0,0.0,0.0,0.0,0.0,0.0,0.0,1.0,0.0,0.0,0.0,1.0,0.0673469387755102,0.09090909090909091,0.09090909090909091,0.0,0.05555555555555555,0,0,1,1,0,0,0,1,0.0,0.1,0.0,326000.0
10653254,0,0.0,1.0,0.0,0.0,0.0,0.0,0.0,0.0,0.0,0.0,0.0,0.0,0.0,1.0,0.0,0.0,0.0,1.0,0.04183673469387755,0.0,0.09090909090909091,0.0,0.05555555555555555,0,0,1,1,0,0,0,1,0.0,0.11,0.0,263750.0
10653252,0,0.0,1.0,0.0,0.0,0.0,0.0,0.0,0.0,0.0,0.0,0.0,0.0,0.0,1.0,0.0,0.0,0.0,1.0,0.06428571428571428,0.09090909090909091,0.18181818181818182,0.0,0.05555555555555555,0,0,1,1,0,0,0,1,0.0,0.1,0.0,323500.0
10653256,0,0.0,1.0,0.0,0.0,0.0,0.0,0.0,0.0,0.0,0.0,0.0,0.0,0.0,1.0,0.0,0.0,0.0,1.0,0.06428571428571428,0.09090909090909091,0.09090909090909091,0.0,0.05555555555555555,0,0,1,1,0,0,0,1,0.0,0.1,0.0,321000.0
10653255,0,0.0,1.0,0.0,0.0,0.0,0.0,0.0,0.0,0.0,0.0,0.0,0.0,0.0,1.0,0.0,0.0,0.0,1.0,0.04693877551020408,0.0,0.09090909090909091,0.0,0.05555555555555555,0,0,1,1,0,0,0,1,0.0,0.09,0.0,271250.0
10653259,0,0.0,1.0,0.0,0.0,0.0,0.0,0.0,0.0,0.0,0.0,0.0,0.0,0.0,1.0,0.0,0.0,0.0,1.0,0.05000000000000001,0.0,0.09090909090909091,0.0,0.05555555555555555,0,0,1,1,0,0,0,1,0.0,0.19,0.0,303750.0
10653262,0,0.0,1.0,0.0,0.0,0.0,0.0,0.0,0.0,0.0,0.0,0.0,0.0,0.0,1.0,0.0,0.0,0.0,1.0,0.06428571428571428,0.09090909090909091,0.09090909090909091,0.0,0.05555555555555555,0,0,1,1,0,0,0,1,0.0,0.07,0.0,325750.0
10653260,0,0.0,1.0,0.0,0.0,0.0,0.0,0.0,0.0,0.0,0.0,0.0,0.0,0.0,1.0,0.0,0.0,0.0,1.0,0.06632653061224492,0.09090909090909091,0.09090909090909091,0.0,0.05555555555555555,0,0,1,1,0,0,0,1,0.0,0.09,0.0,320750.0
10653263,1,0.0,1.0,0.0,0.0,0.0,1.0,0.0,0.0,0.0,0.0,0.0,0.0,0.0,0.0,0.0,0.0,0.0,1.0,0.15816326530612246,0.2727272727272727,0.09090909090909091,0.0,0.05555555555555555,0,6,0,0,0,0,1,0,0.0,0.0,0.0015195129488730203,335000.0
10653261,0,0.0,1.0,0.0,0.0,0.0,0.0,0.0,0.0,0.0,0.0,0.0,0.0,0.0,1.0,0.0,0.0,0.0,1.0,0.06428571428571428,0.09090909090909091,0.09090909090909091,0.0,0.05555555555555555,0,0,1,1,0,0,0,1,0.0,0.07,0.0,323250.0
10653267,0,0.0,1.0,0.0,0.0,0.0,0.0,0.0,0.0,0.0,0.0,0.0,0.0,0.0,1.0,0.0,0.0,0.0,1.0,0.06122448979591837,0.09090909090909091,0.09090909090909091,0.0,0.05555555555555555,0,0,1,1,0,0,0,1,0.0,0.08,0.0,320750.0
10653264,0,0.0,1.0,0.0,0.0,0.0,0.0,0.0,0.0,0.0,0.0,0.0,0.0,0.0,1.0,0.0,0.0,0.0,1.0,0.06122448979591837,0.09090909090909091,0.09090909090909091,0.0,0.05555555555555555,0,0,1,1,0,0,0,1,0.0,0.08,0.0,318250.0
10653265,0,0.0,1.0,0.0,0.0,0.0,0.0,0.0,0.0,0.0,0.0,0.0,0.0,0.0,1.0,0.0,0.0,0.0,1.0,0.06428571428571428,0.09090909090909091,0.09090909090909091,0.0,0.05555555555555555,0,0,1,1,0,0,0,1,0.0,0.07,0.0,328250.0
10653269,0,0.0,1.0,0.0,0.0,0.0,0.0,0.0,0.0,0.0,0.0,0.0,0.0,0.0,1.0,0.0,0.0,0.0,1.0,0.05816326530612246,0.09090909090909091,0.09090909090909091,0.0,0.05555555555555555,0,0,1,1,0,0,0,1,0.0,0.05,0.0,305750.0
10653268,0,0.0,1.0,0.0,0.0,0.0,0.0,0.0,0.0,0.0,0.0,0.0,0.0,0.0,1.0,0.0,0.0,0.0,1.0,0.04795918367346939,0.0,0.09090909090909091,0.0,0.05555555555555555,0,0,1,1,0,0,0,1,0.0,0.14,0.0,260750.0
10653271,0,0.0,1.0,0.0,0.0,0.0,0.0,0.0,0.0,0.0,0.0,0.0,0.0,0.0,1.0,0.0,0.0,0.0,1.0,0.06122448979591837,0.09090909090909091,0.09090909090909091,0.0,0.05555555555555555,0,0,1,1,0,0,0,1,0.0,0.07,0.0,315750.0
10653270,0,0.0,1.0,0.0,0.0,0.0,0.0,0.0,0.0,0.0,0.0,0.0,0.0,0.0,1.0,0.0,0.0,0.0,1.0,0.06122448979591837,0.09090909090909091,0.09090909090909091,0.0,0.05555555555555555,0,0,1,1,0,0,0,1,0.0,0.08,0.0,323250.0
10653272,0,0.0,1.0,0.0,0.0,0.0,0.0,0.0,0.0,0.0,0.0,0.0,0.0,0.0,1.0,0.0,0.0,0.0,1.0,0.059183673469387764,0.09090909090909091,0.09090909090909091,0.0,0.05555555555555555,0,0,1,1,0,0,0,1,0.0,0.14,0.0,310750.0
10653276,0,0.0,1.0,0.0,0.0,0.0,0.0,0.0,0.0,0.0,0.0,0.0,0.0,0.0,1.0,0.0,0.0,0.0,1.0,0.06428571428571428,0.09090909090909091,0.09090909090909091,0.0,0.05555555555555555,0,0,1,1,0,0,0,1,0.0,0.07,0.0,330750.0
10653278,0,0.0,1.0,0.0,0.0,0.0,0.0,0.0,0.0,0.0,0.0,0.0,0.0,0.0,1.0,0.0,0.0,0.0,1.0,0.06428571428571428,0.09090909090909091,0.09090909090909091,0.0,0.05555555555555555,0,0,1,1,0,0,0,1,0.0,0.07,0.0,333250.0
10653275,0,0.0,1.0,0.0,0.0,0.0,0.0,0.0,0.0,0.0,0.0,0.0,0.0,0.0,1.0,0.0,0.0,0.0,1.0,0.06122448979591837,0.09090909090909091,0.09090909090909091,0.0,0.05555555555555555,0,0,1,1,0,0,0,1,0.0,0.07,0.0,318250.0
10653274,0,0.0,1.0,0.0,0.0,0.0,0.0,0.0,0.0,0.0,0.0,0.0,0.0,0.0,1.0,0.0,0.0,0.0,1.0,0.06122448979591837,0.09090909090909091,0.09090909090909091,0.0,0.05555555555555555,0,0,1,1,0,0,0,1,0.0,0.08,0.0,325750.0
10653277,0,0.0,1.0,0.0,0.0,0.0,0.0,0.0,0.0,0.0,0.0,0.0,0.0,0.0,1.0,0.0,0.0,0.0,1.0,0.059183673469387764,0.09090909090909091,0.09090909090909091,0.0,0.05555555555555555,0,0,1,1,0,0,0,1,0.0,0.06,0.0,313250.0
10653280,0,0.0,1.0,0.0,0.0,0.0,0.0,0.0,0.0,0.0,0.0,0.0,0.0,0.0,1.0,0.0,0.0,0.0,1.0,0.059183673469387764,0.09090909090909091,0.09090909090909091,0.0,0.05555555555555555,0,0,1,1,0,0,0,1,0.0,0.06,0.0,315750.0
10653279,0,0.0,1.0,0.0,0.0,0.0,0.0,0.0,0.0,0.0,0.0,0.0,0.0,0.0,1.0,0.0,0.0,0.0,1.0,0.06122448979591837,0.09090909090909091,0.09090909090909091,0.0,0.05555555555555555,0,0,1,1,0,0,0,1,0.0,0.07,0.0,320750.0
10653282,0,0.0,1.0,0.0,0.0,0.0,0.0,0.0,0.0,0.0,0.0,0.0,0.0,0.0,1.0,0.0,0.0,0.0,1.0,0.06122448979591837,0.09090909090909091,0.09090909090909091,0.0,0.05555555555555555,0,0,1,1,0,0,0,1,0.0,0.07,0.0,323250.0
10653281,0,0.0,1.0,0.0,0.0,0.0,0.0,0.0,0.0,0.0,0.0,0.0,0.0,0.0,1.0,0.0,0.0,0.0,1.0,0.06326530612244899,0.09090909090909091,0.09090909090909091,0.0,0.05555555555555555,0,0,1,1,0,0,0,1,0.0,0.08,0.0,328250.0
10653284,0,0.0,1.0,0.0,0.0,0.0,0.0,0.0,0.0,0.0,0.0,0.0,0.0,0.0,1.0,0.0,0.0,0.0,1.0,0.059183673469387764,0.09090909090909091,0.09090909090909091,0.0,0.05555555555555555,0,0,1,1,0,0,0,1,0.0,0.06,0.0,318250.0
10653287,0,0.0,1.0,0.0,0.0,0.0,0.0,0.0,0.0,0.0,0.0,0.0,0.0,0.0,1.0,0.0,0.0,0.0,1.0,0.09489795918367347,0.09090909090909091,0.18181818181818182,0.0,0.1111111111111111,0,0,1,1,0,0,0,1,0.0,0.06,0.0,345750.0
10653289,0,0.0,1.0,0.0,0.0,0.0,0.0,0.0,0.0,0.0,0.0,0.0,0.0,0.0,1.0,0.0,0.0,0.0,1.0,0.08061224489795918,0.09090909090909091,0.09090909090909091,0.0,0.1111111111111111,0,0,1,1,0,0,0,1,0.0,0.08,0.0,350750.0
10653283,0,0.0,1.0,0.0,0.0,0.0,0.0,0.0,0.0,0.0,0.0,0.0,0.0,0.0,1.0,0.0,0.0,0.0,1.0,0.06428571428571428,0.09090909090909091,0.09090909090909091,0.0,0.05555555555555555,0,0,1,1,0,0,0,1,0.0,0.07,0.0,335750.0
10653290,0,0.0,1.0,0.0,0.0,0.0,0.0,0.0,0.0,0.0,0.0,0.0,0.0,0.0,1.0,0.0,0.0,0.0,1.0,0.06122448979591837,0.09090909090909091,0.09090909090909091,0.0,0.1111111111111111,0,0,1,1,0,0,0,1,0.0,0.07,0.0,288250.0
10653288,0,0.0,1.0,0.0,0.0,0.0,0.0,0.0,0.0,0.0,0.0,0.0,0.0,0.0,1.0,0.0,0.0,0.0,1.0,0.06428571428571428,0.09090909090909091,0.09090909090909091,0.0,0.05555555555555555,0,0,1,1,0,0,0,1,0.0,0.07,0.0,315750.0
10653286,0,0.0,1.0,0.0,0.0,0.0,0.0,0.0,0.0,0.0,0.0,0.0,0.0,0.0,1.0,0.0,0.0,0.0,1.0,0.09489795918367347,0.09090909090909091,0.18181818181818182,0.0,0.1111111111111111,0,0,1,1,0,0,0,1,0.0,0.18,0.0,353250.0
10653291,0,0.0,1.0,0.0,0.0,0.0,0.0,0.0,0.0,0.0,0.0,0.0,0.0,0.0,1.0,0.0,0.0,0.0,1.0,0.04795918367346939,0.0,0.09090909090909091,0.0,0.1111111111111111,0,0,1,1,0,0,0,1,0.0,0.04,0.0,260750.0
10653292,0,0.0,1.0,0.0,0.0,0.0,0.0,0.0,0.0,0.0,0.0,0.0,0.0,0.0,1.0,0.0,0.0,0.0,1.0,0.06122448979591837,0.09090909090909091,0.09090909090909091,0.0,0.05555555555555555,0,0,1,1,0,0,0,1,0.0,0.15,0.0,333500.0
10653293,0,0.0,1.0,0.0,0.0,0.0,0.0,0.0,0.0,0.0,0.0,0.0,0.0,0.0,1.0,0.0,0.0,0.0,1.0,0.04693877551020408,0.0,0.09090909090909091,0.0,0.05555555555555555,0,0,1,1,0,0,0,1,0.0,0.04,0.0,268500.0
10653294,0,0.0,1.0,0.0,0.0,0.0,0.0,0.0,0.0,0.0,0.0,0.0,0.0,0.0,1.0,0.0,0.0,0.0,1.0,0.05510204081632653,0.0,0.09090909090909091,0.0,0.1111111111111111,0,0,1,1,0,0,0,1,0.0,0.06,0.0,270750.0
10653296,0,0.0,1.0,0.0,0.0,0.0,0.0,0.0,0.0,0.0,0.0,0.0,0.0,0.0,1.0,0.0,0.0,0.0,1.0,0.051020408163265314,0.0,0.09090909090909091,0.0,0.1111111111111111,0,0,1,1,0,0,0,1,0.0,0.06,0.0,275750.0
10653295,0,0.0,1.0,0.0,0.0,0.0,0.0,0.0,0.0,0.0,0.0,0.0,0.0,0.0,1.0,0.0,0.0,0.0,1.0,0.051020408163265314,0.0,0.09090909090909091,0.0,0.1111111111111111,0,0,1,1,0,0,0,1,0.0,0.06,0.0,280750.0
10653297,0,0.0,1.0,0.0,0.0,0.0,0.0,0.0,0.0,0.0,0.0,0.0,0.0,0.0,1.0,0.0,0.0,0.0,1.0,0.05612244897959184,0.0,0.09090909090909091,0.0,0.1111111111111111,0,0,1,1,0,0,0,1,0.0,0.07,0.0,288250.0
10653300,0,0.0,1.0,0.0,0.0,0.0,0.0,0.0,0.0,0.0,0.0,0.0,0.0,0.0,1.0,0.0,0.0,0.0,1.0,0.07346938775510206,0.09090909090909091,0.09090909090909091,0.0,0.1111111111111111,0,0,1,1,0,0,0,1,0.0,0.08,0.0,353500.0
10653303,0,0.0,1.0,0.0,0.0,0.0,0.0,0.0,0.0,0.0,0.0,0.0,0.0,0.0,1.0,0.0,0.0,0.0,1.0,0.051020408163265314,0.0,0.09090909090909091,0.0,0.05555555555555555,0,0,1,1,0,0,0,1,0.0,0.08,0.0,273250.0
10653301,0,0.0,1.0,0.0,0.0,0.0,0.0,0.0,0.0,0.0,0.0,0.0,0.0,0.0,1.0,0.0,0.0,0.0,1.0,0.04795918367346939,0.0,0.09090909090909091,0.0,0.1111111111111111,0,0,1,1,0,0,0,1,0.0,0.04,0.0,263250.0
10653299,0,0.0,1.0,0.0,0.0,0.0,0.0,0.0,0.0,0.0,0.0,0.0,0.0,0.0,1.0,0.0,0.0,0.0,1.0,0.06122448979591837,0.0,0.09090909090909091,0.0,0.1111111111111111,0,0,1,1,0,0,0,1,0.0,0.07,0.0,290750.0
10653304,0,0.0,1.0,0.0,0.0,0.0,0.0,0.0,0.0,0.0,0.0,0.0,0.0,0.0,1.0,0.0,0.0,0.0,1.0,0.04693877551020408,0.0,0.09090909090909091,0.0,0.05555555555555555,0,0,1,1,0,0,0,1,0.0,0.04,0.0,278250.0
10653302,0,0.0,1.0,0.0,0.0,0.0,0.0,0.0,0.0,0.0,0.0,0.0,0.0,0.0,1.0,0.0,0.0,0.0,1.0,0.06938775510204082,0.09090909090909091,0.09090909090909091,0.0,0.1111111111111111,0,0,1,1,0,0,0,1,0.0,0.09,0.0,348500.0
10653305,0,0.0,1.0,0.0,0.0,0.0,0.0,0.0,0.0,0.0,0.0,0.0,0.0,0.0,1.0,0.0,0.0,0.0,1.0,0.06122448979591837,0.09090909090909091,0.09090909090909091,0.0,0.05555555555555555,0,0,1,1,0,0,0,1,0.0,0.18,0.0,335750.0
10653306,0,0.0,1.0,0.0,0.0,0.0,0.0,0.0,0.0,0.0,0.0,0.0,0.0,0.0,1.0,0.0,0.0,0.0,1.0,0.05510204081632653,0.0,0.09090909090909091,0.0,0.1111111111111111,0,0,1,1,0,0,0,1,0.0,0.06,0.0,283250.0
10653307,0,0.0,1.0,0.0,0.0,0.0,0.0,0.0,0.0,0.0,0.0,0.0,0.0,0.0,1.0,0.0,0.0,0.0,1.0,0.05612244897959184,0.0,0.09090909090909091,0.0,0.1111111111111111,0,0,1,1,0,0,0,1,0.0,0.07,0.0,293250.0
10653308,0,0.0,1.0,0.0,0.0,0.0,0.0,0.0,0.0,0.0,0.0,0.0,0.0,0.0,1.0,0.0,0.0,0.0,1.0,0.051020408163265314,0.0,0.09090909090909091,0.0,0.1111111111111111,0,0,1,1,0,0,0,1,0.0,0.06,0.0,278250.0
10653310,0,0.0,1.0,0.0,0.0,0.0,0.0,0.0,0.0,0.0,0.0,0.0,0.0,0.0,1.0,0.0,0.0,0.0,1.0,0.051020408163265314,0.0,0.09090909090909091,0.0,0.1111111111111111,0,0,1,1,0,0,0,1,0.0,0.06,0.0,280750.0
10653313,0,0.0,1.0,0.0,0.0,0.0,0.0,0.0,0.0,0.0,0.0,0.0,0.0,0.0,1.0,0.0,0.0,0.0,1.0,0.06122448979591837,0.0,0.09090909090909091,0.0,0.1111111111111111,0,0,1,1,0,0,0,1,0.0,0.07,0.0,293250.0
10653309,0,0.0,1.0,0.0,0.0,0.0,0.0,0.0,0.0,0.0,0.0,0.0,0.0,0.0,1.0,0.0,0.0,0.0,1.0,0.05612244897959184,0.0,0.09090909090909091,0.0,0.1111111111111111,0,0,1,1,0,0,0,1,0.0,0.07,0.0,290750.0
10653314,0,0.0,1.0,0.0,0.0,0.0,0.0,0.0,0.0,0.0,0.0,0.0,0.0,0.0,1.0,0.0,0.0,0.0,1.0,0.04795918367346939,0.0,0.09090909090909091,0.0,0.1111111111111111,0,0,1,1,0,0,0,1,0.0,0.04,0.0,265750.0
10653311,0,0.0,1.0,0.0,0.0,0.0,0.0,0.0,0.0,0.0,0.0,0.0,0.0,0.0,1.0,0.0,0.0,0.0,1.0,0.05510204081632653,0.0,0.09090909090909091,0.0,0.1111111111111111,0,0,1,1,0,0,0,1,0.0,0.06,0.0,285750.0
10653315,0,0.0,1.0,0.0,0.0,0.0,0.0,0.0,0.0,0.0,0.0,0.0,0.0,0.0,1.0,0.0,0.0,0.0,1.0,0.07040816326530613,0.09090909090909091,0.09090909090909091,0.0,0.05555555555555555,0,0,1,1,0,0,0,1,0.0,0.12,0.0,355750.0
10653316,0,0.0,1.0,0.0,0.0,0.0,0.0,0.0,0.0,0.0,0.0,0.0,0.0,0.0,1.0,0.0,0.0,0.0,1.0,0.07142857142857142,0.09090909090909091,0.09090909090909091,0.0,0.05555555555555555,0,0,1,1,0,0,0,1,0.0,0.09,0.0,333500.0
10653312,0,0.0,1.0,0.0,0.0,0.0,0.0,0.0,0.0,0.0,0.0,0.0,0.0,0.0,1.0,0.0,0.0,0.0,1.0,0.051020408163265314,0.0,0.09090909090909091,0.0,0.05555555555555555,0,0,1,1,0,0,0,1,0.0,0.08,0.0,275750.0
10522367,0,0.0,1.0,0.0,1.0,0.0,0.0,0.0,0.0,0.0,0.0,0.0,0.0,0.0,0.0,0.0,0.0,1.0,0.0,0.06632653061224492,0.09090909090909091,0.09090909090909091,0.0,0.05555555555555555,3,2,1,0,0,0,0,1,0.0,0.04,0.0,159000.0
10653439,1,0.0,1.0,0.0,0.0,0.0,1.0,0.0,0.0,0.0,0.0,0.0,0.0,0.0,0.0,0.0,0.0,1.0,0.0,0.23265306122448984,0.1818181818181818,0.18181818181818182,0.0,0.1111111111111111,1,2,0,0,0,0,0,0,0.0,0.0,0.00011004318277897552,369000.0
10653451,1,0.0,1.0,0.0,0.0,0.0,0.0,1.0,0.0,0.0,0.0,0.0,0.0,0.0,0.0,0.0,0.0,0.0,1.0,0.10816326530612247,0.1818181818181818,0.09090909090909091,0.0,0.1111111111111111,1,0,0,0,0,0,1,0,0.0,0.0,0.000517202959061185,323377.0
10653442,0,0.0,1.0,0.0,0.0,0.0,1.0,0.0,0.0,0.0,0.0,0.0,0.0,0.0,0.0,0.0,0.0,1.0,0.0,0.06326530612244899,0.09090909090909091,0.09090909090909091,0.0,0.05555555555555555,1,2,1,0,0,0,1,1,0.0,0.6,0.0,269000.0
10653455,1,0.0,1.0,0.0,0.0,0.0,1.0,0.0,0.0,0.0,0.0,0.0,0.0,0.0,0.0,0.0,0.0,0.0,1.0,0.15306122448979595,0.1818181818181818,0.09090909090909091,0.0,0.0,1,4,0,0,0,0,1,0,0.0,0.0,0.0005135348529685524,349000.0
10653452,1,0.0,1.0,0.0,0.0,0.0,0.0,1.0,0.0,0.0,0.0,0.0,0.0,0.0,0.0,0.0,0.0,0.0,1.0,0.11938775510204083,0.1818181818181818,0.09090909090909091,0.0,0.1111111111111111,1,0,0,0,0,0,1,0,0.0,0.0,0.000517202959061185,335460.0
10653453,1,0.0,1.0,0.0,0.0,0.0,0.0,0.0,0.0,0.0,0.0,0.0,0.0,0.0,1.0,1.0,0.0,0.0,0.0,0.1816326530612245,0.2727272727272727,0.09090909090909091,0.0,0.0,1,2,0,0,0,0,1,0,0.0,0.0,0.0002787760630400713,499000.0
10653464,1,0.0,1.0,0.0,0.0,0.0,1.0,0.0,0.0,0.0,0.0,0.0,0.0,0.0,0.0,0.0,0.0,1.0,0.0,0.1836734693877551,0.2727272727272727,0.09090909090909091,0.0,0.1111111111111111,3,2,0,1,0,0,1,0,0.0,0.0,0.0005355434895243476,399000.0
10653461,1,0.0,1.0,0.0,0.0,0.0,1.0,0.0,0.0,0.0,0.0,0.0,0.0,0.0,0.0,0.0,0.0,1.0,0.0,0.1836734693877551,0.2727272727272727,0.09090909090909091,0.0,0.1111111111111111,3,2,0,1,0,0,1,0,0.0,0.0,0.0005355434895243476,399000.0
10653456,1,0.0,1.0,0.0,0.0,0.0,1.0,0.0,0.0,0.0,0.0,0.0,0.0,0.0,0.0,0.0,0.0,0.0,1.0,0.1836734693877551,0.2727272727272727,0.09090909090909091,0.0,0.0,1,5,0,0,0,0,1,0,0.0,0.0,0.001190300427059252,488000.0
10653465,1,0.0,1.0,0.0,0.0,0.0,1.0,0.0,0.0,0.0,0.0,0.0,0.0,0.0,0.0,0.0,0.0,1.0,0.0,0.11224489795918369,0.09090909090909091,0.09090909090909091,0.0,0.05555555555555555,4,4,0,1,0,0,0,0,0.0,0.0,0.00010087291754739423,195000.0
10653463,1,0.0,1.0,0.0,0.0,0.0,1.0,0.0,0.0,0.0,0.0,0.0,0.0,0.0,0.0,0.0,0.0,1.0,0.0,0.11224489795918369,0.09090909090909091,0.09090909090909091,0.0,0.05555555555555555,4,4,0,1,0,0,0,0,0.0,0.0,0.00010087291754739423,195000.0
10653472,0,0.0,1.0,0.0,0.0,0.0,0.0,0.0,0.0,0.0,0.0,0.0,0.0,0.0,1.0,0.0,0.0,0.0,1.0,0.10204081632653061,0.1818181818181818,0.09090909090909091,0.0,0.05555555555555555,3,2,1,0,0,0,0,0,0.0,0.0,0.0,320000.0
10653471,0,0.0,1.0,0.0,0.0,0.0,0.0,0.0,0.0,0.0,0.0,0.0,0.0,0.0,1.0,0.0,0.0,1.0,0.0,0.06632653061224492,0.09090909090909091,0.18181818181818182,0.0,0.05555555555555555,1,2,1,0,0,0,0,1,0.0,0.0,0.0,395000.0
10653469,1,0.0,1.0,0.0,0.0,0.0,1.0,0.0,0.0,0.0,0.0,0.0,0.0,0.0,0.0,0.0,1.0,0.0,0.0,0.20510204081632655,0.1818181818181818,0.09090909090909091,0.0,0.1111111111111111,1,2,0,0,0,0,1,1,0.0,0.0,0.00040807680280536754,485000.0
10653473,0,0.0,1.0,0.0,0.0,0.0,0.0,0.0,0.0,0.0,0.0,0.0,0.0,0.0,1.0,0.0,0.0,1.0,0.0,0.09591836734693879,0.09090909090909091,0.18181818181818182,0.0,0.1111111111111111,3,2,0,0,0,0,0,0,0.0,0.0,0.0,830000.0
10653475,1,0.0,1.0,0.0,0.0,0.0,0.0,0.0,0.0,0.0,0.0,0.0,0.0,0.0,1.0,0.0,0.0,1.0,0.0,0.10204081632653061,0.1818181818181818,0.09090909090909091,0.0,0.05555555555555555,1,3,0,0,0,0,1,1,0.0,0.0,7.336212185265035e-05,260000.0
10653480,1,0.0,1.0,0.0,1.0,0.0,0.0,0.0,0.0,0.0,0.0,0.0,0.0,0.0,0.0,0.0,0.0,0.0,1.0,0.0816326530612245,0.09090909090909091,0.09090909090909091,0.0,0.0,4,6,0,0,0,0,0,0,0.0,0.0,0.0001247156071495056,159500.0
10653483,1,0.0,1.0,0.0,1.0,0.0,0.0,0.0,0.0,0.0,0.0,0.0,0.0,0.0,0.0,0.0,0.0,0.0,1.0,0.1275510204081633,0.1818181818181818,0.18181818181818182,0.0,0.16666666666666666,1,3,0,0,0,0,1,1,0.0,0.12,0.00017882017201583522,525000.0
10653479,0,0.0,1.0,0.0,1.0,0.0,0.0,0.0,0.0,0.0,0.0,0.0,0.0,0.0,0.0,0.0,0.0,0.0,1.0,0.07653061224489796,0.09090909090909091,0.09090909090909091,0.0,0.05555555555555555,1,0,1,0,0,0,0,1,0.0,0.0,0.0,249500.0
10653485,0,0.0,1.0,0.0,0.0,0.0,1.0,0.0,0.0,0.0,0.0,0.0,0.0,0.0,0.0,0.0,0.0,0.0,1.0,0.07142857142857142,0.09090909090909091,0.09090909090909091,0.0,0.05555555555555555,1,3,1,0,0,0,0,1,0.0,0.0,0.0,245000.0
10653490,1,0.0,1.0,0.0,0.0,0.0,1.0,0.0,0.0,0.0,0.0,0.0,0.0,0.0,0.0,0.0,0.0,1.0,0.0,0.16836734693877553,0.2727272727272727,0.09090909090909091,0.0,0.1111111111111111,0,5,0,0,0,0,1,1,0.0,0.0,0.000786808756869675,349000.0
10653499,1,0.0,1.0,0.0,0.0,0.0,1.0,0.0,0.0,0.0,0.0,0.0,0.0,0.0,0.0,0.0,0.0,0.0,1.0,0.37857142857142856,0.2727272727272727,0.18181818181818182,0.0,0.16666666666666666,1,2,0,0,0,0,1,1,0.0,0.0,0.0005694734708811983,546000.0
10653500,1,0.0,1.0,0.0,0.0,0.0,0.0,0.0,0.0,0.0,0.0,0.0,0.0,0.0,1.0,0.0,0.0,0.0,1.0,0.11836734693877551,0.09090909090909091,0.09090909090909091,0.0,0.0,4,4,0,0,0,0,1,1,0.0,0.0,0.00022925663078953234,299000.0
10653491,1,0.0,1.0,0.0,0.0,0.0,1.0,0.0,0.0,0.0,0.0,0.0,0.0,0.0,0.0,0.0,0.0,1.0,0.0,0.8826530612244898,0.4545454545454545,0.18181818181818182,0.0,0.1111111111111111,0,3,0,0,0,0,1,1,0.0,0.0,0.0,599000.0
10653504,0,0.0,1.0,0.0,0.0,0.0,1.0,0.0,0.0,0.0,0.0,0.0,0.0,0.0,0.0,0.0,0.0,0.0,1.0,0.09591836734693879,0.0,0.09090909090909091,0.0,0.05555555555555555,1,5,1,0,0,0,1,1,0.0,0.0,0.0,245000.0
10653494,1,0.0,1.0,0.0,0.0,0.0,1.0,0.0,0.0,0.0,0.0,0.0,0.0,0.0,0.0,0.0,0.0,1.0,0.0,0.20612244897959187,0.1818181818181818,0.09090909090909091,0.0,0.1111111111111111,5,5,0,0,0,0,1,0,0.0,0.0,0.00037964898058746556,269000.0
10653495,1,0.0,1.0,0.0,0.0,0.0,1.0,0.0,0.0,0.0,0.0,0.0,0.0,0.0,0.0,0.0,0.0,1.0,0.0,0.19183673469387758,0.2727272727272727,0.18181818181818182,0.0,0.1111111111111111,1,6,0,0,0,0,1,1,0.0,0.0,0.000950039477991822,410000.0
10653507,1,0.0,1.0,0.0,0.0,0.0,1.0,0.0,0.0,0.0,0.0,0.0,0.0,0.0,0.0,0.0,0.0,0.0,1.0,0.15510204081632656,0.2727272727272727,0.09090909090909091,0.0,0.1111111111111111,4,4,0,0,0,0,1,1,0.0,0.0,8.253238708423164e-05,255000.0
10653510,1,0.0,1.0,0.0,0.0,0.0,0.0,0.0,0.0,0.0,0.0,0.0,0.0,0.0,1.0,0.0,0.0,1.0,0.0,0.11224489795918369,0.2727272727272727,0.09090909090909091,0.0,0.05555555555555555,1,3,0,0,0,0,1,1,0.0,0.0,7.794725446844099e-05,247500.0
10653526,0,0.0,1.0,0.0,1.0,0.0,0.0,0.0,0.0,0.0,0.0,0.0,0.0,0.0,0.0,0.0,0.0,0.0,1.0,0.07142857142857142,0.09090909090909091,0.09090909090909091,0.0,0.05555555555555555,1,2,1,0,0,0,0,0,0.0,0.0,0.0,197500.0
10653511,0,0.0,1.0,0.0,0.0,0.0,0.0,0.0,0.0,0.0,0.0,0.0,0.0,0.0,1.0,0.0,0.0,1.0,0.0,0.0163265306122449,0.0,0.0,0.0,0.05555555555555555,1,4,1,0,0,0,0,1,0.0,0.0,0.0,152000.0
10653520,1,0.0,1.0,0.0,0.0,0.0,0.0,0.0,0.0,1.0,0.0,0.0,0.0,0.0,0.0,0.0,0.0,1.0,0.0,0.14489795918367349,0.1818181818181818,0.09090909090909091,0.0,0.1111111111111111,4,4,0,0,0,0,1,0,0.838,0.0,0.0008537516930602184,278000.0
10653525,1,0.0,1.0,0.0,1.0,0.0,0.0,0.0,0.0,0.0,0.0,0.0,0.0,0.0,0.0,0.0,0.0,0.0,1.0,0.1836734693877551,0.1818181818181818,0.09090909090909091,0.0,0.1111111111111111,1,4,0,1,0,0,1,1,0.0,0.0,0.001134361809146606,698000.0
10653527,0,0.0,1.0,0.0,0.0,0.0,1.0,0.0,0.0,0.0,0.0,0.0,0.0,0.0,0.0,0.0,0.0,1.0,0.0,0.057142857142857155,0.0,0.09090909090909091,0.0,0.05555555555555555,1,3,0,0,0,0,1,1,0.0,0.0,0.0,160000.0
10653533,1,0.0,1.0,0.0,0.0,0.0,0.0,0.0,0.0,0.0,0.0,0.0,0.0,0.0,1.0,0.0,0.0,1.0,0.0,0.5918367346938775,0.5454545454545454,0.2727272727272727,0.0,0.2222222222222222,0,4,0,0,0,0,1,1,0.0,0.0,0.01375539784737194,2250000.0
10653528,0,0.0,1.0,0.0,0.0,0.0,1.0,0.0,0.0,0.0,0.0,0.0,0.0,0.0,0.0,0.0,0.0,1.0,0.0,0.09183673469387757,0.09090909090909091,0.09090909090909091,0.0,0.05555555555555555,1,1,0,0,0,0,0,1,0.0,0.35000000000000003,0.0,332500.0
10653529,0,0.0,1.0,0.0,1.0,0.0,0.0,0.0,0.0,0.0,0.0,0.0,0.0,0.0,0.0,0.0,0.0,0.0,1.0,0.11020408163265308,0.09090909090909091,0.09090909090909091,0.0,0.1111111111111111,1,2,0,0,0,1,0,1,0.0,0.27,0.0,395000.0
10653534,1,0.0,1.0,0.0,0.0,0.0,0.0,0.0,0.0,0.0,0.0,0.0,0.0,0.0,1.0,0.0,0.0,1.0,0.0,0.0816326530612245,0.1818181818181818,0.09090909090909091,0.0,0.05555555555555555,1,6,0,0,0,0,1,1,0.0,0.0,0.0003356317074758753,238000.0
10653530,0,0.0,1.0,0.0,0.0,0.0,0.0,0.0,0.0,0.0,0.0,0.0,0.0,0.0,1.0,0.0,0.0,1.0,0.0,0.06326530612244899,0.09090909090909091,0.09090909090909091,0.0,0.05555555555555555,1,2,1,0,0,0,0,1,0.0,0.0,0.0,785000.0
10653536,1,0.0,1.0,0.0,0.0,0.0,1.0,0.0,0.0,0.0,0.0,0.0,0.0,0.0,0.0,0.0,0.0,0.0,1.0,0.513265306122449,0.1818181818181818,0.18181818181818182,0.0,0.0,3,4,0,0,0,0,0,0,0.0,0.0,0.0014223081374182586,695000.0
10653539,1,0.0,1.0,0.0,0.0,0.0,1.0,0.0,0.0,0.0,0.0,0.0,0.0,0.0,0.0,0.0,0.0,0.0,1.0,0.24081632653061227,0.4545454545454545,0.09090909090909091,0.0,0.0,2,2,0,0,0,0,0,0,0.0,0.0,0.0015479407710909223,595000.0
10653540,1,0.0,1.0,0.0,0.0,0.0,0.0,1.0,0.0,0.0,0.0,0.0,0.0,0.0,0.0,0.0,0.0,1.0,0.0,0.11734693877551022,0.2727272727272727,0.09090909090909091,0.0,0.0,4,6,0,0,0,0,0,1,0.0,0.0,0.0003154571239663965,300000.0
10653552,0,0.0,1.0,0.0,0.0,0.0,0.0,0.0,0.0,0.0,0.0,0.0,0.0,0.0,1.0,0.0,0.0,0.0,1.0,0.07653061224489796,0.09090909090909091,0.09090909090909091,0.0,0.0,0,1,0,0,0,0,0,1,0.0,0.0,0.0,460000.0
10653544,1,0.0,1.0,0.0,0.0,0.0,0.0,0.0,0.0,0.0,0.0,0.0,0.0,0.0,1.0,0.0,0.0,0.0,1.0,0.23469387755102042,0.36363636363636365,0.18181818181818182,0.0,0.0,3,4,0,0,0,0,0,1,0.0,0.0,0.0004594302881022228,329000.0
10522485,0,0.0,1.0,0.0,0.0,0.0,0.0,0.0,0.0,0.0,0.0,0.0,0.0,0.0,1.0,0.0,0.0,0.0,1.0,0.025510204081632654,0.0,0.0,0.0,0.0,1,0,1,0,0,0,0,1,0.0,0.05,0.0,199000.0
10653549,0,1.0,0.0,0.0,0.0,1.0,0.0,0.0,0.0,0.0,0.0,0.0,0.0,0.0,0.0,0.0,0.0,0.0,1.0,0.08061224489795918,0.09090909090909091,0.09090909090909091,0.0,0.0,3,3,1,0,0,0,0,1,0.0,0.24,0.0,345000.0
10653562,0,0.0,1.0,0.0,0.0,0.0,1.0,0.0,0.0,0.0,0.0,0.0,0.0,0.0,0.0,1.0,0.0,0.0,0.0,0.1275510204081633,0.1818181818181818,0.18181818181818182,0.0,0.1111111111111111,0,1,1,0,0,0,0,1,0.0,0.22,0.0,525000.0
10653563,1,0.0,1.0,0.0,0.0,0.0,1.0,0.0,0.0,0.0,0.0,0.0,0.0,0.0,0.0,0.0,1.0,0.0,0.0,0.1295918367346939,0.09090909090909091,0.09090909090909091,0.0,0.1111111111111111,1,4,0,0,0,0,0,1,0.0,0.0,0.00017882017201583522,420000.0
10653543,1,0.0,0.0,1.0,0.0,0.0,0.0,0.0,0.0,0.0,1.0,0.0,0.0,0.0,0.0,0.0,0.0,0.0,1.0,0.3183673469387755,0.1818181818181818,0.18181818181818182,0.0,0.0,4,5,0,0,0,0,0,1,0.0,0.14,0.002800599001724927,349000.0
10653564,0,0.0,1.0,0.0,0.0,0.0,1.0,0.0,0.0,0.0,0.0,0.0,0.0,0.0,0.0,1.0,0.0,0.0,0.0,0.04897959183673469,0.0,0.09090909090909091,0.0,0.05555555555555555,1,3,1,0,0,0,0,1,0.0,0.07,0.0,385000.0
10653559,1,0.0,1.0,0.0,0.0,0.0,1.0,0.0,0.0,0.0,0.0,0.0,0.0,0.0,0.0,0.0,0.0,0.0,1.0,0.22142857142857145,0.2727272727272727,0.09090909090909091,0.0,0.0,4,6,0,0,0,0,1,0,0.0,0.0,0.00015589450893688199,186500.0
10653547,1,0.0,0.0,1.0,0.0,0.0,0.0,0.0,0.0,0.0,0.0,0.0,1.0,0.0,0.0,0.0,0.0,0.0,1.0,0.25918367346938775,0.2727272727272727,0.2727272727272727,0.0,0.0,4,4,0,0,0,0,0,1,0.0,0.22,0.00016964990678425393,350000.0
10653567,1,0.0,1.0,0.0,0.0,0.0,1.0,0.0,0.0,0.0,0.0,0.0,0.0,0.0,0.0,1.0,0.0,0.0,0.0,0.10816326530612247,0.1818181818181818,0.09090909090909091,0.0,0.05555555555555555,4,6,0,0,0,0,0,0,0.0,0.0,0.0,449000.0
10653565,0,0.0,1.0,0.0,0.0,0.0,1.0,0.0,0.0,0.0,0.0,0.0,0.0,0.0,0.0,1.0,0.0,0.0,0.0,0.09285714285714286,0.09090909090909091,0.09090909090909091,0.0,0.05555555555555555,0,2,1,0,0,0,1,1,0.0,0.24,0.0,795000.0
10653574,0,0.0,1.0,0.0,0.0,0.0,0.0,0.0,0.0,1.0,0.0,0.0,0.0,0.0,0.0,0.0,0.0,1.0,0.0,0.25510204081632654,0.09090909090909091,0.18181818181818182,0.0,0.0,0,3,0,0,0,0,0,1,0.0,0.14,0.0,795000.0
10653575,1,0.0,1.0,0.0,1.0,0.0,0.0,0.0,0.0,0.0,0.0,0.0,0.0,0.0,0.0,0.0,1.0,0.0,0.0,0.16632653061224492,0.1818181818181818,0.09090909090909091,0.0,0.0,0,6,0,0,0,0,1,0,0.03,0.0,8.344941360738977e-05,299000.0
10653571,1,0.0,1.0,0.0,0.0,0.0,1.0,0.0,0.0,0.0,0.0,0.0,0.0,0.0,0.0,0.0,0.0,1.0,0.0,0.23265306122448984,0.09090909090909091,0.18181818181818182,0.0,0.0,1,2,0,0,0,0,1,1,0.0,0.18,0.00011004318277897552,369000.0
10653578,1,0.0,1.0,0.0,0.0,0.0,1.0,0.0,0.0,0.0,0.0,0.0,0.0,0.0,0.0,0.0,1.0,0.0,0.0,0.21020408163265308,0.2727272727272727,0.18181818181818182,0.0,0.1111111111111111,0,2,0,1,0,0,0,1,0.0,0.0,0.0009913056715339379,729000.0
10653579,1,0.0,1.0,0.0,0.0,0.0,0.0,0.0,0.0,0.0,0.0,0.0,0.0,0.0,1.0,0.0,0.0,1.0,0.0,0.326530612244898,0.36363636363636365,0.18181818181818182,0.0,0.0,0,0,0,0,0,0,0,1,0.0,0.0,0.0024759716125269493,3595000.0
10653572,1,0.0,1.0,0.0,0.0,0.0,1.0,0.0,0.0,0.0,0.0,0.0,0.0,0.0,0.0,0.0,0.0,1.0,0.0,0.11224489795918369,0.0,0.18181818181818182,0.0,0.0,1,5,0,0,0,0,0,1,0.0,0.09,5.502159138948776e-05,239000.0
10653600,1,0.0,1.0,0.0,0.0,0.0,1.0,0.0,0.0,0.0,0.0,0.0,0.0,0.0,0.0,0.0,0.0,0.0,1.0,0.11836734693877551,0.1818181818181818,0.09090909090909091,0.0,0.05555555555555555,0,4,0,0,0,0,1,1,0.0,0.0,0.00048510703075065043,349500.0
10653602,1,0.0,1.0,0.0,0.0,0.0,1.0,0.0,0.0,0.0,0.0,0.0,0.0,0.0,0.0,0.0,0.0,0.0,1.0,0.23265306122448984,0.2727272727272727,0.09090909090909091,0.0,0.0,0,0,0,0,0,0,0,0,0.0,0.0,0.0002595185060537506,465000.0
10653603,1,0.0,1.0,0.0,0.0,0.0,1.0,0.0,0.0,0.0,0.0,0.0,0.0,0.0,0.0,0.0,0.0,0.0,1.0,0.1285714285714286,0.1818181818181818,0.09090909090909091,0.0,0.0,0,0,0,0,0,0,0,0,0.0,0.0,0.0002521822938684856,384000.0
10653601,1,0.0,1.0,0.0,0.0,0.0,1.0,0.0,0.0,0.0,0.0,0.0,0.0,0.0,0.0,0.0,0.0,0.0,1.0,0.15816326530612246,0.2727272727272727,0.09090909090909091,0.0,0.1111111111111111,0,0,0,0,0,0,0,0,0.0,0.0,0.0003879022192958887,470500.0
10653604,1,0.0,1.0,0.0,0.0,0.0,1.0,0.0,0.0,0.0,0.0,0.0,0.0,0.0,0.0,0.0,0.0,0.0,1.0,0.1285714285714286,0.1818181818181818,0.09090909090909091,0.0,0.1111111111111111,0,0,0,0,0,0,1,0,0.0,0.0,0.0003438849461842985,399000.0
10653609,1,0.0,1.0,0.0,0.0,0.0,1.0,0.0,0.0,0.0,0.0,0.0,0.0,0.0,0.0,0.0,0.0,0.0,1.0,0.20510204081632655,0.2727272727272727,0.09090909090909091,0.0,0.1111111111111111,0,0,0,0,0,0,0,0,0.0,0.0,0.00022375447165058355,364000.0
10653606,1,0.0,1.0,0.0,0.0,0.0,0.0,1.0,0.0,0.0,0.0,0.0,0.0,0.0,0.0,0.0,0.0,1.0,0.0,0.13367346938775512,0.1818181818181818,0.09090909090909091,0.0,0.0,0,0,0,0,0,0,1,0,0.0,0.0,0.00027602498347059694,461000.0
10653607,1,0.0,1.0,0.0,0.0,0.0,0.0,1.0,0.0,0.0,0.0,0.0,0.0,0.0,0.0,0.0,0.0,1.0,0.0,0.20204081632653065,0.2727272727272727,0.09090909090909091,0.0,0.0,0,0,0,0,0,0,1,0,0.0,0.0,0.0007492106694201916,558000.0
10653632,0,0.0,1.0,0.0,0.0,0.0,0.0,0.0,0.0,0.0,0.0,0.0,0.0,0.0,1.0,0.0,0.0,1.0,0.0,0.02142857142857143,0.0,0.09090909090909091,0.0,0.05555555555555555,1,2,1,0,0,0,0,0,0.0,0.0,0.0,445000.0
10653640,1,0.0,1.0,0.0,0.0,0.0,0.0,0.0,0.0,0.0,0.0,0.0,0.0,0.0,1.0,0.0,0.0,0.0,1.0,0.1948979591836735,0.2727272727272727,0.09090909090909091,0.0,0.05555555555555555,5,0,0,0,0,0,1,0,0.0,0.0,0.0005777267095896215,225000.0
10653631,1,0.0,1.0,0.0,0.0,0.0,1.0,0.0,0.0,0.0,0.0,0.0,0.0,0.0,0.0,0.0,0.0,0.0,1.0,0.12142857142857144,0.1818181818181818,0.09090909090909091,0.0,0.1111111111111111,0,3,0,0,0,0,0,0,0.0,0.0,9.170265231581294e-05,330000.0
10653641,0,0.0,1.0,0.0,0.0,0.0,0.0,0.0,0.0,0.0,0.0,0.0,0.0,0.0,1.0,0.0,0.0,0.0,1.0,0.2479591836734694,0.0,0.09090909090909091,0.0,0.05555555555555555,1,2,0,0,0,0,1,0,0.0,0.0,0.0,225000.0
10653642,1,0.0,1.0,0.0,0.0,0.0,0.0,0.0,0.0,0.0,0.0,0.0,0.0,0.0,1.0,0.0,0.0,0.0,1.0,0.09183673469387757,0.09090909090909091,0.0,0.0,0.0,5,6,0,0,0,0,1,0,0.0,0.0,0.00028702930174849447,89500.0
10653648,1,0.0,1.0,0.0,0.0,0.0,0.0,0.0,0.0,0.0,0.0,0.0,0.0,0.0,1.0,0.0,0.0,0.0,1.0,0.25204081632653064,0.1818181818181818,0.09090909090909091,0.0,0.1111111111111111,5,5,0,0,0,0,1,0,0.0,0.0,0.00042366625369905575,235000.0
10653647,1,0.0,1.0,0.0,0.0,0.0,0.0,0.0,0.0,0.0,0.0,0.0,0.0,0.0,1.0,0.0,0.0,0.0,1.0,0.17142857142857146,0.2727272727272727,0.09090909090909091,0.0,0.1111111111111111,3,2,0,0,0,0,1,0,0.0,0.0,0.00046218136767169716,315000.0
10653649,1,0.0,1.0,0.0,0.0,0.0,1.0,0.0,0.0,0.0,0.0,0.0,0.0,0.0,0.0,0.0,0.0,0.0,1.0,0.44795918367346943,0.36363636363636365,0.18181818181818182,0.0,0.16666666666666666,3,2,1,0,0,1,0,1,0.0,0.0,0.0018313019667467842,775000.0
10653656,1,0.0,1.0,0.0,1.0,0.0,0.0,0.0,0.0,0.0,0.0,0.0,0.0,0.0,0.0,0.0,0.0,0.0,1.0,0.08673469387755103,0.1818181818181818,0.09090909090909091,0.0,0.05555555555555555,0,3,0,0,0,0,1,0,0.0,0.0,0.00029619956698007576,365000.0
10653657,0,0.0,1.0,0.0,1.0,0.0,0.0,0.0,0.0,0.0,0.0,0.0,0.0,0.0,0.0,0.0,0.0,0.0,1.0,0.08469387755102042,0.0,0.09090909090909091,0.0,0.05555555555555555,0,4,0,0,0,0,0,1,0.0,0.07,0.0,189000.0
10653661,1,0.0,1.0,0.0,0.0,0.0,1.0,0.0,0.0,0.0,0.0,0.0,0.0,0.0,0.0,0.0,1.0,0.0,0.0,0.163265306122449,0.09090909090909091,0.09090909090909091,0.0,0.0,2,4,0,0,0,0,1,0,0.0,0.0,0.0002631866121463831,369000.0
10653662,1,0.0,1.0,0.0,0.0,0.0,1.0,0.0,0.0,0.0,0.0,0.0,0.0,0.0,0.0,0.0,1.0,0.0,0.0,0.20306122448979594,0.1818181818181818,0.09090909090909091,0.0,0.05555555555555555,5,6,0,0,0,0,1,0,0.0,0.0,0.00031178901787376397,219000.0
10653658,1,0.0,0.0,1.0,0.0,0.0,0.0,0.0,0.0,0.0,0.0,0.0,1.0,0.0,0.0,0.0,0.0,1.0,0.0,0.1275510204081633,0.1818181818181818,0.09090909090909091,0.0,0.05555555555555555,0,4,0,0,0,0,1,0,0.0,0.0,0.0007611320142212473,369000.0
10653665,1,0.0,1.0,0.0,0.0,0.0,0.0,0.0,0.0,1.0,0.0,0.0,0.0,0.0,0.0,0.0,0.0,1.0,0.0,0.24387755102040817,0.1818181818181818,0.18181818181818182,0.0,0.1111111111111111,5,6,0,0,0,0,1,1,0.05,0.16,0.0,389000.0
10653671,1,0.0,1.0,0.0,0.0,0.0,1.0,0.0,0.0,0.0,0.0,0.0,0.0,0.0,0.0,0.0,0.0,1.0,0.0,0.35714285714285715,0.36363636363636365,0.18181818181818182,0.0,0.0,1,2,0,0,0,0,0,0,0.0,0.0,0.0008812624887549623,795000.0
10653668,0,0.0,1.0,0.0,0.0,0.0,1.0,0.0,0.0,0.0,0.0,0.0,0.0,0.0,0.0,0.0,1.0,0.0,0.0,0.10204081632653061,0.09090909090909091,0.09090909090909091,0.0,0.05555555555555555,3,4,0,0,0,0,0,0,0.0,0.0,0.0,299000.0
10653677,0,1.0,0.0,0.0,0.0,1.0,0.0,0.0,0.0,0.0,0.0,0.0,0.0,0.0,0.0,0.0,0.0,0.0,1.0,0.2448979591836735,0.1818181818181818,0.2727272727272727,0.14285714285714285,0.2222222222222222,5,4,1,0,0,0,0,1,0.0,0.12,0.0,990000.0
10653678,1,1.0,0.0,0.0,0.0,1.0,0.0,0.0,0.0,0.0,0.0,0.0,0.0,0.0,0.0,0.0,1.0,0.0,0.0,0.5918367346938775,0.5454545454545454,0.36363636363636365,0.0,0.0,3,5,1,0,0,0,1,1,0.55,0.0,0.0006281631683633186,4900000.0
10653679,0,1.0,0.0,0.0,0.0,1.0,0.0,0.0,0.0,0.0,0.0,0.0,0.0,0.0,0.0,0.0,0.0,0.0,1.0,0.09183673469387757,0.1818181818181818,0.09090909090909091,0.0,0.1111111111111111,0,0,1,0,0,0,0,1,0.0,0.22,0.0,462000.0
10653681,1,1.0,0.0,0.0,0.0,1.0,0.0,0.0,0.0,0.0,0.0,0.0,0.0,0.0,0.0,0.0,1.0,0.0,0.0,0.20408163265306126,0.36363636363636365,0.18181818181818182,0.14285714285714285,0.1111111111111111,3,7,0,0,0,0,0,1,0.0,0.1,5.960672400527841e-05,450000.0
10653685,1,1.0,0.0,0.0,0.0,1.0,0.0,0.0,0.0,0.0,0.0,0.0,0.0,0.0,0.0,1.0,0.0,0.0,0.0,0.10510204081632654,0.1818181818181818,0.09090909090909091,0.07142857142857142,0.05555555555555555,3,0,0,0,0,0,0,0,0.0,0.0,3.668106092632517e-05,535000.0
10653687,0,1.0,0.0,0.0,0.0,1.0,0.0,0.0,0.0,0.0,0.0,0.0,0.0,0.0,0.0,0.0,0.0,0.0,1.0,0.06428571428571428,0.09090909090909091,0.18181818181818182,0.14285714285714285,0.05555555555555555,1,3,0,0,0,0,0,1,0.0,0.03,0.0,385000.0
10653690,1,1.0,0.0,0.0,0.0,1.0,0.0,0.0,0.0,0.0,0.0,0.0,0.0,0.0,0.0,0.0,1.0,0.0,0.0,0.2653061224489796,0.2727272727272727,0.18181818181818182,0.14285714285714285,0.16666666666666666,4,7,0,0,0,0,0,0,0.0,0.0,0.0,640000.0
10653688,0,0.0,1.0,0.0,0.0,0.0,0.0,0.0,0.0,0.0,0.0,0.0,0.0,0.0,1.0,0.0,0.0,0.0,1.0,0.03877551020408163,0.09090909090909091,0.09090909090909091,0.0,0.0,5,0,0,0,0,0,0,0,0.0,0.0,0.0,99000.0
10653689,0,1.0,0.0,0.0,0.0,1.0,0.0,0.0,0.0,0.0,0.0,0.0,0.0,0.0,0.0,1.0,0.0,0.0,0.0,0.039795918367346944,0.0,0.09090909090909091,0.07142857142857142,0.05555555555555555,4,6,1,0,0,0,1,0,0.013000000000000001,0.0,0.0,200000.0
10653691,1,1.0,0.0,0.0,0.0,1.0,0.0,0.0,0.0,0.0,0.0,0.0,0.0,0.0,0.0,0.0,1.0,0.0,0.0,0.1959183673469388,0.4545454545454545,0.18181818181818182,0.14285714285714285,0.1111111111111111,3,7,0,0,0,0,0,1,0.0,0.04,0.00014213911108951004,720000.0
10653692,1,1.0,0.0,0.0,0.0,1.0,0.0,0.0,0.0,0.0,0.0,0.0,0.0,0.0,0.0,0.0,0.0,0.0,1.0,0.2448979591836735,0.2727272727272727,0.2727272727272727,0.21428571428571427,0.1111111111111111,3,5,0,0,0,0,0,1,0.0,0.12,0.00011462831539476617,740000.0
10653696,0,1.0,0.0,0.0,0.0,1.0,0.0,0.0,0.0,0.0,0.0,0.0,0.0,0.0,0.0,1.0,0.0,0.0,0.0,0.1142857142857143,0.09090909090909091,0.18181818181818182,0.14285714285714285,0.16666666666666666,1,3,1,0,0,0,0,1,0.0,0.65,0.0,995000.0
10653695,0,0.0,1.0,0.0,0.0,0.0,0.0,0.0,0.0,0.0,0.0,0.0,0.0,0.0,1.0,0.0,0.0,1.0,0.0,0.03571428571428572,0.0,0.0,0.0,0.0,0,2,1,0,0,0,0,0,0.0,0.0,0.0,175000.0
10653708,1,0.0,1.0,0.0,0.0,0.0,1.0,0.0,0.0,0.0,0.0,0.0,0.0,0.0,0.0,0.0,0.0,1.0,0.0,0.14285714285714288,0.2727272727272727,0.09090909090909091,0.0,0.05555555555555555,4,3,0,0,0,0,0,0,0.0,0.0,0.0005713075239275146,269000.0
10653712,1,0.0,1.0,0.0,0.0,0.0,1.0,0.0,0.0,0.0,0.0,0.0,0.0,0.0,0.0,0.0,0.0,0.0,1.0,0.18979591836734697,0.1818181818181818,0.09090909090909091,0.0,0.0,5,6,0,0,0,0,0,0,0.0,0.0,0.0007400404041886104,349000.0
10653694,0,1.0,0.0,0.0,0.0,1.0,0.0,0.0,0.0,0.0,0.0,0.0,0.0,0.0,0.0,0.0,1.0,0.0,0.0,0.1479591836734694,0.1818181818181818,0.09090909090909091,0.07142857142857142,0.05555555555555555,3,5,0,0,0,0,0,0,0.0,0.0,0.0,280000.0
10653705,1,1.0,0.0,0.0,0.0,1.0,0.0,0.0,0.0,0.0,0.0,0.0,0.0,0.0,0.0,0.0,0.0,0.0,1.0,0.32857142857142857,0.5454545454545454,0.0,0.21428571428571427,0.16666666666666666,5,7,0,0,0,0,0,0,0.0,0.0,0.00019257556986320717,849000.0
10653710,1,0.0,1.0,0.0,0.0,0.0,1.0,0.0,0.0,0.0,0.0,0.0,0.0,0.0,0.0,0.0,0.0,0.0,1.0,0.16122448979591839,0.1818181818181818,0.09090909090909091,0.0,0.0,1,3,0,0,0,0,1,1,0.2,0.25,0.0002751079569474388,289000.0
10653711,1,1.0,0.0,0.0,0.0,1.0,0.0,0.0,0.0,0.0,0.0,0.0,0.0,0.0,0.0,0.0,0.0,0.0,1.0,0.29183673469387755,0.2727272727272727,0.18181818181818182,0.07142857142857142,0.16666666666666666,3,3,0,0,0,0,0,1,0.0,0.2,0.000418164094560107,1150000.0
10653716,1,0.0,1.0,0.0,0.0,0.0,1.0,0.0,0.0,0.0,0.0,0.0,0.0,0.0,0.0,0.0,1.0,0.0,0.0,0.163265306122449,0.1818181818181818,0.0,0.0,0.0,0,6,0,0,0,0,1,0,0.5,0.0,0.0010004759367655191,270000.0
10653714,1,0.0,1.0,0.0,0.0,0.0,1.0,0.0,0.0,0.0,0.0,0.0,0.0,0.0,0.0,0.0,0.0,1.0,0.0,0.10612244897959186,0.1818181818181818,0.09090909090909091,0.0,0.1111111111111111,1,6,0,0,0,0,1,1,0.0,0.0,0.0006785996271370157,350000.0
10653713,1,0.0,1.0,0.0,0.0,0.0,1.0,0.0,0.0,0.0,0.0,0.0,0.0,0.0,0.0,0.0,1.0,0.0,0.0,0.2428571428571429,0.2727272727272727,0.18181818181818182,0.0,0.1111111111111111,3,5,0,0,0,0,0,1,0.0,0.0,0.00021825231251163479,475000.0
10653725,0,0.0,1.0,0.0,0.0,0.0,0.0,0.0,0.0,1.0,0.0,0.0,0.0,0.0,0.0,0.0,0.0,0.0,1.0,0.08571428571428572,0.09090909090909091,0.09090909090909091,0.0,0.05555555555555555,3,3,0,0,0,0,0,0,0.0,0.0,0.0,245000.0
10653718,1,0.0,1.0,0.0,0.0,0.0,0.0,0.0,0.0,0.0,0.0,0.0,0.0,0.0,1.0,0.0,0.0,0.0,1.0,0.23571428571428574,0.36363636363636365,0.09090909090909091,0.0,0.0,0,3,0,0,0,0,0,0,0.0,0.0,0.0017882017201583521,499000.0
10653722,1,0.0,1.0,0.0,0.0,0.0,0.0,1.0,0.0,0.0,0.0,0.0,0.0,0.0,0.0,0.0,1.0,0.0,0.0,0.1795918367346939,0.1818181818181818,0.09090909090909091,0.0,0.0,0,3,0,0,0,0,1,1,0.0,0.13,0.00020266286161794658,435000.0
10653719,1,0.0,1.0,0.0,0.0,0.0,0.0,0.0,0.0,0.0,0.0,0.0,0.0,0.0,1.0,0.0,0.0,0.0,1.0,0.1469387755102041,0.2727272727272727,0.09090909090909091,0.0,0.0,5,6,0,0,0,0,1,0,0.0,0.0,0.0004337535454537952,235000.0
10653726,1,0.0,0.0,1.0,0.0,0.0,0.0,0.0,0.0,0.0,0.0,1.0,0.0,0.0,0.0,0.0,0.0,0.0,1.0,0.3469387755102041,0.36363636363636365,0.18181818181818182,0.0,0.0,1,4,0,1,0,0,0,0,0.0,0.0,0.0067905814039859475,735000.0
10653723,1,0.0,1.0,0.0,0.0,0.0,0.0,1.0,0.0,0.0,0.0,0.0,0.0,0.0,0.0,0.0,0.0,0.0,1.0,0.20510204081632655,0.2727272727272727,0.09090909090909091,0.0,0.1111111111111111,1,1,0,0,0,0,0,1,0.0,0.0,0.000446591916778009,549000.0
10653729,0,0.0,0.0,1.0,0.0,0.0,0.0,0.0,0.0,0.0,1.0,0.0,0.0,0.0,0.0,0.0,0.0,0.0,1.0,0.08979591836734696,0.09090909090909091,0.09090909090909091,0.0,0.05555555555555555,0,3,1,0,0,0,1,1,0.0,0.0,0.0,298000.0
10653730,0,0.0,1.0,0.0,1.0,0.0,0.0,0.0,0.0,0.0,0.0,0.0,0.0,0.0,0.0,0.0,0.0,1.0,0.0,0.16836734693877553,0.2727272727272727,0.09090909090909091,0.07142857142857142,0.05555555555555555,5,4,1,0,0,0,0,0,0.0,0.0,0.0,235000.0
10653727,1,0.0,0.0,1.0,0.0,0.0,0.0,0.0,0.0,0.0,0.0,0.0,1.0,0.0,0.0,0.0,0.0,0.0,1.0,0.2142857142857143,0.2727272727272727,0.09090909090909091,0.0,0.0,5,7,0,0,0,0,0,0,0.0,0.0,0.0018166295423762543,240000.0
10653731,0,0.0,1.0,0.0,1.0,0.0,0.0,0.0,0.0,0.0,0.0,0.0,0.0,0.0,0.0,0.0,0.0,1.0,0.0,0.22448979591836737,0.2727272727272727,0.09090909090909091,0.07142857142857142,0.05555555555555555,4,5,1,0,0,0,0,1,0.0,0.09,0.0,235000.0
10653735,1,0.0,1.0,0.0,1.0,0.0,0.0,0.0,0.0,0.0,0.0,0.0,0.0,0.0,0.0,0.0,0.0,1.0,0.0,0.12040816326530615,0.1818181818181818,0.09090909090909091,0.0,0.05555555555555555,0,4,0,0,0,0,1,0,0.0,0.0,0.0,220000.0
10653732,0,0.0,1.0,0.0,1.0,0.0,0.0,0.0,0.0,0.0,0.0,0.0,0.0,0.0,0.0,0.0,0.0,0.0,1.0,0.051020408163265314,0.09090909090909091,0.0,0.0,0.05555555555555555,1,0,0,0,0,0,0,1,0.0,0.0,0.0,289000.0
10653734,1,0.0,1.0,0.0,1.0,0.0,0.0,0.0,0.0,0.0,0.0,0.0,0.0,0.0,0.0,0.0,0.0,0.0,1.0,0.15306122448979595,0.1818181818181818,0.18181818181818182,0.0,0.1111111111111111,0,0,0,0,0,0,0,1,0.0,0.0,9.628778493160358e-05,379000.0
10653738,0,0.0,1.0,0.0,0.0,0.0,0.0,0.0,0.0,0.0,0.0,0.0,0.0,0.0,1.0,0.0,0.0,0.0,1.0,0.09693877551020408,0.09090909090909091,0.09090909090909091,0.0,0.05555555555555555,1,3,1,0,0,0,0,1,0.0,0.42,0.0,295000.0
10653733,0,0.0,1.0,0.0,1.0,0.0,0.0,0.0,0.0,0.0,0.0,0.0,0.0,0.0,0.0,0.0,0.0,0.0,1.0,0.07653061224489796,0.1818181818181818,0.0,0.0,0.05555555555555555,1,1,0,0,0,0,0,0,0.0,0.0,0.0,339000.0
10653740,1,0.0,1.0,0.0,0.0,0.0,0.0,0.0,0.0,1.0,0.0,0.0,0.0,0.0,0.0,0.0,0.0,0.0,1.0,0.20408163265306126,0.2727272727272727,0.18181818181818182,0.0,0.0,0,3,0,0,0,0,1,0,0.0,0.0,0.0005868969748212028,329000.0
10653745,0,0.0,1.0,0.0,1.0,0.0,0.0,0.0,0.0,0.0,0.0,0.0,0.0,0.0,0.0,1.0,0.0,0.0,0.0,0.05408163265306123,0.09090909090909091,0.09090909090909091,0.07142857142857142,0.05555555555555555,2,0,0,0,0,0,0,0,0.0,0.0,0.0,345500.0
10653741,1,0.0,0.0,1.0,0.0,0.0,0.0,0.0,1.0,0.0,0.0,0.0,0.0,0.0,0.0,0.0,0.0,0.0,1.0,0.1326530612244898,0.1818181818181818,0.0,0.07142857142857142,0.05555555555555555,0,0,0,0,0,0,0,0,0.0,0.0,0.0011004318277897552,159000.0
10653744,0,0.0,1.0,0.0,1.0,0.0,0.0,0.0,0.0,0.0,0.0,0.0,0.0,0.0,0.0,0.0,0.0,0.0,1.0,0.07959183673469389,0.09090909090909091,0.09090909090909091,0.07142857142857142,0.05555555555555555,4,2,1,0,0,0,0,1,0.0,0.1,0.0,270000.0
10653746,0,0.0,1.0,0.0,1.0,0.0,0.0,0.0,0.0,0.0,0.0,0.0,0.0,0.0,0.0,0.0,0.0,0.0,1.0,0.06122448979591837,0.09090909090909091,0.09090909090909091,0.0,0.05555555555555555,4,2,1,0,0,0,0,1,0.0,0.15,0.0,187500.0
10653756,1,0.0,1.0,0.0,0.0,0.0,1.0,0.0,0.0,0.0,0.0,0.0,0.0,0.0,0.0,0.0,0.0,1.0,0.0,0.15306122448979595,0.1818181818181818,0.18181818181818182,0.0,0.1111111111111111,1,3,0,0,0,0,0,0,0.0,0.0,6.602590966738531e-05,248000.0
10653758,1,0.0,1.0,0.0,0.0,0.0,0.0,0.0,0.0,0.0,0.0,0.0,0.0,0.0,1.0,0.0,0.0,0.0,1.0,0.07142857142857142,0.1818181818181818,0.18181818181818182,0.0,0.1111111111111111,1,2,0,0,0,0,0,0,0.0,0.0,8.253238708423164e-05,345000.0
10653759,0,0.0,1.0,0.0,0.0,0.0,0.0,0.0,0.0,0.0,0.0,0.0,0.0,0.0,1.0,0.0,0.0,0.0,1.0,0.07040816326530613,0.09090909090909091,0.18181818181818182,0.0,0.05555555555555555,1,4,1,0,0,0,0,1,0.0,0.0,0.0,385000.0
10653760,1,0.0,1.0,0.0,0.0,0.0,0.0,0.0,0.0,0.0,0.0,0.0,0.0,0.0,1.0,0.0,0.0,1.0,0.0,0.363265306122449,0.2727272727272727,0.36363636363636365,0.0,0.0,4,5,0,0,0,0,0,0,0.0,0.0,0.0003448019727074566,349000.0
10653764,0,0.0,1.0,0.0,0.0,0.0,1.0,0.0,0.0,0.0,0.0,0.0,0.0,0.0,0.0,0.0,0.0,0.0,1.0,0.10408163265306122,0.09090909090909091,0.0,0.0,0.05555555555555555,1,1,1,0,0,0,1,1,0.0,0.0,0.0,335000.0
10653762,1,0.0,1.0,0.0,0.0,0.0,1.0,0.0,0.0,0.0,0.0,0.0,0.0,0.0,0.0,0.0,0.0,1.0,0.0,0.21734693877551023,0.1818181818181818,0.0,0.0,0.0,1,2,0,0,0,0,0,0,0.0,0.0,0.0008711751970002228,572000.0
10391627,0,0.0,1.0,0.0,1.0,0.0,0.0,0.0,0.0,0.0,0.0,0.0,0.0,0.0,0.0,0.0,0.0,0.0,1.0,0.014285714285714284,0.0,0.09090909090909091,0.0,0.0,5,3,0,0,0,0,0,1,0.0,0.0,0.0,109000.0
10653767,1,0.0,1.0,0.0,0.0,0.0,0.0,0.0,0.0,1.0,0.0,0.0,0.0,0.0,0.0,0.0,0.0,0.0,1.0,0.1479591836734694,0.1818181818181818,0.09090909090909091,0.0,0.05555555555555555,5,6,0,0,0,0,1,1,0.0,0.34,0.0007556298550822985,249000.0
10653770,1,0.0,1.0,0.0,0.0,0.0,0.0,0.0,0.0,1.0,0.0,0.0,0.0,0.0,0.0,0.0,0.0,0.0,1.0,0.163265306122449,0.1818181818181818,0.09090909090909091,0.0,0.05555555555555555,1,2,0,0,0,0,0,0,0.0,0.0,0.0006841017862759645,449000.0
10653773,1,0.0,1.0,0.0,0.0,0.0,1.0,0.0,0.0,0.0,0.0,0.0,0.0,0.0,0.0,0.0,0.0,0.0,1.0,0.22959183673469388,0.2727272727272727,0.09090909090909091,0.0,0.1111111111111111,0,3,0,0,0,0,0,0,0.0,0.0,0.0001375539784737194,395000.0
10653775,1,0.0,1.0,0.0,0.0,0.0,0.0,0.0,0.0,0.0,0.0,0.0,0.0,0.0,1.0,0.0,0.0,0.0,1.0,0.16734693877551024,0.1818181818181818,0.09090909090909091,0.0,0.0,2,3,0,0,0,0,1,1,0.0,0.0,0.00043283651893063704,304000.0
10653774,1,0.0,1.0,0.0,0.0,0.0,0.0,1.0,0.0,0.0,0.0,0.0,0.0,0.0,0.0,0.0,0.0,1.0,0.0,0.1489795918367347,0.1818181818181818,0.09090909090909091,0.0,0.0,4,3,0,0,0,0,1,0,0.1,0.0,0.00015222640284424946,299000.0
10653777,1,0.0,1.0,0.0,0.0,0.0,0.0,0.0,0.0,1.0,0.0,0.0,0.0,0.0,0.0,0.0,0.0,0.0,1.0,0.16734693877551024,0.1818181818181818,0.18181818181818182,0.0,0.05555555555555555,5,6,0,0,0,0,1,0,0.0,0.0,0.00038698519277273057,269000.0
10653778,1,0.0,1.0,0.0,1.0,0.0,0.0,0.0,0.0,0.0,0.0,0.0,0.0,0.0,0.0,0.0,0.0,0.0,1.0,0.18979591836734697,0.2727272727272727,0.09090909090909091,0.0,0.05555555555555555,5,6,0,0,0,0,1,0,0.0,0.0,0.0010609996872939557,279000.0
10653779,1,0.0,1.0,0.0,0.0,0.0,1.0,0.0,0.0,0.0,0.0,0.0,0.0,0.0,0.0,1.0,0.0,0.0,0.0,0.23979591836734696,0.36363636363636365,0.09090909090909091,0.0,0.0,0,4,0,0,0,0,1,0,0.0,0.0,0.000843664401305479,448000.0
10653780,1,0.0,1.0,0.0,1.0,0.0,0.0,0.0,0.0,0.0,0.0,0.0,0.0,0.0,0.0,0.0,0.0,0.0,1.0,0.1785714285714286,0.1818181818181818,0.09090909090909091,0.0,0.0,0,2,0,0,0,0,1,0,0.0,0.0,0.0001283837132421381,468000.0
10653785,0,0.0,1.0,0.0,0.0,0.0,0.0,0.0,0.0,0.0,0.0,0.0,0.0,0.0,1.0,0.0,0.0,0.0,1.0,0.14183673469387756,0.1818181818181818,0.09090909090909091,0.0,0.1111111111111111,0,0,1,0,0,0,0,1,0.0,0.0,0.0,745000.0
10653788,0,0.0,1.0,0.0,0.0,0.0,0.0,0.0,0.0,0.0,0.0,0.0,0.0,0.0,1.0,0.0,0.0,1.0,0.0,0.05612244897959184,0.09090909090909091,0.18181818181818182,0.14285714285714285,0.05555555555555555,1,5,1,0,0,0,0,1,0.0,0.0,0.0,1400000.0
10653784,0,0.0,1.0,0.0,0.0,0.0,0.0,0.0,0.0,0.0,0.0,0.0,0.0,0.0,1.0,0.0,0.0,0.0,1.0,0.08061224489795918,0.09090909090909091,0.18181818181818182,0.0,0.0,0,2,1,0,0,0,1,1,0.0,0.0,0.0,414000.0
10653798,0,0.0,1.0,0.0,0.0,0.0,0.0,0.0,0.0,1.0,0.0,0.0,0.0,0.0,0.0,0.0,0.0,0.0,1.0,0.09591836734693879,0.09090909090909091,0.09090909090909091,0.0,0.05555555555555555,0,4,1,0,0,0,0,1,0.0,0.0,0.0,249000.0
10653792,1,0.0,1.0,0.0,0.0,0.0,0.0,0.0,0.0,0.0,0.0,0.0,0.0,0.0,1.0,0.0,0.0,0.0,1.0,0.2653061224489796,0.2727272727272727,0.0,0.0,0.0,2,4,0,0,0,0,1,0,0.0,0.0,0.0017900357732046684,1050000.0
10653789,0,0.0,1.0,0.0,0.0,0.0,0.0,0.0,0.0,0.0,0.0,0.0,0.0,0.0,1.0,0.0,0.0,1.0,0.0,0.07448979591836735,0.1818181818181818,0.18181818181818182,0.14285714285714285,0.05555555555555555,2,2,1,0,0,0,0,1,0.0,0.0,0.0,635000.0
10653801,1,0.0,1.0,0.0,0.0,0.0,1.0,0.0,0.0,0.0,0.0,0.0,0.0,0.0,0.0,0.0,0.0,0.0,1.0,0.27040816326530615,0.2727272727272727,0.09090909090909091,0.0,0.0,5,6,0,0,0,0,1,0,0.0,0.0,0.00038331708668009804,299000.0
10653794,1,0.0,1.0,0.0,0.0,0.0,0.0,0.0,0.0,0.0,0.0,0.0,0.0,0.0,1.0,0.0,0.0,0.0,1.0,0.19183673469387758,0.2727272727272727,0.18181818181818182,0.0,0.0,1,5,0,0,0,0,0,0,0.0,0.0,0.0011096020930213364,600000.0
10653802,1,0.0,0.0,1.0,0.0,0.0,0.0,0.0,1.0,0.0,0.0,0.0,0.0,0.0,0.0,0.0,0.0,0.0,1.0,0.12244897959183676,0.1818181818181818,0.09090909090909091,0.0,0.1111111111111111,2,3,0,0,0,1,1,1,0.09,0.45,0.00018340530463162587,195000.0
10653803,0,0.0,1.0,0.0,1.0,0.0,0.0,0.0,0.0,0.0,0.0,0.0,0.0,0.0,0.0,0.0,0.0,1.0,0.0,0.10204081632653061,0.1818181818181818,0.09090909090909091,0.0,0.0,0,1,1,1,0,0,0,1,0.0,0.12,0.0,559000.0
10653804,0,0.0,1.0,0.0,1.0,0.0,0.0,0.0,0.0,0.0,0.0,0.0,0.0,0.0,0.0,0.0,0.0,1.0,0.0,0.06122448979591837,0.09090909090909091,0.09090909090909091,0.0,0.05555555555555555,3,2,0,1,0,0,0,1,0.0,0.12,0.0,210000.0
10653816,1,0.0,1.0,0.0,0.0,0.0,0.0,1.0,0.0,0.0,0.0,0.0,0.0,0.0,0.0,0.0,0.0,1.0,0.0,0.336734693877551,0.36363636363636365,0.2727272727272727,0.14285714285714285,0.2777777777777778,1,3,0,0,0,0,1,1,0.5,0.78,0.0010215675467981562,980000.0
10653822,1,1.0,0.0,0.0,0.0,1.0,0.0,0.0,0.0,0.0,0.0,0.0,0.0,0.0,0.0,1.0,0.0,0.0,0.0,0.4867346938775511,0.4545454545454545,0.2727272727272727,0.14285714285714285,0.2222222222222222,3,7,0,0,0,0,1,1,0.04,0.24,0.0002219204186042673,1950000.0
10522754,0,0.0,0.0,1.0,0.0,0.0,0.0,0.0,0.0,0.0,1.0,0.0,0.0,0.0,0.0,0.0,1.0,0.0,0.0,0.05612244897959184,0.09090909090909091,0.09090909090909091,0.0,0.05555555555555555,3,0,1,0,0,0,0,0,0.0,0.0,0.0,120000.0
10653829,1,0.0,1.0,0.0,0.0,0.0,0.0,0.0,0.0,0.0,0.0,0.0,0.0,0.0,1.0,0.0,0.0,0.0,1.0,0.05000000000000001,0.09090909090909091,0.09090909090909091,0.07142857142857142,0.1111111111111111,3,5,0,0,0,0,0,1,0.0,0.3,8.069833403791538e-05,184800.0
10653831,1,0.0,1.0,0.0,0.0,0.0,1.0,0.0,0.0,0.0,0.0,0.0,0.0,0.0,0.0,0.0,0.0,0.0,1.0,0.12244897959183676,0.1818181818181818,0.09090909090909091,0.0,0.1111111111111111,3,4,0,1,0,0,0,1,0.0,0.3,0.0005236221447232919,325000.0
10653833,0,0.0,1.0,0.0,1.0,0.0,0.0,0.0,0.0,0.0,0.0,0.0,0.0,0.0,0.0,0.0,1.0,0.0,0.0,0.05816326530612246,0.0,0.09090909090909091,0.0,0.0,3,3,0,1,0,0,1,0,0.025,0.0,0.0,167500.0
10653832,1,0.0,1.0,0.0,0.0,0.0,1.0,0.0,0.0,0.0,0.0,0.0,0.0,0.0,0.0,0.0,0.0,0.0,1.0,0.20000000000000004,0.1818181818181818,0.09090909090909091,0.0,0.1111111111111111,3,2,0,1,0,0,1,1,0.0,0.25,0.0005639713117422496,590000.0
10653834,1,1.0,0.0,0.0,0.0,1.0,0.0,0.0,0.0,0.0,0.0,0.0,0.0,0.0,0.0,0.0,1.0,0.0,0.0,0.29081632653061223,0.36363636363636365,0.2727272727272727,0.21428571428571427,0.2222222222222222,3,6,0,0,0,0,1,1,0.2,0.0,0.0,1085000.0
10653835,1,0.0,0.0,1.0,0.0,0.0,0.0,0.0,0.0,0.0,0.0,0.0,1.0,0.0,0.0,0.0,1.0,0.0,0.0,0.1163265306122449,0.2727272727272727,0.18181818181818182,0.14285714285714285,0.1111111111111111,3,4,0,0,0,0,1,1,0.7000000000000001,0.3,0.0008821795152781204,395000.0
10653839,1,0.0,1.0,0.0,1.0,0.0,0.0,0.0,0.0,0.0,0.0,0.0,0.0,0.0,0.0,0.0,0.0,1.0,0.0,0.1836734693877551,0.2727272727272727,0.09090909090909091,0.0,0.1111111111111111,0,2,0,0,0,0,0,1,0.0,0.0,0.0003723127684022005,385000.0
10653842,1,0.0,0.0,1.0,0.0,0.0,0.0,0.0,0.0,0.0,1.0,0.0,0.0,0.0,0.0,0.0,1.0,0.0,0.0,0.2448979591836735,0.09090909090909091,0.09090909090909091,0.07142857142857142,0.1111111111111111,3,6,0,0,0,0,0,1,0.0,0.0,0.00017882017201583522,164500.0
10653844,0,1.0,0.0,0.0,0.0,1.0,0.0,0.0,0.0,0.0,0.0,0.0,0.0,0.0,0.0,0.0,1.0,0.0,0.0,0.051020408163265314,0.09090909090909091,0.09090909090909091,0.07142857142857142,0.05555555555555555,1,4,1,0,0,0,0,1,0.0,0.1,0.0,215000.0
10653845,1,1.0,0.0,0.0,0.0,1.0,0.0,0.0,0.0,0.0,0.0,0.0,0.0,0.0,0.0,0.0,1.0,0.0,0.0,0.23469387755102042,0.2727272727272727,0.18181818181818182,0.14285714285714285,0.16666666666666666,3,6,0,0,0,0,1,1,0.15,0.25,0.00024576310820637867,535000.0
10653848,1,1.0,0.0,0.0,0.0,1.0,0.0,0.0,0.0,0.0,0.0,0.0,0.0,0.0,0.0,0.0,0.0,0.0,1.0,0.5428571428571429,0.9999999999999999,0.5454545454545454,0.21428571428571427,0.5,3,5,1,0,0,0,1,1,0.35000000000000003,0.0,0.0008500835869675859,2200000.0
10653849,0,1.0,0.0,0.0,0.0,1.0,0.0,0.0,0.0,0.0,0.0,0.0,0.0,0.0,0.0,0.0,0.0,0.0,1.0,0.10612244897959186,0.1818181818181818,0.09090909090909091,0.07142857142857142,0.05555555555555555,1,3,1,0,0,0,0,1,0.0,0.17,0.0,462000.0
10653850,0,1.0,0.0,0.0,0.0,1.0,0.0,0.0,0.0,0.0,0.0,0.0,0.0,0.0,0.0,0.0,0.0,0.0,1.0,0.04795918367346939,0.0,0.09090909090909091,0.0,0.05555555555555555,1,2,1,0,0,0,0,1,0.0,0.04,0.0,224900.0
10653846,0,1.0,0.0,0.0,0.0,1.0,0.0,0.0,0.0,0.0,0.0,0.0,0.0,0.0,0.0,0.0,1.0,0.0,0.0,0.05816326530612246,0.0,0.09090909090909091,0.07142857142857142,0.05555555555555555,1,2,1,0,0,0,0,1,0.0,0.16,0.0,310000.0
10653851,0,1.0,0.0,0.0,0.0,1.0,0.0,0.0,0.0,0.0,0.0,0.0,0.0,0.0,0.0,0.0,0.0,0.0,1.0,0.08265306122448982,0.1818181818181818,0.18181818181818182,0.07142857142857142,0.05555555555555555,1,2,1,0,0,0,0,1,0.0,0.06,0.0,299900.0
10653852,1,1.0,0.0,0.0,0.0,1.0,0.0,0.0,0.0,0.0,0.0,0.0,0.0,0.0,0.0,0.0,0.0,0.0,1.0,0.13775510204081634,0.1818181818181818,0.18181818181818182,0.14285714285714285,0.16666666666666666,1,4,0,0,0,0,1,1,0.125,0.1,0.00017423503940004458,695000.0
10653854,0,1.0,0.0,0.0,0.0,1.0,0.0,0.0,0.0,0.0,0.0,0.0,0.0,0.0,0.0,0.0,0.0,0.0,1.0,0.07040816326530613,0.09090909090909091,0.09090909090909091,0.07142857142857142,0.05555555555555555,1,2,1,0,0,0,0,1,0.0,0.05,0.0,289900.0
10653853,0,1.0,0.0,0.0,0.0,1.0,0.0,0.0,0.0,0.0,0.0,0.0,0.0,0.0,0.0,0.0,0.0,0.0,1.0,0.07040816326530613,0.09090909090909091,0.18181818181818182,0.07142857142857142,0.05555555555555555,1,2,1,0,0,0,0,1,0.0,0.04,0.0,279900.0
10653855,1,0.0,0.0,1.0,0.0,0.0,0.0,0.0,0.0,0.0,1.0,0.0,0.0,0.0,0.0,0.0,0.0,0.0,1.0,0.13469387755102044,0.1818181818181818,0.09090909090909091,0.0,0.0,3,5,0,0,0,0,0,1,0.0,0.1,7.336212185265035e-05,140000.0
10653858,1,0.0,0.0,1.0,0.0,0.0,0.0,0.0,0.0,0.0,1.0,0.0,0.0,0.0,0.0,0.0,0.0,0.0,1.0,0.10714285714285715,0.1818181818181818,0.09090909090909091,0.07142857142857142,0.05555555555555555,5,6,0,0,0,0,0,0,0.0,0.0,5.868969748212028e-05,79000.0
10653859,1,0.0,0.0,1.0,0.0,0.0,0.0,0.0,0.0,0.0,1.0,0.0,0.0,0.0,0.0,0.0,0.0,0.0,1.0,0.2693877551020408,0.1818181818181818,0.09090909090909091,0.07142857142857142,0.05555555555555555,5,6,0,0,0,0,1,0,0.2,0.0,0.00028886335479481076,119000.0
10653860,1,0.0,1.0,0.0,0.0,0.0,0.0,0.0,0.0,0.0,0.0,0.0,0.0,0.0,1.0,0.0,0.0,0.0,1.0,0.17346938775510207,0.2727272727272727,0.09090909090909091,0.0,0.05555555555555555,2,3,0,0,0,0,0,1,0.0,0.0,0.00047777081856538537,425000.0
10653876,1,1.0,0.0,0.0,0.0,1.0,0.0,0.0,0.0,0.0,0.0,0.0,0.0,0.0,0.0,0.0,0.0,0.0,1.0,0.15816326530612246,0.2727272727272727,0.09090909090909091,0.07142857142857142,0.1111111111111111,5,7,0,0,0,0,1,1,0.075,0.1,0.0,320000.0
10653877,1,1.0,0.0,0.0,0.0,1.0,0.0,0.0,0.0,0.0,0.0,0.0,0.0,0.0,0.0,0.0,0.0,0.0,1.0,0.17448979591836736,0.4545454545454545,0.18181818181818182,0.07142857142857142,0.16666666666666666,3,5,0,0,0,0,1,1,0.14,0.2,0.0,750000.0
10653880,0,1.0,0.0,0.0,0.0,1.0,0.0,0.0,0.0,0.0,0.0,0.0,0.0,0.0,0.0,0.0,0.0,0.0,1.0,0.06122448979591837,0.09090909090909091,0.09090909090909091,0.07142857142857142,0.05555555555555555,3,4,1,0,0,0,0,1,0.0,0.02,0.0,287000.0
10653878,0,1.0,0.0,0.0,0.0,1.0,0.0,0.0,0.0,0.0,0.0,0.0,0.0,0.0,0.0,1.0,0.0,0.0,0.0,0.04489795918367347,0.0,0.09090909090909091,0.07142857142857142,0.05555555555555555,3,7,0,0,0,0,0,0,0.0,0.0,0.0,275000.0
10653879,0,1.0,0.0,0.0,0.0,1.0,0.0,0.0,0.0,0.0,0.0,0.0,0.0,0.0,0.0,0.0,0.0,1.0,0.0,0.09897959183673471,0.1818181818181818,0.09090909090909091,0.0,0.05555555555555555,4,4,1,0,0,0,0,1,0.0,0.19,0.0,320000.0
10653881,0,1.0,0.0,0.0,0.0,1.0,0.0,0.0,0.0,0.0,0.0,0.0,0.0,0.0,0.0,0.0,1.0,0.0,0.0,0.04489795918367347,0.0,0.09090909090909091,0.07142857142857142,0.05555555555555555,3,7,0,0,0,0,0,0,0.0,0.0,0.0,275000.0
10653885,0,0.0,1.0,0.0,1.0,0.0,0.0,0.0,0.0,0.0,0.0,0.0,0.0,0.0,0.0,0.0,0.0,1.0,0.0,0.05612244897959184,0.09090909090909091,0.09090909090909091,0.0,0.0,0,3,0,0,0,0,0,0,0.0,0.0,0.0,165000.0
10653887,1,0.0,0.0,1.0,0.0,0.0,0.0,0.0,0.0,0.0,1.0,0.0,0.0,0.0,0.0,0.0,0.0,1.0,0.0,0.1326530612244898,0.1818181818181818,0.09090909090909091,0.07142857142857142,0.0,3,5,0,0,0,0,1,1,0.081,0.16,0.0001623136945989889,249000.0
10653886,0,0.0,1.0,0.0,1.0,0.0,0.0,0.0,0.0,0.0,0.0,0.0,0.0,0.0,0.0,0.0,0.0,1.0,0.0,0.05612244897959184,0.09090909090909091,0.09090909090909091,0.0,0.0,0,2,0,0,0,0,0,0,0.0,0.0,0.0,189000.0
10653888,1,0.0,0.0,1.0,0.0,0.0,0.0,0.0,0.0,0.0,0.0,1.0,0.0,0.0,0.0,0.0,0.0,0.0,1.0,0.14489795918367349,0.1818181818181818,0.09090909090909091,0.0,0.0,5,6,0,0,0,0,0,0,0.0,0.0,0.00039157032538852124,149000.0
10653884,0,0.0,1.0,0.0,1.0,0.0,0.0,0.0,0.0,0.0,0.0,0.0,0.0,0.0,0.0,1.0,0.0,0.0,0.0,0.07142857142857142,0.09090909090909091,0.09090909090909091,0.0,0.0,0,3,1,0,0,0,0,0,0.0,0.0,0.0,310000.0
10653890,1,0.0,1.0,0.0,1.0,0.0,0.0,0.0,0.0,0.0,0.0,0.0,0.0,0.0,0.0,0.0,0.0,0.0,1.0,0.25,0.2727272727272727,0.09090909090909091,0.0,0.0,5,5,0,0,0,0,0,0,0.0,0.0,0.0005245391712464499,279000.0
10653901,0,0.0,1.0,0.0,1.0,0.0,0.0,0.0,0.0,0.0,0.0,0.0,0.0,0.0,0.0,0.0,1.0,0.0,0.0,0.12244897959183676,0.1818181818181818,0.18181818181818182,0.0,0.1111111111111111,1,2,1,0,0,0,0,1,0.0,0.06,0.0,524000.0
10653906,1,0.0,1.0,0.0,1.0,0.0,0.0,0.0,0.0,0.0,0.0,0.0,0.0,0.0,0.0,0.0,0.0,1.0,0.0,0.2612244897959184,0.36363636363636365,0.18181818181818182,0.0,0.16666666666666666,3,3,0,0,1,0,1,1,0.48,0.0,0.0007648001203138799,649000.0
10653904,1,0.0,1.0,0.0,1.0,0.0,0.0,0.0,0.0,0.0,0.0,0.0,0.0,0.0,0.0,0.0,0.0,0.0,1.0,0.25,0.36363636363636365,0.18181818181818182,0.0,0.0,0,3,0,0,0,0,0,1,0.0,0.0,0.0005740586034969889,439000.0
10653907,1,0.0,1.0,0.0,1.0,0.0,0.0,0.0,0.0,0.0,0.0,0.0,0.0,0.0,0.0,0.0,0.0,0.0,1.0,0.47346938775510206,0.36363636363636365,0.2727272727272727,0.0,0.0,1,2,0,0,0,0,0,1,0.0,0.0,0.0019395110964794435,1650000.0
10653910,1,1.0,0.0,0.0,0.0,1.0,0.0,0.0,0.0,0.0,0.0,0.0,0.0,0.0,0.0,0.0,0.0,0.0,1.0,0.19387755102040818,0.36363636363636365,0.18181818181818182,0.0,0.1111111111111111,5,5,0,0,0,0,0,1,0.0,0.15,0.00022742257774321608,845000.0
10653909,1,1.0,0.0,0.0,0.0,1.0,0.0,0.0,0.0,0.0,0.0,0.0,0.0,0.0,0.0,0.0,0.0,0.0,1.0,0.23469387755102042,0.36363636363636365,0.2727272727272727,0.0,0.2222222222222222,1,6,0,0,0,0,0,1,0.0,0.12,0.00029803362002639206,1040000.0
10653908,0,1.0,0.0,0.0,0.0,1.0,0.0,0.0,0.0,0.0,0.0,0.0,0.0,0.0,0.0,0.0,0.0,0.0,1.0,0.09183673469387757,0.09090909090909091,0.18181818181818182,0.0,0.16666666666666666,1,4,1,0,0,0,0,1,0.0,0.18,0.0,510000.0
10653918,1,0.0,1.0,0.0,0.0,0.0,0.0,0.0,0.0,0.0,0.0,0.0,0.0,0.0,1.0,0.0,0.0,1.0,0.0,0.1326530612244898,0.1818181818181818,0.18181818181818182,0.07142857142857142,0.16666666666666666,3,3,0,0,0,0,0,1,0.0,0.0,0.0,715000.0
10653912,1,1.0,0.0,0.0,0.0,1.0,0.0,0.0,0.0,0.0,0.0,0.0,0.0,0.0,0.0,0.0,0.0,0.0,1.0,0.19387755102040818,0.2727272727272727,0.09090909090909091,0.07142857142857142,0.1111111111111111,1,7,0,0,0,0,1,1,0.3,0.12,0.0005428797017096125,1050000.0
10653934,1,0.0,1.0,0.0,0.0,0.0,1.0,0.0,0.0,0.0,0.0,0.0,0.0,0.0,0.0,0.0,0.0,0.0,1.0,0.18877551020408165,0.2727272727272727,0.09090909090909091,0.0,0.1111111111111111,3,6,0,0,0,0,1,1,0.45,0.4,0.001057331581201323,395000.0
10653921,0,0.0,1.0,0.0,0.0,0.0,0.0,0.0,0.0,0.0,0.0,0.0,0.0,0.0,1.0,0.0,0.0,1.0,0.0,0.07142857142857142,0.1818181818181818,0.18181818181818182,0.14285714285714285,0.1111111111111111,1,2,1,0,0,0,0,1,0.0,0.0,0.0,1295000.0
10653922,1,0.0,0.0,1.0,0.0,0.0,0.0,0.0,0.0,0.0,1.0,0.0,0.0,0.0,0.0,0.0,0.0,0.0,1.0,0.34183673469387754,0.36363636363636365,0.4545454545454546,0.3571428571428571,0.3333333333333333,3,4,0,0,0,0,0,0,0.0,0.0,0.0001247156071495056,650000.0
10653936,1,0.0,0.0,1.0,0.0,0.0,0.0,0.0,0.0,0.0,1.0,0.0,0.0,0.0,0.0,0.0,0.0,0.0,1.0,0.25510204081632654,0.4545454545454545,0.18181818181818182,0.14285714285714285,0.16666666666666666,0,4,0,0,0,0,0,1,0.0,0.0,0.0009803013532560404,545000.0
10653941,0,1.0,0.0,0.0,0.0,1.0,0.0,0.0,0.0,0.0,0.0,0.0,0.0,0.0,0.0,0.0,1.0,0.0,0.0,0.030612244897959183,0.0,0.09090909090909091,0.0,0.05555555555555555,1,3,0,0,0,0,0,0,0.0,0.0,0.0,265000.0
10653937,0,0.0,0.0,1.0,0.0,0.0,0.0,0.0,0.0,0.0,1.0,0.0,0.0,0.0,0.0,0.0,1.0,0.0,0.0,0.1510204081632653,0.1818181818181818,0.09090909090909091,0.42857142857142855,0.1111111111111111,1,3,0,0,0,0,0,1,0.0,0.0,0.0,295000.0
10653943,1,0.0,1.0,0.0,0.0,0.0,0.0,1.0,0.0,0.0,0.0,0.0,0.0,0.0,0.0,0.0,0.0,0.0,1.0,0.16734693877551024,0.2727272727272727,0.09090909090909091,0.0,0.1111111111111111,0,2,0,0,0,0,0,1,0.0,0.39,0.0002567674264842762,495000.0
10653947,1,0.0,1.0,0.0,1.0,0.0,0.0,0.0,0.0,0.0,0.0,0.0,0.0,0.0,0.0,0.0,0.0,0.0,1.0,0.35510204081632657,0.36363636363636365,0.18181818181818182,0.0,0.2222222222222222,0,1,0,0,1,0,0,1,0.0,0.0,0.0013709546521214033,1095000.0
10653946,0,1.0,0.0,0.0,0.0,1.0,0.0,0.0,0.0,0.0,0.0,0.0,0.0,0.0,0.0,0.0,0.0,0.0,1.0,0.0653061224489796,0.09090909090909091,0.09090909090909091,0.07142857142857142,0.05555555555555555,3,6,0,0,0,0,0,1,0.0,0.05,0.0,269000.0
10653942,1,0.0,1.0,0.0,0.0,0.0,0.0,1.0,0.0,0.0,0.0,0.0,0.0,0.0,0.0,0.0,1.0,0.0,0.0,0.11020408163265308,0.36363636363636365,0.09090909090909091,0.0,0.1111111111111111,0,6,0,0,0,0,0,0,0.0,0.0,0.0008234898177960001,349000.0
10653949,1,0.0,1.0,0.0,1.0,0.0,0.0,0.0,0.0,0.0,0.0,0.0,0.0,0.0,0.0,0.0,1.0,0.0,0.0,0.1459183673469388,0.2727272727272727,0.18181818181818182,0.0,0.1111111111111111,3,6,0,1,0,0,0,0,0.0,0.0,9.353670536212919e-05,209000.0
10653951,1,0.0,1.0,0.0,0.0,0.0,0.0,0.0,0.0,0.0,0.0,0.0,0.0,0.0,1.0,0.0,0.0,0.0,1.0,0.163265306122449,0.2727272727272727,0.09090909090909091,0.07142857142857142,0.0,4,3,0,0,0,0,1,1,0.20500000000000002,0.2,0.00029253146088744324,279000.0
10653953,1,0.0,1.0,0.0,0.0,0.0,1.0,0.0,0.0,0.0,0.0,0.0,0.0,0.0,0.0,0.0,0.0,0.0,1.0,0.15612244897959185,0.1818181818181818,0.09090909090909091,0.0,0.05555555555555555,3,4,0,0,0,0,0,1,0.0,0.0,0.00021275015337268602,299000.0
10653950,1,0.0,0.0,1.0,0.0,0.0,0.0,0.0,0.0,0.0,0.0,1.0,0.0,0.0,0.0,0.0,0.0,1.0,0.0,0.2663265306122449,0.2727272727272727,0.09090909090909091,0.0,0.16666666666666666,4,5,0,1,0,0,0,0,0.0,0.0,0.0016323072112214702,375000.0
10653954,1,0.0,1.0,0.0,0.0,0.0,0.0,0.0,0.0,1.0,0.0,0.0,0.0,0.0,0.0,0.0,0.0,0.0,1.0,0.3469387755102041,0.36363636363636365,0.09090909090909091,0.0,0.0,3,5,0,0,0,0,0,1,0.0,0.0,0.008355028652493716,845000.0
10653952,1,0.0,1.0,0.0,0.0,0.0,0.0,0.0,0.0,0.0,0.0,0.0,0.0,0.0,1.0,0.0,0.0,0.0,1.0,0.04897959183673469,0.09090909090909091,0.09090909090909091,0.07142857142857142,0.0,1,2,0,0,0,0,1,1,0.124,0.2,0.00016139666807583075,189000.0
10653958,0,0.0,1.0,0.0,1.0,0.0,0.0,0.0,0.0,0.0,0.0,0.0,0.0,0.0,0.0,0.0,0.0,1.0,0.0,0.10510204081632654,0.09090909090909091,0.09090909090909091,0.0,0.05555555555555555,1,2,0,0,0,0,0,1,0.0,0.1,0.0,445000.0
10653960,1,0.0,1.0,0.0,1.0,0.0,0.0,0.0,0.0,0.0,0.0,0.0,0.0,0.0,0.0,0.0,0.0,0.0,1.0,0.35408163265306125,0.36363636363636365,0.2727272727272727,0.0,0.0,1,3,0,0,0,0,0,0,0.0,0.0,0.0036607698804472523,1500000.0
10653959,1,0.0,1.0,0.0,1.0,0.0,0.0,0.0,0.0,0.0,0.0,0.0,0.0,0.0,0.0,0.0,0.0,1.0,0.0,0.2091836734693878,0.2727272727272727,0.09090909090909091,0.0,0.0,5,5,0,0,0,0,1,1,0.165,0.0,0.00021458420641900226,475000.0
10653964,0,0.0,1.0,0.0,0.0,0.0,0.0,0.0,0.0,1.0,0.0,0.0,0.0,0.0,0.0,0.0,0.0,0.0,1.0,0.11020408163265308,0.1818181818181818,0.09090909090909091,0.0,0.0,0,0,0,0,0,0,0,1,0.0,0.0,0.0,410000.0
10653965,1,0.0,1.0,0.0,0.0,0.0,0.0,0.0,0.0,1.0,0.0,0.0,0.0,0.0,0.0,0.0,0.0,0.0,1.0,0.32142857142857145,0.2727272727272727,0.18181818181818182,0.0,0.0,0,2,0,0,0,0,0,1,0.0,0.0,0.008342190281169502,740000.0
10653970,1,0.0,0.0,1.0,0.0,0.0,0.0,0.0,0.0,0.0,0.0,1.0,0.0,0.0,0.0,0.0,0.0,0.0,1.0,0.3316326530612245,0.2727272727272727,0.09090909090909091,0.0,0.0,3,4,0,0,0,0,0,0,0.0,0.0,0.006758485475675413,239000.0
10653968,0,1.0,0.0,0.0,0.0,1.0,0.0,0.0,0.0,0.0,0.0,0.0,0.0,0.0,0.0,0.0,1.0,0.0,0.0,0.11224489795918369,0.0,0.18181818181818182,0.0,0.1111111111111111,3,4,0,0,0,0,0,1,0.0,0.12,0.0,345000.0
10653971,1,0.0,0.0,1.0,0.0,0.0,0.0,0.0,0.0,0.0,0.0,1.0,0.0,0.0,0.0,0.0,0.0,0.0,1.0,0.21938775510204084,0.2727272727272727,0.09090909090909091,0.0,0.0,4,5,0,0,0,0,0,1,0.0,0.0,0.0001467242437053007,139000.0
10522898,0,1.0,0.0,0.0,0.0,1.0,0.0,0.0,0.0,0.0,0.0,0.0,0.0,0.0,0.0,0.0,1.0,0.0,0.0,0.10204081632653061,0.09090909090909091,0.09090909090909091,0.0,0.05555555555555555,1,3,1,0,0,0,1,1,0.0,0.24,0.0,220000.0
10653972,1,0.0,0.0,1.0,0.0,0.0,0.0,0.0,0.0,0.0,0.0,1.0,0.0,0.0,0.0,0.0,0.0,0.0,1.0,0.10612244897959186,0.2727272727272727,0.18181818181818182,0.0,0.0,1,1,0,0,0,0,0,1,0.0,0.0,0.0003356317074758753,302000.0
10653974,0,0.0,1.0,0.0,0.0,0.0,0.0,0.0,0.0,1.0,0.0,0.0,0.0,0.0,0.0,0.0,0.0,0.0,1.0,0.08979591836734696,0.09090909090909091,0.09090909090909091,0.0,0.0,0,0,1,0,0,0,0,1,0.0,0.12,0.0,305666.0
10653976,1,0.0,0.0,1.0,0.0,0.0,0.0,0.0,1.0,0.0,0.0,0.0,0.0,0.0,0.0,0.0,0.0,0.0,1.0,0.08571428571428572,0.2727272727272727,0.18181818181818182,0.14285714285714285,0.16666666666666666,1,3,0,0,0,0,1,1,0.08,0.4,0.00032646144224429403,170000.0
10653978,1,0.0,0.0,1.0,0.0,0.0,0.0,0.0,1.0,0.0,0.0,0.0,0.0,0.0,0.0,0.0,1.0,0.0,0.0,0.17346938775510207,0.1818181818181818,0.09090909090909091,0.07142857142857142,0.05555555555555555,0,1,0,0,0,0,1,1,0.058,0.0,0.0,180000.0
10653979,1,1.0,0.0,0.0,0.0,1.0,0.0,0.0,0.0,0.0,0.0,0.0,0.0,0.0,0.0,0.0,1.0,0.0,0.0,0.10714285714285715,0.1818181818181818,0.09090909090909091,0.07142857142857142,0.05555555555555555,4,7,0,0,0,0,1,1,0.045,0.15,0.0001439731641358263,375000.0
10653980,1,0.0,0.0,1.0,0.0,0.0,0.0,0.0,0.0,0.0,0.0,0.0,1.0,0.0,0.0,0.0,0.0,0.0,1.0,0.21938775510204084,0.4545454545454545,0.18181818181818182,0.07142857142857142,0.1111111111111111,3,0,0,0,0,0,1,0,1.0,0.0,0.0009720481145476171,350000.0
10653981,1,0.0,0.0,1.0,0.0,0.0,0.0,0.0,0.0,0.0,0.0,0.0,1.0,0.0,0.0,0.0,0.0,0.0,1.0,0.3489795918367347,0.2727272727272727,0.09090909090909091,0.07142857142857142,0.1111111111111111,3,4,0,0,1,0,0,1,0.0,0.0,0.0025566699465648644,450000.0
10653985,1,0.0,1.0,0.0,0.0,0.0,0.0,1.0,0.0,0.0,0.0,0.0,0.0,0.0,0.0,0.0,0.0,0.0,1.0,0.29591836734693877,0.36363636363636365,0.18181818181818182,0.0,0.2222222222222222,1,3,0,0,0,0,1,1,0.4,0.0,0.0007785555181612518,579000.0
10653984,1,0.0,1.0,0.0,0.0,0.0,1.0,0.0,0.0,0.0,0.0,0.0,0.0,0.0,0.0,0.0,0.0,0.0,1.0,0.29591836734693877,0.36363636363636365,0.18181818181818182,0.0,0.2222222222222222,1,3,0,0,0,0,1,1,0.4,0.0,0.0007785555181612518,579000.0
10653987,1,0.0,1.0,0.0,0.0,0.0,0.0,1.0,0.0,0.0,0.0,0.0,0.0,0.0,0.0,0.0,0.0,0.0,1.0,0.12040816326530615,0.1818181818181818,0.09090909090909091,0.0,0.0,3,5,0,0,0,0,1,1,0.2,0.2,0.0005382945690938219,370000.0
10653986,1,0.0,1.0,0.0,0.0,0.0,0.0,1.0,0.0,0.0,0.0,0.0,0.0,0.0,0.0,0.0,0.0,0.0,1.0,0.17244897959183675,0.2727272727272727,0.2727272727272727,0.0,0.16666666666666666,5,5,0,0,0,0,1,1,0.13,0.3,0.0002879463282716526,298000.0
10653992,0,0.0,0.0,1.0,0.0,0.0,0.0,0.0,1.0,0.0,0.0,0.0,0.0,0.0,0.0,0.0,1.0,0.0,0.0,0.08265306122448982,0.1818181818181818,0.09090909090909091,0.07142857142857142,0.1111111111111111,3,4,0,0,0,0,0,1,0.0,0.07,0.0,145000.0
10653993,1,0.0,1.0,0.0,1.0,0.0,0.0,0.0,0.0,0.0,0.0,0.0,0.0,0.0,0.0,0.0,0.0,1.0,0.0,0.2448979591836735,0.1818181818181818,0.09090909090909091,0.07142857142857142,0.1111111111111111,3,5,0,0,0,0,1,1,1.0,0.0,0.001368203572551929,735000.0
10653991,1,0.0,1.0,0.0,1.0,0.0,0.0,0.0,0.0,0.0,0.0,0.0,0.0,0.0,0.0,0.0,0.0,0.0,1.0,0.3479591836734694,0.4545454545454545,0.18181818181818182,0.0,0.1111111111111111,5,6,0,0,0,0,1,1,0.067,0.31,0.0004218322006527395,469000.0
10653994,1,0.0,1.0,0.0,0.0,0.0,1.0,0.0,0.0,0.0,0.0,0.0,0.0,0.0,0.0,0.0,0.0,0.0,1.0,0.08265306122448982,0.09090909090909091,0.09090909090909091,0.0,0.05555555555555555,5,6,0,0,0,0,0,0,0.0,0.0,0.000184322331154784,115000.0
10653995,1,0.0,0.0,1.0,0.0,0.0,0.0,0.0,0.0,0.0,0.0,0.0,0.0,1.0,0.0,0.0,0.0,0.0,1.0,0.14285714285714288,0.1818181818181818,0.18181818181818182,0.0,0.1111111111111111,3,4,0,0,0,0,1,1,0.25,0.2,0.0003438849461842985,425000.0
10653997,1,0.0,0.0,1.0,0.0,0.0,0.0,0.0,0.0,0.0,0.0,0.0,0.0,1.0,0.0,0.0,0.0,0.0,1.0,0.14285714285714288,0.1818181818181818,0.18181818181818182,0.0,0.1111111111111111,3,4,0,0,0,0,1,1,0.25,0.2,0.0003438849461842985,425000.0
10653998,0,0.0,1.0,0.0,1.0,0.0,0.0,0.0,0.0,0.0,0.0,0.0,0.0,0.0,0.0,0.0,0.0,0.0,1.0,0.07653061224489796,0.09090909090909091,0.09090909090909091,0.0,0.05555555555555555,3,3,0,0,0,0,0,0,0.0,0.0,0.0,249900.0
10654003,0,0.0,1.0,0.0,0.0,0.0,0.0,1.0,0.0,0.0,0.0,0.0,0.0,0.0,0.0,0.0,1.0,0.0,0.0,0.02959183673469388,0.0,0.09090909090909091,0.0,0.05555555555555555,3,3,1,0,0,0,0,0,0.0,0.0,0.0,175000.0
10654001,1,0.0,1.0,0.0,1.0,0.0,0.0,0.0,0.0,0.0,0.0,0.0,0.0,0.0,0.0,0.0,0.0,0.0,1.0,0.2969387755102041,0.2727272727272727,0.18181818181818182,0.0,0.1111111111111111,0,2,0,0,0,0,0,0,0.0,0.0,0.0005630542852190914,525000.0
10654005,0,0.0,1.0,0.0,0.0,0.0,0.0,0.0,0.0,1.0,0.0,0.0,0.0,0.0,0.0,0.0,0.0,1.0,0.0,0.07653061224489796,0.1818181818181818,0.09090909090909091,0.0,0.05555555555555555,3,4,1,0,0,0,0,1,0.0,0.02,0.0,165000.0
10653996,1,0.0,1.0,0.0,1.0,0.0,0.0,0.0,0.0,0.0,0.0,0.0,0.0,0.0,0.0,0.0,0.0,0.0,1.0,0.14489795918367349,0.1818181818181818,0.09090909090909091,0.0,0.05555555555555555,3,4,0,1,0,0,1,1,0.058,0.2,0.00019532664943268155,345000.0
10654019,1,0.0,1.0,0.0,0.0,0.0,1.0,0.0,0.0,0.0,0.0,0.0,0.0,0.0,0.0,1.0,0.0,0.0,0.0,0.10408163265306122,0.2727272727272727,0.09090909090909091,0.07142857142857142,0.1111111111111111,3,4,0,0,0,0,0,0,0.0,0.0,4.310024658843208e-05,330000.0
10654015,0,0.0,1.0,0.0,0.0,0.0,0.0,0.0,0.0,1.0,0.0,0.0,0.0,0.0,0.0,0.0,0.0,0.0,1.0,0.10714285714285715,0.09090909090909091,0.09090909090909091,0.0,0.05555555555555555,1,1,1,0,0,0,0,1,0.0,0.0,0.0,365000.0
10654006,0,0.0,1.0,0.0,0.0,0.0,0.0,0.0,0.0,1.0,0.0,0.0,0.0,0.0,0.0,0.0,0.0,1.0,0.0,0.05408163265306123,0.09090909090909091,0.09090909090909091,0.0,0.05555555555555555,2,5,1,0,0,0,0,1,0.0,0.05,0.0,159000.0
10654016,1,0.0,0.0,1.0,0.0,0.0,0.0,0.0,1.0,0.0,0.0,0.0,0.0,0.0,0.0,0.0,0.0,1.0,0.0,0.09693877551020408,0.1818181818181818,0.09090909090909091,0.07142857142857142,0.05555555555555555,5,4,0,0,0,0,1,1,0.02,0.2,0.00011921344801055682,95000.0
10654021,0,0.0,1.0,0.0,0.0,0.0,0.0,1.0,0.0,0.0,0.0,0.0,0.0,0.0,0.0,0.0,0.0,0.0,1.0,0.14285714285714288,0.1818181818181818,0.18181818181818182,0.0,0.1111111111111111,2,2,0,0,0,0,0,0,0.0,0.0,0.0,300000.0
10654035,1,0.0,1.0,0.0,0.0,0.0,0.0,1.0,0.0,0.0,0.0,0.0,0.0,0.0,0.0,0.0,0.0,0.0,1.0,0.16836734693877553,0.0,0.09090909090909091,0.0,0.0,0,5,0,0,0,0,0,1,0.0,0.0,0.0006675953088591182,395000.0
10654044,1,0.0,0.0,1.0,0.0,0.0,0.0,0.0,1.0,0.0,0.0,0.0,0.0,0.0,0.0,1.0,0.0,0.0,0.0,0.1836734693877551,0.2727272727272727,0.36363636363636365,0.14285714285714285,0.0,4,2,0,0,0,0,0,1,0.0,0.0,0.0,199500.0
10654037,1,0.0,1.0,0.0,0.0,0.0,0.0,1.0,0.0,0.0,0.0,0.0,0.0,0.0,0.0,0.0,0.0,1.0,0.0,0.1326530612244898,0.09090909090909091,0.09090909090909091,0.0,0.05555555555555555,0,4,0,0,0,0,0,0,0.0,0.0,0.00010545805016318488,249000.0
10654024,1,0.0,1.0,0.0,0.0,0.0,1.0,0.0,0.0,0.0,0.0,0.0,0.0,0.0,0.0,0.0,0.0,1.0,0.0,0.1836734693877551,0.1818181818181818,0.09090909090909091,0.0,0.05555555555555555,3,1,0,0,0,0,0,1,0.0,0.0,0.0004227492271758976,415000.0
10654046,0,0.0,0.0,1.0,0.0,0.0,0.0,0.0,0.0,0.0,1.0,0.0,0.0,0.0,0.0,0.0,0.0,0.0,1.0,0.1326530612244898,0.1818181818181818,0.18181818181818182,0.14285714285714285,0.05555555555555555,4,7,0,0,0,0,0,0,0.0,0.0,0.0,87500.0
10654047,1,0.0,0.0,1.0,0.0,0.0,0.0,0.0,0.0,0.0,1.0,0.0,0.0,0.0,0.0,1.0,0.0,0.0,0.0,0.10714285714285715,0.1818181818181818,0.0,0.14285714285714285,0.05555555555555555,4,7,0,0,0,0,0,1,0.0,0.0,0.0,99500.0
10654043,1,0.0,0.0,1.0,0.0,0.0,0.0,0.0,1.0,0.0,0.0,0.0,0.0,0.0,0.0,1.0,0.0,0.0,0.0,0.1836734693877551,0.36363636363636365,0.18181818181818182,0.14285714285714285,0.0,4,2,0,0,0,0,0,1,0.0,0.0,0.0,199500.0
10654050,1,0.0,0.0,1.0,0.0,0.0,0.0,0.0,1.0,0.0,0.0,0.0,0.0,0.0,0.0,1.0,0.0,0.0,0.0,0.1836734693877551,0.1818181818181818,0.2727272727272727,0.21428571428571427,0.1111111111111111,4,2,0,0,0,0,0,1,0.0,0.0,0.0,225000.0
10654053,1,0.0,0.0,1.0,0.0,0.0,0.0,0.0,0.0,0.0,1.0,0.0,0.0,0.0,0.0,1.0,0.0,0.0,0.0,0.10714285714285715,0.1818181818181818,0.18181818181818182,0.14285714285714285,0.0,1,4,0,0,0,0,0,0,0.0,0.0,0.0,285000.0
10654056,1,0.0,0.0,1.0,0.0,0.0,0.0,0.0,0.0,0.0,1.0,0.0,0.0,0.0,0.0,0.0,0.0,0.0,1.0,0.04591836734693878,0.09090909090909091,0.09090909090909091,0.07142857142857142,0.05555555555555555,5,4,0,0,0,0,0,0,0.0,0.0,0.0,65000.0
10654058,0,0.0,0.0,1.0,0.0,0.0,0.0,0.0,0.0,0.0,1.0,0.0,0.0,0.0,0.0,0.0,0.0,0.0,1.0,0.1275510204081633,0.09090909090909091,0.09090909090909091,0.07142857142857142,0.0,4,7,0,0,0,0,0,0,0.0,0.0,0.0,99500.0
10654055,1,0.0,0.0,1.0,0.0,0.0,0.0,0.0,0.0,0.0,1.0,0.0,0.0,0.0,0.0,1.0,0.0,0.0,0.0,0.09693877551020408,0.1818181818181818,0.09090909090909091,0.07142857142857142,0.0,1,2,0,0,0,0,0,0,0.0,0.0,0.0,199999.0
10654049,0,0.0,0.0,1.0,0.0,0.0,0.0,0.0,0.0,0.0,1.0,0.0,0.0,0.0,0.0,0.0,0.0,0.0,1.0,0.10714285714285715,0.1818181818181818,0.0,0.14285714285714285,0.05555555555555555,4,7,0,0,0,0,0,1,0.0,0.0,0.0,79500.0
10654078,1,0.0,0.0,1.0,0.0,0.0,0.0,0.0,1.0,0.0,0.0,0.0,0.0,0.0,0.0,1.0,0.0,0.0,0.0,0.1326530612244898,0.1818181818181818,0.09090909090909091,0.07142857142857142,0.05555555555555555,3,3,0,0,0,0,0,1,0.0,0.0,0.00030995496482744773,185000.0
10654081,0,0.0,0.0,1.0,0.0,0.0,0.0,0.0,0.0,0.0,0.0,0.0,0.0,1.0,0.0,0.0,0.0,0.0,1.0,0.051020408163265314,0.0,0.09090909090909091,0.07142857142857142,0.05555555555555555,3,4,1,0,0,0,0,1,0.0,0.0,0.0,280000.0
10654079,1,0.0,0.0,1.0,0.0,0.0,0.0,0.0,0.0,0.0,0.0,0.0,0.0,1.0,0.0,0.0,0.0,0.0,1.0,0.2091836734693878,0.2727272727272727,0.18181818181818182,0.14285714285714285,0.16666666666666666,3,5,0,0,0,0,1,1,1.0,0.0,0.0033929981356850786,735000.0
10654146,0,0.0,0.0,1.0,0.0,0.0,0.0,0.0,0.0,0.0,1.0,0.0,0.0,0.0,0.0,0.0,0.0,0.0,1.0,0.09591836734693879,0.09090909090909091,0.09090909090909091,0.0,0.1111111111111111,3,3,0,0,1,0,0,1,0.0,0.85,0.0,295000.0
10523065,1,0.0,1.0,0.0,1.0,0.0,0.0,0.0,0.0,0.0,0.0,0.0,0.0,0.0,0.0,0.0,0.0,0.0,1.0,0.12653061224489798,0.09090909090909091,0.09090909090909091,0.0,0.05555555555555555,5,5,0,1,0,0,0,0,0.0,0.0,9.170265231581294e-05,249000.0
10654084,1,0.0,0.0,1.0,0.0,0.0,0.0,0.0,1.0,0.0,0.0,0.0,0.0,0.0,0.0,0.0,0.0,0.0,1.0,0.06836734693877553,0.09090909090909091,0.09090909090909091,0.07142857142857142,0.1111111111111111,5,5,0,0,0,0,0,1,0.0,0.0,8.344941360738977e-05,169000.0
10654162,0,1.0,0.0,0.0,0.0,1.0,0.0,0.0,0.0,0.0,0.0,0.0,0.0,0.0,0.0,0.0,0.0,0.0,1.0,0.07142857142857142,0.09090909090909091,0.09090909090909091,0.07142857142857142,0.05555555555555555,2,4,1,0,0,0,0,0,0.0,0.0,0.0,355000.0
10654165,0,1.0,0.0,0.0,0.0,1.0,0.0,0.0,0.0,0.0,0.0,0.0,0.0,0.0,0.0,0.0,0.0,0.0,1.0,0.0816326530612245,0.09090909090909091,0.09090909090909091,0.0,0.05555555555555555,5,3,1,0,0,0,0,1,0.0,0.12,0.0,295000.0
10654164,1,1.0,0.0,0.0,0.0,1.0,0.0,0.0,0.0,0.0,0.0,0.0,0.0,0.0,0.0,0.0,1.0,0.0,0.0,0.2142857142857143,0.4545454545454545,0.18181818181818182,0.07142857142857142,0.1111111111111111,5,6,0,0,0,0,0,0,0.0,0.0,0.0,575000.0
10523076,1,0.0,1.0,0.0,0.0,0.0,0.0,0.0,0.0,1.0,0.0,0.0,0.0,0.0,0.0,0.0,0.0,0.0,1.0,0.1142857142857143,0.0,0.09090909090909091,0.0,0.1111111111111111,3,2,0,0,0,0,0,0,0.0,0.0,0.00011462831539476617,278000.0
10654163,1,0.0,0.0,1.0,0.0,0.0,0.0,0.0,0.0,0.0,1.0,0.0,0.0,0.0,0.0,0.0,0.0,1.0,0.0,0.09183673469387757,0.1818181818181818,0.09090909090909091,0.07142857142857142,0.1111111111111111,3,4,0,0,0,0,1,0,0.124,0.0,0.00031637415048955465,219500.0
10654169,1,0.0,0.0,1.0,0.0,0.0,0.0,0.0,0.0,0.0,0.0,0.0,1.0,0.0,0.0,0.0,0.0,0.0,1.0,0.08979591836734696,0.1818181818181818,0.09090909090909091,0.0,0.0,5,7,0,0,0,0,0,0,0.0,0.0,0.0,100000.0
10654166,1,0.0,1.0,0.0,0.0,0.0,0.0,1.0,0.0,0.0,0.0,0.0,0.0,0.0,0.0,0.0,0.0,0.0,1.0,0.3520408163265306,0.2727272727272727,0.09090909090909091,0.0,0.16666666666666666,1,4,0,0,0,0,1,1,1.0,0.3,0.0014498189331130025,380000.0
10654168,1,0.0,0.0,1.0,0.0,0.0,0.0,0.0,1.0,0.0,0.0,0.0,0.0,0.0,0.0,0.0,1.0,0.0,0.0,0.10102040816326532,0.09090909090909091,0.09090909090909091,0.0,0.0,3,7,0,0,0,0,0,0,0.0,0.0,0.0,98500.0
10654171,1,0.0,0.0,1.0,0.0,0.0,0.0,0.0,1.0,0.0,0.0,0.0,0.0,0.0,0.0,0.0,0.0,0.0,1.0,0.14183673469387756,0.2727272727272727,0.09090909090909091,0.0,0.0,1,0,0,0,0,0,1,1,0.297,0.0,0.0,399000.0
10654172,1,0.0,0.0,1.0,0.0,0.0,0.0,0.0,1.0,0.0,0.0,0.0,0.0,0.0,0.0,0.0,0.0,0.0,1.0,0.14183673469387756,0.2727272727272727,0.09090909090909091,0.0,0.0,1,0,0,0,0,0,1,1,0.304,0.0,0.0,399000.0
10654178,1,0.0,0.0,1.0,0.0,0.0,0.0,0.0,1.0,0.0,0.0,0.0,0.0,0.0,0.0,0.0,0.0,1.0,0.0,0.09897959183673471,0.1818181818181818,0.09090909090909091,0.07142857142857142,0.0,3,7,0,0,0,0,1,1,0.11,0.63,0.0002751079569474388,259000.0
10654176,0,0.0,1.0,0.0,0.0,0.0,0.0,0.0,0.0,0.0,0.0,0.0,0.0,0.0,1.0,0.0,0.0,1.0,0.0,0.07448979591836735,0.1818181818181818,0.18181818181818182,0.0,0.05555555555555555,1,2,1,0,0,0,0,1,0.0,0.0,0.0,635000.0
10654174,1,0.0,0.0,1.0,0.0,0.0,0.0,0.0,1.0,0.0,0.0,0.0,0.0,0.0,0.0,0.0,0.0,0.0,1.0,0.14183673469387756,0.2727272727272727,0.09090909090909091,0.0,0.0,1,0,0,0,0,0,1,1,0.34900000000000003,0.0,0.0,399000.0
10654175,1,0.0,0.0,1.0,0.0,0.0,0.0,0.0,1.0,0.0,0.0,0.0,0.0,0.0,0.0,0.0,0.0,0.0,1.0,0.14183673469387756,0.2727272727272727,0.09090909090909091,0.0,0.0,1,0,0,0,0,0,1,1,0.363,0.0,0.0,399000.0
10654179,0,0.0,0.0,1.0,0.0,0.0,0.0,0.0,1.0,0.0,0.0,0.0,0.0,0.0,0.0,0.0,0.0,1.0,0.0,0.07142857142857142,0.1818181818181818,0.09090909090909091,0.0,0.0,2,3,0,0,0,0,0,0,0.0,0.0,0.0,109000.0
10654181,0,1.0,0.0,0.0,0.0,1.0,0.0,0.0,0.0,0.0,0.0,0.0,0.0,0.0,0.0,0.0,1.0,0.0,0.0,0.059183673469387764,0.09090909090909091,0.09090909090909091,0.0,0.05555555555555555,1,1,1,0,0,0,0,1,0.0,0.06,0.0,275000.0
10654184,0,0.0,1.0,0.0,1.0,0.0,0.0,0.0,0.0,0.0,0.0,0.0,0.0,0.0,0.0,0.0,0.0,0.0,1.0,0.0673469387755102,0.09090909090909091,0.09090909090909091,0.07142857142857142,0.05555555555555555,1,4,1,0,0,0,0,1,0.0,0.15,0.0,268000.0
10654182,1,0.0,0.0,1.0,0.0,0.0,0.0,0.0,0.0,0.0,0.0,0.0,1.0,0.0,0.0,0.0,0.0,0.0,1.0,0.07142857142857142,0.09090909090909091,0.09090909090909091,0.0,0.05555555555555555,4,7,0,0,0,0,1,1,0.6,0.1,0.0007106955554475503,200000.0
10654188,1,0.0,0.0,1.0,0.0,0.0,0.0,0.0,0.0,0.0,1.0,0.0,0.0,0.0,0.0,1.0,0.0,0.0,0.0,0.12244897959183676,0.1818181818181818,0.09090909090909091,0.07142857142857142,0.05555555555555555,2,3,0,0,0,0,1,1,0.028,0.11,0.00010454102364002675,239000.0
10654191,1,0.0,0.0,1.0,0.0,0.0,0.0,0.0,0.0,0.0,1.0,0.0,0.0,0.0,0.0,0.0,0.0,0.0,1.0,0.1602040816326531,0.36363636363636365,0.09090909090909091,0.07142857142857142,0.1111111111111111,1,3,0,0,0,0,0,1,0.0,0.0,0.0007134466350170246,359000.0
10654190,1,0.0,1.0,0.0,0.0,0.0,1.0,0.0,0.0,0.0,0.0,0.0,0.0,0.0,0.0,0.0,0.0,0.0,1.0,0.17142857142857146,0.2727272727272727,0.09090909090909091,0.0,0.1111111111111111,1,1,0,0,0,0,0,1,0.0,0.0,0.0007794725446844099,499000.0
10654187,0,0.0,1.0,0.0,0.0,0.0,1.0,0.0,0.0,0.0,0.0,0.0,0.0,0.0,0.0,0.0,0.0,1.0,0.0,0.11224489795918369,0.1818181818181818,0.18181818181818182,0.0,0.1111111111111111,1,2,0,0,0,0,0,1,0.0,0.21,0.0,347000.0
10654186,1,0.0,1.0,0.0,0.0,0.0,1.0,0.0,0.0,0.0,0.0,0.0,0.0,0.0,0.0,0.0,0.0,1.0,0.0,0.2428571428571429,0.36363636363636365,0.09090909090909091,0.0,0.0,5,5,0,0,0,0,0,1,0.0,0.0,0.00016689882721477954,209000.0
10654200,0,0.0,1.0,0.0,0.0,0.0,0.0,0.0,0.0,1.0,0.0,0.0,0.0,0.0,0.0,0.0,0.0,0.0,1.0,0.059183673469387764,0.0,0.09090909090909091,0.0,0.0,4,2,0,0,0,0,0,0,0.0,0.0,0.0,159000.0
10654198,0,0.0,1.0,0.0,0.0,0.0,0.0,0.0,0.0,1.0,0.0,0.0,0.0,0.0,0.0,0.0,0.0,0.0,1.0,0.16836734693877553,0.1818181818181818,0.09090909090909091,0.0,0.0,4,3,0,0,0,0,0,1,0.0,0.0,0.0,219000.0
10654199,0,0.0,1.0,0.0,0.0,0.0,0.0,0.0,0.0,1.0,0.0,0.0,0.0,0.0,0.0,0.0,0.0,0.0,1.0,0.07142857142857142,0.09090909090909091,0.09090909090909091,0.0,0.0,4,3,0,0,0,0,0,0,0.0,0.0,0.0,189000.0
10654201,1,0.0,0.0,1.0,0.0,0.0,0.0,0.0,0.0,0.0,1.0,0.0,0.0,0.0,0.0,0.0,0.0,0.0,1.0,0.08673469387755103,0.1818181818181818,0.09090909090909091,0.07142857142857142,0.1111111111111111,4,7,0,0,0,0,1,1,0.135,0.4,0.0002751079569474388,220000.0
10654202,1,0.0,0.0,1.0,0.0,0.0,0.0,0.0,0.0,0.0,1.0,0.0,0.0,0.0,0.0,0.0,0.0,0.0,1.0,0.08673469387755103,0.09090909090909091,0.09090909090909091,0.0,0.0,3,7,0,0,0,0,0,1,0.0,0.0,0.0004401727311159021,245000.0
10654208,1,0.0,1.0,0.0,1.0,0.0,0.0,0.0,0.0,0.0,0.0,0.0,0.0,0.0,0.0,0.0,0.0,0.0,1.0,0.16938775510204085,0.1818181818181818,0.09090909090909091,0.0,0.0,3,4,0,0,0,0,0,1,0.0,0.0,0.00020266286161794658,363000.0
10654207,0,0.0,1.0,0.0,1.0,0.0,0.0,0.0,0.0,0.0,0.0,0.0,0.0,0.0,0.0,0.0,1.0,0.0,0.0,0.0673469387755102,0.09090909090909091,0.09090909090909091,0.0,0.05555555555555555,3,2,0,0,0,0,0,1,0.0,0.1,0.0,239000.0
10654203,0,0.0,1.0,0.0,1.0,0.0,0.0,0.0,0.0,0.0,0.0,0.0,0.0,0.0,0.0,0.0,0.0,1.0,0.0,0.16122448979591839,0.2727272727272727,0.09090909090909091,0.0,0.1111111111111111,3,2,1,0,0,0,0,1,0.0,0.0,0.0,348000.0
10654205,1,0.0,1.0,0.0,1.0,0.0,0.0,0.0,0.0,0.0,0.0,0.0,0.0,0.0,0.0,0.0,0.0,0.0,1.0,0.20612244897959187,0.2727272727272727,0.09090909090909091,0.0,0.1111111111111111,5,6,0,0,0,0,0,1,0.0,0.0,0.002092654525846851,475000.0
10654209,1,0.0,0.0,1.0,0.0,0.0,0.0,0.0,0.0,0.0,0.0,0.0,1.0,0.0,0.0,0.0,0.0,0.0,1.0,0.1479591836734694,0.1818181818181818,0.09090909090909091,0.07142857142857142,0.05555555555555555,2,2,0,0,1,0,0,1,0.0,0.68,0.0007336212185265035,350000.0
10654218,1,1.0,0.0,0.0,0.0,1.0,0.0,0.0,0.0,0.0,0.0,0.0,0.0,0.0,0.0,0.0,1.0,0.0,0.0,0.5867346938775511,0.36363636363636365,0.2727272727272727,0.21428571428571427,0.0,1,4,0,0,0,0,1,1,0.164,0.0,0.0002650206651926994,2750000.0
10654213,1,0.0,0.0,1.0,0.0,0.0,0.0,0.0,0.0,0.0,0.0,0.0,1.0,0.0,0.0,0.0,0.0,0.0,1.0,0.0816326530612245,0.09090909090909091,0.0,0.0,0.0,6,0,0,0,0,0,0,0,0.0,0.0,6.602590966738531e-05,39900.0
10654212,0,0.0,0.0,1.0,0.0,0.0,0.0,0.0,0.0,0.0,0.0,1.0,0.0,0.0,0.0,0.0,0.0,0.0,1.0,0.07040816326530613,0.09090909090909091,0.09090909090909091,0.0,0.05555555555555555,0,1,1,0,0,0,0,1,0.0,0.06,0.0,239900.0
10654221,0,1.0,0.0,0.0,0.0,1.0,0.0,0.0,0.0,0.0,0.0,0.0,0.0,0.0,0.0,0.0,1.0,0.0,0.0,0.1,0.09090909090909091,0.09090909090909091,0.0,0.05555555555555555,5,5,1,0,0,0,0,1,0.0,0.02,0.0,240000.0
10654231,1,0.0,0.0,1.0,0.0,0.0,0.0,0.0,1.0,0.0,0.0,0.0,0.0,0.0,0.0,0.0,0.0,0.0,1.0,0.3346938775510204,0.36363636363636365,0.18181818181818182,0.0,0.1111111111111111,1,0,0,0,1,0,0,1,0.0,0.18,0.0026199447766627757,1395000.0
10654229,0,0.0,1.0,0.0,0.0,0.0,0.0,1.0,0.0,0.0,0.0,0.0,0.0,0.0,0.0,1.0,0.0,0.0,0.0,0.11224489795918369,0.1818181818181818,0.09090909090909091,0.0,0.0,5,3,1,0,0,0,0,1,0.0,0.0,0.0,448000.0
10654222,0,0.0,1.0,0.0,0.0,0.0,1.0,0.0,0.0,0.0,0.0,0.0,0.0,0.0,0.0,0.0,0.0,0.0,1.0,0.08265306122448982,0.09090909090909091,0.09090909090909091,0.0,0.05555555555555555,3,2,1,0,0,0,0,1,0.0,0.06,0.0,192000.0
10654226,0,1.0,0.0,0.0,0.0,1.0,0.0,0.0,0.0,0.0,0.0,0.0,0.0,0.0,0.0,0.0,0.0,0.0,1.0,0.08673469387755103,0.09090909090909091,0.18181818181818182,0.14285714285714285,0.05555555555555555,1,6,1,0,0,0,0,1,0.0,0.01,0.0,450000.0
10654224,1,0.0,0.0,1.0,0.0,0.0,0.0,0.0,0.0,0.0,0.0,0.0,0.0,1.0,0.0,0.0,0.0,0.0,1.0,0.18979591836734697,0.2727272727272727,0.18181818181818182,0.07142857142857142,0.2222222222222222,3,6,0,0,0,0,1,1,0.804,0.0,0.000737289324619136,460000.0
10654233,1,0.0,1.0,0.0,0.0,0.0,0.0,1.0,0.0,0.0,0.0,0.0,0.0,0.0,0.0,0.0,0.0,0.0,1.0,0.1948979591836735,0.1818181818181818,0.09090909090909091,0.0,0.1111111111111111,3,6,0,0,0,0,0,1,0.0,0.0,0.0006465036988264812,449000.0
10654236,1,0.0,0.0,1.0,0.0,0.0,0.0,0.0,1.0,0.0,0.0,0.0,0.0,0.0,0.0,0.0,0.0,0.0,1.0,0.1295918367346939,0.1818181818181818,0.09090909090909091,0.0,0.1111111111111111,1,1,0,0,0,0,0,0,0.0,0.0,0.0003585573705548286,279406.0
10654237,1,0.0,0.0,1.0,0.0,0.0,0.0,0.0,1.0,0.0,0.0,0.0,0.0,0.0,0.0,0.0,0.0,1.0,0.0,0.17244897959183675,0.1818181818181818,0.09090909090909091,0.0,0.1111111111111111,1,1,0,0,0,0,0,0,0.0,0.0,0.001084842376896067,356661.0
10654234,1,0.0,1.0,0.0,0.0,0.0,0.0,1.0,0.0,0.0,0.0,0.0,0.0,0.0,0.0,0.0,0.0,0.0,1.0,0.23265306122448984,0.2727272727272727,0.09090909090909091,0.0,0.0,3,3,0,0,0,0,0,0,0.0,0.0,0.0012590774162961117,499000.0
10654243,0,0.0,0.0,1.0,0.0,0.0,0.0,0.0,0.0,0.0,1.0,0.0,0.0,0.0,0.0,0.0,0.0,1.0,0.0,0.13877551020408166,0.1818181818181818,0.09090909090909091,0.0,0.05555555555555555,0,0,1,0,0,0,0,1,0.0,0.15,0.0,279000.0
10654242,1,0.0,1.0,0.0,0.0,0.0,0.0,1.0,0.0,0.0,0.0,0.0,0.0,0.0,0.0,0.0,0.0,1.0,0.0,0.3469387755102041,0.2727272727272727,0.09090909090909091,0.0,0.1111111111111111,3,2,0,0,0,0,0,1,0.0,0.0,0.00268138555371437,850000.0
10654247,1,1.0,0.0,0.0,0.0,1.0,0.0,0.0,0.0,0.0,0.0,0.0,0.0,0.0,0.0,0.0,1.0,0.0,0.0,0.4989795918367347,0.4545454545454545,0.36363636363636365,0.14285714285714285,0.0,1,3,1,0,0,0,0,1,0.0,0.0,0.0002751079569474388,1960000.0
10654244,1,0.0,1.0,0.0,0.0,0.0,0.0,1.0,0.0,0.0,0.0,0.0,0.0,0.0,0.0,0.0,0.0,0.0,1.0,0.23469387755102042,0.2727272727272727,0.0,0.0,0.0,4,6,0,0,0,0,0,0,0.0,0.0,0.001531434293674076,350000.0
10261033,0,0.0,1.0,0.0,0.0,0.0,0.0,0.0,0.0,0.0,0.0,0.0,0.0,0.0,1.0,0.0,0.0,0.0,1.0,0.09387755102040818,0.1818181818181818,0.18181818181818182,0.0,0.05555555555555555,3,2,1,0,0,0,0,1,0.0,1.0,0.0,625000.0
10523180,1,0.0,0.0,1.0,0.0,0.0,0.0,0.0,1.0,0.0,0.0,0.0,0.0,0.0,0.0,0.0,0.0,0.0,1.0,0.27040816326530615,0.36363636363636365,0.09090909090909091,0.0,0.05555555555555555,3,7,0,0,0,0,1,0,0.51,0.0,0.0007794725446844099,299000.0
10654252,1,0.0,1.0,0.0,0.0,0.0,0.0,1.0,0.0,0.0,0.0,0.0,0.0,0.0,0.0,0.0,0.0,1.0,0.0,0.0979591836734694,0.1818181818181818,0.09090909090909091,0.0,0.0,0,6,0,0,0,0,0,1,0.0,0.0,0.00010362399711686861,297000.0
10654248,0,0.0,1.0,0.0,1.0,0.0,0.0,0.0,0.0,0.0,0.0,0.0,0.0,0.0,0.0,0.0,0.0,1.0,0.0,0.06428571428571428,0.09090909090909091,0.09090909090909091,0.0,0.05555555555555555,0,4,0,0,0,0,0,1,0.0,0.06,0.0,229000.0
10654249,1,0.0,1.0,0.0,1.0,0.0,0.0,0.0,0.0,0.0,0.0,0.0,0.0,0.0,0.0,0.0,0.0,0.0,1.0,0.10510204081632654,0.1818181818181818,0.09090909090909091,0.0,0.0,0,2,0,0,0,0,0,0,0.0,0.0,0.00023109068383584858,399000.0
10654255,1,0.0,1.0,0.0,1.0,0.0,0.0,0.0,0.0,0.0,0.0,0.0,0.0,0.0,0.0,0.0,0.0,1.0,0.0,0.0979591836734694,0.1818181818181818,0.09090909090909091,0.0,0.1111111111111111,0,2,0,0,0,0,0,1,0.0,0.3,8.253238708423164e-05,428000.0
10654254,1,0.0,1.0,0.0,1.0,0.0,0.0,0.0,0.0,0.0,0.0,0.0,0.0,0.0,0.0,0.0,0.0,0.0,1.0,0.20408163265306126,0.1818181818181818,0.09090909090909091,0.0,0.1111111111111111,3,6,0,0,0,0,0,1,0.0,0.0,0.0004997794551211805,382000.0
10654256,0,1.0,0.0,0.0,0.0,1.0,0.0,0.0,0.0,0.0,0.0,0.0,0.0,0.0,0.0,0.0,0.0,0.0,1.0,0.04081632653061225,0.0,0.09090909090909091,0.0,0.0,1,2,0,0,0,0,0,0,0.0,0.0,0.0,209000.0
10654257,1,0.0,1.0,0.0,1.0,0.0,0.0,0.0,0.0,0.0,0.0,0.0,0.0,0.0,0.0,0.0,0.0,0.0,1.0,0.19183673469387758,0.1818181818181818,0.09090909090909091,0.0,0.0,0,5,0,0,0,0,0,1,0.0,0.0,0.0020101221387626195,695000.0
10654258,0,0.0,1.0,0.0,0.0,0.0,0.0,0.0,0.0,0.0,0.0,0.0,0.0,0.0,1.0,0.0,0.0,1.0,0.0,0.1979591836734694,0.2727272727272727,0.2727272727272727,0.21428571428571427,0.16666666666666666,1,2,1,0,0,0,0,1,0.0,0.39,0.0,1195000.0
10654260,1,0.0,1.0,0.0,0.0,0.0,0.0,1.0,0.0,0.0,0.0,0.0,0.0,0.0,0.0,0.0,0.0,0.0,1.0,0.11836734693877551,0.1818181818181818,0.09090909090909091,0.0,0.1111111111111111,3,2,0,1,0,0,0,1,0.0,0.0,0.00017056693330741205,339000.0
10654261,0,0.0,1.0,0.0,0.0,0.0,0.0,0.0,0.0,1.0,0.0,0.0,0.0,0.0,0.0,0.0,0.0,1.0,0.0,0.08265306122448982,0.09090909090909091,0.09090909090909091,0.0,0.05555555555555555,3,5,1,1,0,0,0,1,0.0,0.2,0.0,269000.0
10654262,1,0.0,1.0,0.0,0.0,0.0,0.0,1.0,0.0,0.0,0.0,0.0,0.0,0.0,0.0,0.0,0.0,0.0,1.0,0.20408163265306126,0.1818181818181818,0.09090909090909091,0.0,0.05555555555555555,3,4,0,1,0,0,1,1,0.08,0.3,0.00019807772900215593,359000.0
10654269,0,0.0,1.0,0.0,1.0,0.0,0.0,0.0,0.0,0.0,0.0,0.0,0.0,0.0,0.0,0.0,0.0,1.0,0.0,0.06836734693877553,0.09090909090909091,0.09090909090909091,0.0,0.05555555555555555,4,5,0,0,0,0,1,1,0.015,0.03,0.0,199000.0
10654268,0,1.0,0.0,0.0,0.0,1.0,0.0,0.0,0.0,0.0,0.0,0.0,0.0,0.0,0.0,0.0,0.0,0.0,1.0,0.05612244897959184,0.09090909090909091,0.09090909090909091,0.0,0.1111111111111111,0,5,1,0,0,0,0,0,0.0,0.0,0.0,278000.0
10654264,0,0.0,1.0,0.0,0.0,0.0,0.0,1.0,0.0,0.0,0.0,0.0,0.0,0.0,0.0,1.0,0.0,0.0,0.0,0.04183673469387755,0.0,0.09090909090909091,0.0,0.0,2,3,0,0,0,0,0,1,0.0,0.1,0.0,249000.0
10654270,0,0.0,1.0,0.0,1.0,0.0,0.0,0.0,0.0,0.0,0.0,0.0,0.0,0.0,0.0,0.0,0.0,0.0,1.0,0.07142857142857142,0.09090909090909091,0.09090909090909091,0.0,0.05555555555555555,1,2,1,0,0,0,0,1,0.0,0.08,0.0,259000.0
10654282,0,0.0,1.0,0.0,0.0,0.0,0.0,1.0,0.0,0.0,0.0,0.0,0.0,0.0,0.0,0.0,0.0,0.0,1.0,0.13775510204081634,0.09090909090909091,0.18181818181818182,0.07142857142857142,0.1111111111111111,1,2,1,0,0,0,0,1,0.0,0.08,0.0,480000.0
10654278,1,0.0,0.0,1.0,0.0,0.0,0.0,0.0,1.0,0.0,0.0,0.0,0.0,0.0,0.0,0.0,0.0,0.0,1.0,0.08571428571428572,0.1818181818181818,0.09090909090909091,0.07142857142857142,0.05555555555555555,5,7,0,0,0,0,0,0,0.0,0.0,0.00014213911108951004,80000.0
10654280,1,0.0,1.0,0.0,1.0,0.0,0.0,0.0,0.0,0.0,0.0,0.0,0.0,0.0,0.0,0.0,0.0,1.0,0.0,0.3775510204081633,0.36363636363636365,0.18181818181818182,0.0,0.0,0,3,0,0,0,0,1,1,0.23800000000000002,0.0,0.0003539722379390379,1350000.0
10654275,1,0.0,0.0,1.0,0.0,0.0,0.0,0.0,1.0,0.0,0.0,0.0,0.0,0.0,0.0,0.0,0.0,0.0,1.0,0.15816326530612246,0.1818181818181818,0.09090909090909091,0.0,0.1111111111111111,4,5,0,0,0,0,0,0,0.0,0.0,0.0037598087449483304,230000.0
10654286,1,0.0,1.0,0.0,0.0,0.0,0.0,1.0,0.0,0.0,0.0,0.0,0.0,0.0,0.0,0.0,0.0,0.0,1.0,0.35510204081632657,0.4545454545454545,0.2727272727272727,0.0,0.16666666666666666,4,4,0,1,0,0,0,0,0.0,0.0,0.00033471468095271724,575000.0
10654295,0,0.0,0.0,1.0,0.0,0.0,0.0,0.0,0.0,0.0,1.0,0.0,0.0,0.0,0.0,0.0,1.0,0.0,0.0,0.06020408163265307,0.09090909090909091,0.09090909090909091,0.07142857142857142,0.05555555555555555,3,3,1,0,0,0,0,1,0.0,0.07,0.0,199000.0
10654294,1,0.0,0.0,1.0,0.0,0.0,0.0,0.0,0.0,0.0,1.0,0.0,0.0,0.0,0.0,0.0,0.0,0.0,1.0,0.21938775510204084,0.4545454545454545,0.2727272727272727,0.21428571428571427,0.2222222222222222,1,2,0,0,0,0,1,1,1.0,0.5,0.0015708664341698756,499000.0
10654287,1,0.0,1.0,0.0,1.0,0.0,0.0,0.0,0.0,0.0,0.0,0.0,0.0,0.0,0.0,0.0,0.0,0.0,1.0,0.1489795918367347,0.2727272727272727,0.09090909090909091,0.0,0.1111111111111111,1,0,0,0,0,0,1,0,0.2,0.0,0.0003108719913506058,560000.0
10654297,0,0.0,0.0,1.0,0.0,0.0,0.0,0.0,0.0,0.0,0.0,0.0,0.0,1.0,0.0,0.0,0.0,0.0,1.0,0.04693877551020408,0.09090909090909091,0.09090909090909091,0.07142857142857142,0.05555555555555555,1,3,1,0,0,0,0,1,0.0,0.0,0.0,185000.0
10654300,1,0.0,0.0,1.0,0.0,0.0,0.0,0.0,1.0,0.0,0.0,0.0,0.0,0.0,0.0,0.0,0.0,0.0,1.0,0.10102040816326532,0.09090909090909091,0.09090909090909091,0.07142857142857142,0.05555555555555555,4,6,0,0,0,0,0,1,0.0,0.0,0.00018248827810846775,129999.0
10654304,0,0.0,1.0,0.0,1.0,0.0,0.0,0.0,0.0,0.0,0.0,0.0,0.0,0.0,0.0,0.0,0.0,1.0,0.0,0.05612244897959184,0.09090909090909091,0.09090909090909091,0.0,0.05555555555555555,3,3,1,0,0,0,0,1,0.0,0.0,0.0,169000.0
10654301,1,0.0,0.0,1.0,0.0,0.0,0.0,0.0,1.0,0.0,0.0,0.0,0.0,0.0,0.0,0.0,0.0,0.0,1.0,0.05204081632653062,0.09090909090909091,0.09090909090909091,0.07142857142857142,0.05555555555555555,3,7,0,0,0,0,1,0,0.08,0.0,0.0001283837132421381,69999.0
10654302,1,0.0,0.0,1.0,0.0,0.0,0.0,0.0,1.0,0.0,0.0,0.0,0.0,0.0,0.0,0.0,0.0,0.0,1.0,0.09693877551020408,0.09090909090909091,0.09090909090909091,0.07142857142857142,0.05555555555555555,5,5,0,0,0,0,0,1,0.0,0.0,0.0002934484874106014,104999.0
10654307,1,0.0,1.0,0.0,0.0,0.0,0.0,1.0,0.0,0.0,0.0,0.0,0.0,0.0,0.0,0.0,0.0,0.0,1.0,0.1438775510204082,0.1818181818181818,0.09090909090909091,0.07142857142857142,0.1111111111111111,3,4,0,0,0,0,1,1,0.15,0.5,0.0001999117820484722,395000.0
10654305,1,0.0,1.0,0.0,1.0,0.0,0.0,0.0,0.0,0.0,0.0,0.0,0.0,0.0,0.0,0.0,0.0,0.0,1.0,0.15408163265306124,0.09090909090909091,0.09090909090909091,0.0,0.0,3,6,0,0,0,0,0,1,0.0,0.0,0.0009968078306728865,250000.0
10654316,0,1.0,0.0,0.0,0.0,1.0,0.0,0.0,0.0,0.0,0.0,0.0,0.0,0.0,0.0,0.0,1.0,0.0,0.0,0.1112244897959184,0.1818181818181818,0.18181818181818182,0.07142857142857142,0.1111111111111111,4,5,1,0,0,0,0,1,0.0,0.09,0.0,345000.0
10654313,1,0.0,0.0,1.0,0.0,0.0,0.0,0.0,1.0,0.0,0.0,0.0,0.0,0.0,0.0,0.0,0.0,0.0,1.0,0.20408163265306126,0.36363636363636365,0.2727272727272727,0.21428571428571427,0.16666666666666666,3,7,0,0,0,0,1,1,0.59,0.45,0.0011481172069939779,250000.0
10654317,1,0.0,0.0,1.0,0.0,0.0,0.0,0.0,0.0,0.0,1.0,0.0,0.0,0.0,0.0,0.0,0.0,1.0,0.0,0.08673469387755103,0.2727272727272727,0.09090909090909091,0.0,0.05555555555555555,3,4,0,0,0,0,0,1,0.0,0.3,0.00010545805016318488,149000.0
10654310,0,0.0,1.0,0.0,0.0,0.0,0.0,0.0,0.0,0.0,0.0,0.0,0.0,0.0,1.0,0.0,0.0,1.0,0.0,0.08775510204081632,0.1818181818181818,0.18181818181818182,0.14285714285714285,0.1111111111111111,1,1,1,0,0,0,0,1,0.0,0.16,0.0,1395000.0
10654320,1,0.0,0.0,1.0,0.0,0.0,0.0,0.0,0.0,0.0,1.0,0.0,0.0,0.0,0.0,1.0,0.0,0.0,0.0,0.12244897959183676,0.1818181818181818,0.18181818181818182,0.14285714285714285,0.16666666666666666,3,3,0,0,0,0,1,1,0.161,0.15,0.0001971607024789978,205000.0
10654318,1,0.0,0.0,1.0,0.0,0.0,0.0,0.0,0.0,0.0,1.0,0.0,0.0,0.0,0.0,1.0,0.0,0.0,0.0,0.08673469387755103,0.1818181818181818,0.09090909090909091,0.07142857142857142,0.05555555555555555,3,5,0,0,0,0,0,1,0.0,0.12,0.00010087291754739423,145000.0
10654324,1,0.0,1.0,0.0,0.0,0.0,0.0,1.0,0.0,0.0,0.0,0.0,0.0,0.0,0.0,0.0,0.0,0.0,1.0,0.4102040816326531,0.4545454545454545,0.18181818181818182,0.14285714285714285,0.2222222222222222,3,3,0,0,0,0,0,1,0.0,0.0,0.0223350979980394,1980000.0
10654319,1,0.0,0.0,1.0,0.0,0.0,0.0,0.0,0.0,0.0,1.0,0.0,0.0,0.0,0.0,0.0,0.0,1.0,0.0,0.11734693877551022,0.2727272727272727,0.09090909090909091,0.07142857142857142,0.05555555555555555,3,4,0,0,0,0,0,1,0.0,0.4,0.00010270697059371048,179900.0
10654323,1,0.0,0.0,1.0,0.0,0.0,0.0,0.0,0.0,0.0,0.0,0.0,0.0,1.0,0.0,0.0,0.0,0.0,1.0,0.15816326530612246,0.36363636363636365,0.18181818181818182,0.0,0.1111111111111111,5,7,0,0,0,0,0,1,0.0,0.0,0.0018615638420110025,395000.0
10654321,0,0.0,1.0,0.0,0.0,0.0,1.0,0.0,0.0,0.0,0.0,0.0,0.0,0.0,0.0,1.0,0.0,0.0,0.0,0.009183673469387754,0.0,0.09090909090909091,0.0,0.05555555555555555,3,4,1,0,0,0,0,0,0.0,0.0,0.0,169000.0
10654325,1,0.0,1.0,0.0,1.0,0.0,0.0,0.0,0.0,0.0,0.0,0.0,0.0,0.0,0.0,0.0,0.0,0.0,1.0,0.020408163265306124,0.0,0.09090909090909091,0.0,0.05555555555555555,1,3,0,0,0,0,0,1,0.0,0.0,0.0005126178264453943,159000.0
10654332,1,0.0,0.0,1.0,0.0,0.0,0.0,0.0,0.0,0.0,0.0,0.0,1.0,0.0,0.0,0.0,0.0,0.0,1.0,0.08979591836734696,0.1818181818181818,0.2727272727272727,0.0,0.0,3,0,0,0,0,0,0,0,0.0,0.0,8.253238708423164e-05,260000.0
10654330,0,0.0,1.0,0.0,1.0,0.0,0.0,0.0,0.0,0.0,0.0,0.0,0.0,0.0,0.0,0.0,0.0,0.0,1.0,0.113265306122449,0.09090909090909091,0.09090909090909091,0.0,0.1111111111111111,1,1,1,0,0,0,0,1,0.0,0.0,0.0,539000.0
10654334,0,0.0,1.0,0.0,1.0,0.0,0.0,0.0,0.0,0.0,0.0,0.0,0.0,0.0,0.0,0.0,0.0,0.0,1.0,0.042857142857142864,0.0,0.09090909090909091,0.0,0.05555555555555555,1,1,1,0,0,0,0,1,0.0,0.24,0.0,265000.0
10654333,1,0.0,0.0,1.0,0.0,0.0,0.0,0.0,0.0,0.0,1.0,0.0,0.0,0.0,0.0,0.0,0.0,1.0,0.0,0.1795918367346939,0.2727272727272727,0.09090909090909091,0.9285714285714285,0.1111111111111111,3,3,0,0,0,0,1,1,0.1,0.11,0.00020357988814110472,310000.0
10654335,1,0.0,0.0,1.0,0.0,0.0,0.0,0.0,0.0,0.0,1.0,0.0,0.0,0.0,0.0,0.0,0.0,0.0,1.0,0.23979591836734696,0.1818181818181818,0.18181818181818182,0.07142857142857142,0.16666666666666666,4,5,0,0,0,0,1,1,1.0,0.3,0.0038918605642831007,385000.0
10654336,1,0.0,0.0,1.0,0.0,0.0,0.0,0.0,0.0,0.0,1.0,0.0,0.0,0.0,0.0,0.0,0.0,0.0,1.0,0.08469387755102042,0.09090909090909091,0.09090909090909091,0.07142857142857142,0.1111111111111111,3,5,0,0,0,0,1,1,0.34500000000000003,0.22,0.0004649324472411716,185000.0
10654340,1,0.0,0.0,1.0,0.0,0.0,0.0,0.0,0.0,0.0,0.0,0.0,1.0,0.0,0.0,0.0,0.0,0.0,1.0,0.2571428571428571,0.2727272727272727,0.09090909090909091,0.07142857142857142,0.16666666666666666,3,6,0,0,0,0,1,1,0.5,0.3,0.0005969842665759421,349000.0
10654339,0,0.0,1.0,0.0,1.0,0.0,0.0,0.0,0.0,0.0,0.0,0.0,0.0,0.0,0.0,0.0,0.0,0.0,1.0,0.07551020408163267,0.09090909090909091,0.09090909090909091,0.0,0.1111111111111111,1,2,0,0,0,0,0,1,0.0,0.0,0.0,335000.0
10654341,1,0.0,1.0,0.0,1.0,0.0,0.0,0.0,0.0,0.0,0.0,0.0,0.0,0.0,0.0,0.0,0.0,0.0,1.0,0.1459183673469388,0.1818181818181818,0.09090909090909091,0.07142857142857142,0.1111111111111111,1,0,0,0,0,0,0,1,0.0,0.4,0.00032646144224429403,429000.0
10654338,0,0.0,1.0,0.0,1.0,0.0,0.0,0.0,0.0,0.0,0.0,0.0,0.0,0.0,0.0,0.0,0.0,0.0,1.0,0.07755102040816328,0.09090909090909091,0.09090909090909091,0.0,0.1111111111111111,1,2,0,0,0,0,0,1,0.0,0.04,0.0,299000.0
10654344,0,0.0,0.0,1.0,0.0,0.0,0.0,0.0,0.0,0.0,0.0,1.0,0.0,0.0,0.0,0.0,0.0,1.0,0.0,0.08265306122448982,0.1818181818181818,0.09090909090909091,0.0,0.0,1,1,1,0,0,0,0,1,0.0,0.12,0.0,310000.0
10654346,0,0.0,0.0,1.0,0.0,0.0,0.0,0.0,0.0,0.0,0.0,1.0,0.0,0.0,0.0,0.0,0.0,1.0,0.0,0.07551020408163267,0.09090909090909091,0.09090909090909091,0.0,0.0,3,1,1,0,0,0,0,1,0.0,0.09,0.0,325000.0
10654345,0,0.0,0.0,1.0,0.0,0.0,0.0,0.0,0.0,0.0,0.0,1.0,0.0,0.0,0.0,0.0,0.0,1.0,0.0,0.08265306122448982,0.1818181818181818,0.09090909090909091,0.0,0.0,1,1,1,0,0,0,0,1,0.0,0.12,0.0,300000.0
10523274,1,0.0,1.0,0.0,0.0,0.0,0.0,1.0,0.0,0.0,0.0,0.0,0.0,0.0,0.0,0.0,0.0,1.0,0.0,0.1142857142857143,0.09090909090909091,0.09090909090909091,0.0,0.0,5,6,0,0,0,0,1,0,0.27,0.0,0.0003200422565821871,99000.0
10654349,1,0.0,1.0,0.0,0.0,0.0,1.0,0.0,0.0,0.0,0.0,0.0,0.0,0.0,0.0,0.0,0.0,1.0,0.0,0.14489795918367349,0.2727272727272727,0.09090909090909091,0.0,0.1111111111111111,1,2,0,0,0,0,0,0,0.0,0.0,5.502159138948776e-05,198000.0
10654351,0,0.0,1.0,0.0,0.0,0.0,1.0,0.0,0.0,0.0,0.0,0.0,0.0,0.0,0.0,1.0,0.0,0.0,0.0,0.07551020408163267,0.09090909090909091,0.09090909090909091,0.0,0.0,1,0,0,0,0,0,1,1,0.022,0.14,0.0,354000.0
10654364,1,0.0,0.0,1.0,0.0,0.0,0.0,0.0,0.0,0.0,0.0,0.0,0.0,1.0,0.0,0.0,0.0,0.0,1.0,0.3877551020408163,0.36363636363636365,0.36363636363636365,0.0,0.2222222222222222,2,3,0,1,0,0,1,1,0.63,1.0,0.0007427914837580847,1050000.0
10654352,1,0.0,0.0,1.0,0.0,0.0,0.0,0.0,0.0,0.0,0.0,0.0,1.0,0.0,0.0,0.0,0.0,1.0,0.0,0.10204081632653061,0.1818181818181818,0.09090909090909091,0.0,0.05555555555555555,3,6,0,0,0,0,1,1,0.5,1.0,0.0004585132615790647,249000.0
10654374,1,0.0,0.0,1.0,0.0,0.0,0.0,0.0,0.0,0.0,0.0,0.0,1.0,0.0,0.0,0.0,0.0,0.0,1.0,0.3010204081632653,0.4545454545454545,0.2727272727272727,0.0,0.0,3,2,0,0,0,0,1,0,1.0,0.0,0.0017781144284036128,450000.0
10654373,1,0.0,0.0,1.0,0.0,0.0,0.0,0.0,0.0,0.0,0.0,0.0,1.0,0.0,0.0,0.0,0.0,0.0,1.0,0.3010204081632653,0.4545454545454545,0.2727272727272727,0.0,0.0,3,2,0,0,0,0,1,0,1.0,0.0,0.0017781144284036128,450000.0
10654378,1,0.0,0.0,1.0,0.0,0.0,0.0,0.0,0.0,0.0,0.0,0.0,0.0,1.0,0.0,0.0,0.0,0.0,1.0,0.29591836734693877,0.2727272727272727,0.09090909090909091,0.07142857142857142,0.05555555555555555,3,3,0,0,0,0,1,1,0.5,0.24,0.001070169952525537,375000.0
10654379,1,0.0,1.0,0.0,1.0,0.0,0.0,0.0,0.0,0.0,0.0,0.0,0.0,0.0,0.0,0.0,1.0,0.0,0.0,0.11836734693877551,0.1818181818181818,0.09090909090909091,0.0,0.0,3,2,0,0,0,0,0,0,0.0,0.0,3.7598087449483305e-05,329000.0
10654386,1,0.0,0.0,1.0,0.0,0.0,0.0,0.0,0.0,0.0,0.0,0.0,0.0,1.0,0.0,0.0,0.0,1.0,0.0,0.057142857142857155,0.0,0.0,0.07142857142857142,0.05555555555555555,5,4,0,0,0,0,0,1,0.0,0.26,7.886428099159913e-05,200000.0
10654375,1,0.0,0.0,1.0,0.0,0.0,0.0,0.0,0.0,0.0,0.0,0.0,1.0,0.0,0.0,0.0,0.0,0.0,1.0,0.11224489795918369,0.1818181818181818,0.09090909090909091,0.0,0.1111111111111111,0,0,0,0,0,0,1,0,0.0,0.0,0.0,330500.0
10654392,1,0.0,1.0,0.0,0.0,0.0,0.0,0.0,0.0,0.0,0.0,0.0,0.0,0.0,1.0,0.0,0.0,0.0,1.0,0.20306122448979594,0.36363636363636365,0.0,0.0,0.1111111111111111,3,4,0,0,0,0,1,1,0.0,0.0,0.0007767214651149356,489000.0
10654387,1,0.0,1.0,0.0,1.0,0.0,0.0,0.0,0.0,0.0,0.0,0.0,0.0,0.0,0.0,0.0,0.0,0.0,1.0,0.12244897959183676,0.1818181818181818,0.09090909090909091,0.0,0.0,3,2,0,0,0,0,0,0,0.0,0.0,9.170265231581294e-05,327000.0
10654389,0,1.0,0.0,0.0,0.0,1.0,0.0,0.0,0.0,0.0,0.0,0.0,0.0,0.0,0.0,0.0,0.0,0.0,1.0,0.163265306122449,0.1818181818181818,0.18181818181818182,0.0,0.1111111111111111,1,6,1,0,0,0,0,1,0.0,0.16,0.0,599000.0
10654394,1,0.0,1.0,0.0,0.0,0.0,0.0,0.0,0.0,0.0,0.0,0.0,0.0,0.0,1.0,0.0,0.0,0.0,1.0,0.051020408163265314,0.09090909090909091,0.0,0.0,0.0,5,0,0,0,0,0,1,0,0.0,0.0,6.419185662106905e-05,400000.0
10654395,0,0.0,1.0,0.0,1.0,0.0,0.0,0.0,0.0,0.0,0.0,0.0,0.0,0.0,0.0,0.0,0.0,0.0,1.0,0.22959183673469388,0.2727272727272727,0.09090909090909091,0.0,0.1111111111111111,3,2,1,1,0,0,0,1,0.0,0.23,0.0,495000.0
10654404,1,0.0,1.0,0.0,0.0,0.0,0.0,1.0,0.0,0.0,0.0,0.0,0.0,0.0,0.0,0.0,0.0,1.0,0.0,0.20816326530612247,0.1818181818181818,0.09090909090909091,0.0,0.1111111111111111,0,3,0,0,0,1,0,1,0.0,0.19,0.0002879463282716526,480000.0
10654407,0,1.0,0.0,0.0,0.0,1.0,0.0,0.0,0.0,0.0,0.0,0.0,0.0,0.0,0.0,0.0,1.0,0.0,0.0,0.27040816326530615,0.1818181818181818,0.2727272727272727,0.0,0.2222222222222222,1,0,1,0,0,0,0,1,0.0,0.59,0.0,1900000.0
10523335,0,1.0,0.0,0.0,0.0,1.0,0.0,0.0,0.0,0.0,0.0,0.0,0.0,0.0,0.0,0.0,0.0,0.0,1.0,0.10408163265306122,0.1818181818181818,0.09090909090909091,0.0,0.05555555555555555,3,5,0,0,0,0,0,1,0.0,0.16,0.0,339000.0
10654414,0,0.0,1.0,0.0,1.0,0.0,0.0,0.0,0.0,0.0,0.0,0.0,0.0,0.0,0.0,0.0,0.0,0.0,1.0,0.12244897959183676,0.09090909090909091,0.09090909090909091,0.0,0.0,1,0,1,0,0,0,0,1,0.0,0.27,0.0,424000.0
10654416,1,0.0,0.0,1.0,0.0,0.0,0.0,0.0,0.0,0.0,1.0,0.0,0.0,0.0,0.0,0.0,0.0,0.0,1.0,0.1653061224489796,0.36363636363636365,0.09090909090909091,0.0,0.0,4,3,0,0,0,0,0,1,0.0,0.21,8.253238708423164e-05,239000.0
10654419,1,0.0,0.0,1.0,0.0,0.0,0.0,0.0,0.0,0.0,1.0,0.0,0.0,0.0,0.0,0.0,0.0,0.0,1.0,0.20306122448979594,0.1818181818181818,0.09090909090909091,0.0,0.0,3,6,0,0,0,0,1,0,0.34900000000000003,0.0,0.0003200422565821871,199000.0
10654417,0,1.0,0.0,0.0,0.0,1.0,0.0,0.0,0.0,0.0,0.0,0.0,0.0,0.0,0.0,0.0,1.0,0.0,0.0,0.04081632653061225,0.0,0.09090909090909091,0.0,0.05555555555555555,3,0,1,0,0,0,0,1,0.0,0.06,0.0,249000.0
10654424,0,1.0,0.0,0.0,0.0,1.0,0.0,0.0,0.0,0.0,0.0,0.0,0.0,0.0,0.0,0.0,1.0,0.0,0.0,0.27040816326530615,0.1818181818181818,0.2727272727272727,0.0,0.2222222222222222,1,0,1,0,0,0,0,1,0.0,0.59,0.0,1700000.0
10654427,0,0.0,0.0,1.0,0.0,0.0,0.0,0.0,0.0,0.0,0.0,0.0,0.0,1.0,0.0,0.0,0.0,0.0,1.0,0.04591836734693878,0.0,0.09090909090909091,0.0,0.05555555555555555,3,6,0,0,0,0,0,1,0.0,0.0,0.0,199000.0
10654439,1,0.0,0.0,1.0,0.0,0.0,0.0,0.0,0.0,0.0,1.0,0.0,0.0,0.0,0.0,0.0,0.0,0.0,1.0,0.10204081632653061,0.2727272727272727,0.18181818181818182,0.0,0.16666666666666666,3,4,0,0,0,0,0,1,0.0,0.0,0.0007959790221012563,300000.0
10654440,1,0.0,0.0,1.0,0.0,0.0,0.0,0.0,1.0,0.0,0.0,0.0,0.0,0.0,0.0,0.0,0.0,0.0,1.0,0.336734693877551,0.4545454545454545,0.2727272727272727,0.21428571428571427,0.2222222222222222,1,2,0,1,1,1,1,1,0.0,1.0,0.0026199447766627757,1395000.0
10654438,1,1.0,0.0,0.0,0.0,1.0,0.0,0.0,0.0,0.0,0.0,0.0,0.0,0.0,0.0,0.0,1.0,0.0,0.0,0.2714285714285714,0.36363636363636365,0.36363636363636365,0.0,0.2777777777777778,1,4,0,1,0,0,0,1,0.0,0.0,9.445373188528732e-05,1350000.0
10654444,0,0.0,1.0,0.0,1.0,0.0,0.0,0.0,0.0,0.0,0.0,0.0,0.0,0.0,0.0,0.0,0.0,1.0,0.0,0.09591836734693879,0.1818181818181818,0.09090909090909091,0.0,0.0,3,4,1,0,0,0,0,1,0.0,0.0,0.0,249000.0
10654445,1,0.0,1.0,0.0,0.0,0.0,0.0,0.0,0.0,0.0,0.0,0.0,0.0,0.0,1.0,1.0,0.0,0.0,0.0,0.37244897959183676,0.36363636363636365,0.18181818181818182,0.07142857142857142,0.2222222222222222,3,6,0,0,0,0,1,1,0.04,0.2,0.00015589450893688199,845000.0
10523389,0,1.0,0.0,0.0,0.0,1.0,0.0,0.0,0.0,0.0,0.0,0.0,0.0,0.0,0.0,0.0,1.0,0.0,0.0,0.12244897959183676,0.09090909090909091,0.09090909090909091,0.07142857142857142,0.1111111111111111,3,4,0,0,0,0,0,0,0.0,0.0,0.0,550000.0
10654454,0,0.0,1.0,0.0,1.0,0.0,0.0,0.0,0.0,0.0,0.0,0.0,0.0,0.0,0.0,0.0,1.0,0.0,0.0,0.0816326530612245,0.09090909090909091,0.09090909090909091,0.0,0.0,3,0,1,0,0,0,0,0,0.0,0.0,0.0,360000.0
10654452,1,0.0,1.0,0.0,0.0,0.0,1.0,0.0,0.0,0.0,0.0,0.0,0.0,0.0,0.0,0.0,1.0,0.0,0.0,0.22142857142857145,0.36363636363636365,0.18181818181818182,0.0,0.16666666666666666,4,5,0,1,0,0,1,1,0.0,0.25,0.000744625536804401,625000.0
10654456,1,0.0,0.0,1.0,0.0,0.0,0.0,0.0,0.0,0.0,0.0,0.0,1.0,0.0,0.0,0.0,1.0,0.0,0.0,0.20102040816326533,0.1818181818181818,0.09090909090909091,0.07142857142857142,0.1111111111111111,0,6,0,0,0,0,1,1,0.3,0.3,0.0005089497203527618,248000.0
10654458,0,0.0,1.0,0.0,1.0,0.0,0.0,0.0,0.0,0.0,0.0,0.0,0.0,0.0,0.0,0.0,0.0,1.0,0.0,0.04489795918367347,0.09090909090909091,0.09090909090909091,0.0,0.0,3,2,1,0,0,0,0,1,0.0,0.0,0.0,184000.0
10654460,1,0.0,0.0,1.0,0.0,0.0,0.0,0.0,1.0,0.0,0.0,0.0,0.0,0.0,0.0,0.0,0.0,0.0,1.0,0.1326530612244898,0.2727272727272727,0.0,0.0,0.0,0,0,0,0,0,0,0,0,0.0,0.0,0.0015534429302298711,312599.0
10654462,1,0.0,0.0,1.0,0.0,0.0,0.0,0.0,0.0,0.0,1.0,0.0,0.0,0.0,0.0,0.0,0.0,0.0,1.0,0.31734693877551023,0.36363636363636365,0.2727272727272727,0.14285714285714285,0.16666666666666666,3,2,0,0,0,0,1,1,1.0,0.86,0.005373775425706638,525000.0
10654463,0,1.0,0.0,0.0,0.0,1.0,0.0,0.0,0.0,0.0,0.0,0.0,0.0,0.0,0.0,0.0,0.0,0.0,1.0,0.042857142857142864,0.0,0.09090909090909091,0.07142857142857142,0.05555555555555555,1,2,1,0,0,0,0,1,0.0,0.05,0.0,310000.0
10654461,1,0.0,0.0,1.0,0.0,0.0,0.0,0.0,0.0,0.0,1.0,0.0,0.0,0.0,0.0,1.0,0.0,0.0,0.0,0.29081632653061223,0.5454545454545454,0.18181818181818182,0.07142857142857142,0.16666666666666666,0,5,0,0,0,0,0,1,0.0,0.23,0.00010270697059371048,419500.0
10654464,1,0.0,0.0,1.0,0.0,0.0,0.0,0.0,0.0,0.0,1.0,0.0,0.0,0.0,0.0,0.0,0.0,0.0,1.0,0.1979591836734694,0.5454545454545454,0.09090909090909091,0.0,0.1111111111111111,0,4,0,0,0,0,0,0,0.0,0.0,0.0011646236844108243,410000.0
10654481,1,0.0,0.0,1.0,0.0,0.0,0.0,0.0,0.0,0.0,1.0,0.0,0.0,0.0,0.0,0.0,0.0,0.0,1.0,0.1948979591836735,0.1818181818181818,0.09090909090909091,0.0,0.05555555555555555,0,5,0,0,0,0,0,1,0.0,0.12,0.0010591656342476394,395000.0
10654485,0,1.0,0.0,0.0,0.0,1.0,0.0,0.0,0.0,0.0,0.0,0.0,0.0,0.0,0.0,0.0,1.0,0.0,0.0,0.05612244897959184,0.0,0.09090909090909091,0.0,0.05555555555555555,4,7,0,0,0,0,0,0,0.0,0.0,0.0,180000.0
10654489,1,0.0,1.0,0.0,1.0,0.0,0.0,0.0,0.0,0.0,0.0,0.0,0.0,0.0,0.0,0.0,1.0,0.0,0.0,0.8163265306122449,0.5454545454545454,0.09090909090909091,0.42857142857142855,1.0,1,0,0,0,0,0,0,0,0.0,0.0,0.0,775000.0
10654487,1,0.0,0.0,1.0,0.0,0.0,0.0,0.0,1.0,0.0,0.0,0.0,0.0,0.0,0.0,0.0,0.0,0.0,1.0,0.8163265306122449,0.5454545454545454,0.09090909090909091,0.42857142857142855,1.0,1,0,0,0,0,0,0,0,0.0,0.0,0.0,775000.0
10654488,1,1.0,0.0,0.0,0.0,1.0,0.0,0.0,0.0,0.0,0.0,0.0,0.0,0.0,0.0,1.0,0.0,0.0,0.0,0.8163265306122449,0.5454545454545454,0.09090909090909091,0.42857142857142855,1.0,1,0,0,0,0,0,0,0,0.0,0.0,0.0,775000.0
10654490,1,0.0,0.0,1.0,0.0,0.0,0.0,0.0,1.0,0.0,0.0,0.0,0.0,0.0,0.0,0.0,0.0,0.0,1.0,0.8163265306122449,0.5454545454545454,0.09090909090909091,0.42857142857142855,1.0,1,0,0,0,0,0,0,0,0.0,0.0,0.0,775000.0
10654492,1,0.0,1.0,0.0,0.0,0.0,1.0,0.0,0.0,0.0,0.0,0.0,0.0,0.0,0.0,1.0,0.0,0.0,0.0,0.8163265306122449,0.5454545454545454,0.09090909090909091,0.42857142857142855,1.0,1,0,0,0,0,0,0,0,0.0,0.0,0.0,775000.0
10654491,1,0.0,0.0,1.0,0.0,0.0,0.0,0.0,0.0,0.0,0.0,0.0,1.0,0.0,0.0,0.0,0.0,0.0,1.0,0.8163265306122449,0.5454545454545454,0.09090909090909091,0.42857142857142855,1.0,1,0,0,0,0,0,0,0,0.0,0.0,0.0,775000.0
10654500,0,0.0,1.0,0.0,1.0,0.0,0.0,0.0,0.0,0.0,0.0,0.0,0.0,0.0,0.0,0.0,1.0,0.0,0.0,0.09183673469387757,0.09090909090909091,0.09090909090909091,0.0,0.0,3,0,0,0,0,0,0,0,0.0,0.0,0.0,234900.0
10654498,0,0.0,1.0,0.0,1.0,0.0,0.0,0.0,0.0,0.0,0.0,0.0,0.0,0.0,0.0,0.0,0.0,1.0,0.0,0.051020408163265314,0.09090909090909091,0.09090909090909091,0.0,0.05555555555555555,0,0,0,0,0,0,1,1,0.09,0.1,0.0,280000.0
10654504,1,0.0,1.0,0.0,0.0,0.0,0.0,1.0,0.0,0.0,0.0,0.0,0.0,0.0,0.0,0.0,0.0,0.0,1.0,0.09387755102040818,0.1818181818181818,0.09090909090909091,0.0,0.05555555555555555,3,6,0,0,0,0,1,0,0.06,0.0,0.0001467242437053007,279000.0
10654510,0,0.0,0.0,1.0,0.0,0.0,0.0,0.0,1.0,0.0,0.0,0.0,0.0,0.0,0.0,0.0,1.0,0.0,0.0,0.1295918367346939,0.2727272727272727,0.18181818181818182,0.0,0.16666666666666666,0,0,0,0,0,0,0,0,0.0,0.0,0.0,90000.0
10654512,0,0.0,0.0,1.0,0.0,0.0,0.0,0.0,1.0,0.0,0.0,0.0,0.0,0.0,0.0,0.0,1.0,0.0,0.0,0.1642857142857143,0.2727272727272727,0.09090909090909091,0.07142857142857142,0.1111111111111111,0,0,0,0,0,0,0,1,0.0,0.17,0.0,95000.0
10654507,1,0.0,0.0,1.0,0.0,0.0,0.0,0.0,0.0,0.0,1.0,0.0,0.0,0.0,0.0,1.0,0.0,0.0,0.0,0.10612244897959186,0.2727272727272727,0.09090909090909091,0.07142857142857142,0.1111111111111111,4,7,0,0,0,0,1,0,0.309,0.0,0.00036681060926325174,170000.0
10654515,0,0.0,0.0,1.0,0.0,0.0,0.0,0.0,1.0,0.0,0.0,0.0,0.0,0.0,0.0,0.0,0.0,0.0,1.0,0.12142857142857144,0.2727272727272727,0.09090909090909091,0.0,0.05555555555555555,3,6,0,0,0,0,0,0,0.0,0.0,0.0,180000.0
10654518,1,0.0,0.0,1.0,0.0,0.0,0.0,0.0,1.0,0.0,0.0,0.0,0.0,0.0,0.0,0.0,0.0,0.0,1.0,0.10204081632653061,0.1818181818181818,0.0,0.0,0.0,0,0,0,0,0,0,1,0,0.0,0.0,0.000773053359022303,258649.0
10654516,1,0.0,0.0,1.0,0.0,0.0,0.0,0.0,0.0,0.0,1.0,0.0,0.0,0.0,0.0,0.0,1.0,0.0,0.0,0.1326530612244898,0.2727272727272727,0.18181818181818182,0.0,0.0,4,6,0,0,0,0,0,1,0.0,0.0,0.0011600385517950337,399000.0
10654520,1,0.0,1.0,0.0,1.0,0.0,0.0,0.0,0.0,0.0,0.0,0.0,0.0,0.0,0.0,0.0,0.0,1.0,0.0,0.10204081632653061,0.09090909090909091,0.09090909090909091,0.0,0.05555555555555555,3,2,0,0,0,0,1,1,0.02,0.16,0.00013296884585792875,265000.0
10654522,1,0.0,0.0,1.0,0.0,0.0,0.0,0.0,0.0,0.0,1.0,0.0,0.0,0.0,0.0,1.0,0.0,0.0,0.0,0.3112244897959184,0.5454545454545454,0.6363636363636364,0.0,0.4444444444444444,5,6,0,0,0,0,0,1,0.0,0.0,0.00012379858062634745,549000.0
10654524,0,0.0,1.0,0.0,1.0,0.0,0.0,0.0,0.0,0.0,0.0,0.0,0.0,0.0,0.0,0.0,1.0,0.0,0.0,0.04693877551020408,0.0,0.09090909090909091,0.0,0.0,3,2,0,0,0,0,0,0,0.0,0.0,0.0,189000.0
10654531,0,0.0,0.0,1.0,0.0,0.0,0.0,0.0,1.0,0.0,0.0,0.0,0.0,0.0,0.0,0.0,0.0,1.0,0.0,0.04489795918367347,0.09090909090909091,0.09090909090909091,0.0,0.05555555555555555,0,4,0,0,0,0,0,0,0.0,0.0,0.0,150000.0
10654529,1,0.0,0.0,1.0,0.0,0.0,0.0,0.0,0.0,0.0,1.0,0.0,0.0,0.0,0.0,0.0,0.0,1.0,0.0,0.06224489795918368,0.1818181818181818,0.09090909090909091,0.0,0.1111111111111111,4,5,0,1,0,0,0,0,0.0,0.0,0.00011462831539476617,160000.0
10654532,1,1.0,0.0,0.0,0.0,1.0,0.0,0.0,0.0,0.0,0.0,0.0,0.0,0.0,0.0,0.0,1.0,0.0,0.0,0.27755102040816326,0.2727272727272727,0.18181818181818182,0.07142857142857142,0.2222222222222222,5,0,0,0,0,0,1,0,0.015,0.0,0.00010087291754739423,490000.0
10654534,1,0.0,1.0,0.0,1.0,0.0,0.0,0.0,0.0,0.0,0.0,0.0,0.0,0.0,0.0,0.0,0.0,0.0,1.0,0.1326530612244898,0.2727272727272727,0.09090909090909091,0.0,0.0,5,6,0,0,0,0,0,0,0.0,0.0,0.0005043645877369712,249000.0
10654533,1,1.0,0.0,0.0,0.0,1.0,0.0,0.0,0.0,0.0,0.0,0.0,0.0,0.0,0.0,0.0,1.0,0.0,0.0,0.27755102040816326,0.2727272727272727,0.18181818181818182,0.07142857142857142,0.2222222222222222,5,0,0,0,0,0,1,0,0.015,0.0,0.00010087291754739423,490000.0
10654536,1,0.0,0.0,1.0,0.0,0.0,0.0,0.0,1.0,0.0,0.0,0.0,0.0,0.0,0.0,0.0,0.0,0.0,1.0,0.22448979591836737,0.1818181818181818,0.09090909090909091,0.0,0.05555555555555555,0,5,0,0,0,0,0,0,0.0,0.0,0.000773053359022303,260000.0
10654537,1,0.0,0.0,1.0,0.0,0.0,0.0,0.0,1.0,0.0,0.0,0.0,0.0,0.0,0.0,0.0,0.0,0.0,1.0,0.12142857142857144,0.09090909090909091,0.09090909090909091,0.0,0.05555555555555555,0,7,0,0,0,0,0,0,0.0,0.0,0.0003035357791653408,120000.0
10654538,1,0.0,0.0,1.0,0.0,0.0,0.0,0.0,1.0,0.0,0.0,0.0,0.0,0.0,0.0,0.0,1.0,0.0,0.0,0.22959183673469388,0.2727272727272727,0.09090909090909091,0.0,0.1111111111111111,3,5,0,0,0,0,0,1,0.0,0.0,0.00011554534191792429,249000.0
10654539,0,1.0,0.0,0.0,0.0,1.0,0.0,0.0,0.0,0.0,0.0,0.0,0.0,0.0,0.0,0.0,1.0,0.0,0.0,0.06122448979591837,0.0,0.09090909090909091,0.0,0.05555555555555555,0,5,0,1,0,0,0,0,0.0,0.0,0.0,199000.0
10654540,0,1.0,0.0,0.0,0.0,1.0,0.0,0.0,0.0,0.0,0.0,0.0,0.0,0.0,0.0,0.0,1.0,0.0,0.0,0.06122448979591837,0.0,0.09090909090909091,0.0,0.1111111111111111,0,7,0,1,0,0,0,0,0.0,0.0,0.0,239000.0
10654543,1,0.0,1.0,0.0,0.0,0.0,0.0,0.0,0.0,0.0,0.0,0.0,0.0,0.0,1.0,0.0,0.0,0.0,1.0,0.28469387755102044,0.36363636363636365,0.09090909090909091,0.0,0.0,3,0,0,0,0,0,0,0,0.0,0.0,0.0001531434293674076,250000.0
10654546,1,0.0,1.0,0.0,0.0,0.0,0.0,1.0,0.0,0.0,0.0,0.0,0.0,0.0,0.0,0.0,0.0,0.0,1.0,0.2448979591836735,0.36363636363636365,0.2727272727272727,0.0,0.2222222222222222,3,3,0,0,0,0,1,1,0.3,0.4,0.0006721804414749088,975000.0
10654551,1,0.0,0.0,1.0,0.0,0.0,0.0,0.0,0.0,0.0,0.0,0.0,1.0,0.0,0.0,0.0,1.0,0.0,0.0,0.2142857142857143,0.1818181818181818,0.09090909090909091,0.0,0.0,0,0,0,0,0,0,0,1,0.0,0.32,0.001412220845663519,275000.0
10654558,1,0.0,1.0,0.0,0.0,0.0,0.0,1.0,0.0,0.0,0.0,0.0,0.0,0.0,0.0,0.0,0.0,0.0,1.0,0.13367346938775512,0.1818181818181818,0.09090909090909091,0.0,0.0,0,0,0,0,0,0,0,0,0.0,0.0,0.0004695175798569622,540000.0
10654552,1,0.0,1.0,0.0,0.0,0.0,0.0,0.0,0.0,0.0,0.0,0.0,0.0,0.0,1.0,0.0,0.0,0.0,1.0,0.2091836734693878,0.1818181818181818,0.0,0.0,0.05555555555555555,3,3,0,0,0,0,0,1,0.0,0.0,0.00019257556986320717,297000.0
10654553,1,0.0,1.0,0.0,0.0,0.0,0.0,0.0,0.0,0.0,0.0,0.0,0.0,0.0,1.0,0.0,0.0,1.0,0.0,0.2448979591836735,0.2727272727272727,0.0,0.0,0.1111111111111111,3,4,0,0,0,0,1,1,0.0,0.0,0.0007913938894854656,525000.0
10654560,1,0.0,1.0,0.0,0.0,0.0,0.0,1.0,0.0,0.0,0.0,0.0,0.0,0.0,0.0,0.0,0.0,0.0,1.0,0.1469387755102041,0.2727272727272727,0.09090909090909091,0.0,0.0,0,0,0,0,0,0,0,0,0.0,0.0,0.00045484515548643216,558000.0
10654559,1,0.0,1.0,0.0,0.0,0.0,0.0,1.0,0.0,0.0,0.0,0.0,0.0,0.0,0.0,0.0,0.0,0.0,1.0,0.13367346938775512,0.1818181818181818,0.09090909090909091,0.0,0.0,0,0,0,0,0,0,0,0,0.0,0.0,0.0004401727311159021,541000.0
10654562,1,0.0,1.0,0.0,0.0,0.0,1.0,0.0,0.0,0.0,0.0,0.0,0.0,0.0,0.0,0.0,1.0,0.0,0.0,0.11836734693877551,0.1818181818181818,0.09090909090909091,0.0,0.0,0,0,0,0,0,0,0,0,0.0,0.0,0.00015130937632109134,452000.0
10654563,1,0.0,1.0,0.0,0.0,0.0,1.0,0.0,0.0,0.0,0.0,0.0,0.0,0.0,0.0,0.0,1.0,0.0,0.0,0.10306122448979593,0.1818181818181818,0.09090909090909091,0.0,0.0,0,0,0,0,0,0,0,0,0.0,0.0,0.0001375539784737194,410000.0
10654561,1,0.0,1.0,0.0,0.0,0.0,0.0,1.0,0.0,0.0,0.0,0.0,0.0,0.0,0.0,0.0,0.0,0.0,1.0,0.14489795918367349,0.2727272727272727,0.09090909090909091,0.0,0.0,0,0,0,0,0,0,0,0,0.0,0.0,0.0005437967282327707,603000.0
10654569,1,1.0,0.0,0.0,0.0,1.0,0.0,0.0,0.0,0.0,0.0,0.0,0.0,0.0,0.0,1.0,0.0,0.0,0.0,0.8530612244897959,0.9999999999999999,0.8181818181818182,0.6428571428571428,0.5,5,7,1,0,0,0,0,0,0.0,0.0,0.0001283837132421381,2000000.0
10654571,1,0.0,1.0,0.0,0.0,0.0,0.0,0.0,0.0,1.0,0.0,0.0,0.0,0.0,0.0,0.0,0.0,0.0,1.0,0.40816326530612246,0.2727272727272727,0.09090909090909091,0.14285714285714285,0.1111111111111111,4,0,0,1,0,0,1,0,0.15,0.0,0.0004025746436664188,529000.0
10654570,1,1.0,0.0,0.0,0.0,1.0,0.0,0.0,0.0,0.0,0.0,0.0,0.0,0.0,0.0,0.0,1.0,0.0,0.0,0.8530612244897959,0.9999999999999999,0.8181818181818182,0.6428571428571428,0.5,5,7,1,0,0,0,0,0,0.0,0.0,0.0001283837132421381,2000000.0
10654576,1,0.0,0.0,1.0,0.0,0.0,0.0,0.0,0.0,0.0,0.0,1.0,0.0,0.0,0.0,0.0,0.0,1.0,0.0,0.05408163265306123,0.1818181818181818,0.09090909090909091,0.0,0.05555555555555555,3,4,0,1,0,0,1,0,0.0,0.0,0.00033288062790640094,199000.0
10654575,1,0.0,0.0,1.0,0.0,0.0,0.0,0.0,0.0,0.0,0.0,1.0,0.0,0.0,0.0,0.0,0.0,1.0,0.0,0.08265306122448982,0.2727272727272727,0.09090909090909091,0.0,0.1111111111111111,3,3,0,1,0,0,1,0,0.0,0.0,0.0003273784687674522,210000.0
10654564,1,0.0,1.0,0.0,0.0,0.0,1.0,0.0,0.0,0.0,0.0,0.0,0.0,0.0,0.0,0.0,1.0,0.0,0.0,0.15306122448979595,0.2727272727272727,0.18181818181818182,0.0,0.0,0,0,0,0,0,0,0,0,0.0,0.0,0.00011921344801055682,485000.0
10654577,1,0.0,0.0,1.0,0.0,0.0,0.0,0.0,0.0,0.0,0.0,1.0,0.0,0.0,0.0,0.0,0.0,0.0,1.0,0.1326530612244898,0.1818181818181818,0.09090909090909091,0.07142857142857142,0.1111111111111111,4,0,0,1,0,0,0,0,0.0,0.0,0.0007932279425317819,309900.0
10654579,1,0.0,1.0,0.0,0.0,0.0,0.0,0.0,0.0,0.0,0.0,0.0,0.0,0.0,1.0,0.0,0.0,0.0,1.0,0.2306122448979592,0.1818181818181818,0.0,0.0,0.1111111111111111,1,4,0,0,0,0,0,1,0.0,0.64,0.00010729210320950113,345000.0
10654581,0,0.0,0.0,1.0,0.0,0.0,0.0,0.0,0.0,0.0,0.0,0.0,0.0,1.0,0.0,0.0,0.0,0.0,1.0,0.1,0.1818181818181818,0.18181818181818182,0.07142857142857142,0.05555555555555555,0,2,1,0,0,0,0,1,0.0,0.11,0.0,550000.0
10654580,1,0.0,1.0,0.0,0.0,0.0,0.0,0.0,0.0,0.0,0.0,0.0,0.0,0.0,1.0,0.0,0.0,1.0,0.0,0.22959183673469388,0.2727272727272727,0.0,0.0,0.1111111111111111,3,4,0,0,0,0,1,1,0.0,0.1,0.00012563263367266372,349000.0
10654587,0,1.0,0.0,0.0,0.0,1.0,0.0,0.0,0.0,0.0,0.0,0.0,0.0,0.0,0.0,0.0,0.0,0.0,1.0,0.0673469387755102,0.09090909090909091,0.0,0.07142857142857142,0.05555555555555555,0,7,0,0,0,0,1,1,0.111,0.19,0.0,275000.0
10654582,0,0.0,1.0,0.0,1.0,0.0,0.0,0.0,0.0,0.0,0.0,0.0,0.0,0.0,0.0,0.0,0.0,0.0,1.0,0.051020408163265314,0.09090909090909091,0.09090909090909091,0.0,0.0,4,4,0,0,0,0,0,1,0.0,0.01,0.0,155000.0
10654583,0,0.0,0.0,1.0,0.0,0.0,0.0,0.0,0.0,0.0,0.0,0.0,1.0,0.0,0.0,1.0,0.0,0.0,0.0,0.025510204081632654,0.0,0.09090909090909091,0.07142857142857142,0.05555555555555555,1,2,0,0,0,0,0,0,0.0,0.0,0.0,165000.0
10654584,1,0.0,0.0,1.0,0.0,0.0,0.0,0.0,0.0,0.0,1.0,0.0,0.0,0.0,0.0,0.0,0.0,0.0,1.0,0.2979591836734694,0.2727272727272727,0.09090909090909091,0.07142857142857142,0.1111111111111111,1,3,0,1,0,0,1,1,0.88,0.35000000000000003,0.0008069833403791538,450000.0
10654586,0,0.0,0.0,1.0,0.0,0.0,0.0,0.0,0.0,0.0,1.0,0.0,0.0,0.0,0.0,0.0,1.0,0.0,0.0,0.09183673469387757,0.1818181818181818,0.09090909090909091,0.0,0.05555555555555555,0,2,1,0,0,0,0,0,0.0,0.0,0.0,210000.0
10654588,0,0.0,0.0,1.0,0.0,0.0,0.0,0.0,1.0,0.0,0.0,0.0,0.0,0.0,0.0,0.0,1.0,0.0,0.0,0.10510204081632654,0.1818181818181818,0.18181818181818182,0.0,0.0,3,3,0,0,0,0,0,1,0.0,0.0,0.0,244000.0
10654591,1,0.0,1.0,0.0,0.0,0.0,1.0,0.0,0.0,0.0,0.0,0.0,0.0,0.0,0.0,0.0,0.0,0.0,1.0,0.1836734693877551,0.1818181818181818,0.09090909090909091,0.0,0.1111111111111111,5,6,0,0,0,0,0,1,0.0,0.4,0.001411303819140361,478000.0
10654590,1,0.0,1.0,0.0,0.0,0.0,1.0,0.0,0.0,0.0,0.0,0.0,0.0,0.0,0.0,0.0,0.0,0.0,1.0,0.12448979591836737,0.09090909090909091,0.09090909090909091,0.07142857142857142,0.16666666666666666,3,4,0,0,0,0,1,1,1.0,0.8,0.0012434879654024233,475000.0
10654598,1,0.0,1.0,0.0,0.0,0.0,1.0,0.0,0.0,0.0,0.0,0.0,0.0,0.0,0.0,0.0,1.0,0.0,0.0,0.7030612244897959,0.5454545454545454,0.09090909090909091,0.0,0.0,3,0,0,0,0,0,0,1,0.0,0.0,0.00038698519277273057,699000.0
10654601,1,0.0,1.0,0.0,0.0,0.0,0.0,1.0,0.0,0.0,0.0,0.0,0.0,0.0,0.0,0.0,0.0,0.0,1.0,0.1836734693877551,0.2727272727272727,0.18181818181818182,0.0,0.1111111111111111,0,0,0,0,1,0,1,1,1.0,1.0,0.011006152330943868,620000.0
10654600,0,0.0,1.0,0.0,1.0,0.0,0.0,0.0,0.0,0.0,0.0,0.0,0.0,0.0,0.0,0.0,0.0,0.0,1.0,0.0673469387755102,0.09090909090909091,0.09090909090909091,0.0,0.0,3,4,1,0,0,0,0,1,0.0,0.13,0.0,199000.0
10654607,0,1.0,0.0,0.0,0.0,1.0,0.0,0.0,0.0,0.0,0.0,0.0,0.0,0.0,0.0,0.0,0.0,0.0,1.0,0.07142857142857142,0.09090909090909091,0.09090909090909091,0.0,0.05555555555555555,3,7,1,0,0,0,0,0,0.0,0.0,0.0,330000.0
10654608,0,0.0,1.0,0.0,1.0,0.0,0.0,0.0,0.0,0.0,0.0,0.0,0.0,0.0,0.0,0.0,1.0,0.0,0.0,0.10204081632653061,0.1818181818181818,0.09090909090909091,0.0,0.05555555555555555,4,0,0,0,0,0,0,0,0.0,0.0,0.0,194500.0
10654603,1,0.0,1.0,0.0,0.0,0.0,0.0,0.0,0.0,0.0,0.0,0.0,0.0,0.0,1.0,0.0,0.0,0.0,1.0,0.1836734693877551,0.36363636363636365,0.09090909090909091,0.0,0.1111111111111111,5,0,0,0,0,0,1,1,0.3,0.09,0.0004374216515464277,295000.0
10654619,0,0.0,1.0,0.0,0.0,0.0,1.0,0.0,0.0,0.0,0.0,0.0,0.0,0.0,0.0,1.0,0.0,0.0,0.0,0.025510204081632654,0.0,0.09090909090909091,0.07142857142857142,0.05555555555555555,2,1,0,0,0,1,0,0,0.0,0.0,0.0,235000.0
10654622,1,0.0,1.0,0.0,0.0,0.0,0.0,0.0,0.0,0.0,0.0,0.0,0.0,0.0,1.0,0.0,0.0,1.0,0.0,0.12653061224489798,0.1818181818181818,0.0,0.0,0.05555555555555555,1,2,0,0,0,0,1,1,0.0,0.0,0.00010178994407055236,289000.0
10654609,0,1.0,0.0,0.0,0.0,1.0,0.0,0.0,0.0,0.0,0.0,0.0,0.0,0.0,0.0,0.0,1.0,0.0,0.0,0.07142857142857142,0.09090909090909091,0.0,0.0,0.0,0,0,0,0,0,0,0,0,0.0,0.0,0.0,285000.0
10654624,0,0.0,0.0,1.0,0.0,0.0,0.0,0.0,0.0,0.0,0.0,0.0,0.0,1.0,0.0,0.0,0.0,0.0,1.0,0.19387755102040818,0.2727272727272727,0.18181818181818182,0.07142857142857142,0.1111111111111111,1,2,0,0,0,0,1,1,0.07,0.0,0.0,580000.0
10654614,0,0.0,0.0,1.0,0.0,0.0,0.0,0.0,1.0,0.0,0.0,0.0,0.0,0.0,0.0,0.0,0.0,1.0,0.0,0.09183673469387757,0.09090909090909091,0.0,0.14285714285714285,0.16666666666666666,2,0,0,1,0,0,0,0,0.0,0.0,0.0,160000.0
10654627,0,0.0,0.0,1.0,0.0,0.0,0.0,0.0,0.0,0.0,1.0,0.0,0.0,0.0,0.0,0.0,0.0,0.0,1.0,0.05612244897959184,0.0,0.09090909090909091,0.0,0.05555555555555555,3,4,1,0,0,0,0,0,0.0,0.0,0.0,175000.0
10654625,1,0.0,0.0,1.0,0.0,0.0,0.0,0.0,0.0,0.0,0.0,0.0,1.0,0.0,0.0,0.0,1.0,0.0,0.0,0.113265306122449,0.09090909090909091,0.09090909090909091,0.0,0.0,0,4,0,1,0,0,0,0,0.0,0.0,0.00048510703075065043,179000.0
10654626,1,0.0,0.0,1.0,0.0,0.0,0.0,0.0,0.0,0.0,1.0,0.0,0.0,0.0,0.0,0.0,1.0,0.0,0.0,0.10204081632653061,0.09090909090909091,0.0,0.0,0.0,0,0,0,0,0,0,0,0,0.0,0.0,0.0001375539784737194,299900.0
10654630,0,0.0,1.0,0.0,0.0,0.0,0.0,1.0,0.0,0.0,0.0,0.0,0.0,0.0,0.0,0.0,0.0,0.0,1.0,0.08979591836734696,0.09090909090909091,0.18181818181818182,0.14285714285714285,0.16666666666666666,1,1,1,0,0,0,0,1,0.0,0.5,0.0,585000.0
10654628,1,0.0,0.0,1.0,0.0,0.0,0.0,0.0,0.0,0.0,1.0,0.0,0.0,0.0,0.0,1.0,0.0,0.0,0.0,0.1836734693877551,0.2727272727272727,0.09090909090909091,0.07142857142857142,0.1111111111111111,3,2,0,0,0,0,0,1,0.0,0.2,0.00011462831539476617,410000.0
10654635,1,0.0,1.0,0.0,0.0,0.0,1.0,0.0,0.0,0.0,0.0,0.0,0.0,0.0,0.0,0.0,0.0,0.0,1.0,0.1816326530612245,0.1818181818181818,0.09090909090909091,0.0,0.1111111111111111,3,4,0,1,0,0,0,0,0.0,0.0,0.0003411338666148241,349000.0
10654638,0,1.0,0.0,0.0,0.0,1.0,0.0,0.0,0.0,0.0,0.0,0.0,0.0,0.0,0.0,1.0,0.0,0.0,0.0,0.10816326530612247,0.1818181818181818,0.18181818181818182,0.0,0.1111111111111111,3,5,1,1,0,0,0,1,0.0,0.27,0.0,479000.0
10654636,1,0.0,0.0,1.0,0.0,0.0,0.0,0.0,0.0,0.0,1.0,0.0,0.0,0.0,0.0,0.0,1.0,0.0,0.0,0.04693877551020408,0.0,0.09090909090909091,0.0,0.1111111111111111,3,6,0,0,0,0,0,1,0.0,0.12,4.860240572738086e-05,109000.0
10654637,1,0.0,1.0,0.0,1.0,0.0,0.0,0.0,0.0,0.0,0.0,0.0,0.0,0.0,0.0,0.0,0.0,0.0,1.0,0.2255102040816327,0.2727272727272727,0.09090909090909091,0.0,0.0,3,2,0,1,0,0,1,1,0.114,0.0,0.00018707341072425837,475000.0
10654640,1,0.0,1.0,0.0,1.0,0.0,0.0,0.0,0.0,0.0,0.0,0.0,0.0,0.0,0.0,0.0,0.0,0.0,1.0,0.4785714285714286,0.4545454545454545,0.18181818181818182,0.0,0.0,3,6,0,1,0,0,0,0,0.0,0.0,0.006084470981154188,3850000.0
10654642,0,1.0,0.0,0.0,0.0,1.0,0.0,0.0,0.0,0.0,0.0,0.0,0.0,0.0,0.0,1.0,0.0,0.0,0.0,0.034693877551020415,0.0,0.09090909090909091,0.0,0.05555555555555555,3,4,1,1,0,0,0,1,0.0,0.03,0.0,237500.0
10654646,1,0.0,1.0,0.0,0.0,0.0,0.0,0.0,0.0,1.0,0.0,0.0,0.0,0.0,0.0,0.0,0.0,0.0,1.0,0.2091836734693878,0.1818181818181818,0.09090909090909091,0.07142857142857142,0.16666666666666666,3,3,0,1,0,0,1,1,0.0,0.0,0.0005850629217748865,335000.0
10654645,1,0.0,0.0,1.0,0.0,0.0,0.0,0.0,1.0,0.0,0.0,0.0,0.0,0.0,0.0,0.0,0.0,0.0,1.0,0.07551020408163267,0.1818181818181818,0.0,0.07142857142857142,0.05555555555555555,0,7,0,1,0,0,0,0,0.0,0.0,0.0002971165935032339,129000.0
10654641,1,0.0,1.0,0.0,1.0,0.0,0.0,0.0,0.0,0.0,0.0,0.0,0.0,0.0,0.0,0.0,0.0,0.0,1.0,0.18979591836734697,0.1818181818181818,0.2727272727272727,0.0,0.0,3,5,0,1,0,0,1,0,0.0,0.0,0.002246714981737417,1680000.0
10654643,0,1.0,0.0,0.0,0.0,1.0,0.0,0.0,0.0,0.0,0.0,0.0,0.0,0.0,0.0,0.0,1.0,0.0,0.0,0.00816326530612245,0.0,0.09090909090909091,0.0,0.05555555555555555,3,7,1,1,0,0,0,1,0.0,0.02,0.0,137500.0
10654648,1,0.0,0.0,1.0,0.0,0.0,0.0,0.0,1.0,0.0,0.0,0.0,0.0,0.0,0.0,0.0,0.0,0.0,1.0,0.12244897959183676,0.1818181818181818,0.09090909090909091,0.0,0.05555555555555555,3,3,0,1,0,0,0,0,0.0,0.0,0.00037964898058746556,350000.0
10654652,1,0.0,1.0,0.0,0.0,0.0,1.0,0.0,0.0,0.0,0.0,0.0,0.0,0.0,0.0,0.0,0.0,0.0,1.0,0.19183673469387758,0.1818181818181818,0.18181818181818182,0.0,0.0,0,0,0,1,0,0,1,1,0.181,0.18,0.00035122115836956353,398175.0
10654653,1,0.0,1.0,0.0,0.0,0.0,1.0,0.0,0.0,0.0,0.0,0.0,0.0,0.0,0.0,0.0,0.0,0.0,1.0,0.19183673469387758,0.1818181818181818,0.18181818181818182,0.0,0.0,0,0,0,1,0,0,1,1,0.252,0.18,0.0004887751368432829,431925.0
10654651,1,0.0,1.0,0.0,0.0,0.0,1.0,0.0,0.0,0.0,0.0,0.0,0.0,0.0,0.0,0.0,0.0,0.0,1.0,0.1928571428571429,0.1818181818181818,0.18181818181818182,0.0,0.0,0,0,0,1,0,0,1,1,0.249,0.18,0.0004887751368432829,431925.0
10654654,1,0.0,1.0,0.0,0.0,0.0,1.0,0.0,0.0,0.0,0.0,0.0,0.0,0.0,0.0,0.0,0.0,0.0,1.0,0.19183673469387758,0.1818181818181818,0.18181818181818182,0.0,0.0,0,0,0,1,0,0,1,1,0.252,0.18,0.0004887751368432829,431925.0
10654656,1,0.0,1.0,0.0,0.0,0.0,1.0,0.0,0.0,0.0,0.0,0.0,0.0,0.0,0.0,0.0,0.0,0.0,1.0,0.1928571428571429,0.1818181818181818,0.18181818181818182,0.0,0.0,0,0,0,1,0,0,1,1,0.265,0.18,0.0005208710651538175,441500.0
10654655,1,0.0,1.0,0.0,0.0,0.0,1.0,0.0,0.0,0.0,0.0,0.0,0.0,0.0,0.0,0.0,0.0,0.0,1.0,0.19183673469387758,0.1818181818181818,0.18181818181818182,0.0,0.1111111111111111,0,0,0,1,0,0,1,1,0.181,0.18,0.0003503041318464054,398175.0
10392519,1,0.0,0.0,1.0,0.0,0.0,0.0,0.0,0.0,0.0,0.0,0.0,0.0,1.0,0.0,0.0,0.0,0.0,1.0,0.1795918367346939,0.1818181818181818,0.09090909090909091,0.0,0.1111111111111111,5,6,0,0,0,0,1,0,0.333,0.0,0.0,260000.0
10654667,1,0.0,0.0,1.0,0.0,0.0,0.0,0.0,1.0,0.0,0.0,0.0,0.0,0.0,0.0,0.0,0.0,0.0,1.0,0.5408163265306123,0.5454545454545454,0.2727272727272727,0.0,0.0,3,0,0,1,0,0,0,1,0.0,0.0,0.006419185662106906,1150000.0
10654669,0,0.0,1.0,0.0,1.0,0.0,0.0,0.0,0.0,0.0,0.0,0.0,0.0,0.0,0.0,1.0,0.0,0.0,0.0,0.04081632653061225,0.0,0.09090909090909091,0.0,0.05555555555555555,3,6,0,1,0,0,0,0,0.0,0.0,0.0,210000.0
10654672,1,0.0,1.0,0.0,1.0,0.0,0.0,0.0,0.0,0.0,0.0,0.0,0.0,0.0,0.0,0.0,1.0,0.0,0.0,0.17040816326530614,0.2727272727272727,0.18181818181818182,0.0,0.1111111111111111,2,3,0,1,0,0,1,1,0.037,0.02,0.0,469000.0
10654671,1,0.0,1.0,0.0,1.0,0.0,0.0,0.0,0.0,0.0,0.0,0.0,0.0,0.0,0.0,0.0,1.0,0.0,0.0,0.17040816326530614,0.2727272727272727,0.18181818181818182,0.0,0.1111111111111111,2,3,0,1,0,0,1,1,0.037,0.02,0.0,469000.0
10654676,0,0.0,1.0,0.0,1.0,0.0,0.0,0.0,0.0,0.0,0.0,0.0,0.0,0.0,0.0,1.0,0.0,0.0,0.0,0.04081632653061225,0.0,0.09090909090909091,0.0,0.05555555555555555,3,6,0,1,0,0,0,0,0.0,0.0,0.0,210000.0
10654678,1,0.0,0.0,1.0,0.0,0.0,0.0,0.0,1.0,0.0,0.0,0.0,0.0,0.0,0.0,0.0,0.0,1.0,0.0,0.07346938775510206,0.09090909090909091,0.09090909090909091,0.0,0.0,0,4,0,0,0,0,0,0,0.0,0.0,0.00022008636555795105,130000.0
10654681,1,0.0,1.0,0.0,1.0,0.0,0.0,0.0,0.0,0.0,0.0,0.0,0.0,0.0,0.0,0.0,0.0,0.0,1.0,0.10510204081632654,0.1818181818181818,0.09090909090909091,0.0,0.05555555555555555,3,5,0,1,0,0,1,0,0.031,0.0,0.0,225000.0
10654685,1,0.0,1.0,0.0,0.0,0.0,0.0,0.0,0.0,1.0,0.0,0.0,0.0,0.0,0.0,0.0,0.0,0.0,1.0,0.11530612244897961,0.1818181818181818,0.09090909090909091,0.0,0.1111111111111111,0,0,0,1,0,0,0,0,0.0,0.0,0.00020174583509478846,297500.0
10654683,1,0.0,0.0,1.0,0.0,0.0,0.0,0.0,0.0,0.0,1.0,0.0,0.0,0.0,0.0,0.0,0.0,0.0,1.0,0.23673469387755106,0.2727272727272727,0.0,0.07142857142857142,0.0,0,4,0,1,0,0,1,1,0.0,0.47000000000000003,0.0017542717388015015,390000.0
10654680,1,0.0,0.0,1.0,0.0,0.0,0.0,0.0,0.0,0.0,0.0,0.0,1.0,0.0,0.0,0.0,0.0,0.0,1.0,0.32142857142857145,0.1818181818181818,0.09090909090909091,0.07142857142857142,0.0,3,3,0,1,1,0,0,0,0.0,0.0,0.011173968184681806,695000.0
10654687,1,0.0,1.0,0.0,0.0,0.0,1.0,0.0,0.0,0.0,0.0,0.0,0.0,0.0,0.0,0.0,1.0,0.0,0.0,0.2448979591836735,0.2727272727272727,0.09090909090909091,0.0,0.1111111111111111,3,2,0,1,0,0,0,0,0.0,0.0,0.001112353172590811,850000.0
10654691,1,1.0,0.0,0.0,0.0,1.0,0.0,0.0,0.0,0.0,0.0,0.0,0.0,0.0,0.0,0.0,1.0,0.0,0.0,0.2142857142857143,0.2727272727272727,0.09090909090909091,0.07142857142857142,0.16666666666666666,0,0,0,1,0,0,0,1,0.0,0.2,9.628778493160358e-05,475000.0
10654686,1,0.0,0.0,1.0,0.0,0.0,0.0,0.0,0.0,0.0,1.0,0.0,0.0,0.0,0.0,0.0,1.0,0.0,0.0,0.13877551020408166,0.36363636363636365,0.09090909090909091,0.0,0.0,5,4,0,0,0,0,1,0,0.14,0.0,0.0,156000.0
10654688,1,0.0,1.0,0.0,0.0,0.0,1.0,0.0,0.0,0.0,0.0,0.0,0.0,0.0,0.0,0.0,0.0,1.0,0.0,0.12040816326530615,0.09090909090909091,0.09090909090909091,0.0,0.05555555555555555,0,3,0,1,0,0,0,0,0.0,0.0,3.943214049579956e-05,175000.0
10654694,1,0.0,1.0,0.0,1.0,0.0,0.0,0.0,0.0,0.0,0.0,0.0,0.0,0.0,0.0,0.0,1.0,0.0,0.0,0.051020408163265314,0.0,0.09090909090909091,0.0,0.05555555555555555,4,6,0,1,0,0,1,0,1.0,0.0,0.0,289000.0
10654695,1,0.0,1.0,0.0,0.0,0.0,0.0,1.0,0.0,0.0,0.0,0.0,0.0,0.0,0.0,0.0,0.0,0.0,1.0,0.11734693877551022,0.1818181818181818,0.09090909090909091,0.0,0.0,3,3,0,0,0,0,1,1,0.048,0.3,0.00015589450893688199,340000.0
10654700,0,0.0,1.0,0.0,0.0,0.0,0.0,0.0,0.0,0.0,0.0,0.0,0.0,0.0,1.0,0.0,0.0,0.0,1.0,0.020408163265306124,0.0,0.09090909090909091,0.0,0.05555555555555555,3,4,0,0,0,0,0,0,0.0,0.0,0.0,136000.0
10654696,0,0.0,1.0,0.0,0.0,0.0,0.0,0.0,0.0,0.0,0.0,0.0,0.0,0.0,1.0,0.0,0.0,1.0,0.0,0.1979591836734694,0.2727272727272727,0.2727272727272727,0.0,0.2222222222222222,3,2,1,0,0,1,0,1,0.0,0.0,0.0,1195000.0
10654706,0,0.0,1.0,0.0,0.0,0.0,0.0,0.0,0.0,0.0,0.0,0.0,0.0,0.0,1.0,0.0,0.0,1.0,0.0,0.10510204081632654,0.1818181818181818,0.09090909090909091,0.0,0.1111111111111111,1,2,0,0,0,0,1,0,0.0,0.0,0.0,325000.0
10654718,1,0.0,1.0,0.0,0.0,0.0,0.0,1.0,0.0,0.0,0.0,0.0,0.0,0.0,0.0,0.0,0.0,0.0,1.0,0.16836734693877553,0.4545454545454545,0.09090909090909091,0.0,0.1111111111111111,4,3,0,0,0,0,0,1,0.0,0.0,0.0014268932700340492,439000.0
10654707,1,0.0,1.0,0.0,0.0,0.0,0.0,0.0,0.0,0.0,0.0,0.0,0.0,0.0,1.0,0.0,0.0,1.0,0.0,0.08265306122448982,0.1818181818181818,0.09090909090909091,0.0,0.05555555555555555,3,4,0,0,0,0,1,0,0.0,0.0,0.0001568115354600401,200000.0
10654717,1,0.0,1.0,0.0,0.0,0.0,0.0,0.0,0.0,0.0,0.0,0.0,0.0,0.0,1.0,0.0,0.0,0.0,1.0,0.1795918367346939,0.2727272727272727,0.18181818181818182,0.0,0.1111111111111111,3,5,0,0,0,0,0,0,0.0,0.0,0.00010270697059371048,325000.0
10654722,1,0.0,1.0,0.0,1.0,0.0,0.0,0.0,0.0,0.0,0.0,0.0,0.0,0.0,0.0,0.0,0.0,1.0,0.0,0.13979591836734695,0.1818181818181818,0.09090909090909091,0.0,0.1111111111111111,3,5,0,0,0,0,0,0,0.0,0.0,0.00020449691466426284,349000.0
10654723,1,0.0,1.0,0.0,1.0,0.0,0.0,0.0,0.0,0.0,0.0,0.0,0.0,0.0,0.0,0.0,0.0,0.0,1.0,0.20816326530612247,0.4545454545454545,0.09090909090909091,0.0,0.1111111111111111,3,3,0,0,0,0,0,0,0.0,0.0,0.0008638389848149578,409000.0
10654732,1,0.0,1.0,0.0,0.0,0.0,0.0,1.0,0.0,0.0,0.0,0.0,0.0,0.0,0.0,0.0,0.0,0.0,1.0,0.19081632653061226,0.2727272727272727,0.18181818181818182,0.0,0.16666666666666666,3,3,0,0,0,0,1,0,0.165,0.0,0.0004594302881022228,375000.0
10654744,0,0.0,1.0,0.0,0.0,0.0,0.0,0.0,0.0,0.0,0.0,0.0,0.0,0.0,1.0,0.0,0.0,1.0,0.0,0.23163265306122452,0.2727272727272727,0.2727272727272727,0.0,0.0,3,2,0,0,0,1,0,1,0.0,0.38,0.0,3750000.0
10654777,0,0.0,1.0,0.0,0.0,0.0,0.0,0.0,0.0,0.0,0.0,0.0,0.0,0.0,1.0,0.0,0.0,1.0,0.0,0.1459183673469388,0.1818181818181818,0.18181818181818182,0.0,0.05555555555555555,0,1,0,0,0,0,1,1,0.0,0.0,0.0,4600000.0
10523681,1,0.0,1.0,0.0,0.0,0.0,1.0,0.0,0.0,0.0,0.0,0.0,0.0,0.0,0.0,0.0,1.0,0.0,0.0,0.21836734693877555,0.2727272727272727,0.09090909090909091,0.0,0.0,5,6,0,0,0,0,0,1,0.0,0.0,0.00018707341072425837,378000.0
10654776,1,0.0,1.0,0.0,0.0,0.0,0.0,0.0,0.0,0.0,0.0,0.0,0.0,0.0,1.0,0.0,0.0,1.0,0.0,0.27448979591836736,0.5454545454545454,0.5454545454545454,0.0,0.0,0,0,0,0,0,0,0,0,0.0,0.0,0.0009060222048802317,5850000.0
10654778,0,0.0,1.0,0.0,0.0,0.0,0.0,0.0,0.0,0.0,0.0,0.0,0.0,0.0,1.0,0.0,0.0,1.0,0.0,0.1459183673469388,0.1818181818181818,0.18181818181818182,0.0,0.05555555555555555,0,1,0,0,0,0,1,1,0.0,0.0,0.0,4295000.0
10654779,1,0.0,1.0,0.0,0.0,0.0,0.0,0.0,0.0,0.0,0.0,0.0,0.0,0.0,1.0,0.0,0.0,1.0,0.0,0.26224489795918365,0.4545454545454545,0.18181818181818182,0.0,0.0,5,0,0,0,0,0,0,0,0.0,0.0,0.00053921159561698,3500000.0
10654785,0,0.0,1.0,0.0,0.0,0.0,0.0,0.0,0.0,0.0,0.0,0.0,0.0,0.0,1.0,0.0,0.0,1.0,0.0,0.15204081632653063,0.2727272727272727,0.36363636363636365,0.0,0.0,0,5,0,0,0,0,1,0,0.0,0.0,0.0,2800000.0
10654780,0,0.0,1.0,0.0,0.0,0.0,0.0,0.0,0.0,0.0,0.0,0.0,0.0,0.0,1.0,0.0,0.0,1.0,0.0,0.1806122448979592,0.09090909090909091,0.18181818181818182,0.0,0.0,3,2,0,0,0,0,0,0,0.0,0.0,0.0,3495000.0
10654781,1,0.0,1.0,0.0,0.0,0.0,0.0,0.0,0.0,0.0,0.0,0.0,0.0,0.0,1.0,0.0,0.0,1.0,0.0,0.23265306122448984,0.36363636363636365,0.18181818181818182,0.0,0.0,0,3,0,0,0,0,1,0,0.0,0.0,0.0004915262164127573,3350000.0
10654791,0,0.0,1.0,0.0,0.0,0.0,0.0,0.0,0.0,0.0,0.0,0.0,0.0,0.0,1.0,0.0,0.0,1.0,0.0,0.07653061224489796,0.1818181818181818,0.18181818181818182,0.0,0.0,0,3,0,0,0,0,1,0,0.0,0.0,0.0,2685000.0
10654794,0,0.0,1.0,0.0,0.0,0.0,0.0,0.0,0.0,0.0,0.0,0.0,0.0,0.0,1.0,0.0,0.0,1.0,0.0,0.07653061224489796,0.1818181818181818,0.18181818181818182,0.0,0.0,0,2,0,0,0,0,0,0,0.0,0.0,0.0,2195000.0
10654796,0,0.0,1.0,0.0,0.0,0.0,0.0,0.0,0.0,0.0,0.0,0.0,0.0,0.0,1.0,0.0,0.0,1.0,0.0,0.10714285714285715,0.1818181818181818,0.2727272727272727,0.0,0.0,3,0,0,0,0,0,1,0,0.0,0.0,0.0,1850000.0
10654797,0,0.0,1.0,0.0,0.0,0.0,0.0,0.0,0.0,0.0,0.0,0.0,0.0,0.0,1.0,0.0,0.0,1.0,0.0,0.15306122448979595,0.2727272727272727,0.2727272727272727,0.0,0.0,1,2,0,0,0,0,1,0,0.0,0.0,0.0,1830000.0
10654798,1,0.0,1.0,0.0,0.0,0.0,0.0,0.0,0.0,0.0,0.0,0.0,0.0,0.0,1.0,0.0,0.0,1.0,0.0,0.3469387755102041,0.4545454545454545,0.36363636363636365,0.0,0.0,3,0,0,0,0,0,1,0,0.0,0.0,0.00045484515548643216,1350000.0
10654799,0,0.0,1.0,0.0,0.0,0.0,0.0,0.0,0.0,0.0,0.0,0.0,0.0,0.0,1.0,0.0,0.0,1.0,0.0,0.08061224489795918,0.09090909090909091,0.18181818181818182,0.0,0.0,3,0,0,0,0,0,1,0,0.0,0.0,0.0,1475000.0
10654801,0,0.0,1.0,0.0,0.0,0.0,0.0,0.0,0.0,0.0,0.0,0.0,0.0,0.0,1.0,0.0,0.0,1.0,0.0,0.05612244897959184,0.09090909090909091,0.18181818181818182,0.0,0.0,0,3,0,0,0,0,0,0,0.0,0.0,0.0,1350000.0
10654802,0,0.0,1.0,0.0,0.0,0.0,0.0,0.0,0.0,0.0,0.0,0.0,0.0,0.0,1.0,0.0,0.0,1.0,0.0,0.0673469387755102,0.09090909090909091,0.09090909090909091,0.0,0.0,0,1,0,0,0,0,0,0,0.0,0.0,0.0,1190000.0
10654803,0,0.0,1.0,0.0,0.0,0.0,0.0,0.0,0.0,0.0,0.0,0.0,0.0,0.0,1.0,0.0,0.0,1.0,0.0,0.0979591836734694,0.1818181818181818,0.18181818181818182,0.0,0.1111111111111111,0,2,0,0,0,0,0,0,0.0,0.0,0.0,1150000.0
10654800,0,0.0,1.0,0.0,0.0,0.0,0.0,0.0,0.0,0.0,0.0,0.0,0.0,0.0,1.0,0.0,0.0,1.0,0.0,0.13571428571428573,0.1818181818181818,0.2727272727272727,0.0,0.0,3,0,0,0,0,0,0,0,0.0,0.0,0.0,1395000.0
10654805,0,0.0,1.0,0.0,0.0,0.0,0.0,0.0,0.0,0.0,0.0,0.0,0.0,0.0,1.0,0.0,0.0,1.0,0.0,0.1,0.1818181818181818,0.18181818181818182,0.0,0.1111111111111111,0,2,0,0,0,0,1,0,0.0,0.0,0.0,1150000.0
10654806,0,0.0,1.0,0.0,0.0,0.0,0.0,0.0,0.0,0.0,0.0,0.0,0.0,0.0,1.0,0.0,0.0,1.0,0.0,0.09183673469387757,0.1818181818181818,0.18181818181818182,0.0,0.1111111111111111,0,2,0,0,0,0,1,0,0.0,0.0,0.0,1095000.0
10654808,0,0.0,1.0,0.0,0.0,0.0,0.0,0.0,0.0,0.0,0.0,0.0,0.0,0.0,1.0,0.0,0.0,1.0,0.0,0.06428571428571428,0.09090909090909091,0.18181818181818182,0.0,0.0,3,0,0,0,0,0,1,0,0.0,0.0,0.0,995000.0
10654807,0,0.0,1.0,0.0,0.0,0.0,0.0,0.0,0.0,0.0,0.0,0.0,0.0,0.0,1.0,0.0,0.0,1.0,0.0,0.07959183673469389,0.1818181818181818,0.18181818181818182,0.0,0.0,0,1,0,0,0,0,0,0,0.0,0.0,0.0,1090000.0
10654810,0,0.0,1.0,0.0,0.0,0.0,0.0,0.0,0.0,0.0,0.0,0.0,0.0,0.0,1.0,0.0,0.0,1.0,0.0,0.08571428571428572,0.1818181818181818,0.18181818181818182,0.0,0.0,3,0,0,0,0,0,1,0,0.0,0.0,0.0,915000.0
10654809,0,0.0,1.0,0.0,0.0,0.0,0.0,0.0,0.0,0.0,0.0,0.0,0.0,0.0,1.0,0.0,0.0,1.0,0.0,0.08265306122448982,0.1818181818181818,0.18181818181818182,0.0,0.0,0,2,0,0,0,0,1,0,0.0,0.0,0.0,935000.0
10654813,0,0.0,1.0,0.0,0.0,0.0,0.0,0.0,0.0,0.0,0.0,0.0,0.0,0.0,1.0,0.0,0.0,1.0,0.0,0.08571428571428572,0.1818181818181818,0.18181818181818182,0.0,0.0,3,0,0,0,0,0,1,0,0.0,0.0,0.0,895000.0
10654814,0,0.0,1.0,0.0,0.0,0.0,0.0,0.0,0.0,0.0,0.0,0.0,0.0,0.0,1.0,0.0,0.0,1.0,0.0,0.08469387755102042,0.1818181818181818,0.18181818181818182,0.0,0.16666666666666666,3,1,0,0,0,0,1,0,0.0,0.0,0.0,895000.0
10654812,0,0.0,1.0,0.0,0.0,0.0,0.0,0.0,0.0,0.0,0.0,0.0,0.0,0.0,1.0,0.0,0.0,1.0,0.0,0.04081632653061225,0.09090909090909091,0.09090909090909091,0.3571428571428571,0.05555555555555555,0,3,0,0,0,0,1,0,0.0,0.0,0.0,895000.0
10654816,1,0.0,1.0,0.0,0.0,0.0,0.0,0.0,0.0,0.0,0.0,0.0,0.0,0.0,1.0,0.0,0.0,1.0,0.0,0.1489795918367347,0.1818181818181818,0.18181818181818182,0.0,0.0,3,0,0,0,0,0,1,0,0.0,0.0,0.0,860000.0
10654817,0,0.0,1.0,0.0,0.0,0.0,0.0,0.0,0.0,0.0,0.0,0.0,0.0,0.0,1.0,0.0,0.0,1.0,0.0,0.09489795918367347,0.1818181818181818,0.18181818181818182,0.0,0.1111111111111111,0,2,0,0,0,0,1,0,0.0,0.0,0.0,835000.0
10654824,0,0.0,1.0,0.0,0.0,0.0,0.0,0.0,0.0,0.0,0.0,0.0,0.0,0.0,1.0,0.0,0.0,1.0,0.0,0.08265306122448982,0.1818181818181818,0.09090909090909091,0.0,0.0,0,0,0,0,0,0,1,0,0.0,0.0,0.0,770000.0
10654828,0,0.0,1.0,0.0,1.0,0.0,0.0,0.0,0.0,0.0,0.0,0.0,0.0,0.0,0.0,0.0,0.0,1.0,0.0,0.09183673469387757,0.0,0.09090909090909091,0.0,0.05555555555555555,3,2,0,0,0,0,0,0,0.0,0.0,0.0,340000.0
10654827,0,0.0,1.0,0.0,0.0,0.0,0.0,0.0,0.0,0.0,0.0,0.0,0.0,0.0,1.0,0.0,0.0,1.0,0.0,0.05306122448979592,0.09090909090909091,0.18181818181818182,0.0,0.05555555555555555,0,2,0,0,0,0,1,0,0.0,0.0,0.0,795000.0
10654825,0,0.0,1.0,0.0,0.0,0.0,0.0,0.0,0.0,0.0,0.0,0.0,0.0,0.0,1.0,0.0,0.0,1.0,0.0,0.06326530612244899,0.1818181818181818,0.18181818181818182,0.0,0.1111111111111111,0,0,0,0,0,0,0,0,0.0,0.0,0.0,799000.0
10654830,0,0.0,1.0,0.0,0.0,0.0,0.0,0.0,0.0,0.0,0.0,0.0,0.0,0.0,1.0,0.0,0.0,1.0,0.0,0.06632653061224492,0.09090909090909091,0.18181818181818182,0.0,0.0,0,2,0,0,0,0,1,0,0.0,0.0,0.0,795000.0
10654831,0,0.0,1.0,0.0,0.0,0.0,0.0,0.0,0.0,0.0,0.0,0.0,0.0,0.0,1.0,0.0,0.0,1.0,0.0,0.07142857142857142,0.1818181818181818,0.18181818181818182,0.0,0.0,0,3,0,0,0,0,0,0,0.0,0.0,0.0,795000.0
10654834,0,0.0,1.0,0.0,0.0,0.0,0.0,0.0,0.0,0.0,0.0,0.0,0.0,0.0,1.0,0.0,0.0,1.0,0.0,0.06938775510204082,0.09090909090909091,0.09090909090909091,0.0,0.0,3,1,0,0,0,0,1,0,0.0,0.0,0.0,749000.0
10654833,0,0.0,1.0,0.0,0.0,0.0,0.0,0.0,0.0,0.0,0.0,0.0,0.0,0.0,1.0,0.0,0.0,1.0,0.0,0.09183673469387757,0.1818181818181818,0.18181818181818182,0.0,0.0,0,0,0,0,0,0,1,0,0.0,0.0,0.0,749000.0
10654837,0,0.0,1.0,0.0,0.0,0.0,0.0,0.0,0.0,0.0,0.0,0.0,0.0,0.0,1.0,0.0,0.0,1.0,0.0,0.07142857142857142,0.1818181818181818,0.09090909090909091,0.0,0.1111111111111111,0,0,0,0,0,0,1,0,0.0,0.0,0.0,729000.0
10654841,0,0.0,1.0,0.0,0.0,0.0,0.0,0.0,0.0,0.0,0.0,0.0,0.0,0.0,1.0,0.0,0.0,1.0,0.0,0.06938775510204082,0.1818181818181818,0.18181818181818182,0.0,0.0,1,2,1,0,0,0,1,0,0.005,0.0,0.0,695000.0
10654840,0,0.0,1.0,0.0,0.0,0.0,0.0,0.0,0.0,0.0,0.0,0.0,0.0,0.0,1.0,0.0,0.0,1.0,0.0,0.036734693877551024,0.09090909090909091,0.09090909090909091,0.0,0.05555555555555555,0,3,0,0,0,0,0,0,0.0,0.0,0.0,695000.0
10654832,0,0.0,1.0,0.0,0.0,0.0,0.0,0.0,0.0,0.0,0.0,0.0,0.0,0.0,1.0,0.0,0.0,1.0,0.0,0.06632653061224492,0.09090909090909091,0.18181818181818182,0.0,0.0,3,2,0,0,0,0,1,0,0.0,0.0,0.0,795000.0
10654836,0,0.0,1.0,0.0,0.0,0.0,0.0,0.0,0.0,0.0,0.0,0.0,0.0,0.0,1.0,0.0,0.0,1.0,0.0,0.07653061224489796,0.09090909090909091,0.09090909090909091,0.0,0.0,3,3,0,0,0,0,1,0,0.0,0.0,0.0,735000.0
10654839,0,0.0,1.0,0.0,0.0,0.0,0.0,0.0,0.0,0.0,0.0,0.0,0.0,0.0,1.0,0.0,0.0,1.0,0.0,0.05510204081632653,0.09090909090909091,0.18181818181818182,0.0,0.0,0,1,0,0,0,0,0,0,0.0,0.0,0.0,695000.0
10654842,0,0.0,1.0,0.0,0.0,0.0,0.0,0.0,0.0,0.0,0.0,0.0,0.0,0.0,1.0,0.0,0.0,1.0,0.0,0.08775510204081632,0.09090909090909091,0.18181818181818182,0.2857142857142857,0.0,0,2,0,0,0,0,1,0,0.0,0.0,0.0,695000.0
10654843,0,0.0,1.0,0.0,0.0,0.0,0.0,0.0,0.0,0.0,0.0,0.0,0.0,0.0,1.0,0.0,0.0,1.0,0.0,0.059183673469387764,0.09090909090909091,0.18181818181818182,0.0,0.0,0,3,0,0,0,0,0,0,0.0,0.0,0.0,695000.0
10654845,0,0.0,1.0,0.0,0.0,0.0,0.0,0.0,0.0,0.0,0.0,0.0,0.0,0.0,1.0,0.0,0.0,1.0,0.0,0.07142857142857142,0.09090909090909091,0.18181818181818182,0.0,0.05555555555555555,0,3,0,0,0,0,1,0,0.0,0.0,0.0,685000.0
10654844,0,0.0,1.0,0.0,0.0,0.0,0.0,0.0,0.0,0.0,0.0,0.0,0.0,0.0,1.0,0.0,0.0,1.0,0.0,0.06632653061224492,0.09090909090909091,0.09090909090909091,0.0,0.0,0,2,0,0,0,0,1,0,0.0,0.0,0.0,695000.0
10654847,0,0.0,1.0,0.0,0.0,0.0,0.0,0.0,0.0,0.0,0.0,0.0,0.0,0.0,1.0,0.0,0.0,1.0,0.0,0.07551020408163267,0.1818181818181818,0.09090909090909091,0.0,0.0,3,2,0,0,0,0,1,0,0.0,0.0,0.0,669000.0
10523768,1,0.0,1.0,0.0,0.0,0.0,0.0,0.0,0.0,0.0,0.0,0.0,0.0,0.0,1.0,0.0,0.0,0.0,1.0,0.10816326530612247,0.09090909090909091,0.09090909090909091,0.0,0.05555555555555555,4,6,0,0,0,0,1,1,0.0,0.0,0.0004218322006527395,199000.0
10654854,0,0.0,1.0,0.0,0.0,0.0,0.0,0.0,0.0,0.0,0.0,0.0,0.0,0.0,1.0,0.0,0.0,1.0,0.0,0.07448979591836735,0.09090909090909091,0.18181818181818182,0.0,0.0,0,2,0,0,0,0,0,0,0.0,0.0,0.0,635000.0
10654851,0,0.0,1.0,0.0,0.0,0.0,0.0,0.0,0.0,0.0,0.0,0.0,0.0,0.0,1.0,0.0,0.0,1.0,0.0,0.051020408163265314,0.09090909090909091,0.09090909090909091,0.0,0.0,0,2,0,0,0,0,0,0,0.0,0.0,0.0,639000.0
10654852,0,0.0,1.0,0.0,0.0,0.0,0.0,0.0,0.0,0.0,0.0,0.0,0.0,0.0,1.0,0.0,0.0,1.0,0.0,0.06836734693877553,0.09090909090909091,0.18181818181818182,0.0,0.05555555555555555,3,0,1,0,0,0,0,1,0.0,0.09,0.0,635000.0
10654855,0,0.0,1.0,0.0,0.0,0.0,0.0,0.0,0.0,0.0,0.0,0.0,0.0,0.0,1.0,0.0,0.0,1.0,0.0,0.07142857142857142,0.09090909090909091,0.09090909090909091,0.0,0.0,0,2,0,0,0,0,1,0,0.0,0.0,0.0,599000.0
10654856,0,0.0,1.0,0.0,0.0,0.0,0.0,0.0,0.0,0.0,0.0,0.0,0.0,0.0,1.0,0.0,0.0,1.0,0.0,0.0673469387755102,0.09090909090909091,0.09090909090909091,0.0,0.0,0,1,0,0,0,0,0,0,0.0,0.0,0.0,540000.0
10654858,0,0.0,1.0,0.0,0.0,0.0,0.0,0.0,0.0,0.0,0.0,0.0,0.0,0.0,1.0,0.0,0.0,1.0,0.0,0.059183673469387764,0.1818181818181818,0.18181818181818182,0.0,0.05555555555555555,0,2,0,0,0,0,1,0,0.0,0.0,0.0,594000.0
10654860,0,0.0,1.0,0.0,0.0,0.0,0.0,0.0,0.0,0.0,0.0,0.0,0.0,0.0,1.0,0.0,0.0,1.0,0.0,0.05306122448979592,0.09090909090909091,0.09090909090909091,0.0,0.0,3,3,0,0,0,0,0,0,0.0,0.0,0.0,565000.0
10654857,0,0.0,1.0,0.0,0.0,0.0,0.0,0.0,0.0,0.0,0.0,0.0,0.0,0.0,1.0,0.0,0.0,1.0,0.0,0.05612244897959184,0.09090909090909091,0.09090909090909091,0.0,0.0,3,2,0,0,0,0,0,0,0.0,0.0,0.0,565000.0
10654861,0,0.0,1.0,0.0,0.0,0.0,0.0,0.0,0.0,0.0,0.0,0.0,0.0,0.0,1.0,0.0,0.0,1.0,0.0,0.05612244897959184,0.09090909090909091,0.09090909090909091,0.2857142857142857,0.0,0,2,0,0,0,0,1,0,0.0,0.0,0.0,565000.0
10654863,0,0.0,1.0,0.0,0.0,0.0,0.0,0.0,0.0,0.0,0.0,0.0,0.0,0.0,1.0,0.0,0.0,1.0,0.0,0.0653061224489796,0.09090909090909091,0.09090909090909091,0.0,0.0,3,2,0,0,0,0,0,0,0.0,0.0,0.0,545000.0
10654864,0,0.0,1.0,0.0,0.0,0.0,0.0,0.0,0.0,0.0,0.0,0.0,0.0,0.0,1.0,0.0,0.0,1.0,0.0,0.07448979591836735,0.1818181818181818,0.18181818181818182,0.0,0.0,0,0,0,0,0,0,1,0,0.0,0.0,0.0,525000.0
10654865,0,0.0,1.0,0.0,0.0,0.0,0.0,0.0,0.0,0.0,0.0,0.0,0.0,0.0,1.0,0.0,0.0,1.0,0.0,0.05306122448979592,0.09090909090909091,0.0,0.0,0.0,3,2,0,0,0,0,1,0,0.0,0.0,0.0,525000.0
10654862,0,0.0,1.0,0.0,0.0,0.0,0.0,0.0,0.0,0.0,0.0,0.0,0.0,0.0,1.0,0.0,0.0,1.0,0.0,0.09693877551020408,0.09090909090909091,0.09090909090909091,0.0,0.0,3,2,0,0,0,0,0,0,0.0,0.0,0.0,554000.0
10654866,0,0.0,1.0,0.0,0.0,0.0,0.0,0.0,0.0,0.0,0.0,0.0,0.0,0.0,1.0,0.0,0.0,1.0,0.0,0.06020408163265307,0.09090909090909091,0.09090909090909091,0.0,0.0,3,2,0,0,0,0,1,0,0.0,0.0,0.0,515000.0
10392716,0,0.0,1.0,0.0,1.0,0.0,0.0,0.0,0.0,0.0,0.0,0.0,0.0,0.0,0.0,1.0,0.0,0.0,0.0,0.1479591836734694,0.1818181818181818,0.09090909090909091,0.0,0.0,3,3,1,1,0,0,0,0,0.0,0.0,0.0,400000.0
10654870,0,0.0,1.0,0.0,0.0,0.0,0.0,0.0,0.0,0.0,0.0,0.0,0.0,0.0,1.0,0.0,0.0,1.0,0.0,0.04591836734693878,0.0,0.09090909090909091,0.0,0.0,0,0,0,0,0,0,0,0,0.0,0.0,0.0,497000.0
10654869,0,0.0,1.0,0.0,0.0,0.0,0.0,0.0,0.0,0.0,0.0,0.0,0.0,0.0,1.0,0.0,0.0,1.0,0.0,0.051020408163265314,0.09090909090909091,0.09090909090909091,0.0,0.05555555555555555,3,5,0,0,0,0,0,0,0.0,0.0,0.0,499000.0
10654872,0,0.0,1.0,0.0,0.0,0.0,0.0,0.0,0.0,0.0,0.0,0.0,0.0,0.0,1.0,0.0,0.0,1.0,0.0,0.06020408163265307,0.09090909090909091,0.09090909090909091,0.0,0.0,0,0,0,0,0,0,1,0,0.0,0.0,0.0,485000.0
10654871,0,0.0,1.0,0.0,0.0,0.0,0.0,0.0,0.0,0.0,0.0,0.0,0.0,0.0,1.0,0.0,0.0,1.0,0.0,0.05816326530612246,0.09090909090909091,0.18181818181818182,0.0,0.0,3,1,0,0,0,0,1,0,0.0,0.0,0.0,485000.0
10654873,0,0.0,1.0,0.0,0.0,0.0,0.0,0.0,0.0,0.0,0.0,0.0,0.0,0.0,1.0,0.0,0.0,1.0,0.0,0.06122448979591837,0.09090909090909091,0.09090909090909091,0.0,0.05555555555555555,0,3,0,0,0,0,0,0,0.0,0.0,0.0,460000.0
10654874,0,0.0,1.0,0.0,0.0,0.0,0.0,0.0,0.0,0.0,0.0,0.0,0.0,0.0,1.0,0.0,0.0,1.0,0.0,0.04795918367346939,0.09090909090909091,0.09090909090909091,0.0,0.0,0,4,0,0,0,0,0,0,0.0,0.0,0.0,475000.0
10654877,0,0.0,1.0,0.0,0.0,0.0,0.0,0.0,0.0,0.0,0.0,0.0,0.0,0.0,1.0,0.0,0.0,1.0,0.0,0.04591836734693878,0.0,0.09090909090909091,0.21428571428571427,0.05555555555555555,0,1,0,0,0,0,0,0,0.0,0.0,0.0,445000.0
10654878,1,0.0,1.0,0.0,0.0,0.0,0.0,0.0,0.0,0.0,0.0,0.0,0.0,0.0,1.0,0.0,0.0,1.0,0.0,0.1326530612244898,0.1818181818181818,0.09090909090909091,0.0,0.0,0,0,0,0,0,0,0,0,0.0,0.0,0.00028886335479481076,435000.0
10654876,0,0.0,1.0,0.0,0.0,0.0,0.0,0.0,0.0,0.0,0.0,0.0,0.0,0.0,1.0,0.0,0.0,1.0,0.0,0.022448979591836733,0.0,0.09090909090909091,0.0,0.0,0,2,0,0,0,0,1,0,0.0,0.0,0.0,445000.0
10654880,0,0.0,1.0,0.0,0.0,0.0,0.0,0.0,0.0,0.0,0.0,0.0,0.0,0.0,1.0,0.0,0.0,1.0,0.0,0.04591836734693878,0.09090909090909091,0.09090909090909091,0.0,0.0,3,0,0,0,0,0,1,0,0.0,0.0,0.0,425000.0
10654879,0,0.0,1.0,0.0,0.0,0.0,0.0,0.0,0.0,0.0,0.0,0.0,0.0,0.0,1.0,0.0,0.0,1.0,0.0,0.03877551020408163,0.0,0.09090909090909091,0.0,0.0,0,2,0,0,0,0,0,0,0.0,0.0,0.0,429000.0
10654882,0,0.0,1.0,0.0,0.0,0.0,0.0,0.0,0.0,0.0,0.0,0.0,0.0,0.0,1.0,0.0,0.0,1.0,0.0,0.020408163265306124,0.0,0.09090909090909091,0.0,0.05555555555555555,1,3,0,0,0,0,0,0,0.0,0.0,0.0,379000.0
10654884,0,0.0,1.0,0.0,0.0,0.0,0.0,0.0,0.0,0.0,0.0,0.0,0.0,0.0,1.0,0.0,0.0,1.0,0.0,0.057142857142857155,0.09090909090909091,0.09090909090909091,0.0,0.0,0,3,0,0,0,0,1,0,0.0,0.0,0.0,319000.0
10654881,0,0.0,1.0,0.0,0.0,0.0,0.0,0.0,0.0,0.0,0.0,0.0,0.0,0.0,1.0,0.0,0.0,1.0,0.0,0.05306122448979592,0.09090909090909091,0.09090909090909091,0.0,0.0,3,2,0,0,0,0,1,0,0.0,0.0,0.0,415000.0
10654886,0,0.0,1.0,0.0,0.0,0.0,0.0,0.0,0.0,0.0,0.0,0.0,0.0,0.0,1.0,0.0,0.0,1.0,0.0,0.014285714285714284,0.0,0.09090909090909091,0.0,0.0,0,2,0,0,0,0,1,0,0.0,0.0,0.0,249000.0
10654887,0,0.0,1.0,0.0,0.0,0.0,0.0,0.0,0.0,0.0,0.0,0.0,0.0,0.0,1.0,0.0,0.0,1.0,0.0,0.014285714285714284,0.0,0.09090909090909091,0.0,0.0,0,2,0,0,0,0,1,0,0.0,0.0,0.0,245000.0
10654896,0,0.0,1.0,0.0,0.0,0.0,0.0,0.0,0.0,0.0,0.0,0.0,0.0,0.0,1.0,0.0,0.0,1.0,0.0,0.07857142857142857,0.1818181818181818,0.18181818181818182,0.0,0.1111111111111111,3,0,1,0,0,0,0,1,0.0,0.48,0.0,895000.0
10654888,0,0.0,1.0,0.0,0.0,0.0,0.0,0.0,0.0,0.0,0.0,0.0,0.0,0.0,1.0,0.0,0.0,1.0,0.0,0.010204081632653062,0.0,0.09090909090909091,0.0,0.05555555555555555,0,2,0,0,0,0,1,0,0.0,0.0,0.0,195000.0
10654897,0,0.0,1.0,0.0,0.0,0.0,0.0,0.0,0.0,0.0,0.0,0.0,0.0,0.0,1.0,0.0,0.0,1.0,0.0,0.0326530612244898,0.0,0.09090909090909091,0.0,0.0,3,0,0,0,0,0,0,0,0.0,0.0,0.0,395000.0
10654899,0,0.0,1.0,0.0,0.0,0.0,0.0,0.0,0.0,0.0,0.0,0.0,0.0,0.0,1.0,0.0,0.0,1.0,0.0,0.014285714285714284,0.0,0.09090909090909091,0.0,0.05555555555555555,0,2,0,0,0,0,0,0,0.0,0.0,0.0,309000.0
10654898,0,0.0,1.0,0.0,0.0,0.0,0.0,0.0,0.0,0.0,0.0,0.0,0.0,0.0,1.0,0.0,0.0,1.0,0.0,0.08673469387755103,0.1818181818181818,0.2727272727272727,0.0,0.0,1,0,1,0,0,0,0,1,0.0,0.22,0.0,1250000.0
10654902,1,0.0,1.0,0.0,0.0,0.0,1.0,0.0,0.0,0.0,0.0,0.0,0.0,0.0,0.0,0.0,0.0,0.0,1.0,0.2530612244897959,0.1818181818181818,0.09090909090909091,0.0,0.1111111111111111,3,5,0,0,0,0,1,0,0.0,0.0,0.0002530993203916437,499000.0
10654900,1,0.0,1.0,0.0,1.0,0.0,0.0,0.0,0.0,0.0,0.0,0.0,0.0,0.0,0.0,0.0,0.0,0.0,1.0,0.09183673469387757,0.1818181818181818,0.09090909090909091,0.0,0.05555555555555555,5,6,0,1,0,0,1,0,0.0,0.0,0.0036681060926325175,295000.0
10654903,1,0.0,1.0,0.0,0.0,0.0,1.0,0.0,0.0,0.0,0.0,0.0,0.0,0.0,0.0,0.0,0.0,0.0,1.0,0.0836734693877551,0.09090909090909091,0.09090909090909091,0.0,0.1111111111111111,3,2,0,0,0,0,1,1,0.0,0.12,8.253238708423164e-05,239900.0
10654905,0,0.0,1.0,0.0,0.0,0.0,0.0,0.0,0.0,0.0,0.0,0.0,0.0,0.0,1.0,0.0,0.0,1.0,0.0,0.05510204081632653,0.09090909090909091,0.09090909090909091,0.0,0.05555555555555555,0,2,0,0,0,0,0,0,0.0,0.0,0.0,230000.0
10654907,1,0.0,1.0,0.0,0.0,0.0,0.0,0.0,0.0,0.0,0.0,0.0,0.0,0.0,1.0,0.0,0.0,1.0,0.0,0.11938775510204083,0.1818181818181818,0.09090909090909091,0.0,0.1111111111111111,0,0,0,0,0,0,0,0,0.0,0.0,0.0,240000.0
10654908,1,0.0,1.0,0.0,1.0,0.0,0.0,0.0,0.0,0.0,0.0,0.0,0.0,0.0,0.0,0.0,0.0,0.0,1.0,0.12551020408163266,0.1818181818181818,0.09090909090909091,0.0,0.0,3,4,0,1,0,0,1,0,0.1,0.0,0.0002586014795305925,489000.0
10654916,1,0.0,1.0,0.0,0.0,0.0,1.0,0.0,0.0,0.0,0.0,0.0,0.0,0.0,0.0,0.0,0.0,0.0,1.0,0.1602040816326531,0.1818181818181818,0.09090909090909091,0.07142857142857142,0.16666666666666666,3,3,0,1,0,0,0,1,0.0,0.0,0.0001724009863537283,545000.0
10654915,0,0.0,1.0,0.0,1.0,0.0,0.0,0.0,0.0,0.0,0.0,0.0,0.0,0.0,0.0,0.0,0.0,1.0,0.0,0.0653061224489796,0.09090909090909091,0.09090909090909091,0.0,0.05555555555555555,4,2,0,1,0,0,0,0,0.0,0.0,0.0,169000.0
10654921,1,0.0,1.0,0.0,0.0,0.0,0.0,0.0,0.0,0.0,0.0,0.0,0.0,0.0,1.0,0.0,0.0,0.0,1.0,0.1489795918367347,0.1818181818181818,0.0,0.0,0.1111111111111111,3,2,0,0,0,0,1,1,0.0,0.0,0.000545630781279087,410000.0
10654917,1,0.0,0.0,1.0,0.0,0.0,0.0,0.0,1.0,0.0,0.0,0.0,0.0,0.0,0.0,0.0,0.0,0.0,1.0,0.1459183673469388,0.09090909090909091,0.18181818181818182,0.0,0.1111111111111111,3,0,0,1,0,0,1,1,0.0,0.13,0.001041742130307635,199000.0
10654918,1,0.0,0.0,1.0,0.0,0.0,0.0,0.0,1.0,0.0,0.0,0.0,0.0,0.0,0.0,0.0,0.0,0.0,1.0,0.1459183673469388,0.09090909090909091,0.18181818181818182,0.0,0.1111111111111111,3,0,0,1,0,0,1,1,0.0,0.13,0.001041742130307635,199000.0
10654927,1,0.0,0.0,1.0,0.0,0.0,0.0,0.0,1.0,0.0,0.0,0.0,0.0,0.0,0.0,0.0,1.0,0.0,0.0,0.45204081632653065,0.36363636363636365,0.18181818181818182,0.0,0.16666666666666666,0,7,0,0,0,0,1,1,1.0,0.25,0.002934484874106014,428000.0
10654929,0,0.0,1.0,0.0,0.0,0.0,0.0,0.0,0.0,0.0,0.0,0.0,0.0,0.0,1.0,0.0,0.0,0.0,1.0,0.06326530612244899,0.09090909090909091,0.09090909090909091,0.0,0.05555555555555555,3,4,1,1,0,0,0,1,0.0,0.0,0.0,420000.0
10654930,0,0.0,1.0,0.0,0.0,0.0,0.0,0.0,0.0,0.0,0.0,0.0,0.0,0.0,1.0,0.0,0.0,0.0,1.0,0.06224489795918368,0.09090909090909091,0.09090909090909091,0.0,0.0,3,3,1,1,0,0,0,1,0.0,0.0,0.0,315000.0
10654931,1,0.0,1.0,0.0,1.0,0.0,0.0,0.0,0.0,0.0,0.0,0.0,0.0,0.0,0.0,0.0,0.0,0.0,1.0,0.09897959183673471,0.09090909090909091,0.09090909090909091,0.0,0.1111111111111111,3,3,0,1,0,0,1,1,0.06,0.1,0.00013938803152003566,280000.0
10654938,1,1.0,0.0,0.0,0.0,1.0,0.0,0.0,0.0,0.0,0.0,0.0,0.0,0.0,0.0,0.0,0.0,0.0,1.0,0.2653061224489796,0.36363636363636365,0.09090909090909091,0.07142857142857142,0.16666666666666666,0,0,0,1,0,0,1,1,0.25,0.2,0.0,1255000.0
10654939,1,0.0,0.0,1.0,0.0,0.0,0.0,0.0,0.0,0.0,0.0,0.0,1.0,0.0,0.0,0.0,0.0,0.0,1.0,0.1326530612244898,0.1818181818181818,0.0,0.0,0.0,0,0,0,0,0,0,1,0,0.0,0.0,0.00283361195655862,462075.0
10654943,0,0.0,1.0,0.0,1.0,0.0,0.0,0.0,0.0,0.0,0.0,0.0,0.0,0.0,0.0,0.0,0.0,0.0,1.0,0.10408163265306122,0.09090909090909091,0.0,0.0,0.05555555555555555,1,0,0,0,0,0,0,1,0.0,0.12,0.0,348000.0
10654956,1,0.0,1.0,0.0,0.0,0.0,0.0,1.0,0.0,0.0,0.0,0.0,0.0,0.0,0.0,0.0,0.0,0.0,1.0,0.2448979591836735,0.4545454545454545,0.18181818181818182,0.0,0.1111111111111111,1,3,0,1,0,0,1,0,0.0,0.0,0.0009335330005749757,949000.0
10654960,0,1.0,0.0,0.0,0.0,1.0,0.0,0.0,0.0,0.0,0.0,0.0,0.0,0.0,0.0,1.0,0.0,0.0,0.0,0.04897959183673469,0.0,0.09090909090909091,0.0,0.1111111111111111,0,2,1,0,0,0,0,0,0.0,0.0,0.0,480000.0
10654962,1,1.0,0.0,0.0,0.0,1.0,0.0,0.0,0.0,0.0,0.0,0.0,0.0,0.0,0.0,0.0,0.0,0.0,1.0,0.30612244897959184,0.5454545454545454,0.36363636363636365,0.2857142857142857,0.2777777777777778,3,5,0,0,0,0,0,1,0.0,0.0,0.0005685564443580402,1625000.0
10654942,1,0.0,0.0,1.0,0.0,0.0,0.0,0.0,0.0,0.0,1.0,0.0,0.0,0.0,0.0,0.0,1.0,0.0,0.0,0.09897959183673471,0.1818181818181818,0.0,0.07142857142857142,0.1111111111111111,0,3,0,1,0,0,0,1,0.0,0.0,0.0009307819210055012,350000.0
10654976,1,1.0,0.0,0.0,0.0,1.0,0.0,0.0,0.0,0.0,0.0,0.0,0.0,0.0,0.0,0.0,1.0,0.0,0.0,0.2857142857142857,0.4545454545454545,0.36363636363636365,0.0,0.2222222222222222,4,0,0,0,0,0,1,0,0.1,0.0,0.0002751079569474388,549000.0
10654964,1,0.0,0.0,1.0,0.0,0.0,0.0,0.0,0.0,0.0,0.0,1.0,0.0,0.0,0.0,0.0,0.0,0.0,1.0,0.17244897959183675,0.1818181818181818,0.09090909090909091,0.0,0.1111111111111111,5,7,0,1,0,0,0,0,0.0,0.0,0.0008069833403791538,299000.0
10654977,0,0.0,0.0,1.0,0.0,0.0,0.0,0.0,0.0,0.0,0.0,0.0,0.0,1.0,0.0,0.0,0.0,1.0,0.0,0.0673469387755102,0.09090909090909091,0.0,0.07142857142857142,0.05555555555555555,4,3,1,1,0,0,0,1,0.0,0.07,0.0,180000.0
10654983,0,1.0,0.0,0.0,0.0,1.0,0.0,0.0,0.0,0.0,0.0,0.0,0.0,0.0,0.0,0.0,1.0,0.0,0.0,0.04591836734693878,0.09090909090909091,0.09090909090909091,0.0,0.05555555555555555,0,7,0,1,0,0,0,0,0.0,0.0,0.0,190000.0
10654988,1,0.0,0.0,1.0,0.0,0.0,0.0,0.0,0.0,0.0,1.0,0.0,0.0,0.0,0.0,0.0,0.0,0.0,1.0,0.15816326530612246,0.1818181818181818,0.09090909090909091,0.07142857142857142,0.05555555555555555,4,5,0,0,0,0,1,1,0.5,0.3,0.0007611320142212473,269000.0
10654991,1,0.0,1.0,0.0,0.0,0.0,0.0,0.0,0.0,0.0,0.0,0.0,0.0,0.0,1.0,0.0,0.0,0.0,1.0,0.13571428571428573,0.1818181818181818,0.09090909090909091,0.0,0.0,0,0,0,1,0,0,0,1,0.0,0.0,0.00015039234979793322,320000.0
10654992,1,0.0,1.0,0.0,0.0,0.0,0.0,0.0,0.0,0.0,0.0,0.0,0.0,0.0,1.0,0.0,0.0,0.0,1.0,0.13775510204081634,0.1818181818181818,0.09090909090909091,0.0,0.0,0,0,0,1,0,0,0,1,0.0,0.0,0.00016964990678425393,335000.0
10654990,1,0.0,1.0,0.0,0.0,0.0,0.0,0.0,0.0,0.0,0.0,0.0,0.0,0.0,1.0,0.0,0.0,0.0,1.0,0.13775510204081634,0.1818181818181818,0.09090909090909091,0.0,0.0,0,0,0,1,0,0,0,1,0.0,0.0,0.0001751520659232027,335000.0
10654985,1,0.0,1.0,0.0,0.0,0.0,1.0,0.0,0.0,0.0,0.0,0.0,0.0,0.0,0.0,1.0,0.0,0.0,0.0,0.11224489795918369,0.1818181818181818,0.09090909090909091,0.0,0.1111111111111111,2,3,0,1,0,0,0,0,0.0,0.0,5.410456486632963e-05,289000.0
10655003,0,0.0,0.0,1.0,0.0,0.0,0.0,0.0,1.0,0.0,0.0,0.0,0.0,0.0,0.0,0.0,0.0,1.0,0.0,0.07448979591836735,0.09090909090909091,0.09090909090909091,0.0,0.05555555555555555,0,3,0,0,0,0,0,0,0.0,0.0,0.0,159000.0
10654994,0,1.0,0.0,0.0,0.0,1.0,0.0,0.0,0.0,0.0,0.0,0.0,0.0,0.0,0.0,0.0,1.0,0.0,0.0,0.05612244897959184,0.0,0.09090909090909091,0.0,0.05555555555555555,0,0,1,1,0,0,0,0,0.0,0.0,0.0,375000.0
10654993,1,0.0,1.0,0.0,0.0,0.0,0.0,0.0,0.0,0.0,0.0,0.0,0.0,0.0,1.0,0.0,0.0,0.0,1.0,0.11734693877551022,0.1818181818181818,0.09090909090909091,0.0,0.1111111111111111,0,0,0,1,0,0,0,1,0.0,0.0,0.00015589450893688199,310000.0
10655004,0,1.0,0.0,0.0,0.0,1.0,0.0,0.0,0.0,0.0,0.0,0.0,0.0,0.0,0.0,0.0,0.0,0.0,1.0,0.1622448979591837,0.1818181818181818,0.18181818181818182,0.0,0.16666666666666666,1,2,1,0,0,0,0,1,0.0,0.0,0.0,1340000.0
10655011,0,1.0,0.0,0.0,0.0,1.0,0.0,0.0,0.0,0.0,0.0,0.0,0.0,0.0,0.0,0.0,0.0,0.0,1.0,0.0816326530612245,0.09090909090909091,0.09090909090909091,0.0,0.05555555555555555,3,6,1,0,0,0,0,1,0.0,0.14,0.0,315000.0
10655015,0,1.0,0.0,0.0,0.0,1.0,0.0,0.0,0.0,0.0,0.0,0.0,0.0,0.0,0.0,0.0,0.0,0.0,1.0,0.10918367346938776,0.1818181818181818,0.18181818181818182,0.07142857142857142,0.16666666666666666,5,4,1,0,0,0,0,1,0.0,0.07,0.0,595000.0
10655013,1,0.0,0.0,1.0,0.0,0.0,0.0,0.0,1.0,0.0,0.0,0.0,0.0,0.0,0.0,0.0,0.0,0.0,1.0,0.11020408163265308,0.1818181818181818,0.09090909090909091,0.0,0.1111111111111111,2,2,0,1,0,0,1,1,0.025,0.08,0.0,305000.0
10655017,0,0.0,0.0,1.0,0.0,0.0,0.0,0.0,1.0,0.0,0.0,0.0,0.0,0.0,0.0,0.0,0.0,1.0,0.0,0.03775510204081633,0.0,0.09090909090909091,0.07142857142857142,0.0,2,3,0,1,0,0,0,0,0.0,0.0,0.0,195000.0
10655019,1,0.0,1.0,0.0,1.0,0.0,0.0,0.0,0.0,0.0,0.0,0.0,0.0,0.0,0.0,0.0,1.0,0.0,0.0,0.06122448979591837,0.09090909090909091,0.09090909090909091,0.0,0.0,3,4,0,0,0,0,0,1,0.0,0.18,6.419185662106905e-05,225000.0
10655014,0,0.0,0.0,1.0,0.0,0.0,0.0,0.0,1.0,0.0,0.0,0.0,0.0,0.0,0.0,0.0,0.0,0.0,1.0,0.11020408163265308,0.1818181818181818,0.09090909090909091,0.0,0.1111111111111111,2,2,0,1,0,0,1,1,0.025,0.08,0.0,305000.0
9868585,0,0.0,0.0,1.0,0.0,0.0,0.0,0.0,1.0,0.0,0.0,0.0,0.0,0.0,0.0,0.0,0.0,1.0,0.0,0.10306122448979593,0.0,0.0,0.0,0.0,0,0,0,1,0,0,0,0,0.0,0.0,0.0,90000.0
10655018,1,0.0,0.0,1.0,0.0,0.0,0.0,0.0,1.0,0.0,0.0,0.0,0.0,0.0,0.0,0.0,0.0,0.0,1.0,0.11938775510204083,0.1818181818181818,0.09090909090909091,0.0,0.1111111111111111,0,4,0,1,0,0,0,0,0.0,0.0,0.0,179000.0
10655022,1,0.0,0.0,1.0,0.0,0.0,0.0,0.0,0.0,0.0,1.0,0.0,0.0,0.0,0.0,0.0,0.0,1.0,0.0,0.025510204081632654,0.0,0.09090909090909091,0.0,0.05555555555555555,3,2,0,1,0,0,0,0,0.0,0.0,3.2095928310534525e-05,105000.0
10655028,1,1.0,0.0,0.0,0.0,1.0,0.0,0.0,0.0,0.0,0.0,0.0,0.0,0.0,0.0,0.0,1.0,0.0,0.0,0.21836734693877555,0.4545454545454545,0.0,0.0,0.16666666666666666,3,7,0,0,0,0,1,1,0.24,0.25,0.00030170172611902453,379000.0
10655030,1,0.0,1.0,0.0,0.0,0.0,0.0,1.0,0.0,0.0,0.0,0.0,0.0,0.0,0.0,0.0,0.0,0.0,1.0,0.15408163265306124,0.1818181818181818,0.09090909090909091,0.0,0.1111111111111111,3,4,0,1,0,0,0,0,0.0,0.0,0.001219645275800312,624000.0
10655029,1,0.0,0.0,1.0,0.0,0.0,0.0,0.0,0.0,0.0,1.0,0.0,0.0,0.0,0.0,0.0,1.0,0.0,0.0,0.09489795918367347,0.09090909090909091,0.09090909090909091,0.07142857142857142,0.05555555555555555,3,3,0,0,0,0,0,0,0.0,0.0,0.00024026094906742988,199000.0
10655032,0,0.0,1.0,0.0,0.0,0.0,0.0,0.0,0.0,1.0,0.0,0.0,0.0,0.0,0.0,0.0,0.0,1.0,0.0,0.06122448979591837,0.09090909090909091,0.09090909090909091,0.0,0.05555555555555555,1,2,1,0,0,0,0,1,0.0,0.09,0.0,250000.0
10655035,0,0.0,1.0,0.0,0.0,0.0,0.0,1.0,0.0,0.0,0.0,0.0,0.0,0.0,0.0,0.0,1.0,0.0,0.0,0.113265306122449,0.09090909090909091,0.09090909090909091,0.0,0.1111111111111111,3,2,0,1,0,0,0,1,0.0,0.1,0.0,435000.0
10655034,1,0.0,0.0,1.0,0.0,0.0,0.0,0.0,1.0,0.0,0.0,0.0,0.0,0.0,0.0,0.0,0.0,0.0,1.0,0.13877551020408166,0.1818181818181818,0.09090909090909091,0.0,0.0,3,6,0,1,0,0,1,1,0.55,0.24,0.0006070715583306816,189000.0
10655037,1,0.0,0.0,1.0,0.0,0.0,0.0,0.0,0.0,0.0,1.0,0.0,0.0,0.0,0.0,1.0,0.0,0.0,0.0,0.09591836734693879,0.1818181818181818,0.2727272727272727,0.0,0.16666666666666666,5,7,0,1,0,0,0,0,0.0,0.0,0.0,185000.0
10655042,1,0.0,0.0,1.0,0.0,0.0,0.0,0.0,1.0,0.0,0.0,0.0,0.0,0.0,0.0,0.0,0.0,0.0,1.0,0.14285714285714288,0.1818181818181818,0.09090909090909091,0.0,0.0,3,7,0,0,0,0,1,0,0.85,0.0,0.0013296884585792875,320000.0
10655036,1,0.0,0.0,1.0,0.0,0.0,0.0,0.0,0.0,0.0,1.0,0.0,0.0,0.0,0.0,1.0,0.0,0.0,0.0,0.09591836734693879,0.1818181818181818,0.2727272727272727,0.0,0.16666666666666666,5,7,0,1,0,0,0,0,0.0,0.0,0.0,185000.0
10655043,1,0.0,1.0,0.0,1.0,0.0,0.0,0.0,0.0,0.0,0.0,0.0,0.0,0.0,0.0,0.0,0.0,0.0,1.0,0.08571428571428572,0.1818181818181818,0.09090909090909091,0.0,0.05555555555555555,0,2,0,1,0,0,1,1,0.0,0.0,0.000233841763405323,280000.0
10655044,0,0.0,1.0,0.0,0.0,0.0,1.0,0.0,0.0,0.0,0.0,0.0,0.0,0.0,0.0,0.0,0.0,1.0,0.0,0.1602040816326531,0.1818181818181818,0.09090909090909091,0.0,0.05555555555555555,0,2,0,1,0,0,0,1,0.0,0.25,0.0,399000.0
10655045,0,0.0,0.0,1.0,0.0,0.0,0.0,0.0,0.0,0.0,0.0,0.0,0.0,1.0,0.0,0.0,0.0,0.0,1.0,0.163265306122449,0.09090909090909091,0.0,0.07142857142857142,0.1111111111111111,1,4,0,1,0,0,1,0,0.0,0.0,0.0,450000.0
10655046,1,0.0,0.0,1.0,0.0,0.0,0.0,0.0,0.0,0.0,0.0,0.0,0.0,1.0,0.0,0.0,0.0,0.0,1.0,0.22959183673469388,0.2727272727272727,0.09090909090909091,0.07142857142857142,0.1111111111111111,3,4,0,1,0,0,1,1,1.0,0.6,0.001998200793961564,845000.0
10655048,1,0.0,1.0,0.0,1.0,0.0,0.0,0.0,0.0,0.0,0.0,0.0,0.0,0.0,0.0,0.0,0.0,1.0,0.0,0.10102040816326532,0.1818181818181818,0.09090909090909091,0.0,0.05555555555555555,2,3,0,1,0,0,1,0,0.0,0.0,8.711751970002229e-05,279000.0
10655049,1,0.0,0.0,1.0,0.0,0.0,0.0,0.0,0.0,0.0,0.0,1.0,0.0,0.0,0.0,0.0,0.0,0.0,1.0,0.14285714285714288,0.2727272727272727,0.09090909090909091,0.0,0.1111111111111111,1,4,0,1,1,0,1,1,0.0,0.5,0.0008473325073981115,549000.0
10655050,0,0.0,0.0,1.0,0.0,0.0,0.0,0.0,0.0,0.0,0.0,1.0,0.0,0.0,0.0,0.0,0.0,0.0,1.0,0.07346938775510206,0.09090909090909091,0.09090909090909091,0.0,0.05555555555555555,1,2,0,1,0,0,1,1,0.0,0.05,0.0,295000.0
10655054,1,0.0,0.0,1.0,0.0,0.0,0.0,0.0,0.0,0.0,0.0,0.0,1.0,0.0,0.0,1.0,0.0,0.0,0.0,0.17448979591836736,0.36363636363636365,0.09090909090909091,0.07142857142857142,0.16666666666666666,3,3,0,1,0,0,0,0,0.0,0.0,0.001948681361711025,415000.0
10655056,0,0.0,1.0,0.0,0.0,0.0,0.0,0.0,0.0,0.0,0.0,0.0,0.0,0.0,1.0,0.0,0.0,0.0,1.0,0.0326530612244898,0.0,0.0,0.0,0.05555555555555555,3,4,0,0,0,0,1,0,0.0,0.0,0.0,179000.0
10655057,1,0.0,0.0,1.0,0.0,0.0,0.0,0.0,0.0,0.0,1.0,0.0,0.0,0.0,0.0,0.0,0.0,0.0,1.0,0.13673469387755105,0.1818181818181818,0.09090909090909091,0.07142857142857142,0.1111111111111111,3,5,0,1,0,0,0,1,0.0,0.02,0.0008445814278286372,389000.0
10655058,0,1.0,0.0,0.0,0.0,1.0,0.0,0.0,0.0,0.0,0.0,0.0,0.0,0.0,0.0,0.0,1.0,0.0,0.0,0.14285714285714288,0.2727272727272727,0.09090909090909091,0.07142857142857142,0.1111111111111111,3,4,1,0,0,0,0,1,0.0,0.12,0.0,540000.0
10655062,0,1.0,0.0,0.0,0.0,1.0,0.0,0.0,0.0,0.0,0.0,0.0,0.0,0.0,0.0,0.0,0.0,0.0,1.0,0.11734693877551022,0.09090909090909091,0.09090909090909091,0.0,0.05555555555555555,5,7,0,1,0,0,0,1,0.0,0.0,0.0,540000.0
10655066,1,0.0,1.0,0.0,1.0,0.0,0.0,0.0,0.0,0.0,0.0,0.0,0.0,0.0,0.0,0.0,0.0,0.0,1.0,0.2306122448979592,0.2727272727272727,0.09090909090909091,0.0,0.1111111111111111,0,3,0,1,0,0,1,1,0.0,0.0,0.0016579839538698978,925000.0
10655068,1,0.0,1.0,0.0,1.0,0.0,0.0,0.0,0.0,0.0,0.0,0.0,0.0,0.0,0.0,0.0,0.0,1.0,0.0,0.3112244897959184,0.2727272727272727,0.09090909090909091,0.0,0.0,0,3,0,1,0,0,0,1,0.0,0.3,0.0003108719913506058,725000.0
10655067,1,0.0,1.0,0.0,1.0,0.0,0.0,0.0,0.0,0.0,0.0,0.0,0.0,0.0,0.0,0.0,0.0,1.0,0.0,0.3112244897959184,0.2727272727272727,0.09090909090909091,0.0,0.0,0,3,0,1,0,0,0,1,0.0,0.3,0.0003108719913506058,725000.0
10655069,1,0.0,1.0,0.0,0.0,0.0,0.0,1.0,0.0,0.0,0.0,0.0,0.0,0.0,0.0,0.0,0.0,0.0,1.0,0.1469387755102041,0.09090909090909091,0.18181818181818182,0.0,0.1111111111111111,4,4,0,1,0,0,0,1,0.0,0.0,0.00022008636555795105,395000.0
10655076,1,0.0,1.0,0.0,1.0,0.0,0.0,0.0,0.0,0.0,0.0,0.0,0.0,0.0,0.0,0.0,0.0,1.0,0.0,0.1959183673469388,0.2727272727272727,0.09090909090909091,0.0,0.0,4,3,0,0,0,0,0,0,0.0,0.0,0.0006721804414749088,419000.0
10655072,1,0.0,1.0,0.0,1.0,0.0,0.0,0.0,0.0,0.0,0.0,0.0,0.0,0.0,0.0,0.0,0.0,0.0,1.0,0.23571428571428574,0.36363636363636365,0.09090909090909091,0.07142857142857142,0.1111111111111111,3,2,1,0,0,0,1,0,0.0,0.0,0.0009610437962697195,549000.0
10655079,1,0.0,0.0,1.0,0.0,0.0,0.0,0.0,0.0,0.0,0.0,0.0,1.0,0.0,0.0,0.0,1.0,0.0,0.0,0.10204081632653061,0.1818181818181818,0.0,0.0,0.0,0,0,0,0,0,0,1,0,0.0,0.0,0.0014773297288077465,326794.0
10655073,1,0.0,1.0,0.0,0.0,0.0,1.0,0.0,0.0,0.0,0.0,0.0,0.0,0.0,0.0,0.0,0.0,1.0,0.0,0.12244897959183676,0.09090909090909091,0.09090909090909091,0.0,0.05555555555555555,2,0,0,0,0,0,1,1,0.0,0.01,0.0,250000.0
10655075,1,0.0,0.0,1.0,0.0,0.0,0.0,0.0,0.0,0.0,0.0,1.0,0.0,0.0,0.0,0.0,0.0,0.0,1.0,0.17142857142857146,0.09090909090909091,0.18181818181818182,0.0,0.0,2,2,0,0,0,0,0,0,0.0,0.0,0.0011948855596750426,295000.0
10655082,0,0.0,1.0,0.0,1.0,0.0,0.0,0.0,0.0,0.0,0.0,0.0,0.0,0.0,0.0,0.0,0.0,0.0,1.0,0.051020408163265314,0.09090909090909091,0.09090909090909091,0.0,0.05555555555555555,3,4,0,1,0,0,0,1,0.0,0.0,0.0,139000.0
10655080,0,0.0,1.0,0.0,1.0,0.0,0.0,0.0,0.0,0.0,0.0,0.0,0.0,0.0,0.0,0.0,0.0,0.0,1.0,0.059183673469387764,0.09090909090909091,0.09090909090909091,0.0,0.05555555555555555,3,5,0,1,0,0,0,1,0.0,0.0,0.0,139000.0
10655081,0,0.0,1.0,0.0,1.0,0.0,0.0,0.0,0.0,0.0,0.0,0.0,0.0,0.0,0.0,0.0,0.0,0.0,1.0,0.04795918367346939,0.0,0.09090909090909091,0.0,0.05555555555555555,3,3,0,1,0,0,0,1,0.0,0.0,0.0,139000.0
10655084,0,0.0,1.0,0.0,1.0,0.0,0.0,0.0,0.0,0.0,0.0,0.0,0.0,0.0,0.0,0.0,0.0,0.0,1.0,0.051020408163265314,0.09090909090909091,0.09090909090909091,0.0,0.05555555555555555,3,4,0,1,0,0,0,1,0.0,0.0,0.0,139000.0
10655083,0,0.0,1.0,0.0,1.0,0.0,0.0,0.0,0.0,0.0,0.0,0.0,0.0,0.0,0.0,0.0,0.0,0.0,1.0,0.04795918367346939,0.0,0.09090909090909091,0.0,0.05555555555555555,3,4,0,1,0,0,0,1,0.0,0.0,0.0,139000.0
10655091,1,0.0,1.0,0.0,0.0,0.0,1.0,0.0,0.0,0.0,0.0,0.0,0.0,0.0,0.0,0.0,0.0,0.0,1.0,0.11938775510204083,0.1818181818181818,0.09090909090909091,0.0,0.05555555555555555,5,6,0,1,0,0,0,1,0.0,0.16,0.00038056600711062366,210000.0
10655089,1,0.0,1.0,0.0,1.0,0.0,0.0,0.0,0.0,0.0,0.0,0.0,0.0,0.0,0.0,0.0,0.0,0.0,1.0,0.12040816326530615,0.1818181818181818,0.18181818181818182,0.0,0.1111111111111111,5,2,0,0,0,0,1,1,0.446,0.41000000000000003,0.0004686005533338041,347000.0
10655092,1,0.0,1.0,0.0,0.0,0.0,0.0,1.0,0.0,0.0,0.0,0.0,0.0,0.0,0.0,0.0,0.0,0.0,1.0,0.19897959183673472,0.2727272727272727,0.18181818181818182,0.0,0.0,1,0,0,0,0,0,1,0,0.0,0.0,0.0004786878450885435,598000.0
10655093,1,0.0,0.0,1.0,0.0,0.0,0.0,0.0,0.0,0.0,1.0,0.0,0.0,0.0,0.0,0.0,0.0,1.0,0.0,0.11224489795918369,0.1818181818181818,0.09090909090909091,0.0,0.05555555555555555,3,5,0,1,0,0,1,1,0.227,0.2,0.00030720388525797335,269000.0
10655094,1,0.0,0.0,1.0,0.0,0.0,0.0,0.0,0.0,0.0,1.0,0.0,0.0,0.0,0.0,0.0,0.0,1.0,0.0,0.1836734693877551,0.2727272727272727,0.0,0.2857142857142857,0.16666666666666666,5,7,0,1,0,0,1,1,0.045,0.15,0.00014213911108951004,199000.0
10655097,1,0.0,0.0,1.0,0.0,0.0,0.0,0.0,0.0,0.0,1.0,0.0,0.0,0.0,0.0,0.0,0.0,0.0,1.0,0.19081632653061226,0.1818181818181818,0.09090909090909091,0.0,0.0,3,4,0,1,0,0,1,1,0.0,0.75,0.0016717393517172699,399000.0
10655100,1,0.0,1.0,0.0,0.0,0.0,0.0,0.0,0.0,0.0,0.0,0.0,0.0,0.0,1.0,0.0,0.0,0.0,1.0,0.47653061224489796,0.6363636363636364,0.6363636363636364,0.0,0.38888888888888884,1,3,0,0,0,0,0,0,0.0,0.0,0.000184322331154784,640000.0
10655098,1,0.0,1.0,0.0,0.0,0.0,0.0,0.0,0.0,0.0,0.0,0.0,0.0,0.0,1.0,0.0,0.0,1.0,0.0,0.10714285714285715,0.09090909090909091,0.09090909090909091,0.0,0.1111111111111111,0,6,0,0,0,0,0,0,0.0,0.0,0.00012013047453371494,175000.0
10655095,1,0.0,0.0,1.0,0.0,0.0,0.0,0.0,0.0,0.0,1.0,0.0,0.0,0.0,0.0,0.0,0.0,1.0,0.0,0.1836734693877551,0.2727272727272727,0.0,0.2857142857142857,0.16666666666666666,5,7,0,1,0,0,1,1,0.045,0.15,0.00014213911108951004,199000.0
10655102,1,0.0,1.0,0.0,1.0,0.0,0.0,0.0,0.0,0.0,0.0,0.0,0.0,0.0,0.0,0.0,0.0,0.0,1.0,0.17346938775510207,0.2727272727272727,0.09090909090909091,0.0,0.1111111111111111,3,2,0,0,0,0,1,1,0.0,0.2,0.00035305521141587977,499000.0
10655103,0,1.0,0.0,0.0,0.0,1.0,0.0,0.0,0.0,0.0,0.0,0.0,0.0,0.0,0.0,0.0,1.0,0.0,0.0,0.08061224489795918,0.09090909090909091,0.09090909090909091,0.0,0.05555555555555555,1,5,1,1,0,0,0,1,0.0,0.1,0.0,279000.0
10655114,1,0.0,1.0,0.0,0.0,0.0,0.0,1.0,0.0,0.0,0.0,0.0,0.0,0.0,0.0,0.0,0.0,0.0,1.0,0.22448979591836737,0.2727272727272727,0.09090909090909091,0.0,0.1111111111111111,3,5,0,1,0,0,1,0,0.0,0.0,0.0014287273230803655,479000.0
10655119,1,0.0,1.0,0.0,0.0,0.0,1.0,0.0,0.0,0.0,0.0,0.0,0.0,0.0,0.0,0.0,1.0,0.0,0.0,0.09897959183673471,0.1818181818181818,0.09090909090909091,0.0,0.05555555555555555,0,4,0,0,0,0,1,0,0.0,0.0,0.00018340530463162587,339000.0
10655112,1,0.0,1.0,0.0,1.0,0.0,0.0,0.0,0.0,0.0,0.0,0.0,0.0,0.0,0.0,0.0,0.0,0.0,1.0,0.12244897959183676,0.2727272727272727,0.09090909090909091,0.0,0.1111111111111111,3,4,0,0,0,0,1,1,0.07,0.21,0.00019165854334004902,360000.0
10655120,0,0.0,1.0,0.0,0.0,0.0,1.0,0.0,0.0,0.0,0.0,0.0,0.0,0.0,0.0,1.0,0.0,0.0,0.0,0.010204081632653062,0.0,0.09090909090909091,0.0,0.05555555555555555,0,2,0,0,0,0,0,0,0.0,0.0,0.0,229000.0
10655122,1,0.0,1.0,0.0,0.0,0.0,1.0,0.0,0.0,0.0,0.0,0.0,0.0,0.0,0.0,0.0,0.0,1.0,0.0,0.09387755102040818,0.09090909090909091,0.09090909090909091,0.0,0.05555555555555555,5,6,0,1,0,0,1,0,0.0,0.0,0.0,180550.0
10655130,1,0.0,0.0,1.0,0.0,0.0,0.0,0.0,0.0,0.0,1.0,0.0,0.0,0.0,0.0,0.0,1.0,0.0,0.0,0.4948979591836735,0.5454545454545454,0.0,0.2857142857142857,0.3333333333333333,0,5,0,1,0,0,0,0,0.0,0.0,0.0,545000.0
10655131,1,0.0,0.0,1.0,0.0,0.0,0.0,0.0,0.0,0.0,1.0,0.0,0.0,0.0,0.0,0.0,1.0,0.0,0.0,0.4948979591836735,0.5454545454545454,0.0,0.2857142857142857,0.3333333333333333,0,5,0,1,0,0,0,0,0.0,0.0,0.0,545000.0
10655121,1,0.0,1.0,0.0,0.0,0.0,1.0,0.0,0.0,0.0,0.0,0.0,0.0,0.0,0.0,0.0,0.0,1.0,0.0,0.1285714285714286,0.1818181818181818,0.09090909090909091,0.0,0.05555555555555555,0,3,0,0,0,0,0,0,0.0,0.0,0.00013571992542740313,259000.0
10655133,0,0.0,1.0,0.0,0.0,0.0,1.0,0.0,0.0,0.0,0.0,0.0,0.0,0.0,0.0,0.0,1.0,0.0,0.0,0.07040816326530613,0.09090909090909091,0.09090909090909091,0.0,0.0,0,2,0,1,0,0,0,1,0.0,0.01,0.0,235000.0
10655137,0,1.0,0.0,0.0,0.0,1.0,0.0,0.0,0.0,0.0,0.0,0.0,0.0,0.0,0.0,1.0,0.0,0.0,0.0,0.0816326530612245,0.09090909090909091,0.0,0.14285714285714285,0.1111111111111111,1,2,1,0,0,0,0,0,0.0,0.0,0.0,660000.0
10655135,0,0.0,0.0,1.0,0.0,0.0,0.0,0.0,0.0,0.0,0.0,1.0,0.0,0.0,0.0,0.0,0.0,0.0,1.0,0.07346938775510206,0.09090909090909091,0.09090909090909091,0.0,0.0,0,1,0,0,0,0,0,1,0.0,0.06,0.0,225000.0
10655139,1,0.0,1.0,0.0,0.0,0.0,0.0,1.0,0.0,0.0,0.0,0.0,0.0,0.0,0.0,1.0,0.0,0.0,0.0,0.13775510204081634,0.2727272727272727,0.09090909090909091,0.0,0.05555555555555555,5,6,0,1,0,0,0,1,0.0,0.2,0.0006730974679980669,398500.0
10655138,1,0.0,0.0,1.0,0.0,0.0,0.0,0.0,1.0,0.0,0.0,0.0,0.0,0.0,0.0,0.0,0.0,0.0,1.0,0.23469387755102042,0.36363636363636365,0.18181818181818182,0.0,0.0,5,6,0,1,1,0,1,1,0.0,0.0,0.00938760051756977,650000.0
10655134,1,0.0,1.0,0.0,0.0,0.0,1.0,0.0,0.0,0.0,0.0,0.0,0.0,0.0,0.0,0.0,0.0,0.0,1.0,0.28775510204081634,0.2727272727272727,0.09090909090909091,0.0,0.0,0,5,0,1,0,0,1,1,0.0,0.0,0.001163706657887666,550000.0
10655158,1,0.0,1.0,0.0,0.0,0.0,0.0,0.0,0.0,0.0,0.0,0.0,0.0,0.0,1.0,0.0,0.0,0.0,1.0,0.2857142857142857,0.1818181818181818,0.09090909090909091,0.0,0.0,3,2,0,0,0,0,0,1,0.0,0.0,0.0009518735310381383,475000.0
10655143,0,0.0,0.0,1.0,0.0,0.0,0.0,0.0,0.0,0.0,0.0,1.0,0.0,0.0,0.0,0.0,0.0,0.0,1.0,0.07244897959183674,0.09090909090909091,0.09090909090909091,0.0,0.0,0,1,0,0,0,0,0,1,0.0,0.06,0.0,225000.0
10655145,0,1.0,0.0,0.0,0.0,1.0,0.0,0.0,0.0,0.0,0.0,0.0,0.0,0.0,0.0,0.0,1.0,0.0,0.0,0.09183673469387757,0.09090909090909091,0.0,0.07142857142857142,0.05555555555555555,2,3,1,1,0,0,0,1,0.0,0.08,0.0,265000.0
10655159,1,0.0,0.0,1.0,0.0,0.0,0.0,0.0,1.0,0.0,0.0,0.0,0.0,0.0,0.0,0.0,0.0,0.0,1.0,0.051020408163265314,0.0,0.0,0.07142857142857142,0.05555555555555555,3,7,0,0,0,0,0,0,0.0,0.0,0.00010087291754739423,120000.0
10655164,0,1.0,0.0,0.0,0.0,1.0,0.0,0.0,0.0,0.0,0.0,0.0,0.0,0.0,0.0,0.0,1.0,0.0,0.0,0.07346938775510206,0.1818181818181818,0.09090909090909091,0.0,0.05555555555555555,0,5,1,1,0,0,0,1,0.0,0.1,0.0,220000.0
10655167,1,0.0,0.0,1.0,0.0,0.0,0.0,0.0,1.0,0.0,0.0,0.0,0.0,0.0,0.0,0.0,0.0,0.0,1.0,0.17346938775510207,0.2727272727272727,0.09090909090909091,0.07142857142857142,0.0,0,1,0,0,0,0,1,0,0.0,0.0,0.0007418744572349267,696938.0
10655162,1,0.0,1.0,0.0,1.0,0.0,0.0,0.0,0.0,0.0,0.0,0.0,0.0,0.0,0.0,0.0,0.0,1.0,0.0,0.1836734693877551,0.1818181818181818,0.09090909090909091,0.0,0.0,0,0,0,0,0,0,0,0,0.0,0.0,0.0005382945690938219,596000.0
10655161,1,0.0,1.0,0.0,0.0,0.0,1.0,0.0,0.0,0.0,0.0,0.0,0.0,0.0,0.0,0.0,1.0,0.0,0.0,0.1959183673469388,0.1818181818181818,0.18181818181818182,0.0,0.05555555555555555,1,2,0,0,0,0,1,1,0.06,0.48,0.000233841763405323,525000.0
10655174,1,0.0,0.0,1.0,0.0,0.0,0.0,0.0,1.0,0.0,0.0,0.0,0.0,0.0,0.0,0.0,0.0,0.0,1.0,0.0816326530612245,0.09090909090909091,0.09090909090909091,0.0,0.05555555555555555,4,6,0,1,0,0,0,1,0.0,0.15,0.0001467242437053007,136500.0
10655178,1,0.0,1.0,0.0,0.0,0.0,0.0,0.0,0.0,0.0,0.0,0.0,0.0,0.0,1.0,0.0,0.0,0.0,1.0,0.2938775510204082,0.1818181818181818,0.09090909090909091,0.0,0.0,6,6,0,0,0,0,0,0,0.0,0.0,0.022036147351489847,869000.0
10655179,0,0.0,1.0,0.0,0.0,0.0,0.0,0.0,0.0,1.0,0.0,0.0,0.0,0.0,0.0,0.0,0.0,0.0,1.0,0.09693877551020408,0.09090909090909091,0.09090909090909091,0.0,0.0,3,3,1,0,0,0,0,1,0.0,0.0,0.0,289000.0
10655173,1,0.0,0.0,1.0,0.0,0.0,0.0,0.0,0.0,0.0,0.0,1.0,0.0,0.0,0.0,0.0,0.0,0.0,1.0,0.10408163265306122,0.1818181818181818,0.18181818181818182,0.0,0.0,0,1,0,0,0,0,0,1,0.0,0.09,0.0005740586034969889,335000.0
10655181,1,0.0,0.0,1.0,0.0,0.0,0.0,0.0,0.0,0.0,0.0,1.0,0.0,0.0,0.0,0.0,0.0,0.0,1.0,0.10408163265306122,0.1818181818181818,0.18181818181818182,0.0,0.0,0,1,0,0,0,0,0,1,0.0,0.09,0.0005740586034969889,295000.0
10655182,1,0.0,0.0,1.0,0.0,0.0,0.0,0.0,1.0,0.0,0.0,0.0,0.0,0.0,0.0,0.0,0.0,0.0,1.0,0.20612244897959187,0.2727272727272727,0.09090909090909091,0.07142857142857142,0.0,0,1,0,0,0,0,1,0,0.0,0.0,0.0007418744572349267,769258.0
10655183,0,0.0,0.0,1.0,0.0,0.0,0.0,0.0,0.0,0.0,0.0,0.0,0.0,1.0,0.0,0.0,0.0,1.0,0.0,0.04591836734693878,0.0,0.09090909090909091,0.0,0.05555555555555555,3,3,1,0,0,0,0,1,0.0,0.08,0.0,220000.0
10655185,1,0.0,0.0,1.0,0.0,0.0,0.0,0.0,0.0,0.0,0.0,0.0,0.0,1.0,0.0,0.0,0.0,0.0,1.0,0.3877551020408163,0.4545454545454545,0.2727272727272727,0.0,0.0,3,4,0,1,1,0,0,1,0.0,0.0,0.004702512010754887,1950000.0
10655190,1,0.0,0.0,1.0,0.0,0.0,0.0,0.0,1.0,0.0,0.0,0.0,0.0,0.0,0.0,0.0,0.0,0.0,1.0,0.11224489795918369,0.09090909090909091,0.09090909090909091,0.07142857142857142,0.1111111111111111,0,6,0,0,0,0,0,1,0.0,0.1,6.785996271370157e-05,245000.0
10655186,0,0.0,1.0,0.0,1.0,0.0,0.0,0.0,0.0,0.0,0.0,0.0,0.0,0.0,0.0,0.0,0.0,0.0,1.0,0.13979591836734695,0.1818181818181818,0.09090909090909091,0.0,0.0,3,0,1,0,0,0,0,1,0.0,0.2,0.0,399000.0
10655195,0,0.0,1.0,0.0,0.0,0.0,0.0,0.0,0.0,0.0,0.0,0.0,0.0,0.0,1.0,0.0,0.0,1.0,0.0,0.06326530612244899,0.09090909090909091,0.09090909090909091,0.0,0.0,3,2,1,0,0,0,0,1,0.0,0.0,0.0,360000.0
10655196,1,1.0,0.0,0.0,0.0,1.0,0.0,0.0,0.0,0.0,0.0,0.0,0.0,0.0,0.0,0.0,0.0,0.0,1.0,0.1326530612244898,0.1818181818181818,0.09090909090909091,0.0,0.05555555555555555,0,7,0,0,0,0,0,1,0.0,0.25,0.0002099990738032116,535000.0
10655198,1,1.0,0.0,0.0,0.0,1.0,0.0,0.0,0.0,0.0,0.0,0.0,0.0,0.0,0.0,0.0,1.0,0.0,0.0,0.20408163265306126,0.2727272727272727,0.2727272727272727,0.0,0.16666666666666666,0,0,0,0,0,0,0,0,0.0,0.0,0.00019257556986320717,799000.0
10655199,1,0.0,1.0,0.0,0.0,0.0,0.0,1.0,0.0,0.0,0.0,0.0,0.0,0.0,0.0,0.0,0.0,0.0,1.0,0.33571428571428574,0.36363636363636365,0.18181818181818182,0.0,0.1111111111111111,3,2,0,0,1,0,0,1,0.0,0.0,0.0033498978890966467,990000.0
10655200,1,0.0,1.0,0.0,0.0,0.0,0.0,1.0,0.0,0.0,0.0,0.0,0.0,0.0,0.0,0.0,0.0,1.0,0.0,0.33571428571428574,0.36363636363636365,0.18181818181818182,0.0,0.1111111111111111,3,2,0,0,1,0,0,1,0.0,0.0,0.0033498978890966467,990000.0
10655203,1,0.0,0.0,1.0,0.0,0.0,0.0,0.0,1.0,0.0,0.0,0.0,0.0,0.0,0.0,1.0,0.0,0.0,0.0,0.04081632653061225,0.09090909090909091,0.0,0.0,0.0,0,0,0,0,0,0,0,0,0.0,0.0,0.0,79000.0
10655210,1,0.0,0.0,1.0,0.0,0.0,0.0,0.0,0.0,0.0,0.0,1.0,0.0,0.0,0.0,0.0,0.0,0.0,1.0,0.05510204081632653,0.09090909090909091,0.09090909090909091,0.0,0.0,5,0,0,0,0,0,0,0,0.0,0.0,0.0,75000.0
10655211,1,0.0,0.0,1.0,0.0,0.0,0.0,0.0,0.0,0.0,0.0,1.0,0.0,0.0,0.0,0.0,0.0,0.0,1.0,0.02959183673469388,0.0,0.09090909090909091,0.0,0.0,5,0,0,0,0,0,0,0,0.0,0.0,0.0,63000.0
10655207,1,0.0,0.0,1.0,0.0,0.0,0.0,0.0,0.0,0.0,0.0,1.0,0.0,0.0,0.0,0.0,0.0,0.0,1.0,0.05510204081632653,0.09090909090909091,0.09090909090909091,0.0,0.0,5,0,0,0,0,0,0,0,0.0,0.0,0.0,87000.0
10655213,0,0.0,1.0,0.0,1.0,0.0,0.0,0.0,0.0,0.0,0.0,0.0,0.0,0.0,0.0,0.0,1.0,0.0,0.0,0.05204081632653062,0.0,0.09090909090909091,0.0,0.05555555555555555,3,2,1,0,0,0,0,1,0.0,0.05,0.0,210000.0
10655209,1,0.0,0.0,1.0,0.0,0.0,0.0,0.0,0.0,0.0,0.0,1.0,0.0,0.0,0.0,0.0,0.0,0.0,1.0,0.02959183673469388,0.0,0.09090909090909091,0.0,0.0,5,0,0,0,0,0,0,0,0.0,0.0,0.0,40000.0
10655215,0,0.0,1.0,0.0,1.0,0.0,0.0,0.0,0.0,0.0,0.0,0.0,0.0,0.0,0.0,0.0,0.0,0.0,1.0,0.08265306122448982,0.09090909090909091,0.09090909090909091,0.0,0.05555555555555555,3,2,0,0,0,0,0,1,0.0,0.05,0.0,285000.0
10655216,1,0.0,1.0,0.0,0.0,0.0,0.0,1.0,0.0,0.0,0.0,0.0,0.0,0.0,0.0,0.0,1.0,0.0,0.0,0.09489795918367347,0.09090909090909091,0.09090909090909091,0.0,0.05555555555555555,4,6,0,0,0,0,0,0,0.0,0.0,0.00013296884585792875,345000.0
10655218,0,0.0,1.0,0.0,1.0,0.0,0.0,0.0,0.0,0.0,0.0,0.0,0.0,0.0,0.0,0.0,0.0,0.0,1.0,0.07142857142857142,0.09090909090909091,0.09090909090909091,0.0,0.05555555555555555,3,1,0,0,0,0,0,1,0.0,0.0,0.0,249000.0
10655219,0,0.0,1.0,0.0,0.0,0.0,0.0,0.0,0.0,0.0,0.0,0.0,0.0,0.0,1.0,0.0,0.0,0.0,1.0,0.11020408163265308,0.1818181818181818,0.09090909090909091,0.0,0.05555555555555555,3,2,1,0,0,0,0,1,0.0,0.1,0.0,355000.0
10655220,0,0.0,1.0,0.0,0.0,0.0,0.0,0.0,0.0,0.0,0.0,0.0,0.0,0.0,1.0,0.0,0.0,0.0,1.0,0.04489795918367347,0.09090909090909091,0.09090909090909091,0.0,0.05555555555555555,3,2,1,0,0,0,0,1,0.0,0.04,0.0,265000.0
10655225,1,0.0,1.0,0.0,0.0,0.0,0.0,0.0,0.0,0.0,0.0,0.0,0.0,0.0,1.0,0.0,0.0,0.0,1.0,0.4122448979591837,0.09090909090909091,0.09090909090909091,0.0,0.0,3,6,0,0,0,0,0,0,0.0,0.0,0.0021595974620373945,650000.0
10524156,0,0.0,1.0,0.0,1.0,0.0,0.0,0.0,0.0,0.0,0.0,0.0,0.0,0.0,0.0,0.0,0.0,1.0,0.0,0.113265306122449,0.09090909090909091,0.09090909090909091,0.0,0.1111111111111111,2,0,0,0,0,0,1,1,0.04,0.17,0.0,350000.0
10655223,1,0.0,1.0,0.0,0.0,0.0,0.0,0.0,0.0,0.0,0.0,0.0,0.0,0.0,1.0,0.0,0.0,0.0,1.0,0.23469387755102042,0.1818181818181818,0.18181818181818182,0.0,0.1111111111111111,1,3,0,0,0,0,0,1,0.0,0.0,0.00161763478685094,695000.0
10524166,0,0.0,1.0,0.0,0.0,0.0,0.0,1.0,0.0,0.0,0.0,0.0,0.0,0.0,0.0,0.0,0.0,1.0,0.0,0.07653061224489796,0.1818181818181818,0.0,0.07142857142857142,0.05555555555555555,0,0,0,0,0,0,0,1,0.0,0.03,0.0,239000.0
10655251,1,0.0,0.0,1.0,0.0,0.0,0.0,0.0,0.0,0.0,0.0,0.0,0.0,1.0,0.0,0.0,0.0,1.0,0.0,0.22448979591836737,0.36363636363636365,0.18181818181818182,0.14285714285714285,0.1111111111111111,4,5,0,0,0,0,1,1,0.6,0.15,0.0007611320142212473,415000.0
10655230,1,0.0,0.0,1.0,0.0,0.0,0.0,0.0,0.0,0.0,0.0,0.0,0.0,1.0,0.0,0.0,0.0,0.0,1.0,0.1295918367346939,0.2727272727272727,0.2727272727272727,0.0,0.0,0,0,0,0,0,0,1,1,0.233,0.0,0.004401727311159021,440000.0
10655224,0,0.0,1.0,0.0,1.0,0.0,0.0,0.0,0.0,0.0,0.0,0.0,0.0,0.0,0.0,0.0,0.0,0.0,1.0,0.3112244897959184,0.2727272727272727,0.18181818181818182,0.0,0.0,3,2,0,0,0,0,0,1,0.0,1.0,0.0,1395000.0
10655252,1,0.0,0.0,1.0,0.0,0.0,0.0,0.0,0.0,0.0,0.0,0.0,1.0,0.0,0.0,1.0,0.0,0.0,0.0,0.09693877551020408,0.1818181818181818,0.09090909090909091,0.0,0.05555555555555555,5,7,0,1,0,0,1,0,0.08,0.0,0.0001375539784737194,180000.0
10655273,0,1.0,0.0,0.0,0.0,1.0,0.0,0.0,0.0,0.0,0.0,0.0,0.0,0.0,0.0,0.0,0.0,0.0,1.0,0.04183673469387755,0.0,0.09090909090909091,0.0,0.05555555555555555,5,7,0,0,0,0,0,1,0.0,0.04,0.0,169000.0
10655257,1,0.0,1.0,0.0,0.0,0.0,0.0,1.0,0.0,0.0,0.0,0.0,0.0,0.0,0.0,0.0,0.0,0.0,1.0,0.25510204081632654,0.1818181818181818,0.09090909090909091,0.0,0.1111111111111111,1,0,0,0,0,0,0,0,0.0,0.0,0.0010940126421276483,654100.0
10655269,1,0.0,1.0,0.0,1.0,0.0,0.0,0.0,0.0,0.0,0.0,0.0,0.0,0.0,0.0,0.0,0.0,0.0,1.0,0.13979591836734695,0.1818181818181818,0.09090909090909091,0.0,0.0,3,0,1,0,0,0,0,1,0.0,0.2,0.002756581728613337,399000.0
10655272,1,0.0,0.0,1.0,0.0,0.0,0.0,0.0,0.0,0.0,1.0,0.0,0.0,0.0,0.0,0.0,0.0,0.0,1.0,0.19897959183673472,0.36363636363636365,0.09090909090909091,0.07142857142857142,0.1111111111111111,3,5,0,0,1,0,1,1,1.0,0.9,0.001367286546028771,469000.0
10655290,1,0.0,1.0,0.0,0.0,0.0,0.0,0.0,0.0,0.0,0.0,0.0,0.0,0.0,1.0,0.0,0.0,0.0,1.0,0.2091836734693878,0.2727272727272727,0.18181818181818182,0.0,0.0,3,5,0,0,0,0,0,1,0.0,0.0,0.0005373775425706638,260000.0
10655288,1,0.0,1.0,0.0,0.0,0.0,0.0,0.0,0.0,0.0,0.0,0.0,0.0,0.0,1.0,0.0,0.0,1.0,0.0,0.16836734693877553,0.2727272727272727,0.18181818181818182,0.0,0.0,3,3,0,0,0,0,0,1,0.0,0.0,7.794725446844099e-05,249000.0
10655292,1,0.0,1.0,0.0,0.0,0.0,0.0,0.0,0.0,0.0,0.0,0.0,0.0,0.0,1.0,0.0,0.0,1.0,0.0,0.23469387755102042,0.2727272727272727,0.09090909090909091,0.0,0.0,3,5,0,0,0,0,0,1,0.0,0.0,0.0007785555181612518,500000.0
10655293,0,1.0,0.0,0.0,0.0,1.0,0.0,0.0,0.0,0.0,0.0,0.0,0.0,0.0,0.0,0.0,1.0,0.0,0.0,0.07142857142857142,0.1818181818181818,0.09090909090909091,0.0,0.05555555555555555,1,4,0,0,0,0,0,0,0.0,0.0,0.0,239000.0
10655295,1,0.0,1.0,0.0,0.0,0.0,0.0,0.0,0.0,0.0,0.0,0.0,0.0,0.0,1.0,0.0,0.0,0.0,1.0,0.09183673469387757,0.09090909090909091,0.09090909090909091,0.0,0.0,4,3,0,0,0,0,0,1,0.0,0.0,0.0013232692729171806,210000.0
10655296,1,0.0,1.0,0.0,0.0,0.0,0.0,0.0,0.0,0.0,0.0,0.0,0.0,0.0,1.0,0.0,0.0,0.0,1.0,0.1785714285714286,0.1818181818181818,0.09090909090909091,0.0,0.0,3,5,0,0,0,0,0,1,0.0,0.0,0.0005098667468759199,375000.0
10655300,0,0.0,1.0,0.0,0.0,0.0,0.0,0.0,0.0,0.0,0.0,0.0,0.0,0.0,1.0,0.0,0.0,1.0,0.0,0.030612244897959183,0.0,0.09090909090909091,0.0,0.0,3,3,0,0,0,0,0,0,0.0,0.0,0.0,149000.0
10655298,1,0.0,1.0,0.0,0.0,0.0,0.0,0.0,0.0,0.0,0.0,0.0,0.0,0.0,1.0,0.0,0.0,0.0,1.0,0.1326530612244898,0.1818181818181818,0.09090909090909091,0.0,0.0,4,6,0,0,0,0,0,1,0.0,0.0,0.0002347587899284811,230000.0
10655299,1,0.0,1.0,0.0,1.0,0.0,0.0,0.0,0.0,0.0,0.0,0.0,0.0,0.0,0.0,0.0,0.0,1.0,0.0,0.363265306122449,0.2727272727272727,0.09090909090909091,0.0,0.1111111111111111,0,3,0,1,0,0,0,0,0.0,0.0,0.0017735292957878222,949000.0
10655301,1,0.0,1.0,0.0,0.0,0.0,0.0,0.0,0.0,0.0,0.0,0.0,0.0,0.0,1.0,0.0,0.0,0.0,1.0,0.1479591836734694,0.1818181818181818,0.09090909090909091,0.0,0.16666666666666666,5,4,0,1,0,0,0,0,0.0,0.0,0.0,239000.0
10655309,0,0.0,1.0,0.0,0.0,0.0,1.0,0.0,0.0,0.0,0.0,0.0,0.0,0.0,0.0,1.0,0.0,0.0,0.0,0.2142857142857143,0.2727272727272727,0.09090909090909091,0.0,0.1111111111111111,3,3,1,0,0,0,0,1,0.0,0.1,0.0,595000.0
10655303,1,0.0,0.0,1.0,0.0,0.0,0.0,0.0,0.0,0.0,0.0,0.0,0.0,1.0,0.0,0.0,0.0,0.0,1.0,0.1142857142857143,0.1818181818181818,0.0,0.07142857142857142,0.05555555555555555,0,6,0,1,0,0,1,0,0.0,0.0,0.0004814389246580179,375000.0
10655324,1,0.0,1.0,0.0,1.0,0.0,0.0,0.0,0.0,0.0,0.0,0.0,0.0,0.0,0.0,0.0,0.0,0.0,1.0,0.10612244897959186,0.1818181818181818,0.09090909090909091,0.0,0.1111111111111111,5,5,0,0,0,0,1,0,0.198,0.0,0.0003200422565821871,365000.0
10655308,0,1.0,0.0,0.0,0.0,1.0,0.0,0.0,0.0,0.0,0.0,0.0,0.0,0.0,0.0,0.0,0.0,0.0,1.0,0.07448979591836735,0.09090909090909091,0.09090909090909091,0.0,0.05555555555555555,3,3,0,0,0,0,0,0,0.0,0.0,0.0,375000.0
10655312,1,0.0,0.0,1.0,0.0,0.0,0.0,0.0,0.0,0.0,1.0,0.0,0.0,0.0,0.0,0.0,1.0,0.0,0.0,0.4897959183673469,0.5454545454545454,0.0,0.21428571428571427,0.2777777777777778,6,5,0,1,0,0,0,1,0.0,0.16,0.00011462831539476617,545000.0
10655327,0,1.0,0.0,0.0,0.0,1.0,0.0,0.0,0.0,0.0,0.0,0.0,0.0,0.0,0.0,0.0,1.0,0.0,0.0,0.04081632653061225,0.09090909090909091,0.0,0.07142857142857142,0.05555555555555555,0,5,0,1,0,0,0,1,0.0,0.03,0.0,179000.0
10655326,0,1.0,0.0,0.0,0.0,1.0,0.0,0.0,0.0,0.0,0.0,0.0,0.0,0.0,0.0,0.0,1.0,0.0,0.0,0.0816326530612245,0.1818181818181818,0.0,0.07142857142857142,0.05555555555555555,4,7,0,1,0,0,0,1,0.0,0.05,0.0,179000.0
10655328,0,1.0,0.0,0.0,0.0,1.0,0.0,0.0,0.0,0.0,0.0,0.0,0.0,0.0,0.0,0.0,1.0,0.0,0.0,0.051020408163265314,0.0,0.0,0.07142857142857142,0.05555555555555555,4,7,0,1,0,0,0,1,0.0,0.05,0.0,179000.0
10655329,0,1.0,0.0,0.0,0.0,1.0,0.0,0.0,0.0,0.0,0.0,0.0,0.0,0.0,0.0,0.0,1.0,0.0,0.0,0.04081632653061225,0.09090909090909091,0.0,0.07142857142857142,0.05555555555555555,0,7,0,1,0,0,0,1,0.0,0.03,0.0,169000.0
10655330,1,1.0,0.0,0.0,0.0,1.0,0.0,0.0,0.0,0.0,0.0,0.0,0.0,0.0,0.0,0.0,1.0,0.0,0.0,0.23469387755102042,0.36363636363636365,0.0,0.21428571428571427,0.16666666666666666,0,7,0,1,0,0,0,1,0.0,0.05,0.0,525000.0
10655333,1,0.0,1.0,0.0,0.0,0.0,0.0,1.0,0.0,0.0,0.0,0.0,0.0,0.0,0.0,0.0,0.0,0.0,1.0,0.1326530612244898,0.1818181818181818,0.0,0.0,0.0,0,0,0,0,0,0,1,1,0.0,0.0,0.00038698519277273057,449722.0
10655343,1,0.0,1.0,0.0,1.0,0.0,0.0,0.0,0.0,0.0,0.0,0.0,0.0,0.0,0.0,0.0,0.0,1.0,0.0,0.10102040816326532,0.1818181818181818,0.09090909090909091,0.0,0.1111111111111111,1,3,0,0,0,0,0,1,0.0,0.2,6.144077705159467e-05,379000.0
10655344,0,0.0,1.0,0.0,1.0,0.0,0.0,0.0,0.0,0.0,0.0,0.0,0.0,0.0,0.0,0.0,0.0,0.0,1.0,0.057142857142857155,0.0,0.09090909090909091,0.0,0.0,3,2,0,0,0,0,0,1,0.0,0.0,0.0,174000.0
10655346,0,0.0,1.0,0.0,0.0,0.0,0.0,0.0,0.0,1.0,0.0,0.0,0.0,0.0,0.0,0.0,0.0,0.0,1.0,0.11836734693877551,0.1818181818181818,0.09090909090909091,0.0,0.0,3,3,0,0,0,0,0,1,0.0,0.0,0.0,289000.0
10655347,0,0.0,0.0,1.0,0.0,0.0,0.0,0.0,0.0,0.0,1.0,0.0,0.0,0.0,0.0,0.0,0.0,0.0,1.0,0.15714285714285717,0.1818181818181818,0.09090909090909091,0.0,0.1111111111111111,0,2,0,0,1,0,0,1,0.0,0.12,0.0,360000.0
10655351,1,0.0,1.0,0.0,0.0,0.0,0.0,0.0,0.0,0.0,0.0,0.0,0.0,0.0,1.0,0.0,0.0,1.0,0.0,0.1979591836734694,0.4545454545454545,0.0,0.0,0.0,3,3,0,0,0,0,0,1,0.0,0.0,0.00019440962290952343,287500.0
10655350,1,1.0,0.0,0.0,0.0,1.0,0.0,0.0,0.0,0.0,0.0,0.0,0.0,0.0,0.0,0.0,1.0,0.0,0.0,0.11224489795918369,0.2727272727272727,0.18181818181818182,0.07142857142857142,0.1111111111111111,5,0,0,0,0,0,0,0,0.0,0.0,3.668106092632517e-05,350000.0
10655352,1,0.0,0.0,1.0,0.0,0.0,0.0,0.0,0.0,0.0,0.0,0.0,0.0,1.0,0.0,0.0,0.0,0.0,1.0,0.17346938775510207,0.1818181818181818,0.09090909090909091,0.07142857142857142,0.16666666666666666,0,4,0,1,0,0,1,1,0.2,0.24,0.0004814389246580179,499000.0
10524285,0,0.0,0.0,1.0,0.0,0.0,0.0,0.0,0.0,0.0,1.0,0.0,0.0,0.0,0.0,0.0,1.0,0.0,0.0,0.08571428571428572,0.09090909090909091,0.18181818181818182,0.07142857142857142,0.05555555555555555,0,7,0,0,0,0,0,0,0.0,0.0,0.0,150000.0
10655359,1,0.0,0.0,1.0,0.0,0.0,0.0,0.0,0.0,0.0,0.0,0.0,1.0,0.0,0.0,0.0,0.0,0.0,1.0,0.09693877551020408,0.1818181818181818,0.09090909090909091,0.07142857142857142,0.1111111111111111,2,3,0,0,0,0,0,1,0.0,0.0,0.0007235339267717641,355000.0
10655356,1,0.0,0.0,1.0,0.0,0.0,0.0,0.0,1.0,0.0,0.0,0.0,0.0,0.0,0.0,0.0,0.0,1.0,0.0,0.1836734693877551,0.2727272727272727,0.09090909090909091,0.0,0.0,2,4,0,0,0,0,0,1,0.0,0.08,0.00010545805016318488,249900.0
10655361,0,0.0,1.0,0.0,0.0,0.0,0.0,0.0,0.0,0.0,0.0,0.0,0.0,0.0,1.0,0.0,0.0,0.0,1.0,0.020408163265306124,0.0,0.0,0.0,0.05555555555555555,1,5,0,0,0,0,0,1,0.0,0.0,0.0,109000.0
10655360,1,0.0,0.0,1.0,0.0,0.0,0.0,0.0,1.0,0.0,0.0,0.0,0.0,0.0,0.0,0.0,1.0,0.0,0.0,0.07142857142857142,0.09090909090909091,0.09090909090909091,0.0,0.05555555555555555,0,7,0,0,0,0,0,1,0.0,0.1,0.0,90000.0
10655365,0,1.0,0.0,0.0,0.0,1.0,0.0,0.0,0.0,0.0,0.0,0.0,0.0,0.0,0.0,0.0,0.0,0.0,1.0,0.05510204081632653,0.09090909090909091,0.09090909090909091,0.07142857142857142,0.05555555555555555,3,5,1,0,0,0,0,1,0.0,0.16,0.0,215000.0
10655368,0,0.0,1.0,0.0,1.0,0.0,0.0,0.0,0.0,0.0,0.0,0.0,0.0,0.0,0.0,0.0,0.0,1.0,0.0,0.08775510204081632,0.09090909090909091,0.09090909090909091,0.0,0.1111111111111111,3,0,1,1,0,0,0,1,0.0,0.0,0.0,239000.0
10655366,0,0.0,0.0,1.0,0.0,0.0,0.0,0.0,1.0,0.0,0.0,0.0,0.0,0.0,0.0,0.0,1.0,0.0,0.0,0.10204081632653061,0.1818181818181818,0.09090909090909091,0.0,0.05555555555555555,3,3,0,0,0,0,0,1,0.0,0.16,0.0,249000.0
10655371,1,0.0,1.0,0.0,0.0,0.0,0.0,1.0,0.0,0.0,0.0,0.0,0.0,0.0,0.0,0.0,0.0,0.0,1.0,0.27448979591836736,0.36363636363636365,0.18181818181818182,0.07142857142857142,0.1111111111111111,3,3,0,0,0,0,1,1,1.0,1.0,0.008379788368618985,699000.0
10655372,1,0.0,0.0,1.0,0.0,0.0,0.0,0.0,0.0,0.0,0.0,0.0,0.0,1.0,0.0,0.0,0.0,0.0,1.0,0.1438775510204082,0.36363636363636365,0.09090909090909091,0.0,0.05555555555555555,3,4,0,0,0,0,0,1,0.0,0.0,0.0005025305346906549,289000.0
10655374,0,1.0,0.0,0.0,0.0,1.0,0.0,0.0,0.0,0.0,0.0,0.0,0.0,0.0,0.0,1.0,0.0,0.0,0.0,0.5153061224489797,0.2727272727272727,0.36363636363636365,0.2857142857142857,0.2777777777777778,1,2,1,0,1,0,0,1,0.0,0.45,0.0,1850000.0
10655386,1,0.0,1.0,0.0,0.0,0.0,0.0,1.0,0.0,0.0,0.0,0.0,0.0,0.0,0.0,0.0,0.0,0.0,1.0,0.10204081632653061,0.1818181818181818,0.09090909090909091,0.0,0.0,0,5,0,0,0,0,1,1,0.739,0.0,0.0007959790221012563,385000.0
10655385,1,0.0,1.0,0.0,0.0,0.0,0.0,1.0,0.0,0.0,0.0,0.0,0.0,0.0,0.0,0.0,1.0,0.0,0.0,0.27755102040816326,0.36363636363636365,0.18181818181818182,0.0,0.16666666666666666,3,3,0,1,0,0,0,1,0.0,0.35000000000000003,0.0011444491009013455,870000.0
10655388,1,0.0,0.0,1.0,0.0,0.0,0.0,0.0,0.0,0.0,0.0,0.0,0.0,1.0,0.0,0.0,0.0,0.0,1.0,0.19387755102040818,0.36363636363636365,0.2727272727272727,0.0,0.16666666666666666,1,2,0,1,0,0,1,1,0.0,0.0,0.0001971607024789978,695000.0
10655395,1,0.0,1.0,0.0,1.0,0.0,0.0,0.0,0.0,0.0,0.0,0.0,0.0,0.0,0.0,0.0,0.0,1.0,0.0,0.1438775510204082,0.1818181818181818,0.18181818181818182,0.0,0.1111111111111111,0,0,0,1,0,0,1,1,0.136,0.27,0.0,411000.0
10655394,0,1.0,0.0,0.0,0.0,1.0,0.0,0.0,0.0,0.0,0.0,0.0,0.0,0.0,0.0,0.0,1.0,0.0,0.0,0.09183673469387757,0.1818181818181818,0.18181818181818182,0.0,0.1111111111111111,2,0,0,0,0,0,0,1,0.0,0.04,0.0,549000.0
10655391,1,1.0,0.0,0.0,0.0,1.0,0.0,0.0,0.0,0.0,0.0,0.0,0.0,0.0,0.0,0.0,0.0,0.0,1.0,0.09183673469387757,0.1818181818181818,0.09090909090909091,0.0,0.1111111111111111,3,7,0,0,0,0,0,1,0.0,0.2,0.0002155012329421604,550000.0
10655398,1,0.0,1.0,0.0,1.0,0.0,0.0,0.0,0.0,0.0,0.0,0.0,0.0,0.0,0.0,0.0,0.0,0.0,1.0,0.2142857142857143,0.1818181818181818,0.18181818181818182,0.0,0.1111111111111111,0,0,0,1,0,0,1,1,0.2,0.19,0.0004924432429359155,397000.0
10655399,1,0.0,1.0,0.0,1.0,0.0,0.0,0.0,0.0,0.0,0.0,0.0,0.0,0.0,0.0,0.0,0.0,0.0,1.0,0.15306122448979595,0.1818181818181818,0.09090909090909091,0.0,0.1111111111111111,0,0,0,1,0,0,1,1,0.384,0.18,0.0004310024658843208,380000.0
10655397,1,0.0,1.0,0.0,1.0,0.0,0.0,0.0,0.0,0.0,0.0,0.0,0.0,0.0,0.0,0.0,0.0,0.0,1.0,0.213265306122449,0.1818181818181818,0.09090909090909091,0.0,0.1111111111111111,0,0,0,1,0,0,1,1,0.32,0.19,0.0006079885848538398,397000.0
10655405,0,1.0,0.0,0.0,0.0,1.0,0.0,0.0,0.0,0.0,0.0,0.0,0.0,0.0,0.0,0.0,1.0,0.0,0.0,0.08673469387755103,0.1818181818181818,0.09090909090909091,0.0,0.05555555555555555,1,5,1,0,0,0,0,1,0.0,0.52,0.0,495000.0
10655409,1,0.0,0.0,1.0,0.0,0.0,0.0,0.0,0.0,0.0,0.0,0.0,1.0,0.0,0.0,1.0,0.0,0.0,0.0,0.43367346938775514,0.2727272727272727,0.2727272727272727,0.07142857142857142,0.1111111111111111,1,2,0,1,0,0,0,0,0.0,0.0,0.019261225092413348,1250000.0
10655406,0,0.0,1.0,0.0,1.0,0.0,0.0,0.0,0.0,0.0,0.0,0.0,0.0,0.0,0.0,0.0,1.0,0.0,0.0,0.07653061224489796,0.09090909090909091,0.09090909090909091,0.0,0.0,0,0,1,0,0,0,0,1,0.0,0.0,0.0,295000.0
10655410,1,0.0,0.0,1.0,0.0,0.0,0.0,0.0,1.0,0.0,0.0,0.0,0.0,0.0,0.0,0.0,0.0,0.0,1.0,0.16122448979591839,0.1818181818181818,0.18181818181818182,0.0,0.0,4,3,0,0,0,0,0,0,0.0,0.0,0.0023842689602111364,475000.0
10655411,1,0.0,0.0,1.0,0.0,0.0,0.0,0.0,1.0,0.0,0.0,0.0,0.0,0.0,0.0,0.0,1.0,0.0,0.0,0.10102040816326532,0.09090909090909091,0.0,0.07142857142857142,0.05555555555555555,1,5,0,0,0,0,0,0,0.0,0.0,0.00015772856198319825,220000.0
10655412,1,0.0,1.0,0.0,0.0,0.0,0.0,1.0,0.0,0.0,0.0,0.0,0.0,0.0,0.0,0.0,0.0,0.0,1.0,0.3112244897959184,0.2727272727272727,0.09090909090909091,0.0,0.1111111111111111,1,0,0,0,0,0,1,1,0.25,0.9500000000000001,0.0007382063511422941,598000.0
10655419,0,0.0,1.0,0.0,1.0,0.0,0.0,0.0,0.0,0.0,0.0,0.0,0.0,0.0,0.0,0.0,0.0,0.0,1.0,0.03571428571428572,0.0,0.09090909090909091,0.0,0.05555555555555555,0,2,1,0,0,0,0,0,0.0,0.0,0.0,165000.0
10655420,1,0.0,1.0,0.0,0.0,0.0,1.0,0.0,0.0,0.0,0.0,0.0,0.0,0.0,0.0,0.0,0.0,0.0,1.0,0.09183673469387757,0.1818181818181818,0.09090909090909091,0.0,0.1111111111111111,2,3,0,0,0,0,1,1,0.055,0.18,0.00011371128887160804,285000.0
10524344,1,0.0,0.0,1.0,0.0,0.0,0.0,0.0,1.0,0.0,0.0,0.0,0.0,0.0,0.0,0.0,0.0,1.0,0.0,0.3408163265306123,0.36363636363636365,0.09090909090909091,0.14285714285714285,0.1111111111111111,3,4,0,1,0,0,1,1,0.0,0.0,0.00038331708668009804,350000.0
10655429,1,0.0,0.0,1.0,0.0,0.0,0.0,0.0,1.0,0.0,0.0,0.0,0.0,0.0,0.0,0.0,0.0,1.0,0.0,0.10816326530612247,0.1818181818181818,0.0,0.07142857142857142,0.05555555555555555,3,6,0,0,0,0,0,1,0.0,0.34,0.0,185000.0
10655422,1,0.0,0.0,1.0,0.0,0.0,0.0,0.0,0.0,0.0,0.0,0.0,1.0,0.0,0.0,0.0,0.0,0.0,1.0,0.1836734693877551,0.36363636363636365,0.09090909090909091,0.07142857142857142,0.1111111111111111,0,5,0,0,0,0,0,1,0.0,0.17,0.0003943214049579956,260000.0
10655430,1,0.0,0.0,1.0,0.0,0.0,0.0,0.0,0.0,0.0,1.0,0.0,0.0,0.0,0.0,0.0,0.0,0.0,1.0,0.1510204081632653,0.1818181818181818,0.09090909090909091,0.0,0.1111111111111111,3,4,0,0,0,0,1,1,1.0,0.48,0.0013581162807971895,389000.0
10655431,1,0.0,0.0,1.0,0.0,0.0,0.0,0.0,0.0,0.0,1.0,0.0,0.0,0.0,0.0,0.0,0.0,0.0,1.0,0.15306122448979595,0.1818181818181818,0.09090909090909091,0.07142857142857142,0.05555555555555555,3,7,0,0,0,0,1,1,0.11800000000000001,1.0,0.00040807680280536754,270000.0
10655426,1,1.0,0.0,0.0,0.0,1.0,0.0,0.0,0.0,0.0,0.0,0.0,0.0,0.0,0.0,0.0,1.0,0.0,0.0,0.14285714285714288,0.1818181818181818,0.18181818181818182,0.0,0.05555555555555555,1,4,0,0,0,0,1,0,0.063,0.0,0.00020449691466426284,560000.0
10655432,1,0.0,1.0,0.0,0.0,0.0,0.0,1.0,0.0,0.0,0.0,0.0,0.0,0.0,0.0,0.0,0.0,0.0,1.0,0.17346938775510207,0.1818181818181818,0.09090909090909091,0.0,0.05555555555555555,3,6,0,0,0,0,1,1,0.158,0.26,0.0002998676730727083,450000.0
10655439,1,0.0,0.0,1.0,0.0,0.0,0.0,0.0,0.0,0.0,0.0,0.0,1.0,0.0,0.0,0.0,1.0,0.0,0.0,0.13979591836734695,0.2727272727272727,0.09090909090909091,0.0,0.1111111111111111,3,3,0,1,0,0,1,0,0.6,0.0,0.0008473325073981115,450000.0
10655440,1,0.0,0.0,1.0,0.0,0.0,0.0,0.0,0.0,0.0,0.0,0.0,1.0,0.0,0.0,0.0,0.0,0.0,1.0,0.27346938775510204,0.36363636363636365,0.18181818181818182,0.0,0.1111111111111111,5,5,0,1,1,0,1,1,1.0,0.5,0.002630949094940673,325000.0
10655441,1,0.0,0.0,1.0,0.0,0.0,0.0,0.0,0.0,0.0,0.0,0.0,0.0,1.0,0.0,0.0,0.0,0.0,1.0,0.13673469387755105,0.1818181818181818,0.09090909090909091,0.0,0.1111111111111111,0,1,0,1,0,0,1,1,0.2,0.3,0.00023842689602111364,414000.0
10655443,1,0.0,0.0,1.0,0.0,0.0,0.0,0.0,0.0,0.0,0.0,0.0,0.0,1.0,0.0,0.0,0.0,0.0,1.0,0.13673469387755105,0.1818181818181818,0.09090909090909091,0.0,0.1111111111111111,0,1,0,1,0,0,1,1,0.65,0.3,0.0009683800084549846,514000.0
10655442,1,0.0,0.0,1.0,0.0,0.0,0.0,0.0,0.0,0.0,0.0,0.0,0.0,1.0,0.0,0.0,0.0,0.0,1.0,0.13673469387755105,0.1818181818181818,0.09090909090909091,0.0,0.1111111111111111,0,1,0,1,0,0,1,1,0.65,0.3,0.0006437526192570068,464000.0
10655446,0,1.0,0.0,0.0,0.0,1.0,0.0,0.0,0.0,0.0,0.0,0.0,0.0,0.0,0.0,0.0,1.0,0.0,0.0,0.10204081632653061,0.09090909090909091,0.09090909090909091,0.0,0.05555555555555555,0,3,0,0,0,0,0,1,0.0,0.15,0.0,179000.0
10655447,0,1.0,0.0,0.0,0.0,1.0,0.0,0.0,0.0,0.0,0.0,0.0,0.0,0.0,0.0,0.0,1.0,0.0,0.0,0.06122448979591837,0.09090909090909091,0.09090909090909091,0.0,0.05555555555555555,3,4,0,0,0,0,0,1,0.0,0.02,0.0,360000.0
10655453,0,0.0,0.0,1.0,0.0,0.0,0.0,0.0,0.0,0.0,1.0,0.0,0.0,0.0,0.0,0.0,0.0,0.0,1.0,0.04693877551020408,0.09090909090909091,0.0,0.07142857142857142,0.05555555555555555,3,3,0,0,0,0,0,0,0.0,0.0,0.0,189000.0
10655456,1,0.0,0.0,1.0,0.0,0.0,0.0,0.0,0.0,0.0,0.0,0.0,1.0,0.0,0.0,1.0,0.0,0.0,0.0,0.2857142857142857,0.5454545454545454,0.0,0.5,0.16666666666666666,4,6,0,1,0,0,0,0,0.0,0.0,0.00019899475552531408,250000.0
10655455,1,0.0,0.0,1.0,0.0,0.0,0.0,0.0,0.0,0.0,1.0,0.0,0.0,0.0,0.0,0.0,0.0,0.0,1.0,0.15306122448979595,0.2727272727272727,0.09090909090909091,0.07142857142857142,0.1111111111111111,0,2,0,1,0,0,1,1,0.0,0.0,0.0019175024599236484,370000.0
10655457,1,0.0,0.0,1.0,0.0,0.0,0.0,0.0,0.0,0.0,1.0,0.0,0.0,0.0,0.0,0.0,0.0,0.0,1.0,0.15306122448979595,0.2727272727272727,0.09090909090909091,0.07142857142857142,0.1111111111111111,0,2,0,1,0,0,1,1,0.0,0.0,0.0019175024599236484,370000.0
10655460,1,0.0,1.0,0.0,0.0,0.0,0.0,0.0,0.0,0.0,0.0,0.0,0.0,0.0,1.0,0.0,0.0,0.0,1.0,0.2091836734693878,0.1818181818181818,0.0,0.0,0.05555555555555555,3,2,0,0,0,0,1,1,0.0,0.0,0.0002219204186042673,329000.0
10655452,0,0.0,0.0,1.0,0.0,0.0,0.0,0.0,0.0,0.0,1.0,0.0,0.0,0.0,0.0,0.0,0.0,0.0,1.0,0.06938775510204082,0.09090909090909091,0.0,0.07142857142857142,0.05555555555555555,3,3,0,0,0,0,0,0,0.0,0.0,0.0,195000.0
10655458,1,0.0,0.0,1.0,0.0,0.0,0.0,0.0,0.0,0.0,0.0,0.0,1.0,0.0,0.0,1.0,0.0,0.0,0.0,0.2857142857142857,0.5454545454545454,0.0,0.5,0.16666666666666666,4,6,0,1,0,0,0,0,0.0,0.0,0.00019899475552531408,250000.0
10655459,0,0.0,1.0,0.0,0.0,0.0,0.0,0.0,0.0,0.0,0.0,0.0,0.0,0.0,1.0,0.0,0.0,0.0,1.0,0.07448979591836735,0.09090909090909091,0.0,0.0,0.05555555555555555,1,1,1,0,0,0,0,1,0.0,0.0,0.0,329000.0
10393317,0,0.0,1.0,0.0,0.0,0.0,1.0,0.0,0.0,0.0,0.0,0.0,0.0,0.0,0.0,0.0,0.0,1.0,0.0,0.16122448979591839,0.1818181818181818,0.09090909090909091,0.0,0.1111111111111111,3,2,1,0,0,0,0,1,0.0,0.12,0.0,355000.0
10655465,1,0.0,1.0,0.0,0.0,0.0,0.0,0.0,0.0,0.0,0.0,0.0,0.0,0.0,1.0,0.0,0.0,0.0,1.0,0.14285714285714288,0.1818181818181818,0.09090909090909091,0.0,0.1111111111111111,2,0,0,0,0,0,0,1,0.0,0.0,0.00022925663078953234,389000.0
10655463,0,1.0,0.0,0.0,0.0,1.0,0.0,0.0,0.0,0.0,0.0,0.0,0.0,0.0,0.0,0.0,1.0,0.0,0.0,0.05612244897959184,0.09090909090909091,0.0,0.07142857142857142,0.05555555555555555,0,7,0,0,0,0,0,0,0.0,0.0,0.0,229000.0
10655464,0,1.0,0.0,0.0,0.0,1.0,0.0,0.0,0.0,0.0,0.0,0.0,0.0,0.0,0.0,0.0,1.0,0.0,0.0,0.09081632653061225,0.09090909090909091,0.09090909090909091,0.0,0.05555555555555555,0,0,0,0,0,0,0,1,0.0,0.2,0.0,255000.0
10655466,1,1.0,0.0,0.0,0.0,1.0,0.0,0.0,0.0,0.0,0.0,0.0,0.0,0.0,0.0,0.0,1.0,0.0,0.0,0.3775510204081633,0.4545454545454545,0.09090909090909091,0.0,0.1111111111111111,0,4,0,0,0,0,1,1,0.21,0.15,0.00033471468095271724,650000.0
10655470,1,1.0,0.0,0.0,0.0,1.0,0.0,0.0,0.0,0.0,0.0,0.0,0.0,0.0,0.0,0.0,0.0,0.0,1.0,0.16632653061224492,0.2727272727272727,0.2727272727272727,0.0,0.1111111111111111,5,7,0,0,0,0,1,1,0.165,0.12,0.00022925663078953234,440000.0
10655478,0,1.0,0.0,0.0,0.0,1.0,0.0,0.0,0.0,0.0,0.0,0.0,0.0,0.0,0.0,0.0,1.0,0.0,0.0,0.07040816326530613,0.09090909090909091,0.18181818181818182,0.14285714285714285,0.1111111111111111,1,0,0,0,0,0,0,1,0.0,0.09,0.0,285000.0
10655475,0,1.0,0.0,0.0,0.0,1.0,0.0,0.0,0.0,0.0,0.0,0.0,0.0,0.0,0.0,0.0,1.0,0.0,0.0,0.07142857142857142,0.1818181818181818,0.09090909090909091,0.07142857142857142,0.05555555555555555,3,5,0,0,0,0,0,0,0.0,0.0,0.0,363000.0
10655471,1,1.0,0.0,0.0,0.0,1.0,0.0,0.0,0.0,0.0,0.0,0.0,0.0,0.0,0.0,1.0,0.0,0.0,0.0,0.2785714285714286,0.2727272727272727,0.09090909090909091,0.07142857142857142,0.1111111111111111,3,6,0,0,0,0,1,1,0.07,0.16,0.0002246714981737417,595000.0
10655473,1,0.0,0.0,1.0,0.0,0.0,0.0,0.0,0.0,0.0,0.0,1.0,0.0,0.0,0.0,0.0,0.0,0.0,1.0,0.09183673469387757,0.1818181818181818,0.0,0.14285714285714285,0.1111111111111111,4,0,0,1,0,0,1,1,0.032,0.24,0.00016781585373793766,250000.0
10655485,0,0.0,1.0,0.0,1.0,0.0,0.0,0.0,0.0,0.0,0.0,0.0,0.0,0.0,0.0,1.0,0.0,0.0,0.0,0.030612244897959183,0.0,0.09090909090909091,0.0,0.0,1,2,0,0,0,0,0,1,0.0,0.01,0.0,249500.0
10655482,0,1.0,0.0,0.0,0.0,1.0,0.0,0.0,0.0,0.0,0.0,0.0,0.0,0.0,0.0,0.0,1.0,0.0,0.0,0.07142857142857142,0.09090909090909091,0.09090909090909091,0.0,0.05555555555555555,1,3,0,1,0,0,0,1,0.0,0.05,0.0,255000.0
10655484,1,1.0,0.0,0.0,0.0,1.0,0.0,0.0,0.0,0.0,0.0,0.0,0.0,0.0,0.0,0.0,1.0,0.0,0.0,0.15306122448979595,0.1818181818181818,0.09090909090909091,0.07142857142857142,0.1111111111111111,3,6,0,0,0,0,1,1,0.045,0.05,9.261967883897107e-05,650000.0
10655489,1,0.0,1.0,0.0,0.0,0.0,1.0,0.0,0.0,0.0,0.0,0.0,0.0,0.0,0.0,0.0,1.0,0.0,0.0,0.14285714285714288,0.1818181818181818,0.09090909090909091,0.0,0.1111111111111111,3,3,0,0,0,0,0,1,0.0,0.0,7.336212185265035e-05,335000.0
10655497,0,0.0,1.0,0.0,0.0,0.0,1.0,0.0,0.0,0.0,0.0,0.0,0.0,0.0,0.0,0.0,1.0,0.0,0.0,0.06938775510204082,0.09090909090909091,0.09090909090909091,0.0,0.05555555555555555,3,0,0,0,0,0,0,1,0.0,0.08,0.0,389000.0
10655492,1,0.0,1.0,0.0,1.0,0.0,0.0,0.0,0.0,0.0,0.0,0.0,0.0,0.0,0.0,0.0,0.0,0.0,1.0,0.1622448979591837,0.1818181818181818,0.09090909090909091,0.0,0.16666666666666666,3,4,0,0,0,0,1,0,0.41500000000000004,0.0,0.0007106955554475503,495000.0
10655500,1,0.0,1.0,0.0,1.0,0.0,0.0,0.0,0.0,0.0,0.0,0.0,0.0,0.0,0.0,0.0,0.0,0.0,1.0,0.14285714285714288,0.09090909090909091,0.0,0.07142857142857142,0.1111111111111111,0,6,0,0,0,0,0,0,0.0,0.0,0.0001687328802610958,229000.0
10655491,1,0.0,1.0,0.0,0.0,0.0,0.0,0.0,0.0,0.0,0.0,0.0,0.0,0.0,1.0,0.0,0.0,1.0,0.0,0.18877551020408165,0.2727272727272727,0.09090909090909091,0.0,0.1111111111111111,3,2,0,0,0,0,0,1,0.0,0.0,0.00029803362002639206,440000.0
10655498,1,0.0,1.0,0.0,1.0,0.0,0.0,0.0,0.0,0.0,0.0,0.0,0.0,0.0,0.0,0.0,0.0,0.0,1.0,0.1326530612244898,0.1818181818181818,0.09090909090909091,0.0,0.1111111111111111,3,2,0,0,0,1,0,0,0.0,0.0,0.0007207828472022897,449000.0
10655499,0,0.0,1.0,0.0,0.0,0.0,0.0,0.0,0.0,0.0,0.0,0.0,0.0,0.0,1.0,0.0,1.0,0.0,0.0,0.03571428571428572,0.0,0.09090909090909091,0.0,0.05555555555555555,3,2,0,0,0,0,0,0,0.0,0.0,0.0,227000.0
10655503,1,0.0,1.0,0.0,0.0,0.0,1.0,0.0,0.0,0.0,0.0,0.0,0.0,0.0,0.0,0.0,0.0,0.0,1.0,0.22959183673469388,0.36363636363636365,0.09090909090909091,0.0,0.1111111111111111,4,4,0,0,0,0,0,0,0.0,0.0,0.0014241421904645749,395000.0
10655513,0,0.0,1.0,0.0,1.0,0.0,0.0,0.0,0.0,0.0,0.0,0.0,0.0,0.0,0.0,0.0,1.0,0.0,0.0,0.06836734693877553,0.1818181818181818,0.09090909090909091,0.0,0.0,2,3,1,1,0,0,0,1,0.0,0.27,0.0,199000.0
10655519,0,0.0,1.0,0.0,0.0,0.0,0.0,1.0,0.0,0.0,0.0,0.0,0.0,0.0,0.0,1.0,0.0,0.0,0.0,0.007142857142857145,0.0,0.09090909090909091,0.0,0.05555555555555555,0,1,1,1,0,0,0,0,0.0,0.0,0.0,245000.0
10655525,0,0.0,1.0,0.0,0.0,0.0,0.0,0.0,0.0,0.0,0.0,0.0,0.0,0.0,1.0,0.0,0.0,0.0,1.0,0.05408163265306123,0.09090909090909091,0.09090909090909091,0.0,0.05555555555555555,3,5,1,1,0,0,0,0,0.0,0.0,0.0,280000.0
10655520,0,0.0,1.0,0.0,0.0,0.0,0.0,0.0,0.0,0.0,0.0,0.0,0.0,0.0,1.0,0.0,0.0,0.0,1.0,0.015306122448979595,0.0,0.0,0.07142857142857142,0.0,5,4,1,1,0,0,0,0,0.0,0.0,0.0,125000.0
10655504,1,0.0,1.0,0.0,0.0,0.0,0.0,0.0,0.0,0.0,0.0,0.0,0.0,0.0,1.0,0.0,0.0,0.0,1.0,0.1142857142857143,0.09090909090909091,0.09090909090909091,0.0,0.0,4,6,0,0,0,0,0,0,0.0,0.0,0.00016139666807583075,169500.0
10655514,1,0.0,0.0,1.0,0.0,0.0,0.0,0.0,1.0,0.0,0.0,0.0,0.0,0.0,0.0,0.0,1.0,0.0,0.0,0.1316326530612245,0.1818181818181818,0.09090909090909091,0.0,0.1111111111111111,1,2,0,0,0,0,1,1,0.15,0.15,0.00019165854334004902,260000.0
10655533,0,0.0,1.0,0.0,1.0,0.0,0.0,0.0,0.0,0.0,0.0,0.0,0.0,0.0,0.0,0.0,0.0,0.0,1.0,0.07755102040816328,0.1818181818181818,0.09090909090909091,0.0,0.1111111111111111,0,1,1,1,0,0,0,1,0.0,0.18,0.0,469000.0
10655537,1,0.0,1.0,0.0,0.0,0.0,1.0,0.0,0.0,0.0,0.0,0.0,0.0,0.0,0.0,1.0,0.0,0.0,0.0,0.28061224489795916,0.4545454545454545,0.2727272727272727,0.0,0.16666666666666666,6,6,0,1,0,0,0,1,0.0,0.06,0.00033471468095271724,495000.0
10655526,1,0.0,1.0,0.0,1.0,0.0,0.0,0.0,0.0,0.0,0.0,0.0,0.0,0.0,0.0,0.0,1.0,0.0,0.0,0.30306122448979594,0.36363636363636365,0.18181818181818182,0.0,0.16666666666666666,1,2,0,1,0,0,0,1,0.0,1.0,0.00020449691466426284,1095000.0
10655539,1,0.0,1.0,0.0,0.0,0.0,0.0,0.0,0.0,1.0,0.0,0.0,0.0,0.0,0.0,0.0,0.0,0.0,1.0,0.20714285714285716,0.1818181818181818,0.09090909090909091,0.0,0.1111111111111111,4,6,0,1,0,0,1,1,0.0,0.0,0.002332915474914281,477000.0
10655551,1,0.0,1.0,0.0,1.0,0.0,0.0,0.0,0.0,0.0,0.0,0.0,0.0,0.0,0.0,0.0,0.0,0.0,1.0,0.1459183673469388,0.09090909090909091,0.09090909090909091,0.0,0.1111111111111111,5,5,0,1,0,0,1,0,0.145,0.0,0.0001971607024789978,285000.0
10655546,1,0.0,0.0,1.0,0.0,0.0,0.0,0.0,0.0,0.0,1.0,0.0,0.0,0.0,0.0,1.0,0.0,0.0,0.0,0.09693877551020408,0.09090909090909091,0.09090909090909091,0.0,0.05555555555555555,2,0,0,0,0,0,1,1,0.225,0.7000000000000001,0.00033288062790640094,255000.0
10655555,1,0.0,1.0,0.0,1.0,0.0,0.0,0.0,0.0,0.0,0.0,0.0,0.0,0.0,0.0,0.0,1.0,0.0,0.0,0.2163265306122449,0.4545454545454545,0.0,0.0,0.0,0,1,0,1,0,0,0,0,0.0,0.0,0.0,2950000.0
10655548,0,1.0,0.0,0.0,0.0,1.0,0.0,0.0,0.0,0.0,0.0,0.0,0.0,0.0,0.0,0.0,0.0,1.0,0.0,0.10204081632653061,0.0,0.18181818181818182,0.0,0.1111111111111111,4,4,0,1,0,0,1,0,0.3,0.0,0.0,430000.0
10655557,1,0.0,1.0,0.0,1.0,0.0,0.0,0.0,0.0,0.0,0.0,0.0,0.0,0.0,0.0,0.0,0.0,1.0,0.0,0.2163265306122449,0.4545454545454545,0.0,0.0,0.0,0,1,0,1,0,0,0,0,0.0,0.0,0.0,2950000.0
10655558,1,0.0,1.0,0.0,1.0,0.0,0.0,0.0,0.0,0.0,0.0,0.0,0.0,0.0,0.0,0.0,1.0,0.0,0.0,0.1326530612244898,0.2727272727272727,0.09090909090909091,0.0,0.0,3,4,0,1,0,0,1,0,1.0,0.0,0.002402609490674299,990000.0
10655564,1,0.0,1.0,0.0,1.0,0.0,0.0,0.0,0.0,0.0,0.0,0.0,0.0,0.0,0.0,0.0,1.0,0.0,0.0,0.1326530612244898,0.2727272727272727,0.09090909090909091,0.0,0.0,3,4,0,1,0,0,1,0,1.0,0.0,0.002402609490674299,990000.0
10655567,1,0.0,0.0,1.0,0.0,0.0,0.0,0.0,1.0,0.0,0.0,0.0,0.0,0.0,0.0,0.0,0.0,0.0,1.0,0.15510204081632656,0.1818181818181818,0.09090909090909091,0.0,0.1111111111111111,4,4,0,1,0,0,1,1,0.0,0.0,0.0024145308354753545,399000.0
10655565,1,0.0,1.0,0.0,1.0,0.0,0.0,0.0,0.0,0.0,0.0,0.0,0.0,0.0,0.0,0.0,1.0,0.0,0.0,0.1326530612244898,0.2727272727272727,0.09090909090909091,0.0,0.0,3,4,0,1,0,0,1,0,1.0,0.0,0.002402609490674299,990000.0
10655572,1,0.0,0.0,1.0,0.0,0.0,0.0,0.0,0.0,0.0,0.0,0.0,1.0,0.0,0.0,0.0,0.0,0.0,1.0,0.2459183673469388,0.2727272727272727,0.0,0.07142857142857142,0.1111111111111111,0,4,0,1,0,0,1,0,0.97,0.0,0.0008895157274633854,389000.0
10655574,1,0.0,1.0,0.0,0.0,0.0,0.0,0.0,0.0,1.0,0.0,0.0,0.0,0.0,0.0,0.0,0.0,0.0,1.0,0.17346938775510207,0.1818181818181818,0.09090909090909091,0.0,0.05555555555555555,4,5,0,1,0,0,0,0,0.0,0.0,0.0007152806880633409,305000.0
10655581,0,0.0,0.0,1.0,0.0,0.0,0.0,0.0,0.0,0.0,1.0,0.0,0.0,0.0,0.0,1.0,0.0,0.0,0.0,0.051020408163265314,0.0,0.09090909090909091,0.0,0.05555555555555555,3,2,1,1,0,0,0,1,0.0,0.02,0.0,155000.0
10655577,1,0.0,1.0,0.0,0.0,0.0,1.0,0.0,0.0,0.0,0.0,0.0,0.0,0.0,0.0,0.0,0.0,0.0,1.0,0.1653061224489796,0.1818181818181818,0.09090909090909091,0.0,0.1111111111111111,0,0,0,1,0,0,0,1,0.0,0.12,0.0006373334335948999,410000.0
10655575,1,0.0,1.0,0.0,0.0,0.0,0.0,0.0,0.0,1.0,0.0,0.0,0.0,0.0,0.0,0.0,0.0,0.0,1.0,0.1285714285714286,0.1818181818181818,0.09090909090909091,0.0,0.05555555555555555,5,6,0,1,0,0,0,1,0.0,0.33,0.00013296884585792875,165000.0
10655588,1,0.0,0.0,1.0,0.0,0.0,0.0,0.0,0.0,0.0,0.0,0.0,1.0,0.0,0.0,0.0,0.0,0.0,1.0,0.163265306122449,0.2727272727272727,0.18181818181818182,0.0,0.1111111111111111,1,4,0,1,1,0,1,1,0.0,0.0,0.0013214352198708643,510000.0
10655587,0,0.0,1.0,0.0,0.0,0.0,0.0,1.0,0.0,0.0,0.0,0.0,0.0,0.0,0.0,0.0,1.0,0.0,0.0,0.07755102040816328,0.09090909090909091,0.09090909090909091,0.07142857142857142,0.05555555555555555,1,1,1,0,0,0,1,1,0.10400000000000001,0.32,0.0,369000.0
10655589,1,1.0,0.0,0.0,0.0,1.0,0.0,0.0,0.0,0.0,0.0,0.0,0.0,0.0,0.0,0.0,0.0,1.0,0.0,0.163265306122449,0.1818181818181818,0.2727272727272727,0.0,0.2222222222222222,3,5,0,1,0,0,0,0,0.0,0.0,0.0,590000.0
10655596,1,0.0,1.0,0.0,0.0,0.0,0.0,1.0,0.0,0.0,0.0,0.0,0.0,0.0,0.0,0.0,0.0,0.0,1.0,0.33877551020408164,0.2727272727272727,0.18181818181818182,0.0,0.1111111111111111,1,2,0,1,1,0,1,1,0.01,0.4,0.001283837132421381,925000.0
10655594,1,0.0,1.0,0.0,1.0,0.0,0.0,0.0,0.0,0.0,0.0,0.0,0.0,0.0,0.0,0.0,0.0,0.0,1.0,0.23469387755102042,0.2727272727272727,0.09090909090909091,0.07142857142857142,0.1111111111111111,1,4,0,1,0,0,1,1,0.556,0.19,0.0006373334335948999,829000.0
10655597,1,0.0,1.0,0.0,0.0,0.0,1.0,0.0,0.0,0.0,0.0,0.0,0.0,0.0,0.0,0.0,0.0,1.0,0.0,0.10204081632653061,0.09090909090909091,0.09090909090909091,0.0,0.05555555555555555,5,6,0,1,0,0,0,0,0.0,0.0,5.502159138948776e-05,119000.0
10655582,1,0.0,1.0,0.0,0.0,0.0,1.0,0.0,0.0,0.0,0.0,0.0,0.0,0.0,0.0,0.0,0.0,1.0,0.0,0.14285714285714288,0.09090909090909091,0.09090909090909091,0.07142857142857142,0.05555555555555555,5,6,0,1,0,0,1,1,0.12,0.2,0.0001971607024789978,120000.0
10655603,0,0.0,1.0,0.0,0.0,0.0,0.0,0.0,0.0,0.0,0.0,0.0,0.0,0.0,1.0,0.0,0.0,0.0,1.0,0.06632653061224492,0.09090909090909091,0.18181818181818182,0.0,0.0,3,5,1,0,0,0,0,1,0.0,0.04,0.0,350000.0
10655606,1,0.0,0.0,1.0,0.0,0.0,0.0,0.0,1.0,0.0,0.0,0.0,0.0,0.0,0.0,0.0,1.0,0.0,0.0,0.15306122448979595,0.36363636363636365,0.0,0.2857142857142857,0.2222222222222222,3,3,0,1,0,0,0,0,0.0,0.0,0.00011921344801055682,215000.0
10655605,1,1.0,0.0,0.0,0.0,1.0,0.0,0.0,0.0,0.0,0.0,0.0,0.0,0.0,0.0,0.0,0.0,0.0,1.0,0.326530612244898,0.36363636363636365,0.2727272727272727,0.0,0.0,3,6,0,0,1,0,0,1,0.0,0.0,0.0012379858062634746,2490000.0
10655604,1,0.0,1.0,0.0,0.0,0.0,1.0,0.0,0.0,0.0,0.0,0.0,0.0,0.0,0.0,0.0,0.0,0.0,1.0,0.3959183673469388,0.2727272727272727,0.09090909090909091,0.0,0.1111111111111111,4,4,0,1,0,0,1,1,0.05,0.01,0.00021091610032636975,310000.0
10655608,1,0.0,1.0,0.0,1.0,0.0,0.0,0.0,0.0,0.0,0.0,0.0,0.0,0.0,0.0,0.0,0.0,0.0,1.0,0.23775510204081637,0.2727272727272727,0.18181818181818182,0.0,0.16666666666666666,3,2,0,1,0,0,1,1,0.1,0.7000000000000001,0.00024576310820637867,699000.0
10655610,1,0.0,1.0,0.0,0.0,0.0,0.0,0.0,0.0,1.0,0.0,0.0,0.0,0.0,0.0,0.0,0.0,0.0,1.0,0.05612244897959184,0.09090909090909091,0.09090909090909091,0.0,0.0,2,2,0,1,0,0,0,0,0.0,0.0,0.0,215000.0
10655609,0,0.0,0.0,1.0,0.0,0.0,0.0,0.0,0.0,0.0,1.0,0.0,0.0,0.0,0.0,0.0,1.0,0.0,0.0,0.04591836734693878,0.09090909090909091,0.09090909090909091,0.0,0.05555555555555555,4,3,0,1,0,0,0,0,0.0,0.0,0.0,139000.0
10655612,1,0.0,1.0,0.0,0.0,0.0,1.0,0.0,0.0,0.0,0.0,0.0,0.0,0.0,0.0,0.0,0.0,0.0,1.0,0.14285714285714288,0.09090909090909091,0.09090909090909091,0.0,0.05555555555555555,5,0,0,1,0,0,0,1,0.0,0.0,0.00033012954833692656,224500.0
10655613,1,0.0,1.0,0.0,1.0,0.0,0.0,0.0,0.0,0.0,0.0,0.0,0.0,0.0,0.0,0.0,0.0,0.0,1.0,0.13673469387755105,0.2727272727272727,0.09090909090909091,0.07142857142857142,0.1111111111111111,2,2,0,1,0,0,1,0,0.35000000000000003,0.0,0.0004585132615790647,525000.0
10655616,0,0.0,1.0,0.0,1.0,0.0,0.0,0.0,0.0,0.0,0.0,0.0,0.0,0.0,0.0,0.0,0.0,0.0,1.0,0.08061224489795918,0.09090909090909091,0.09090909090909091,0.0,0.05555555555555555,3,4,0,1,0,0,1,1,0.082,0.03,0.0,249000.0
10655618,1,0.0,1.0,0.0,0.0,0.0,0.0,1.0,0.0,0.0,0.0,0.0,0.0,0.0,0.0,0.0,0.0,0.0,1.0,0.12653061224489798,0.09090909090909091,0.09090909090909091,0.07142857142857142,0.1111111111111111,3,0,0,0,0,1,1,0,1.0,0.0,0.0010481613159697418,400000.0
10655622,0,0.0,1.0,0.0,1.0,0.0,0.0,0.0,0.0,0.0,0.0,0.0,0.0,0.0,0.0,0.0,0.0,0.0,1.0,0.0836734693877551,0.1818181818181818,0.09090909090909091,0.07142857142857142,0.05555555555555555,3,2,0,1,0,0,0,1,0.0,0.25,0.0,235000.0
10655628,1,0.0,0.0,1.0,0.0,0.0,0.0,0.0,0.0,0.0,1.0,0.0,0.0,0.0,0.0,0.0,0.0,1.0,0.0,0.08061224489795918,0.09090909090909091,0.09090909090909091,0.0,0.05555555555555555,1,2,0,0,0,0,0,1,0.0,0.0,0.00019532664943268155,225000.0
10655619,1,0.0,1.0,0.0,1.0,0.0,0.0,0.0,0.0,0.0,0.0,0.0,0.0,0.0,0.0,0.0,0.0,0.0,1.0,0.1948979591836735,0.2727272727272727,0.09090909090909091,0.07142857142857142,0.1111111111111111,1,0,0,1,0,1,1,1,0.0,0.01,0.00028886335479481076,480000.0
10655625,1,0.0,1.0,0.0,0.0,0.0,1.0,0.0,0.0,0.0,0.0,0.0,0.0,0.0,0.0,1.0,0.0,0.0,0.0,0.09591836734693879,0.09090909090909091,0.09090909090909091,0.0,0.1111111111111111,0,3,0,1,0,0,0,1,0.0,0.0,6.510888314422718e-05,425000.0
10655645,1,0.0,1.0,0.0,0.0,0.0,0.0,1.0,0.0,0.0,0.0,0.0,0.0,0.0,0.0,0.0,0.0,0.0,1.0,0.21530612244897962,0.1818181818181818,0.09090909090909091,0.0,0.1111111111111111,4,4,0,1,0,0,0,1,0.0,0.0,0.0005713075239275146,648000.0
10655646,0,0.0,1.0,0.0,0.0,0.0,0.0,1.0,0.0,0.0,0.0,0.0,0.0,0.0,0.0,0.0,0.0,0.0,1.0,0.06938775510204082,0.09090909090909091,0.09090909090909091,0.0,0.05555555555555555,0,0,0,1,0,0,0,1,0.0,0.1,0.0,299000.0
10655647,0,0.0,1.0,0.0,0.0,0.0,0.0,1.0,0.0,0.0,0.0,0.0,0.0,0.0,0.0,0.0,0.0,0.0,1.0,0.1163265306122449,0.2727272727272727,0.09090909090909091,0.07142857142857142,0.1111111111111111,0,0,0,1,0,0,0,1,0.0,0.06,0.0,369000.0
10655652,1,0.0,1.0,0.0,1.0,0.0,0.0,0.0,0.0,0.0,0.0,0.0,0.0,0.0,0.0,0.0,0.0,1.0,0.0,0.13469387755102044,0.1818181818181818,0.18181818181818182,0.0,0.1111111111111111,3,3,0,1,0,0,1,1,0.0,0.0,0.00017331801287688646,379000.0
10655654,1,0.0,1.0,0.0,1.0,0.0,0.0,0.0,0.0,0.0,0.0,0.0,0.0,0.0,0.0,0.0,0.0,0.0,1.0,0.19387755102040818,0.1818181818181818,0.09090909090909091,0.0,0.1111111111111111,0,0,0,1,0,0,1,1,0.46,0.24,0.0005410456486632963,590000.0
10655658,1,0.0,0.0,1.0,0.0,0.0,0.0,0.0,0.0,0.0,0.0,1.0,0.0,0.0,0.0,0.0,0.0,0.0,1.0,0.15612244897959185,0.36363636363636365,0.09090909090909091,0.07142857142857142,0.1111111111111111,5,7,0,1,0,0,0,1,0.0,0.0,0.0011151042521602853,125000.0
10655656,0,1.0,0.0,0.0,0.0,1.0,0.0,0.0,0.0,0.0,0.0,0.0,0.0,0.0,0.0,0.0,1.0,0.0,0.0,0.09693877551020408,0.1818181818181818,0.09090909090909091,0.07142857142857142,0.1111111111111111,1,4,1,1,0,0,0,1,0.0,0.01,0.0,325000.0
10655667,0,0.0,1.0,0.0,1.0,0.0,0.0,0.0,0.0,0.0,0.0,0.0,0.0,0.0,0.0,0.0,0.0,1.0,0.0,0.08979591836734696,0.09090909090909091,0.09090909090909091,0.0,0.05555555555555555,5,2,1,1,0,0,0,1,0.0,0.0,0.0,299000.0
10655665,1,0.0,1.0,0.0,1.0,0.0,0.0,0.0,0.0,0.0,0.0,0.0,0.0,0.0,0.0,0.0,0.0,0.0,1.0,0.41836734693877553,0.2727272727272727,0.18181818181818182,0.0,0.0,1,4,0,1,0,0,1,1,0.0,0.0,0.0015130937632109134,895000.0
10655672,0,0.0,1.0,0.0,1.0,0.0,0.0,0.0,0.0,0.0,0.0,0.0,0.0,0.0,0.0,0.0,0.0,0.0,1.0,0.06632653061224492,0.09090909090909091,0.09090909090909091,0.0,0.0,3,2,1,1,0,0,1,0,0.0,0.0,0.0,224000.0
10655666,1,0.0,1.0,0.0,1.0,0.0,0.0,0.0,0.0,0.0,0.0,0.0,0.0,0.0,0.0,0.0,0.0,0.0,1.0,0.43979591836734694,0.2727272727272727,0.18181818181818182,0.0,0.0,1,2,0,1,0,0,1,1,0.0,0.0,0.0037460533471009583,1660000.0
10655673,1,0.0,1.0,0.0,0.0,0.0,0.0,0.0,0.0,1.0,0.0,0.0,0.0,0.0,0.0,0.0,0.0,0.0,1.0,0.18469387755102043,0.1818181818181818,0.09090909090909091,0.0,0.05555555555555555,3,6,0,1,0,0,0,0,0.0,0.0,0.0007501276959433498,265000.0
10655677,1,0.0,1.0,0.0,0.0,0.0,0.0,0.0,0.0,1.0,0.0,0.0,0.0,0.0,0.0,0.0,0.0,0.0,1.0,0.1959183673469388,0.2727272727272727,0.09090909090909091,0.0,0.0,0,6,0,0,0,0,0,0,0.0,0.0,0.015008056078005944,549000.0
10655670,0,0.0,1.0,0.0,1.0,0.0,0.0,0.0,0.0,0.0,0.0,0.0,0.0,0.0,0.0,0.0,0.0,0.0,1.0,0.08775510204081632,0.1818181818181818,0.09090909090909091,0.0,0.05555555555555555,4,2,1,1,0,0,0,1,0.0,0.08,0.0,245000.0
10655681,0,0.0,0.0,1.0,0.0,0.0,0.0,0.0,0.0,0.0,0.0,0.0,0.0,1.0,0.0,0.0,0.0,0.0,1.0,0.09591836734693879,0.1818181818181818,0.18181818181818182,0.0,0.05555555555555555,0,0,1,1,0,0,0,1,0.0,0.08,0.0,450000.0
10655680,0,0.0,1.0,0.0,0.0,0.0,0.0,0.0,0.0,0.0,0.0,0.0,0.0,0.0,1.0,0.0,0.0,1.0,0.0,0.06632653061224492,0.09090909090909091,0.18181818181818182,0.0,0.0,1,0,0,0,0,0,0,0,0.0,0.0,0.0,585000.0
10655682,0,0.0,0.0,1.0,0.0,0.0,0.0,0.0,0.0,0.0,0.0,0.0,0.0,1.0,0.0,0.0,0.0,0.0,1.0,0.10306122448979593,0.1818181818181818,0.18181818181818182,0.0,0.05555555555555555,0,0,1,1,0,0,0,1,0.0,0.24,0.0,470000.0
10655683,0,0.0,0.0,1.0,0.0,0.0,0.0,0.0,0.0,0.0,0.0,0.0,0.0,1.0,0.0,0.0,0.0,0.0,1.0,0.07755102040816328,0.09090909090909091,0.09090909090909091,0.0,0.05555555555555555,0,1,1,1,0,0,0,1,0.0,0.05,0.0,389000.0
10655685,0,0.0,0.0,1.0,0.0,0.0,0.0,0.0,0.0,0.0,0.0,0.0,0.0,1.0,0.0,0.0,0.0,0.0,1.0,0.07448979591836735,0.09090909090909091,0.09090909090909091,0.0,0.05555555555555555,0,1,1,1,0,0,0,1,0.0,0.08,0.0,389000.0
10655689,1,0.0,1.0,0.0,0.0,0.0,0.0,0.0,0.0,0.0,0.0,0.0,0.0,0.0,1.0,0.0,0.0,0.0,1.0,0.14285714285714288,0.1818181818181818,0.09090909090909091,0.0,0.05555555555555555,0,6,0,0,0,0,1,0,0.0,0.0,0.00036681060926325174,249000.0
10655692,1,0.0,1.0,0.0,0.0,0.0,1.0,0.0,0.0,0.0,0.0,0.0,0.0,0.0,0.0,0.0,0.0,0.0,1.0,0.3622448979591837,0.36363636363636365,0.09090909090909091,0.0,0.0,3,3,0,0,0,0,1,0,0.0,0.0,0.0007849747038233587,465000.0
10655687,1,0.0,1.0,0.0,0.0,0.0,1.0,0.0,0.0,0.0,0.0,0.0,0.0,0.0,0.0,0.0,0.0,1.0,0.0,0.11938775510204083,0.1818181818181818,0.09090909090909091,0.0,0.05555555555555555,3,4,0,0,0,0,1,0,0.085,0.0,0.0001687328802610958,235000.0
10655695,0,0.0,1.0,0.0,0.0,0.0,0.0,0.0,0.0,0.0,0.0,0.0,0.0,0.0,1.0,0.0,0.0,1.0,0.0,0.08673469387755103,0.09090909090909091,0.18181818181818182,0.0,0.16666666666666666,0,0,1,0,0,0,1,1,0.031,0.31,0.0,495000.0
10655697,0,1.0,0.0,0.0,0.0,1.0,0.0,0.0,0.0,0.0,0.0,0.0,0.0,0.0,0.0,0.0,1.0,0.0,0.0,0.08265306122448982,0.09090909090909091,0.09090909090909091,0.0,0.0,0,2,1,1,0,0,0,1,0.0,0.9500000000000001,0.0,425000.0
10655696,0,1.0,0.0,0.0,0.0,1.0,0.0,0.0,0.0,0.0,0.0,0.0,0.0,0.0,0.0,0.0,1.0,0.0,0.0,0.08265306122448982,0.09090909090909091,0.09090909090909091,0.0,0.0,1,2,1,1,0,0,0,1,0.0,0.9500000000000001,0.0,425000.0
10655701,0,1.0,0.0,0.0,0.0,1.0,0.0,0.0,0.0,0.0,0.0,0.0,0.0,0.0,0.0,0.0,1.0,0.0,0.0,0.07857142857142857,0.09090909090909091,0.09090909090909091,0.0,0.05555555555555555,3,6,0,1,0,0,0,0,0.0,0.0,0.0,458500.0
10655698,1,0.0,1.0,0.0,0.0,0.0,1.0,0.0,0.0,0.0,0.0,0.0,0.0,0.0,0.0,0.0,0.0,0.0,1.0,0.2755102040816327,0.2727272727272727,0.18181818181818182,0.0,0.16666666666666666,3,0,0,0,0,0,1,1,0.18,0.3,0.00041724706803694884,489000.0
10655699,0,1.0,0.0,0.0,0.0,1.0,0.0,0.0,0.0,0.0,0.0,0.0,0.0,0.0,0.0,0.0,1.0,0.0,0.0,0.07857142857142857,0.09090909090909091,0.09090909090909091,0.0,0.05555555555555555,3,6,0,1,0,0,0,0,0.0,0.0,0.0,458500.0
10655702,0,1.0,0.0,0.0,0.0,1.0,0.0,0.0,0.0,0.0,0.0,0.0,0.0,0.0,0.0,0.0,1.0,0.0,0.0,0.13979591836734695,0.1818181818181818,0.09090909090909091,0.0,0.1111111111111111,1,6,0,1,0,0,1,0,0.0,0.0,0.0,609500.0
10655706,1,0.0,1.0,0.0,0.0,0.0,0.0,0.0,0.0,0.0,0.0,0.0,0.0,0.0,1.0,0.0,0.0,0.0,1.0,0.0979591836734694,0.09090909090909091,0.0,0.0,0.0,5,6,0,0,0,0,0,1,0.0,0.0,0.0009124413905423386,275000.0
10655700,0,1.0,0.0,0.0,0.0,1.0,0.0,0.0,0.0,0.0,0.0,0.0,0.0,0.0,0.0,0.0,1.0,0.0,0.0,0.13979591836734695,0.1818181818181818,0.09090909090909091,0.0,0.1111111111111111,1,6,0,1,0,0,1,0,0.0,0.0,0.0,609500.0
10655707,1,0.0,1.0,0.0,0.0,0.0,1.0,0.0,0.0,0.0,0.0,0.0,0.0,0.0,0.0,0.0,0.0,0.0,1.0,0.3959183673469388,0.2727272727272727,0.0,0.0,0.0,3,3,0,0,0,0,0,1,0.0,0.0,0.0021889423107784548,829000.0
10655716,0,1.0,0.0,0.0,0.0,1.0,0.0,0.0,0.0,0.0,0.0,0.0,0.0,0.0,0.0,0.0,1.0,0.0,0.0,0.1326530612244898,0.1818181818181818,0.09090909090909091,0.0,0.1111111111111111,0,4,1,1,0,0,0,0,0.0,0.0,0.0,560000.0
10655714,0,1.0,0.0,0.0,0.0,1.0,0.0,0.0,0.0,0.0,0.0,0.0,0.0,0.0,0.0,0.0,1.0,0.0,0.0,0.0816326530612245,0.09090909090909091,0.09090909090909091,0.0,0.05555555555555555,0,4,1,1,0,0,0,0,0.0,0.0,0.0,370000.0
10655715,1,1.0,0.0,0.0,0.0,1.0,0.0,0.0,0.0,0.0,0.0,0.0,0.0,0.0,0.0,0.0,0.0,0.0,1.0,0.25,0.2727272727272727,0.09090909090909091,0.0,0.1111111111111111,5,7,0,1,0,0,1,1,0.0,0.11,0.001412220845663519,1450000.0
10655719,1,0.0,0.0,1.0,0.0,0.0,0.0,0.0,0.0,0.0,1.0,0.0,0.0,0.0,0.0,0.0,0.0,0.0,1.0,0.11224489795918369,0.1818181818181818,0.09090909090909091,0.0,0.05555555555555555,1,6,0,1,0,0,1,1,1.0,0.43,0.0019624367595583968,385000.0
10655722,0,0.0,1.0,0.0,1.0,0.0,0.0,0.0,0.0,0.0,0.0,0.0,0.0,0.0,0.0,1.0,0.0,0.0,0.0,0.07448979591836735,0.09090909090909091,0.09090909090909091,0.0,0.0,1,0,1,0,0,0,0,1,0.0,0.05,0.0,395000.0
10655732,1,0.0,1.0,0.0,0.0,0.0,0.0,1.0,0.0,0.0,0.0,0.0,0.0,0.0,0.0,0.0,0.0,0.0,1.0,0.826530612244898,0.9999999999999999,0.18181818181818182,0.07142857142857142,0.1111111111111111,0,1,0,1,0,0,1,0,0.0,0.0,0.005790105467220428,799000.0
10655733,1,0.0,1.0,0.0,0.0,0.0,0.0,1.0,0.0,0.0,0.0,0.0,0.0,0.0,0.0,0.0,0.0,0.0,1.0,0.826530612244898,0.9999999999999999,0.18181818181818182,0.07142857142857142,0.1111111111111111,0,1,0,1,0,0,1,0,0.0,0.0,0.005790105467220428,799000.0
10655730,0,0.0,1.0,0.0,0.0,0.0,0.0,1.0,0.0,0.0,0.0,0.0,0.0,0.0,0.0,1.0,0.0,0.0,0.0,0.042857142857142864,0.0,0.09090909090909091,0.0,0.05555555555555555,0,4,1,0,0,0,0,1,0.0,0.08,0.0,245000.0
10655725,1,0.0,0.0,1.0,0.0,0.0,0.0,0.0,0.0,0.0,1.0,0.0,0.0,0.0,0.0,0.0,0.0,0.0,1.0,0.12653061224489798,0.2727272727272727,0.09090909090909091,0.07142857142857142,0.1111111111111111,3,6,0,1,0,0,0,0,0.0,0.0,0.0001568115354600401,295000.0
10655721,1,0.0,1.0,0.0,0.0,0.0,0.0,1.0,0.0,0.0,0.0,0.0,0.0,0.0,0.0,0.0,0.0,1.0,0.0,0.1275510204081633,0.1818181818181818,0.09090909090909091,0.0,0.1111111111111111,2,4,0,1,0,0,1,1,0.08700000000000001,0.6,0.00029253146088744324,445000.0
10655742,1,0.0,1.0,0.0,0.0,0.0,0.0,1.0,0.0,0.0,0.0,0.0,0.0,0.0,0.0,0.0,0.0,0.0,1.0,0.14081632653061227,0.2727272727272727,0.18181818181818182,0.0,0.16666666666666666,0,1,0,1,0,0,1,1,0.0,0.46,0.0,536000.0
10655741,1,1.0,0.0,0.0,0.0,1.0,0.0,0.0,0.0,0.0,0.0,0.0,0.0,0.0,0.0,0.0,0.0,0.0,1.0,0.14081632653061227,0.2727272727272727,0.18181818181818182,0.0,0.16666666666666666,0,1,0,1,0,0,1,1,0.0,0.46,0.0,536000.0
10655737,1,0.0,0.0,1.0,0.0,0.0,0.0,0.0,1.0,0.0,0.0,0.0,0.0,0.0,0.0,0.0,0.0,1.0,0.0,0.13367346938775512,0.1818181818181818,0.09090909090909091,0.0,0.05555555555555555,0,2,0,1,0,0,0,0,0.0,0.0,0.0,229000.0
10655736,0,0.0,0.0,1.0,0.0,0.0,0.0,0.0,1.0,0.0,0.0,0.0,0.0,0.0,0.0,0.0,0.0,1.0,0.0,0.10204081632653061,0.09090909090909091,0.09090909090909091,0.0,0.0,0,3,0,1,0,0,0,0,0.0,0.0,0.0,229000.0
10655743,1,1.0,0.0,0.0,0.0,1.0,0.0,0.0,0.0,0.0,0.0,0.0,0.0,0.0,0.0,0.0,0.0,0.0,1.0,0.14081632653061227,0.2727272727272727,0.18181818181818182,0.0,0.16666666666666666,0,1,0,1,0,0,1,1,0.0,0.46,0.0,536000.0
10655747,1,0.0,1.0,0.0,0.0,0.0,0.0,1.0,0.0,0.0,0.0,0.0,0.0,0.0,0.0,0.0,1.0,0.0,0.0,0.1275510204081633,0.1818181818181818,0.09090909090909091,0.0,0.0,0,5,0,1,0,0,0,0,0.0,0.0,0.0018257998076078356,495000.0
10655744,1,0.0,1.0,0.0,0.0,0.0,0.0,1.0,0.0,0.0,0.0,0.0,0.0,0.0,0.0,0.0,0.0,0.0,1.0,0.14081632653061227,0.2727272727272727,0.18181818181818182,0.0,0.16666666666666666,0,1,0,1,0,0,1,1,0.0,0.46,0.0,536000.0
10655752,0,0.0,1.0,0.0,0.0,0.0,0.0,0.0,0.0,0.0,0.0,0.0,0.0,0.0,1.0,0.0,0.0,0.0,1.0,0.07755102040816328,0.09090909090909091,0.18181818181818182,0.0,0.05555555555555555,0,0,1,1,0,0,0,1,0.0,0.0,0.0,385000.0
10655754,0,0.0,1.0,0.0,0.0,0.0,0.0,0.0,0.0,0.0,0.0,0.0,0.0,0.0,1.0,0.0,0.0,0.0,1.0,0.020408163265306124,0.0,0.09090909090909091,0.0,0.05555555555555555,2,4,1,1,0,0,0,1,0.0,0.0,0.0,170000.0
10655755,0,0.0,1.0,0.0,1.0,0.0,0.0,0.0,0.0,0.0,0.0,0.0,0.0,0.0,0.0,0.0,0.0,0.0,1.0,0.06836734693877553,0.09090909090909091,0.09090909090909091,0.0,0.0,0,3,0,1,0,0,1,1,0.0,0.0,0.0,267000.0
10524684,0,1.0,0.0,0.0,0.0,1.0,0.0,0.0,0.0,0.0,0.0,0.0,0.0,0.0,0.0,0.0,1.0,0.0,0.0,0.06428571428571428,0.0,0.09090909090909091,0.0,0.05555555555555555,3,0,0,0,0,0,0,0,0.0,0.0,0.0,365000.0
10655756,0,0.0,1.0,0.0,1.0,0.0,0.0,0.0,0.0,0.0,0.0,0.0,0.0,0.0,0.0,0.0,1.0,0.0,0.0,0.12040816326530615,0.1818181818181818,0.09090909090909091,0.0,0.1111111111111111,2,2,1,1,0,0,0,1,0.0,0.11,0.0,499000.0
10655758,0,0.0,1.0,0.0,1.0,0.0,0.0,0.0,0.0,0.0,0.0,0.0,0.0,0.0,0.0,0.0,0.0,1.0,0.0,0.07346938775510206,0.09090909090909091,0.09090909090909091,0.0,0.05555555555555555,5,4,0,1,0,0,1,0,0.069,0.0,0.0,159000.0
10655759,0,0.0,1.0,0.0,1.0,0.0,0.0,0.0,0.0,0.0,0.0,0.0,0.0,0.0,0.0,0.0,0.0,1.0,0.0,0.06224489795918368,0.0,0.09090909090909091,0.0,0.05555555555555555,5,6,0,1,0,0,0,0,0.0,0.0,0.0,135000.0
10655765,1,0.0,1.0,0.0,0.0,0.0,0.0,0.0,0.0,0.0,0.0,0.0,0.0,0.0,1.0,0.0,0.0,1.0,0.0,0.11836734693877551,0.1818181818181818,0.09090909090909091,0.07142857142857142,0.1111111111111111,3,3,0,0,0,0,1,0,0.0,0.0,0.0003154571239663965,399000.0
10655762,1,0.0,1.0,0.0,0.0,0.0,0.0,1.0,0.0,0.0,0.0,0.0,0.0,0.0,0.0,0.0,0.0,1.0,0.0,0.15306122448979595,0.1818181818181818,0.09090909090909091,0.07142857142857142,0.16666666666666666,3,6,0,0,0,0,0,0,0.0,0.0,0.00011187723582529178,269000.0
10655774,0,1.0,0.0,0.0,0.0,1.0,0.0,0.0,0.0,0.0,0.0,0.0,0.0,0.0,0.0,1.0,0.0,0.0,0.0,0.163265306122449,0.1818181818181818,0.18181818181818182,0.07142857142857142,0.1111111111111111,4,4,1,0,0,0,0,1,0.0,0.0,0.0,645000.0
10655764,0,0.0,1.0,0.0,0.0,0.0,0.0,1.0,0.0,0.0,0.0,0.0,0.0,0.0,0.0,0.0,0.0,0.0,1.0,0.42142857142857143,0.36363636363636365,0.36363636363636365,0.0,0.0,4,2,0,0,0,0,0,1,0.0,0.0,0.0,895000.0
10655770,1,0.0,1.0,0.0,0.0,0.0,0.0,1.0,0.0,0.0,0.0,0.0,0.0,0.0,0.0,0.0,0.0,0.0,1.0,0.32040816326530613,0.36363636363636365,0.18181818181818182,0.0,0.0,1,2,0,1,0,0,1,1,1.0,0.3,0.0010087291754739423,825000.0
10655780,1,0.0,1.0,0.0,0.0,0.0,1.0,0.0,0.0,0.0,0.0,0.0,0.0,0.0,0.0,0.0,0.0,1.0,0.0,0.15816326530612246,0.1818181818181818,0.09090909090909091,0.0,0.0,0,5,0,1,1,0,0,1,0.0,0.0,0.0010729210320950112,596000.0
10655777,1,0.0,1.0,0.0,1.0,0.0,0.0,0.0,0.0,0.0,0.0,0.0,0.0,0.0,0.0,0.0,0.0,0.0,1.0,0.15306122448979595,0.36363636363636365,0.09090909090909091,0.14285714285714285,0.0,3,2,0,1,0,0,0,0,0.0,0.0,0.0003814830336337818,599000.0
10655819,0,0.0,1.0,0.0,0.0,0.0,0.0,1.0,0.0,0.0,0.0,0.0,0.0,0.0,0.0,0.0,0.0,0.0,1.0,0.08775510204081632,0.09090909090909091,0.09090909090909091,0.0,0.05555555555555555,3,2,1,1,0,0,0,1,0.0,0.1,0.0,247500.0
10655781,1,0.0,1.0,0.0,0.0,0.0,1.0,0.0,0.0,0.0,0.0,0.0,0.0,0.0,0.0,0.0,1.0,0.0,0.0,0.1306122448979592,0.1818181818181818,0.09090909090909091,0.0,0.0,0,1,0,1,0,0,1,1,0.0,0.0,0.00021275015337268602,369000.0
10655843,1,0.0,1.0,0.0,0.0,0.0,0.0,0.0,0.0,0.0,0.0,0.0,0.0,0.0,1.0,0.0,0.0,0.0,1.0,0.08673469387755103,0.09090909090909091,0.09090909090909091,0.0,0.0,0,2,0,0,0,0,1,1,0.0,0.0,0.00021091610032636975,230000.0
10655872,1,0.0,1.0,0.0,0.0,0.0,1.0,0.0,0.0,0.0,0.0,0.0,0.0,0.0,0.0,0.0,0.0,1.0,0.0,0.1112244897959184,0.1818181818181818,0.09090909090909091,0.0,0.1111111111111111,2,2,0,0,0,0,0,0,0.0,0.0,4.585132615790647e-05,268500.0
10655862,1,0.0,1.0,0.0,0.0,0.0,0.0,0.0,0.0,0.0,0.0,0.0,0.0,0.0,1.0,0.0,0.0,0.0,1.0,0.09591836734693879,0.1818181818181818,0.09090909090909091,0.0,0.1111111111111111,1,2,0,0,0,0,1,1,0.015,0.3,9.170265231581294e-05,255000.0
10655873,1,0.0,1.0,0.0,0.0,0.0,1.0,0.0,0.0,0.0,0.0,0.0,0.0,0.0,0.0,0.0,0.0,0.0,1.0,0.163265306122449,0.1818181818181818,0.09090909090909091,0.0,0.1111111111111111,2,2,0,0,0,0,0,1,0.0,0.0,0.0003319636013832428,359000.0
10655871,0,0.0,1.0,0.0,0.0,0.0,1.0,0.0,0.0,0.0,0.0,0.0,0.0,0.0,0.0,0.0,0.0,1.0,0.0,0.05408163265306123,0.0,0.09090909090909091,0.0,0.05555555555555555,0,0,0,0,0,0,1,1,0.0,0.14,0.0,247500.0
10655874,0,0.0,1.0,0.0,1.0,0.0,0.0,0.0,0.0,0.0,0.0,0.0,0.0,0.0,0.0,0.0,1.0,0.0,0.0,0.0816326530612245,0.09090909090909091,0.0,0.14285714285714285,0.05555555555555555,1,2,1,0,0,0,0,0,0.0,0.0,0.0,349000.0
10524807,0,0.0,1.0,0.0,0.0,0.0,0.0,0.0,0.0,0.0,0.0,0.0,0.0,0.0,1.0,0.0,0.0,1.0,0.0,0.06122448979591837,0.09090909090909091,0.18181818181818182,0.14285714285714285,0.1111111111111111,1,1,1,0,0,0,0,1,0.0,0.0,0.0,995000.0
10655878,1,0.0,1.0,0.0,0.0,0.0,0.0,1.0,0.0,0.0,0.0,0.0,0.0,0.0,0.0,0.0,0.0,0.0,1.0,0.12653061224489798,0.09090909090909091,0.09090909090909091,0.0,0.0,0,2,0,0,0,0,1,0,0.0,0.0,0.0001714839598305702,349000.0
10655885,1,0.0,1.0,0.0,0.0,0.0,0.0,0.0,0.0,0.0,0.0,0.0,0.0,0.0,1.0,0.0,0.0,0.0,1.0,0.15612244897959185,0.2727272727272727,0.0,0.0,0.0,0,0,0,0,0,0,0,0,0.0,0.0,0.00040715977628220945,353103.0
10655881,1,0.0,1.0,0.0,0.0,0.0,1.0,0.0,0.0,0.0,0.0,0.0,0.0,0.0,0.0,0.0,0.0,1.0,0.0,0.1479591836734694,0.1818181818181818,0.09090909090909091,0.0,0.05555555555555555,4,5,0,0,0,0,1,1,0.0,0.0,0.0003127060443969221,269000.0
10655879,1,0.0,1.0,0.0,1.0,0.0,0.0,0.0,0.0,0.0,0.0,0.0,0.0,0.0,0.0,0.0,0.0,0.0,1.0,0.2836734693877551,0.2727272727272727,0.09090909090909091,0.0,0.05555555555555555,5,3,0,0,0,0,1,0,0.0,0.0,0.02855528890462099,860000.0
10655893,0,0.0,1.0,0.0,0.0,0.0,0.0,0.0,0.0,0.0,0.0,0.0,0.0,0.0,1.0,0.0,0.0,0.0,1.0,0.07959183673469389,0.09090909090909091,0.09090909090909091,0.0,0.05555555555555555,0,0,1,0,0,0,1,1,0.0,0.0,0.0,335000.0
10655892,1,0.0,1.0,0.0,1.0,0.0,0.0,0.0,0.0,0.0,0.0,0.0,0.0,0.0,0.0,0.0,0.0,0.0,1.0,0.1622448979591837,0.1818181818181818,0.09090909090909091,0.0,0.1111111111111111,1,4,0,1,0,0,1,1,0.0,0.3,0.001375539784737194,550000.0
10655896,0,0.0,1.0,0.0,0.0,0.0,0.0,0.0,0.0,0.0,0.0,0.0,0.0,0.0,1.0,0.0,0.0,0.0,1.0,0.05612244897959184,0.09090909090909091,0.09090909090909091,0.0,0.05555555555555555,0,0,1,0,0,0,1,1,0.0,0.0,0.0,260000.0
10655901,0,0.0,1.0,0.0,0.0,0.0,1.0,0.0,0.0,0.0,0.0,0.0,0.0,0.0,0.0,0.0,0.0,1.0,0.0,0.06122448979591837,0.09090909090909091,0.0,0.0,0.0,5,3,0,0,0,0,0,0,0.0,0.0,0.0,175000.0
10655907,0,0.0,1.0,0.0,1.0,0.0,0.0,0.0,0.0,0.0,0.0,0.0,0.0,0.0,0.0,0.0,0.0,0.0,1.0,0.042857142857142864,0.0,0.09090909090909091,0.0,0.05555555555555555,0,0,1,0,0,0,0,1,0.0,0.0,0.0,215000.0
10655898,1,0.0,1.0,0.0,0.0,0.0,1.0,0.0,0.0,0.0,0.0,0.0,0.0,0.0,0.0,0.0,0.0,1.0,0.0,0.1459183673469388,0.09090909090909091,0.09090909090909091,0.0,0.05555555555555555,1,5,0,0,0,0,1,1,0.366,0.0,0.0007437085102812429,450000.0
10655897,0,0.0,1.0,0.0,0.0,0.0,0.0,0.0,0.0,0.0,0.0,0.0,0.0,0.0,1.0,0.0,0.0,0.0,1.0,0.05408163265306123,0.09090909090909091,0.09090909090909091,0.0,0.05555555555555555,0,0,1,0,0,0,1,1,0.0,0.0,0.0,260000.0
10655895,0,0.0,1.0,0.0,0.0,0.0,0.0,0.0,0.0,0.0,0.0,0.0,0.0,0.0,1.0,0.0,0.0,0.0,1.0,0.05612244897959184,0.09090909090909091,0.09090909090909091,0.0,0.05555555555555555,0,0,1,0,0,0,1,1,0.0,0.0,0.0,265000.0
10655894,0,0.0,1.0,0.0,0.0,0.0,0.0,0.0,0.0,0.0,0.0,0.0,0.0,0.0,1.0,0.0,0.0,0.0,1.0,0.05408163265306123,0.09090909090909091,0.09090909090909091,0.0,0.05555555555555555,0,0,1,0,0,0,1,1,0.0,0.0,0.0,265000.0
10655912,0,0.0,1.0,0.0,0.0,0.0,0.0,0.0,0.0,0.0,0.0,0.0,0.0,0.0,1.0,0.0,0.0,0.0,1.0,0.06938775510204082,0.1818181818181818,0.09090909090909091,0.0,0.05555555555555555,5,4,1,0,0,0,1,1,0.0,0.0,0.0,460000.0
10655914,1,0.0,1.0,0.0,0.0,0.0,1.0,0.0,0.0,0.0,0.0,0.0,0.0,0.0,0.0,0.0,0.0,1.0,0.0,0.23673469387755106,0.09090909090909091,0.09090909090909091,0.0,0.1111111111111111,1,2,0,0,0,0,1,1,0.0,0.0,0.00020357988814110472,339000.0
10655908,0,0.0,1.0,0.0,1.0,0.0,0.0,0.0,0.0,0.0,0.0,0.0,0.0,0.0,0.0,0.0,0.0,0.0,1.0,0.0673469387755102,0.0,0.09090909090909091,0.0,0.05555555555555555,0,0,1,0,0,0,0,1,0.0,0.0,0.0,288000.0
10655910,1,0.0,1.0,0.0,0.0,0.0,0.0,0.0,0.0,0.0,0.0,0.0,0.0,0.0,1.0,0.0,0.0,1.0,0.0,0.10204081632653061,0.1818181818181818,0.09090909090909091,0.0,0.05555555555555555,0,4,0,0,0,0,1,1,0.0,0.13,5.960672400527841e-05,245000.0
10655916,1,0.0,1.0,0.0,0.0,0.0,1.0,0.0,0.0,0.0,0.0,0.0,0.0,0.0,0.0,0.0,0.0,0.0,1.0,0.15306122448979595,0.1818181818181818,0.09090909090909091,0.0,0.1111111111111111,0,0,0,0,0,0,1,0,0.0,0.0,0.00034571899923061477,417792.0
10655923,1,0.0,1.0,0.0,0.0,0.0,1.0,0.0,0.0,0.0,0.0,0.0,0.0,0.0,0.0,0.0,0.0,0.0,1.0,0.2969387755102041,0.2727272727272727,0.36363636363636365,0.0,0.2777777777777778,0,1,0,0,0,0,0,1,0.0,0.0,0.0015745345402625082,765000.0
10655918,0,0.0,1.0,0.0,0.0,0.0,1.0,0.0,0.0,0.0,0.0,0.0,0.0,0.0,0.0,0.0,0.0,0.0,1.0,0.09591836734693879,0.09090909090909091,0.09090909090909091,0.0,0.05555555555555555,1,5,1,0,0,0,1,1,0.0,0.0,0.0,295000.0
10655924,1,0.0,1.0,0.0,0.0,0.0,0.0,0.0,0.0,0.0,0.0,0.0,0.0,0.0,1.0,0.0,0.0,0.0,1.0,0.163265306122449,0.1818181818181818,0.09090909090909091,0.0,0.0,5,6,0,0,0,0,0,0,0.0,0.0,0.0004154130149906326,225000.0
10655920,0,0.0,1.0,0.0,0.0,0.0,0.0,0.0,0.0,0.0,0.0,0.0,0.0,0.0,1.0,0.0,0.0,0.0,1.0,0.042857142857142864,0.0,0.09090909090909091,0.0,0.05555555555555555,0,1,1,0,0,0,1,1,0.0,0.0,0.0,275000.0
10655928,1,0.0,1.0,0.0,0.0,0.0,1.0,0.0,0.0,0.0,0.0,0.0,0.0,0.0,0.0,0.0,0.0,0.0,1.0,0.1928571428571429,0.1818181818181818,0.18181818181818182,0.0,0.0,0,0,0,0,0,0,1,1,0.455,0.18,0.0004887751368432829,441500.0
10655927,1,0.0,1.0,0.0,1.0,0.0,0.0,0.0,0.0,0.0,0.0,0.0,0.0,0.0,0.0,0.0,0.0,0.0,1.0,0.1326530612244898,0.1818181818181818,0.09090909090909091,0.0,0.1111111111111111,1,2,0,0,0,0,1,1,0.115,0.25,0.00018340530463162587,383000.0
10655925,1,0.0,1.0,0.0,0.0,0.0,0.0,0.0,0.0,0.0,0.0,0.0,0.0,0.0,1.0,0.0,0.0,0.0,1.0,0.19081632653061226,0.2727272727272727,0.09090909090909091,0.0,0.05555555555555555,3,6,0,0,0,0,1,1,0.785,0.2,0.0007198658206791315,289000.0
10655929,1,0.0,1.0,0.0,0.0,0.0,1.0,0.0,0.0,0.0,0.0,0.0,0.0,0.0,0.0,0.0,0.0,0.0,1.0,0.19183673469387758,0.1818181818181818,0.18181818181818182,0.0,0.0,0,0,0,0,0,0,1,1,0.417,0.18,0.00035122115836956353,398175.0
10655932,1,0.0,1.0,0.0,0.0,0.0,1.0,0.0,0.0,0.0,0.0,0.0,0.0,0.0,0.0,0.0,0.0,0.0,1.0,0.19183673469387758,0.1818181818181818,0.18181818181818182,0.0,0.0,0,0,0,0,0,0,1,1,0.269,0.18,0.00035122115836956353,398175.0
10655933,1,0.0,1.0,0.0,0.0,0.0,1.0,0.0,0.0,0.0,0.0,0.0,0.0,0.0,0.0,0.0,0.0,0.0,1.0,0.1928571428571429,0.1818181818181818,0.18181818181818182,0.0,0.0,0,0,0,0,0,0,1,1,0.417,0.18,0.0004887751368432829,431925.0
10655931,1,0.0,1.0,0.0,0.0,0.0,1.0,0.0,0.0,0.0,0.0,0.0,0.0,0.0,0.0,0.0,0.0,0.0,1.0,0.19183673469387758,0.1818181818181818,0.18181818181818182,0.0,0.0,0,0,0,0,0,0,1,1,0.417,0.18,0.0004887751368432829,431925.0
10655930,1,0.0,1.0,0.0,0.0,0.0,1.0,0.0,0.0,0.0,0.0,0.0,0.0,0.0,0.0,0.0,0.0,0.0,1.0,0.19183673469387758,0.1818181818181818,0.18181818181818182,0.0,0.0,0,0,0,0,0,0,1,1,0.417,0.18,0.0004887751368432829,431925.0
10655936,0,0.0,1.0,0.0,0.0,0.0,0.0,0.0,0.0,1.0,0.0,0.0,0.0,0.0,0.0,0.0,0.0,1.0,0.0,0.11224489795918369,0.0,0.09090909090909091,0.0,0.05555555555555555,2,2,1,0,0,0,1,0,0.0,0.0,0.0,343750.0
10655937,1,0.0,1.0,0.0,0.0,0.0,0.0,0.0,0.0,1.0,0.0,0.0,0.0,0.0,0.0,0.0,0.0,0.0,1.0,0.2857142857142857,0.2727272727272727,0.0,0.0,0.0,3,2,0,0,0,0,1,0,0.0,0.0,0.0,779000.0
10655934,1,0.0,1.0,0.0,0.0,0.0,1.0,0.0,0.0,0.0,0.0,0.0,0.0,0.0,0.0,0.0,0.0,0.0,1.0,0.18265306122448982,0.1818181818181818,0.09090909090909091,0.0,0.05555555555555555,0,6,0,0,0,0,1,0,0.0,0.0,0.00033929981356850786,255000.0
10655940,0,1.0,0.0,0.0,0.0,1.0,0.0,0.0,0.0,0.0,0.0,0.0,0.0,0.0,0.0,1.0,0.0,0.0,0.0,0.10714285714285715,0.09090909090909091,0.09090909090909091,0.0,0.05555555555555555,3,5,1,0,0,0,0,0,0.0,0.0,0.0,470000.0
10655941,0,0.0,1.0,0.0,0.0,0.0,1.0,0.0,0.0,0.0,0.0,0.0,0.0,0.0,0.0,1.0,0.0,0.0,0.0,0.07040816326530613,0.09090909090909091,0.09090909090909091,0.0,0.0,0,2,0,0,0,0,0,1,0.0,0.0,0.0,235000.0
10655943,1,0.0,1.0,0.0,0.0,0.0,1.0,0.0,0.0,0.0,0.0,0.0,0.0,0.0,0.0,0.0,0.0,0.0,1.0,0.34183673469387754,0.09090909090909091,0.09090909090909091,0.0,0.1111111111111111,4,2,0,0,0,0,0,1,0.0,0.0,0.001935842990386811,685000.0
10655942,0,0.0,1.0,0.0,0.0,0.0,1.0,0.0,0.0,0.0,0.0,0.0,0.0,0.0,0.0,0.0,1.0,0.0,0.0,0.07040816326530613,0.09090909090909091,0.09090909090909091,0.0,0.0,0,2,0,0,0,0,0,1,0.0,0.0,0.0,235000.0
10655938,1,0.0,1.0,0.0,0.0,0.0,0.0,0.0,0.0,1.0,0.0,0.0,0.0,0.0,0.0,0.0,0.0,0.0,1.0,0.2857142857142857,0.2727272727272727,0.0,0.0,0.0,3,2,0,0,0,0,1,0,0.0,0.0,0.0,595000.0
10655948,1,0.0,1.0,0.0,0.0,0.0,0.0,0.0,0.0,0.0,0.0,0.0,0.0,0.0,1.0,0.0,0.0,0.0,1.0,0.20306122448979594,0.1818181818181818,0.09090909090909091,0.0,0.0,1,6,0,0,0,0,1,0,0.0,0.0,0.0007547128285591404,399000.0
10655949,1,0.0,1.0,0.0,0.0,0.0,0.0,0.0,0.0,0.0,0.0,0.0,0.0,0.0,1.0,0.0,0.0,0.0,1.0,0.13775510204081634,0.36363636363636365,0.09090909090909091,0.0,0.0,4,6,0,0,0,0,1,0,0.0,0.0,0.0008344941360738977,210000.0
10655944,1,0.0,1.0,0.0,0.0,0.0,0.0,0.0,0.0,0.0,0.0,0.0,0.0,0.0,1.0,0.0,0.0,1.0,0.0,0.3163265306122449,0.36363636363636365,0.36363636363636365,0.0,0.0,2,0,0,0,0,0,1,1,0.0,0.0,0.0003026187526421827,769000.0
10655952,0,0.0,1.0,0.0,1.0,0.0,0.0,0.0,0.0,0.0,0.0,0.0,0.0,0.0,0.0,0.0,0.0,1.0,0.0,0.09183673469387757,0.09090909090909091,0.09090909090909091,0.0,0.05555555555555555,3,2,0,0,0,0,0,1,0.0,0.0,0.0,309000.0
10655956,1,0.0,1.0,0.0,1.0,0.0,0.0,0.0,0.0,0.0,0.0,0.0,0.0,0.0,0.0,0.0,0.0,0.0,1.0,0.16122448979591839,0.1818181818181818,0.09090909090909091,0.0,0.0,4,0,0,0,0,0,1,1,0.0,0.0,0.0004768537920422273,250000.0
10655957,0,0.0,1.0,0.0,0.0,0.0,0.0,0.0,0.0,0.0,0.0,0.0,0.0,0.0,1.0,0.0,0.0,0.0,1.0,0.04591836734693878,0.09090909090909091,0.09090909090909091,0.0,0.05555555555555555,1,1,1,0,0,0,0,1,0.0,0.04,0.0,339000.0
10655960,1,0.0,1.0,0.0,0.0,0.0,0.0,0.0,0.0,0.0,0.0,0.0,0.0,0.0,1.0,0.0,0.0,1.0,0.0,0.28877551020408165,0.36363636363636365,0.18181818181818182,0.0,0.0,5,3,0,0,0,0,0,1,0.0,0.0,0.00038056600711062366,425000.0
10655963,0,0.0,1.0,0.0,0.0,0.0,0.0,0.0,0.0,0.0,0.0,0.0,0.0,0.0,1.0,0.0,0.0,0.0,1.0,0.042857142857142864,0.0,0.09090909090909091,0.0,0.0,3,4,1,0,0,0,0,0,0.0,0.0,0.0,185000.0
10655974,1,0.0,1.0,0.0,0.0,0.0,1.0,0.0,0.0,0.0,0.0,0.0,0.0,0.0,0.0,0.0,0.0,1.0,0.0,0.27346938775510204,0.1818181818181818,0.09090909090909091,0.0,0.05555555555555555,1,2,0,0,0,0,0,1,0.0,0.17,0.0001375539784737194,339000.0
10655961,1,0.0,1.0,0.0,0.0,0.0,0.0,1.0,0.0,0.0,0.0,0.0,0.0,0.0,0.0,0.0,0.0,0.0,1.0,0.1326530612244898,0.1818181818181818,0.09090909090909091,0.0,0.0,5,6,0,0,0,0,0,0,0.0,0.0,0.000404408696712735,225000.0
10655978,1,0.0,1.0,0.0,0.0,0.0,0.0,0.0,0.0,0.0,0.0,0.0,0.0,0.0,1.0,0.0,0.0,0.0,1.0,0.10612244897959186,0.09090909090909091,0.09090909090909091,0.0,0.1111111111111111,3,5,0,0,0,0,0,0,0.0,0.0,0.000531875383431715,279000.0
10655994,1,0.0,1.0,0.0,0.0,0.0,0.0,0.0,0.0,1.0,0.0,0.0,0.0,0.0,0.0,0.0,0.0,1.0,0.0,0.1602040816326531,0.2727272727272727,0.09090909090909091,0.0,0.0,1,6,0,0,0,0,1,0,0.0,0.0,0.0002998676730727083,245000.0
10655993,1,0.0,1.0,0.0,0.0,0.0,0.0,0.0,0.0,1.0,0.0,0.0,0.0,0.0,0.0,0.0,0.0,1.0,0.0,0.3224489795918367,0.2727272727272727,0.09090909090909091,0.0,0.05555555555555555,1,3,0,0,0,0,1,0,0.0,0.0,0.0,625000.0
10655995,1,0.0,1.0,0.0,0.0,0.0,1.0,0.0,0.0,0.0,0.0,0.0,0.0,0.0,0.0,0.0,0.0,1.0,0.0,0.1163265306122449,0.1818181818181818,0.09090909090909091,0.0,0.1111111111111111,0,1,0,0,0,0,0,0,0.0,0.0,0.0003429679196611404,356068.0
10655996,1,0.0,1.0,0.0,0.0,0.0,1.0,0.0,0.0,0.0,0.0,0.0,0.0,0.0,0.0,0.0,0.0,1.0,0.0,0.11530612244897961,0.1818181818181818,0.09090909090909091,0.0,0.1111111111111111,0,1,0,0,0,0,0,0,0.0,0.0,0.00022558852469689982,327021.0
10655997,0,0.0,1.0,0.0,0.0,0.0,0.0,0.0,0.0,0.0,0.0,0.0,0.0,0.0,1.0,0.0,0.0,1.0,0.0,0.0836734693877551,0.1818181818181818,0.18181818181818182,0.0,0.1111111111111111,1,2,1,0,0,0,1,0,0.0,0.0,0.0,1245000.0
10655999,1,0.0,1.0,0.0,0.0,0.0,1.0,0.0,0.0,0.0,0.0,0.0,0.0,0.0,0.0,0.0,0.0,1.0,0.0,0.1163265306122449,0.1818181818181818,0.09090909090909091,0.0,0.1111111111111111,0,1,0,0,0,0,0,0,0.0,0.0,0.00019349259638636528,338857.0
10656002,1,0.0,1.0,0.0,0.0,0.0,0.0,0.0,0.0,0.0,0.0,0.0,0.0,0.0,1.0,0.0,0.0,0.0,1.0,0.10714285714285715,0.1818181818181818,0.09090909090909091,0.0,0.0,0,0,0,0,0,0,0,0,0.0,0.0,0.00021825231251163479,484200.0
10655998,1,0.0,1.0,0.0,0.0,0.0,1.0,0.0,0.0,0.0,0.0,0.0,0.0,0.0,0.0,0.0,0.0,1.0,0.0,0.11530612244897961,0.1818181818181818,0.09090909090909091,0.0,0.1111111111111111,0,1,0,0,0,0,0,0,0.0,0.0,0.0002246714981737417,326949.0
10656000,0,0.0,1.0,0.0,0.0,0.0,0.0,0.0,0.0,0.0,0.0,0.0,0.0,0.0,1.0,0.0,0.0,1.0,0.0,0.12346938775510205,0.2727272727272727,0.18181818181818182,0.0,0.0,2,4,1,0,0,0,0,1,0.0,0.0,0.0,1995000.0
10656003,0,0.0,1.0,0.0,1.0,0.0,0.0,0.0,0.0,0.0,0.0,0.0,0.0,0.0,0.0,0.0,0.0,0.0,1.0,0.10714285714285715,0.1818181818181818,0.09090909090909091,0.0,0.05555555555555555,0,3,0,0,0,0,1,1,0.0,0.55,0.0,289000.0
10656008,1,0.0,1.0,0.0,0.0,0.0,1.0,0.0,0.0,0.0,0.0,0.0,0.0,0.0,0.0,0.0,1.0,0.0,0.0,0.1836734693877551,0.1818181818181818,0.09090909090909091,0.07142857142857142,0.05555555555555555,5,6,0,1,0,0,1,1,0.3,0.1,0.00037598087449483304,529000.0
10656012,0,0.0,1.0,0.0,1.0,0.0,0.0,0.0,0.0,0.0,0.0,0.0,0.0,0.0,0.0,0.0,0.0,0.0,1.0,0.06122448979591837,0.09090909090909091,0.09090909090909091,0.0,0.05555555555555555,1,3,0,0,0,0,0,0,0.0,0.0,0.0,215000.0
10656017,1,0.0,1.0,0.0,0.0,0.0,0.0,0.0,0.0,0.0,0.0,0.0,0.0,0.0,1.0,0.0,0.0,1.0,0.0,0.11224489795918369,0.1818181818181818,0.09090909090909091,0.0,0.1111111111111111,0,2,0,0,0,0,1,1,0.0,0.0,0.0001751520659232027,295000.0
10656016,0,0.0,1.0,0.0,0.0,0.0,1.0,0.0,0.0,0.0,0.0,0.0,0.0,0.0,0.0,0.0,0.0,0.0,1.0,0.11938775510204083,0.09090909090909091,0.18181818181818182,0.0,0.0,0,1,0,0,0,0,1,1,0.0,0.0,0.0,370000.0
10656009,1,0.0,1.0,0.0,0.0,0.0,1.0,0.0,0.0,0.0,0.0,0.0,0.0,0.0,0.0,0.0,1.0,0.0,0.0,0.22448979591836737,0.2727272727272727,0.09090909090909091,0.0,0.1111111111111111,1,4,0,0,0,0,0,1,0.0,0.0,0.005773598989803582,675000.0
10656015,0,0.0,1.0,0.0,0.0,0.0,0.0,0.0,0.0,0.0,0.0,0.0,0.0,0.0,1.0,0.0,0.0,0.0,1.0,0.06224489795918368,0.09090909090909091,0.18181818181818182,0.07142857142857142,0.05555555555555555,1,2,1,0,0,0,0,0,0.0,0.0,0.0,355000.0
10656010,1,0.0,1.0,0.0,0.0,0.0,1.0,0.0,0.0,0.0,0.0,0.0,0.0,0.0,0.0,0.0,1.0,0.0,0.0,0.1285714285714286,0.1818181818181818,0.09090909090909091,0.0,0.05555555555555555,5,6,0,0,0,0,0,0,0.0,0.0,0.0003035357791653408,215000.0
10656023,0,0.0,1.0,0.0,0.0,0.0,0.0,0.0,0.0,0.0,0.0,0.0,0.0,0.0,1.0,0.0,0.0,0.0,1.0,0.09897959183673471,0.1818181818181818,0.09090909090909091,0.0,0.0,1,2,0,0,0,0,0,0,0.0,0.0,0.0,185000.0
10656019,1,0.0,1.0,0.0,0.0,0.0,1.0,0.0,0.0,0.0,0.0,0.0,0.0,0.0,0.0,0.0,1.0,0.0,0.0,0.18877551020408165,0.2727272727272727,0.09090909090909091,0.0,0.05555555555555555,0,4,0,0,0,0,1,1,0.0,0.06,0.0007152806880633409,435000.0
10656028,0,0.0,1.0,0.0,1.0,0.0,0.0,0.0,0.0,0.0,0.0,0.0,0.0,0.0,0.0,0.0,0.0,1.0,0.0,0.07142857142857142,0.1818181818181818,0.09090909090909091,0.0,0.0,0,3,1,0,0,0,0,1,0.0,0.04,0.0,249900.0
10656027,0,0.0,1.0,0.0,1.0,0.0,0.0,0.0,0.0,0.0,0.0,0.0,0.0,0.0,0.0,0.0,0.0,0.0,1.0,0.07142857142857142,0.1818181818181818,0.09090909090909091,0.0,0.0,0,3,1,0,0,0,0,1,0.0,0.04,0.0,249900.0
10262817,1,0.0,1.0,0.0,1.0,0.0,0.0,0.0,0.0,0.0,0.0,0.0,0.0,0.0,0.0,0.0,0.0,0.0,1.0,0.13877551020408166,0.1818181818181818,0.0,0.07142857142857142,0.05555555555555555,4,5,0,1,0,0,0,0,0.0,0.0,0.0,209000.0
10656038,1,0.0,1.0,0.0,0.0,0.0,0.0,0.0,0.0,0.0,0.0,0.0,0.0,0.0,1.0,0.0,0.0,0.0,1.0,0.17755102040816328,0.1818181818181818,0.09090909090909091,0.0,0.05555555555555555,1,4,0,0,0,0,1,1,0.0,0.0,0.00106375076686343,337500.0
10656039,1,0.0,1.0,0.0,0.0,0.0,0.0,0.0,0.0,1.0,0.0,0.0,0.0,0.0,0.0,0.0,0.0,1.0,0.0,0.1,0.09090909090909091,0.09090909090909091,0.07142857142857142,0.05555555555555555,2,4,0,0,0,0,1,0,0.014,0.0,6.419185662106905e-05,249000.0
10656036,0,0.0,1.0,0.0,0.0,0.0,1.0,0.0,0.0,0.0,0.0,0.0,0.0,0.0,0.0,0.0,1.0,0.0,0.0,0.07448979591836735,0.09090909090909091,0.09090909090909091,0.0,0.05555555555555555,0,2,1,0,0,0,0,1,0.0,0.22,0.0,330000.0
10656041,1,0.0,1.0,0.0,0.0,0.0,0.0,1.0,0.0,0.0,0.0,0.0,0.0,0.0,0.0,0.0,0.0,0.0,1.0,0.326530612244898,0.36363636363636365,0.18181818181818182,0.0,0.16666666666666666,1,3,0,0,0,0,1,1,0.15,0.0,0.00028061011608638756,579000.0
10656043,1,0.0,1.0,0.0,0.0,0.0,1.0,0.0,0.0,0.0,0.0,0.0,0.0,0.0,0.0,0.0,0.0,0.0,1.0,0.1510204081632653,0.1818181818181818,0.09090909090909091,0.0,0.05555555555555555,1,2,0,0,0,0,1,0,0.0,0.0,0.00011004318277897552,385000.0
10656045,1,0.0,1.0,0.0,0.0,0.0,1.0,0.0,0.0,0.0,0.0,0.0,0.0,0.0,0.0,0.0,0.0,0.0,1.0,0.11836734693877551,0.1818181818181818,0.09090909090909091,0.0,0.0,5,5,0,0,0,0,1,0,0.0,0.0,0.00034847007880008915,299000.0
10656052,1,0.0,1.0,0.0,0.0,0.0,0.0,0.0,0.0,0.0,0.0,0.0,0.0,0.0,1.0,0.0,1.0,0.0,0.0,0.2816326530612245,0.09090909090909091,0.0,0.0,0.16666666666666666,5,6,0,0,0,0,0,1,0.0,0.0,0.00021733528598847667,350000.0
10656050,1,0.0,1.0,0.0,1.0,0.0,0.0,0.0,0.0,0.0,0.0,0.0,0.0,0.0,0.0,0.0,0.0,1.0,0.0,0.09489795918367347,0.09090909090909091,0.09090909090909091,0.0,0.1111111111111111,3,3,0,1,0,0,1,1,0.0,0.0,8.711751970002229e-05,248000.0
10656062,0,0.0,1.0,0.0,1.0,0.0,0.0,0.0,0.0,0.0,0.0,0.0,0.0,0.0,0.0,0.0,0.0,1.0,0.0,0.10102040816326532,0.1818181818181818,0.09090909090909091,0.0,0.05555555555555555,4,3,1,0,0,0,0,0,0.0,0.0,0.0,189000.0
10656063,1,0.0,1.0,0.0,0.0,0.0,1.0,0.0,0.0,0.0,0.0,0.0,0.0,0.0,0.0,0.0,0.0,0.0,1.0,0.18979591836734697,0.36363636363636365,0.09090909090909091,0.0,0.1111111111111111,5,6,0,0,0,0,0,0,0.0,0.0,0.002851035460498624,950000.0
10656065,1,0.0,1.0,0.0,1.0,0.0,0.0,0.0,0.0,0.0,0.0,0.0,0.0,0.0,0.0,0.0,0.0,0.0,1.0,0.14183673469387756,0.1818181818181818,0.18181818181818182,0.0,0.1111111111111111,0,2,0,0,0,0,1,1,0.0,0.0,0.00036681060926325174,475000.0
10656067,0,0.0,1.0,0.0,1.0,0.0,0.0,0.0,0.0,0.0,0.0,0.0,0.0,0.0,0.0,0.0,0.0,0.0,1.0,0.08469387755102042,0.09090909090909091,0.09090909090909091,0.0,0.05555555555555555,0,2,0,0,0,0,0,1,0.0,0.0,0.0,289000.0
10656068,1,0.0,1.0,0.0,1.0,0.0,0.0,0.0,0.0,0.0,0.0,0.0,0.0,0.0,0.0,0.0,0.0,0.0,1.0,0.1489795918367347,0.2727272727272727,0.09090909090909091,0.0,0.1111111111111111,0,0,0,0,0,0,0,1,0.0,0.0,0.0004025746436664188,423000.0
10656069,1,0.0,1.0,0.0,1.0,0.0,0.0,0.0,0.0,0.0,0.0,0.0,0.0,0.0,0.0,0.0,0.0,0.0,1.0,0.1489795918367347,0.2727272727272727,0.09090909090909091,0.0,0.1111111111111111,0,0,0,0,0,0,0,1,0.0,0.0,0.0004245832802222139,423000.0
10656072,1,0.0,1.0,0.0,1.0,0.0,0.0,0.0,0.0,0.0,0.0,0.0,0.0,0.0,0.0,0.0,0.0,0.0,1.0,0.1489795918367347,0.2727272727272727,0.09090909090909091,0.0,0.1111111111111111,0,0,0,0,0,0,0,1,0.0,0.0,0.00031178901787376397,414000.0
10656070,1,0.0,1.0,0.0,1.0,0.0,0.0,0.0,0.0,0.0,0.0,0.0,0.0,0.0,0.0,0.0,0.0,0.0,1.0,0.1489795918367347,0.2727272727272727,0.09090909090909091,0.0,0.1111111111111111,0,0,0,0,0,0,0,1,0.0,0.0,0.00040074059062010254,420000.0
10656071,1,0.0,1.0,0.0,1.0,0.0,0.0,0.0,0.0,0.0,0.0,0.0,0.0,0.0,0.0,0.0,0.0,0.0,1.0,0.15204081632653063,0.2727272727272727,0.09090909090909091,0.0,0.1111111111111111,0,0,0,0,0,0,0,1,0.0,0.0,0.00023200771035900673,405000.0
10656084,1,0.0,1.0,0.0,0.0,0.0,1.0,0.0,0.0,0.0,0.0,0.0,0.0,0.0,0.0,0.0,0.0,1.0,0.0,0.1979591836734694,0.1818181818181818,0.09090909090909091,0.0,0.0,0,1,0,0,0,0,1,1,0.0,0.0,0.00022283744512742543,395000.0
10656093,0,0.0,1.0,0.0,0.0,0.0,0.0,0.0,0.0,0.0,0.0,0.0,0.0,0.0,1.0,0.0,0.0,0.0,1.0,0.06938775510204082,0.0,0.09090909090909091,0.0,0.05555555555555555,1,1,1,0,0,0,0,0,0.0,0.0,0.0,430000.0
10656094,0,1.0,0.0,0.0,0.0,1.0,0.0,0.0,0.0,0.0,0.0,0.0,0.0,0.0,0.0,0.0,1.0,0.0,0.0,0.04489795918367347,0.0,0.09090909090909091,0.0,0.05555555555555555,2,7,0,0,0,0,0,0,0.0,0.0,0.0,255000.0
10656098,1,0.0,1.0,0.0,0.0,0.0,0.0,0.0,0.0,0.0,0.0,0.0,0.0,0.0,1.0,0.0,0.0,0.0,1.0,0.26224489795918365,0.2727272727272727,0.18181818181818182,0.0,0.05555555555555555,1,1,0,0,1,0,1,1,0.0,1.0,0.0023264962892521742,989000.0
10656099,1,0.0,0.0,1.0,0.0,0.0,0.0,0.0,0.0,0.0,0.0,0.0,0.0,1.0,0.0,0.0,0.0,0.0,1.0,0.11734693877551022,0.1818181818181818,0.09090909090909091,0.0,0.0,3,3,0,0,0,0,0,1,0.0,0.4,0.0007281190593875547,349000.0
10656100,1,0.0,1.0,0.0,0.0,0.0,0.0,0.0,0.0,1.0,0.0,0.0,0.0,0.0,0.0,0.0,0.0,1.0,0.0,0.09183673469387757,0.1818181818181818,0.09090909090909091,0.0,0.05555555555555555,1,2,0,0,0,0,1,0,0.0,0.0,0.000340216840091666,335000.0
10656101,0,0.0,1.0,0.0,0.0,0.0,0.0,0.0,0.0,0.0,0.0,0.0,0.0,0.0,1.0,0.0,0.0,1.0,0.0,0.057142857142857155,0.0,0.09090909090909091,0.0,0.05555555555555555,2,2,1,0,0,0,1,1,0.0,0.0,0.0,575000.0
10656107,0,0.0,1.0,0.0,0.0,0.0,0.0,0.0,0.0,0.0,0.0,0.0,0.0,0.0,1.0,0.0,0.0,0.0,1.0,0.1306122448979592,0.09090909090909091,0.09090909090909091,0.0,0.05555555555555555,0,0,1,0,0,0,0,1,0.0,0.0,0.0,299500.0
10656106,0,0.0,1.0,0.0,0.0,0.0,0.0,0.0,0.0,0.0,0.0,0.0,0.0,0.0,1.0,0.0,0.0,0.0,1.0,0.1306122448979592,0.09090909090909091,0.09090909090909091,0.0,0.05555555555555555,0,0,1,0,0,0,0,1,0.0,0.0,0.0,279500.0
10393971,0,0.0,1.0,0.0,0.0,0.0,0.0,0.0,0.0,0.0,0.0,0.0,0.0,0.0,1.0,0.0,0.0,1.0,0.0,0.1112244897959184,0.1818181818181818,0.0,0.21428571428571427,0.2222222222222222,3,2,1,0,0,0,0,1,0.0,0.0,0.0,995000.0
10131829,1,1.0,0.0,0.0,0.0,1.0,0.0,0.0,0.0,0.0,0.0,0.0,0.0,0.0,0.0,0.0,1.0,0.0,0.0,0.2653061224489796,0.2727272727272727,0.0,0.14285714285714285,0.16666666666666666,5,7,0,1,0,0,1,0,0.1,0.0,0.00017882017201583522,449000.0
10656125,0,0.0,1.0,0.0,0.0,0.0,0.0,0.0,0.0,0.0,0.0,0.0,0.0,0.0,1.0,0.0,0.0,0.0,1.0,0.023469387755102045,0.09090909090909091,0.09090909090909091,0.0,0.0,0,4,1,0,0,0,0,1,0.0,0.0,0.0,289000.0
10656121,1,0.0,1.0,0.0,0.0,0.0,0.0,0.0,0.0,0.0,0.0,0.0,0.0,0.0,1.0,0.0,0.0,0.0,1.0,0.14489795918367349,0.1818181818181818,0.09090909090909091,0.0,0.05555555555555555,1,2,0,0,0,0,1,0,0.44,0.0,0.0006034034522380491,429000.0
10656126,1,0.0,1.0,0.0,0.0,0.0,0.0,0.0,0.0,0.0,0.0,0.0,0.0,0.0,1.0,0.0,0.0,0.0,1.0,0.21836734693877555,0.2727272727272727,0.09090909090909091,0.0,0.1111111111111111,1,2,0,0,0,0,1,0,0.0,0.0,0.0005758926565433052,750000.0
10656132,1,0.0,1.0,0.0,0.0,0.0,1.0,0.0,0.0,0.0,0.0,0.0,0.0,0.0,0.0,0.0,0.0,1.0,0.0,0.25510204081632654,0.2727272727272727,0.0,0.0,0.05555555555555555,5,0,0,0,0,0,1,0,0.0,0.0,0.0014424827209277374,425000.0
10656134,1,0.0,1.0,0.0,0.0,0.0,1.0,0.0,0.0,0.0,0.0,0.0,0.0,0.0,0.0,0.0,0.0,1.0,0.0,0.20102040816326533,0.2727272727272727,0.09090909090909091,0.0,0.05555555555555555,1,5,0,0,0,0,1,1,0.0,0.36,0.0004034916701895769,395000.0
10656136,1,0.0,1.0,0.0,0.0,0.0,1.0,0.0,0.0,0.0,0.0,0.0,0.0,0.0,0.0,0.0,0.0,1.0,0.0,0.14285714285714288,0.1818181818181818,0.09090909090909091,0.0,0.0,4,3,0,0,0,0,1,1,0.0,0.0,0.00016964990678425393,298500.0
10656138,0,0.0,1.0,0.0,0.0,0.0,0.0,0.0,0.0,1.0,0.0,0.0,0.0,0.0,0.0,0.0,0.0,0.0,1.0,0.08775510204081632,0.09090909090909091,0.09090909090909091,0.0,0.0,0,0,0,0,0,0,0,1,0.0,0.1,0.0,314500.0
10656139,1,0.0,1.0,0.0,0.0,0.0,0.0,1.0,0.0,0.0,0.0,0.0,0.0,0.0,0.0,0.0,1.0,0.0,0.0,0.11224489795918369,0.1818181818181818,0.09090909090909091,0.0,0.05555555555555555,0,4,0,0,0,0,1,1,0.0,0.0,0.00011921344801055682,415000.0
10525069,1,0.0,1.0,0.0,0.0,0.0,0.0,0.0,0.0,0.0,0.0,0.0,0.0,0.0,1.0,0.0,0.0,0.0,1.0,0.16938775510204085,0.1818181818181818,0.09090909090909091,0.0,0.1111111111111111,0,6,0,1,0,0,1,1,0.0,0.0,0.0005575521260801426,449000.0
10656140,1,0.0,1.0,0.0,0.0,0.0,0.0,1.0,0.0,0.0,0.0,0.0,0.0,0.0,0.0,0.0,0.0,1.0,0.0,0.12244897959183676,0.09090909090909091,0.09090909090909091,0.0,0.05555555555555555,1,4,0,1,0,0,1,0,0.0,0.0,0.0005327924099548731,425000.0
10656147,1,0.0,1.0,0.0,1.0,0.0,0.0,0.0,0.0,0.0,0.0,0.0,0.0,0.0,0.0,0.0,0.0,0.0,1.0,0.1163265306122449,0.1818181818181818,0.09090909090909091,0.0,0.05555555555555555,1,4,0,0,0,0,1,0,0.35000000000000003,0.0,0.00042641733326853013,638000.0
10656144,1,0.0,1.0,0.0,0.0,0.0,0.0,0.0,0.0,0.0,0.0,0.0,0.0,0.0,1.0,0.0,0.0,0.0,1.0,0.1510204081632653,0.1818181818181818,0.09090909090909091,0.0,0.1111111111111111,3,6,0,1,0,0,0,1,0.0,0.0,0.00011096020930213364,139000.0
10656152,1,0.0,1.0,0.0,0.0,0.0,0.0,0.0,0.0,1.0,0.0,0.0,0.0,0.0,0.0,0.0,0.0,0.0,1.0,0.1489795918367347,0.1818181818181818,0.09090909090909091,0.0,0.05555555555555555,3,4,0,0,0,0,1,0,0.0,0.0,0.00048052189813485975,308950.0
10656154,0,0.0,1.0,0.0,0.0,0.0,0.0,0.0,0.0,1.0,0.0,0.0,0.0,0.0,0.0,0.0,0.0,0.0,1.0,0.09693877551020408,0.1818181818181818,0.09090909090909091,0.0,0.0,0,0,0,0,0,0,0,1,0.0,0.45,0.0,299000.0
10656159,1,0.0,1.0,0.0,0.0,0.0,0.0,0.0,0.0,0.0,0.0,0.0,0.0,0.0,1.0,0.0,0.0,0.0,1.0,0.1306122448979592,0.1818181818181818,0.09090909090909091,0.0,0.1111111111111111,1,3,0,0,0,0,0,1,0.0,0.0,0.00018707341072425837,350000.0
10656160,1,0.0,1.0,0.0,0.0,0.0,0.0,0.0,0.0,0.0,0.0,0.0,0.0,0.0,1.0,0.0,0.0,0.0,1.0,0.13469387755102044,0.09090909090909091,0.09090909090909091,0.0,0.05555555555555555,5,6,0,0,0,0,1,0,0.0,0.0,0.0006923550249843877,549000.0
10656161,1,0.0,1.0,0.0,0.0,0.0,0.0,0.0,0.0,1.0,0.0,0.0,0.0,0.0,0.0,0.0,0.0,0.0,1.0,0.16836734693877553,0.1818181818181818,0.09090909090909091,0.0,0.1111111111111111,0,6,0,0,0,0,1,0,0.0,0.0,0.0008271579238886326,350000.0
10656163,0,0.0,1.0,0.0,1.0,0.0,0.0,0.0,0.0,0.0,0.0,0.0,0.0,0.0,0.0,0.0,0.0,1.0,0.0,0.05816326530612246,0.09090909090909091,0.09090909090909091,0.0,0.05555555555555555,2,2,0,1,0,0,0,1,0.0,0.02,0.0,279500.0
10656168,0,1.0,0.0,0.0,0.0,1.0,0.0,0.0,0.0,0.0,0.0,0.0,0.0,0.0,0.0,0.0,0.0,1.0,0.0,0.06122448979591837,0.09090909090909091,0.09090909090909091,0.0,0.05555555555555555,2,3,1,0,0,0,0,1,0.0,0.13,0.0,325000.0
10656167,0,1.0,0.0,0.0,0.0,1.0,0.0,0.0,0.0,0.0,0.0,0.0,0.0,0.0,0.0,0.0,1.0,0.0,0.0,0.020408163265306124,0.0,0.09090909090909091,0.0,0.05555555555555555,1,7,0,0,0,0,0,0,0.0,0.0,0.0,190000.0
10656164,0,0.0,1.0,0.0,1.0,0.0,0.0,0.0,0.0,0.0,0.0,0.0,0.0,0.0,0.0,0.0,0.0,1.0,0.0,0.0816326530612245,0.09090909090909091,0.09090909090909091,0.0,0.05555555555555555,2,2,1,1,0,0,0,1,0.0,0.07,0.0,349500.0
10656162,0,0.0,1.0,0.0,1.0,0.0,0.0,0.0,0.0,0.0,0.0,0.0,0.0,0.0,0.0,1.0,0.0,0.0,0.0,0.0816326530612245,0.09090909090909091,0.09090909090909091,0.0,0.05555555555555555,3,3,1,1,0,0,0,1,0.0,0.3,0.0,495000.0
10656165,0,1.0,0.0,0.0,0.0,1.0,0.0,0.0,0.0,0.0,0.0,0.0,0.0,0.0,0.0,0.0,0.0,0.0,1.0,0.176530612244898,0.1818181818181818,0.18181818181818182,0.0,0.1111111111111111,3,5,1,0,0,0,0,1,0.0,0.17,0.0,595000.0
10656172,1,0.0,0.0,1.0,0.0,0.0,0.0,0.0,0.0,0.0,0.0,0.0,0.0,1.0,0.0,0.0,0.0,0.0,1.0,0.23469387755102042,0.2727272727272727,0.18181818181818182,0.0,0.0,0,3,0,1,0,0,1,0,1.0,0.0,0.0019615197330352385,845000.0
10656177,1,0.0,0.0,1.0,0.0,0.0,0.0,0.0,0.0,0.0,0.0,0.0,1.0,0.0,0.0,0.0,1.0,0.0,0.0,0.13877551020408166,0.2727272727272727,0.09090909090909091,0.07142857142857142,0.1111111111111111,3,6,0,0,0,0,1,1,1.0,0.4,0.0029812532267870784,550000.0
10656176,1,0.0,1.0,0.0,1.0,0.0,0.0,0.0,0.0,0.0,0.0,0.0,0.0,0.0,0.0,0.0,0.0,0.0,1.0,0.22959183673469388,0.2727272727272727,0.09090909090909091,0.0,0.16666666666666666,0,1,0,1,0,0,0,1,0.0,0.18,0.0002155012329421604,399000.0
10394033,1,0.0,0.0,1.0,0.0,0.0,0.0,0.0,0.0,0.0,0.0,0.0,0.0,1.0,0.0,0.0,0.0,0.0,1.0,0.2857142857142857,0.1818181818181818,0.09090909090909091,0.0,0.1111111111111111,0,4,0,1,0,0,1,1,0.0,0.0,0.002292566307895323,385000.0
10656180,1,0.0,1.0,0.0,0.0,0.0,0.0,1.0,0.0,0.0,0.0,0.0,0.0,0.0,0.0,0.0,0.0,0.0,1.0,0.20612244897959187,0.2727272727272727,0.18181818181818182,0.14285714285714285,0.16666666666666666,1,2,0,0,0,0,0,1,0.0,0.0,0.00028061011608638756,479000.0
10656185,0,0.0,0.0,1.0,0.0,0.0,0.0,0.0,0.0,0.0,1.0,0.0,0.0,0.0,0.0,1.0,0.0,0.0,0.0,0.09081632653061225,0.09090909090909091,0.09090909090909091,0.0,0.05555555555555555,1,0,1,0,0,0,0,1,0.0,0.08,0.0,270000.0
10656186,0,0.0,0.0,1.0,0.0,0.0,0.0,0.0,0.0,0.0,1.0,0.0,0.0,0.0,0.0,1.0,0.0,0.0,0.0,0.08571428571428572,0.1818181818181818,0.09090909090909091,0.0,0.05555555555555555,1,0,1,0,0,0,1,1,0.10400000000000001,0.24,0.0,260000.0
10656183,0,1.0,0.0,0.0,0.0,1.0,0.0,0.0,0.0,0.0,0.0,0.0,0.0,0.0,0.0,0.0,0.0,0.0,1.0,0.06836734693877553,0.09090909090909091,0.09090909090909091,0.0,0.0,3,6,1,0,0,0,0,1,0.0,0.08,0.0,265000.0
10656182,1,0.0,1.0,0.0,0.0,0.0,0.0,1.0,0.0,0.0,0.0,0.0,0.0,0.0,0.0,0.0,0.0,0.0,1.0,0.24387755102040817,0.1818181818181818,0.09090909090909091,0.0,0.1111111111111111,3,2,0,0,0,0,0,1,0.0,0.0,0.0009445373188528732,559000.0
10656195,1,1.0,0.0,0.0,0.0,1.0,0.0,0.0,0.0,0.0,0.0,0.0,0.0,0.0,0.0,0.0,0.0,0.0,1.0,0.326530612244898,0.36363636363636365,0.2727272727272727,0.07142857142857142,0.2222222222222222,1,6,0,0,1,0,1,1,1.0,0.0,0.0012379858062634746,2490000.0
10656196,0,1.0,0.0,0.0,0.0,1.0,0.0,0.0,0.0,0.0,0.0,0.0,0.0,0.0,0.0,0.0,0.0,0.0,1.0,0.06836734693877553,0.09090909090909091,0.09090909090909091,0.07142857142857142,0.05555555555555555,2,7,1,0,0,0,0,1,0.0,0.07,0.0,398000.0
10656191,0,1.0,0.0,0.0,0.0,1.0,0.0,0.0,0.0,0.0,0.0,0.0,0.0,0.0,0.0,0.0,1.0,0.0,0.0,0.06938775510204082,0.09090909090909091,0.09090909090909091,0.07142857142857142,0.05555555555555555,3,0,1,0,0,0,0,1,0.0,0.07,0.0,219000.0
10656197,1,0.0,1.0,0.0,0.0,0.0,0.0,1.0,0.0,0.0,0.0,0.0,0.0,0.0,0.0,0.0,0.0,0.0,1.0,0.13469387755102044,0.1818181818181818,0.09090909090909091,0.0,0.1111111111111111,0,1,0,0,0,0,0,1,0.0,0.0,0.0002466801347295368,437806.0
10656198,0,0.0,1.0,0.0,1.0,0.0,0.0,0.0,0.0,0.0,0.0,0.0,0.0,0.0,0.0,0.0,0.0,0.0,1.0,0.0816326530612245,0.09090909090909091,0.09090909090909091,0.0,0.0,1,2,1,0,0,0,0,1,0.0,0.0,0.0,335000.0
10656199,1,0.0,1.0,0.0,1.0,0.0,0.0,0.0,0.0,0.0,0.0,0.0,0.0,0.0,0.0,0.0,0.0,0.0,1.0,0.326530612244898,0.36363636363636365,0.18181818181818182,0.0,0.0,1,2,0,0,0,0,0,1,0.0,0.0,0.00047777081856538537,745000.0
10656200,1,0.0,1.0,0.0,1.0,0.0,0.0,0.0,0.0,0.0,0.0,0.0,0.0,0.0,0.0,0.0,0.0,0.0,1.0,0.326530612244898,0.36363636363636365,0.18181818181818182,0.0,0.0,1,2,0,0,0,0,0,1,0.0,0.0,0.00047777081856538537,745000.0
10656202,1,0.0,0.0,1.0,0.0,0.0,0.0,0.0,0.0,0.0,1.0,0.0,0.0,0.0,0.0,0.0,0.0,0.0,1.0,0.163265306122449,0.1818181818181818,0.09090909090909091,0.0,0.1111111111111111,5,7,0,0,0,0,0,1,0.0,0.25,0.0001283837132421381,229000.0
10656203,1,0.0,1.0,0.0,0.0,0.0,0.0,0.0,0.0,0.0,0.0,0.0,0.0,0.0,1.0,1.0,0.0,0.0,0.0,0.08877551020408164,0.09090909090909091,0.09090909090909091,0.0,0.05555555555555555,3,6,0,0,0,0,0,1,0.0,0.0,4.7685379204222725e-05,269000.0
10656216,0,0.0,1.0,0.0,1.0,0.0,0.0,0.0,0.0,0.0,0.0,0.0,0.0,0.0,0.0,0.0,1.0,0.0,0.0,0.05612244897959184,0.09090909090909091,0.09090909090909091,0.0,0.0,3,6,1,0,0,0,0,0,0.0,0.0,0.0,249000.0
10656207,1,0.0,1.0,0.0,0.0,0.0,0.0,0.0,0.0,0.0,0.0,0.0,0.0,0.0,1.0,0.0,0.0,1.0,0.0,0.23265306122448984,0.1818181818181818,0.09090909090909091,0.0,0.1111111111111111,1,2,0,0,0,0,0,1,0.0,0.0,0.0005630542852190914,975000.0
10656218,0,0.0,1.0,0.0,1.0,0.0,0.0,0.0,0.0,0.0,0.0,0.0,0.0,0.0,0.0,0.0,0.0,1.0,0.0,0.07040816326530613,0.09090909090909091,0.09090909090909091,0.0,0.0,0,2,1,0,0,0,0,1,0.0,0.05,0.0,205000.0
10656223,1,0.0,1.0,0.0,0.0,0.0,1.0,0.0,0.0,0.0,0.0,0.0,0.0,0.0,0.0,0.0,0.0,0.0,1.0,0.15306122448979595,0.1818181818181818,0.09090909090909091,0.0,0.1111111111111111,2,2,0,0,0,0,1,1,0.135,0.25,0.00027602498347059694,365000.0
10656225,0,0.0,1.0,0.0,1.0,0.0,0.0,0.0,0.0,0.0,0.0,0.0,0.0,0.0,0.0,0.0,0.0,0.0,1.0,0.06326530612244899,0.09090909090909091,0.09090909090909091,0.0,0.05555555555555555,3,2,0,1,0,0,0,0,0.0,0.0,0.0,245000.0
10656226,1,0.0,1.0,0.0,0.0,0.0,0.0,1.0,0.0,0.0,0.0,0.0,0.0,0.0,0.0,0.0,0.0,0.0,1.0,0.18877551020408165,0.1818181818181818,0.18181818181818182,0.0,0.1111111111111111,1,2,0,0,1,0,1,1,0.15,0.8,0.00043650462502326957,639000.0
10656224,1,0.0,1.0,0.0,0.0,0.0,1.0,0.0,0.0,0.0,0.0,0.0,0.0,0.0,0.0,0.0,0.0,0.0,1.0,0.1806122448979592,0.1818181818181818,0.09090909090909091,0.0,0.1111111111111111,1,2,0,0,0,0,1,1,0.136,0.25,0.00028978038131796885,445000.0
10656227,1,0.0,1.0,0.0,0.0,0.0,1.0,0.0,0.0,0.0,0.0,0.0,0.0,0.0,0.0,0.0,0.0,0.0,1.0,0.10816326530612247,0.1818181818181818,0.09090909090909091,0.0,0.1111111111111111,3,4,0,0,0,0,0,1,0.0,0.0,0.0005969842665759421,309000.0
10656228,0,0.0,0.0,1.0,0.0,0.0,0.0,0.0,0.0,0.0,0.0,0.0,0.0,1.0,0.0,0.0,0.0,0.0,1.0,0.09897959183673471,0.09090909090909091,0.18181818181818182,0.07142857142857142,0.05555555555555555,0,2,1,0,0,0,0,1,0.0,0.15,0.0,530000.0
10656229,0,0.0,0.0,1.0,0.0,0.0,0.0,0.0,0.0,0.0,0.0,0.0,0.0,1.0,0.0,0.0,0.0,0.0,1.0,0.03877551020408163,0.0,0.09090909090909091,0.07142857142857142,0.05555555555555555,0,2,1,0,0,0,0,1,0.0,0.18,0.0,311000.0
10656230,0,0.0,0.0,1.0,0.0,0.0,0.0,0.0,0.0,0.0,0.0,0.0,0.0,1.0,0.0,0.0,0.0,0.0,1.0,0.04489795918367347,0.0,0.09090909090909091,0.07142857142857142,0.05555555555555555,0,2,1,0,0,0,0,1,0.0,0.07,0.0,302000.0
10656233,1,0.0,1.0,0.0,0.0,0.0,0.0,0.0,0.0,1.0,0.0,0.0,0.0,0.0,0.0,0.0,0.0,0.0,1.0,0.15306122448979595,0.2727272727272727,0.0,0.0,0.0,2,2,0,0,0,0,0,1,0.0,0.0,0.0014764127022845882,320000.0
10656237,1,0.0,1.0,0.0,0.0,0.0,0.0,0.0,0.0,1.0,0.0,0.0,0.0,0.0,0.0,0.0,0.0,1.0,0.0,0.09183673469387757,0.1818181818181818,0.09090909090909091,0.0,0.0,1,0,0,0,0,0,0,1,0.0,0.0,0.00016414774764530516,303341.0
10656235,1,0.0,1.0,0.0,0.0,0.0,0.0,0.0,0.0,1.0,0.0,0.0,0.0,0.0,0.0,0.0,0.0,1.0,0.0,0.09183673469387757,0.1818181818181818,0.09090909090909091,0.0,0.0,1,0,0,0,0,0,0,1,0.0,0.0,0.00014947532327477507,298888.0
10656231,0,0.0,0.0,1.0,0.0,0.0,0.0,0.0,0.0,0.0,0.0,0.0,0.0,1.0,0.0,0.0,0.0,0.0,1.0,0.08571428571428572,0.09090909090909091,0.18181818181818182,0.07142857142857142,0.05555555555555555,0,2,1,0,0,0,0,1,0.0,0.14,0.0,495000.0
10656238,1,0.0,1.0,0.0,0.0,0.0,0.0,0.0,0.0,1.0,0.0,0.0,0.0,0.0,0.0,0.0,0.0,1.0,0.0,0.09183673469387757,0.1818181818181818,0.09090909090909091,0.0,0.0,1,0,0,0,0,0,0,1,0.0,0.0,0.00021366717989584414,318558.0
10656240,1,0.0,1.0,0.0,0.0,0.0,0.0,0.0,0.0,1.0,0.0,0.0,0.0,0.0,0.0,0.0,0.0,1.0,0.0,0.09183673469387757,0.1818181818181818,0.09090909090909091,0.0,0.0,1,0,0,0,0,0,0,1,0.0,0.0,0.00016689882721477954,304384.0
10656252,0,0.0,0.0,1.0,0.0,0.0,0.0,0.0,0.0,0.0,1.0,0.0,0.0,0.0,0.0,0.0,1.0,0.0,0.0,0.03877551020408163,0.0,0.09090909090909091,0.0,0.05555555555555555,3,6,1,0,0,0,0,1,0.0,0.2,0.0,129000.0
10656291,0,1.0,0.0,0.0,0.0,1.0,0.0,0.0,0.0,0.0,0.0,0.0,0.0,0.0,0.0,0.0,0.0,0.0,1.0,0.11734693877551022,0.09090909090909091,0.09090909090909091,0.0,0.05555555555555555,5,7,1,0,0,0,0,1,0.0,0.09,0.0,540000.0
10656293,0,0.0,1.0,0.0,1.0,0.0,0.0,0.0,0.0,0.0,0.0,0.0,0.0,0.0,0.0,0.0,0.0,0.0,1.0,0.04489795918367347,0.09090909090909091,0.09090909090909091,0.0,0.0,0,3,0,0,0,0,0,0,0.0,0.0,0.0,165000.0
10656297,1,0.0,0.0,1.0,0.0,0.0,0.0,0.0,0.0,0.0,1.0,0.0,0.0,0.0,0.0,0.0,0.0,0.0,1.0,0.2163265306122449,0.2727272727272727,0.09090909090909091,0.0,0.0,5,4,0,0,0,0,0,1,0.0,0.0,0.0008876816744170691,327500.0
10656298,1,0.0,0.0,1.0,0.0,0.0,0.0,0.0,0.0,0.0,0.0,0.0,0.0,1.0,0.0,0.0,0.0,0.0,1.0,0.113265306122449,0.1818181818181818,0.09090909090909091,0.0,0.0,3,4,0,0,1,0,0,1,0.0,0.0,0.0008253238708423164,495000.0
10656295,1,0.0,1.0,0.0,1.0,0.0,0.0,0.0,0.0,0.0,0.0,0.0,0.0,0.0,0.0,0.0,0.0,0.0,1.0,0.13877551020408166,0.2727272727272727,0.09090909090909091,0.0,0.05555555555555555,3,3,0,0,0,0,0,1,0.0,0.0,7.519617489896661e-05,319000.0
10656294,0,0.0,1.0,0.0,1.0,0.0,0.0,0.0,0.0,0.0,0.0,0.0,0.0,0.0,0.0,1.0,0.0,0.0,0.0,0.020408163265306124,0.0,0.09090909090909091,0.0,0.05555555555555555,0,6,0,0,0,0,0,0,0.0,0.0,0.0,159000.0
10656301,1,0.0,0.0,1.0,0.0,0.0,0.0,0.0,1.0,0.0,0.0,0.0,0.0,0.0,0.0,0.0,1.0,0.0,0.0,0.2448979591836735,0.36363636363636365,0.2727272727272727,0.0,0.16666666666666666,4,3,0,0,0,0,1,1,0.09,0.25,0.00022925663078953234,245000.0
10656299,1,0.0,0.0,1.0,0.0,0.0,0.0,0.0,0.0,0.0,0.0,0.0,1.0,0.0,0.0,0.0,1.0,0.0,0.0,0.1836734693877551,0.36363636363636365,0.18181818181818182,0.0,0.0,3,2,0,0,0,0,0,1,0.0,0.28,0.0009170265231581294,499000.0
10656310,1,0.0,0.0,1.0,0.0,0.0,0.0,0.0,1.0,0.0,0.0,0.0,0.0,0.0,0.0,0.0,0.0,0.0,1.0,0.13571428571428573,0.09090909090909091,0.09090909090909091,0.0,0.05555555555555555,5,5,0,0,0,0,0,1,0.0,0.11,0.00023842689602111364,155000.0
10656300,1,0.0,1.0,0.0,0.0,0.0,0.0,0.0,0.0,1.0,0.0,0.0,0.0,0.0,0.0,0.0,0.0,0.0,1.0,0.1326530612244898,0.1818181818181818,0.09090909090909091,0.0,0.0,3,6,0,0,0,0,1,0,0.4,0.0,0.0005272902508159244,294500.0
10656311,1,0.0,0.0,1.0,0.0,0.0,0.0,0.0,1.0,0.0,0.0,0.0,0.0,0.0,0.0,0.0,0.0,0.0,1.0,0.17551020408163268,0.2727272727272727,0.18181818181818182,0.0,0.0,0,0,0,0,0,0,0,1,0.0,0.0,0.004282513863148464,200000.0
10656302,1,0.0,0.0,1.0,0.0,0.0,0.0,0.0,1.0,0.0,0.0,0.0,0.0,0.0,0.0,0.0,0.0,0.0,1.0,0.08877551020408164,0.1818181818181818,0.09090909090909091,0.0,0.1111111111111111,3,5,0,0,0,0,1,1,0.07200000000000001,0.22,0.00015039234979793322,175000.0
10656316,0,0.0,0.0,1.0,0.0,0.0,0.0,0.0,0.0,0.0,1.0,0.0,0.0,0.0,0.0,1.0,0.0,0.0,0.0,0.0816326530612245,0.09090909090909091,0.09090909090909091,0.0,0.05555555555555555,3,4,1,0,0,0,0,0,0.0,0.0,0.0,230000.0
10656312,1,0.0,0.0,1.0,0.0,0.0,0.0,0.0,1.0,0.0,0.0,0.0,0.0,0.0,0.0,0.0,0.0,0.0,1.0,0.17551020408163268,0.2727272727272727,0.18181818181818182,0.0,0.0,0,0,0,0,0,0,0,1,0.0,0.0,0.004722686594264366,200000.0
10656322,0,0.0,1.0,0.0,1.0,0.0,0.0,0.0,0.0,0.0,0.0,0.0,0.0,0.0,0.0,0.0,1.0,0.0,0.0,0.06632653061224492,0.09090909090909091,0.09090909090909091,0.0,0.05555555555555555,0,3,1,0,0,0,0,1,0.0,0.07,0.0,239000.0
10656318,1,0.0,1.0,0.0,0.0,0.0,0.0,1.0,0.0,0.0,0.0,0.0,0.0,0.0,0.0,0.0,0.0,0.0,1.0,0.12244897959183676,0.1818181818181818,0.18181818181818182,0.07142857142857142,0.1111111111111111,1,0,0,0,0,0,1,1,0.04,0.0,0.0,410000.0
10656325,1,0.0,1.0,0.0,1.0,0.0,0.0,0.0,0.0,0.0,0.0,0.0,0.0,0.0,0.0,0.0,0.0,1.0,0.0,0.2683673469387755,0.1818181818181818,0.09090909090909091,0.0,0.1111111111111111,0,4,0,0,0,0,0,1,0.0,0.0,0.0013205181933477062,485000.0
10656334,1,0.0,0.0,1.0,0.0,0.0,0.0,0.0,1.0,0.0,0.0,0.0,0.0,0.0,0.0,0.0,0.0,0.0,1.0,0.1275510204081633,0.2727272727272727,0.09090909090909091,0.0,0.05555555555555555,3,5,0,0,0,0,0,1,0.0,0.6,0.00015589450893688199,175000.0
10656323,0,0.0,1.0,0.0,1.0,0.0,0.0,0.0,0.0,0.0,0.0,0.0,0.0,0.0,0.0,0.0,1.0,0.0,0.0,0.06632653061224492,0.09090909090909091,0.09090909090909091,0.0,0.05555555555555555,0,3,1,0,0,0,0,1,0.0,0.07,0.0,234000.0
10656324,1,0.0,1.0,0.0,1.0,0.0,0.0,0.0,0.0,0.0,0.0,0.0,0.0,0.0,0.0,0.0,0.0,0.0,1.0,0.0816326530612245,0.2727272727272727,0.09090909090909091,0.0,0.0,0,3,0,0,0,0,0,1,0.0,0.0,0.0002475971612526949,185000.0
10656337,1,0.0,1.0,0.0,1.0,0.0,0.0,0.0,0.0,0.0,0.0,0.0,0.0,0.0,0.0,0.0,0.0,1.0,0.0,0.23571428571428574,0.1818181818181818,0.2727272727272727,0.0,0.1111111111111111,0,3,0,0,0,0,0,1,0.0,0.0,0.0009665459554086683,745000.0
10656327,0,0.0,1.0,0.0,0.0,0.0,1.0,0.0,0.0,0.0,0.0,0.0,0.0,0.0,0.0,0.0,0.0,0.0,1.0,0.14183673469387756,0.1818181818181818,0.18181818181818182,0.0,0.0,0,0,1,0,0,0,0,1,0.0,0.12,0.0,355000.0
10656328,1,1.0,0.0,0.0,0.0,1.0,0.0,0.0,0.0,0.0,0.0,0.0,0.0,0.0,0.0,0.0,0.0,0.0,1.0,0.17244897959183675,0.2727272727272727,0.18181818181818182,0.0,0.1111111111111111,1,4,0,0,0,0,1,0,0.024,0.0,0.00011004318277897552,725000.0
10656338,0,0.0,1.0,0.0,0.0,0.0,0.0,0.0,0.0,0.0,0.0,0.0,0.0,0.0,1.0,0.0,0.0,1.0,0.0,0.0673469387755102,0.09090909090909091,0.18181818181818182,0.14285714285714285,0.1111111111111111,1,1,1,0,0,0,0,1,0.0,0.0,0.0,720000.0
10656339,0,0.0,1.0,0.0,0.0,0.0,0.0,0.0,0.0,0.0,0.0,0.0,0.0,0.0,1.0,0.0,0.0,1.0,0.0,0.0653061224489796,0.09090909090909091,0.18181818181818182,0.14285714285714285,0.1111111111111111,1,0,1,0,0,0,0,1,0.0,0.0,0.0,595000.0
10656340,1,0.0,1.0,0.0,0.0,0.0,0.0,0.0,0.0,0.0,0.0,0.0,0.0,0.0,1.0,0.0,0.0,1.0,0.0,0.09591836734693879,0.1818181818181818,0.18181818181818182,0.14285714285714285,0.1111111111111111,5,6,0,0,0,0,0,1,0.0,0.0,0.00020541394118742096,995000.0
10656343,1,0.0,0.0,1.0,0.0,0.0,0.0,0.0,0.0,0.0,0.0,0.0,0.0,1.0,0.0,0.0,0.0,0.0,1.0,0.19897959183673472,0.1818181818181818,0.09090909090909091,0.0,0.1111111111111111,2,3,0,0,0,0,1,1,1.0,0.2,0.001375539784737194,490000.0
10656354,1,0.0,1.0,0.0,0.0,0.0,0.0,0.0,0.0,1.0,0.0,0.0,0.0,0.0,0.0,0.0,0.0,1.0,0.0,0.17346938775510207,0.2727272727272727,0.09090909090909091,0.0,0.1111111111111111,3,6,0,0,0,0,1,1,1.0,0.35000000000000003,0.001439731641358263,365000.0
10656352,1,0.0,1.0,0.0,0.0,0.0,0.0,0.0,0.0,1.0,0.0,0.0,0.0,0.0,0.0,0.0,0.0,1.0,0.0,0.163265306122449,0.09090909090909091,0.09090909090909091,0.0,0.1111111111111111,3,6,0,0,0,0,1,0,0.20500000000000002,0.0,0.0002952825404569177,165000.0
10656344,1,0.0,0.0,1.0,0.0,0.0,0.0,0.0,0.0,0.0,0.0,0.0,0.0,1.0,0.0,0.0,0.0,0.0,1.0,0.35714285714285715,0.36363636363636365,0.4545454545454546,0.0,0.16666666666666666,2,3,0,0,1,0,1,1,1.0,1.0,0.0036681060926325175,1195000.0
10656357,0,1.0,0.0,0.0,0.0,1.0,0.0,0.0,0.0,0.0,0.0,0.0,0.0,0.0,0.0,0.0,1.0,0.0,0.0,0.04081632653061225,0.0,0.09090909090909091,0.0,0.05555555555555555,1,7,0,0,0,0,0,1,0.0,0.05,0.0,189000.0
10656342,0,0.0,1.0,0.0,0.0,0.0,0.0,0.0,0.0,0.0,0.0,0.0,0.0,0.0,1.0,0.0,0.0,1.0,0.0,0.07857142857142857,0.1818181818181818,0.18181818181818182,0.07142857142857142,0.1111111111111111,1,1,1,0,0,0,0,1,0.0,0.0,0.0,2095000.0
10656358,1,0.0,1.0,0.0,1.0,0.0,0.0,0.0,0.0,0.0,0.0,0.0,0.0,0.0,0.0,0.0,0.0,0.0,1.0,0.22959183673469388,0.36363636363636365,0.18181818181818182,0.0,0.16666666666666666,1,0,0,0,0,0,0,1,0.0,0.0,0.0006327483009791093,774500.0
10656363,0,0.0,1.0,0.0,1.0,0.0,0.0,0.0,0.0,0.0,0.0,0.0,0.0,0.0,0.0,0.0,0.0,1.0,0.0,0.06632653061224492,0.09090909090909091,0.09090909090909091,0.0,0.05555555555555555,3,1,1,0,0,0,0,1,0.0,0.07,0.0,169000.0
10656364,1,0.0,1.0,0.0,1.0,0.0,0.0,0.0,0.0,0.0,0.0,0.0,0.0,0.0,0.0,0.0,0.0,0.0,1.0,0.17142857142857146,0.1818181818181818,0.09090909090909091,0.0,0.0,0,3,0,0,0,0,0,1,0.0,0.0,0.00039890653757378625,529000.0
10656366,1,0.0,1.0,0.0,0.0,0.0,1.0,0.0,0.0,0.0,0.0,0.0,0.0,0.0,0.0,0.0,0.0,1.0,0.0,0.07244897959183674,0.09090909090909091,0.09090909090909091,0.07142857142857142,0.05555555555555555,4,6,0,0,0,0,1,0,0.125,0.0,0.00022925663078953234,179000.0
10656370,1,0.0,1.0,0.0,0.0,0.0,1.0,0.0,0.0,0.0,0.0,0.0,0.0,0.0,0.0,0.0,0.0,0.0,1.0,0.1836734693877551,0.2727272727272727,0.18181818181818182,0.07142857142857142,0.16666666666666666,3,4,0,0,0,0,0,1,0.0,0.0,0.0005227051182001338,439000.0
10656374,1,0.0,1.0,0.0,0.0,0.0,1.0,0.0,0.0,0.0,0.0,0.0,0.0,0.0,0.0,0.0,0.0,1.0,0.0,0.18571428571428575,0.1818181818181818,0.09090909090909091,0.0,0.1111111111111111,1,3,0,0,0,0,0,1,0.0,0.0,0.0002475971612526949,329000.0
10656367,1,0.0,1.0,0.0,0.0,0.0,0.0,0.0,0.0,1.0,0.0,0.0,0.0,0.0,0.0,0.0,0.0,0.0,1.0,0.10204081632653061,0.1818181818181818,0.09090909090909091,0.0,0.0,0,6,0,0,0,0,0,0,0.0,0.0,0.0005025305346906549,215000.0
10656371,1,0.0,1.0,0.0,0.0,0.0,1.0,0.0,0.0,0.0,0.0,0.0,0.0,0.0,0.0,0.0,0.0,0.0,1.0,0.1326530612244898,0.1818181818181818,0.09090909090909091,0.0,0.0,5,5,0,0,0,0,0,1,0.0,0.0,0.00033288062790640094,229000.0
10656375,1,0.0,1.0,0.0,0.0,0.0,1.0,0.0,0.0,0.0,0.0,0.0,0.0,0.0,0.0,0.0,0.0,0.0,1.0,0.17346938775510207,0.2727272727272727,0.09090909090909091,0.0,0.1111111111111111,3,6,0,0,0,0,1,1,0.4,0.0,0.0006052375052843654,298000.0
10656377,1,0.0,1.0,0.0,0.0,0.0,1.0,0.0,0.0,0.0,0.0,0.0,0.0,0.0,0.0,0.0,0.0,1.0,0.0,0.15306122448979595,0.1818181818181818,0.09090909090909091,0.0,0.05555555555555555,5,6,0,0,0,0,0,1,0.0,0.0,9.170265231581294e-05,178000.0
10656387,1,0.0,1.0,0.0,1.0,0.0,0.0,0.0,0.0,0.0,0.0,0.0,0.0,0.0,0.0,0.0,0.0,0.0,1.0,0.2306122448979592,0.2727272727272727,0.09090909090909091,0.0,0.0,0,3,0,0,0,0,0,1,0.0,0.0,0.0016579839538698978,925000.0
10656388,0,1.0,0.0,0.0,0.0,1.0,0.0,0.0,0.0,0.0,0.0,0.0,0.0,0.0,0.0,0.0,0.0,0.0,1.0,0.09489795918367347,0.09090909090909091,0.09090909090909091,0.0,0.0,4,0,0,0,0,0,0,1,0.0,0.04,0.0,320000.0
10656397,1,1.0,0.0,0.0,0.0,1.0,0.0,0.0,0.0,0.0,0.0,0.0,0.0,0.0,0.0,0.0,0.0,0.0,1.0,0.336734693877551,0.36363636363636365,0.4545454545454546,0.21428571428571427,0.16666666666666666,1,5,0,0,0,0,1,1,1.0,0.0,0.0013379416972877107,2950000.0
10656396,0,0.0,1.0,0.0,0.0,0.0,1.0,0.0,0.0,0.0,0.0,0.0,0.0,0.0,0.0,0.0,0.0,0.0,1.0,0.07142857142857142,0.09090909090909091,0.09090909090909091,0.0,0.05555555555555555,3,5,0,0,0,0,0,1,0.0,0.02,0.0,200000.0
10656392,1,0.0,0.0,1.0,0.0,0.0,0.0,0.0,0.0,0.0,1.0,0.0,0.0,0.0,0.0,0.0,1.0,0.0,0.0,0.1622448979591837,0.1818181818181818,0.09090909090909091,0.07142857142857142,0.1111111111111111,2,3,0,0,0,0,0,1,0.0,0.27,8.803454622318042e-05,269000.0
10656390,1,0.0,0.0,1.0,0.0,0.0,0.0,0.0,0.0,0.0,1.0,0.0,0.0,0.0,0.0,0.0,1.0,0.0,0.0,0.030612244897959183,0.09090909090909091,0.09090909090909091,0.07142857142857142,0.05555555555555555,1,5,0,0,0,0,0,0,0.0,0.0,3.2095928310534525e-05,125000.0
10656405,1,0.0,1.0,0.0,1.0,0.0,0.0,0.0,0.0,0.0,0.0,0.0,0.0,0.0,0.0,0.0,0.0,0.0,1.0,0.28061224489795916,0.36363636363636365,0.09090909090909091,0.07142857142857142,0.1111111111111111,0,2,0,0,0,0,1,1,0.34500000000000003,0.49,0.0005217880916769756,580000.0
10656412,1,0.0,1.0,0.0,1.0,0.0,0.0,0.0,0.0,0.0,0.0,0.0,0.0,0.0,0.0,0.0,0.0,0.0,1.0,0.4418367346938776,0.36363636363636365,0.2727272727272727,0.0,0.0,0,2,0,0,1,0,0,1,0.0,1.0,0.003998235640969444,2195000.0
10656402,1,0.0,0.0,1.0,0.0,0.0,0.0,0.0,1.0,0.0,0.0,0.0,0.0,0.0,0.0,0.0,0.0,0.0,1.0,0.17244897959183675,0.2727272727272727,0.18181818181818182,0.0,0.1111111111111111,1,1,0,0,0,0,0,0,0.0,0.0,0.0022008636555795103,391600.0
10656403,1,0.0,1.0,0.0,0.0,0.0,1.0,0.0,0.0,0.0,0.0,0.0,0.0,0.0,0.0,0.0,0.0,0.0,1.0,0.15816326530612246,0.09090909090909091,0.09090909090909091,0.0,0.1111111111111111,3,2,0,0,0,0,0,1,0.0,0.17,0.0002063309677105791,425000.0
10656398,1,0.0,1.0,0.0,1.0,0.0,0.0,0.0,0.0,0.0,0.0,0.0,0.0,0.0,0.0,0.0,0.0,0.0,1.0,0.10408163265306122,0.09090909090909091,0.09090909090909091,0.0,0.1111111111111111,0,1,0,0,0,0,0,1,0.0,0.0,0.00031912523005902903,429000.0
10656415,0,0.0,1.0,0.0,1.0,0.0,0.0,0.0,0.0,0.0,0.0,0.0,0.0,0.0,0.0,1.0,0.0,0.0,0.0,0.10918367346938776,0.1818181818181818,0.09090909090909091,0.0,0.05555555555555555,1,3,1,0,0,0,0,1,0.0,0.02,0.0,449000.0
10656414,1,0.0,1.0,0.0,0.0,0.0,0.0,1.0,0.0,0.0,0.0,0.0,0.0,0.0,0.0,0.0,1.0,0.0,0.0,0.11224489795918369,0.09090909090909091,0.09090909090909091,0.0,0.05555555555555555,3,6,0,0,0,0,0,1,0.0,0.9,0.0008629219582917998,475000.0
10656416,1,0.0,1.0,0.0,0.0,0.0,1.0,0.0,0.0,0.0,0.0,0.0,0.0,0.0,0.0,0.0,0.0,0.0,1.0,0.14285714285714288,0.1818181818181818,0.09090909090909091,0.0,0.1111111111111111,3,2,0,0,0,0,0,1,0.0,0.0,0.0001623136945989889,359000.0
10656417,0,0.0,1.0,0.0,0.0,0.0,1.0,0.0,0.0,0.0,0.0,0.0,0.0,0.0,0.0,0.0,0.0,1.0,0.0,0.06836734693877553,0.09090909090909091,0.09090909090909091,0.0,0.05555555555555555,4,3,1,0,0,0,0,1,0.0,0.0,0.0,165000.0
10656419,1,0.0,1.0,0.0,0.0,0.0,0.0,1.0,0.0,0.0,0.0,0.0,0.0,0.0,0.0,0.0,1.0,0.0,0.0,0.2612244897959184,0.1818181818181818,0.18181818181818182,0.14285714285714285,0.1111111111111111,3,5,0,0,0,0,0,1,0.0,0.0,0.0024209500211374614,899000.0
10656429,0,0.0,1.0,0.0,0.0,0.0,1.0,0.0,0.0,0.0,0.0,0.0,0.0,0.0,0.0,0.0,0.0,0.0,1.0,0.07142857142857142,0.09090909090909091,0.09090909090909091,0.0,0.0,0,2,1,0,0,0,0,1,0.0,0.11,0.0,259000.0
10525364,0,0.0,0.0,1.0,0.0,0.0,0.0,0.0,1.0,0.0,0.0,0.0,0.0,0.0,0.0,0.0,0.0,1.0,0.0,0.07959183673469389,0.09090909090909091,0.09090909090909091,0.0,0.0,3,5,0,1,0,0,0,0,0.0,0.0,0.0,135000.0
10656433,1,0.0,1.0,0.0,0.0,0.0,0.0,1.0,0.0,0.0,0.0,0.0,0.0,0.0,0.0,0.0,0.0,1.0,0.0,0.1306122448979592,0.2727272727272727,0.09090909090909091,0.0,0.1111111111111111,3,4,0,0,0,0,0,1,0.0,0.0,0.00033929981356850786,309000.0
10656430,0,0.0,1.0,0.0,0.0,0.0,1.0,0.0,0.0,0.0,0.0,0.0,0.0,0.0,0.0,0.0,0.0,0.0,1.0,0.07142857142857142,0.09090909090909091,0.09090909090909091,0.0,0.0,0,2,1,0,0,0,0,1,0.0,0.11,0.0,259000.0
10263203,0,0.0,1.0,0.0,0.0,0.0,0.0,0.0,0.0,0.0,0.0,0.0,0.0,0.0,1.0,0.0,0.0,0.0,1.0,0.0326530612244898,0.09090909090909091,0.0,0.0,0.05555555555555555,3,4,0,0,0,0,0,0,0.0,0.0,0.0,152000.0
10656467,0,0.0,1.0,0.0,0.0,0.0,1.0,0.0,0.0,0.0,0.0,0.0,0.0,0.0,0.0,0.0,0.0,0.0,1.0,0.1285714285714286,0.1818181818181818,0.18181818181818182,0.0,0.05555555555555555,1,0,1,0,0,0,0,1,0.0,0.15,0.0,601000.0
10656435,1,0.0,1.0,0.0,0.0,0.0,0.0,0.0,0.0,0.0,0.0,0.0,0.0,0.0,1.0,0.0,0.0,0.0,1.0,0.2448979591836735,0.1818181818181818,0.09090909090909091,0.07142857142857142,0.1111111111111111,1,6,0,0,0,0,1,1,1.0,0.6,0.0016277220786056795,595000.0
10656469,0,0.0,1.0,0.0,0.0,0.0,1.0,0.0,0.0,0.0,0.0,0.0,0.0,0.0,0.0,0.0,0.0,0.0,1.0,0.06122448979591837,0.09090909090909091,0.09090909090909091,0.0,0.05555555555555555,1,0,0,0,0,0,1,1,0.125,0.2,0.0,317000.0
10656476,0,0.0,1.0,0.0,0.0,0.0,1.0,0.0,0.0,0.0,0.0,0.0,0.0,0.0,0.0,1.0,0.0,0.0,0.0,0.07653061224489796,0.09090909090909091,0.09090909090909091,0.0,0.05555555555555555,3,2,1,0,0,0,0,1,0.0,0.05,0.0,395000.0
10656468,0,0.0,1.0,0.0,0.0,0.0,1.0,0.0,0.0,0.0,0.0,0.0,0.0,0.0,0.0,0.0,0.0,0.0,1.0,0.06326530612244899,0.09090909090909091,0.09090909090909091,0.0,0.05555555555555555,1,0,1,0,0,0,0,1,0.0,0.13,0.0,366000.0
10656478,1,0.0,1.0,0.0,0.0,0.0,1.0,0.0,0.0,0.0,0.0,0.0,0.0,0.0,0.0,0.0,1.0,0.0,0.0,0.13571428571428573,0.1818181818181818,0.09090909090909091,0.07142857142857142,0.1111111111111111,0,1,0,0,0,0,1,1,0.16,0.19,0.0002787760630400713,566800.0
10656479,1,0.0,1.0,0.0,0.0,0.0,1.0,0.0,0.0,0.0,0.0,0.0,0.0,0.0,0.0,0.0,1.0,0.0,0.0,0.13571428571428573,0.1818181818181818,0.09090909090909091,0.07142857142857142,0.1111111111111111,0,1,0,0,0,0,1,1,0.136,0.19,0.00026226958562322497,560000.0
10656477,1,0.0,1.0,0.0,0.0,0.0,1.0,0.0,0.0,0.0,0.0,0.0,0.0,0.0,0.0,0.0,1.0,0.0,0.0,0.13571428571428573,0.1818181818181818,0.09090909090909091,0.07142857142857142,0.1111111111111111,0,1,0,0,0,0,1,1,0.258,0.18,0.000368644662309568,640000.0
10656487,0,0.0,1.0,0.0,0.0,0.0,1.0,0.0,0.0,0.0,0.0,0.0,0.0,0.0,0.0,0.0,0.0,0.0,1.0,0.1285714285714286,0.1818181818181818,0.18181818181818182,0.0,0.05555555555555555,1,1,1,0,0,0,0,1,0.0,0.11,0.0,426000.0
10656484,0,0.0,1.0,0.0,0.0,0.0,1.0,0.0,0.0,0.0,0.0,0.0,0.0,0.0,0.0,0.0,0.0,0.0,1.0,0.057142857142857155,0.0,0.09090909090909091,0.0,0.05555555555555555,1,0,1,0,0,0,0,1,0.0,0.11,0.0,275000.0
10656488,0,0.0,1.0,0.0,0.0,0.0,1.0,0.0,0.0,0.0,0.0,0.0,0.0,0.0,0.0,0.0,0.0,0.0,1.0,0.057142857142857155,0.0,0.09090909090909091,0.0,0.05555555555555555,1,1,1,0,0,0,0,1,0.0,0.11,0.0,269000.0
10656486,0,0.0,1.0,0.0,0.0,0.0,1.0,0.0,0.0,0.0,0.0,0.0,0.0,0.0,0.0,0.0,0.0,0.0,1.0,0.1306122448979592,0.1818181818181818,0.18181818181818182,0.0,0.05555555555555555,1,1,1,0,0,0,0,1,0.0,0.11,0.0,429500.0
10656485,0,0.0,1.0,0.0,0.0,0.0,1.0,0.0,0.0,0.0,0.0,0.0,0.0,0.0,0.0,0.0,0.0,0.0,1.0,0.1479591836734694,0.09090909090909091,0.18181818181818182,0.0,0.05555555555555555,1,1,1,0,0,0,0,1,0.0,0.11,0.0,412500.0
10656489,0,0.0,1.0,0.0,0.0,0.0,1.0,0.0,0.0,0.0,0.0,0.0,0.0,0.0,0.0,0.0,0.0,0.0,1.0,0.10816326530612247,0.1818181818181818,0.18181818181818182,0.0,0.05555555555555555,1,1,1,0,0,0,0,1,0.0,0.11,0.0,369500.0
10656490,0,0.0,1.0,0.0,0.0,0.0,1.0,0.0,0.0,0.0,0.0,0.0,0.0,0.0,0.0,0.0,0.0,0.0,1.0,0.09285714285714286,0.1818181818181818,0.18181818181818182,0.0,0.05555555555555555,1,1,1,0,0,0,0,1,0.0,0.1,0.0,360000.0
10656491,0,0.0,1.0,0.0,0.0,0.0,1.0,0.0,0.0,0.0,0.0,0.0,0.0,0.0,0.0,0.0,0.0,0.0,1.0,0.07857142857142857,0.09090909090909091,0.09090909090909091,0.0,0.05555555555555555,1,1,1,0,0,0,0,1,0.0,0.1,0.0,328500.0
10656496,0,0.0,1.0,0.0,0.0,0.0,1.0,0.0,0.0,0.0,0.0,0.0,0.0,0.0,0.0,0.0,0.0,0.0,1.0,0.06632653061224492,0.0,0.09090909090909091,0.0,0.05555555555555555,1,1,1,0,0,0,0,1,0.0,0.11,0.0,265000.0
10656495,0,0.0,1.0,0.0,0.0,0.0,1.0,0.0,0.0,0.0,0.0,0.0,0.0,0.0,0.0,0.0,0.0,0.0,1.0,0.07857142857142857,0.09090909090909091,0.09090909090909091,0.0,0.05555555555555555,1,1,1,0,0,0,0,1,0.0,0.1,0.0,316000.0
10656492,0,0.0,1.0,0.0,0.0,0.0,1.0,0.0,0.0,0.0,0.0,0.0,0.0,0.0,0.0,0.0,0.0,0.0,1.0,0.057142857142857155,0.0,0.09090909090909091,0.0,0.05555555555555555,1,1,1,0,0,0,0,1,0.0,0.11,0.0,265000.0
10656493,0,0.0,1.0,0.0,0.0,0.0,1.0,0.0,0.0,0.0,0.0,0.0,0.0,0.0,0.0,0.0,0.0,0.0,1.0,0.10816326530612247,0.09090909090909091,0.09090909090909091,0.0,0.05555555555555555,1,1,1,0,0,0,0,1,0.0,0.11,0.0,366000.0
10656494,0,0.0,1.0,0.0,0.0,0.0,1.0,0.0,0.0,0.0,0.0,0.0,0.0,0.0,0.0,0.0,0.0,0.0,1.0,0.09387755102040818,0.1818181818181818,0.09090909090909091,0.0,0.05555555555555555,1,1,1,0,0,0,0,1,0.0,0.1,0.0,356000.0
10656497,0,0.0,1.0,0.0,0.0,0.0,1.0,0.0,0.0,0.0,0.0,0.0,0.0,0.0,0.0,0.0,0.0,0.0,1.0,0.07653061224489796,0.09090909090909091,0.09090909090909091,0.0,0.0,1,0,1,0,0,0,0,1,0.0,0.11,0.0,286000.0
10656500,0,0.0,1.0,0.0,0.0,0.0,1.0,0.0,0.0,0.0,0.0,0.0,0.0,0.0,0.0,0.0,0.0,0.0,1.0,0.09285714285714286,0.09090909090909091,0.09090909090909091,0.0,0.05555555555555555,1,1,1,0,0,0,0,1,0.0,0.1,0.0,339000.0
10656499,0,0.0,1.0,0.0,0.0,0.0,1.0,0.0,0.0,0.0,0.0,0.0,0.0,0.0,0.0,0.0,0.0,0.0,1.0,0.057142857142857155,0.0,0.09090909090909091,0.0,0.05555555555555555,1,1,1,0,0,0,0,1,0.0,0.11,0.0,259000.0
10656533,1,0.0,0.0,1.0,0.0,0.0,0.0,0.0,1.0,0.0,0.0,0.0,0.0,0.0,0.0,0.0,0.0,0.0,1.0,0.1326530612244898,0.1818181818181818,0.2727272727272727,0.21428571428571427,0.16666666666666666,1,4,0,0,0,0,0,1,0.0,0.25,0.00018340530463162587,195000.0
10656544,1,0.0,0.0,1.0,0.0,0.0,0.0,0.0,1.0,0.0,0.0,0.0,0.0,0.0,0.0,1.0,0.0,0.0,0.0,0.3877551020408163,0.7272727272727273,0.4545454545454546,0.0,0.0,0,4,0,0,0,0,0,1,0.0,0.03,0.0,470000.0
10656498,0,0.0,1.0,0.0,0.0,0.0,1.0,0.0,0.0,0.0,0.0,0.0,0.0,0.0,0.0,0.0,0.0,0.0,1.0,0.0673469387755102,0.0,0.09090909090909091,0.0,0.05555555555555555,1,1,1,0,0,0,0,1,0.0,0.11,0.0,269000.0
10656501,0,0.0,1.0,0.0,0.0,0.0,1.0,0.0,0.0,0.0,0.0,0.0,0.0,0.0,0.0,0.0,0.0,0.0,1.0,0.09489795918367347,0.1818181818181818,0.18181818181818182,0.0,0.05555555555555555,1,1,1,0,0,0,0,1,0.0,0.15,0.0,356000.0
10656547,0,0.0,0.0,1.0,0.0,0.0,0.0,0.0,1.0,0.0,0.0,0.0,0.0,0.0,0.0,0.0,1.0,0.0,0.0,0.06326530612244899,0.09090909090909091,0.09090909090909091,0.0,0.0,0,3,0,0,0,0,0,1,0.0,0.0,0.0,165000.0
10656559,1,0.0,0.0,1.0,0.0,0.0,0.0,0.0,0.0,0.0,1.0,0.0,0.0,0.0,0.0,0.0,1.0,0.0,0.0,0.07653061224489796,0.0,0.09090909090909091,0.07142857142857142,0.1111111111111111,1,7,0,0,0,0,1,1,0.067,0.13,0.000134802898904245,159000.0
10656551,1,0.0,0.0,1.0,0.0,0.0,0.0,0.0,1.0,0.0,0.0,0.0,0.0,0.0,0.0,0.0,0.0,0.0,1.0,0.12244897959183676,0.1818181818181818,0.18181818181818182,0.07142857142857142,0.1111111111111111,2,6,0,0,0,0,0,0,0.0,0.0,9.170265231581294e-05,185000.0
10656552,1,0.0,0.0,1.0,0.0,0.0,0.0,0.0,1.0,0.0,0.0,0.0,0.0,0.0,0.0,0.0,1.0,0.0,0.0,0.06122448979591837,0.09090909090909091,0.09090909090909091,0.07142857142857142,0.05555555555555555,5,7,0,0,0,0,0,0,0.0,0.0,0.0,69000.0
10656556,0,0.0,0.0,1.0,0.0,0.0,0.0,0.0,0.0,0.0,0.0,1.0,0.0,0.0,0.0,0.0,0.0,0.0,1.0,0.059183673469387764,0.0,0.09090909090909091,0.0,0.05555555555555555,1,3,0,0,0,0,0,1,0.0,0.04,0.0,208000.0
10525477,0,0.0,1.0,0.0,0.0,0.0,0.0,0.0,0.0,0.0,0.0,0.0,0.0,0.0,1.0,0.0,0.0,1.0,0.0,0.059183673469387764,0.1818181818181818,0.18181818181818182,0.0,0.1111111111111111,0,1,0,0,0,0,0,0,0.0,0.0,0.0,795000.0
10656567,0,0.0,1.0,0.0,1.0,0.0,0.0,0.0,0.0,0.0,0.0,0.0,0.0,0.0,0.0,0.0,0.0,0.0,1.0,0.03775510204081633,0.0,0.09090909090909091,0.0,0.05555555555555555,3,3,1,0,0,0,0,0,0.0,0.0,0.0,218000.0
10656564,1,0.0,0.0,1.0,0.0,0.0,0.0,0.0,0.0,0.0,1.0,0.0,0.0,0.0,0.0,0.0,0.0,0.0,1.0,0.0816326530612245,0.09090909090909091,0.09090909090909091,0.0,0.1111111111111111,2,5,0,0,0,0,1,1,0.15,0.5,0.0004282513863148464,280000.0
10656563,1,0.0,1.0,0.0,0.0,0.0,1.0,0.0,0.0,0.0,0.0,0.0,0.0,0.0,0.0,0.0,0.0,0.0,1.0,0.2489795918367347,0.36363636363636365,0.18181818181818182,0.14285714285714285,0.1111111111111111,5,4,0,0,0,0,0,1,0.0,0.0,0.003381993817407181,630000.0
10656568,0,0.0,1.0,0.0,1.0,0.0,0.0,0.0,0.0,0.0,0.0,0.0,0.0,0.0,0.0,0.0,1.0,0.0,0.0,0.03775510204081633,0.0,0.09090909090909091,0.0,0.05555555555555555,3,3,1,0,0,0,0,0,0.0,0.0,0.0,218000.0
10656569,1,0.0,1.0,0.0,0.0,0.0,1.0,0.0,0.0,0.0,0.0,0.0,0.0,0.0,0.0,0.0,0.0,0.0,1.0,0.23673469387755106,0.1818181818181818,0.09090909090909091,0.0,0.1111111111111111,3,4,0,0,0,0,1,1,0.6880000000000001,1.0,0.0009628778493160358,460000.0
10656574,1,0.0,1.0,0.0,0.0,0.0,0.0,1.0,0.0,0.0,0.0,0.0,0.0,0.0,0.0,0.0,0.0,0.0,1.0,0.1326530612244898,0.1818181818181818,0.09090909090909091,0.0,0.1111111111111111,4,5,0,0,0,0,0,0,0.0,0.0,0.0002751079569474388,345000.0
10263351,0,1.0,0.0,0.0,0.0,1.0,0.0,0.0,0.0,0.0,0.0,0.0,0.0,0.0,0.0,0.0,1.0,0.0,0.0,0.22244897959183677,0.1818181818181818,0.09090909090909091,0.14285714285714285,0.16666666666666666,1,3,1,0,0,0,0,1,0.0,0.2,0.0,1595000.0
10656570,1,0.0,1.0,0.0,0.0,0.0,0.0,1.0,0.0,0.0,0.0,0.0,0.0,0.0,0.0,0.0,0.0,0.0,1.0,0.1489795918367347,0.1818181818181818,0.09090909090909091,0.0,0.16666666666666666,5,6,0,0,0,0,0,1,0.0,0.0,0.0008775943826623298,250000.0
10656572,0,1.0,0.0,0.0,0.0,1.0,0.0,0.0,0.0,0.0,0.0,0.0,0.0,0.0,0.0,0.0,1.0,0.0,0.0,0.06632653061224492,0.09090909090909091,0.09090909090909091,0.0,0.05555555555555555,3,4,0,1,0,0,1,1,0.09,0.2,0.0,325000.0
10656576,1,0.0,1.0,0.0,0.0,0.0,1.0,0.0,0.0,0.0,0.0,0.0,0.0,0.0,0.0,0.0,0.0,1.0,0.0,0.163265306122449,0.09090909090909091,0.09090909090909091,0.0,0.0,0,3,0,0,0,0,1,0,0.1,0.0,0.0003026187526421827,215000.0
10656578,1,0.0,1.0,0.0,1.0,0.0,0.0,0.0,0.0,0.0,0.0,0.0,0.0,0.0,0.0,0.0,0.0,0.0,1.0,0.2857142857142857,0.36363636363636365,0.18181818181818182,0.14285714285714285,0.16666666666666666,3,4,0,0,0,0,0,1,0.0,0.0,0.0016047964155267264,718000.0
10656577,1,0.0,1.0,0.0,1.0,0.0,0.0,0.0,0.0,0.0,0.0,0.0,0.0,0.0,0.0,0.0,0.0,1.0,0.0,0.06938775510204082,0.0,0.09090909090909091,0.07142857142857142,0.05555555555555555,3,6,0,0,0,0,0,0,0.0,0.0,2.2008636555795105e-05,225000.0
10656579,1,0.0,1.0,0.0,1.0,0.0,0.0,0.0,0.0,0.0,0.0,0.0,0.0,0.0,0.0,0.0,0.0,1.0,0.0,0.09183673469387757,0.09090909090909091,0.09090909090909091,0.07142857142857142,0.05555555555555555,3,5,0,0,0,0,0,1,0.0,0.0,0.00011004318277897552,295000.0
10656582,0,1.0,0.0,0.0,0.0,1.0,0.0,0.0,0.0,0.0,0.0,0.0,0.0,0.0,0.0,1.0,0.0,0.0,0.0,0.13775510204081634,0.09090909090909091,0.2727272727272727,0.21428571428571427,0.16666666666666666,3,0,1,0,0,0,0,1,0.0,0.22,0.0,825000.0
10656581,1,0.0,1.0,0.0,0.0,0.0,0.0,0.0,0.0,0.0,0.0,0.0,0.0,0.0,1.0,0.0,1.0,0.0,0.0,0.21938775510204084,0.2727272727272727,0.09090909090909091,0.0,0.1111111111111111,4,6,0,0,0,0,0,1,0.0,0.0,0.0012077239309992564,675000.0
10656584,1,0.0,1.0,0.0,1.0,0.0,0.0,0.0,0.0,0.0,0.0,0.0,0.0,0.0,0.0,0.0,0.0,0.0,1.0,0.35408163265306125,0.36363636363636365,0.2727272727272727,0.0,0.0,0,3,0,0,0,0,0,1,0.0,0.0,0.0036607698804472523,1500000.0
10656583,0,0.0,1.0,0.0,1.0,0.0,0.0,0.0,0.0,0.0,0.0,0.0,0.0,0.0,0.0,0.0,0.0,0.0,1.0,0.05306122448979592,0.09090909090909091,0.09090909090909091,0.07142857142857142,0.05555555555555555,1,2,1,0,0,0,0,1,0.0,0.1,0.0,295000.0
10656586,1,0.0,1.0,0.0,1.0,0.0,0.0,0.0,0.0,0.0,0.0,0.0,0.0,0.0,0.0,0.0,0.0,0.0,1.0,0.7183673469387756,0.36363636363636365,0.36363636363636365,0.07142857142857142,0.2777777777777778,0,3,0,0,1,0,0,1,0.0,0.0,0.0034324302761808783,1850000.0
10656587,0,0.0,1.0,0.0,1.0,0.0,0.0,0.0,0.0,0.0,0.0,0.0,0.0,0.0,0.0,0.0,0.0,0.0,1.0,0.07653061224489796,0.0,0.09090909090909091,0.0,0.0,0,2,0,0,0,0,0,0,0.0,0.0,0.0,239000.0
10656588,0,0.0,1.0,0.0,1.0,0.0,0.0,0.0,0.0,0.0,0.0,0.0,0.0,0.0,0.0,0.0,0.0,0.0,1.0,0.12448979591836737,0.09090909090909091,0.18181818181818182,0.0,0.1111111111111111,0,2,0,0,0,0,0,1,0.0,0.23,0.0,329000.0
10656596,1,0.0,0.0,1.0,0.0,0.0,0.0,0.0,0.0,0.0,0.0,1.0,0.0,0.0,0.0,0.0,0.0,0.0,1.0,0.5918367346938775,0.6363636363636364,0.7272727272727273,0.5714285714285714,0.5,1,3,0,0,1,0,1,1,1.0,1.0,0.005361854080905582,1150000.0
10656585,1,0.0,1.0,0.0,1.0,0.0,0.0,0.0,0.0,0.0,0.0,0.0,0.0,0.0,0.0,0.0,0.0,0.0,1.0,0.163265306122449,0.2727272727272727,0.09090909090909091,0.0,0.1111111111111111,5,6,0,0,0,0,1,1,0.15,0.2,0.0002751079569474388,375000.0
10656597,1,0.0,0.0,1.0,0.0,0.0,0.0,0.0,0.0,0.0,0.0,1.0,0.0,0.0,0.0,0.0,0.0,0.0,1.0,0.213265306122449,0.2727272727272727,0.09090909090909091,0.07142857142857142,0.1111111111111111,1,5,0,0,0,0,1,1,0.225,0.0,0.00036681060926325174,349000.0
10656598,1,0.0,0.0,1.0,0.0,0.0,0.0,0.0,0.0,0.0,0.0,0.0,1.0,0.0,0.0,0.0,0.0,0.0,1.0,0.12244897959183676,0.1818181818181818,0.09090909090909091,0.07142857142857142,0.05555555555555555,3,5,0,0,0,0,0,1,0.0,0.0,0.00018707341072425837,209000.0
10656599,1,0.0,0.0,1.0,0.0,0.0,0.0,0.0,0.0,0.0,0.0,1.0,0.0,0.0,0.0,0.0,0.0,0.0,1.0,0.18469387755102043,0.36363636363636365,0.09090909090909091,0.07142857142857142,0.1111111111111111,1,2,0,0,1,0,1,1,1.0,0.3,0.0011426150478550292,385000.0
10656603,1,1.0,0.0,0.0,0.0,1.0,0.0,0.0,0.0,0.0,0.0,0.0,0.0,0.0,0.0,0.0,0.0,0.0,1.0,0.10204081632653061,0.1818181818181818,0.09090909090909091,0.07142857142857142,0.1111111111111111,5,7,0,0,0,0,1,1,0.08,0.12,0.00018615638420110025,315000.0
10656604,0,1.0,0.0,0.0,0.0,1.0,0.0,0.0,0.0,0.0,0.0,0.0,0.0,0.0,0.0,0.0,1.0,0.0,0.0,0.10204081632653061,0.1818181818181818,0.18181818181818182,0.0,0.0,5,0,1,0,0,0,0,1,0.0,0.08,0.0,310000.0
10656608,0,0.0,1.0,0.0,0.0,0.0,1.0,0.0,0.0,0.0,0.0,0.0,0.0,0.0,0.0,1.0,0.0,0.0,0.0,0.06122448979591837,0.09090909090909091,0.09090909090909091,0.0,0.05555555555555555,3,1,1,0,0,0,0,1,0.0,0.05,0.0,359000.0
10656605,0,1.0,0.0,0.0,0.0,1.0,0.0,0.0,0.0,0.0,0.0,0.0,0.0,0.0,0.0,0.0,1.0,0.0,0.0,0.04081632653061225,0.09090909090909091,0.18181818181818182,0.14285714285714285,0.1111111111111111,1,4,0,0,0,0,0,1,0.0,0.02,0.0,269000.0
10656609,1,0.0,1.0,0.0,1.0,0.0,0.0,0.0,0.0,0.0,0.0,0.0,0.0,0.0,0.0,0.0,0.0,0.0,1.0,0.639795918367347,0.2727272727272727,0.2727272727272727,0.0,0.2777777777777778,1,1,1,0,0,0,0,1,0.0,0.0,0.004710765249463311,4950000.0
10656613,0,0.0,1.0,0.0,1.0,0.0,0.0,0.0,0.0,0.0,0.0,0.0,0.0,0.0,0.0,0.0,0.0,0.0,1.0,0.08469387755102042,0.09090909090909091,0.09090909090909091,0.0,0.05555555555555555,3,2,0,0,0,0,0,1,0.0,0.0,0.0,290000.0
10656611,0,0.0,1.0,0.0,1.0,0.0,0.0,0.0,0.0,0.0,0.0,0.0,0.0,0.0,0.0,0.0,0.0,0.0,1.0,0.09591836734693879,0.09090909090909091,0.09090909090909091,0.0,0.05555555555555555,3,2,0,0,0,0,0,1,0.0,0.0,0.0,300000.0
10656610,0,0.0,1.0,0.0,1.0,0.0,0.0,0.0,0.0,0.0,0.0,0.0,0.0,0.0,0.0,0.0,0.0,0.0,1.0,0.09387755102040818,0.09090909090909091,0.09090909090909091,0.0,0.05555555555555555,3,2,0,0,0,0,0,1,0.0,0.0,0.0,315000.0
10656612,0,0.0,1.0,0.0,1.0,0.0,0.0,0.0,0.0,0.0,0.0,0.0,0.0,0.0,0.0,0.0,0.0,0.0,1.0,0.07857142857142857,0.09090909090909091,0.09090909090909091,0.0,0.05555555555555555,3,6,0,0,0,0,0,1,0.0,0.0,0.0,260000.0
10656618,1,0.0,1.0,0.0,0.0,0.0,0.0,1.0,0.0,0.0,0.0,0.0,0.0,0.0,0.0,0.0,0.0,0.0,1.0,0.25510204081632654,0.1818181818181818,0.09090909090909091,0.0,0.1111111111111111,1,0,0,0,0,0,0,0,0.0,0.0,0.0008711751970002228,586900.0
10656619,1,0.0,0.0,1.0,0.0,0.0,0.0,0.0,0.0,0.0,0.0,0.0,1.0,0.0,0.0,1.0,0.0,0.0,0.0,0.10306122448979593,0.36363636363636365,0.2727272727272727,0.21428571428571427,0.16666666666666666,4,7,0,0,0,0,0,0,0.0,0.0,0.00027143985085480626,210000.0
10656620,1,0.0,0.0,1.0,0.0,0.0,0.0,0.0,0.0,0.0,0.0,0.0,1.0,0.0,0.0,1.0,0.0,0.0,0.0,0.10306122448979593,0.36363636363636365,0.2727272727272727,0.21428571428571427,0.16666666666666666,4,7,0,0,0,0,0,0,0.0,0.0,0.00027143985085480626,210000.0
10656622,1,0.0,1.0,0.0,0.0,0.0,0.0,1.0,0.0,0.0,0.0,0.0,0.0,0.0,0.0,0.0,0.0,0.0,1.0,0.1510204081632653,0.09090909090909091,0.09090909090909091,0.0,0.1111111111111111,5,3,0,0,0,0,1,1,0.48,0.0,0.0006721804414749088,349000.0
10656621,1,0.0,1.0,0.0,0.0,0.0,0.0,1.0,0.0,0.0,0.0,0.0,0.0,0.0,0.0,0.0,0.0,0.0,1.0,0.12040816326530615,0.09090909090909091,0.09090909090909091,0.0,0.1111111111111111,5,5,0,0,0,0,1,1,0.5,0.2,0.0005997353461454166,315000.0
10656623,1,0.0,1.0,0.0,1.0,0.0,0.0,0.0,0.0,0.0,0.0,0.0,0.0,0.0,0.0,0.0,0.0,1.0,0.0,0.11224489795918369,0.09090909090909091,0.09090909090909091,0.07142857142857142,0.05555555555555555,0,6,0,0,0,0,1,1,0.125,0.0,0.0002063309677105791,209900.0
10656625,1,0.0,0.0,1.0,0.0,0.0,0.0,0.0,0.0,0.0,0.0,0.0,0.0,1.0,0.0,0.0,0.0,0.0,1.0,0.18571428571428575,0.2727272727272727,0.09090909090909091,0.07142857142857142,0.1111111111111111,5,7,0,0,0,0,1,1,0.105,0.2,0.0003026187526421827,295000.0
10656626,0,1.0,0.0,0.0,0.0,1.0,0.0,0.0,0.0,0.0,0.0,0.0,0.0,0.0,0.0,0.0,1.0,0.0,0.0,0.04693877551020408,0.0,0.09090909090909091,0.07142857142857142,0.05555555555555555,0,1,1,0,0,0,0,1,0.0,0.11,0.0,240000.0
10656629,0,0.0,1.0,0.0,0.0,0.0,0.0,0.0,0.0,0.0,0.0,0.0,0.0,0.0,1.0,0.0,0.0,1.0,0.0,0.07857142857142857,0.1818181818181818,0.09090909090909091,0.0,0.1111111111111111,3,2,1,0,0,0,0,1,0.0,0.03,0.0,449000.0
10656627,0,1.0,0.0,0.0,0.0,1.0,0.0,0.0,0.0,0.0,0.0,0.0,0.0,0.0,0.0,0.0,1.0,0.0,0.0,0.07653061224489796,0.09090909090909091,0.09090909090909091,0.07142857142857142,0.05555555555555555,0,1,1,0,0,0,0,1,0.0,0.11,0.0,285500.0
10656632,0,1.0,0.0,0.0,0.0,1.0,0.0,0.0,0.0,0.0,0.0,0.0,0.0,0.0,0.0,0.0,0.0,1.0,0.0,0.07653061224489796,0.09090909090909091,0.09090909090909091,0.0,0.05555555555555555,5,5,1,0,0,0,0,1,0.0,0.18,0.0,245000.0
10656631,0,0.0,1.0,0.0,0.0,0.0,0.0,0.0,0.0,0.0,0.0,0.0,0.0,0.0,1.0,0.0,0.0,1.0,0.0,0.11224489795918369,0.1818181818181818,0.18181818181818182,0.0,0.1111111111111111,1,0,1,0,0,0,0,1,0.0,0.13,0.0,2975000.0
10656633,1,0.0,1.0,0.0,0.0,0.0,1.0,0.0,0.0,0.0,0.0,0.0,0.0,0.0,0.0,0.0,0.0,0.0,1.0,0.18775510204081636,0.1818181818181818,0.09090909090909091,0.0,0.1111111111111111,2,2,0,0,0,0,0,1,0.0,0.0,0.00047960487161170166,498000.0
10656628,0,1.0,0.0,0.0,0.0,1.0,0.0,0.0,0.0,0.0,0.0,0.0,0.0,0.0,0.0,0.0,1.0,0.0,0.0,0.10102040816326532,0.1818181818181818,0.09090909090909091,0.07142857142857142,0.1111111111111111,0,1,1,0,0,0,0,1,0.0,0.16,0.0,355000.0
10656640,0,1.0,0.0,0.0,0.0,1.0,0.0,0.0,0.0,0.0,0.0,0.0,0.0,0.0,0.0,0.0,1.0,0.0,0.0,0.05000000000000001,0.09090909090909091,0.09090909090909091,0.0,0.05555555555555555,4,5,0,0,0,0,0,1,0.0,0.08,0.0,215000.0
10656635,0,1.0,0.0,0.0,0.0,1.0,0.0,0.0,0.0,0.0,0.0,0.0,0.0,0.0,0.0,0.0,1.0,0.0,0.0,0.1642857142857143,0.2727272727272727,0.2727272727272727,0.0,0.1111111111111111,5,5,1,0,0,0,0,0,0.0,0.0,0.0,599000.0
10656637,0,1.0,0.0,0.0,0.0,1.0,0.0,0.0,0.0,0.0,0.0,0.0,0.0,0.0,0.0,0.0,0.0,0.0,1.0,0.05612244897959184,0.09090909090909091,0.09090909090909091,0.0,0.05555555555555555,4,7,0,0,0,0,0,1,0.0,0.04,0.0,235000.0
10656639,1,1.0,0.0,0.0,0.0,1.0,0.0,0.0,0.0,0.0,0.0,0.0,0.0,0.0,0.0,0.0,1.0,0.0,0.0,0.0326530612244898,0.0,0.09090909090909091,0.0,0.1111111111111111,4,6,0,0,0,0,0,0,0.0,0.0,4.7685379204222725e-05,175000.0
10656638,0,1.0,0.0,0.0,0.0,1.0,0.0,0.0,0.0,0.0,0.0,0.0,0.0,0.0,0.0,0.0,0.0,0.0,1.0,0.08469387755102042,0.09090909090909091,0.09090909090909091,0.0,0.05555555555555555,5,5,0,0,0,0,0,0,0.0,0.0,0.0,275000.0
10656624,1,0.0,0.0,1.0,0.0,0.0,0.0,0.0,0.0,0.0,0.0,0.0,0.0,1.0,0.0,0.0,0.0,0.0,1.0,0.23469387755102042,0.1818181818181818,0.18181818181818182,0.14285714285714285,0.16666666666666666,3,0,0,0,0,0,1,1,1.0,0.53,0.0013773738377835102,975000.0
10656644,0,0.0,1.0,0.0,0.0,0.0,0.0,0.0,0.0,0.0,0.0,0.0,0.0,0.0,1.0,0.0,0.0,1.0,0.0,0.05306122448979592,0.0,0.09090909090909091,0.0,0.05555555555555555,3,5,1,0,0,0,0,0,0.0,0.0,0.0,169000.0
10656646,1,1.0,0.0,0.0,0.0,1.0,0.0,0.0,0.0,0.0,0.0,0.0,0.0,0.0,0.0,1.0,0.0,0.0,0.0,0.163265306122449,0.1818181818181818,0.2727272727272727,0.2857142857142857,0.0,3,5,0,0,0,0,0,0,0.0,0.0,5.960672400527841e-05,489000.0
10656652,1,0.0,1.0,0.0,1.0,0.0,0.0,0.0,0.0,0.0,0.0,0.0,0.0,0.0,0.0,0.0,0.0,1.0,0.0,0.10306122448979593,0.1818181818181818,0.09090909090909091,0.0,0.1111111111111111,1,2,0,0,0,0,0,1,0.0,0.0,7.336212185265035e-05,470000.0
10656642,0,1.0,0.0,0.0,0.0,1.0,0.0,0.0,0.0,0.0,0.0,0.0,0.0,0.0,0.0,0.0,1.0,0.0,0.0,0.0326530612244898,0.0,0.09090909090909091,0.0,0.1111111111111111,4,6,0,0,0,0,0,0,0.0,0.0,0.0,175000.0
10656653,1,0.0,1.0,0.0,1.0,0.0,0.0,0.0,0.0,0.0,0.0,0.0,0.0,0.0,0.0,0.0,0.0,1.0,0.0,0.11224489795918369,0.1818181818181818,0.09090909090909091,0.0,0.1111111111111111,1,0,0,0,0,0,0,0,0.0,0.0,0.0,485000.0
10656650,1,0.0,1.0,0.0,0.0,0.0,0.0,1.0,0.0,0.0,0.0,0.0,0.0,0.0,0.0,0.0,0.0,0.0,1.0,0.1479591836734694,0.1818181818181818,0.09090909090909091,0.0,0.1111111111111111,3,4,0,0,1,0,0,1,0.0,0.0,0.0008023982077633632,469000.0
10656647,1,0.0,1.0,0.0,0.0,0.0,0.0,1.0,0.0,0.0,0.0,0.0,0.0,0.0,0.0,0.0,0.0,0.0,1.0,0.1469387755102041,0.1818181818181818,0.09090909090909091,0.0,0.0,1,2,0,0,0,0,0,1,0.0,0.0,0.00031178901787376397,465000.0
10656649,0,0.0,1.0,0.0,1.0,0.0,0.0,0.0,0.0,0.0,0.0,0.0,0.0,0.0,0.0,1.0,0.0,0.0,0.0,0.163265306122449,0.09090909090909091,0.18181818181818182,0.0,0.1111111111111111,1,2,0,0,0,0,0,1,0.0,0.15,0.0,745000.0
10656648,1,0.0,1.0,0.0,0.0,0.0,0.0,0.0,0.0,0.0,0.0,0.0,0.0,0.0,1.0,0.0,0.0,1.0,0.0,0.5193877551020408,0.36363636363636365,0.09090909090909091,0.07142857142857142,0.1111111111111111,1,3,0,0,0,0,1,1,0.37,0.7000000000000001,0.0005979012930991003,875000.0
10656656,0,0.0,0.0,1.0,0.0,0.0,0.0,0.0,0.0,0.0,0.0,1.0,0.0,0.0,0.0,0.0,0.0,1.0,0.0,0.028571428571428574,0.0,0.09090909090909091,0.0,0.05555555555555555,0,2,1,0,0,0,0,0,0.0,0.0,0.0,150000.0
10656655,1,0.0,0.0,1.0,0.0,0.0,0.0,0.0,0.0,0.0,0.0,1.0,0.0,0.0,0.0,0.0,0.0,0.0,1.0,0.1836734693877551,0.2727272727272727,0.18181818181818182,0.0,0.1111111111111111,5,6,0,0,0,0,1,1,0.2,0.12,0.00031178901787376397,149000.0
10656657,0,0.0,0.0,1.0,0.0,0.0,0.0,0.0,0.0,0.0,0.0,1.0,0.0,0.0,0.0,0.0,0.0,0.0,1.0,0.06326530612244899,0.09090909090909091,0.09090909090909091,0.0,0.05555555555555555,0,2,0,0,0,0,0,1,0.0,0.07,0.0,221500.0
10656664,1,0.0,1.0,0.0,1.0,0.0,0.0,0.0,0.0,0.0,0.0,0.0,0.0,0.0,0.0,0.0,0.0,1.0,0.0,0.0836734693877551,0.1818181818181818,0.09090909090909091,0.0,0.1111111111111111,0,6,0,0,0,0,1,0,0.11800000000000001,0.0,0.00016506477416846328,299000.0
10656661,1,0.0,0.0,1.0,0.0,0.0,0.0,0.0,0.0,0.0,0.0,1.0,0.0,0.0,0.0,0.0,0.0,0.0,1.0,0.1948979591836735,0.1818181818181818,0.18181818181818182,0.0,0.1111111111111111,0,1,0,0,0,0,1,1,0.40900000000000003,0.23,0.0,464794.0
10656659,1,0.0,0.0,1.0,0.0,0.0,0.0,0.0,0.0,0.0,0.0,1.0,0.0,0.0,0.0,0.0,0.0,1.0,0.0,0.1326530612244898,0.2727272727272727,0.09090909090909091,0.0,0.16666666666666666,1,5,0,0,0,0,1,1,1.0,0.21,0.0019129173273078578,535000.0
10656666,1,0.0,1.0,0.0,1.0,0.0,0.0,0.0,0.0,0.0,0.0,0.0,0.0,0.0,0.0,0.0,0.0,0.0,1.0,0.29591836734693877,0.4545454545454545,0.2727272727272727,0.0,0.0,3,3,0,0,0,0,1,0,0.04,0.0,0.00010637507668634301,674000.0
10656665,0,0.0,1.0,0.0,1.0,0.0,0.0,0.0,0.0,0.0,0.0,0.0,0.0,0.0,0.0,0.0,0.0,0.0,1.0,0.07142857142857142,0.09090909090909091,0.09090909090909091,0.0,0.05555555555555555,3,2,1,0,0,0,0,1,0.0,0.08,0.0,219995.0
10656667,0,0.0,1.0,0.0,1.0,0.0,0.0,0.0,0.0,0.0,0.0,0.0,0.0,0.0,0.0,0.0,0.0,1.0,0.0,0.0816326530612245,0.09090909090909091,0.09090909090909091,0.0,0.05555555555555555,0,3,0,0,0,0,0,1,0.0,0.04,0.0,189000.0
10656668,1,0.0,0.0,1.0,0.0,0.0,0.0,0.0,0.0,0.0,0.0,0.0,0.0,1.0,0.0,0.0,0.0,0.0,1.0,0.2653061224489796,0.1818181818181818,0.09090909090909091,0.14285714285714285,0.16666666666666666,3,0,0,0,0,0,0,1,0.0,0.0,0.00016781585373793766,830000.0
10656670,1,0.0,1.0,0.0,0.0,0.0,0.0,1.0,0.0,0.0,0.0,0.0,0.0,0.0,0.0,0.0,0.0,0.0,1.0,0.2714285714285714,0.1818181818181818,0.18181818181818182,0.14285714285714285,0.16666666666666666,1,2,0,0,0,0,0,1,0.0,0.6,0.001006895122427626,649000.0
10656671,1,0.0,0.0,1.0,0.0,0.0,0.0,0.0,0.0,0.0,0.0,0.0,1.0,0.0,0.0,0.0,0.0,0.0,1.0,0.1836734693877551,0.2727272727272727,0.18181818181818182,0.14285714285714285,0.1111111111111111,3,7,0,0,0,0,0,1,0.0,0.0,0.0008482495339212696,339000.0
10656672,1,0.0,1.0,0.0,0.0,0.0,1.0,0.0,0.0,0.0,0.0,0.0,0.0,0.0,0.0,0.0,0.0,1.0,0.0,0.2142857142857143,0.36363636363636365,0.18181818181818182,0.0,0.1111111111111111,3,4,0,0,0,0,0,1,0.0,0.0,0.0004126619354211582,359000.0
10656673,1,0.0,1.0,0.0,0.0,0.0,1.0,0.0,0.0,0.0,0.0,0.0,0.0,0.0,0.0,0.0,0.0,0.0,1.0,0.14285714285714288,0.1818181818181818,0.18181818181818182,0.0,0.1111111111111111,3,4,0,0,0,0,0,1,0.0,0.0,0.0002952825404569177,367000.0
10656674,0,0.0,1.0,0.0,0.0,0.0,0.0,1.0,0.0,0.0,0.0,0.0,0.0,0.0,0.0,0.0,0.0,0.0,1.0,0.04591836734693878,0.0,0.09090909090909091,0.0,0.05555555555555555,3,3,0,0,0,0,0,0,0.0,0.0,0.0,169000.0
10656680,0,0.0,1.0,0.0,0.0,0.0,0.0,0.0,0.0,0.0,0.0,0.0,0.0,0.0,1.0,0.0,0.0,1.0,0.0,0.07142857142857142,0.1818181818181818,0.18181818181818182,0.0,0.1111111111111111,1,2,1,0,0,0,0,1,0.0,0.06,0.0,795000.0
10656676,0,0.0,1.0,0.0,0.0,0.0,0.0,1.0,0.0,0.0,0.0,0.0,0.0,0.0,0.0,0.0,0.0,0.0,1.0,0.05306122448979592,0.0,0.09090909090909091,0.0,0.05555555555555555,3,2,1,0,0,0,0,1,0.0,0.05,0.0,215000.0
10656679,0,0.0,1.0,0.0,0.0,0.0,0.0,0.0,0.0,0.0,0.0,0.0,0.0,0.0,1.0,0.0,0.0,1.0,0.0,0.04183673469387755,0.0,0.09090909090909091,0.07142857142857142,0.05555555555555555,1,2,1,0,0,0,0,1,0.0,0.15,0.0,575000.0
10656688,0,1.0,0.0,0.0,0.0,1.0,0.0,0.0,0.0,0.0,0.0,0.0,0.0,0.0,0.0,0.0,1.0,0.0,0.0,0.1469387755102041,0.1818181818181818,0.18181818181818182,0.0,0.1111111111111111,1,1,1,0,0,0,0,1,0.0,0.2,0.0,820000.0
10656687,0,1.0,0.0,0.0,0.0,1.0,0.0,0.0,0.0,0.0,0.0,0.0,0.0,0.0,0.0,0.0,0.0,0.0,1.0,0.2255102040816327,0.1818181818181818,0.18181818181818182,0.0,0.16666666666666666,1,3,1,0,0,0,0,1,0.0,1.0,0.0,1990000.0
10656690,0,1.0,0.0,0.0,0.0,1.0,0.0,0.0,0.0,0.0,0.0,0.0,0.0,0.0,0.0,0.0,1.0,0.0,0.0,0.113265306122449,0.09090909090909091,0.18181818181818182,0.0,0.1111111111111111,1,0,1,0,0,0,0,1,0.0,0.39,0.0,715000.0
10656691,0,1.0,0.0,0.0,0.0,1.0,0.0,0.0,0.0,0.0,0.0,0.0,0.0,0.0,0.0,0.0,0.0,0.0,1.0,0.18673469387755104,0.1818181818181818,0.18181818181818182,0.0,0.16666666666666666,1,2,1,0,0,0,0,1,0.0,0.59,0.0,1190000.0
10656689,0,1.0,0.0,0.0,0.0,1.0,0.0,0.0,0.0,0.0,0.0,0.0,0.0,0.0,0.0,0.0,1.0,0.0,0.0,0.0653061224489796,0.0,0.09090909090909091,0.0,0.05555555555555555,1,1,1,0,0,0,0,1,0.0,0.16,0.0,390000.0
10656681,1,0.0,1.0,0.0,0.0,0.0,0.0,1.0,0.0,0.0,0.0,0.0,0.0,0.0,0.0,0.0,0.0,0.0,1.0,0.2275510204081633,0.09090909090909091,0.09090909090909091,0.0,0.05555555555555555,3,6,0,0,0,0,1,1,0.56,0.0,0.0006263291153170024,339000.0
10656695,1,0.0,1.0,0.0,0.0,0.0,0.0,0.0,0.0,0.0,0.0,0.0,0.0,0.0,1.0,0.0,0.0,0.0,1.0,0.11020408163265308,0.1818181818181818,0.09090909090909091,0.0,0.1111111111111111,3,4,0,1,0,0,1,0,0.0,0.0,0.0003062868587348152,215000.0
10656722,0,0.0,1.0,0.0,1.0,0.0,0.0,0.0,0.0,0.0,0.0,0.0,0.0,0.0,0.0,0.0,0.0,1.0,0.0,0.05612244897959184,0.09090909090909091,0.09090909090909091,0.0,0.05555555555555555,3,3,1,0,0,0,0,1,0.0,0.08,0.0,239000.0
10656724,0,0.0,1.0,0.0,1.0,0.0,0.0,0.0,0.0,0.0,0.0,0.0,0.0,0.0,0.0,0.0,0.0,0.0,1.0,0.05816326530612246,0.0,0.09090909090909091,0.0,0.05555555555555555,3,4,0,0,0,0,1,1,0.03,0.0,0.0,199000.0
10656723,0,0.0,1.0,0.0,1.0,0.0,0.0,0.0,0.0,0.0,0.0,0.0,0.0,0.0,0.0,0.0,0.0,1.0,0.0,0.05510204081632653,0.09090909090909091,0.09090909090909091,0.07142857142857142,0.05555555555555555,1,3,0,0,0,0,0,1,0.0,0.04,0.0,199000.0
10656733,0,0.0,1.0,0.0,1.0,0.0,0.0,0.0,0.0,0.0,0.0,0.0,0.0,0.0,0.0,1.0,0.0,0.0,0.0,0.3163265306122449,0.2727272727272727,0.36363636363636365,0.0,0.0,0,2,1,0,0,0,0,1,0.0,0.0,0.0,2650000.0
10656734,1,0.0,1.0,0.0,1.0,0.0,0.0,0.0,0.0,0.0,0.0,0.0,0.0,0.0,0.0,0.0,0.0,1.0,0.0,0.35408163265306125,0.2727272727272727,0.18181818181818182,0.0,0.16666666666666666,3,5,0,0,0,0,0,1,0.0,0.0,0.0012434879654024233,645000.0
10656725,0,0.0,1.0,0.0,1.0,0.0,0.0,0.0,0.0,0.0,0.0,0.0,0.0,0.0,0.0,0.0,0.0,1.0,0.0,0.07142857142857142,0.09090909090909091,0.09090909090909091,0.0,0.05555555555555555,3,2,0,0,0,0,0,1,0.0,0.03,0.0,299000.0
10656738,0,0.0,1.0,0.0,1.0,0.0,0.0,0.0,0.0,0.0,0.0,0.0,0.0,0.0,0.0,0.0,0.0,0.0,1.0,0.0653061224489796,0.09090909090909091,0.09090909090909091,0.0,0.05555555555555555,3,2,1,1,0,0,0,1,0.0,0.15,0.0,209000.0
10656737,1,0.0,0.0,1.0,0.0,0.0,0.0,0.0,0.0,0.0,0.0,1.0,0.0,0.0,0.0,0.0,0.0,0.0,1.0,0.039795918367346944,0.09090909090909091,0.09090909090909091,0.07142857142857142,0.05555555555555555,1,4,0,0,0,0,1,1,0.11,0.08,0.00018340530463162587,69000.0
10656736,1,0.0,1.0,0.0,1.0,0.0,0.0,0.0,0.0,0.0,0.0,0.0,0.0,0.0,0.0,0.0,0.0,0.0,1.0,0.16836734693877553,0.1818181818181818,0.09090909090909091,0.0,0.16666666666666666,3,5,0,0,0,0,1,0,0.1,0.0,0.0001815712515853096,369900.0
10656742,1,0.0,0.0,1.0,0.0,0.0,0.0,0.0,1.0,0.0,0.0,0.0,0.0,0.0,0.0,0.0,0.0,1.0,0.0,0.10714285714285715,0.1818181818181818,0.09090909090909091,0.0,0.0,0,5,0,0,0,0,0,1,0.0,0.2,0.00033012954833692656,169000.0
10656743,0,1.0,0.0,0.0,0.0,1.0,0.0,0.0,0.0,0.0,0.0,0.0,0.0,0.0,0.0,0.0,0.0,0.0,1.0,0.06122448979591837,0.0,0.09090909090909091,0.0,0.05555555555555555,3,4,0,0,0,0,0,1,0.0,0.02,0.0,245000.0
10656748,0,0.0,1.0,0.0,0.0,0.0,0.0,0.0,0.0,0.0,0.0,0.0,0.0,0.0,1.0,0.0,0.0,0.0,1.0,0.1459183673469388,0.1818181818181818,0.18181818181818182,0.0,0.0,3,6,1,0,0,0,0,1,0.0,0.0,0.0,1750000.0
10656746,1,0.0,0.0,1.0,0.0,0.0,0.0,0.0,0.0,0.0,0.0,0.0,1.0,0.0,0.0,0.0,0.0,0.0,1.0,0.11734693877551022,0.1818181818181818,0.09090909090909091,0.0,0.1111111111111111,0,6,0,0,0,0,0,0,0.0,0.0,0.00043283651893063704,245000.0
10656744,0,0.0,0.0,1.0,0.0,0.0,0.0,0.0,0.0,0.0,0.0,0.0,0.0,1.0,0.0,0.0,0.0,0.0,1.0,0.07040816326530613,0.09090909090909091,0.09090909090909091,0.0,0.1111111111111111,0,0,1,0,0,0,0,1,0.0,0.22,0.0,385000.0
10525676,1,0.0,1.0,0.0,0.0,0.0,0.0,1.0,0.0,0.0,0.0,0.0,0.0,0.0,0.0,0.0,0.0,0.0,1.0,0.1806122448979592,0.2727272727272727,0.18181818181818182,0.0,0.16666666666666666,3,6,0,0,0,0,1,1,0.092,0.0,0.0002659376917158575,399000.0
10656745,1,1.0,0.0,0.0,0.0,1.0,0.0,0.0,0.0,0.0,0.0,0.0,0.0,0.0,0.0,0.0,0.0,0.0,1.0,0.5408163265306123,0.4545454545454545,0.4545454545454546,0.0,0.2222222222222222,2,3,0,0,0,0,0,0,0.0,0.0,0.000985803512394989,1950000.0
10656749,0,0.0,1.0,0.0,0.0,0.0,0.0,0.0,0.0,1.0,0.0,0.0,0.0,0.0,0.0,0.0,0.0,0.0,1.0,0.1275510204081633,0.1818181818181818,0.09090909090909091,0.0,0.1111111111111111,3,3,0,0,0,0,0,1,0.0,0.44,0.0,238000.0
10656752,1,0.0,1.0,0.0,0.0,0.0,0.0,0.0,0.0,1.0,0.0,0.0,0.0,0.0,0.0,0.0,0.0,0.0,1.0,0.1836734693877551,0.1818181818181818,0.09090909090909091,0.07142857142857142,0.05555555555555555,3,4,0,0,0,0,0,1,0.0,0.0,0.0011600385517950337,325000.0
10656754,1,0.0,1.0,0.0,0.0,0.0,0.0,1.0,0.0,0.0,0.0,0.0,0.0,0.0,0.0,0.0,0.0,1.0,0.0,0.14183673469387756,0.2727272727272727,0.09090909090909091,0.0,0.1111111111111111,3,2,0,0,0,0,0,1,0.0,0.0,0.0002494312142990112,365000.0
10656759,1,0.0,1.0,0.0,0.0,0.0,1.0,0.0,0.0,0.0,0.0,0.0,0.0,0.0,0.0,0.0,0.0,0.0,1.0,0.23469387755102042,0.2727272727272727,0.09090909090909091,0.07142857142857142,0.1111111111111111,1,2,0,0,0,0,0,1,0.0,0.0,0.000340216840091666,495000.0
10656764,1,0.0,0.0,1.0,0.0,0.0,0.0,0.0,0.0,0.0,1.0,0.0,0.0,0.0,0.0,0.0,1.0,0.0,0.0,0.1479591836734694,0.2727272727272727,0.09090909090909091,0.07142857142857142,0.1111111111111111,4,4,0,0,0,0,1,0,0.022,0.0,0.0,139000.0
10656757,0,0.0,1.0,0.0,0.0,0.0,1.0,0.0,0.0,0.0,0.0,0.0,0.0,0.0,0.0,0.0,0.0,0.0,1.0,0.09081632653061225,0.1818181818181818,0.09090909090909091,0.0,0.05555555555555555,0,4,1,0,0,0,0,1,0.0,0.0,0.0,199000.0
10656760,1,0.0,0.0,1.0,0.0,0.0,0.0,0.0,0.0,0.0,1.0,0.0,0.0,0.0,0.0,1.0,0.0,0.0,0.0,0.20306122448979594,0.2727272727272727,0.09090909090909091,0.07142857142857142,0.16666666666666666,5,3,0,0,0,0,0,1,0.0,0.33,8.711751970002229e-05,239000.0
10656766,1,0.0,0.0,1.0,0.0,0.0,0.0,0.0,1.0,0.0,0.0,0.0,0.0,0.0,0.0,0.0,0.0,0.0,1.0,0.20612244897959187,0.36363636363636365,0.18181818181818182,0.07142857142857142,0.1111111111111111,3,6,0,0,0,0,1,0,0.465,0.0,0.0008143195525644189,279999.0
10656765,1,0.0,0.0,1.0,0.0,0.0,0.0,0.0,1.0,0.0,0.0,0.0,0.0,0.0,0.0,0.0,1.0,0.0,0.0,0.1602040816326531,0.1818181818181818,0.09090909090909091,0.07142857142857142,0.1111111111111111,5,4,0,0,0,0,1,1,0.37,0.33,0.00033929981356850786,119999.0
10656767,1,0.0,0.0,1.0,0.0,0.0,0.0,0.0,1.0,0.0,0.0,0.0,0.0,0.0,0.0,0.0,1.0,0.0,0.0,0.18571428571428575,0.2727272727272727,0.18181818181818182,0.14285714285714285,0.05555555555555555,3,2,0,0,0,0,1,1,0.145,0.39,0.0002558503999611181,269999.0
10656770,1,0.0,0.0,1.0,0.0,0.0,0.0,0.0,1.0,0.0,0.0,0.0,0.0,0.0,0.0,0.0,0.0,0.0,1.0,0.1816326530612245,0.2727272727272727,0.18181818181818182,0.14285714285714285,0.1111111111111111,1,4,0,0,0,0,1,1,0.86,0.4,0.0011866323209666193,399000.0
10656769,1,0.0,0.0,1.0,0.0,0.0,0.0,0.0,1.0,0.0,0.0,0.0,0.0,0.0,0.0,0.0,1.0,0.0,0.0,0.16836734693877553,0.1818181818181818,0.09090909090909091,0.0,0.0,5,0,0,0,0,0,0,1,0.0,0.0,0.0009766332471634078,99999.0
10656773,1,0.0,0.0,1.0,0.0,0.0,0.0,0.0,0.0,0.0,1.0,0.0,0.0,0.0,0.0,0.0,0.0,1.0,0.0,0.1316326530612245,0.1818181818181818,0.18181818181818182,0.07142857142857142,0.1111111111111111,3,2,0,0,0,0,1,1,0.49,0.16,0.0005804777891590959,495000.0
10656772,1,0.0,0.0,1.0,0.0,0.0,0.0,0.0,0.0,0.0,1.0,0.0,0.0,0.0,0.0,0.0,0.0,1.0,0.0,0.07448979591836735,0.09090909090909091,0.09090909090909091,0.0,0.1111111111111111,3,4,0,0,0,0,0,1,0.0,0.13,0.0056360450113298625,249000.0
10656784,1,0.0,1.0,0.0,0.0,0.0,0.0,1.0,0.0,0.0,0.0,0.0,0.0,0.0,0.0,0.0,1.0,0.0,0.0,0.3336734693877551,0.4545454545454545,0.18181818181818182,0.0,0.16666666666666666,1,1,0,0,1,0,1,1,1.0,0.0,0.002798764948678611,1300000.0
10656788,0,0.0,1.0,0.0,0.0,0.0,1.0,0.0,0.0,0.0,0.0,0.0,0.0,0.0,0.0,0.0,0.0,1.0,0.0,0.09183673469387757,0.09090909090909091,0.09090909090909091,0.0,0.05555555555555555,1,2,1,0,0,0,0,1,0.0,0.09,0.0,283000.0
10656787,1,0.0,1.0,0.0,0.0,0.0,1.0,0.0,0.0,0.0,0.0,0.0,0.0,0.0,0.0,0.0,0.0,0.0,1.0,0.2142857142857143,0.1818181818181818,0.09090909090909091,0.0,0.05555555555555555,4,4,0,0,0,0,0,1,0.0,0.0,0.0011325277561002897,349000.0
10656783,0,0.0,1.0,0.0,0.0,0.0,0.0,1.0,0.0,0.0,0.0,0.0,0.0,0.0,0.0,1.0,0.0,0.0,0.0,0.08265306122448982,0.1818181818181818,0.09090909090909091,0.0,0.05555555555555555,3,2,1,0,0,0,0,0,0.0,0.0,0.0,350000.0
10656786,1,0.0,1.0,0.0,0.0,0.0,0.0,0.0,0.0,1.0,0.0,0.0,0.0,0.0,0.0,0.0,0.0,0.0,1.0,0.14285714285714288,0.2727272727272727,0.09090909090909091,0.0,0.05555555555555555,0,6,0,0,0,0,0,1,0.0,0.0,0.0007666341733601961,315000.0
10656790,0,0.0,1.0,0.0,0.0,0.0,1.0,0.0,0.0,0.0,0.0,0.0,0.0,0.0,0.0,0.0,0.0,1.0,0.0,0.07857142857142857,0.09090909090909091,0.09090909090909091,0.0,0.05555555555555555,1,2,1,0,0,0,0,1,0.0,0.09,0.0,257000.0
10656789,0,0.0,1.0,0.0,0.0,0.0,1.0,0.0,0.0,0.0,0.0,0.0,0.0,0.0,0.0,0.0,0.0,1.0,0.0,0.10714285714285715,0.09090909090909091,0.09090909090909091,0.0,0.05555555555555555,1,2,1,0,0,0,0,1,0.0,0.05,0.0,308000.0
10656771,0,1.0,0.0,0.0,0.0,1.0,0.0,0.0,0.0,0.0,0.0,0.0,0.0,0.0,0.0,0.0,1.0,0.0,0.0,0.06326530612244899,0.0,0.09090909090909091,0.0,0.05555555555555555,1,4,0,0,0,0,0,1,0.0,0.21,0.0,360000.0
10656791,1,0.0,1.0,0.0,0.0,0.0,1.0,0.0,0.0,0.0,0.0,0.0,0.0,0.0,0.0,0.0,0.0,0.0,1.0,0.16122448979591839,0.2727272727272727,0.09090909090909091,0.0,0.05555555555555555,3,5,0,0,0,0,1,1,0.15,0.2,0.00021641825946531852,310000.0
10656797,1,0.0,1.0,0.0,0.0,0.0,0.0,1.0,0.0,0.0,0.0,0.0,0.0,0.0,0.0,0.0,0.0,0.0,1.0,0.18673469387755104,0.2727272727272727,0.09090909090909091,0.07142857142857142,0.05555555555555555,5,6,0,0,0,0,0,0,0.0,0.0,0.0007886428099159913,275000.0
10656798,1,0.0,1.0,0.0,1.0,0.0,0.0,0.0,0.0,0.0,0.0,0.0,0.0,0.0,0.0,0.0,0.0,0.0,1.0,0.14285714285714288,0.1818181818181818,0.09090909090909091,0.0,0.05555555555555555,4,6,0,0,0,0,0,1,0.0,0.0,0.0008005641547170469,265000.0
10656802,0,0.0,1.0,0.0,1.0,0.0,0.0,0.0,0.0,0.0,0.0,0.0,0.0,0.0,0.0,0.0,0.0,1.0,0.0,0.11734693877551022,0.09090909090909091,0.09090909090909091,0.0,0.0,3,2,0,0,0,0,0,1,0.0,0.0,0.0,249000.0
10656804,0,0.0,0.0,1.0,0.0,0.0,0.0,0.0,1.0,0.0,0.0,0.0,0.0,0.0,0.0,0.0,0.0,0.0,1.0,0.3479591836734694,0.1818181818181818,0.18181818181818182,0.21428571428571427,0.6666666666666666,3,2,1,0,0,0,0,0,0.0,0.0,0.0,210000.0
10656800,1,0.0,1.0,0.0,1.0,0.0,0.0,0.0,0.0,0.0,0.0,0.0,0.0,0.0,0.0,0.0,0.0,0.0,1.0,0.15204081632653063,0.36363636363636365,0.0,0.0,0.0,4,5,0,0,0,0,0,0,0.0,0.0,0.001800123064959408,325000.0
10656799,1,0.0,1.0,0.0,1.0,0.0,0.0,0.0,0.0,0.0,0.0,0.0,0.0,0.0,0.0,0.0,0.0,1.0,0.0,0.13673469387755105,0.2727272727272727,0.09090909090909091,0.0,0.0,4,6,0,0,0,0,0,0,0.0,0.0,0.0007794725446844099,299000.0
10656801,1,0.0,1.0,0.0,1.0,0.0,0.0,0.0,0.0,0.0,0.0,0.0,0.0,0.0,0.0,0.0,0.0,1.0,0.0,0.11224489795918369,0.1818181818181818,0.09090909090909091,0.0,0.1111111111111111,1,2,0,0,0,0,0,1,0.0,0.0,0.00010362399711686861,289000.0
10656803,1,0.0,1.0,0.0,1.0,0.0,0.0,0.0,0.0,0.0,0.0,0.0,0.0,0.0,0.0,0.0,0.0,1.0,0.0,0.11734693877551022,0.09090909090909091,0.09090909090909091,0.0,0.0,3,2,0,0,0,0,0,1,0.0,0.0,0.0,249000.0
10656816,1,0.0,1.0,0.0,1.0,0.0,0.0,0.0,0.0,0.0,0.0,0.0,0.0,0.0,0.0,0.0,0.0,0.0,1.0,0.14285714285714288,0.1818181818181818,0.09090909090909091,0.0,0.16666666666666666,2,2,0,0,0,0,1,1,0.108,0.14,0.00019257556986320717,449000.0
10656815,0,1.0,0.0,0.0,0.0,1.0,0.0,0.0,0.0,0.0,0.0,0.0,0.0,0.0,0.0,0.0,0.0,0.0,1.0,0.0816326530612245,0.09090909090909091,0.09090909090909091,0.0,0.05555555555555555,4,5,1,1,0,0,0,1,0.0,0.06,0.0,345000.0
10656822,0,0.0,1.0,0.0,0.0,0.0,0.0,0.0,0.0,0.0,0.0,0.0,0.0,0.0,1.0,0.0,0.0,0.0,1.0,0.1469387755102041,0.1818181818181818,0.09090909090909091,0.0,0.1111111111111111,1,4,0,0,0,1,0,1,0.0,0.0,0.0,285000.0
10656821,0,0.0,1.0,0.0,1.0,0.0,0.0,0.0,0.0,0.0,0.0,0.0,0.0,0.0,0.0,0.0,0.0,1.0,0.0,0.0816326530612245,0.09090909090909091,0.09090909090909091,0.0,0.05555555555555555,3,1,1,0,0,0,0,1,0.0,0.08,0.0,235000.0
10656818,1,0.0,0.0,1.0,0.0,0.0,0.0,0.0,1.0,0.0,0.0,0.0,0.0,0.0,0.0,0.0,0.0,0.0,1.0,0.26224489795918365,0.36363636363636365,0.18181818181818182,0.14285714285714285,0.1111111111111111,1,3,0,1,0,0,0,1,0.0,0.23,0.0017423503940004457,495000.0
10656827,1,0.0,1.0,0.0,0.0,0.0,0.0,1.0,0.0,0.0,0.0,0.0,0.0,0.0,0.0,0.0,0.0,1.0,0.0,0.17755102040816328,0.1818181818181818,0.09090909090909091,0.07142857142857142,0.05555555555555555,2,2,0,1,0,0,1,0,0.0,0.0,0.00047410271247275284,430000.0
10656835,1,0.0,1.0,0.0,0.0,0.0,0.0,1.0,0.0,0.0,0.0,0.0,0.0,0.0,0.0,0.0,0.0,0.0,1.0,0.42142857142857143,0.36363636363636365,0.36363636363636365,0.0,0.0,4,2,0,0,0,0,0,1,0.0,0.0,0.00032554441572113594,895000.0
10656828,0,0.0,1.0,0.0,0.0,0.0,0.0,0.0,0.0,0.0,0.0,0.0,0.0,0.0,1.0,0.0,0.0,0.0,1.0,0.04591836734693878,0.09090909090909091,0.09090909090909091,0.0,0.0,2,0,1,0,0,0,0,0,0.0,0.0,0.0,279000.0
10656836,1,0.0,1.0,0.0,0.0,0.0,0.0,1.0,0.0,0.0,0.0,0.0,0.0,0.0,0.0,0.0,0.0,1.0,0.0,0.1510204081632653,0.1818181818181818,0.09090909090909091,0.0,0.1111111111111111,0,4,0,0,0,0,0,1,0.0,0.4,0.00022925663078953234,349000.0
10656846,0,1.0,0.0,0.0,0.0,1.0,0.0,0.0,0.0,0.0,0.0,0.0,0.0,0.0,0.0,0.0,1.0,0.0,0.0,0.07653061224489796,0.09090909090909091,0.09090909090909091,0.0,0.0,0,4,0,0,0,0,0,0,0.0,0.0,0.0,399000.0
10656869,0,0.0,1.0,0.0,0.0,0.0,0.0,0.0,0.0,0.0,0.0,0.0,0.0,0.0,1.0,0.0,0.0,1.0,0.0,0.09285714285714286,0.09090909090909091,0.09090909090909091,0.0,0.0,3,3,1,0,0,0,0,0,0.0,0.0,0.0,199000.0
10656868,1,1.0,0.0,0.0,0.0,1.0,0.0,0.0,0.0,0.0,0.0,0.0,0.0,0.0,0.0,0.0,1.0,0.0,0.0,0.13775510204081634,0.1818181818181818,0.09090909090909091,0.07142857142857142,0.1111111111111111,1,4,0,0,0,0,1,0,0.045,0.0,0.00011004318277897552,375000.0
10656851,0,0.0,0.0,1.0,0.0,0.0,0.0,0.0,0.0,0.0,0.0,0.0,1.0,0.0,0.0,1.0,0.0,0.0,0.0,0.051020408163265314,0.09090909090909091,0.09090909090909091,0.0,0.05555555555555555,0,3,0,0,0,0,0,0,0.0,0.0,0.0,220000.0
10656858,1,1.0,0.0,0.0,0.0,1.0,0.0,0.0,0.0,0.0,0.0,0.0,0.0,0.0,0.0,0.0,0.0,0.0,1.0,0.2602040816326531,0.2727272727272727,0.36363636363636365,0.0,0.2777777777777778,1,7,0,1,0,0,1,1,0.0,0.7000000000000001,0.0010582486077244813,1595000.0
10656870,0,0.0,1.0,0.0,0.0,0.0,0.0,0.0,0.0,0.0,0.0,0.0,0.0,0.0,1.0,0.0,0.0,1.0,0.0,0.11938775510204083,0.1818181818181818,0.09090909090909091,0.07142857142857142,0.1111111111111111,1,1,0,0,0,0,0,1,0.0,0.0,0.0,595000.0
10656873,1,0.0,1.0,0.0,0.0,0.0,1.0,0.0,0.0,0.0,0.0,0.0,0.0,0.0,0.0,1.0,0.0,0.0,0.0,0.16836734693877553,0.1818181818181818,0.09090909090909091,0.0,0.1111111111111111,1,3,0,0,0,0,1,1,0.0,0.14,0.00018799043724741652,446000.0
10656883,1,0.0,1.0,0.0,1.0,0.0,0.0,0.0,0.0,0.0,0.0,0.0,0.0,0.0,0.0,0.0,0.0,0.0,1.0,0.10714285714285715,0.1818181818181818,0.09090909090909091,0.0,0.1111111111111111,1,4,0,1,0,0,1,1,0.559,0.15,0.0006272461418401604,425000.0
10656885,1,0.0,1.0,0.0,1.0,0.0,0.0,0.0,0.0,0.0,0.0,0.0,0.0,0.0,0.0,0.0,0.0,1.0,0.0,0.10204081632653061,0.09090909090909091,0.09090909090909091,0.0,0.1111111111111111,3,5,0,0,0,0,0,0,0.0,0.0,0.00011737939496424056,349000.0
10656887,0,1.0,0.0,0.0,0.0,1.0,0.0,0.0,0.0,0.0,0.0,0.0,0.0,0.0,0.0,0.0,0.0,0.0,1.0,0.13979591836734695,0.09090909090909091,0.09090909090909091,0.07142857142857142,0.05555555555555555,3,0,0,0,0,0,0,1,0.0,0.17,0.0,365000.0
10656886,1,0.0,1.0,0.0,0.0,0.0,0.0,0.0,0.0,0.0,0.0,0.0,0.0,0.0,1.0,0.0,0.0,1.0,0.0,0.2693877551020408,0.2727272727272727,0.18181818181818182,0.0,0.1111111111111111,3,0,0,1,0,0,1,1,0.0,0.01,0.0006364164070717418,649000.0
10656904,1,0.0,1.0,0.0,0.0,0.0,1.0,0.0,0.0,0.0,0.0,0.0,0.0,0.0,0.0,0.0,0.0,0.0,1.0,0.15918367346938778,0.2727272727272727,0.09090909090909091,0.07142857142857142,0.1111111111111111,3,3,0,0,0,1,0,1,0.0,0.0,0.0005153689060148687,450000.0
10656898,1,1.0,0.0,0.0,0.0,1.0,0.0,0.0,0.0,0.0,0.0,0.0,0.0,0.0,0.0,0.0,1.0,0.0,0.0,0.2142857142857143,0.36363636363636365,0.09090909090909091,0.07142857142857142,0.1111111111111111,2,0,0,0,0,0,1,1,0.04,0.26,0.0,540000.0
10656907,1,0.0,1.0,0.0,0.0,0.0,1.0,0.0,0.0,0.0,0.0,0.0,0.0,0.0,0.0,0.0,0.0,0.0,1.0,0.2459183673469388,0.1818181818181818,0.09090909090909091,0.0,0.05555555555555555,1,6,0,0,0,0,1,0,1.0,0.0,0.005847878138179391,699000.0
10656910,1,1.0,0.0,0.0,0.0,1.0,0.0,0.0,0.0,0.0,0.0,0.0,0.0,0.0,0.0,0.0,0.0,0.0,1.0,0.5408163265306123,0.4545454545454545,0.4545454545454546,0.0,0.3333333333333333,2,3,0,0,0,0,1,1,0.85,0.44,0.0010041440428581517,1950000.0
10656930,0,1.0,0.0,0.0,0.0,1.0,0.0,0.0,0.0,0.0,0.0,0.0,0.0,0.0,0.0,0.0,1.0,0.0,0.0,0.12244897959183676,0.2727272727272727,0.18181818181818182,0.14285714285714285,0.1111111111111111,1,4,1,0,0,0,0,1,0.0,0.18,0.0,375000.0
10656920,1,0.0,0.0,1.0,0.0,0.0,0.0,0.0,1.0,0.0,0.0,0.0,0.0,0.0,0.0,0.0,0.0,0.0,1.0,0.13775510204081634,0.09090909090909091,0.0,0.14285714285714285,0.1111111111111111,2,0,0,0,0,0,1,1,0.25,0.15,0.00022925663078953234,185000.0
10656909,1,0.0,0.0,1.0,0.0,0.0,0.0,0.0,0.0,0.0,0.0,0.0,0.0,1.0,0.0,0.0,0.0,0.0,1.0,0.12244897959183676,0.1818181818181818,0.09090909090909091,0.0,0.1111111111111111,0,6,0,0,0,0,1,0,0.084,0.0,0.00023200771035900673,230000.0
10656939,1,0.0,0.0,1.0,0.0,0.0,0.0,0.0,0.0,0.0,0.0,0.0,0.0,1.0,0.0,0.0,0.0,0.0,1.0,0.13979591836734695,0.1818181818181818,0.09090909090909091,0.07142857142857142,0.1111111111111111,0,1,0,1,0,0,1,1,0.0,0.17,0.0008473325073981115,460326.0
10656934,0,0.0,1.0,0.0,0.0,0.0,0.0,0.0,0.0,0.0,0.0,0.0,0.0,0.0,1.0,0.0,0.0,1.0,0.0,0.07653061224489796,0.09090909090909091,0.09090909090909091,0.0,0.05555555555555555,3,0,1,0,0,0,0,1,0.0,0.06,0.0,250000.0
10656932,1,0.0,1.0,0.0,0.0,0.0,0.0,1.0,0.0,0.0,0.0,0.0,0.0,0.0,0.0,0.0,0.0,0.0,1.0,0.1285714285714286,0.1818181818181818,0.18181818181818182,0.0,0.1111111111111111,3,4,0,0,0,0,1,1,0.31,0.15,0.0004860240572738086,529000.0
10525863,0,0.0,1.0,0.0,0.0,0.0,1.0,0.0,0.0,0.0,0.0,0.0,0.0,0.0,0.0,1.0,0.0,0.0,0.0,0.25510204081632654,0.2727272727272727,0.18181818181818182,0.14285714285714285,0.1111111111111111,2,3,1,1,0,0,1,0,0.0,0.0,0.0,1145000.0
10656936,1,0.0,1.0,0.0,0.0,0.0,0.0,0.0,0.0,0.0,0.0,0.0,0.0,0.0,1.0,0.0,0.0,0.0,1.0,0.23469387755102042,0.36363636363636365,0.18181818181818182,0.0,0.1111111111111111,0,0,0,1,0,0,1,1,0.0,0.0,0.0005584691526033008,494650.0
10656942,1,0.0,1.0,0.0,1.0,0.0,0.0,0.0,0.0,0.0,0.0,0.0,0.0,0.0,0.0,0.0,1.0,0.0,0.0,0.13469387755102044,0.1818181818181818,0.09090909090909091,0.07142857142857142,0.05555555555555555,5,5,0,0,0,0,1,1,1.0,1.0,0.00013113479281161248,224000.0
10656941,0,0.0,1.0,0.0,0.0,0.0,0.0,1.0,0.0,0.0,0.0,0.0,0.0,0.0,0.0,1.0,0.0,0.0,0.0,0.009183673469387754,0.0,0.09090909090909091,0.0,0.05555555555555555,4,6,0,1,0,0,0,0,0.0,0.0,0.0,195000.0
10656943,1,0.0,1.0,0.0,0.0,0.0,1.0,0.0,0.0,0.0,0.0,0.0,0.0,0.0,0.0,0.0,0.0,0.0,1.0,0.1479591836734694,0.09090909090909091,0.09090909090909091,0.0,0.0,3,0,0,0,0,0,1,0,1.0,0.0,0.0025640061587501295,395000.0
10656944,1,0.0,1.0,0.0,1.0,0.0,0.0,0.0,0.0,0.0,0.0,0.0,0.0,0.0,0.0,0.0,0.0,0.0,1.0,0.039795918367346944,0.0,0.0,0.0,0.05555555555555555,3,5,0,1,0,0,1,1,0.0,0.0,0.0007207828472022897,199000.0
10656946,0,1.0,0.0,0.0,0.0,1.0,0.0,0.0,0.0,0.0,0.0,0.0,0.0,0.0,0.0,0.0,0.0,0.0,1.0,0.17551020408163268,0.1818181818181818,0.18181818181818182,0.0,0.16666666666666666,0,3,1,0,0,0,0,1,0.0,0.25,0.0,795000.0
10656947,1,0.0,1.0,0.0,0.0,0.0,0.0,0.0,0.0,0.0,0.0,0.0,0.0,0.0,1.0,0.0,0.0,1.0,0.0,0.5857142857142857,0.36363636363636365,0.18181818181818182,0.0,0.16666666666666666,3,0,0,0,0,0,0,0,0.0,0.0,0.0006584250436275368,799000.0
10656954,1,0.0,1.0,0.0,0.0,0.0,0.0,0.0,0.0,0.0,0.0,0.0,0.0,0.0,1.0,0.0,0.0,0.0,1.0,0.24081632653061227,0.1818181818181818,0.09090909090909091,0.0,0.05555555555555555,3,0,0,0,0,0,0,0,0.0,0.0,0.0010976807482202808,475000.0
10656963,0,0.0,1.0,0.0,1.0,0.0,0.0,0.0,0.0,0.0,0.0,0.0,0.0,0.0,0.0,0.0,0.0,1.0,0.0,0.04591836734693878,0.0,0.09090909090909091,0.0,0.0,3,2,0,0,0,0,1,1,0.03,0.15,0.0,173000.0
10656950,1,0.0,1.0,0.0,1.0,0.0,0.0,0.0,0.0,0.0,0.0,0.0,0.0,0.0,0.0,0.0,0.0,0.0,1.0,0.3806122448979592,0.2727272727272727,0.09090909090909091,0.0,0.1111111111111111,1,1,0,1,0,0,1,1,0.0,0.0,0.0030087640224818225,975000.0
10656951,0,1.0,0.0,0.0,0.0,1.0,0.0,0.0,0.0,0.0,0.0,0.0,0.0,0.0,0.0,0.0,1.0,0.0,0.0,0.09693877551020408,0.1818181818181818,0.18181818181818182,0.14285714285714285,0.1111111111111111,4,7,0,0,0,0,0,0,0.0,0.0,0.0,259000.0
10656962,1,0.0,1.0,0.0,0.0,0.0,0.0,1.0,0.0,0.0,0.0,0.0,0.0,0.0,0.0,1.0,0.0,0.0,0.0,0.14183673469387756,0.1818181818181818,0.09090909090909091,0.0,0.1111111111111111,2,2,0,1,0,0,1,0,0.0,0.0,0.000453928128963274,559000.0
10656957,0,1.0,0.0,0.0,0.0,1.0,0.0,0.0,0.0,0.0,0.0,0.0,0.0,0.0,0.0,0.0,0.0,0.0,1.0,0.163265306122449,0.1818181818181818,0.18181818181818182,0.07142857142857142,0.1111111111111111,2,0,1,0,0,0,0,1,0.0,0.06,0.0,775000.0
10656977,0,0.0,1.0,0.0,0.0,0.0,0.0,0.0,0.0,0.0,0.0,0.0,0.0,0.0,1.0,0.0,0.0,0.0,1.0,0.07244897959183674,0.09090909090909091,0.09090909090909091,0.0,0.05555555555555555,3,3,1,1,0,0,0,1,0.0,0.0,0.0,165000.0
10656968,1,0.0,1.0,0.0,0.0,0.0,0.0,1.0,0.0,0.0,0.0,0.0,0.0,0.0,0.0,0.0,1.0,0.0,0.0,0.13775510204081634,0.1818181818181818,0.09090909090909091,0.0,0.1111111111111111,3,3,0,0,0,0,1,1,0.38,0.14,0.0004089938293285257,389000.0
10656976,1,0.0,1.0,0.0,1.0,0.0,0.0,0.0,0.0,0.0,0.0,0.0,0.0,0.0,0.0,0.0,0.0,0.0,1.0,0.163265306122449,0.1818181818181818,0.09090909090909091,0.0,0.1111111111111111,2,2,0,1,0,0,1,1,0.0,0.01,0.0006364164070717418,529000.0
10656978,1,1.0,0.0,0.0,0.0,1.0,0.0,0.0,0.0,0.0,0.0,0.0,0.0,0.0,0.0,0.0,1.0,0.0,0.0,0.3040816326530612,0.4545454545454545,0.0,0.14285714285714285,0.16666666666666666,3,7,0,0,0,0,0,0,0.0,0.0,9.628778493160358e-05,595000.0
10656981,1,0.0,0.0,1.0,0.0,0.0,0.0,0.0,0.0,0.0,1.0,0.0,0.0,0.0,0.0,0.0,0.0,0.0,1.0,0.1928571428571429,0.09090909090909091,0.09090909090909091,0.0,0.1111111111111111,2,3,0,0,0,1,0,1,0.0,0.21,0.0,265000.0
10656990,0,0.0,1.0,0.0,1.0,0.0,0.0,0.0,0.0,0.0,0.0,0.0,0.0,0.0,0.0,0.0,1.0,0.0,0.0,0.113265306122449,0.1818181818181818,0.18181818181818182,0.14285714285714285,0.1111111111111111,0,3,1,0,0,0,0,1,0.0,0.15,0.0,399000.0
10656991,0,0.0,1.0,0.0,1.0,0.0,0.0,0.0,0.0,0.0,0.0,0.0,0.0,0.0,0.0,0.0,0.0,1.0,0.0,0.113265306122449,0.1818181818181818,0.18181818181818182,0.14285714285714285,0.1111111111111111,0,3,1,0,0,0,0,1,0.0,0.15,0.0,399000.0
10656992,1,0.0,1.0,0.0,0.0,0.0,0.0,1.0,0.0,0.0,0.0,0.0,0.0,0.0,0.0,0.0,0.0,0.0,1.0,0.2938775510204082,0.2727272727272727,0.18181818181818182,0.0,0.0,3,2,0,0,0,0,0,0,0.0,0.0,0.0007822236242538843,765000.0
10656995,1,0.0,1.0,0.0,1.0,0.0,0.0,0.0,0.0,0.0,0.0,0.0,0.0,0.0,0.0,0.0,0.0,0.0,1.0,0.17755102040816328,0.2727272727272727,0.09090909090909091,0.0,0.1111111111111111,4,5,0,0,0,0,1,1,0.1,0.4,0.00017423503940004458,395000.0
10657003,0,0.0,1.0,0.0,1.0,0.0,0.0,0.0,0.0,0.0,0.0,0.0,0.0,0.0,0.0,0.0,0.0,1.0,0.0,0.1479591836734694,0.1818181818181818,0.09090909090909091,0.0,0.1111111111111111,3,1,0,1,0,0,0,1,0.0,0.2,0.0,458000.0
10656998,1,0.0,0.0,1.0,0.0,0.0,0.0,0.0,0.0,0.0,1.0,0.0,0.0,0.0,0.0,0.0,0.0,0.0,1.0,0.10714285714285715,0.1818181818181818,0.09090909090909091,0.07142857142857142,0.0,0,6,0,0,0,0,0,1,0.0,0.0,0.0004126619354211582,275000.0
10657004,1,0.0,1.0,0.0,1.0,0.0,0.0,0.0,0.0,0.0,0.0,0.0,0.0,0.0,0.0,0.0,0.0,1.0,0.0,0.12040816326530615,0.1818181818181818,0.09090909090909091,0.0,0.1111111111111111,3,3,0,1,0,0,1,1,0.0,0.0,0.00010545805016318488,310000.0
10657019,0,1.0,0.0,0.0,0.0,1.0,0.0,0.0,0.0,0.0,0.0,0.0,0.0,0.0,0.0,0.0,0.0,0.0,1.0,0.0816326530612245,0.1818181818181818,0.09090909090909091,0.0,0.0,0,4,1,1,0,0,0,1,0.0,0.11,0.0,340000.0
10657006,1,0.0,0.0,1.0,0.0,0.0,0.0,0.0,0.0,0.0,0.0,0.0,0.0,1.0,0.0,0.0,0.0,0.0,1.0,0.17346938775510207,0.2727272727272727,0.09090909090909091,0.0,0.1111111111111111,3,6,0,1,0,0,1,1,0.05,0.6,0.0002540163469148018,275000.0
10657020,0,1.0,0.0,0.0,0.0,1.0,0.0,0.0,0.0,0.0,0.0,0.0,0.0,0.0,0.0,0.0,1.0,0.0,0.0,0.04081632653061225,0.0,0.0,0.07142857142857142,0.05555555555555555,4,0,1,0,0,0,0,0,0.0,0.0,0.0,260000.0
10657005,1,0.0,1.0,0.0,1.0,0.0,0.0,0.0,0.0,0.0,0.0,0.0,0.0,0.0,0.0,0.0,0.0,1.0,0.0,0.4,0.6363636363636364,0.7272727272727273,0.0,0.4444444444444444,2,2,0,1,0,0,0,1,0.0,0.2,0.00026960579780849,1390000.0
10657018,0,1.0,0.0,0.0,0.0,1.0,0.0,0.0,0.0,0.0,0.0,0.0,0.0,0.0,0.0,0.0,0.0,0.0,1.0,0.0836734693877551,0.09090909090909091,0.09090909090909091,0.0,0.05555555555555555,0,5,0,1,0,0,0,1,0.0,0.02,0.0,370000.0
10657024,1,0.0,1.0,0.0,0.0,0.0,0.0,0.0,0.0,0.0,0.0,0.0,0.0,0.0,1.0,0.0,0.0,1.0,0.0,0.18979591836734697,0.1818181818181818,0.18181818181818182,0.0,0.16666666666666666,1,2,1,0,0,0,0,1,0.0,0.2,4.585132615790647e-05,479000.0
10657021,1,0.0,0.0,1.0,0.0,0.0,0.0,0.0,1.0,0.0,0.0,0.0,0.0,0.0,0.0,0.0,0.0,0.0,1.0,0.15306122448979595,0.36363636363636365,0.09090909090909091,0.0,0.05555555555555555,0,4,0,0,0,0,0,0,0.0,0.0,0.0002659376917158575,250000.0
10657026,0,0.0,1.0,0.0,0.0,0.0,0.0,0.0,0.0,0.0,0.0,0.0,0.0,0.0,1.0,0.0,0.0,1.0,0.0,0.07448979591836735,0.0,0.09090909090909091,0.0,0.05555555555555555,2,3,0,0,0,0,0,0,0.0,0.0,0.0,135000.0
10657034,0,0.0,1.0,0.0,0.0,0.0,0.0,0.0,0.0,0.0,0.0,0.0,0.0,0.0,1.0,0.0,0.0,1.0,0.0,0.06632653061224492,0.09090909090909091,0.18181818181818182,0.07142857142857142,0.05555555555555555,3,2,1,0,0,0,0,1,0.0,0.0,0.0,1425000.0
10657037,1,0.0,1.0,0.0,0.0,0.0,0.0,1.0,0.0,0.0,0.0,0.0,0.0,0.0,0.0,0.0,0.0,1.0,0.0,0.14285714285714288,0.2727272727272727,0.09090909090909091,0.0,0.1111111111111111,3,3,0,0,0,0,0,1,0.0,0.0,7.244509532949221e-05,365000.0
10657031,1,0.0,0.0,1.0,0.0,0.0,0.0,0.0,1.0,0.0,0.0,0.0,0.0,0.0,0.0,1.0,0.0,0.0,0.0,0.07448979591836735,0.09090909090909091,0.09090909090909091,0.0,0.05555555555555555,3,4,0,0,0,0,0,0,0.0,0.0,8.253238708423164e-05,140000.0
10657027,1,0.0,0.0,1.0,0.0,0.0,0.0,0.0,0.0,0.0,0.0,0.0,1.0,0.0,0.0,0.0,1.0,0.0,0.0,0.10714285714285715,0.09090909090909091,0.09090909090909091,0.07142857142857142,0.16666666666666666,2,5,0,1,0,0,1,1,0.726,0.67,0.0008482495339212696,319000.0
10657029,1,1.0,0.0,0.0,0.0,1.0,0.0,0.0,0.0,0.0,0.0,0.0,0.0,0.0,0.0,0.0,0.0,0.0,1.0,0.3163265306122449,0.36363636363636365,0.09090909090909091,0.0,0.2222222222222222,0,0,0,0,0,0,1,1,0.5,0.0,0.0005593861791264589,990000.0
10657030,1,0.0,0.0,1.0,0.0,0.0,0.0,0.0,0.0,0.0,1.0,0.0,0.0,0.0,0.0,0.0,0.0,0.0,1.0,0.22448979591836737,0.2727272727272727,0.09090909090909091,0.07142857142857142,0.1111111111111111,1,6,0,1,0,0,1,1,0.0,0.0,0.0023842689602111364,460000.0
10657038,0,0.0,1.0,0.0,0.0,0.0,0.0,0.0,0.0,1.0,0.0,0.0,0.0,0.0,0.0,0.0,0.0,1.0,0.0,0.1306122448979592,0.1818181818181818,0.18181818181818182,0.0,0.0,0,2,1,0,0,0,0,1,0.0,0.32,0.0,349000.0
10657040,1,0.0,0.0,1.0,0.0,0.0,0.0,0.0,0.0,0.0,1.0,0.0,0.0,0.0,0.0,0.0,0.0,0.0,1.0,0.1285714285714286,0.1818181818181818,0.0,0.07142857142857142,0.1111111111111111,3,5,0,1,0,0,0,0,0.0,0.0,0.0005272902508159244,370000.0
10657046,0,0.0,1.0,0.0,0.0,0.0,0.0,0.0,0.0,1.0,0.0,0.0,0.0,0.0,0.0,0.0,0.0,0.0,1.0,0.08775510204081632,0.09090909090909091,0.09090909090909091,0.0,0.0,3,2,1,0,0,0,0,1,0.0,0.0,0.0,275000.0
10657039,1,0.0,0.0,1.0,0.0,0.0,0.0,0.0,0.0,0.0,1.0,0.0,0.0,0.0,0.0,0.0,0.0,0.0,1.0,0.1285714285714286,0.1818181818181818,0.0,0.07142857142857142,0.1111111111111111,3,5,0,1,0,0,0,0,0.0,0.0,0.0005272902508159244,370000.0
10657051,1,1.0,0.0,0.0,0.0,1.0,0.0,0.0,0.0,0.0,0.0,0.0,0.0,0.0,0.0,0.0,0.0,0.0,1.0,0.2785714285714286,0.2727272727272727,0.18181818181818182,0.0,0.16666666666666666,3,7,0,0,0,0,1,1,0.076,0.7000000000000001,0.00020174583509478846,750000.0
10657050,1,0.0,1.0,0.0,0.0,0.0,1.0,0.0,0.0,0.0,0.0,0.0,0.0,0.0,0.0,0.0,0.0,1.0,0.0,0.3326530612244898,0.36363636363636365,0.18181818181818182,0.0,0.2222222222222222,3,4,0,0,0,0,1,1,0.1,0.3,0.00033012954833692656,800000.0
10657048,1,0.0,0.0,1.0,0.0,0.0,0.0,0.0,0.0,0.0,1.0,0.0,0.0,0.0,0.0,0.0,1.0,0.0,0.0,0.1306122448979592,0.09090909090909091,0.18181818181818182,0.0,0.1111111111111111,1,3,0,0,0,0,0,1,0.0,0.17,0.0,280000.0
10657057,1,0.0,1.0,0.0,0.0,0.0,1.0,0.0,0.0,0.0,0.0,0.0,0.0,0.0,0.0,0.0,1.0,0.0,0.0,0.0653061224489796,0.2727272727272727,0.09090909090909091,0.0,0.1111111111111111,3,3,0,1,0,0,0,1,0.0,0.06,0.0,315000.0
10657059,0,0.0,1.0,0.0,1.0,0.0,0.0,0.0,0.0,0.0,0.0,0.0,0.0,0.0,0.0,0.0,0.0,0.0,1.0,0.07142857142857142,0.09090909090909091,0.09090909090909091,0.0,0.05555555555555555,4,2,0,1,0,0,0,1,0.0,0.03,0.0,199000.0
10657063,0,0.0,1.0,0.0,0.0,0.0,0.0,0.0,0.0,1.0,0.0,0.0,0.0,0.0,0.0,0.0,0.0,0.0,1.0,0.11020408163265308,0.09090909090909091,0.09090909090909091,0.0,0.05555555555555555,1,0,0,0,0,0,1,1,0.187,0.17,0.0,281000.0
10657067,1,0.0,1.0,0.0,0.0,0.0,0.0,1.0,0.0,0.0,0.0,0.0,0.0,0.0,0.0,0.0,1.0,0.0,0.0,0.10510204081632654,0.09090909090909091,0.09090909090909091,0.0,0.1111111111111111,2,2,0,0,0,0,1,1,0.24,0.22,0.00030078469959586644,385000.0
10657072,0,0.0,1.0,0.0,0.0,0.0,0.0,0.0,0.0,1.0,0.0,0.0,0.0,0.0,0.0,0.0,0.0,0.0,1.0,0.15510204081632656,0.2727272727272727,0.09090909090909091,0.0,0.1111111111111111,1,0,0,0,0,0,0,1,0.0,0.3,0.0,340000.0
10657073,0,0.0,0.0,1.0,0.0,0.0,0.0,0.0,0.0,0.0,0.0,1.0,0.0,0.0,0.0,0.0,0.0,1.0,0.0,0.05306122448979592,0.09090909090909091,0.09090909090909091,0.0,0.0,0,3,0,0,0,0,0,0,0.0,0.0,0.0,159000.0
10657062,1,0.0,1.0,0.0,0.0,0.0,0.0,0.0,0.0,0.0,0.0,0.0,0.0,0.0,1.0,0.0,0.0,1.0,0.0,0.19387755102040818,0.1818181818181818,0.09090909090909091,0.07142857142857142,0.1111111111111111,3,3,0,0,0,0,1,0,0.417,0.0,0.000531875383431715,370000.0
10657069,1,0.0,1.0,0.0,1.0,0.0,0.0,0.0,0.0,0.0,0.0,0.0,0.0,0.0,0.0,0.0,0.0,0.0,1.0,0.16938775510204085,0.1818181818181818,0.09090909090909091,0.0,0.05555555555555555,5,6,0,1,0,0,1,0,0.0,0.0,0.0010830083238497507,319000.0
10657070,1,0.0,1.0,0.0,1.0,0.0,0.0,0.0,0.0,0.0,0.0,0.0,0.0,0.0,0.0,0.0,0.0,0.0,1.0,0.22040816326530616,0.2727272727272727,0.09090909090909091,0.0,0.0,3,3,0,1,0,0,1,1,0.0,0.0,0.0015020894449330158,410000.0
10657076,1,0.0,1.0,0.0,0.0,0.0,0.0,0.0,0.0,0.0,0.0,0.0,0.0,0.0,1.0,0.0,0.0,1.0,0.0,0.3836734693877551,0.2727272727272727,0.2727272727272727,0.21428571428571427,0.2222222222222222,1,2,0,0,0,0,0,1,0.0,0.0,0.0003411338666148241,4275000.0
10657079,1,0.0,1.0,0.0,0.0,0.0,0.0,1.0,0.0,0.0,0.0,0.0,0.0,0.0,0.0,0.0,0.0,1.0,0.0,0.1306122448979592,0.2727272727272727,0.09090909090909091,0.0,0.1111111111111111,1,4,0,1,0,0,1,1,0.18,0.32,0.00032095928310534527,389000.0
10657075,1,0.0,0.0,1.0,0.0,0.0,0.0,0.0,0.0,0.0,0.0,0.0,0.0,1.0,0.0,0.0,0.0,0.0,1.0,0.3979591836734694,0.36363636363636365,0.2727272727272727,0.0,0.16666666666666666,2,2,0,1,1,0,0,1,0.0,1.0,0.0019404281230026017,1650000.0
10657082,0,0.0,1.0,0.0,1.0,0.0,0.0,0.0,0.0,0.0,0.0,0.0,0.0,0.0,0.0,1.0,0.0,0.0,0.0,0.10918367346938776,0.1818181818181818,0.09090909090909091,0.0,0.05555555555555555,3,3,1,0,0,0,0,0,0.0,0.0,0.0,449000.0
10657084,0,0.0,1.0,0.0,1.0,0.0,0.0,0.0,0.0,0.0,0.0,0.0,0.0,0.0,0.0,0.0,0.0,1.0,0.0,0.07142857142857142,0.1818181818181818,0.09090909090909091,0.0,0.05555555555555555,5,2,1,0,0,0,0,1,0.0,0.1,0.0,180000.0
10657119,1,0.0,0.0,1.0,0.0,0.0,0.0,0.0,0.0,0.0,0.0,0.0,0.0,1.0,0.0,0.0,0.0,0.0,1.0,0.3775510204081633,0.2727272727272727,0.36363636363636365,0.0,0.2222222222222222,1,1,0,1,1,1,0,1,0.0,1.0,0.005043645877369711,1895000.0
10657103,1,0.0,1.0,0.0,0.0,0.0,1.0,0.0,0.0,0.0,0.0,0.0,0.0,0.0,0.0,0.0,1.0,0.0,0.0,0.20408163265306126,0.2727272727272727,0.09090909090909091,0.0,0.1111111111111111,4,3,0,0,0,0,1,1,0.14,0.0,0.00020724799423373723,395000.0
10657120,1,0.0,1.0,0.0,0.0,0.0,0.0,0.0,0.0,0.0,0.0,0.0,0.0,0.0,1.0,0.0,0.0,0.0,1.0,0.1602040816326531,0.1818181818181818,0.0,0.0,0.1111111111111111,0,3,0,0,0,0,1,0,0.0,0.0,8.344941360738977e-05,282000.0
10657102,1,0.0,1.0,0.0,0.0,0.0,1.0,0.0,0.0,0.0,0.0,0.0,0.0,0.0,0.0,0.0,1.0,0.0,0.0,0.15612244897959185,0.2727272727272727,0.09090909090909091,0.0,0.05555555555555555,5,4,0,0,0,0,0,0,0.0,0.0,0.0003768979010179912,325000.0
10657091,0,0.0,1.0,0.0,0.0,0.0,0.0,0.0,0.0,0.0,0.0,0.0,0.0,0.0,1.0,0.0,0.0,0.0,1.0,0.0336734693877551,0.0,0.09090909090909091,0.0,0.0,3,4,1,0,0,0,0,1,0.0,0.28,0.0,299000.0
10657088,1,0.0,1.0,0.0,0.0,0.0,0.0,0.0,0.0,0.0,0.0,0.0,0.0,0.0,1.0,1.0,0.0,0.0,0.0,0.13877551020408166,0.1818181818181818,0.09090909090909091,0.0,0.05555555555555555,4,4,0,0,0,0,0,1,0.0,0.0,0.00012288155410318933,315000.0
10657121,0,0.0,1.0,0.0,0.0,0.0,0.0,0.0,0.0,0.0,0.0,0.0,0.0,0.0,1.0,0.0,0.0,0.0,1.0,0.09183673469387757,0.09090909090909091,0.09090909090909091,0.0,0.1111111111111111,3,4,0,0,0,0,0,1,0.0,0.01,0.0,185000.0
10657128,1,0.0,1.0,0.0,1.0,0.0,0.0,0.0,0.0,0.0,0.0,0.0,0.0,0.0,0.0,0.0,0.0,0.0,1.0,0.2571428571428571,0.1818181818181818,0.09090909090909091,0.0,0.16666666666666666,3,4,0,0,0,1,1,0,0.33,0.0,0.0005227051182001338,495000.0
10657127,1,0.0,1.0,0.0,1.0,0.0,0.0,0.0,0.0,0.0,0.0,0.0,0.0,0.0,0.0,0.0,0.0,0.0,1.0,0.1928571428571429,0.1818181818181818,0.18181818181818182,0.0,0.1111111111111111,3,4,0,0,0,0,1,0,0.611,0.0,0.001183881241397145,479000.0
10657130,1,0.0,0.0,1.0,0.0,0.0,0.0,0.0,0.0,0.0,0.0,1.0,0.0,0.0,0.0,0.0,0.0,0.0,1.0,0.20510204081632655,0.5454545454545454,0.18181818181818182,0.0,0.0,3,5,0,0,0,1,1,1,0.0,0.01,0.001028903758983421,299000.0
10657138,1,0.0,1.0,0.0,0.0,0.0,1.0,0.0,0.0,0.0,0.0,0.0,0.0,0.0,0.0,0.0,0.0,1.0,0.0,0.17040816326530614,0.2727272727272727,0.09090909090909091,0.0,0.0,0,0,0,0,0,0,0,1,0.0,0.0,0.00037598087449483304,299000.0
10657137,1,0.0,1.0,0.0,0.0,0.0,1.0,0.0,0.0,0.0,0.0,0.0,0.0,0.0,0.0,0.0,0.0,1.0,0.0,0.17040816326530614,0.2727272727272727,0.09090909090909091,0.0,0.0,0,0,0,0,0,0,0,1,0.0,0.0,0.00037598087449483304,299000.0
10657133,1,0.0,0.0,1.0,0.0,0.0,0.0,0.0,1.0,0.0,0.0,0.0,0.0,0.0,0.0,0.0,1.0,0.0,0.0,0.19081632653061226,0.36363636363636365,0.09090909090909091,0.0,0.0,4,5,0,0,0,0,0,1,0.0,0.0,0.00013205181933477063,159000.0
10657136,1,0.0,0.0,1.0,0.0,0.0,0.0,0.0,1.0,0.0,0.0,0.0,0.0,0.0,0.0,0.0,0.0,1.0,0.0,0.07755102040816328,0.1818181818181818,0.09090909090909091,0.0,0.0,0,4,0,0,0,0,0,1,0.0,0.0,0.0,145000.0
10657134,1,0.0,0.0,1.0,0.0,0.0,0.0,0.0,1.0,0.0,0.0,0.0,0.0,0.0,0.0,0.0,0.0,0.0,1.0,0.2142857142857143,0.09090909090909091,0.09090909090909091,0.0,0.05555555555555555,5,7,0,0,0,0,1,0,1.0,0.0,0.0023934392254427177,240000.0
10657135,0,0.0,1.0,0.0,1.0,0.0,0.0,0.0,0.0,0.0,0.0,0.0,0.0,0.0,0.0,0.0,1.0,0.0,0.0,0.10204081632653061,0.1818181818181818,0.09090909090909091,0.0,0.0,1,2,0,0,0,0,0,1,0.0,0.07,0.0,319000.0
10657145,1,0.0,0.0,1.0,0.0,0.0,0.0,0.0,1.0,0.0,0.0,0.0,0.0,0.0,0.0,0.0,1.0,0.0,0.0,0.1836734693877551,0.2727272727272727,0.09090909090909091,0.0,0.1111111111111111,3,3,0,1,0,0,0,0,0.0,0.0,0.00037414682144851674,215000.0
10657148,1,0.0,1.0,0.0,0.0,0.0,0.0,0.0,0.0,1.0,0.0,0.0,0.0,0.0,0.0,0.0,0.0,0.0,1.0,0.17346938775510207,0.1818181818181818,0.09090909090909091,0.0,0.1111111111111111,2,1,0,0,0,0,0,1,0.0,0.5,0.0008427473747823209,449000.0
10657150,1,0.0,1.0,0.0,1.0,0.0,0.0,0.0,0.0,0.0,0.0,0.0,0.0,0.0,0.0,0.0,0.0,1.0,0.0,0.1326530612244898,0.1818181818181818,0.09090909090909091,0.07142857142857142,0.1111111111111111,2,1,0,1,0,0,1,0,0.054,0.0,0.00010362399711686861,299000.0
10657155,1,0.0,1.0,0.0,0.0,0.0,0.0,1.0,0.0,0.0,0.0,0.0,0.0,0.0,0.0,0.0,0.0,0.0,1.0,0.15306122448979595,0.0,0.09090909090909091,0.0,0.1111111111111111,0,0,0,0,0,0,1,0,0.0,0.0,0.0006538399110117462,730000.0
10657153,1,0.0,1.0,0.0,1.0,0.0,0.0,0.0,0.0,0.0,0.0,0.0,0.0,0.0,0.0,0.0,0.0,0.0,1.0,0.15408163265306124,0.1818181818181818,0.09090909090909091,0.0,0.05555555555555555,5,6,0,1,0,0,1,1,0.0,0.0,0.00041449598846747445,340000.0
10657146,0,0.0,1.0,0.0,0.0,0.0,1.0,0.0,0.0,0.0,0.0,0.0,0.0,0.0,0.0,0.0,0.0,0.0,1.0,0.07653061224489796,0.09090909090909091,0.09090909090909091,0.0,0.0,1,1,1,0,0,0,1,1,0.013000000000000001,0.21,0.0,349000.0
10657156,0,0.0,1.0,0.0,0.0,0.0,0.0,1.0,0.0,0.0,0.0,0.0,0.0,0.0,0.0,0.0,0.0,1.0,0.0,0.059183673469387764,0.09090909090909091,0.09090909090909091,0.0,0.05555555555555555,0,2,1,0,0,0,0,1,0.0,0.0,0.0,169000.0
10657157,1,0.0,1.0,0.0,1.0,0.0,0.0,0.0,0.0,0.0,0.0,0.0,0.0,0.0,0.0,0.0,0.0,1.0,0.0,0.1785714285714286,0.1818181818181818,0.0,0.0,0.0,5,0,0,1,0,0,0,0,0.0,0.0,0.0,135000.0
10657158,0,0.0,1.0,0.0,1.0,0.0,0.0,0.0,0.0,0.0,0.0,0.0,0.0,0.0,0.0,0.0,0.0,1.0,0.0,0.08979591836734696,0.1818181818181818,0.09090909090909091,0.0,0.05555555555555555,3,4,1,1,0,0,0,1,0.0,0.06,0.0,285000.0
10657167,0,0.0,1.0,0.0,0.0,0.0,1.0,0.0,0.0,0.0,0.0,0.0,0.0,0.0,0.0,0.0,0.0,0.0,1.0,0.05408163265306123,0.0,0.09090909090909091,0.0,0.05555555555555555,1,2,1,0,0,0,1,1,0.25,0.15,0.0,235000.0
10657168,1,0.0,1.0,0.0,0.0,0.0,0.0,1.0,0.0,0.0,0.0,0.0,0.0,0.0,0.0,0.0,0.0,0.0,1.0,0.23469387755102042,0.2727272727272727,0.18181818181818182,0.0,0.1111111111111111,0,3,0,0,0,0,1,0,0.3,0.0,0.0005502159138948776,599000.0
10657185,1,0.0,1.0,0.0,0.0,0.0,0.0,0.0,0.0,0.0,0.0,0.0,0.0,0.0,1.0,0.0,0.0,0.0,1.0,0.4244897959183674,0.4545454545454545,0.0,0.0,0.0,3,4,0,0,0,0,0,0,0.0,0.0,0.0009821354063023564,850000.0
10657190,1,0.0,1.0,0.0,0.0,0.0,0.0,0.0,0.0,1.0,0.0,0.0,0.0,0.0,0.0,0.0,0.0,0.0,1.0,0.19183673469387758,0.09090909090909091,0.09090909090909091,0.0,0.0,3,3,0,0,0,0,0,1,0.0,0.0,0.0007070274493549177,395000.0
10657189,1,1.0,0.0,0.0,0.0,1.0,0.0,0.0,0.0,0.0,0.0,0.0,0.0,0.0,0.0,0.0,1.0,0.0,0.0,0.21938775510204084,0.36363636363636365,0.2727272727272727,0.0,0.2222222222222222,3,4,0,1,0,0,1,1,0.0,0.2,7.427914837580848e-05,995000.0
10657186,1,0.0,1.0,0.0,0.0,0.0,0.0,0.0,0.0,0.0,0.0,0.0,0.0,0.0,1.0,0.0,0.0,0.0,1.0,0.17040816326530614,0.2727272727272727,0.18181818181818182,0.0,0.1111111111111111,1,1,0,0,0,0,0,1,0.0,0.0,0.0002723568773779644,395000.0
10657191,1,0.0,0.0,1.0,0.0,0.0,0.0,0.0,0.0,0.0,1.0,0.0,0.0,0.0,0.0,0.0,0.0,0.0,1.0,0.23469387755102042,0.36363636363636365,0.18181818181818182,0.21428571428571427,0.16666666666666666,1,7,0,0,1,0,1,1,1.0,0.0,0.002035798881411047,395000.0
10657188,0,0.0,1.0,0.0,0.0,0.0,0.0,0.0,0.0,0.0,0.0,0.0,0.0,0.0,1.0,0.0,0.0,0.0,1.0,0.05612244897959184,0.0,0.09090909090909091,0.0,0.05555555555555555,1,1,0,0,0,0,0,1,0.0,0.0,0.0,219000.0
10657192,1,0.0,1.0,0.0,0.0,0.0,1.0,0.0,0.0,0.0,0.0,0.0,0.0,0.0,0.0,0.0,0.0,1.0,0.0,0.15306122448979595,0.1818181818181818,0.09090909090909091,0.0,0.0,4,3,0,0,0,0,1,1,0.1,0.35000000000000003,0.0003411338666148241,319000.0
10657193,1,0.0,1.0,0.0,0.0,0.0,1.0,0.0,0.0,0.0,0.0,0.0,0.0,0.0,0.0,0.0,0.0,0.0,1.0,0.15306122448979595,0.1818181818181818,0.09090909090909091,0.0,0.0,4,3,0,0,0,0,1,1,0.1,0.35000000000000003,0.0003411338666148241,319000.0
10657195,1,0.0,1.0,0.0,0.0,0.0,1.0,0.0,0.0,0.0,0.0,0.0,0.0,0.0,0.0,0.0,0.0,0.0,1.0,0.20408163265306126,0.1818181818181818,0.09090909090909091,0.0,0.1111111111111111,1,1,0,0,0,0,1,1,0.545,0.3,0.0006400845131643742,429000.0
10526124,0,0.0,0.0,1.0,0.0,0.0,0.0,0.0,1.0,0.0,0.0,0.0,0.0,0.0,0.0,0.0,0.0,1.0,0.0,0.051020408163265314,0.0,0.09090909090909091,0.07142857142857142,0.05555555555555555,0,4,0,0,0,0,0,0,0.0,0.0,0.0,85000.0
10657194,1,0.0,0.0,1.0,0.0,0.0,0.0,0.0,0.0,0.0,0.0,0.0,0.0,1.0,0.0,0.0,0.0,0.0,1.0,0.20510204081632655,0.1818181818181818,0.0,0.07142857142857142,0.05555555555555555,1,4,0,0,0,1,1,1,1.0,0.5,0.009758996259448812,545000.0
10657200,1,0.0,1.0,0.0,0.0,0.0,0.0,1.0,0.0,0.0,0.0,0.0,0.0,0.0,0.0,0.0,0.0,0.0,1.0,0.16836734693877553,0.2727272727272727,0.09090909090909091,0.07142857142857142,0.1111111111111111,4,0,0,0,0,0,1,1,1.0,0.15,0.002292566307895323,475000.0
10657211,1,0.0,1.0,0.0,0.0,0.0,0.0,1.0,0.0,0.0,0.0,0.0,0.0,0.0,0.0,0.0,0.0,1.0,0.0,0.2602040816326531,0.2727272727272727,0.09090909090909091,0.0,0.1111111111111111,3,4,0,0,0,0,1,1,0.4,0.0,0.0008051492873328375,398000.0
10657210,1,1.0,0.0,0.0,0.0,1.0,0.0,0.0,0.0,0.0,0.0,0.0,0.0,0.0,0.0,0.0,1.0,0.0,0.0,0.15816326530612246,0.2727272727272727,0.36363636363636365,0.0,0.0,3,0,0,0,0,0,0,0,0.0,0.0,5.960672400527841e-05,370000.0
10657212,1,0.0,1.0,0.0,0.0,0.0,0.0,1.0,0.0,0.0,0.0,0.0,0.0,0.0,0.0,0.0,0.0,1.0,0.0,0.15816326530612246,0.09090909090909091,0.09090909090909091,0.0,0.1111111111111111,3,3,0,0,0,0,1,1,0.34500000000000003,0.1,0.0004585132615790647,345000.0
10657209,1,0.0,1.0,0.0,0.0,0.0,0.0,1.0,0.0,0.0,0.0,0.0,0.0,0.0,0.0,0.0,1.0,0.0,0.0,0.12244897959183676,0.2727272727272727,0.09090909090909091,0.0,0.1111111111111111,2,2,0,0,0,0,1,1,0.14400000000000002,0.0,0.0001971607024789978,418000.0
10657215,1,0.0,1.0,0.0,0.0,0.0,1.0,0.0,0.0,0.0,0.0,0.0,0.0,0.0,0.0,1.0,0.0,0.0,0.0,0.1285714285714286,0.1818181818181818,0.09090909090909091,0.0,0.05555555555555555,1,2,0,0,0,0,1,1,0.113,0.14,0.00017056693330741205,449000.0
10657222,1,0.0,1.0,0.0,0.0,0.0,0.0,1.0,0.0,0.0,0.0,0.0,0.0,0.0,0.0,0.0,0.0,1.0,0.0,0.17346938775510207,0.4545454545454545,0.09090909090909091,0.0,0.0,2,4,0,0,0,0,0,0,0.0,0.0,0.00033929981356850786,385000.0
10657219,0,0.0,1.0,0.0,0.0,0.0,0.0,0.0,0.0,0.0,0.0,0.0,0.0,0.0,1.0,0.0,0.0,0.0,1.0,0.04183673469387755,0.09090909090909091,0.09090909090909091,0.0,0.05555555555555555,2,3,1,0,0,0,0,1,0.0,0.0,0.0,269000.0
10657223,1,0.0,1.0,0.0,0.0,0.0,0.0,1.0,0.0,0.0,0.0,0.0,0.0,0.0,0.0,0.0,0.0,1.0,0.0,0.13877551020408166,0.1818181818181818,0.18181818181818182,0.0,0.0,4,6,0,0,0,0,0,0,0.0,0.0,0.0003218763096285034,249000.0
10657224,1,0.0,1.0,0.0,0.0,0.0,0.0,0.0,0.0,0.0,0.0,0.0,0.0,0.0,1.0,0.0,0.0,1.0,0.0,0.13979591836734695,0.1818181818181818,0.18181818181818182,0.0,0.0,3,3,0,0,0,0,0,0,0.0,0.0,0.00016506477416846328,299000.0
10657220,1,0.0,1.0,0.0,0.0,0.0,0.0,1.0,0.0,0.0,0.0,0.0,0.0,0.0,0.0,0.0,0.0,0.0,1.0,0.14489795918367349,0.1818181818181818,0.18181818181818182,0.0,0.1111111111111111,1,2,0,0,0,0,0,0,0.0,0.0,0.0012379858062634746,479000.0
10657230,0,0.0,0.0,1.0,0.0,0.0,0.0,0.0,1.0,0.0,0.0,0.0,0.0,0.0,0.0,0.0,0.0,1.0,0.0,0.14081632653061227,0.1818181818181818,0.09090909090909091,0.0,0.1111111111111111,3,3,0,0,0,0,0,0,0.0,0.0,0.0,195000.0
10657229,1,0.0,1.0,0.0,1.0,0.0,0.0,0.0,0.0,0.0,0.0,0.0,0.0,0.0,0.0,0.0,0.0,1.0,0.0,0.22959183673469388,0.1818181818181818,0.18181818181818182,0.0,0.1111111111111111,2,0,0,0,0,0,1,0,0.0,0.0,0.0003649765562169355,450000.0
10657228,1,0.0,1.0,0.0,1.0,0.0,0.0,0.0,0.0,0.0,0.0,0.0,0.0,0.0,0.0,0.0,0.0,0.0,1.0,0.2459183673469388,0.1818181818181818,0.18181818181818182,0.0,0.1111111111111111,1,0,0,0,0,0,1,0,0.0,0.0,0.0,529000.0
10657225,1,0.0,1.0,0.0,0.0,0.0,0.0,0.0,0.0,0.0,0.0,0.0,0.0,0.0,1.0,0.0,0.0,0.0,1.0,0.19387755102040818,0.09090909090909091,0.09090909090909091,0.0,0.0,0,2,0,0,0,0,0,0,0.0,0.0,0.0002283396042663742,280000.0
10657227,1,0.0,1.0,0.0,1.0,0.0,0.0,0.0,0.0,0.0,0.0,0.0,0.0,0.0,0.0,0.0,0.0,0.0,1.0,0.2459183673469388,0.2727272727272727,0.09090909090909091,0.0,0.1111111111111111,1,0,0,0,0,0,1,0,0.0,0.0,0.0,612000.0
10657226,1,0.0,0.0,1.0,0.0,0.0,0.0,0.0,0.0,0.0,1.0,0.0,0.0,0.0,0.0,0.0,0.0,0.0,1.0,0.1275510204081633,0.09090909090909091,0.0,0.07142857142857142,0.05555555555555555,5,7,0,0,0,0,0,0,0.0,0.0,0.0,75000.0
10657232,0,0.0,0.0,1.0,0.0,0.0,0.0,0.0,1.0,0.0,0.0,0.0,0.0,0.0,0.0,0.0,0.0,1.0,0.0,0.08265306122448982,0.09090909090909091,0.09090909090909091,0.07142857142857142,0.05555555555555555,3,4,1,0,0,0,0,0,0.0,0.0,0.0,165000.0
10657236,1,0.0,0.0,1.0,0.0,0.0,0.0,0.0,1.0,0.0,0.0,0.0,0.0,0.0,0.0,0.0,0.0,1.0,0.0,0.18877551020408165,0.2727272727272727,0.09090909090909091,0.07142857142857142,0.16666666666666666,3,4,0,1,0,0,1,1,0.1,0.2,0.0004126619354211582,480000.0
10657235,0,0.0,1.0,0.0,0.0,0.0,0.0,0.0,0.0,0.0,0.0,0.0,0.0,0.0,1.0,0.0,0.0,1.0,0.0,0.06938775510204082,0.1818181818181818,0.18181818181818182,0.14285714285714285,0.1111111111111111,1,1,1,0,0,0,0,1,0.0,0.0,0.0,795000.0
10657233,1,0.0,1.0,0.0,0.0,0.0,0.0,0.0,0.0,0.0,0.0,0.0,0.0,0.0,1.0,0.0,0.0,0.0,1.0,0.19387755102040818,0.1818181818181818,0.09090909090909091,0.07142857142857142,0.1111111111111111,3,3,0,0,0,0,0,0,0.0,0.0,0.0002613525591000669,279000.0
10657237,0,0.0,1.0,0.0,0.0,0.0,0.0,0.0,0.0,0.0,0.0,0.0,0.0,0.0,1.0,0.0,0.0,0.0,1.0,0.03877551020408163,0.09090909090909091,0.09090909090909091,0.0,0.05555555555555555,4,4,0,0,0,0,1,1,0.0,0.0,0.0,360000.0
10657244,1,0.0,0.0,1.0,0.0,0.0,0.0,0.0,0.0,0.0,0.0,0.0,0.0,1.0,0.0,0.0,0.0,0.0,1.0,0.13775510204081634,0.2727272727272727,0.2727272727272727,0.0,0.16666666666666666,1,2,0,0,0,0,1,1,0.05,0.3,0.00014855829675161696,389000.0
10657241,1,0.0,0.0,1.0,0.0,0.0,0.0,0.0,0.0,0.0,0.0,0.0,0.0,1.0,0.0,0.0,0.0,0.0,1.0,0.10204081632653061,0.1818181818181818,0.09090909090909091,0.0,0.05555555555555555,5,5,0,0,0,0,1,1,0.2,0.2,0.0002971165935032339,345000.0
10657248,1,0.0,1.0,0.0,1.0,0.0,0.0,0.0,0.0,0.0,0.0,0.0,0.0,0.0,0.0,0.0,0.0,1.0,0.0,0.02755102040816327,0.0,0.09090909090909091,0.0,0.0,3,4,0,0,0,0,0,1,0.0,0.0,6.327483009791092e-05,345000.0
10657239,0,0.0,1.0,0.0,1.0,0.0,0.0,0.0,0.0,0.0,0.0,0.0,0.0,0.0,0.0,0.0,0.0,0.0,1.0,0.09183673469387757,0.1818181818181818,0.09090909090909091,0.0,0.1111111111111111,3,2,1,1,0,0,0,1,0.0,0.09,0.0,259000.0
10657250,1,0.0,1.0,0.0,0.0,0.0,0.0,0.0,0.0,0.0,0.0,0.0,0.0,0.0,1.0,0.0,0.0,1.0,0.0,0.11836734693877551,0.1818181818181818,0.09090909090909091,0.0,0.05555555555555555,1,1,0,0,0,0,1,0,0.273,0.0,0.0002503482408221693,328000.0
10657255,0,0.0,1.0,0.0,0.0,0.0,0.0,0.0,0.0,0.0,0.0,0.0,0.0,0.0,1.0,0.0,0.0,1.0,0.0,0.0653061224489796,0.09090909090909091,0.18181818181818182,0.0,0.1111111111111111,1,0,0,0,0,0,0,1,0.0,0.06,0.0,595000.0
10657254,1,0.0,1.0,0.0,0.0,0.0,0.0,1.0,0.0,0.0,0.0,0.0,0.0,0.0,0.0,0.0,0.0,0.0,1.0,0.09183673469387757,0.09090909090909091,0.0,0.0,0.0,5,6,0,0,0,0,0,0,0.0,0.0,0.0004814389246580179,279000.0
10657263,1,0.0,0.0,1.0,0.0,0.0,0.0,0.0,0.0,0.0,0.0,1.0,0.0,0.0,0.0,0.0,0.0,0.0,1.0,0.10612244897959186,0.1818181818181818,0.09090909090909091,0.0,0.1111111111111111,1,1,0,0,0,0,1,1,0.257,0.08,0.0002934484874106014,299900.0
10657261,0,0.0,0.0,1.0,0.0,0.0,0.0,0.0,0.0,0.0,0.0,1.0,0.0,0.0,0.0,0.0,0.0,0.0,1.0,0.06836734693877553,0.0,0.09090909090909091,0.0,0.05555555555555555,1,3,1,0,0,0,0,1,0.0,0.28,0.0,164000.0
10657259,1,0.0,1.0,0.0,0.0,0.0,1.0,0.0,0.0,0.0,0.0,0.0,0.0,0.0,0.0,1.0,0.0,0.0,0.0,0.28061224489795916,0.36363636363636365,0.2727272727272727,0.14285714285714285,0.16666666666666666,1,0,0,1,0,0,1,0,0.108,0.0,0.00018615638420110025,1395000.0
10657262,1,0.0,0.0,1.0,0.0,0.0,0.0,0.0,0.0,0.0,0.0,1.0,0.0,0.0,0.0,0.0,0.0,0.0,1.0,0.10612244897959186,0.1818181818181818,0.09090909090909091,0.0,0.1111111111111111,0,1,0,0,0,0,1,1,0.297,0.08,0.00033012954833692656,299900.0
10657264,0,0.0,1.0,0.0,1.0,0.0,0.0,0.0,0.0,0.0,0.0,0.0,0.0,0.0,0.0,0.0,0.0,0.0,1.0,0.0816326530612245,0.0,0.09090909090909091,0.0,0.1111111111111111,0,0,1,0,0,0,0,1,0.0,0.0,0.0,299000.0
10657265,0,0.0,1.0,0.0,1.0,0.0,0.0,0.0,0.0,0.0,0.0,0.0,0.0,0.0,0.0,0.0,0.0,0.0,1.0,0.042857142857142864,0.0,0.09090909090909091,0.0,0.05555555555555555,0,0,1,0,0,0,0,1,0.0,0.0,0.0,190000.0
10657266,0,0.0,1.0,0.0,1.0,0.0,0.0,0.0,0.0,0.0,0.0,0.0,0.0,0.0,0.0,0.0,0.0,0.0,1.0,0.042857142857142864,0.0,0.09090909090909091,0.0,0.05555555555555555,0,0,1,0,0,0,0,1,0.0,0.0,0.0,205000.0
10657272,1,0.0,1.0,0.0,0.0,0.0,0.0,0.0,0.0,0.0,0.0,0.0,0.0,0.0,1.0,0.0,1.0,0.0,0.0,0.2979591836734694,0.2727272727272727,0.09090909090909091,0.0,0.1111111111111111,0,2,0,0,0,0,1,1,0.0,0.0,0.0008418303482591627,545000.0
10657278,0,0.0,1.0,0.0,1.0,0.0,0.0,0.0,0.0,0.0,0.0,0.0,0.0,0.0,0.0,0.0,0.0,0.0,1.0,0.0653061224489796,0.09090909090909091,0.09090909090909091,0.0,0.05555555555555555,3,2,1,0,0,0,0,1,0.0,0.06,0.0,215000.0
10657286,0,0.0,1.0,0.0,1.0,0.0,0.0,0.0,0.0,0.0,0.0,0.0,0.0,0.0,0.0,0.0,0.0,0.0,1.0,0.07551020408163267,0.09090909090909091,0.09090909090909091,0.0,0.05555555555555555,3,3,0,0,0,0,1,0,0.0,0.0,0.0,209000.0
10657279,0,0.0,1.0,0.0,1.0,0.0,0.0,0.0,0.0,0.0,0.0,0.0,0.0,0.0,0.0,0.0,0.0,0.0,1.0,0.06938775510204082,0.09090909090909091,0.09090909090909091,0.0,0.05555555555555555,3,1,1,0,0,0,0,1,0.0,0.1,0.0,275000.0
10657274,0,0.0,1.0,0.0,0.0,0.0,0.0,0.0,0.0,0.0,0.0,0.0,0.0,0.0,1.0,0.0,0.0,1.0,0.0,0.09693877551020408,0.09090909090909091,0.09090909090909091,0.0,0.05555555555555555,3,3,1,0,0,0,0,1,0.0,0.06,0.0,220000.0
10657287,0,0.0,1.0,0.0,1.0,0.0,0.0,0.0,0.0,0.0,0.0,0.0,0.0,0.0,0.0,0.0,0.0,0.0,1.0,0.08061224489795918,0.09090909090909091,0.09090909090909091,0.0,0.05555555555555555,3,3,0,0,0,0,0,1,0.0,0.0,0.0,259000.0
10657291,1,0.0,1.0,0.0,1.0,0.0,0.0,0.0,0.0,0.0,0.0,0.0,0.0,0.0,0.0,0.0,0.0,1.0,0.0,0.11224489795918369,0.1818181818181818,0.09090909090909091,0.0,0.0,1,2,0,0,0,0,0,0,0.0,0.0,0.00027419093042428065,390000.0
10657292,1,0.0,1.0,0.0,0.0,0.0,0.0,0.0,0.0,0.0,0.0,0.0,0.0,0.0,1.0,0.0,0.0,1.0,0.0,0.41122448979591836,0.36363636363636365,0.09090909090909091,0.0,0.0,0,3,0,0,0,0,0,0,0.0,0.0,0.0007684682264065124,530000.0
10657294,1,0.0,1.0,0.0,0.0,0.0,0.0,0.0,0.0,0.0,0.0,0.0,0.0,0.0,1.0,0.0,0.0,1.0,0.0,0.13775510204081634,0.2727272727272727,0.09090909090909091,0.0,0.05555555555555555,1,3,0,0,0,0,1,0,0.0,0.0,0.0003787319540643074,372000.0
10657289,1,0.0,1.0,0.0,1.0,0.0,0.0,0.0,0.0,0.0,0.0,0.0,0.0,0.0,0.0,0.0,0.0,0.0,1.0,0.2479591836734694,0.36363636363636365,0.18181818181818182,0.0,0.1111111111111111,0,0,0,0,0,0,1,1,0.0,0.0,0.00031912523005902903,599000.0
10657295,1,0.0,1.0,0.0,0.0,0.0,1.0,0.0,0.0,0.0,0.0,0.0,0.0,0.0,0.0,0.0,0.0,1.0,0.0,0.15918367346938778,0.09090909090909091,0.09090909090909091,0.0,0.1111111111111111,5,6,0,0,0,0,0,1,0.0,0.0,0.0007592979611749311,385000.0
10657302,1,0.0,0.0,1.0,0.0,0.0,0.0,0.0,0.0,0.0,0.0,1.0,0.0,0.0,0.0,0.0,0.0,0.0,1.0,0.09489795918367347,0.1818181818181818,0.09090909090909091,0.0,0.1111111111111111,3,3,0,1,0,0,0,0,0.0,0.0,0.0,290000.0
10657308,1,0.0,1.0,0.0,0.0,0.0,0.0,0.0,0.0,0.0,0.0,0.0,0.0,0.0,1.0,0.0,0.0,0.0,1.0,0.08673469387755103,0.1818181818181818,0.09090909090909091,0.0,0.1111111111111111,0,2,0,0,0,0,0,0,0.0,0.0,0.0001907415168168909,250000.0
10657305,1,0.0,0.0,1.0,0.0,0.0,0.0,0.0,1.0,0.0,0.0,0.0,0.0,0.0,0.0,0.0,0.0,1.0,0.0,0.15000000000000002,0.1818181818181818,0.09090909090909091,0.07142857142857142,0.05555555555555555,1,3,0,0,0,0,1,1,0.15,0.1,0.00023567581645163923,179000.0
10657312,1,0.0,0.0,1.0,0.0,0.0,0.0,0.0,0.0,0.0,1.0,0.0,0.0,0.0,0.0,0.0,0.0,1.0,0.0,0.06122448979591837,0.1818181818181818,0.09090909090909091,0.0,0.05555555555555555,3,7,0,0,0,0,1,1,0.08,0.38,0.0002751079569474388,235000.0
10657309,1,0.0,1.0,0.0,0.0,0.0,0.0,0.0,0.0,0.0,0.0,0.0,0.0,0.0,1.0,0.0,0.0,0.0,1.0,0.12244897959183676,0.1818181818181818,0.18181818181818182,0.0,0.16666666666666666,0,2,0,0,0,0,0,0,0.0,0.0,0.0001219645275800312,359000.0
10657313,0,1.0,0.0,0.0,0.0,1.0,0.0,0.0,0.0,0.0,0.0,0.0,0.0,0.0,0.0,0.0,1.0,0.0,0.0,0.25510204081632654,0.36363636363636365,0.18181818181818182,0.0,0.0,3,0,0,0,0,0,0,0,0.0,0.0,0.0,650000.0
10657318,1,0.0,1.0,0.0,0.0,0.0,0.0,0.0,0.0,0.0,0.0,0.0,0.0,0.0,1.0,0.0,0.0,1.0,0.0,0.2683673469387755,0.1818181818181818,0.09090909090909091,0.0,0.05555555555555555,3,4,0,0,0,0,0,0,0.0,0.0,0.00010545805016318488,319000.0
10657317,0,0.0,0.0,1.0,0.0,0.0,0.0,0.0,0.0,0.0,0.0,1.0,0.0,0.0,0.0,0.0,0.0,0.0,1.0,0.06632653061224492,0.09090909090909091,0.09090909090909091,0.0,0.05555555555555555,2,2,1,0,0,0,0,1,0.0,0.45,0.0,240000.0
10657314,1,0.0,0.0,1.0,0.0,0.0,0.0,0.0,0.0,0.0,0.0,0.0,0.0,1.0,0.0,0.0,0.0,0.0,1.0,0.21938775510204084,0.2727272727272727,0.09090909090909091,0.07142857142857142,0.2222222222222222,0,6,0,0,0,0,0,1,0.0,0.5,0.0018340530463162588,550000.0
10657316,0,1.0,0.0,0.0,0.0,1.0,0.0,0.0,0.0,0.0,0.0,0.0,0.0,0.0,0.0,0.0,1.0,0.0,0.0,0.0673469387755102,0.09090909090909091,0.09090909090909091,0.0,0.0,3,3,0,0,0,0,0,1,0.0,0.09,0.0,275000.0
10657323,1,0.0,1.0,0.0,0.0,0.0,0.0,1.0,0.0,0.0,0.0,0.0,0.0,0.0,0.0,0.0,0.0,0.0,1.0,0.3316326530612245,0.1818181818181818,0.09090909090909091,0.0,0.1111111111111111,3,2,0,0,0,0,0,1,0.0,0.0,0.001375539784737194,549000.0
10657321,1,1.0,0.0,0.0,0.0,1.0,0.0,0.0,0.0,0.0,0.0,0.0,0.0,0.0,0.0,0.0,0.0,0.0,1.0,0.45918367346938777,0.7272727272727273,0.4545454545454546,0.0,0.2777777777777778,3,0,1,0,0,0,0,1,0.0,0.0,0.0001467242437053007,1250000.0
10657325,1,0.0,1.0,0.0,0.0,0.0,1.0,0.0,0.0,0.0,0.0,0.0,0.0,0.0,0.0,0.0,0.0,0.0,1.0,0.23673469387755106,0.2727272727272727,0.09090909090909091,0.0,0.1111111111111111,0,5,0,0,0,0,1,1,0.0,0.0,0.0002842782221790201,269000.0
10657327,1,0.0,0.0,1.0,0.0,0.0,0.0,0.0,1.0,0.0,0.0,0.0,0.0,0.0,0.0,0.0,0.0,0.0,1.0,0.16734693877551024,0.1818181818181818,0.18181818181818182,0.0,0.1111111111111111,1,1,0,0,0,0,0,0,0.0,0.0,0.0006822677332296482,368391.0
10657326,0,0.0,1.0,0.0,0.0,0.0,1.0,0.0,0.0,0.0,0.0,0.0,0.0,0.0,0.0,0.0,0.0,0.0,1.0,0.05612244897959184,0.09090909090909091,0.09090909090909091,0.0,0.05555555555555555,1,3,1,0,0,0,1,0,0.0,0.0,0.0,255000.0
10657330,1,0.0,0.0,1.0,0.0,0.0,0.0,0.0,1.0,0.0,0.0,0.0,0.0,0.0,0.0,0.0,0.0,0.0,1.0,0.1295918367346939,0.1818181818181818,0.09090909090909091,0.0,0.1111111111111111,1,1,0,0,0,0,0,0,0.0,0.0,0.0016047964155267264,304406.0
10657338,1,0.0,0.0,1.0,0.0,0.0,0.0,0.0,1.0,0.0,0.0,0.0,0.0,0.0,0.0,0.0,0.0,0.0,1.0,0.13775510204081634,0.09090909090909091,0.18181818181818182,0.07142857142857142,0.16666666666666666,3,7,0,0,0,0,0,1,0.0,0.1,0.00018340530463162587,175000.0
10657329,1,0.0,0.0,1.0,0.0,0.0,0.0,0.0,1.0,0.0,0.0,0.0,0.0,0.0,0.0,0.0,0.0,0.0,1.0,0.17244897959183675,0.1818181818181818,0.09090909090909091,0.0,0.1111111111111111,1,1,0,0,0,0,0,0,0.0,0.0,0.00131868414030139,331661.0
10657328,1,0.0,0.0,1.0,0.0,0.0,0.0,0.0,1.0,0.0,0.0,0.0,0.0,0.0,0.0,0.0,0.0,0.0,1.0,0.17244897959183675,0.1818181818181818,0.09090909090909091,0.0,0.1111111111111111,1,1,0,0,0,0,0,0,0.0,0.0,0.0008253238708423164,350161.0
10657331,1,1.0,0.0,0.0,0.0,1.0,0.0,0.0,0.0,0.0,0.0,0.0,0.0,0.0,0.0,0.0,0.0,0.0,1.0,0.3622448979591837,0.2727272727272727,0.2727272727272727,0.07142857142857142,0.16666666666666666,3,7,0,0,0,0,1,1,0.3,0.3,0.00047318568594959475,1400000.0
10657334,1,0.0,1.0,0.0,1.0,0.0,0.0,0.0,0.0,0.0,0.0,0.0,0.0,0.0,0.0,0.0,0.0,0.0,1.0,0.1,0.1818181818181818,0.09090909090909091,0.0,0.05555555555555555,2,2,0,1,0,0,1,0,0.035,0.0,0.00010454102364002675,349000.0
10657340,1,0.0,0.0,1.0,0.0,0.0,0.0,0.0,1.0,0.0,0.0,0.0,0.0,0.0,0.0,0.0,0.0,0.0,1.0,0.2857142857142857,0.7272727272727273,0.7272727272727273,0.5714285714285714,0.4444444444444444,3,5,0,0,0,0,1,1,0.125,0.0,0.00036681060926325174,525000.0
10657337,1,0.0,0.0,1.0,0.0,0.0,0.0,0.0,1.0,0.0,0.0,0.0,0.0,0.0,0.0,0.0,0.0,0.0,1.0,0.11734693877551022,0.09090909090909091,0.09090909090909091,0.0,0.05555555555555555,3,7,0,0,0,0,1,1,0.05,0.9,0.00037598087449483304,225000.0
10657339,1,0.0,0.0,1.0,0.0,0.0,0.0,0.0,1.0,0.0,0.0,0.0,0.0,0.0,0.0,0.0,0.0,0.0,1.0,0.34183673469387754,0.4545454545454545,0.09090909090909091,0.0,0.1111111111111111,3,5,0,0,0,0,1,1,1.0,0.25,0.0013159330607319156,310000.0
10657342,1,0.0,1.0,0.0,1.0,0.0,0.0,0.0,0.0,0.0,0.0,0.0,0.0,0.0,0.0,0.0,0.0,0.0,1.0,0.15408163265306124,0.2727272727272727,0.09090909090909091,0.0,0.1111111111111111,3,6,0,0,0,0,0,0,0.0,0.0,0.0007877257833928331,399000.0
10657352,0,0.0,1.0,0.0,0.0,0.0,0.0,0.0,0.0,0.0,0.0,0.0,0.0,0.0,1.0,0.0,0.0,1.0,0.0,0.020408163265306124,0.0,0.09090909090909091,0.0,0.05555555555555555,0,3,1,0,1,0,0,0,0.0,0.0,0.0,205000.0
10657347,0,0.0,1.0,0.0,0.0,0.0,0.0,0.0,0.0,1.0,0.0,0.0,0.0,0.0,0.0,0.0,0.0,0.0,1.0,0.09183673469387757,0.09090909090909091,0.09090909090909091,0.0,0.1111111111111111,4,5,0,0,0,0,0,0,0.0,0.0,0.0,209000.0
10657344,1,0.0,1.0,0.0,0.0,0.0,0.0,0.0,0.0,0.0,0.0,0.0,0.0,0.0,1.0,0.0,0.0,1.0,0.0,0.17040816326530614,0.2727272727272727,0.09090909090909091,0.0,0.1111111111111111,5,6,0,0,0,0,1,0,0.0,0.0,0.0014213911108951005,438000.0
10657349,0,0.0,0.0,1.0,0.0,0.0,0.0,0.0,0.0,0.0,0.0,1.0,0.0,0.0,0.0,0.0,0.0,0.0,1.0,0.07448979591836735,0.09090909090909091,0.09090909090909091,0.0,0.05555555555555555,0,1,1,0,0,0,1,1,0.038,0.08,0.0,234900.0
10657359,1,0.0,1.0,0.0,0.0,0.0,0.0,1.0,0.0,0.0,0.0,0.0,0.0,0.0,0.0,0.0,0.0,1.0,0.0,0.21734693877551023,0.1818181818181818,0.09090909090909091,0.0,0.0,1,0,0,0,0,0,0,0,0.0,0.0,0.00025768445300743435,319900.0
10657371,1,0.0,0.0,1.0,0.0,0.0,0.0,0.0,0.0,0.0,0.0,0.0,1.0,0.0,0.0,0.0,1.0,0.0,0.0,0.25816326530612244,0.09090909090909091,0.09090909090909091,0.07142857142857142,0.05555555555555555,5,0,0,0,0,0,0,1,0.0,0.0,0.0003567233175085123,209000.0
10657361,1,0.0,1.0,0.0,0.0,0.0,0.0,1.0,0.0,0.0,0.0,0.0,0.0,0.0,0.0,0.0,0.0,1.0,0.0,0.16836734693877553,0.1818181818181818,0.09090909090909091,0.0,0.0,1,0,0,0,0,0,0,0,0.0,0.0,0.00037781492754114927,310000.0
10657360,1,0.0,1.0,0.0,0.0,0.0,0.0,1.0,0.0,0.0,0.0,0.0,0.0,0.0,0.0,0.0,0.0,1.0,0.0,0.17346938775510207,0.1818181818181818,0.09090909090909091,0.0,0.0,1,0,0,0,0,0,0,0,0.0,0.0,0.00021091610032636975,303800.0
10657375,1,0.0,1.0,0.0,1.0,0.0,0.0,0.0,0.0,0.0,0.0,0.0,0.0,0.0,0.0,0.0,0.0,0.0,1.0,0.2091836734693878,0.09090909090909091,0.09090909090909091,0.0,0.1111111111111111,3,2,0,0,1,1,1,1,0.55,0.4,0.000979384326732882,695000.0
10657383,0,0.0,1.0,0.0,1.0,0.0,0.0,0.0,0.0,0.0,0.0,0.0,0.0,0.0,0.0,0.0,0.0,0.0,1.0,0.07653061224489796,0.09090909090909091,0.09090909090909091,0.0,0.05555555555555555,0,2,0,0,0,0,0,1,0.0,0.37,0.0,339000.0
10657378,1,0.0,0.0,1.0,0.0,0.0,0.0,0.0,1.0,0.0,0.0,0.0,0.0,0.0,0.0,0.0,0.0,0.0,1.0,0.2857142857142857,0.2727272727272727,0.18181818181818182,0.0,0.0,0,0,0,0,0,0,0,1,0.0,0.0,0.009170265231581293,360000.0
10657382,1,0.0,1.0,0.0,0.0,0.0,1.0,0.0,0.0,0.0,0.0,0.0,0.0,0.0,0.0,0.0,0.0,1.0,0.0,0.1948979591836735,0.2727272727272727,0.18181818181818182,0.07142857142857142,0.16666666666666666,3,3,0,0,1,0,1,1,0.187,0.93,0.0005502159138948776,469000.0
10657404,1,0.0,0.0,1.0,0.0,0.0,0.0,0.0,1.0,0.0,0.0,0.0,0.0,0.0,0.0,0.0,0.0,0.0,1.0,0.3734693877551021,0.5454545454545454,0.18181818181818182,0.0,0.16666666666666666,3,4,0,0,0,0,0,1,0.0,0.0,0.006254120887938442,395000.0
10657405,1,0.0,0.0,1.0,0.0,0.0,0.0,0.0,0.0,0.0,1.0,0.0,0.0,0.0,0.0,0.0,0.0,0.0,1.0,0.23469387755102042,0.36363636363636365,0.09090909090909091,0.0,0.05555555555555555,3,5,0,0,0,0,1,1,0.665,0.5,0.0008207387382265258,249900.0
10657408,1,0.0,0.0,1.0,0.0,0.0,0.0,0.0,0.0,0.0,1.0,0.0,0.0,0.0,0.0,0.0,0.0,0.0,1.0,0.10714285714285715,0.2727272727272727,0.09090909090909091,0.07142857142857142,0.05555555555555555,4,4,0,0,0,0,1,1,0.07,0.48,0.00014855829675161696,220000.0
10657410,1,0.0,1.0,0.0,0.0,0.0,0.0,1.0,0.0,0.0,0.0,0.0,0.0,0.0,0.0,0.0,0.0,0.0,1.0,0.26326530612244897,0.1818181818181818,0.09090909090909091,0.07142857142857142,0.1111111111111111,1,0,0,0,0,0,0,0,0.0,0.0,0.0003282954952906103,815000.0
10657413,0,0.0,0.0,1.0,0.0,0.0,0.0,0.0,1.0,0.0,0.0,0.0,0.0,0.0,0.0,0.0,0.0,1.0,0.0,0.06122448979591837,0.09090909090909091,0.09090909090909091,0.0,0.05555555555555555,2,3,0,0,0,0,0,0,0.0,0.0,0.0,109000.0
10657420,1,0.0,0.0,1.0,0.0,0.0,0.0,0.0,0.0,0.0,0.0,0.0,0.0,1.0,0.0,0.0,0.0,0.0,1.0,0.1785714285714286,0.1818181818181818,0.09090909090909091,0.0,0.05555555555555555,1,3,0,0,0,0,1,1,0.06,0.13,0.00017423503940004458,360000.0
10657430,0,1.0,0.0,0.0,0.0,1.0,0.0,0.0,0.0,0.0,0.0,0.0,0.0,0.0,0.0,0.0,1.0,0.0,0.0,0.07755102040816328,0.09090909090909091,0.09090909090909091,0.0,0.05555555555555555,3,6,1,0,0,0,0,0,0.0,0.0,0.0,385000.0
10657424,0,0.0,1.0,0.0,0.0,0.0,1.0,0.0,0.0,0.0,0.0,0.0,0.0,0.0,0.0,0.0,0.0,1.0,0.0,0.06326530612244899,0.09090909090909091,0.09090909090909091,0.0,0.05555555555555555,1,0,0,0,0,0,0,1,0.0,0.1,0.0,299000.0
10657429,0,1.0,0.0,0.0,0.0,1.0,0.0,0.0,0.0,0.0,0.0,0.0,0.0,0.0,0.0,1.0,0.0,0.0,0.0,0.07755102040816328,0.09090909090909091,0.09090909090909091,0.0,0.05555555555555555,3,6,1,0,0,0,0,0,0.0,0.0,0.0,385000.0
10657433,0,0.0,1.0,0.0,1.0,0.0,0.0,0.0,0.0,0.0,0.0,0.0,0.0,0.0,0.0,0.0,0.0,1.0,0.0,0.06632653061224492,0.0,0.09090909090909091,0.0,0.05555555555555555,5,3,0,1,0,0,0,0,0.0,0.0,0.0,135000.0
10657451,1,0.0,1.0,0.0,0.0,0.0,0.0,0.0,0.0,0.0,0.0,0.0,0.0,0.0,1.0,0.0,0.0,1.0,0.0,0.0816326530612245,0.09090909090909091,0.09090909090909091,0.0,0.0,0,4,0,0,0,0,1,0,0.0,0.0,0.00011004318277897552,95000.0
10657438,1,0.0,1.0,0.0,0.0,0.0,0.0,0.0,0.0,0.0,0.0,0.0,0.0,0.0,1.0,0.0,0.0,0.0,1.0,0.12448979591836737,0.09090909090909091,0.09090909090909091,0.0,0.05555555555555555,3,3,0,0,0,0,0,0,0.0,0.0,0.0002934484874106014,209500.0
10657444,1,0.0,0.0,1.0,0.0,0.0,0.0,0.0,1.0,0.0,0.0,0.0,0.0,0.0,0.0,0.0,0.0,0.0,1.0,0.0816326530612245,0.09090909090909091,0.09090909090909091,0.0,0.05555555555555555,3,5,0,1,0,0,0,1,0.0,0.15,0.0003943214049579956,135000.0
10657458,1,0.0,0.0,1.0,0.0,0.0,0.0,0.0,0.0,0.0,0.0,0.0,0.0,1.0,0.0,0.0,0.0,0.0,1.0,0.2091836734693878,0.1818181818181818,0.09090909090909091,0.0,0.1111111111111111,3,7,0,0,0,0,1,1,1.0,1.0,0.0018340530463162588,415000.0
10657453,1,0.0,1.0,0.0,0.0,0.0,0.0,0.0,0.0,0.0,0.0,0.0,0.0,0.0,1.0,0.0,0.0,0.0,1.0,0.20408163265306126,0.1818181818181818,0.09090909090909091,0.0,0.1111111111111111,0,0,0,0,0,0,0,0,0.0,0.0,0.0006015693991917329,410000.0
10657452,1,0.0,1.0,0.0,1.0,0.0,0.0,0.0,0.0,0.0,0.0,0.0,0.0,0.0,0.0,0.0,0.0,0.0,1.0,0.15816326530612246,0.2727272727272727,0.09090909090909091,0.0,0.1111111111111111,1,1,0,0,0,0,0,0,0.0,0.0,0.0002751079569474388,429000.0
10657462,1,0.0,1.0,0.0,0.0,0.0,0.0,0.0,0.0,1.0,0.0,0.0,0.0,0.0,0.0,0.0,0.0,1.0,0.0,0.2857142857142857,0.4545454545454545,0.09090909090909091,0.0,0.1111111111111111,0,2,0,0,0,0,0,1,0.0,0.0,0.0008922668070328599,675000.0
10657466,1,0.0,0.0,1.0,0.0,0.0,0.0,0.0,0.0,0.0,1.0,0.0,0.0,0.0,0.0,1.0,0.0,0.0,0.0,0.1326530612244898,0.2727272727272727,0.0,0.0,0.05555555555555555,5,0,0,0,0,0,1,0,0.05,0.0,0.0,154000.0
10657488,1,0.0,0.0,1.0,0.0,0.0,0.0,0.0,0.0,0.0,0.0,0.0,0.0,1.0,0.0,0.0,0.0,0.0,1.0,0.2653061224489796,0.2727272727272727,0.18181818181818182,0.0,0.1111111111111111,1,2,0,0,0,0,1,1,0.8,0.24,0.0013223522463940225,920000.0
10657481,0,1.0,0.0,0.0,0.0,1.0,0.0,0.0,0.0,0.0,0.0,0.0,0.0,0.0,0.0,0.0,0.0,0.0,1.0,0.036734693877551024,0.0,0.09090909090909091,0.0,0.0,3,4,1,0,0,0,1,1,0.06,0.3,0.0,249000.0
10657500,0,0.0,1.0,0.0,1.0,0.0,0.0,0.0,0.0,0.0,0.0,0.0,0.0,0.0,0.0,0.0,0.0,1.0,0.0,0.03877551020408163,0.0,0.09090909090909091,0.0,0.05555555555555555,3,1,0,1,0,0,0,1,0.0,0.09,0.0,189000.0
10657502,0,0.0,1.0,0.0,0.0,0.0,1.0,0.0,0.0,0.0,0.0,0.0,0.0,0.0,0.0,0.0,1.0,0.0,0.0,0.06122448979591837,0.0,0.09090909090909091,0.0,0.05555555555555555,3,3,0,0,0,0,0,0,0.0,0.0,0.0,225000.0
10657501,1,0.0,1.0,0.0,1.0,0.0,0.0,0.0,0.0,0.0,0.0,0.0,0.0,0.0,0.0,0.0,0.0,1.0,0.0,0.1326530612244898,0.1818181818181818,0.09090909090909091,0.0,0.1111111111111111,3,3,0,1,0,0,1,1,0.0,0.0,8.803454622318042e-05,245000.0
10657506,1,0.0,1.0,0.0,1.0,0.0,0.0,0.0,0.0,0.0,0.0,0.0,0.0,0.0,0.0,0.0,0.0,0.0,1.0,0.2612244897959184,0.1818181818181818,0.18181818181818182,0.0,0.1111111111111111,3,2,0,1,0,0,1,1,0.0,0.0,0.0004649324472411716,459000.0
10657507,1,0.0,1.0,0.0,1.0,0.0,0.0,0.0,0.0,0.0,0.0,0.0,0.0,0.0,0.0,0.0,0.0,1.0,0.0,0.20816326530612247,0.09090909090909091,0.18181818181818182,0.0,0.16666666666666666,3,4,0,1,0,0,1,1,0.0,0.0,0.00016506477416846328,290000.0
10657505,1,0.0,1.0,0.0,1.0,0.0,0.0,0.0,0.0,0.0,0.0,0.0,0.0,0.0,0.0,0.0,0.0,1.0,0.0,0.2612244897959184,0.1818181818181818,0.18181818181818182,0.0,0.1111111111111111,2,2,0,1,0,0,1,1,0.0,0.0,0.00041724706803694884,485000.0
10657514,1,0.0,0.0,1.0,0.0,0.0,0.0,0.0,0.0,0.0,0.0,0.0,0.0,1.0,0.0,0.0,0.0,0.0,1.0,0.19081632653061226,0.2727272727272727,0.18181818181818182,0.14285714285714285,0.16666666666666666,3,3,0,0,0,0,1,1,0.23,0.25,0.00042550030674537204,549000.0
10657515,1,0.0,0.0,1.0,0.0,0.0,0.0,0.0,0.0,0.0,0.0,0.0,0.0,1.0,0.0,0.0,0.0,0.0,1.0,0.19081632653061226,0.2727272727272727,0.18181818181818182,0.14285714285714285,0.16666666666666666,3,3,0,0,0,0,1,1,0.23,0.25,0.00042550030674537204,549000.0
10657521,0,0.0,1.0,0.0,1.0,0.0,0.0,0.0,0.0,0.0,0.0,0.0,0.0,0.0,0.0,0.0,0.0,1.0,0.0,0.07653061224489796,0.0,0.09090909090909091,0.0,0.05555555555555555,0,3,0,0,0,0,0,1,0.0,0.12,0.0,254000.0
10657520,1,1.0,0.0,0.0,0.0,1.0,0.0,0.0,0.0,0.0,0.0,0.0,0.0,0.0,0.0,0.0,1.0,0.0,0.0,0.20408163265306126,0.36363636363636365,0.2727272727272727,0.0,0.16666666666666666,2,0,0,0,0,0,1,0,0.036000000000000004,0.0,0.00011921344801055682,499000.0
10657519,0,0.0,1.0,0.0,0.0,0.0,0.0,0.0,0.0,0.0,0.0,0.0,0.0,0.0,1.0,0.0,0.0,1.0,0.0,0.0816326530612245,0.1818181818181818,0.09090909090909091,0.0,0.0,3,0,0,0,0,0,0,1,0.0,0.0,0.0,495000.0
10657522,1,0.0,1.0,0.0,0.0,0.0,0.0,1.0,0.0,0.0,0.0,0.0,0.0,0.0,0.0,0.0,0.0,0.0,1.0,0.1326530612244898,0.09090909090909091,0.09090909090909091,0.0,0.0,1,5,0,1,0,0,1,1,0.3,0.61,0.00045301110244011587,547000.0
10657532,1,0.0,1.0,0.0,0.0,0.0,1.0,0.0,0.0,0.0,0.0,0.0,0.0,0.0,0.0,1.0,0.0,0.0,0.0,0.09387755102040818,0.09090909090909091,0.09090909090909091,0.0,0.1111111111111111,3,0,0,0,0,0,1,0,0.019,0.0,5.685564443580402e-05,315000.0
10657533,1,0.0,0.0,1.0,0.0,0.0,0.0,0.0,1.0,0.0,0.0,0.0,0.0,0.0,0.0,1.0,0.0,0.0,0.0,0.23469387755102042,0.2727272727272727,0.18181818181818182,0.0,0.1111111111111111,3,5,0,1,1,0,1,0,0.0,0.0,0.0010087291754739423,550000.0
10657524,1,0.0,0.0,1.0,0.0,0.0,0.0,0.0,0.0,0.0,0.0,0.0,1.0,0.0,0.0,0.0,0.0,0.0,1.0,0.10204081632653061,0.1818181818181818,0.09090909090909091,0.0,0.05555555555555555,3,7,0,0,0,0,1,1,1.0,0.4,0.0011921344801055682,245000.0
10657536,1,0.0,0.0,1.0,0.0,0.0,0.0,0.0,0.0,0.0,0.0,0.0,1.0,0.0,0.0,0.0,1.0,0.0,0.0,0.06122448979591837,0.0,0.09090909090909091,0.0,0.05555555555555555,3,4,0,0,0,0,0,1,0.0,0.3,0.0005969842665759421,285000.0
10657553,1,0.0,1.0,0.0,1.0,0.0,0.0,0.0,0.0,0.0,0.0,0.0,0.0,0.0,0.0,0.0,0.0,0.0,1.0,0.19081632653061226,0.1818181818181818,0.09090909090909091,0.07142857142857142,0.05555555555555555,1,2,0,0,0,1,1,1,0.11,0.37,0.0,468000.0
10657550,0,0.0,1.0,0.0,1.0,0.0,0.0,0.0,0.0,0.0,0.0,0.0,0.0,0.0,0.0,0.0,0.0,1.0,0.0,0.11224489795918369,0.1818181818181818,0.09090909090909091,0.0,0.1111111111111111,1,2,0,0,0,0,0,1,0.0,0.21,0.0,394000.0
10657542,0,0.0,1.0,0.0,1.0,0.0,0.0,0.0,0.0,0.0,0.0,0.0,0.0,0.0,0.0,0.0,0.0,1.0,0.0,0.0673469387755102,0.09090909090909091,0.09090909090909091,0.0,0.05555555555555555,1,0,0,0,0,0,0,1,0.0,0.06,0.0,255000.0
10657540,1,0.0,1.0,0.0,0.0,0.0,0.0,1.0,0.0,0.0,0.0,0.0,0.0,0.0,0.0,0.0,0.0,0.0,1.0,0.25,0.2727272727272727,0.0,0.07142857142857142,0.2222222222222222,0,0,0,0,0,0,1,1,0.15,0.58,0.0004126619354211582,1295000.0
10657537,0,0.0,1.0,0.0,1.0,0.0,0.0,0.0,0.0,0.0,0.0,0.0,0.0,0.0,0.0,0.0,0.0,0.0,1.0,0.04591836734693878,0.0,0.09090909090909091,0.0,0.05555555555555555,1,0,1,0,0,0,0,1,0.0,0.06,0.0,255000.0
10657541,0,0.0,1.0,0.0,0.0,0.0,0.0,0.0,0.0,0.0,0.0,0.0,0.0,0.0,1.0,0.0,0.0,1.0,0.0,0.051020408163265314,0.0,0.09090909090909091,0.0,0.0,1,0,1,0,0,0,0,1,0.0,0.07,0.0,325000.0
10657558,1,0.0,1.0,0.0,0.0,0.0,0.0,1.0,0.0,0.0,0.0,0.0,0.0,0.0,0.0,0.0,1.0,0.0,0.0,0.23469387755102042,0.2727272727272727,0.2727272727272727,0.0,0.1111111111111111,2,0,0,0,0,1,1,1,0.73,0.35000000000000003,0.0007703022794528287,890000.0
10657560,1,0.0,1.0,0.0,0.0,0.0,1.0,0.0,0.0,0.0,0.0,0.0,0.0,0.0,0.0,0.0,1.0,0.0,0.0,0.1959183673469388,0.2727272727272727,0.09090909090909091,0.0,0.1111111111111111,3,3,0,0,0,0,1,1,0.528,0.44,0.0006162418235622629,595000.0
10657563,1,0.0,1.0,0.0,0.0,0.0,0.0,1.0,0.0,0.0,0.0,0.0,0.0,0.0,0.0,0.0,1.0,0.0,0.0,0.15408163265306124,0.1818181818181818,0.09090909090909091,0.0,0.1111111111111111,3,3,0,0,0,0,1,1,0.5,0.27,0.0005868969748212028,579000.0
10657562,1,0.0,1.0,0.0,0.0,0.0,1.0,0.0,0.0,0.0,0.0,0.0,0.0,0.0,0.0,0.0,0.0,1.0,0.0,0.12244897959183676,0.1818181818181818,0.09090909090909091,0.0,0.1111111111111111,3,3,0,0,0,0,1,0,0.03,0.0,0.00010545805016318488,349000.0
10657565,1,0.0,1.0,0.0,0.0,0.0,0.0,0.0,0.0,0.0,0.0,0.0,0.0,0.0,1.0,0.0,0.0,1.0,0.0,0.17346938775510207,0.2727272727272727,0.09090909090909091,0.0,0.1111111111111111,3,2,0,0,0,0,1,1,0.0,0.0,0.00017606909244636084,595000.0
10657569,1,0.0,0.0,1.0,0.0,0.0,0.0,0.0,0.0,0.0,1.0,0.0,0.0,0.0,0.0,0.0,0.0,1.0,0.0,0.0816326530612245,0.09090909090909091,0.09090909090909091,0.07142857142857142,0.05555555555555555,3,0,0,0,0,0,1,1,0.0,0.06,0.0005593861791264589,219000.0
10657568,1,0.0,1.0,0.0,0.0,0.0,0.0,0.0,0.0,0.0,0.0,0.0,0.0,0.0,1.0,0.0,0.0,0.0,1.0,0.1469387755102041,0.1818181818181818,0.09090909090909091,0.0,0.0,3,3,0,0,0,0,1,0,0.0,0.0,0.002439290551600624,649000.0
10657571,0,0.0,1.0,0.0,0.0,0.0,1.0,0.0,0.0,0.0,0.0,0.0,0.0,0.0,0.0,0.0,0.0,0.0,1.0,0.07653061224489796,0.09090909090909091,0.09090909090909091,0.0,0.05555555555555555,3,4,0,0,0,0,0,1,0.0,0.52,0.0,190000.0
10657577,0,1.0,0.0,0.0,0.0,1.0,0.0,0.0,0.0,0.0,0.0,0.0,0.0,0.0,0.0,0.0,0.0,0.0,1.0,0.11224489795918369,0.09090909090909091,0.09090909090909091,0.07142857142857142,0.1111111111111111,3,7,1,0,0,0,0,1,0.0,0.06,0.0,468000.0
10657579,0,0.0,1.0,0.0,1.0,0.0,0.0,0.0,0.0,0.0,0.0,0.0,0.0,0.0,0.0,0.0,0.0,0.0,1.0,0.0673469387755102,0.09090909090909091,0.09090909090909091,0.0,0.05555555555555555,3,3,0,0,0,0,1,0,0.105,0.0,0.0,289000.0
10657573,1,0.0,1.0,0.0,0.0,0.0,1.0,0.0,0.0,0.0,0.0,0.0,0.0,0.0,0.0,0.0,0.0,1.0,0.0,0.08571428571428572,0.1818181818181818,0.09090909090909091,0.0,0.05555555555555555,3,3,0,0,0,0,0,1,0.0,0.12,7.336212185265035e-05,255000.0
10657576,0,1.0,0.0,0.0,0.0,1.0,0.0,0.0,0.0,0.0,0.0,0.0,0.0,0.0,0.0,0.0,0.0,0.0,1.0,0.030612244897959183,0.0,0.0,0.07142857142857142,0.05555555555555555,3,0,0,0,0,0,0,0,0.0,0.0,0.0,160000.0
10657583,1,0.0,0.0,1.0,0.0,0.0,0.0,0.0,0.0,0.0,0.0,0.0,0.0,1.0,0.0,0.0,0.0,0.0,1.0,0.1306122448979592,0.1818181818181818,0.18181818181818182,0.07142857142857142,0.1111111111111111,3,4,0,0,0,0,1,0,0.088,0.0,0.00021275015337268602,485000.0
10657589,1,0.0,1.0,0.0,0.0,0.0,1.0,0.0,0.0,0.0,0.0,0.0,0.0,0.0,0.0,0.0,0.0,1.0,0.0,0.1489795918367347,0.1818181818181818,0.09090909090909091,0.0,0.1111111111111111,2,0,0,0,0,0,0,1,0.0,0.0,0.0,292000.0
10657590,1,0.0,1.0,0.0,1.0,0.0,0.0,0.0,0.0,0.0,0.0,0.0,0.0,0.0,0.0,0.0,0.0,1.0,0.0,0.23673469387755106,0.2727272727272727,0.09090909090909091,0.0,0.1111111111111111,0,3,0,0,0,0,0,1,0.0,0.27,0.00038515113972641433,595000.0
10657594,1,0.0,1.0,0.0,0.0,0.0,1.0,0.0,0.0,0.0,0.0,0.0,0.0,0.0,0.0,0.0,0.0,0.0,1.0,0.27040816326530615,0.1818181818181818,0.09090909090909091,0.0,0.1111111111111111,1,0,0,1,0,0,1,1,1.0,0.4,0.0018340530463162588,950000.0
10657600,1,0.0,1.0,0.0,1.0,0.0,0.0,0.0,0.0,0.0,0.0,0.0,0.0,0.0,0.0,0.0,0.0,1.0,0.0,0.13469387755102044,0.2727272727272727,0.18181818181818182,0.0,0.1111111111111111,2,2,0,1,0,1,1,1,0.051000000000000004,0.08,0.00014122208456635192,425000.0
10657621,0,0.0,1.0,0.0,1.0,0.0,0.0,0.0,0.0,0.0,0.0,0.0,0.0,0.0,0.0,0.0,0.0,0.0,1.0,0.07653061224489796,0.09090909090909091,0.09090909090909091,0.0,0.05555555555555555,1,0,0,1,0,0,0,1,0.0,0.08,0.0,299000.0
10657617,0,0.0,1.0,0.0,0.0,0.0,0.0,0.0,0.0,0.0,0.0,0.0,0.0,0.0,1.0,0.0,0.0,1.0,0.0,0.06632653061224492,0.09090909090909091,0.09090909090909091,0.0,0.0,1,2,1,0,0,0,0,1,0.0,0.0,0.0,695000.0
10657615,0,0.0,1.0,0.0,0.0,0.0,0.0,0.0,0.0,0.0,0.0,0.0,0.0,0.0,1.0,0.0,0.0,1.0,0.0,0.07857142857142857,0.1818181818181818,0.18181818181818182,0.0,0.0,1,1,1,0,0,0,1,1,0.0,0.0,0.0,2095000.0
10657603,1,0.0,0.0,1.0,0.0,0.0,0.0,0.0,0.0,0.0,1.0,0.0,0.0,0.0,0.0,0.0,0.0,1.0,0.0,0.13775510204081634,0.1818181818181818,0.0,0.07142857142857142,0.1111111111111111,2,2,0,0,0,0,1,1,0.15,0.14,0.00021825231251163479,295000.0
10657616,0,0.0,1.0,0.0,0.0,0.0,0.0,0.0,0.0,0.0,0.0,0.0,0.0,0.0,1.0,0.0,0.0,1.0,0.0,0.06224489795918368,0.09090909090909091,0.18181818181818182,0.0,0.1111111111111111,2,2,1,0,0,0,1,1,0.0,0.0,0.0,1995000.0
10657626,0,0.0,1.0,0.0,1.0,0.0,0.0,0.0,0.0,0.0,0.0,0.0,0.0,0.0,0.0,0.0,0.0,1.0,0.0,0.10714285714285715,0.09090909090909091,0.09090909090909091,0.0,0.05555555555555555,3,0,1,0,0,0,0,1,0.0,0.36,0.0,240000.0
10657633,0,1.0,0.0,0.0,0.0,1.0,0.0,0.0,0.0,0.0,0.0,0.0,0.0,0.0,0.0,1.0,0.0,0.0,0.0,0.10204081632653061,0.1818181818181818,0.18181818181818182,0.07142857142857142,0.1111111111111111,1,0,1,0,0,0,0,1,0.0,0.1,0.0,480000.0
10657632,1,0.0,1.0,0.0,1.0,0.0,0.0,0.0,0.0,0.0,0.0,0.0,0.0,0.0,0.0,0.0,0.0,0.0,1.0,0.1489795918367347,0.2727272727272727,0.09090909090909091,0.0,0.1111111111111111,1,1,0,0,0,0,1,1,0.105,0.25,0.00019899475552531408,455000.0
10657628,1,0.0,1.0,0.0,1.0,0.0,0.0,0.0,0.0,0.0,0.0,0.0,0.0,0.0,0.0,0.0,0.0,0.0,1.0,0.10714285714285715,0.09090909090909091,0.09090909090909091,0.0,0.1111111111111111,0,2,0,0,0,0,1,0,0.067,0.0,0.0001283837132421381,255000.0
10657635,1,0.0,1.0,0.0,1.0,0.0,0.0,0.0,0.0,0.0,0.0,0.0,0.0,0.0,0.0,0.0,0.0,0.0,1.0,0.1836734693877551,0.1818181818181818,0.18181818181818182,0.0,0.16666666666666666,3,4,0,1,0,1,0,0,0.0,0.0,0.0018679830276731094,790000.0
10657636,0,0.0,1.0,0.0,1.0,0.0,0.0,0.0,0.0,0.0,0.0,0.0,0.0,0.0,0.0,0.0,0.0,1.0,0.0,0.0653061224489796,0.09090909090909091,0.09090909090909091,0.0,0.0,3,2,1,0,0,0,0,1,0.0,0.0,0.0,343000.0
10657641,1,0.0,1.0,0.0,0.0,0.0,1.0,0.0,0.0,0.0,0.0,0.0,0.0,0.0,0.0,0.0,0.0,0.0,1.0,0.19387755102040818,0.1818181818181818,0.0,0.0,0.0,1,3,0,0,0,0,1,0,0.0,0.0,0.00032646144224429403,319000.0
10657639,1,0.0,1.0,0.0,0.0,0.0,0.0,1.0,0.0,0.0,0.0,0.0,0.0,0.0,0.0,0.0,0.0,0.0,1.0,0.14183673469387756,0.2727272727272727,0.09090909090909091,0.0,0.1111111111111111,1,1,0,1,0,1,1,1,0.0,0.2,0.00021733528598847667,569000.0
10657634,0,0.0,1.0,0.0,0.0,0.0,1.0,0.0,0.0,0.0,0.0,0.0,0.0,0.0,0.0,0.0,0.0,1.0,0.0,0.06938775510204082,0.09090909090909091,0.09090909090909091,0.0,0.1111111111111111,1,0,0,0,0,0,0,1,0.0,0.08,0.0,239000.0
10657644,0,0.0,1.0,0.0,0.0,0.0,0.0,0.0,0.0,0.0,0.0,0.0,0.0,0.0,1.0,0.0,0.0,0.0,1.0,0.036734693877551024,0.0,0.09090909090909091,0.0,0.0,0,3,1,0,0,0,0,0,0.0,0.0,0.0,250000.0
10657645,0,0.0,1.0,0.0,0.0,0.0,0.0,0.0,0.0,0.0,0.0,0.0,0.0,0.0,1.0,0.0,0.0,0.0,1.0,0.0326530612244898,0.0,0.09090909090909091,0.0,0.0,2,3,0,0,0,0,0,0,0.0,0.0,0.0,215000.0
10657647,0,0.0,1.0,0.0,1.0,0.0,0.0,0.0,0.0,0.0,0.0,0.0,0.0,0.0,0.0,0.0,0.0,0.0,1.0,0.0673469387755102,0.09090909090909091,0.09090909090909091,0.0,0.05555555555555555,1,1,0,0,0,0,0,1,0.0,0.16,0.0,300000.0
10395504,0,0.0,1.0,0.0,1.0,0.0,0.0,0.0,0.0,0.0,0.0,0.0,0.0,0.0,0.0,0.0,0.0,1.0,0.0,0.08877551020408164,0.09090909090909091,0.09090909090909091,0.0,0.05555555555555555,1,0,0,0,0,0,0,1,0.0,0.06,0.0,279000.0
10526579,0,0.0,1.0,0.0,1.0,0.0,0.0,0.0,0.0,0.0,0.0,0.0,0.0,0.0,0.0,0.0,0.0,1.0,0.0,0.07142857142857142,0.09090909090909091,0.18181818181818182,0.0,0.0,1,2,1,0,0,0,0,1,0.0,0.0,0.0,269000.0
10657655,0,0.0,1.0,0.0,1.0,0.0,0.0,0.0,0.0,0.0,0.0,0.0,0.0,0.0,0.0,0.0,1.0,0.0,0.0,0.10204081632653061,0.1818181818181818,0.09090909090909091,0.0,0.1111111111111111,1,3,0,0,0,0,1,1,0.075,0.2,0.0,349000.0
10657652,0,0.0,1.0,0.0,0.0,0.0,0.0,0.0,0.0,0.0,0.0,0.0,0.0,0.0,1.0,0.0,0.0,0.0,1.0,0.07551020408163267,0.09090909090909091,0.0,0.0,0.0,3,0,1,0,0,0,0,1,0.0,0.18,0.0,296000.0
10657656,0,0.0,1.0,0.0,0.0,0.0,0.0,0.0,0.0,0.0,0.0,0.0,0.0,0.0,1.0,0.0,0.0,1.0,0.0,0.06632653061224492,0.09090909090909091,0.09090909090909091,0.0,0.05555555555555555,1,1,0,0,0,0,0,1,0.0,0.07,0.0,495000.0
10657659,1,0.0,1.0,0.0,0.0,0.0,0.0,0.0,0.0,0.0,0.0,0.0,0.0,0.0,1.0,0.0,0.0,1.0,0.0,0.17346938775510207,0.1818181818181818,0.09090909090909091,0.0,0.1111111111111111,3,3,0,1,0,0,1,1,0.19,0.32,0.00027143985085480626,345000.0
10657660,1,0.0,1.0,0.0,0.0,0.0,0.0,1.0,0.0,0.0,0.0,0.0,0.0,0.0,0.0,0.0,1.0,0.0,0.0,0.24693877551020413,0.4545454545454545,0.18181818181818182,0.0,0.1111111111111111,0,3,0,0,0,0,0,1,0.0,0.0,0.00028244416913270385,479000.0
10657661,1,0.0,1.0,0.0,1.0,0.0,0.0,0.0,0.0,0.0,0.0,0.0,0.0,0.0,0.0,0.0,0.0,1.0,0.0,0.16836734693877553,0.1818181818181818,0.09090909090909091,0.0,0.1111111111111111,1,0,0,1,0,0,1,0,0.05,0.0,0.00020174583509478846,499000.0
10657669,0,0.0,1.0,0.0,0.0,0.0,1.0,0.0,0.0,0.0,0.0,0.0,0.0,0.0,0.0,0.0,0.0,0.0,1.0,0.05510204081632653,0.09090909090909091,0.09090909090909091,0.0,0.05555555555555555,1,3,1,0,0,0,1,0,0.0,0.0,0.0,245000.0
10657667,1,0.0,1.0,0.0,0.0,0.0,1.0,0.0,0.0,0.0,0.0,0.0,0.0,0.0,0.0,0.0,0.0,0.0,1.0,0.6683673469387755,0.09090909090909091,0.09090909090909091,0.0,0.05555555555555555,3,0,0,0,0,0,1,0,0.0,0.0,0.0006189929031317373,345000.0
10657673,1,0.0,0.0,1.0,0.0,0.0,0.0,0.0,1.0,0.0,0.0,0.0,0.0,0.0,0.0,0.0,0.0,0.0,1.0,0.163265306122449,0.2727272727272727,0.09090909090909091,0.0,0.1111111111111111,0,2,0,0,0,0,1,1,0.0,0.0,0.0002503482408221693,300000.0
10657671,1,0.0,1.0,0.0,1.0,0.0,0.0,0.0,0.0,0.0,0.0,0.0,0.0,0.0,0.0,0.0,0.0,0.0,1.0,0.17551020408163268,0.09090909090909091,0.09090909090909091,0.0,0.05555555555555555,2,2,0,1,0,0,1,1,0.309,0.15,0.00036681060926325174,385000.0
10657674,0,0.0,1.0,0.0,0.0,0.0,1.0,0.0,0.0,0.0,0.0,0.0,0.0,0.0,0.0,1.0,0.0,0.0,0.0,0.10918367346938776,0.1818181818181818,0.09090909090909091,0.0,0.05555555555555555,1,1,1,0,0,0,0,1,0.0,0.03,0.0,425000.0
10657677,1,0.0,0.0,1.0,0.0,0.0,0.0,0.0,0.0,0.0,0.0,0.0,0.0,1.0,0.0,0.0,0.0,0.0,1.0,0.2091836734693878,0.1818181818181818,0.09090909090909091,0.0,0.1111111111111111,4,3,0,0,0,0,1,1,0.8,0.6,0.0011004318277897552,529000.0
10657685,0,0.0,1.0,0.0,0.0,0.0,0.0,0.0,0.0,1.0,0.0,0.0,0.0,0.0,0.0,0.0,0.0,0.0,1.0,0.1,0.1818181818181818,0.09090909090909091,0.0,0.0,0,5,0,0,0,0,0,1,0.0,0.0,0.0,225000.0
10657679,1,0.0,1.0,0.0,0.0,0.0,0.0,0.0,0.0,0.0,0.0,0.0,0.0,0.0,1.0,0.0,0.0,0.0,1.0,0.13571428571428573,0.09090909090909091,0.09090909090909091,0.0,0.0,0,0,0,0,0,0,0,0,0.0,0.0,0.0,229000.0
10657684,1,0.0,1.0,0.0,0.0,0.0,0.0,0.0,0.0,1.0,0.0,0.0,0.0,0.0,0.0,0.0,0.0,0.0,1.0,0.2530612244897959,0.1818181818181818,0.09090909090909091,0.0,0.0,3,3,0,0,0,0,0,0,0.0,0.0,0.0006034034522380491,389000.0
10657689,1,0.0,1.0,0.0,0.0,0.0,0.0,0.0,0.0,1.0,0.0,0.0,0.0,0.0,0.0,0.0,0.0,0.0,1.0,0.15306122448979595,0.1818181818181818,0.09090909090909091,0.0,0.0,3,2,0,0,0,0,0,1,0.0,0.28,0.00015589450893688199,349000.0
10657686,0,0.0,1.0,0.0,0.0,0.0,0.0,0.0,0.0,0.0,0.0,0.0,0.0,0.0,1.0,0.0,0.0,0.0,1.0,0.06632653061224492,0.09090909090909091,0.09090909090909091,0.0,0.0,3,0,1,0,0,0,0,1,0.0,0.0,0.0,299000.0
10526616,1,0.0,1.0,0.0,0.0,0.0,1.0,0.0,0.0,0.0,0.0,0.0,0.0,0.0,0.0,0.0,0.0,0.0,1.0,0.20000000000000004,0.1818181818181818,0.09090909090909091,0.0,0.1111111111111111,3,6,0,0,0,0,1,1,0.75,0.5,0.0008454984543517952,299000.0
10526619,1,0.0,0.0,1.0,0.0,0.0,0.0,0.0,0.0,0.0,1.0,0.0,0.0,0.0,0.0,0.0,1.0,0.0,0.0,0.13877551020408166,0.2727272727272727,0.18181818181818182,0.0,0.1111111111111111,4,5,0,0,0,0,0,0,0.0,0.0,7.794725446844099e-05,185000.0
10657692,0,0.0,1.0,0.0,0.0,0.0,0.0,0.0,0.0,0.0,0.0,0.0,0.0,0.0,1.0,0.0,0.0,1.0,0.0,0.0326530612244898,0.0,0.09090909090909091,0.07142857142857142,0.05555555555555555,3,1,1,0,0,0,0,0,0.0,0.0,0.0,475000.0
10657691,1,0.0,1.0,0.0,1.0,0.0,0.0,0.0,0.0,0.0,0.0,0.0,0.0,0.0,0.0,0.0,0.0,0.0,1.0,0.16122448979591839,0.1818181818181818,0.09090909090909091,0.0,0.05555555555555555,4,4,0,0,0,0,1,1,0.047,0.1,0.0003090379383042896,329000.0
10657693,0,0.0,1.0,0.0,0.0,0.0,0.0,0.0,0.0,0.0,0.0,0.0,0.0,0.0,1.0,0.0,0.0,1.0,0.0,0.113265306122449,0.1818181818181818,0.18181818181818182,0.14285714285714285,0.1111111111111111,3,2,1,0,0,0,0,1,0.0,0.0,0.0,1750000.0
10657699,0,0.0,0.0,1.0,0.0,0.0,0.0,0.0,1.0,0.0,0.0,0.0,0.0,0.0,0.0,0.0,0.0,1.0,0.0,0.08265306122448982,0.09090909090909091,0.09090909090909091,0.07142857142857142,0.05555555555555555,3,4,1,0,0,0,0,0,0.0,0.0,0.0,149000.0
10657702,1,0.0,1.0,0.0,1.0,0.0,0.0,0.0,0.0,0.0,0.0,0.0,0.0,0.0,0.0,0.0,0.0,0.0,1.0,0.07959183673469389,0.09090909090909091,0.09090909090909091,0.0,0.05555555555555555,4,3,0,0,0,0,0,0,0.0,0.0,0.0,269000.0
10657706,1,0.0,1.0,0.0,0.0,0.0,0.0,0.0,0.0,1.0,0.0,0.0,0.0,0.0,0.0,0.0,0.0,1.0,0.0,0.17346938775510207,0.1818181818181818,0.09090909090909091,0.0,0.05555555555555555,0,4,0,0,0,0,1,0,0.0,0.0,0.0005502159138948776,298000.0
10657703,1,0.0,1.0,0.0,0.0,0.0,1.0,0.0,0.0,0.0,0.0,0.0,0.0,0.0,0.0,0.0,0.0,1.0,0.0,0.36836734693877554,0.2727272727272727,0.09090909090909091,0.0,0.05555555555555555,1,0,0,0,0,0,1,1,0.0,0.0,0.0016699052986709536,875000.0
10657705,1,0.0,1.0,0.0,0.0,0.0,0.0,1.0,0.0,0.0,0.0,0.0,0.0,0.0,0.0,1.0,0.0,0.0,0.0,0.15408163265306124,0.1818181818181818,0.09090909090909091,0.0,0.1111111111111111,0,5,0,0,0,0,0,0,0.0,0.0,0.00034847007880008915,319000.0
10657712,0,0.0,1.0,0.0,0.0,0.0,0.0,1.0,0.0,0.0,0.0,0.0,0.0,0.0,0.0,1.0,0.0,0.0,0.0,0.04081632653061225,0.0,0.09090909090909091,0.0,0.05555555555555555,3,2,1,0,0,0,0,0,0.0,0.0,0.0,285000.0
10657707,1,0.0,1.0,0.0,0.0,0.0,0.0,0.0,0.0,0.0,0.0,0.0,0.0,0.0,1.0,0.0,0.0,1.0,0.0,0.16734693877551024,0.2727272727272727,0.09090909090909091,0.0,0.05555555555555555,3,3,0,0,0,0,0,0,0.0,0.0,0.00010362399711686861,275000.0
10657718,1,0.0,1.0,0.0,0.0,0.0,0.0,1.0,0.0,0.0,0.0,0.0,0.0,0.0,0.0,0.0,0.0,0.0,1.0,0.163265306122449,0.2727272727272727,0.09090909090909091,0.07142857142857142,0.16666666666666666,1,0,0,1,0,0,1,1,0.6,0.1,0.0005502159138948776,500000.0
10657721,1,0.0,1.0,0.0,1.0,0.0,0.0,0.0,0.0,0.0,0.0,0.0,0.0,0.0,0.0,0.0,0.0,1.0,0.0,0.14285714285714288,0.1818181818181818,0.09090909090909091,0.07142857142857142,0.1111111111111111,1,2,0,0,0,0,1,1,0.1,0.16,0.00022008636555795105,545000.0
10657719,0,0.0,0.0,1.0,0.0,0.0,0.0,0.0,1.0,0.0,0.0,0.0,0.0,0.0,0.0,0.0,0.0,0.0,1.0,0.06836734693877553,0.09090909090909091,0.09090909090909091,0.07142857142857142,0.1111111111111111,5,5,0,0,0,0,0,1,0.0,0.0,0.0,169000.0
10657728,1,0.0,1.0,0.0,0.0,0.0,0.0,0.0,0.0,0.0,0.0,0.0,0.0,0.0,1.0,0.0,1.0,0.0,0.0,0.1816326530612245,0.1818181818181818,0.09090909090909091,0.0,0.1111111111111111,1,0,0,0,0,0,1,0,0.487,0.0,0.0049079259519423084,526250.0
10657722,0,0.0,1.0,0.0,1.0,0.0,0.0,0.0,0.0,0.0,0.0,0.0,0.0,0.0,0.0,0.0,0.0,1.0,0.0,0.10204081632653061,0.1818181818181818,0.18181818181818182,0.0,0.1111111111111111,5,5,1,1,0,0,0,1,0.0,0.2,0.0,295000.0
10657726,1,0.0,1.0,0.0,1.0,0.0,0.0,0.0,0.0,0.0,0.0,0.0,0.0,0.0,0.0,0.0,0.0,0.0,1.0,0.2857142857142857,0.2727272727272727,0.18181818181818182,0.0,0.1111111111111111,1,3,0,0,0,0,1,1,0.597,0.6,0.0010023099898118354,699000.0
10657730,0,0.0,1.0,0.0,0.0,0.0,0.0,0.0,0.0,0.0,0.0,0.0,0.0,0.0,1.0,0.0,0.0,1.0,0.0,0.06632653061224492,0.09090909090909091,0.09090909090909091,0.0,0.0,3,6,1,0,0,0,0,1,0.0,0.05,0.0,170000.0
10657745,1,0.0,1.0,0.0,0.0,0.0,1.0,0.0,0.0,0.0,0.0,0.0,0.0,0.0,0.0,0.0,0.0,0.0,1.0,0.13571428571428573,0.1818181818181818,0.09090909090909091,0.0,0.05555555555555555,3,6,0,0,0,0,0,1,0.0,0.0,0.0016057134420498845,650000.0
10657733,0,0.0,1.0,0.0,0.0,0.0,0.0,0.0,0.0,0.0,0.0,0.0,0.0,0.0,1.0,0.0,0.0,1.0,0.0,0.07551020408163267,0.09090909090909091,0.09090909090909091,0.0,0.05555555555555555,3,4,1,0,0,0,0,1,0.0,0.0,0.0,349000.0
10657748,1,0.0,0.0,1.0,0.0,0.0,0.0,0.0,1.0,0.0,0.0,0.0,0.0,0.0,0.0,0.0,0.0,0.0,1.0,0.0836734693877551,0.1818181818181818,0.09090909090909091,0.0,0.05555555555555555,5,5,0,0,0,0,1,1,0.216,0.42,0.0002842782221790201,145000.0
10657750,0,1.0,0.0,0.0,0.0,1.0,0.0,0.0,0.0,0.0,0.0,0.0,0.0,0.0,0.0,0.0,0.0,0.0,1.0,0.1928571428571429,0.2727272727272727,0.2727272727272727,0.21428571428571427,0.16666666666666666,5,4,1,0,0,0,0,1,0.0,0.1,0.0,780000.0
10657751,0,0.0,0.0,1.0,0.0,0.0,0.0,0.0,0.0,0.0,0.0,0.0,1.0,0.0,0.0,0.0,0.0,1.0,0.0,0.03571428571428572,0.0,0.09090909090909091,0.0,0.1111111111111111,1,3,0,0,0,0,1,0,0.05,0.0,0.0,124000.0
10657752,0,0.0,0.0,1.0,0.0,0.0,0.0,0.0,0.0,0.0,0.0,0.0,1.0,0.0,0.0,0.0,0.0,1.0,0.0,0.06122448979591837,0.0,0.09090909090909091,0.0,0.1111111111111111,1,2,0,0,0,0,1,0,0.05,0.0,0.0,149000.0
10657759,1,0.0,1.0,0.0,0.0,0.0,1.0,0.0,0.0,0.0,0.0,0.0,0.0,0.0,0.0,0.0,0.0,0.0,1.0,0.17040816326530614,0.2727272727272727,0.09090909090909091,0.0,0.16666666666666666,3,5,0,1,0,0,1,1,0.0,0.25,0.0008620049317686416,569000.0
10657758,1,0.0,1.0,0.0,0.0,0.0,1.0,0.0,0.0,0.0,0.0,0.0,0.0,0.0,0.0,0.0,0.0,0.0,1.0,0.15306122448979595,0.09090909090909091,0.09090909090909091,0.0,0.05555555555555555,5,6,0,1,0,0,0,0,0.0,0.0,0.00042641733326853013,218000.0
10657753,0,0.0,0.0,1.0,0.0,0.0,0.0,0.0,0.0,0.0,0.0,0.0,1.0,0.0,0.0,0.0,0.0,1.0,0.0,0.08571428571428572,0.09090909090909091,0.09090909090909091,0.0,0.05555555555555555,1,3,0,0,0,0,1,1,0.05,0.22,0.0,174000.0
10657764,1,0.0,1.0,0.0,0.0,0.0,0.0,1.0,0.0,0.0,0.0,0.0,0.0,0.0,0.0,0.0,1.0,0.0,0.0,0.1836734693877551,0.1818181818181818,0.09090909090909091,0.0,0.0,2,2,0,0,0,0,0,1,0.0,0.0,0.00040991085585168383,530000.0
10657763,0,0.0,1.0,0.0,0.0,0.0,0.0,1.0,0.0,0.0,0.0,0.0,0.0,0.0,0.0,0.0,1.0,0.0,0.0,0.0816326530612245,0.09090909090909091,0.09090909090909091,0.0,0.05555555555555555,3,2,0,0,0,0,0,1,0.0,0.0,0.0,299000.0
10657765,1,0.0,1.0,0.0,0.0,0.0,0.0,1.0,0.0,0.0,0.0,0.0,0.0,0.0,0.0,0.0,1.0,0.0,0.0,0.1836734693877551,0.2727272727272727,0.18181818181818182,0.0,0.0,0,4,0,0,0,0,0,1,0.0,0.0,0.0005502159138948776,435000.0
10657768,0,1.0,0.0,0.0,0.0,1.0,0.0,0.0,0.0,0.0,0.0,0.0,0.0,0.0,0.0,0.0,0.0,0.0,1.0,0.08571428571428572,0.09090909090909091,0.09090909090909091,0.0,0.05555555555555555,3,5,1,0,0,0,0,1,0.0,0.02,0.0,460000.0
10657769,1,0.0,0.0,1.0,0.0,0.0,0.0,0.0,0.0,0.0,0.0,0.0,1.0,0.0,0.0,1.0,0.0,0.0,0.0,0.15306122448979595,0.1818181818181818,0.09090909090909091,0.0,0.05555555555555555,3,4,0,0,0,0,1,1,0.08,0.2,0.0003383827870453497,275000.0
10657771,0,1.0,0.0,0.0,0.0,1.0,0.0,0.0,0.0,0.0,0.0,0.0,0.0,0.0,0.0,0.0,0.0,1.0,0.0,0.08877551020408164,0.09090909090909091,0.18181818181818182,0.14285714285714285,0.05555555555555555,4,7,1,0,0,0,0,1,0.0,0.27,0.0,398000.0
10657770,0,1.0,0.0,0.0,0.0,1.0,0.0,0.0,0.0,0.0,0.0,0.0,0.0,0.0,0.0,0.0,1.0,0.0,0.0,0.11224489795918369,0.1818181818181818,0.18181818181818182,0.14285714285714285,0.1111111111111111,1,4,0,0,0,0,0,1,0.0,0.06,0.0,469000.0
10657767,1,0.0,1.0,0.0,0.0,0.0,0.0,0.0,0.0,1.0,0.0,0.0,0.0,0.0,0.0,0.0,0.0,0.0,1.0,0.20816326530612247,0.1818181818181818,0.09090909090909091,0.0,0.1111111111111111,3,3,0,0,0,0,0,1,0.0,0.0,0.0009170265231581294,445000.0
10657782,1,0.0,0.0,1.0,0.0,0.0,0.0,0.0,1.0,0.0,0.0,0.0,0.0,0.0,0.0,0.0,1.0,0.0,0.0,0.34183673469387754,0.2727272727272727,0.2727272727272727,0.21428571428571427,0.16666666666666666,3,4,0,0,0,0,1,1,0.41000000000000003,0.0,0.00037598087449483304,295000.0
10657781,1,0.0,0.0,1.0,0.0,0.0,0.0,0.0,1.0,0.0,0.0,0.0,0.0,0.0,0.0,0.0,1.0,0.0,0.0,0.18877551020408165,0.1818181818181818,0.09090909090909091,0.0,0.1111111111111111,3,3,0,0,0,0,1,1,0.8,0.0,0.0008803454622318042,260000.0
10657783,1,0.0,0.0,1.0,0.0,0.0,0.0,0.0,1.0,0.0,0.0,0.0,0.0,0.0,0.0,0.0,0.0,0.0,1.0,0.11020408163265308,0.09090909090909091,0.09090909090909091,0.0,0.05555555555555555,4,7,0,0,0,0,1,1,1.0,0.0,0.0003026187526421827,165000.0
10657789,1,0.0,1.0,0.0,0.0,0.0,0.0,1.0,0.0,0.0,0.0,0.0,0.0,0.0,0.0,0.0,0.0,0.0,1.0,0.19387755102040818,0.09090909090909091,0.09090909090909091,0.0,0.05555555555555555,1,4,0,0,0,0,1,1,0.1,0.0,0.00022008636555795105,299000.0
10657790,1,0.0,1.0,0.0,0.0,0.0,1.0,0.0,0.0,0.0,0.0,0.0,0.0,0.0,0.0,0.0,0.0,0.0,1.0,0.1510204081632653,0.1818181818181818,0.09090909090909091,0.0,0.1111111111111111,3,3,0,0,0,0,0,1,0.0,0.0,0.00022283744512742543,299000.0
10657786,1,0.0,0.0,1.0,0.0,0.0,0.0,0.0,0.0,0.0,0.0,0.0,0.0,1.0,0.0,0.0,0.0,0.0,1.0,0.17448979591836736,0.2727272727272727,0.18181818181818182,0.14285714285714285,0.1111111111111111,4,5,0,0,0,0,1,1,0.6960000000000001,0.0,0.0006382504601180581,480000.0
10657792,1,0.0,1.0,0.0,1.0,0.0,0.0,0.0,0.0,0.0,0.0,0.0,0.0,0.0,0.0,0.0,1.0,0.0,0.0,0.49693877551020416,0.36363636363636365,0.18181818181818182,0.0,0.2222222222222222,0,3,0,0,0,0,0,1,0.0,0.0,0.0005364605160475056,890000.0
10657797,1,0.0,1.0,0.0,0.0,0.0,0.0,1.0,0.0,0.0,0.0,0.0,0.0,0.0,0.0,0.0,0.0,0.0,1.0,0.17448979591836736,0.1818181818181818,0.09090909090909091,0.0,0.1111111111111111,1,1,0,1,0,0,1,0,0.0,0.0,0.00021275015337268602,295000.0
10657796,1,0.0,0.0,1.0,0.0,0.0,0.0,0.0,0.0,0.0,0.0,1.0,0.0,0.0,0.0,0.0,0.0,0.0,1.0,0.3408163265306123,0.1818181818181818,0.18181818181818182,0.0,0.16666666666666666,4,4,0,1,0,0,1,0,0.0,0.0,0.0012700817345740092,356000.0
10657794,1,1.0,0.0,0.0,0.0,1.0,0.0,0.0,0.0,0.0,0.0,0.0,0.0,0.0,0.0,0.0,0.0,0.0,1.0,0.25,0.36363636363636365,0.18181818181818182,0.0,0.0,4,7,0,0,0,0,1,1,0.3,0.24,0.00036681060926325174,1095000.0
10657803,1,0.0,1.0,0.0,1.0,0.0,0.0,0.0,0.0,0.0,0.0,0.0,0.0,0.0,0.0,0.0,0.0,0.0,1.0,0.07857142857142857,0.09090909090909091,0.09090909090909091,0.0,0.0,5,6,0,1,0,0,1,0,0.03,0.0,0.00020816502075689537,138000.0
10657805,1,0.0,1.0,0.0,0.0,0.0,0.0,1.0,0.0,0.0,0.0,0.0,0.0,0.0,0.0,1.0,0.0,0.0,0.0,0.2510204081632653,0.36363636363636365,0.09090909090909091,0.0,0.05555555555555555,4,3,0,1,0,0,1,1,0.0,0.0,0.0001467242437053007,620000.0
10657804,1,0.0,1.0,0.0,1.0,0.0,0.0,0.0,0.0,0.0,0.0,0.0,0.0,0.0,0.0,0.0,0.0,0.0,1.0,0.10204081632653061,0.1818181818181818,0.09090909090909091,0.0,0.0,3,3,0,1,0,0,1,0,0.1,0.0,0.00019257556986320717,315000.0
10657812,1,0.0,1.0,0.0,0.0,0.0,0.0,0.0,0.0,1.0,0.0,0.0,0.0,0.0,0.0,0.0,0.0,0.0,1.0,0.2255102040816327,0.2727272727272727,0.18181818181818182,0.0,0.16666666666666666,2,2,0,1,0,0,1,0,0.0,0.0,0.0007519617489896661,499000.0
10657814,1,0.0,0.0,1.0,0.0,0.0,0.0,0.0,0.0,0.0,1.0,0.0,0.0,0.0,0.0,0.0,0.0,0.0,1.0,0.22448979591836737,0.4545454545454545,0.18181818181818182,0.07142857142857142,0.1111111111111111,1,3,0,0,0,0,1,1,1.0,0.4,0.0012563263367266371,629000.0
10657816,1,0.0,0.0,1.0,0.0,0.0,0.0,0.0,0.0,0.0,0.0,0.0,0.0,1.0,0.0,0.0,0.0,0.0,1.0,0.15816326530612246,0.36363636363636365,0.18181818181818182,0.07142857142857142,0.16666666666666666,3,4,0,0,0,0,0,1,0.0,0.0,0.0002448460816832205,395000.0
10657822,0,1.0,0.0,0.0,0.0,1.0,0.0,0.0,0.0,0.0,0.0,0.0,0.0,0.0,0.0,0.0,1.0,0.0,0.0,0.0816326530612245,0.1818181818181818,0.09090909090909091,0.0,0.05555555555555555,0,0,0,1,0,0,0,0,0.0,0.0,0.0,299000.0
10657825,1,0.0,0.0,1.0,0.0,0.0,0.0,0.0,0.0,0.0,0.0,0.0,0.0,1.0,0.0,0.0,0.0,0.0,1.0,0.13571428571428573,0.1818181818181818,0.09090909090909091,0.07142857142857142,0.1111111111111111,1,2,0,0,0,0,1,1,0.16,0.21,0.00033288062790640094,420000.0
10657818,0,0.0,1.0,0.0,0.0,0.0,0.0,0.0,0.0,0.0,0.0,0.0,0.0,0.0,1.0,0.0,0.0,1.0,0.0,0.10714285714285715,0.1818181818181818,0.18181818181818182,0.0,0.1111111111111111,3,1,1,0,0,0,0,0,0.0,0.0,0.0,310000.0
10657829,0,0.0,1.0,0.0,0.0,0.0,0.0,0.0,0.0,0.0,0.0,0.0,0.0,0.0,1.0,0.0,0.0,0.0,1.0,0.031632653061224494,0.0,0.09090909090909091,0.0,0.05555555555555555,1,3,1,0,0,0,0,1,0.0,0.0,0.0,239000.0
10657828,0,0.0,1.0,0.0,0.0,0.0,0.0,0.0,0.0,0.0,0.0,0.0,0.0,0.0,1.0,0.0,0.0,1.0,0.0,0.10612244897959186,0.1818181818181818,0.09090909090909091,0.0,0.0,1,3,1,0,0,0,0,1,0.0,0.0,0.0,259000.0
10657823,0,1.0,0.0,0.0,0.0,1.0,0.0,0.0,0.0,0.0,0.0,0.0,0.0,0.0,0.0,0.0,1.0,0.0,0.0,0.0816326530612245,0.1818181818181818,0.09090909090909091,0.0,0.05555555555555555,0,0,0,1,0,0,0,0,0.0,0.0,0.0,299000.0
10657831,1,0.0,1.0,0.0,0.0,0.0,1.0,0.0,0.0,0.0,0.0,0.0,0.0,0.0,0.0,0.0,0.0,1.0,0.0,0.3673469387755102,0.4545454545454545,0.2727272727272727,0.0,0.16666666666666666,0,3,0,1,0,0,1,1,0.0,0.0,0.0003943214049579956,699995.0
10657840,1,1.0,0.0,0.0,0.0,1.0,0.0,0.0,0.0,0.0,0.0,0.0,0.0,0.0,0.0,0.0,0.0,0.0,1.0,0.07142857142857142,0.0,0.09090909090909091,0.0,0.1111111111111111,4,0,0,1,0,0,1,1,0.17,0.2,0.0,320000.0
10657843,0,0.0,1.0,0.0,0.0,0.0,0.0,0.0,0.0,0.0,0.0,0.0,0.0,0.0,1.0,0.0,0.0,1.0,0.0,0.1326530612244898,0.2727272727272727,0.18181818181818182,0.07142857142857142,0.0,4,2,1,0,0,0,0,1,0.0,0.0,0.0,599000.0
10657842,0,0.0,1.0,0.0,0.0,0.0,0.0,0.0,0.0,0.0,0.0,0.0,0.0,0.0,1.0,0.0,0.0,0.0,1.0,0.05408163265306123,0.09090909090909091,0.09090909090909091,0.0,0.05555555555555555,0,0,1,0,0,0,1,1,0.0,0.0,0.0,345000.0
10657841,1,0.0,1.0,0.0,0.0,0.0,0.0,0.0,0.0,0.0,0.0,0.0,0.0,0.0,1.0,0.0,0.0,0.0,1.0,0.45816326530612245,0.5454545454545454,0.36363636363636365,0.0,0.0,0,1,0,0,0,0,0,1,0.0,0.0,0.000843664401305479,850000.0
10657847,0,0.0,1.0,0.0,0.0,0.0,0.0,0.0,0.0,0.0,0.0,0.0,0.0,0.0,1.0,0.0,0.0,1.0,0.0,0.04693877551020408,0.09090909090909091,0.09090909090909091,0.0,0.0,5,2,0,0,0,0,0,0,0.0,0.0,0.0,250000.0
10657839,1,0.0,0.0,1.0,0.0,0.0,0.0,0.0,1.0,0.0,0.0,0.0,0.0,0.0,0.0,0.0,0.0,0.0,1.0,0.9744897959183674,0.36363636363636365,0.4545454545454546,0.0,0.05555555555555555,0,2,0,0,0,0,0,1,0.0,0.0,0.0016506477416846329,1750000.0
10657853,0,0.0,1.0,0.0,1.0,0.0,0.0,0.0,0.0,0.0,0.0,0.0,0.0,0.0,0.0,0.0,0.0,0.0,1.0,0.04693877551020408,0.0,0.09090909090909091,0.0,0.0,3,3,0,0,0,0,0,0,0.0,0.0,0.0,185000.0
10657852,0,0.0,1.0,0.0,0.0,0.0,0.0,1.0,0.0,0.0,0.0,0.0,0.0,0.0,0.0,0.0,0.0,0.0,1.0,0.13775510204081634,0.1818181818181818,0.18181818181818182,0.0,0.1111111111111111,3,1,0,0,0,0,0,1,0.0,0.0,0.0,515000.0
10657855,0,0.0,1.0,0.0,0.0,0.0,0.0,0.0,0.0,0.0,0.0,0.0,0.0,0.0,1.0,0.0,0.0,1.0,0.0,0.036734693877551024,0.0,0.09090909090909091,0.0,0.05555555555555555,3,1,1,0,0,0,0,1,0.0,0.02,0.0,269000.0
10657873,1,0.0,0.0,1.0,0.0,0.0,0.0,0.0,0.0,0.0,0.0,0.0,0.0,1.0,0.0,0.0,0.0,0.0,1.0,0.15612244897959185,0.1818181818181818,0.09090909090909091,0.0,0.2222222222222222,5,5,0,0,0,0,1,1,0.333,0.15,0.00039248735191167933,399000.0
10657865,1,0.0,0.0,1.0,0.0,0.0,0.0,0.0,0.0,0.0,0.0,0.0,1.0,0.0,0.0,1.0,0.0,0.0,0.0,0.04897959183673469,0.1818181818181818,0.36363636363636365,0.0,0.2222222222222222,5,6,0,0,0,0,0,0,0.0,0.0,2.6593769171585752e-05,115000.0
10657858,1,0.0,1.0,0.0,1.0,0.0,0.0,0.0,0.0,0.0,0.0,0.0,0.0,0.0,0.0,0.0,0.0,0.0,1.0,0.10204081632653061,0.09090909090909091,0.09090909090909091,0.07142857142857142,0.05555555555555555,5,5,0,0,0,0,1,1,0.034,0.4,0.0,185000.0
10657859,1,0.0,0.0,1.0,0.0,0.0,0.0,0.0,0.0,0.0,0.0,0.0,1.0,0.0,0.0,0.0,0.0,0.0,1.0,0.15612244897959185,0.1818181818181818,0.09090909090909091,0.07142857142857142,0.1111111111111111,3,3,0,0,0,0,0,1,0.0,0.0,0.0022540511939226817,385000.0
10657869,1,0.0,0.0,1.0,0.0,0.0,0.0,0.0,0.0,0.0,1.0,0.0,0.0,0.0,0.0,0.0,0.0,0.0,1.0,0.20408163265306126,0.36363636363636365,0.18181818181818182,0.07142857142857142,0.16666666666666666,1,3,0,0,0,0,1,1,0.042,0.42,0.00014213911108951004,399000.0
10526795,0,0.0,1.0,0.0,0.0,0.0,0.0,0.0,0.0,0.0,0.0,0.0,0.0,0.0,1.0,0.0,0.0,0.0,1.0,0.06122448979591837,0.09090909090909091,0.09090909090909091,0.0,0.05555555555555555,1,3,1,0,0,0,0,1,0.0,0.2,0.0,345000.0
10657876,0,1.0,0.0,0.0,0.0,1.0,0.0,0.0,0.0,0.0,0.0,0.0,0.0,0.0,0.0,0.0,1.0,0.0,0.0,0.07244897959183674,0.09090909090909091,0.18181818181818182,0.14285714285714285,0.05555555555555555,1,6,0,0,0,0,0,0,0.0,0.0,0.0,350000.0
10657877,0,1.0,0.0,0.0,0.0,1.0,0.0,0.0,0.0,0.0,0.0,0.0,0.0,0.0,0.0,0.0,0.0,0.0,1.0,0.08775510204081632,0.09090909090909091,0.09090909090909091,0.14285714285714285,0.05555555555555555,1,3,1,0,0,0,0,1,0.0,0.05,0.0,360000.0
10657875,1,1.0,0.0,0.0,0.0,1.0,0.0,0.0,0.0,0.0,0.0,0.0,0.0,0.0,0.0,0.0,0.0,0.0,1.0,0.43775510204081636,0.4545454545454545,0.4545454545454546,0.3571428571428571,0.3333333333333333,1,5,0,0,0,0,1,1,0.28,0.15,0.0004126619354211582,1650000.0
10657880,0,0.0,0.0,1.0,0.0,0.0,0.0,0.0,0.0,0.0,0.0,0.0,1.0,0.0,0.0,0.0,0.0,1.0,0.0,0.08571428571428572,0.1818181818181818,0.09090909090909091,0.0,0.1111111111111111,1,2,0,0,0,0,1,0,0.05,0.0,0.0,149000.0
10657884,1,0.0,1.0,0.0,0.0,0.0,0.0,1.0,0.0,0.0,0.0,0.0,0.0,0.0,0.0,1.0,0.0,0.0,0.0,0.11734693877551022,0.1818181818181818,0.18181818181818182,0.0,0.1111111111111111,1,2,0,0,0,0,0,1,0.0,0.0,5.685564443580402e-05,595000.0
10657883,1,0.0,1.0,0.0,0.0,0.0,0.0,1.0,0.0,0.0,0.0,0.0,0.0,0.0,0.0,1.0,0.0,0.0,0.0,0.21734693877551023,0.36363636363636365,0.2727272727272727,0.0,0.2222222222222222,1,1,0,0,0,0,0,1,0.0,0.0,0.00021825231251163479,950000.0
10657881,0,0.0,0.0,1.0,0.0,0.0,0.0,0.0,0.0,0.0,0.0,0.0,1.0,0.0,0.0,0.0,0.0,1.0,0.0,0.03877551020408163,0.0,0.09090909090909091,0.0,0.1111111111111111,1,2,0,0,0,0,1,0,0.05,0.0,0.0,124000.0
10657886,1,0.0,1.0,0.0,0.0,0.0,1.0,0.0,0.0,0.0,0.0,0.0,0.0,0.0,0.0,0.0,0.0,1.0,0.0,0.06428571428571428,0.09090909090909091,0.09090909090909091,0.0,0.05555555555555555,3,3,0,0,0,0,0,1,0.0,0.08,9.170265231581294e-05,189000.0
10657885,0,1.0,0.0,0.0,0.0,1.0,0.0,0.0,0.0,0.0,0.0,0.0,0.0,0.0,0.0,0.0,0.0,0.0,1.0,0.051020408163265314,0.0,0.09090909090909091,0.07142857142857142,0.05555555555555555,4,0,0,0,0,0,0,0,0.0,0.0,0.0,125000.0
10657882,0,1.0,0.0,0.0,0.0,1.0,0.0,0.0,0.0,0.0,0.0,0.0,0.0,0.0,0.0,0.0,0.0,1.0,0.0,0.04081632653061225,0.0,0.09090909090909091,0.07142857142857142,0.05555555555555555,3,5,1,0,0,0,0,1,0.0,0.04,0.0,240000.0
10657888,0,0.0,1.0,0.0,0.0,0.0,0.0,0.0,0.0,0.0,0.0,0.0,0.0,0.0,1.0,0.0,0.0,0.0,1.0,0.10714285714285715,0.09090909090909091,0.09090909090909091,0.0,0.0,0,4,1,0,0,0,0,1,0.0,0.0,0.0,225000.0
10657890,1,0.0,1.0,0.0,0.0,0.0,0.0,1.0,0.0,0.0,0.0,0.0,0.0,0.0,0.0,0.0,0.0,0.0,1.0,0.41530612244897963,0.1818181818181818,0.18181818181818182,0.0,0.1111111111111111,1,1,0,0,0,0,0,0,0.0,0.0,0.0004154130149906326,710000.0
10657894,0,0.0,1.0,0.0,0.0,0.0,1.0,0.0,0.0,0.0,0.0,0.0,0.0,0.0,0.0,0.0,0.0,0.0,1.0,0.15816326530612246,0.2727272727272727,0.09090909090909091,0.0,0.1111111111111111,1,1,1,1,0,0,1,1,0.4,0.3,0.0,499000.0
10657899,1,0.0,1.0,0.0,0.0,0.0,0.0,0.0,0.0,1.0,0.0,0.0,0.0,0.0,0.0,0.0,0.0,1.0,0.0,0.08979591836734696,0.1818181818181818,0.09090909090909091,0.0,0.0,5,4,0,0,0,0,0,1,0.0,0.0,7.794725446844099e-05,199000.0
10657903,1,0.0,1.0,0.0,1.0,0.0,0.0,0.0,0.0,0.0,0.0,0.0,0.0,0.0,0.0,0.0,0.0,0.0,1.0,0.11734693877551022,0.09090909090909091,0.09090909090909091,0.0,0.05555555555555555,0,4,0,0,0,0,0,1,0.0,0.0,0.0006648442292896437,399000.0
10657905,1,0.0,0.0,1.0,0.0,0.0,0.0,0.0,0.0,0.0,0.0,0.0,0.0,1.0,0.0,0.0,0.0,0.0,1.0,0.18469387755102043,0.2727272727272727,0.2727272727272727,0.0,0.0,0,0,0,0,0,0,1,1,0.311,0.0,0.004401727311159021,550000.0
10657907,1,0.0,1.0,0.0,0.0,0.0,0.0,0.0,0.0,0.0,0.0,0.0,0.0,0.0,1.0,0.0,0.0,1.0,0.0,0.3836734693877551,0.2727272727272727,0.2727272727272727,0.0,0.0,1,2,0,0,0,0,0,1,0.0,0.0,0.0003411338666148241,4275000.0
10657908,1,0.0,1.0,0.0,1.0,0.0,0.0,0.0,0.0,0.0,0.0,0.0,0.0,0.0,0.0,0.0,0.0,1.0,0.0,0.12346938775510205,0.2727272727272727,0.09090909090909091,0.0,0.0,4,4,0,0,0,0,1,0,0.115,0.0,0.00018340530463162587,399000.0
10657906,1,0.0,1.0,0.0,0.0,0.0,0.0,0.0,0.0,0.0,0.0,0.0,0.0,0.0,1.0,0.0,0.0,1.0,0.0,0.35612244897959183,0.4545454545454545,0.0,0.07142857142857142,0.1111111111111111,4,3,0,0,0,0,1,1,0.025,0.5,0.00028244416913270385,525000.0
10657900,1,0.0,1.0,0.0,0.0,0.0,0.0,1.0,0.0,0.0,0.0,0.0,0.0,0.0,0.0,0.0,0.0,0.0,1.0,0.30918367346938774,0.4545454545454545,0.09090909090909091,0.0,0.0,4,3,0,0,0,0,0,0,0.0,0.0,0.0006180758766085792,775000.0
10657912,1,0.0,1.0,0.0,0.0,0.0,0.0,0.0,0.0,0.0,0.0,0.0,0.0,0.0,1.0,0.0,0.0,1.0,0.0,0.6224489795918368,0.36363636363636365,0.4545454545454546,0.2857142857142857,0.2222222222222222,1,1,0,0,1,0,0,1,0.0,0.0,0.001531434293674076,6975000.0
10657910,1,0.0,0.0,1.0,0.0,0.0,0.0,0.0,0.0,0.0,1.0,0.0,0.0,0.0,0.0,0.0,0.0,0.0,1.0,0.11530612244897961,0.09090909090909091,0.09090909090909091,0.0,0.0,3,4,0,0,0,0,1,1,0.154,0.0,0.0003319636013832428,195000.0
10657911,1,0.0,0.0,1.0,0.0,0.0,0.0,0.0,0.0,0.0,1.0,0.0,0.0,0.0,0.0,0.0,1.0,0.0,0.0,0.17346938775510207,0.1818181818181818,0.09090909090909091,0.0,0.0,5,5,0,0,0,0,0,1,0.0,0.0,0.0008977689661718086,349000.0
10657914,0,0.0,1.0,0.0,0.0,0.0,1.0,0.0,0.0,0.0,0.0,0.0,0.0,0.0,0.0,1.0,0.0,0.0,0.0,0.13775510204081634,0.1818181818181818,0.0,0.07142857142857142,0.05555555555555555,1,1,1,0,0,0,0,0,0.0,0.0,0.0,725000.0
10657920,1,0.0,1.0,0.0,0.0,0.0,0.0,0.0,0.0,0.0,0.0,0.0,0.0,0.0,1.0,0.0,0.0,0.0,1.0,0.18877551020408165,0.2727272727272727,0.0,0.0,0.05555555555555555,4,4,0,0,0,0,1,0,0.0,0.0,0.000644669645780165,335000.0
10657917,1,0.0,1.0,0.0,0.0,0.0,0.0,0.0,0.0,1.0,0.0,0.0,0.0,0.0,0.0,0.0,0.0,0.0,1.0,0.15816326530612246,0.2727272727272727,0.09090909090909091,0.0,0.0,0,3,0,0,0,0,0,0,0.0,0.0,0.005043645877369711,599000.0
10657943,1,0.0,1.0,0.0,0.0,0.0,0.0,0.0,0.0,1.0,0.0,0.0,0.0,0.0,0.0,0.0,0.0,0.0,1.0,0.22244897959183677,0.1818181818181818,0.18181818181818182,0.0,0.1111111111111111,3,6,0,0,0,0,0,0,0.0,0.0,0.000935367053621292,335000.0
10395770,1,0.0,1.0,0.0,1.0,0.0,0.0,0.0,0.0,0.0,0.0,0.0,0.0,0.0,0.0,0.0,0.0,0.0,1.0,0.1295918367346939,0.09090909090909091,0.09090909090909091,0.0,0.05555555555555555,4,6,0,0,0,0,0,1,0.0,0.0,0.0005025305346906549,265000.0
10657938,0,0.0,1.0,0.0,0.0,0.0,1.0,0.0,0.0,0.0,0.0,0.0,0.0,0.0,0.0,1.0,0.0,0.0,0.0,0.07142857142857142,0.09090909090909091,0.09090909090909091,0.0,0.05555555555555555,3,3,1,0,0,0,0,1,0.0,0.3,0.0,470000.0
10657940,1,0.0,0.0,1.0,0.0,0.0,0.0,0.0,0.0,0.0,0.0,0.0,1.0,0.0,0.0,0.0,0.0,1.0,0.0,0.10204081632653061,0.2727272727272727,0.09090909090909091,0.0,0.05555555555555555,3,4,0,0,0,0,1,1,0.258,0.15,0.00023659284297479738,210000.0
10657944,0,1.0,0.0,0.0,0.0,1.0,0.0,0.0,0.0,0.0,0.0,0.0,0.0,0.0,0.0,0.0,0.0,0.0,1.0,0.15510204081632656,0.1818181818181818,0.18181818181818182,0.0,0.1111111111111111,2,6,1,0,0,0,0,1,0.0,0.15,0.0,599000.0
10657933,1,0.0,0.0,1.0,0.0,0.0,0.0,0.0,0.0,0.0,1.0,0.0,0.0,0.0,0.0,0.0,0.0,0.0,1.0,0.08061224489795918,0.09090909090909091,0.0,0.07142857142857142,0.05555555555555555,4,6,0,1,0,0,1,1,0.0,0.6,0.00011829642148739869,148000.0
10657951,1,0.0,0.0,1.0,0.0,0.0,0.0,0.0,0.0,0.0,0.0,0.0,0.0,1.0,0.0,0.0,0.0,0.0,1.0,0.1836734693877551,0.5454545454545454,0.18181818181818182,0.0,0.0,0,3,0,0,0,0,0,0,0.0,0.0,0.00031178901787376397,350000.0
10657947,1,0.0,1.0,0.0,1.0,0.0,0.0,0.0,0.0,0.0,0.0,0.0,0.0,0.0,0.0,0.0,0.0,0.0,1.0,0.6836734693877552,0.4545454545454545,0.4545454545454546,0.0,0.0,3,3,0,0,0,0,1,0,1.0,0.0,0.01110335714239863,1798000.0
10657949,1,0.0,1.0,0.0,1.0,0.0,0.0,0.0,0.0,0.0,0.0,0.0,0.0,0.0,0.0,0.0,0.0,0.0,1.0,0.08775510204081632,0.1818181818181818,0.09090909090909091,0.0,0.0,2,3,0,0,0,0,0,1,0.0,0.0,0.00016506477416846328,280000.0
10657946,1,0.0,1.0,0.0,1.0,0.0,0.0,0.0,0.0,0.0,0.0,0.0,0.0,0.0,0.0,0.0,0.0,0.0,1.0,0.6326530612244898,0.4545454545454545,0.2727272727272727,0.0,0.0,3,2,0,0,0,0,1,0,1.0,0.0,0.005009715896012861,2475000.0
10657954,0,0.0,1.0,0.0,1.0,0.0,0.0,0.0,0.0,0.0,0.0,0.0,0.0,0.0,0.0,0.0,0.0,0.0,1.0,0.0816326530612245,0.09090909090909091,0.09090909090909091,0.0,0.05555555555555555,2,2,1,0,0,0,0,1,0.0,0.06,0.0,345000.0
10657960,1,0.0,1.0,0.0,0.0,0.0,0.0,0.0,0.0,0.0,0.0,0.0,0.0,0.0,1.0,0.0,0.0,0.0,1.0,0.4102040816326531,0.2727272727272727,0.09090909090909091,0.0,0.0,1,0,0,0,0,0,0,1,0.0,0.0,0.0012572433632497954,685000.0
10657959,1,0.0,1.0,0.0,0.0,0.0,0.0,0.0,0.0,0.0,0.0,0.0,0.0,0.0,1.0,0.0,0.0,1.0,0.0,0.10306122448979593,0.1818181818181818,0.09090909090909091,0.0,0.05555555555555555,1,4,0,0,0,0,1,1,0.0,0.0,0.0002595185060537506,243000.0
10657963,0,0.0,1.0,0.0,1.0,0.0,0.0,0.0,0.0,0.0,0.0,0.0,0.0,0.0,0.0,0.0,0.0,1.0,0.0,0.07857142857142857,0.0,0.09090909090909091,0.0,0.0,3,2,0,0,0,0,0,0,0.0,0.0,0.0,230000.0
10657961,0,0.0,1.0,0.0,1.0,0.0,0.0,0.0,0.0,0.0,0.0,0.0,0.0,0.0,0.0,0.0,0.0,1.0,0.0,0.07244897959183674,0.09090909090909091,0.09090909090909091,0.0,0.05555555555555555,3,0,1,0,0,0,1,0,0.074,0.0,0.0,190000.0
10657965,0,0.0,1.0,0.0,1.0,0.0,0.0,0.0,0.0,0.0,0.0,0.0,0.0,0.0,0.0,0.0,0.0,1.0,0.0,0.2602040816326531,0.1818181818181818,0.18181818181818182,0.0,0.0,0,0,0,1,0,0,0,1,0.0,0.75,0.0,1449000.0
10657966,1,0.0,0.0,1.0,0.0,0.0,0.0,0.0,0.0,0.0,1.0,0.0,0.0,0.0,0.0,0.0,0.0,0.0,1.0,0.09387755102040818,0.09090909090909091,0.09090909090909091,0.0,0.1111111111111111,3,2,0,1,0,0,1,1,0.72,0.75,0.000765717146837038,193000.0
10657979,0,1.0,0.0,0.0,0.0,1.0,0.0,0.0,0.0,0.0,0.0,0.0,0.0,0.0,0.0,0.0,0.0,0.0,1.0,0.05306122448979592,0.0,0.09090909090909091,0.0,0.05555555555555555,3,3,1,0,0,0,0,1,0.0,0.09,0.0,179000.0
10657981,1,0.0,1.0,0.0,0.0,0.0,0.0,1.0,0.0,0.0,0.0,0.0,0.0,0.0,0.0,0.0,0.0,0.0,1.0,0.163265306122449,0.1818181818181818,0.0,0.0,0.0,5,0,0,0,0,0,0,1,0.0,0.2,0.000687769892368597,390000.0
10657998,1,1.0,0.0,0.0,0.0,1.0,0.0,0.0,0.0,0.0,0.0,0.0,0.0,0.0,0.0,0.0,1.0,0.0,0.0,0.2785714285714286,0.2727272727272727,0.09090909090909091,0.07142857142857142,0.1111111111111111,3,6,0,0,0,0,1,1,0.07,0.16,0.0002246714981737417,595000.0
10657992,0,1.0,0.0,0.0,0.0,1.0,0.0,0.0,0.0,0.0,0.0,0.0,0.0,0.0,0.0,0.0,0.0,0.0,1.0,0.11224489795918369,0.09090909090909091,0.09090909090909091,0.07142857142857142,0.1111111111111111,0,0,1,0,0,0,0,1,0.0,0.08,0.0,495000.0
10657985,1,0.0,0.0,1.0,0.0,0.0,0.0,0.0,0.0,0.0,0.0,0.0,1.0,0.0,0.0,0.0,0.0,0.0,1.0,0.0816326530612245,0.1818181818181818,0.09090909090909091,0.0,0.1111111111111111,0,0,0,0,0,0,0,0,0.0,0.0,0.0001999117820484722,178330.0
10658000,1,0.0,1.0,0.0,0.0,0.0,0.0,1.0,0.0,0.0,0.0,0.0,0.0,0.0,0.0,0.0,0.0,0.0,1.0,0.8673469387755103,0.1818181818181818,0.09090909090909091,0.0,0.1111111111111111,1,1,0,0,0,0,1,1,0.87,0.4,0.0007978130751475725,659000.0
10658013,1,0.0,0.0,1.0,0.0,0.0,0.0,0.0,1.0,0.0,0.0,0.0,0.0,0.0,0.0,1.0,0.0,0.0,0.0,0.07142857142857142,0.09090909090909091,0.09090909090909091,0.0,0.05555555555555555,0,6,0,0,0,0,0,1,0.0,0.0,0.0002751079569474388,169000.0
10526946,1,0.0,0.0,1.0,0.0,0.0,0.0,0.0,0.0,0.0,0.0,0.0,0.0,1.0,0.0,0.0,0.0,0.0,1.0,0.4387755102040817,0.5454545454545454,0.09090909090909091,0.07142857142857142,0.16666666666666666,4,5,0,1,0,0,1,1,1.0,0.22,0.0,399000.0
10658015,0,0.0,0.0,1.0,0.0,0.0,0.0,0.0,0.0,0.0,0.0,0.0,0.0,1.0,0.0,0.0,0.0,1.0,0.0,0.051020408163265314,0.0,0.0,0.07142857142857142,0.05555555555555555,0,4,1,0,0,0,0,0,0.0,0.0,0.0,165000.0
10658014,1,0.0,0.0,1.0,0.0,0.0,0.0,0.0,1.0,0.0,0.0,0.0,0.0,0.0,0.0,0.0,1.0,0.0,0.0,0.06632653061224492,0.09090909090909091,0.09090909090909091,0.07142857142857142,0.0,0,6,0,0,0,0,0,1,0.0,0.4,9.170265231581294e-05,73000.0
10658021,1,0.0,1.0,0.0,0.0,0.0,1.0,0.0,0.0,0.0,0.0,0.0,0.0,0.0,0.0,0.0,0.0,0.0,1.0,0.5489795918367347,0.4545454545454545,0.09090909090909091,0.0,0.0,3,0,0,0,0,0,1,1,0.115,0.24,0.0005117007999222362,500000.0
10658011,1,0.0,1.0,0.0,1.0,0.0,0.0,0.0,0.0,0.0,0.0,0.0,0.0,0.0,0.0,0.0,0.0,0.0,1.0,0.19897959183673472,0.4545454545454545,0.18181818181818182,0.0,0.1111111111111111,1,2,0,0,0,0,1,1,0.135,0.48,0.00032554441572113594,498000.0
10658024,1,0.0,1.0,0.0,0.0,0.0,0.0,0.0,0.0,1.0,0.0,0.0,0.0,0.0,0.0,0.0,0.0,0.0,1.0,0.3408163265306123,0.2727272727272727,0.09090909090909091,0.0,0.1111111111111111,1,5,0,0,0,0,1,1,0.04,0.0,0.0003246273891979778,358000.0
10658026,1,0.0,1.0,0.0,0.0,0.0,0.0,0.0,0.0,0.0,0.0,0.0,0.0,0.0,1.0,0.0,0.0,0.0,1.0,0.30714285714285716,0.2727272727272727,0.18181818181818182,0.0,0.0,3,4,0,0,0,0,0,0,0.0,0.0,0.0015919580442025126,435000.0
10658025,1,0.0,0.0,1.0,0.0,0.0,0.0,0.0,0.0,0.0,0.0,0.0,0.0,1.0,0.0,0.0,0.0,0.0,1.0,0.09387755102040818,0.09090909090909091,0.09090909090909091,0.07142857142857142,0.05555555555555555,0,4,0,0,0,0,1,0,0.06,0.0,0.0001375539784737194,215000.0
10658027,0,0.0,1.0,0.0,0.0,0.0,0.0,0.0,0.0,1.0,0.0,0.0,0.0,0.0,0.0,0.0,0.0,0.0,1.0,0.06326530612244899,0.09090909090909091,0.09090909090909091,0.0,0.05555555555555555,1,2,0,0,0,0,0,1,0.0,0.46,0.0,218000.0
10658035,0,1.0,0.0,0.0,0.0,1.0,0.0,0.0,0.0,0.0,0.0,0.0,0.0,0.0,0.0,0.0,1.0,0.0,0.0,0.09693877551020408,0.09090909090909091,0.18181818181818182,0.0,0.1111111111111111,3,4,1,1,0,0,0,0,0.0,0.0,0.0,325000.0
10658047,1,0.0,0.0,1.0,0.0,0.0,0.0,0.0,0.0,0.0,1.0,0.0,0.0,0.0,0.0,0.0,0.0,0.0,1.0,0.22448979591836737,0.1818181818181818,0.09090909090909091,0.07142857142857142,0.1111111111111111,1,3,0,1,0,0,1,1,0.5,0.5,0.000687769892368597,475000.0
10658044,0,0.0,1.0,0.0,0.0,0.0,0.0,0.0,0.0,0.0,0.0,0.0,0.0,0.0,1.0,1.0,0.0,0.0,0.0,0.04081632653061225,0.0,0.09090909090909091,0.0,0.0,1,6,1,0,0,0,0,0,0.0,0.0,0.0,228500.0
10658049,1,0.0,1.0,0.0,0.0,0.0,1.0,0.0,0.0,0.0,0.0,0.0,0.0,0.0,0.0,0.0,0.0,0.0,1.0,0.32346938775510203,0.36363636363636365,0.09090909090909091,0.0,0.1111111111111111,1,0,0,0,0,0,1,1,0.25,0.24,0.0005263732242927662,639000.0
10658048,0,0.0,1.0,0.0,0.0,0.0,1.0,0.0,0.0,0.0,0.0,0.0,0.0,0.0,0.0,0.0,0.0,1.0,0.0,0.1142857142857143,0.2727272727272727,0.09090909090909091,0.0,0.1111111111111111,3,2,0,0,0,0,0,1,0.0,0.39,0.0,299500.0
10658050,1,0.0,0.0,1.0,0.0,0.0,0.0,0.0,0.0,0.0,0.0,0.0,1.0,0.0,0.0,0.0,0.0,0.0,1.0,0.14285714285714288,0.2727272727272727,0.09090909090909091,0.0,0.1111111111111111,1,1,0,0,0,0,0,0,0.0,0.0,0.0006327483009791093,309000.0
10658059,1,0.0,0.0,1.0,0.0,0.0,0.0,0.0,1.0,0.0,0.0,0.0,0.0,0.0,0.0,0.0,0.0,0.0,1.0,0.051020408163265314,0.09090909090909091,0.0,0.0,0.05555555555555555,5,7,0,0,0,0,0,1,0.0,0.0,0.0,90000.0
10658057,1,0.0,0.0,1.0,0.0,0.0,0.0,0.0,1.0,0.0,0.0,0.0,0.0,0.0,0.0,0.0,0.0,0.0,1.0,0.19387755102040818,0.36363636363636365,0.2727272727272727,0.21428571428571427,0.1111111111111111,4,6,0,0,0,0,1,1,0.065,0.36,0.0006419185662106905,135000.0
10658053,1,0.0,0.0,1.0,0.0,0.0,0.0,0.0,1.0,0.0,0.0,0.0,0.0,0.0,0.0,0.0,0.0,0.0,1.0,0.09183673469387757,0.1818181818181818,0.09090909090909091,0.07142857142857142,0.05555555555555555,3,4,0,0,0,0,1,1,0.05,0.6,0.0002613525591000669,157000.0
10658054,1,0.0,0.0,1.0,0.0,0.0,0.0,0.0,1.0,0.0,0.0,0.0,0.0,0.0,0.0,0.0,0.0,0.0,1.0,0.09183673469387757,0.1818181818181818,0.09090909090909091,0.07142857142857142,0.05555555555555555,4,5,0,0,0,0,1,1,0.06,0.24,0.0004970283755517061,115000.0
10658055,1,0.0,0.0,1.0,0.0,0.0,0.0,0.0,1.0,0.0,0.0,0.0,0.0,0.0,0.0,0.0,0.0,1.0,0.0,0.286734693877551,0.5454545454545454,0.2727272727272727,0.21428571428571427,0.16666666666666666,5,6,0,0,0,0,1,1,0.22,0.36,0.0004585132615790647,180000.0
10658063,1,0.0,0.0,1.0,0.0,0.0,0.0,0.0,0.0,0.0,1.0,0.0,0.0,0.0,0.0,0.0,0.0,1.0,0.0,0.09387755102040818,0.2727272727272727,0.09090909090909091,0.07142857142857142,0.05555555555555555,3,5,0,0,0,0,1,1,0.05,0.4,0.00017423503940004458,159000.0
10658067,0,1.0,0.0,0.0,0.0,1.0,0.0,0.0,0.0,0.0,0.0,0.0,0.0,0.0,0.0,1.0,0.0,0.0,0.0,0.05612244897959184,0.0,0.09090909090909091,0.07142857142857142,0.05555555555555555,1,3,1,0,0,0,0,0,0.0,0.0,0.0,295000.0
10658066,0,0.0,0.0,1.0,0.0,0.0,0.0,0.0,0.0,0.0,0.0,0.0,0.0,1.0,0.0,0.0,0.0,0.0,1.0,0.08061224489795918,0.09090909090909091,0.09090909090909091,0.07142857142857142,0.05555555555555555,3,4,0,0,0,0,1,1,0.1,0.2,0.0,225000.0
10658065,1,0.0,0.0,1.0,0.0,0.0,0.0,0.0,1.0,0.0,0.0,0.0,0.0,0.0,0.0,0.0,0.0,1.0,0.0,0.2448979591836735,0.1818181818181818,0.09090909090909091,0.07142857142857142,0.1111111111111111,4,4,0,0,0,0,0,1,0.0,0.0,0.0006923550249843877,269000.0
10658069,0,1.0,0.0,0.0,0.0,1.0,0.0,0.0,0.0,0.0,0.0,0.0,0.0,0.0,0.0,1.0,0.0,0.0,0.0,0.10816326530612247,0.1818181818181818,0.18181818181818182,0.07142857142857142,0.1111111111111111,1,3,1,0,0,0,0,0,0.0,0.0,0.0,420000.0
10658068,0,1.0,0.0,0.0,0.0,1.0,0.0,0.0,0.0,0.0,0.0,0.0,0.0,0.0,0.0,1.0,0.0,0.0,0.0,0.1112244897959184,0.1818181818181818,0.18181818181818182,0.07142857142857142,0.05555555555555555,1,3,1,0,0,0,0,0,0.0,0.0,0.0,420000.0
10658080,1,1.0,0.0,0.0,0.0,1.0,0.0,0.0,0.0,0.0,0.0,0.0,0.0,0.0,0.0,0.0,1.0,0.0,0.0,0.14285714285714288,0.1818181818181818,0.09090909090909091,0.07142857142857142,0.0,5,0,0,1,0,0,1,1,0.1,0.2,0.0001714839598305702,395000.0
10658070,1,0.0,1.0,0.0,1.0,0.0,0.0,0.0,0.0,0.0,0.0,0.0,0.0,0.0,0.0,0.0,0.0,0.0,1.0,0.2857142857142857,0.1818181818181818,0.18181818181818182,0.14285714285714285,0.1111111111111111,4,4,0,0,1,0,1,1,1.0,0.0,0.0019606027065120807,499000.0
10658099,1,0.0,0.0,1.0,0.0,0.0,0.0,0.0,0.0,0.0,1.0,0.0,0.0,0.0,0.0,0.0,0.0,0.0,1.0,0.14081632653061227,0.2727272727272727,0.0,0.07142857142857142,0.0,0,5,0,1,0,0,1,0,0.0,0.0,0.0008601708787223253,330000.0
10527030,1,0.0,0.0,1.0,0.0,0.0,0.0,0.0,1.0,0.0,0.0,0.0,0.0,0.0,0.0,0.0,0.0,0.0,1.0,0.2163265306122449,0.1818181818181818,0.09090909090909091,0.0,0.05555555555555555,0,5,0,0,0,0,0,0,0.0,0.0,0.0008620049317686416,330000.0
10658109,1,0.0,1.0,0.0,0.0,0.0,0.0,0.0,0.0,1.0,0.0,0.0,0.0,0.0,0.0,0.0,0.0,0.0,1.0,0.12551020408163266,0.1818181818181818,0.09090909090909091,0.0,0.0,4,4,0,0,0,0,0,1,0.0,0.0,0.0006116566909464723,300000.0
10658108,0,0.0,1.0,0.0,0.0,0.0,0.0,0.0,0.0,0.0,0.0,0.0,0.0,0.0,1.0,0.0,0.0,0.0,1.0,0.0336734693877551,0.0,0.09090909090909091,0.0,0.0,3,3,1,0,0,0,0,1,0.0,0.0,0.0,159000.0
10658114,1,0.0,0.0,1.0,0.0,0.0,0.0,0.0,1.0,0.0,0.0,0.0,0.0,0.0,0.0,0.0,0.0,0.0,1.0,0.163265306122449,0.09090909090909091,0.0,0.0,0.0,5,5,0,0,0,0,1,0,0.035,0.0,0.0,120000.0
10658115,1,0.0,0.0,1.0,0.0,0.0,0.0,0.0,1.0,0.0,0.0,0.0,0.0,0.0,0.0,0.0,0.0,0.0,1.0,0.08673469387755103,0.09090909090909091,0.09090909090909091,0.07142857142857142,0.1111111111111111,4,7,0,0,0,0,0,1,0.0,0.0,0.0005043645877369712,120000.0
10658110,1,0.0,1.0,0.0,0.0,0.0,0.0,1.0,0.0,0.0,0.0,0.0,0.0,0.0,0.0,0.0,1.0,0.0,0.0,0.1795918367346939,0.2727272727272727,0.18181818181818182,0.0,0.0,2,2,0,0,0,0,0,0,0.0,0.0,0.0008069833403791538,795000.0
10658118,1,0.0,0.0,1.0,0.0,0.0,0.0,0.0,0.0,0.0,1.0,0.0,0.0,0.0,0.0,0.0,0.0,0.0,1.0,0.10204081632653061,0.1818181818181818,0.0,0.0,0.0,0,0,0,0,0,0,1,0,0.0,0.0,0.00066667828233596,280149.0
10658113,1,0.0,0.0,1.0,0.0,0.0,0.0,0.0,1.0,0.0,0.0,0.0,0.0,0.0,0.0,0.0,0.0,0.0,1.0,0.10204081632653061,0.1818181818181818,0.09090909090909091,0.07142857142857142,0.05555555555555555,3,5,0,0,0,0,1,1,0.04,0.0,0.0,170000.0
10658121,1,0.0,1.0,0.0,0.0,0.0,0.0,1.0,0.0,0.0,0.0,0.0,0.0,0.0,0.0,0.0,0.0,1.0,0.0,0.09183673469387757,0.1818181818181818,0.0,0.0,0.05555555555555555,5,4,0,0,0,0,1,0,0.0,0.0,0.00011004318277897552,249000.0
10658116,1,0.0,0.0,1.0,0.0,0.0,0.0,0.0,1.0,0.0,0.0,0.0,0.0,0.0,0.0,0.0,0.0,0.0,1.0,0.10714285714285715,0.1818181818181818,0.09090909090909091,0.07142857142857142,0.05555555555555555,5,7,0,0,0,0,0,1,0.0,0.23,0.0005502159138948776,140000.0
10658120,0,0.0,1.0,0.0,0.0,0.0,0.0,0.0,0.0,0.0,0.0,0.0,0.0,0.0,1.0,0.0,0.0,0.0,1.0,0.18571428571428575,0.2727272727272727,0.18181818181818182,0.0,0.0,0,3,0,0,0,0,0,1,0.0,0.0,0.0,309000.0
10658119,1,1.0,0.0,0.0,0.0,1.0,0.0,0.0,0.0,0.0,0.0,0.0,0.0,0.0,0.0,0.0,1.0,0.0,0.0,0.1836734693877551,0.6363636363636364,0.2727272727272727,0.21428571428571427,0.16666666666666666,3,3,0,0,0,0,0,0,0.0,0.0,7.15280688063341e-05,650000.0
10658124,0,1.0,0.0,0.0,0.0,1.0,0.0,0.0,0.0,0.0,0.0,0.0,0.0,0.0,0.0,0.0,1.0,0.0,0.0,0.051020408163265314,0.09090909090909091,0.09090909090909091,0.0,0.05555555555555555,0,6,0,1,0,0,0,1,0.0,0.04,0.0,220000.0
10658125,1,1.0,0.0,0.0,0.0,1.0,0.0,0.0,0.0,0.0,0.0,0.0,0.0,0.0,0.0,0.0,1.0,0.0,0.0,0.23469387755102042,0.5454545454545454,0.09090909090909091,0.07142857142857142,0.1111111111111111,0,5,0,1,0,0,0,0,0.0,0.0,0.0,390000.0
10658126,1,0.0,0.0,1.0,0.0,0.0,0.0,0.0,0.0,0.0,0.0,0.0,1.0,0.0,0.0,0.0,0.0,0.0,1.0,0.22653061224489798,0.2727272727272727,0.18181818181818182,0.07142857142857142,0.1111111111111111,3,6,0,0,0,0,1,1,1.0,1.0,0.004655743658073822,329000.0
10658127,0,1.0,0.0,0.0,0.0,1.0,0.0,0.0,0.0,0.0,0.0,0.0,0.0,0.0,0.0,0.0,1.0,0.0,0.0,0.051020408163265314,0.09090909090909091,0.0,0.07142857142857142,0.05555555555555555,0,6,0,1,0,0,0,1,0.0,0.04,0.0,210000.0
10658123,1,0.0,1.0,0.0,0.0,0.0,0.0,1.0,0.0,0.0,0.0,0.0,0.0,0.0,0.0,0.0,0.0,1.0,0.0,0.23979591836734696,0.2727272727272727,0.09090909090909091,0.0,0.1111111111111111,4,4,0,0,0,0,1,0,0.96,0.0,0.0010096462019971004,349000.0
10658128,0,1.0,0.0,0.0,0.0,1.0,0.0,0.0,0.0,0.0,0.0,0.0,0.0,0.0,0.0,0.0,1.0,0.0,0.0,0.09183673469387757,0.09090909090909091,0.0,0.07142857142857142,0.05555555555555555,0,6,0,1,0,0,0,1,0.0,0.15,0.0,225000.0
10658144,1,0.0,1.0,0.0,0.0,0.0,0.0,0.0,0.0,0.0,0.0,0.0,0.0,0.0,1.0,0.0,0.0,1.0,0.0,0.1948979591836735,0.2727272727272727,0.09090909090909091,0.0,0.0,3,4,0,0,0,0,1,1,0.728,0.25,0.0006675953088591182,450000.0
10658145,1,0.0,1.0,0.0,0.0,0.0,0.0,0.0,0.0,0.0,0.0,0.0,0.0,0.0,1.0,0.0,0.0,1.0,0.0,0.33979591836734696,0.1818181818181818,0.18181818181818182,0.0,0.16666666666666666,1,3,0,0,0,0,0,1,0.0,0.0,0.0015231810549656529,1300000.0
10658150,1,0.0,1.0,0.0,0.0,0.0,0.0,0.0,0.0,0.0,0.0,0.0,0.0,0.0,1.0,0.0,0.0,0.0,1.0,0.23877551020408164,0.2727272727272727,0.18181818181818182,0.0,0.1111111111111111,1,1,0,0,0,0,1,1,0.77,0.1,0.0007061104228317595,595000.0
10658154,1,0.0,0.0,1.0,0.0,0.0,0.0,0.0,0.0,0.0,1.0,0.0,0.0,0.0,0.0,0.0,0.0,0.0,1.0,0.12653061224489798,0.1818181818181818,0.09090909090909091,0.0,0.05555555555555555,5,7,0,0,0,0,0,0,0.0,0.0,0.0,149000.0
10658153,1,0.0,1.0,0.0,0.0,0.0,1.0,0.0,0.0,0.0,0.0,0.0,0.0,0.0,0.0,1.0,0.0,0.0,0.0,0.09183673469387757,0.2727272727272727,0.0,0.0,0.05555555555555555,4,4,0,0,0,0,0,0,0.0,0.0,4.7685379204222725e-05,219000.0
10658161,1,0.0,1.0,0.0,0.0,0.0,1.0,0.0,0.0,0.0,0.0,0.0,0.0,0.0,0.0,0.0,0.0,0.0,1.0,0.12346938775510205,0.2727272727272727,0.0,0.0,0.0,5,6,0,0,0,0,0,0,0.0,0.0,0.002538329416101702,335000.0
10658160,1,0.0,1.0,0.0,0.0,0.0,0.0,0.0,0.0,0.0,0.0,0.0,0.0,0.0,1.0,0.0,0.0,0.0,1.0,0.15816326530612246,0.1818181818181818,0.0,0.0,0.05555555555555555,5,6,0,0,0,0,1,1,0.0,0.0,0.0005832288687285703,275000.0
10658159,1,0.0,1.0,0.0,0.0,0.0,0.0,0.0,0.0,0.0,0.0,0.0,0.0,0.0,1.0,0.0,0.0,0.0,1.0,0.1979591836734694,0.2727272727272727,0.0,0.0,0.1111111111111111,1,2,0,0,0,0,0,1,0.0,0.0,0.00016781585373793766,425000.0
10658163,1,0.0,0.0,1.0,0.0,0.0,0.0,0.0,0.0,0.0,1.0,0.0,0.0,0.0,0.0,0.0,0.0,0.0,1.0,0.3163265306122449,0.4545454545454545,0.18181818181818182,0.0,0.0,5,6,0,0,0,0,0,0,0.0,0.0,0.0030371918446997245,319000.0
10658156,1,1.0,0.0,0.0,0.0,1.0,0.0,0.0,0.0,0.0,0.0,0.0,0.0,0.0,0.0,0.0,1.0,0.0,0.0,0.12346938775510205,0.09090909090909091,0.09090909090909091,0.0,0.05555555555555555,4,7,0,1,0,1,1,1,0.036000000000000004,0.08,8.528346665370602e-05,339900.0
10658168,1,0.0,1.0,0.0,0.0,0.0,0.0,0.0,0.0,1.0,0.0,0.0,0.0,0.0,0.0,0.0,0.0,0.0,1.0,0.163265306122449,0.1818181818181818,0.0,0.0,0.1111111111111111,1,1,0,0,0,0,1,1,0.0,0.31,0.00040074059062010254,394500.0
10658169,0,1.0,0.0,0.0,0.0,1.0,0.0,0.0,0.0,0.0,0.0,0.0,0.0,0.0,0.0,0.0,0.0,0.0,1.0,0.03571428571428572,0.0,0.09090909090909091,0.07142857142857142,0.05555555555555555,3,5,1,0,0,0,0,0,0.0,0.0,0.0,180000.0
10658176,1,0.0,0.0,1.0,0.0,0.0,0.0,0.0,0.0,0.0,1.0,0.0,0.0,0.0,0.0,0.0,0.0,1.0,0.0,0.10714285714285715,0.1818181818181818,0.09090909090909091,0.0,0.1111111111111111,2,4,0,0,0,0,0,0,0.0,0.0,8.711751970002229e-05,210000.0
10658172,1,0.0,1.0,0.0,0.0,0.0,0.0,0.0,0.0,0.0,0.0,0.0,0.0,0.0,1.0,0.0,0.0,0.0,1.0,0.2255102040816327,0.1818181818181818,0.09090909090909091,0.0,0.0,4,6,0,0,0,0,0,0,0.0,0.0,0.0005098667468759199,288000.0
10658175,0,0.0,0.0,1.0,0.0,0.0,0.0,0.0,0.0,0.0,0.0,1.0,0.0,0.0,0.0,0.0,0.0,1.0,0.0,0.10612244897959186,0.1818181818181818,0.09090909090909091,0.07142857142857142,0.1111111111111111,1,4,0,0,0,0,0,1,0.0,0.02,0.0,198000.0
10658179,1,0.0,0.0,1.0,0.0,0.0,0.0,0.0,1.0,0.0,0.0,0.0,0.0,0.0,0.0,0.0,0.0,0.0,1.0,0.32142857142857145,0.2727272727272727,0.09090909090909091,0.0,0.1111111111111111,3,2,0,0,0,0,0,1,0.0,0.0,0.0011728769231192475,340000.0
10658187,1,1.0,0.0,0.0,0.0,1.0,0.0,0.0,0.0,0.0,0.0,0.0,0.0,0.0,0.0,0.0,1.0,0.0,0.0,0.2663265306122449,0.36363636363636365,0.09090909090909091,0.0,0.0,1,0,0,0,0,0,0,1,0.0,0.0,0.0,569000.0
10658183,1,0.0,0.0,1.0,0.0,0.0,0.0,0.0,0.0,0.0,0.0,0.0,1.0,0.0,0.0,0.0,0.0,1.0,0.0,0.13673469387755105,0.1818181818181818,0.0,0.0,0.05555555555555555,5,7,0,0,0,0,0,0,0.0,0.0,0.0018597297889646864,275000.0
10658188,1,0.0,0.0,1.0,0.0,0.0,0.0,0.0,0.0,0.0,0.0,0.0,1.0,0.0,0.0,0.0,1.0,0.0,0.0,0.1836734693877551,0.1818181818181818,0.0,0.0,0.0,5,6,0,0,0,0,0,1,0.0,0.3,0.0001375539784737194,139000.0
10658178,1,0.0,0.0,1.0,0.0,0.0,0.0,0.0,1.0,0.0,0.0,0.0,0.0,0.0,0.0,0.0,0.0,0.0,1.0,0.1836734693877551,0.4545454545454545,0.09090909090909091,0.07142857142857142,0.1111111111111111,0,0,0,0,0,0,0,1,0.0,0.0,0.00029895064654955015,280000.0
10658189,1,0.0,0.0,1.0,0.0,0.0,0.0,0.0,0.0,0.0,1.0,0.0,0.0,0.0,0.0,0.0,0.0,0.0,1.0,0.18877551020408165,0.36363636363636365,0.18181818181818182,0.0,0.0,3,6,0,0,0,0,0,0,0.0,0.0,0.004310024658843208,379000.0
10658196,0,0.0,0.0,1.0,0.0,0.0,0.0,0.0,1.0,0.0,0.0,0.0,0.0,0.0,0.0,0.0,1.0,0.0,0.0,0.07653061224489796,0.09090909090909091,0.09090909090909091,0.0,0.1111111111111111,0,2,0,0,0,0,1,1,0.3,0.85,0.0,215000.0
10658195,0,0.0,0.0,1.0,0.0,0.0,0.0,0.0,1.0,0.0,0.0,0.0,0.0,0.0,0.0,0.0,1.0,0.0,0.0,0.07142857142857142,0.09090909090909091,0.09090909090909091,0.0,0.05555555555555555,0,2,0,0,0,0,1,1,0.3,0.35000000000000003,0.0,225000.0
10658203,1,0.0,1.0,0.0,0.0,0.0,1.0,0.0,0.0,0.0,0.0,0.0,0.0,0.0,0.0,0.0,0.0,0.0,1.0,0.163265306122449,0.1818181818181818,0.0,0.0,0.05555555555555555,3,3,0,0,0,0,1,0,0.0,0.0,0.0011453661274245035,379000.0
10658205,0,1.0,0.0,0.0,0.0,1.0,0.0,0.0,0.0,0.0,0.0,0.0,0.0,0.0,0.0,0.0,1.0,0.0,0.0,0.03571428571428572,0.0,0.09090909090909091,0.2857142857142857,0.05555555555555555,1,4,0,0,0,0,0,0,0.0,0.0,0.0,275000.0
10658199,0,1.0,0.0,0.0,0.0,1.0,0.0,0.0,0.0,0.0,0.0,0.0,0.0,0.0,0.0,0.0,1.0,0.0,0.0,0.1653061224489796,0.2727272727272727,0.18181818181818182,0.07142857142857142,0.1111111111111111,3,5,1,0,0,0,0,1,0.0,0.3,0.0,645000.0
10658206,1,0.0,1.0,0.0,0.0,0.0,0.0,0.0,0.0,0.0,0.0,0.0,0.0,0.0,1.0,0.0,1.0,0.0,0.0,0.1275510204081633,0.1818181818181818,0.09090909090909091,0.0,0.05555555555555555,3,4,0,0,0,1,0,1,0.0,0.0,0.000453928128963274,349000.0
10658208,0,0.0,1.0,0.0,0.0,0.0,1.0,0.0,0.0,0.0,0.0,0.0,0.0,0.0,0.0,0.0,0.0,0.0,1.0,0.06326530612244899,0.09090909090909091,0.09090909090909091,0.0,0.1111111111111111,2,2,1,0,0,0,0,1,0.0,0.0,0.0,299000.0
10658214,1,0.0,1.0,0.0,0.0,0.0,0.0,0.0,0.0,0.0,0.0,0.0,0.0,0.0,1.0,0.0,0.0,0.0,1.0,0.17755102040816328,0.2727272727272727,0.0,0.0,0.1111111111111111,1,1,0,0,0,0,0,1,0.0,0.0,0.00022650555122005793,399000.0
10658229,1,0.0,1.0,0.0,1.0,0.0,0.0,0.0,0.0,0.0,0.0,0.0,0.0,0.0,0.0,0.0,0.0,1.0,0.0,0.1928571428571429,0.1818181818181818,0.0,0.0,0.1111111111111111,5,6,0,1,0,0,0,1,0.0,0.09,5.868969748212028e-05,535000.0
10658215,1,0.0,1.0,0.0,0.0,0.0,0.0,0.0,0.0,0.0,0.0,0.0,0.0,0.0,1.0,0.0,0.0,1.0,0.0,0.1795918367346939,0.36363636363636365,0.0,0.0,0.05555555555555555,3,6,0,0,0,0,0,0,0.0,0.0,0.00037964898058746556,229000.0
10658219,0,1.0,0.0,0.0,0.0,1.0,0.0,0.0,0.0,0.0,0.0,0.0,0.0,0.0,0.0,0.0,0.0,0.0,1.0,0.0816326530612245,0.09090909090909091,0.09090909090909091,0.07142857142857142,0.05555555555555555,3,6,1,0,0,0,0,1,0.0,0.05,0.0,333000.0
10658222,1,0.0,0.0,1.0,0.0,0.0,0.0,0.0,0.0,0.0,0.0,0.0,0.0,1.0,0.0,0.0,0.0,0.0,1.0,0.1836734693877551,0.2727272727272727,0.18181818181818182,0.0,0.0,3,5,0,0,0,0,0,1,0.0,0.19,0.0005841458952517284,469000.0
10658230,0,0.0,1.0,0.0,1.0,0.0,0.0,0.0,0.0,0.0,0.0,0.0,0.0,0.0,0.0,0.0,0.0,1.0,0.0,0.10510204081632654,0.1818181818181818,0.09090909090909091,0.0,0.05555555555555555,0,3,0,0,0,0,0,1,0.0,0.06,0.0,259000.0
10658237,0,0.0,0.0,1.0,0.0,0.0,0.0,0.0,0.0,0.0,0.0,0.0,0.0,1.0,0.0,0.0,0.0,0.0,1.0,0.05612244897959184,0.09090909090909091,0.09090909090909091,0.0,0.05555555555555555,3,4,1,0,0,0,0,0,0.0,0.0,0.0,245000.0
10658239,1,0.0,1.0,0.0,0.0,0.0,0.0,0.0,0.0,0.0,0.0,0.0,0.0,0.0,1.0,0.0,0.0,0.0,1.0,0.20408163265306126,0.1818181818181818,0.09090909090909091,0.0,0.05555555555555555,2,4,0,1,0,0,0,1,0.0,0.0,0.0005126178264453943,317500.0
10658242,1,0.0,0.0,1.0,0.0,0.0,0.0,0.0,1.0,0.0,0.0,0.0,0.0,0.0,0.0,0.0,0.0,1.0,0.0,0.06122448979591837,0.09090909090909091,0.2727272727272727,0.0,0.05555555555555555,3,4,0,0,0,0,0,1,0.0,0.2,7.336212185265035e-05,155000.0
10658240,1,0.0,1.0,0.0,0.0,0.0,0.0,1.0,0.0,0.0,0.0,0.0,0.0,0.0,0.0,0.0,0.0,0.0,1.0,0.17346938775510207,0.1818181818181818,0.09090909090909091,0.0,0.1111111111111111,3,3,0,1,0,0,1,1,0.45,1.0,0.0007464595898507173,425000.0
10658245,0,0.0,1.0,0.0,1.0,0.0,0.0,0.0,0.0,0.0,0.0,0.0,0.0,0.0,0.0,0.0,0.0,0.0,1.0,0.03775510204081633,0.0,0.09090909090909091,0.0,0.05555555555555555,3,2,1,1,0,0,0,1,0.0,0.12,0.0,149000.0
10658253,1,0.0,0.0,1.0,0.0,0.0,0.0,0.0,0.0,0.0,1.0,0.0,0.0,0.0,0.0,0.0,0.0,0.0,1.0,0.5336734693877552,0.36363636363636365,0.09090909090909091,0.14285714285714285,0.2777777777777778,1,0,0,1,0,0,0,0,0.0,0.0,0.0026758833945754214,1500000.0
10658248,1,0.0,0.0,1.0,0.0,0.0,0.0,0.0,0.0,0.0,0.0,0.0,0.0,1.0,0.0,0.0,0.0,0.0,1.0,0.163265306122449,0.1818181818181818,0.18181818181818182,0.0,0.16666666666666666,0,4,0,0,0,0,0,1,0.0,0.0,0.0005868969748212028,680000.0
10658254,0,0.0,0.0,1.0,0.0,0.0,0.0,0.0,1.0,0.0,0.0,0.0,0.0,0.0,0.0,0.0,0.0,1.0,0.0,0.06122448979591837,0.09090909090909091,0.09090909090909091,0.0,0.05555555555555555,5,4,0,0,0,0,0,1,0.0,0.2,0.0,155000.0
10658257,1,0.0,1.0,0.0,0.0,0.0,1.0,0.0,0.0,0.0,0.0,0.0,0.0,0.0,0.0,0.0,0.0,1.0,0.0,0.11224489795918369,0.1818181818181818,0.0,0.0,0.05555555555555555,3,0,0,0,0,0,0,1,0.0,0.21,0.00010087291754739423,225000.0
10658261,1,0.0,1.0,0.0,0.0,0.0,1.0,0.0,0.0,0.0,0.0,0.0,0.0,0.0,0.0,0.0,0.0,1.0,0.0,0.0979591836734694,0.1818181818181818,0.09090909090909091,0.0,0.1111111111111111,3,1,0,1,0,0,1,0,0.0,0.0,0.0002099990738032116,319000.0
10658259,1,0.0,1.0,0.0,0.0,0.0,0.0,1.0,0.0,0.0,0.0,0.0,0.0,0.0,0.0,0.0,0.0,1.0,0.0,0.13775510204081634,0.1818181818181818,0.09090909090909091,0.07142857142857142,0.1111111111111111,1,4,0,0,0,0,1,1,0.2,0.5,0.0004126619354211582,449000.0
10658264,1,0.0,1.0,0.0,0.0,0.0,1.0,0.0,0.0,0.0,0.0,0.0,0.0,0.0,0.0,0.0,0.0,0.0,1.0,0.1306122448979592,0.1818181818181818,0.09090909090909091,0.0,0.1111111111111111,5,6,0,1,0,0,0,0,0.0,0.0,0.0004860240572738086,285000.0
10658262,1,0.0,1.0,0.0,0.0,0.0,1.0,0.0,0.0,0.0,0.0,0.0,0.0,0.0,0.0,0.0,0.0,0.0,1.0,0.1112244897959184,0.1818181818181818,0.09090909090909091,0.0,0.05555555555555555,5,6,0,1,0,0,0,0,0.0,0.0,0.0004860240572738086,269000.0
10265045,1,0.0,1.0,0.0,0.0,0.0,1.0,0.0,0.0,0.0,0.0,0.0,0.0,0.0,0.0,0.0,0.0,1.0,0.0,0.09183673469387757,0.1818181818181818,0.09090909090909091,0.07142857142857142,0.05555555555555555,4,0,0,0,0,0,0,0,0.0,0.0,0.0,129000.0
10658267,0,0.0,1.0,0.0,0.0,0.0,1.0,0.0,0.0,0.0,0.0,0.0,0.0,0.0,0.0,0.0,0.0,0.0,1.0,0.07142857142857142,0.09090909090909091,0.09090909090909091,0.0,0.05555555555555555,3,1,0,1,0,0,0,1,0.0,0.0,0.0,289000.0
10658263,1,0.0,1.0,0.0,0.0,0.0,1.0,0.0,0.0,0.0,0.0,0.0,0.0,0.0,0.0,0.0,0.0,0.0,1.0,0.12040816326530615,0.1818181818181818,0.09090909090909091,0.0,0.05555555555555555,4,6,0,1,0,0,0,0,0.0,0.0,0.00032095928310534527,265000.0
10658268,1,1.0,0.0,0.0,0.0,1.0,0.0,0.0,0.0,0.0,0.0,0.0,0.0,0.0,0.0,0.0,0.0,0.0,1.0,0.113265306122449,0.09090909090909091,0.18181818181818182,0.0,0.05555555555555555,4,7,0,0,0,0,0,0,0.0,0.0,5.502159138948776e-05,495000.0
10658270,1,0.0,1.0,0.0,1.0,0.0,0.0,0.0,0.0,0.0,0.0,0.0,0.0,0.0,0.0,0.0,1.0,0.0,0.0,0.1326530612244898,0.1818181818181818,0.09090909090909091,0.0,0.1111111111111111,5,4,0,1,0,0,0,0,0.0,0.0,0.0001714839598305702,259000.0
10658276,1,1.0,0.0,0.0,0.0,1.0,0.0,0.0,0.0,0.0,0.0,0.0,0.0,0.0,0.0,0.0,1.0,0.0,0.0,0.1326530612244898,0.1818181818181818,0.09090909090909091,0.07142857142857142,0.0,1,7,0,0,0,0,1,1,0.11,0.2,0.00016506477416846328,449000.0
10658271,1,0.0,1.0,0.0,0.0,0.0,0.0,0.0,0.0,0.0,0.0,0.0,0.0,0.0,1.0,0.0,0.0,0.0,1.0,0.051020408163265314,0.09090909090909091,0.09090909090909091,0.0,0.0,1,4,0,0,0,0,0,1,0.0,0.3,6.419185662106905e-05,229000.0
10658277,0,0.0,1.0,0.0,0.0,0.0,0.0,0.0,0.0,1.0,0.0,0.0,0.0,0.0,0.0,0.0,0.0,0.0,1.0,0.07959183673469389,0.0,0.09090909090909091,0.0,0.05555555555555555,0,2,0,0,0,0,0,1,0.0,0.65,0.0,265000.0
10658282,1,0.0,1.0,0.0,0.0,0.0,0.0,0.0,0.0,1.0,0.0,0.0,0.0,0.0,0.0,0.0,0.0,1.0,0.0,0.1306122448979592,0.1818181818181818,0.09090909090909091,0.0,0.1111111111111111,0,2,0,0,0,0,0,1,0.0,0.0,0.00011462831539476617,279000.0
10396144,1,0.0,1.0,0.0,0.0,0.0,0.0,0.0,0.0,0.0,0.0,0.0,0.0,0.0,1.0,0.0,0.0,0.0,1.0,0.2142857142857143,0.36363636363636365,0.0,0.0,0.05555555555555555,3,4,0,0,0,0,0,0,0.0,0.0,0.00016506477416846328,159000.0
10658298,1,0.0,1.0,0.0,0.0,0.0,0.0,0.0,0.0,1.0,0.0,0.0,0.0,0.0,0.0,0.0,0.0,0.0,1.0,0.15714285714285717,0.1818181818181818,0.09090909090909091,0.0,0.1111111111111111,4,4,0,0,0,0,0,0,0.0,0.0,0.0007794725446844099,289000.0
10658294,1,0.0,1.0,0.0,0.0,0.0,1.0,0.0,0.0,0.0,0.0,0.0,0.0,0.0,0.0,0.0,0.0,0.0,1.0,0.15816326530612246,0.1818181818181818,0.09090909090909091,0.0,0.05555555555555555,5,6,0,0,0,0,1,0,0.0,0.0,0.0007024423167391271,345000.0
10658299,1,0.0,1.0,0.0,0.0,0.0,0.0,0.0,0.0,1.0,0.0,0.0,0.0,0.0,0.0,0.0,0.0,0.0,1.0,0.1785714285714286,0.1818181818181818,0.18181818181818182,0.0,0.1111111111111111,5,6,0,0,0,0,1,0,0.0,0.0,0.0007427914837580847,275000.0
10658305,1,0.0,1.0,0.0,0.0,0.0,0.0,0.0,0.0,0.0,0.0,0.0,0.0,0.0,1.0,0.0,0.0,1.0,0.0,0.17346938775510207,0.2727272727272727,0.09090909090909091,0.0,0.1111111111111111,3,2,0,0,0,0,1,1,0.0,0.0,0.00017606909244636084,595000.0
10658300,1,0.0,1.0,0.0,0.0,0.0,0.0,0.0,0.0,1.0,0.0,0.0,0.0,0.0,0.0,0.0,0.0,0.0,1.0,0.15000000000000002,0.2727272727272727,0.18181818181818182,0.0,0.1111111111111111,3,6,0,0,0,0,1,0,0.201,0.0,0.00030170172611902453,199000.0
10658309,1,0.0,1.0,0.0,0.0,0.0,1.0,0.0,0.0,0.0,0.0,0.0,0.0,0.0,0.0,0.0,0.0,0.0,1.0,0.08877551020408164,0.09090909090909091,0.09090909090909091,0.0,0.05555555555555555,3,4,0,0,0,0,1,0,0.033,0.0,7.336212185265035e-05,229000.0
10658301,1,0.0,1.0,0.0,0.0,0.0,0.0,0.0,0.0,1.0,0.0,0.0,0.0,0.0,0.0,0.0,0.0,0.0,1.0,0.22142857142857145,0.2727272727272727,0.18181818181818182,0.0,0.1111111111111111,3,4,0,0,0,0,1,1,1.0,0.13,0.001602045335957252,429000.0
10527238,0,0.0,1.0,0.0,0.0,0.0,0.0,1.0,0.0,0.0,0.0,0.0,0.0,0.0,0.0,0.0,0.0,1.0,0.0,0.04897959183673469,0.09090909090909091,0.09090909090909091,0.0,0.0,3,2,1,0,0,0,0,0,0.0,0.0,0.0,235000.0
10658315,0,1.0,0.0,0.0,0.0,1.0,0.0,0.0,0.0,0.0,0.0,0.0,0.0,0.0,0.0,0.0,1.0,0.0,0.0,0.07142857142857142,0.09090909090909091,0.0,0.0,0.1111111111111111,0,6,1,0,0,0,0,1,0.0,0.02,0.0,219000.0
10658322,1,0.0,1.0,0.0,0.0,0.0,0.0,0.0,0.0,1.0,0.0,0.0,0.0,0.0,0.0,0.0,0.0,1.0,0.0,0.15408163265306124,0.1818181818181818,0.09090909090909091,0.0,0.0,3,3,0,1,0,0,0,1,0.0,0.0,0.0003319636013832428,345000.0
10658326,0,0.0,1.0,0.0,0.0,0.0,0.0,0.0,0.0,1.0,0.0,0.0,0.0,0.0,0.0,0.0,0.0,0.0,1.0,0.10510204081632654,0.1818181818181818,0.09090909090909091,0.0,0.05555555555555555,0,0,1,1,0,0,0,1,0.0,0.12,0.0,288019.0
10658325,0,0.0,1.0,0.0,0.0,0.0,0.0,0.0,0.0,1.0,0.0,0.0,0.0,0.0,0.0,0.0,0.0,0.0,1.0,0.08775510204081632,0.09090909090909091,0.09090909090909091,0.0,0.05555555555555555,0,0,1,1,0,0,1,1,0.05,0.06,0.0,269730.0
10658327,0,0.0,1.0,0.0,0.0,0.0,0.0,0.0,0.0,1.0,0.0,0.0,0.0,0.0,0.0,0.0,0.0,0.0,1.0,0.10510204081632654,0.1818181818181818,0.09090909090909091,0.0,0.05555555555555555,0,0,1,1,0,0,0,1,0.0,0.12,0.0,291199.0
10658351,1,0.0,1.0,0.0,0.0,0.0,1.0,0.0,0.0,0.0,0.0,0.0,0.0,0.0,0.0,0.0,0.0,0.0,1.0,0.32857142857142857,0.2727272727272727,0.18181818181818182,0.0,0.16666666666666666,3,3,0,0,0,1,0,1,0.0,0.7000000000000001,0.0011490342335171361,835000.0
10658352,1,0.0,0.0,1.0,0.0,0.0,0.0,0.0,1.0,0.0,0.0,0.0,0.0,0.0,0.0,0.0,0.0,0.0,1.0,0.10306122448979593,0.1818181818181818,0.09090909090909091,0.0,0.05555555555555555,0,3,0,1,0,0,0,1,0.0,0.0,0.0005043645877369712,179000.0
10658342,1,0.0,0.0,1.0,0.0,0.0,0.0,0.0,0.0,0.0,0.0,0.0,0.0,1.0,0.0,0.0,0.0,0.0,1.0,0.12244897959183676,0.09090909090909091,0.09090909090909091,0.0,0.05555555555555555,0,0,0,0,0,0,1,1,0.04,0.12,0.00016964990678425393,259500.0
10658328,0,0.0,1.0,0.0,0.0,0.0,0.0,0.0,0.0,1.0,0.0,0.0,0.0,0.0,0.0,0.0,0.0,0.0,1.0,0.17755102040816328,0.1818181818181818,0.09090909090909091,0.0,0.0,0,0,1,1,0,0,0,1,0.0,0.13,0.0,299553.0
10658353,1,0.0,1.0,0.0,0.0,0.0,0.0,1.0,0.0,0.0,0.0,0.0,0.0,0.0,0.0,0.0,0.0,1.0,0.0,0.1622448979591837,0.36363636363636365,0.09090909090909091,0.0,0.16666666666666666,3,2,0,0,0,0,1,1,0.05,0.5,0.00011554534191792429,330000.0
10658356,1,0.0,0.0,1.0,0.0,0.0,0.0,0.0,1.0,0.0,0.0,0.0,0.0,0.0,0.0,0.0,0.0,0.0,1.0,0.163265306122449,0.36363636363636365,0.18181818181818182,0.0,0.1111111111111111,3,5,0,0,0,0,1,1,0.04,0.24,0.00018340530463162587,315000.0
10658358,1,0.0,0.0,1.0,0.0,0.0,0.0,0.0,1.0,0.0,0.0,0.0,0.0,0.0,0.0,0.0,0.0,1.0,0.0,0.1326530612244898,0.2727272727272727,0.18181818181818182,0.0,0.1111111111111111,3,2,0,0,0,0,0,1,0.0,0.33,0.0009720481145476171,300000.0
10658357,1,0.0,0.0,1.0,0.0,0.0,0.0,0.0,1.0,0.0,0.0,0.0,0.0,0.0,0.0,0.0,0.0,1.0,0.0,0.1326530612244898,0.2727272727272727,0.18181818181818182,0.0,0.1111111111111111,0,2,0,0,0,0,0,1,0.0,0.33,0.0,250000.0
10658362,0,0.0,0.0,1.0,0.0,0.0,0.0,0.0,0.0,0.0,1.0,0.0,0.0,0.0,0.0,0.0,0.0,0.0,1.0,0.04693877551020408,0.09090909090909091,0.0,0.07142857142857142,0.05555555555555555,3,4,0,0,0,0,0,0,0.0,0.0,0.0,189000.0
10658363,1,0.0,0.0,1.0,0.0,0.0,0.0,0.0,0.0,0.0,1.0,0.0,0.0,0.0,0.0,0.0,0.0,0.0,1.0,0.15816326530612246,0.2727272727272727,0.09090909090909091,0.07142857142857142,0.1111111111111111,3,3,0,0,0,0,1,1,1.0,1.0,0.0025832637157364503,479000.0
10658359,0,0.0,1.0,0.0,1.0,0.0,0.0,0.0,0.0,0.0,0.0,0.0,0.0,0.0,0.0,0.0,1.0,0.0,0.0,0.04591836734693878,0.09090909090909091,0.09090909090909091,0.0,0.05555555555555555,2,2,0,1,0,0,0,0,0.0,0.0,0.0,199000.0
10658365,1,0.0,1.0,0.0,0.0,0.0,1.0,0.0,0.0,0.0,0.0,0.0,0.0,0.0,0.0,0.0,0.0,0.0,1.0,0.1326530612244898,0.1818181818181818,0.09090909090909091,0.0,0.05555555555555555,3,5,0,0,0,1,1,1,0.2,0.25,0.00028886335479481076,292000.0
10658366,0,0.0,0.0,1.0,0.0,0.0,0.0,0.0,0.0,0.0,0.0,0.0,0.0,1.0,0.0,0.0,0.0,0.0,1.0,0.04795918367346939,0.0,0.09090909090909091,0.0,0.05555555555555555,3,2,1,1,0,0,1,1,0.1,0.15,0.0,245000.0
10658364,0,0.0,0.0,1.0,0.0,0.0,0.0,0.0,0.0,0.0,0.0,0.0,0.0,1.0,0.0,0.0,0.0,0.0,1.0,0.1836734693877551,0.09090909090909091,0.09090909090909091,0.0,0.1111111111111111,0,3,1,1,0,0,1,1,0.3,1.0,0.0,465000.0
10658372,1,0.0,0.0,1.0,0.0,0.0,0.0,0.0,1.0,0.0,0.0,0.0,0.0,0.0,0.0,0.0,1.0,0.0,0.0,0.1836734693877551,0.1818181818181818,0.09090909090909091,0.0,0.05555555555555555,2,3,0,1,0,0,1,1,0.12,0.25,0.00011004318277897552,295000.0
10658367,0,0.0,0.0,1.0,0.0,0.0,0.0,0.0,0.0,0.0,0.0,0.0,0.0,1.0,0.0,0.0,0.0,0.0,1.0,0.14285714285714288,0.1818181818181818,0.18181818181818182,0.0,0.0,3,2,1,1,0,0,0,0,0.0,0.0,0.0,425000.0
10658377,0,0.0,1.0,0.0,1.0,0.0,0.0,0.0,0.0,0.0,0.0,0.0,0.0,0.0,0.0,0.0,0.0,0.0,1.0,0.08673469387755103,0.1818181818181818,0.09090909090909091,0.0,0.0,0,6,0,1,0,0,0,1,0.0,0.0,0.0,250000.0
10658378,0,0.0,1.0,0.0,1.0,0.0,0.0,0.0,0.0,0.0,0.0,0.0,0.0,0.0,0.0,0.0,0.0,0.0,1.0,0.06836734693877553,0.0,0.09090909090909091,0.0,0.05555555555555555,3,0,0,0,0,0,0,0,0.0,0.0,0.0,225000.0
10658381,1,0.0,0.0,1.0,0.0,0.0,0.0,0.0,0.0,0.0,1.0,0.0,0.0,0.0,0.0,0.0,0.0,0.0,1.0,0.1326530612244898,0.1818181818181818,0.09090909090909091,0.0,0.1111111111111111,0,4,0,0,0,0,1,1,0.0,0.0,0.001027986732460263,365000.0
10658379,1,0.0,1.0,0.0,1.0,0.0,0.0,0.0,0.0,0.0,0.0,0.0,0.0,0.0,0.0,0.0,0.0,0.0,1.0,0.22448979591836737,0.1818181818181818,0.09090909090909091,0.0,0.1111111111111111,4,4,0,1,0,0,1,0,0.0,0.0,0.0005621372586959333,445000.0
10658417,0,0.0,1.0,0.0,0.0,0.0,1.0,0.0,0.0,0.0,0.0,0.0,0.0,0.0,0.0,0.0,1.0,0.0,0.0,0.08571428571428572,0.1818181818181818,0.18181818181818182,0.0,0.1111111111111111,1,0,1,0,0,0,0,1,0.0,0.26,0.0,385000.0
10658416,0,0.0,1.0,0.0,0.0,0.0,1.0,0.0,0.0,0.0,0.0,0.0,0.0,0.0,0.0,0.0,1.0,0.0,0.0,0.07142857142857142,0.09090909090909091,0.09090909090909091,0.0,0.1111111111111111,1,0,1,0,0,0,0,1,0.0,0.11,0.0,310000.0
10658421,0,0.0,1.0,0.0,0.0,0.0,1.0,0.0,0.0,0.0,0.0,0.0,0.0,0.0,0.0,0.0,1.0,0.0,0.0,0.07142857142857142,0.09090909090909091,0.09090909090909091,0.0,0.1111111111111111,1,0,1,0,0,0,0,1,0.0,0.11,0.0,320000.0
10658420,0,0.0,1.0,0.0,0.0,0.0,1.0,0.0,0.0,0.0,0.0,0.0,0.0,0.0,0.0,0.0,1.0,0.0,0.0,0.09285714285714286,0.1818181818181818,0.18181818181818182,0.0,0.1111111111111111,1,0,1,0,0,0,0,1,0.0,0.27,0.0,400000.0
10658419,0,0.0,1.0,0.0,0.0,0.0,1.0,0.0,0.0,0.0,0.0,0.0,0.0,0.0,0.0,0.0,1.0,0.0,0.0,0.08265306122448982,0.1818181818181818,0.18181818181818182,0.0,0.1111111111111111,1,0,1,0,0,0,0,1,0.0,0.13,0.0,355000.0
10658418,0,0.0,1.0,0.0,0.0,0.0,1.0,0.0,0.0,0.0,0.0,0.0,0.0,0.0,0.0,0.0,1.0,0.0,0.0,0.06428571428571428,0.09090909090909091,0.09090909090909091,0.0,0.05555555555555555,1,0,1,0,0,0,0,1,0.0,0.15,0.0,320000.0
10658412,1,0.0,1.0,0.0,0.0,0.0,0.0,0.0,0.0,0.0,0.0,0.0,0.0,0.0,1.0,0.0,0.0,0.0,1.0,0.034693877551020415,0.09090909090909091,0.09090909090909091,0.0,0.05555555555555555,3,5,0,1,0,0,0,0,0.0,0.0,0.0,165000.0
10658422,0,0.0,1.0,0.0,0.0,0.0,1.0,0.0,0.0,0.0,0.0,0.0,0.0,0.0,0.0,0.0,1.0,0.0,0.0,0.10816326530612247,0.09090909090909091,0.09090909090909091,0.0,0.05555555555555555,1,0,1,0,0,0,0,1,0.0,0.19,0.0,435000.0
10658423,0,0.0,1.0,0.0,0.0,0.0,1.0,0.0,0.0,0.0,0.0,0.0,0.0,0.0,0.0,0.0,1.0,0.0,0.0,0.05408163265306123,0.09090909090909091,0.09090909090909091,0.0,0.05555555555555555,1,0,1,0,0,0,0,1,0.0,0.14,0.0,280000.0
10658424,0,0.0,1.0,0.0,0.0,0.0,1.0,0.0,0.0,0.0,0.0,0.0,0.0,0.0,0.0,0.0,1.0,0.0,0.0,0.04081632653061225,0.0,0.09090909090909091,0.0,0.05555555555555555,1,0,1,0,0,0,0,1,0.0,0.1,0.0,250000.0
10658427,0,1.0,0.0,0.0,0.0,1.0,0.0,0.0,0.0,0.0,0.0,0.0,0.0,0.0,0.0,0.0,1.0,0.0,0.0,0.1285714285714286,0.09090909090909091,0.09090909090909091,0.0,0.05555555555555555,3,4,1,1,0,0,0,1,0.0,0.1,0.0,395000.0
10658428,0,0.0,0.0,1.0,0.0,0.0,0.0,0.0,0.0,0.0,1.0,0.0,0.0,0.0,0.0,1.0,0.0,0.0,0.0,0.05612244897959184,0.09090909090909091,0.09090909090909091,0.0,0.05555555555555555,3,3,0,1,0,0,0,0,0.0,0.0,0.0,190000.0
10658433,1,0.0,0.0,1.0,0.0,0.0,0.0,0.0,0.0,0.0,0.0,0.0,1.0,0.0,0.0,0.0,0.0,0.0,1.0,0.10714285714285715,0.1818181818181818,0.09090909090909091,0.0,0.05555555555555555,5,7,0,1,0,0,1,0,0.342,0.0,0.0006923550249843877,265000.0
10658429,0,1.0,0.0,0.0,0.0,1.0,0.0,0.0,0.0,0.0,0.0,0.0,0.0,0.0,0.0,0.0,1.0,0.0,0.0,0.10102040816326532,0.09090909090909091,0.18181818181818182,0.07142857142857142,0.1111111111111111,1,4,0,0,0,0,0,1,0.0,0.15,0.0,495000.0
10658434,0,0.0,1.0,0.0,1.0,0.0,0.0,0.0,0.0,0.0,0.0,0.0,0.0,0.0,0.0,0.0,0.0,1.0,0.0,0.0816326530612245,0.1818181818181818,0.09090909090909091,0.0,0.1111111111111111,1,2,1,1,0,0,0,0,0.0,0.0,0.0,285000.0
10658435,0,0.0,1.0,0.0,1.0,0.0,0.0,0.0,0.0,0.0,0.0,0.0,0.0,0.0,0.0,0.0,0.0,1.0,0.0,0.07244897959183674,0.09090909090909091,0.09090909090909091,0.0,0.05555555555555555,1,4,0,1,0,0,0,1,0.0,0.03,0.0,210000.0
10658437,1,0.0,1.0,0.0,0.0,0.0,0.0,1.0,0.0,0.0,0.0,0.0,0.0,0.0,0.0,0.0,0.0,0.0,1.0,0.1285714285714286,0.09090909090909091,0.18181818181818182,0.0,0.1111111111111111,5,6,0,1,0,0,0,0,0.0,0.0,0.0004034916701895769,269000.0
10658443,1,0.0,1.0,0.0,1.0,0.0,0.0,0.0,0.0,0.0,0.0,0.0,0.0,0.0,0.0,0.0,0.0,0.0,1.0,0.12346938775510205,0.1818181818181818,0.09090909090909091,0.0,0.0,3,4,0,1,0,0,1,1,0.0,0.0,0.0003227933361516615,395000.0
10658440,1,0.0,0.0,1.0,0.0,0.0,0.0,0.0,0.0,0.0,0.0,0.0,0.0,1.0,0.0,0.0,0.0,0.0,1.0,0.1836734693877551,0.5454545454545454,0.18181818181818182,0.0,0.0,0,3,0,0,0,0,0,0,0.0,0.0,0.00031178901787376397,350000.0
10658447,1,0.0,0.0,1.0,0.0,0.0,0.0,0.0,0.0,0.0,1.0,0.0,0.0,0.0,0.0,0.0,0.0,0.0,1.0,0.1816326530612245,0.2727272727272727,0.09090909090909091,0.0,0.05555555555555555,4,6,0,1,0,0,1,0,0.535,0.0,0.000609822637900156,230000.0
10658444,0,0.0,1.0,0.0,0.0,0.0,0.0,0.0,0.0,1.0,0.0,0.0,0.0,0.0,0.0,0.0,0.0,1.0,0.0,0.22040816326530616,0.36363636363636365,0.18181818181818182,0.14285714285714285,0.16666666666666666,1,1,0,0,0,0,1,0,0.26,0.0,0.0,980000.0
10658455,1,0.0,0.0,1.0,0.0,0.0,0.0,0.0,0.0,0.0,0.0,0.0,1.0,0.0,0.0,0.0,0.0,0.0,1.0,0.16836734693877553,0.1818181818181818,0.09090909090909091,0.0,0.1111111111111111,3,3,0,1,0,0,0,0,0.0,0.0,0.0021421739580973903,420000.0
10658454,0,1.0,0.0,0.0,0.0,1.0,0.0,0.0,0.0,0.0,0.0,0.0,0.0,0.0,0.0,0.0,1.0,0.0,0.0,0.19387755102040818,0.1818181818181818,0.18181818181818182,0.0,0.16666666666666666,2,3,0,1,0,0,1,0,0.15,0.0,0.0,795000.0
10658450,1,0.0,0.0,1.0,0.0,0.0,0.0,0.0,1.0,0.0,0.0,0.0,0.0,0.0,0.0,0.0,0.0,1.0,0.0,0.09387755102040818,0.1818181818181818,0.09090909090909091,0.07142857142857142,0.1111111111111111,2,3,0,1,0,0,1,1,0.058,0.1,0.00010912615625581739,204900.0
10658461,1,0.0,1.0,0.0,0.0,0.0,0.0,0.0,0.0,0.0,0.0,0.0,0.0,0.0,1.0,0.0,0.0,1.0,0.0,0.1510204081632653,0.1818181818181818,0.0,0.0,0.0,1,3,0,0,0,0,0,1,0.0,0.0,0.0008051492873328375,461900.0
10658460,1,0.0,1.0,0.0,0.0,0.0,0.0,0.0,0.0,0.0,0.0,0.0,0.0,0.0,1.0,0.0,0.0,1.0,0.0,0.1510204081632653,0.1818181818181818,0.0,0.0,0.0,1,3,0,0,0,0,0,1,0.0,0.0,0.0008051492873328375,461900.0
10658462,1,0.0,0.0,1.0,0.0,0.0,0.0,0.0,1.0,0.0,0.0,0.0,0.0,0.0,0.0,0.0,0.0,0.0,1.0,0.1836734693877551,0.2727272727272727,0.0,0.07142857142857142,0.05555555555555555,0,3,0,0,0,0,0,1,0.0,0.0,0.0,240000.0
10658482,1,1.0,0.0,0.0,0.0,1.0,0.0,0.0,0.0,0.0,0.0,0.0,0.0,0.0,0.0,0.0,0.0,0.0,1.0,0.23265306122448984,0.2727272727272727,0.18181818181818182,0.14285714285714285,0.16666666666666666,1,4,0,0,0,0,1,1,0.06,0.0,0.0001375539784737194,1100000.0
10658466,1,0.0,0.0,1.0,0.0,0.0,0.0,0.0,0.0,0.0,0.0,0.0,0.0,1.0,0.0,0.0,0.0,1.0,0.0,0.1306122448979592,0.2727272727272727,0.09090909090909091,0.0,0.1111111111111111,0,3,0,1,0,0,1,1,0.0,0.44,0.0007125296084938665,525000.0
10658476,1,0.0,0.0,1.0,0.0,0.0,0.0,0.0,0.0,0.0,0.0,1.0,0.0,0.0,0.0,0.0,0.0,0.0,1.0,0.19387755102040818,0.2727272727272727,0.09090909090909091,0.07142857142857142,0.1111111111111111,1,1,0,1,0,0,1,0,0.0,0.0,0.0013727887051677196,450000.0
10658486,0,0.0,1.0,0.0,0.0,0.0,1.0,0.0,0.0,0.0,0.0,0.0,0.0,0.0,0.0,0.0,0.0,1.0,0.0,0.08469387755102042,0.09090909090909091,0.0,0.07142857142857142,0.05555555555555555,3,2,1,1,0,0,1,1,0.0,0.1,0.0,248000.0
10658473,1,1.0,0.0,0.0,0.0,1.0,0.0,0.0,0.0,0.0,0.0,0.0,0.0,0.0,0.0,0.0,1.0,0.0,0.0,0.45918367346938777,0.6363636363636364,0.36363636363636365,0.0,0.2222222222222222,3,7,0,1,0,0,0,0,0.0,0.0,0.0004722686594264366,875000.0
10658484,1,0.0,1.0,0.0,0.0,0.0,1.0,0.0,0.0,0.0,0.0,0.0,0.0,0.0,0.0,0.0,0.0,0.0,1.0,0.11938775510204083,0.1818181818181818,0.09090909090909091,0.0,0.1111111111111111,1,2,0,0,0,0,1,1,0.171,0.2,0.00022742257774321608,330000.0
10658487,0,0.0,1.0,0.0,0.0,0.0,1.0,0.0,0.0,0.0,0.0,0.0,0.0,0.0,0.0,1.0,0.0,0.0,0.0,0.04081632653061225,0.0,0.09090909090909091,0.0,0.05555555555555555,1,0,1,0,0,0,0,1,0.0,0.1,0.0,250000.0
10658485,1,0.0,1.0,0.0,0.0,0.0,0.0,1.0,0.0,0.0,0.0,0.0,0.0,0.0,0.0,0.0,0.0,0.0,1.0,0.20204081632653065,0.2727272727272727,0.18181818181818182,0.07142857142857142,0.1111111111111111,1,2,0,0,0,0,0,1,0.0,0.0,0.001609381548142517,795000.0
10658498,1,0.0,1.0,0.0,0.0,0.0,0.0,1.0,0.0,0.0,0.0,0.0,0.0,0.0,0.0,0.0,1.0,0.0,0.0,0.09285714285714286,0.1818181818181818,0.09090909090909091,0.0,0.1111111111111111,3,4,0,0,0,0,1,0,0.073,0.0,0.00012013047453371494,379000.0
10658489,0,0.0,1.0,0.0,0.0,0.0,1.0,0.0,0.0,0.0,0.0,0.0,0.0,0.0,0.0,1.0,0.0,0.0,0.0,0.08571428571428572,0.1818181818181818,0.18181818181818182,0.0,0.1111111111111111,1,0,1,0,0,0,0,1,0.0,0.26,0.0,385000.0
10658488,0,0.0,1.0,0.0,0.0,0.0,1.0,0.0,0.0,0.0,0.0,0.0,0.0,0.0,0.0,1.0,0.0,0.0,0.0,0.07142857142857142,0.09090909090909091,0.09090909090909091,0.0,0.1111111111111111,1,0,1,0,0,0,0,1,0.0,0.11,0.0,310000.0
10658509,1,0.0,0.0,1.0,0.0,0.0,0.0,0.0,1.0,0.0,0.0,0.0,0.0,0.0,0.0,0.0,0.0,0.0,1.0,0.19387755102040818,0.2727272727272727,0.09090909090909091,0.14285714285714285,0.16666666666666666,3,4,0,1,1,0,1,1,0.0,1.0,0.0026364512540796217,685000.0
10658503,1,0.0,1.0,0.0,0.0,0.0,1.0,0.0,0.0,0.0,0.0,0.0,0.0,0.0,0.0,1.0,0.0,0.0,0.0,0.04693877551020408,0.09090909090909091,0.09090909090909091,0.0,0.0,2,4,0,0,0,0,0,1,0.0,0.01,2.475971612526949e-05,235000.0
10658502,0,0.0,0.0,1.0,0.0,0.0,0.0,0.0,1.0,0.0,0.0,0.0,0.0,0.0,0.0,0.0,0.0,0.0,1.0,0.06326530612244899,0.09090909090909091,0.0,0.0,0.0,0,2,0,1,0,0,0,1,0.0,0.0,0.0,170000.0
10658508,1,0.0,0.0,1.0,0.0,0.0,0.0,0.0,0.0,0.0,1.0,0.0,0.0,0.0,0.0,0.0,0.0,0.0,1.0,0.14285714285714288,0.1818181818181818,0.0,0.0,0.0,0,0,0,0,0,0,1,0,0.0,0.0,0.002155012329421604,404915.0
10658506,1,0.0,0.0,1.0,0.0,0.0,0.0,0.0,0.0,0.0,0.0,0.0,0.0,1.0,0.0,0.0,0.0,0.0,1.0,0.1836734693877551,0.2727272727272727,0.18181818181818182,0.0,0.0,3,4,0,1,0,0,1,1,0.0,0.0,0.0006034034522380491,640000.0
10658515,1,0.0,0.0,1.0,0.0,0.0,0.0,0.0,1.0,0.0,0.0,0.0,0.0,0.0,0.0,0.0,0.0,0.0,1.0,0.43775510204081636,0.36363636363636365,0.0,0.07142857142857142,0.16666666666666666,1,3,0,0,0,0,1,1,0.845,0.28,0.0018037911710520405,559000.0
10658505,0,0.0,0.0,1.0,0.0,0.0,0.0,0.0,0.0,0.0,0.0,0.0,1.0,0.0,0.0,0.0,0.0,0.0,1.0,0.09183673469387757,0.09090909090909091,0.09090909090909091,0.0,0.05555555555555555,0,2,1,0,0,0,0,1,0.0,0.03,0.0,245000.0
10658517,0,1.0,0.0,0.0,0.0,1.0,0.0,0.0,0.0,0.0,0.0,0.0,0.0,0.0,0.0,1.0,0.0,0.0,0.0,0.05816326530612246,0.0,0.09090909090909091,0.07142857142857142,0.05555555555555555,1,4,1,0,0,0,0,0,0.0,0.0,0.0,325000.0
10658510,1,1.0,0.0,0.0,0.0,1.0,0.0,0.0,0.0,0.0,0.0,0.0,0.0,0.0,0.0,0.0,1.0,0.0,0.0,0.12244897959183676,0.1818181818181818,0.0,0.14285714285714285,0.05555555555555555,3,5,0,1,0,0,0,0,0.0,0.0,0.0,410000.0
10658537,1,0.0,0.0,1.0,0.0,0.0,0.0,0.0,0.0,0.0,1.0,0.0,0.0,0.0,0.0,0.0,1.0,0.0,0.0,0.08571428571428572,0.1818181818181818,0.09090909090909091,0.07142857142857142,0.1111111111111111,3,4,0,1,0,0,1,1,0.145,0.17,0.00018340530463162587,139000.0
10658536,0,0.0,1.0,0.0,0.0,0.0,0.0,0.0,0.0,1.0,0.0,0.0,0.0,0.0,0.0,0.0,0.0,1.0,0.0,0.0653061224489796,0.09090909090909091,0.09090909090909091,0.0,0.1111111111111111,0,3,1,1,0,0,0,1,0.0,0.04,0.0,235000.0
10658542,1,0.0,1.0,0.0,0.0,0.0,0.0,0.0,0.0,0.0,0.0,0.0,0.0,0.0,1.0,0.0,0.0,0.0,1.0,0.15306122448979595,0.2727272727272727,0.09090909090909091,0.0,0.05555555555555555,3,6,0,1,0,0,1,1,0.0,0.0,0.0,349000.0
10658530,0,0.0,1.0,0.0,0.0,0.0,0.0,0.0,0.0,0.0,0.0,0.0,0.0,0.0,1.0,0.0,0.0,1.0,0.0,0.06122448979591837,0.09090909090909091,0.09090909090909091,0.0,0.05555555555555555,3,2,1,1,0,0,0,0,0.0,0.0,0.0,249000.0
10658548,1,0.0,1.0,0.0,0.0,0.0,0.0,0.0,0.0,1.0,0.0,0.0,0.0,0.0,0.0,0.0,0.0,0.0,1.0,0.17551020408163268,0.1818181818181818,0.09090909090909091,0.0,0.05555555555555555,5,6,0,1,0,0,0,1,0.0,0.0,0.001027986732460263,229000.0
10658544,0,0.0,0.0,1.0,0.0,0.0,0.0,0.0,0.0,0.0,0.0,0.0,0.0,1.0,0.0,0.0,0.0,0.0,1.0,0.06122448979591837,0.09090909090909091,0.09090909090909091,0.0,0.0,6,2,1,1,0,0,0,1,0.0,0.16,0.0,235000.0
10527479,1,0.0,0.0,1.0,0.0,0.0,0.0,0.0,1.0,0.0,0.0,0.0,0.0,0.0,0.0,0.0,0.0,1.0,0.0,0.1836734693877551,0.1818181818181818,0.09090909090909091,0.0,0.0,0,7,0,0,0,0,0,0,0.0,0.0,0.0006144077705159467,100000.0
10658543,0,0.0,1.0,0.0,1.0,0.0,0.0,0.0,0.0,0.0,0.0,0.0,0.0,0.0,0.0,0.0,0.0,1.0,0.0,0.05306122448979592,0.09090909090909091,0.09090909090909091,0.0,0.05555555555555555,2,2,0,0,0,0,0,0,0.0,0.0,0.0,199000.0
10658553,1,0.0,1.0,0.0,1.0,0.0,0.0,0.0,0.0,0.0,0.0,0.0,0.0,0.0,0.0,0.0,0.0,0.0,1.0,0.13367346938775512,0.1818181818181818,0.09090909090909091,0.0,0.05555555555555555,5,3,0,1,0,0,1,0,0.09,0.0,0.00019257556986320717,299000.0
10658555,1,0.0,0.0,1.0,0.0,0.0,0.0,0.0,0.0,0.0,1.0,0.0,0.0,0.0,0.0,0.0,0.0,0.0,1.0,0.04081632653061225,0.09090909090909091,0.09090909090909091,0.0,0.05555555555555555,5,7,0,1,0,0,0,0,0.0,0.0,0.00041449598846747445,110000.0
10658557,0,0.0,1.0,0.0,0.0,0.0,0.0,0.0,0.0,0.0,0.0,0.0,0.0,0.0,1.0,0.0,0.0,0.0,1.0,0.0673469387755102,0.09090909090909091,0.0,0.0,0.05555555555555555,3,5,1,0,0,0,0,0,0.0,0.0,0.0,159000.0
10658551,1,0.0,0.0,1.0,0.0,0.0,0.0,0.0,0.0,0.0,0.0,0.0,1.0,0.0,0.0,0.0,0.0,0.0,1.0,0.11224489795918369,0.1818181818181818,0.09090909090909091,0.07142857142857142,0.05555555555555555,1,1,0,0,0,0,1,1,0.39,0.2,0.00035764034403167045,269800.0
10658558,1,0.0,1.0,0.0,0.0,0.0,0.0,0.0,0.0,0.0,0.0,0.0,0.0,0.0,1.0,0.0,0.0,0.0,1.0,0.11020408163265308,0.1818181818181818,0.0,0.0,0.05555555555555555,4,6,0,0,0,0,1,1,0.0,0.0,0.0006620931497201694,279000.0
10658560,0,1.0,0.0,0.0,0.0,1.0,0.0,0.0,0.0,0.0,0.0,0.0,0.0,0.0,0.0,0.0,0.0,1.0,0.0,0.09183673469387757,0.1818181818181818,0.09090909090909091,0.0,0.05555555555555555,3,7,1,1,0,0,0,1,0.0,0.09,0.0,325000.0
10658556,1,0.0,0.0,1.0,0.0,0.0,0.0,0.0,0.0,0.0,1.0,0.0,0.0,0.0,0.0,0.0,0.0,0.0,1.0,0.10204081632653061,0.09090909090909091,0.09090909090909091,0.0,0.05555555555555555,3,3,0,1,0,0,1,1,0.025,0.25,0.00010087291754739423,219500.0
10658563,0,1.0,0.0,0.0,0.0,1.0,0.0,0.0,0.0,0.0,0.0,0.0,0.0,0.0,0.0,0.0,0.0,0.0,1.0,0.16122448979591839,0.1818181818181818,0.09090909090909091,0.07142857142857142,0.16666666666666666,5,5,1,1,0,0,0,1,0.0,0.05,0.0,775000.0
10658568,1,0.0,0.0,1.0,0.0,0.0,0.0,0.0,1.0,0.0,0.0,0.0,0.0,0.0,0.0,0.0,1.0,0.0,0.0,0.2857142857142857,0.6363636363636364,0.18181818181818182,0.0,0.16666666666666666,0,0,0,0,0,0,0,0,0.0,0.0,7.15280688063341e-05,155000.0
10658570,1,0.0,0.0,1.0,0.0,0.0,0.0,0.0,1.0,0.0,0.0,0.0,0.0,0.0,0.0,0.0,0.0,0.0,1.0,0.15714285714285717,0.1818181818181818,0.09090909090909091,0.07142857142857142,0.1111111111111111,1,2,0,0,0,0,0,0,0.0,0.0,0.0,255000.0
10658567,1,0.0,1.0,0.0,0.0,0.0,0.0,0.0,0.0,1.0,0.0,0.0,0.0,0.0,0.0,0.0,0.0,0.0,1.0,0.17346938775510207,0.1818181818181818,0.09090909090909091,0.0,0.1111111111111111,3,2,0,1,0,0,1,1,0.0,0.0,0.0004025746436664188,449000.0
10658564,1,0.0,1.0,0.0,0.0,0.0,0.0,1.0,0.0,0.0,0.0,0.0,0.0,0.0,0.0,0.0,1.0,0.0,0.0,0.2602040816326531,0.2727272727272727,0.18181818181818182,0.0,0.0,4,4,0,0,0,0,0,1,0.0,0.0,0.0004997794551211805,575000.0
10658571,0,1.0,0.0,0.0,0.0,1.0,0.0,0.0,0.0,0.0,0.0,0.0,0.0,0.0,0.0,0.0,0.0,0.0,1.0,0.163265306122449,0.1818181818181818,0.18181818181818182,0.14285714285714285,0.1111111111111111,2,6,1,0,0,0,0,1,0.0,0.15,0.0,599000.0
10658569,0,0.0,0.0,1.0,0.0,0.0,0.0,0.0,1.0,0.0,0.0,0.0,0.0,0.0,0.0,0.0,1.0,0.0,0.0,0.2857142857142857,0.6363636363636364,0.18181818181818182,0.0,0.16666666666666666,0,0,0,0,0,0,0,0,0.0,0.0,0.0,155000.0
10658582,1,0.0,1.0,0.0,1.0,0.0,0.0,0.0,0.0,0.0,0.0,0.0,0.0,0.0,0.0,0.0,0.0,0.0,1.0,0.4897959183673469,0.2727272727272727,0.2727272727272727,0.0,0.0,1,0,0,0,0,0,0,1,0.0,0.0,0.003516796716311426,2249000.0
10658580,1,0.0,1.0,0.0,1.0,0.0,0.0,0.0,0.0,0.0,0.0,0.0,0.0,0.0,0.0,0.0,0.0,0.0,1.0,0.08979591836734696,0.1818181818181818,0.09090909090909091,0.0,0.0,4,6,0,1,0,0,0,0,0.0,0.0,0.0002521822938684856,345000.0
10658574,1,0.0,0.0,1.0,0.0,0.0,0.0,0.0,0.0,0.0,0.0,0.0,0.0,1.0,0.0,0.0,0.0,0.0,1.0,0.28061224489795916,0.4545454545454545,0.36363636363636365,0.0,0.0,1,3,0,1,0,0,1,1,0.0,0.0,0.0006868528658454389,1145000.0
10658585,1,0.0,1.0,0.0,0.0,0.0,0.0,1.0,0.0,0.0,0.0,0.0,0.0,0.0,0.0,0.0,1.0,0.0,0.0,0.3326530612244898,0.36363636363636365,0.18181818181818182,0.0,0.16666666666666666,3,3,0,1,0,0,1,1,1.0,0.7000000000000001,0.001659818006916214,970000.0
10658583,1,0.0,0.0,1.0,0.0,0.0,0.0,0.0,0.0,0.0,1.0,0.0,0.0,0.0,0.0,0.0,0.0,0.0,1.0,0.12244897959183676,0.09090909090909091,0.18181818181818182,0.0,0.1111111111111111,3,5,0,1,0,0,1,0,0.0,0.0,0.0003090379383042896,175000.0
10658586,1,0.0,1.0,0.0,1.0,0.0,0.0,0.0,0.0,0.0,0.0,0.0,0.0,0.0,0.0,0.0,0.0,0.0,1.0,0.3948979591836735,0.1818181818181818,0.09090909090909091,0.0,0.1111111111111111,1,2,0,1,0,0,1,0,0.0,0.0,0.0014433997474508956,645000.0
10658595,0,1.0,0.0,0.0,0.0,1.0,0.0,0.0,0.0,0.0,0.0,0.0,0.0,0.0,0.0,0.0,1.0,0.0,0.0,0.07653061224489796,0.09090909090909091,0.09090909090909091,0.0,0.05555555555555555,0,5,0,1,0,0,0,0,0.0,0.0,0.0,255000.0
10658597,0,0.0,1.0,0.0,0.0,0.0,0.0,1.0,0.0,0.0,0.0,0.0,0.0,0.0,0.0,0.0,0.0,1.0,0.0,0.07653061224489796,0.09090909090909091,0.09090909090909091,0.0,0.05555555555555555,0,0,0,1,0,0,0,0,0.0,0.0,0.0,255000.0
10658598,0,0.0,1.0,0.0,0.0,0.0,0.0,1.0,0.0,0.0,0.0,0.0,0.0,0.0,0.0,0.0,0.0,1.0,0.0,0.0816326530612245,0.1818181818181818,0.09090909090909091,0.0,0.05555555555555555,0,0,0,1,0,0,0,0,0.0,0.0,0.0,279000.0
10658599,0,1.0,0.0,0.0,0.0,1.0,0.0,0.0,0.0,0.0,0.0,0.0,0.0,0.0,0.0,0.0,1.0,0.0,0.0,0.0816326530612245,0.1818181818181818,0.09090909090909091,0.0,0.05555555555555555,0,3,0,1,0,0,0,0,0.0,0.0,0.0,279000.0
10658600,0,1.0,0.0,0.0,0.0,1.0,0.0,0.0,0.0,0.0,0.0,0.0,0.0,0.0,0.0,0.0,0.0,0.0,1.0,0.031632653061224494,0.09090909090909091,0.09090909090909091,0.0,0.05555555555555555,0,4,0,1,0,0,0,0,0.0,0.0,0.0,259000.0
10658613,1,0.0,1.0,0.0,0.0,0.0,0.0,1.0,0.0,0.0,0.0,0.0,0.0,0.0,0.0,0.0,1.0,0.0,0.0,0.09285714285714286,0.09090909090909091,0.09090909090909091,0.0,0.1111111111111111,3,2,0,0,0,0,1,1,0.501,0.28,0.0005447137547559288,399000.0
10658607,1,0.0,0.0,1.0,0.0,0.0,0.0,0.0,0.0,0.0,0.0,0.0,0.0,1.0,0.0,0.0,0.0,0.0,1.0,0.09183673469387757,0.1818181818181818,0.09090909090909091,0.0,0.05555555555555555,5,6,0,1,0,0,1,1,0.0,0.0,0.0004401727311159021,155000.0
10658614,0,0.0,0.0,1.0,0.0,0.0,0.0,0.0,0.0,0.0,1.0,0.0,0.0,0.0,0.0,0.0,0.0,1.0,0.0,0.07653061224489796,0.1818181818181818,0.09090909090909091,0.0,0.05555555555555555,3,4,1,0,0,0,0,1,0.0,0.03,0.0,142000.0
10658606,1,0.0,0.0,1.0,0.0,0.0,0.0,0.0,0.0,0.0,1.0,0.0,0.0,0.0,0.0,0.0,0.0,0.0,1.0,0.24693877551020413,0.09090909090909091,0.18181818181818182,0.07142857142857142,0.1111111111111111,1,1,0,0,0,1,1,1,1.0,0.35000000000000003,0.0013223522463940225,825000.0
10658618,0,0.0,1.0,0.0,0.0,0.0,0.0,1.0,0.0,0.0,0.0,0.0,0.0,0.0,0.0,0.0,0.0,0.0,1.0,0.04489795918367347,0.0,0.09090909090909091,0.0,0.05555555555555555,4,2,1,0,0,0,0,1,0.0,0.08,0.0,225000.0
10658623,1,0.0,1.0,0.0,0.0,0.0,0.0,0.0,0.0,0.0,0.0,0.0,0.0,0.0,1.0,0.0,0.0,1.0,0.0,0.5255102040816326,0.36363636363636365,0.36363636363636365,0.0,0.2777777777777778,1,2,0,0,1,0,1,1,0.0,0.0,0.001014231334612891,6495000.0
10658622,1,0.0,1.0,0.0,0.0,0.0,0.0,0.0,0.0,0.0,0.0,0.0,0.0,0.0,1.0,0.0,0.0,1.0,0.0,0.3918367346938776,0.4545454545454545,0.2727272727272727,0.0,0.2222222222222222,1,1,1,0,0,0,1,1,0.0,0.0,0.0005144518794917105,5650000.0
10658626,1,0.0,0.0,1.0,0.0,0.0,0.0,0.0,1.0,0.0,0.0,0.0,0.0,0.0,0.0,0.0,0.0,0.0,1.0,0.2448979591836735,0.1818181818181818,0.09090909090909091,0.07142857142857142,0.16666666666666666,0,2,0,0,1,0,1,1,0.8,0.3,0.0009628778493160358,498000.0
10658632,0,1.0,0.0,0.0,0.0,1.0,0.0,0.0,0.0,0.0,0.0,0.0,0.0,0.0,0.0,0.0,1.0,0.0,0.0,0.1326530612244898,0.0,0.09090909090909091,0.0,0.05555555555555555,1,7,0,0,0,0,0,1,0.0,0.33,0.0,395000.0
10658631,0,1.0,0.0,0.0,0.0,1.0,0.0,0.0,0.0,0.0,0.0,0.0,0.0,0.0,0.0,1.0,0.0,0.0,0.0,0.1326530612244898,0.09090909090909091,0.09090909090909091,0.0,0.05555555555555555,1,7,0,0,0,0,0,1,0.0,0.33,0.0,395000.0
10658629,1,0.0,0.0,1.0,0.0,0.0,0.0,0.0,1.0,0.0,0.0,0.0,0.0,0.0,0.0,0.0,0.0,0.0,1.0,0.07653061224489796,0.09090909090909091,0.09090909090909091,0.07142857142857142,0.0,0,7,0,0,0,0,1,0,0.715,0.0,0.0007079444758780758,130000.0
10658634,0,0.0,1.0,0.0,0.0,0.0,0.0,0.0,0.0,1.0,0.0,0.0,0.0,0.0,0.0,0.0,0.0,0.0,1.0,0.1,0.09090909090909091,0.09090909090909091,0.0,0.05555555555555555,1,1,0,0,0,0,0,1,0.0,0.0,0.0,319000.0
10658633,0,1.0,0.0,0.0,0.0,1.0,0.0,0.0,0.0,0.0,0.0,0.0,0.0,0.0,0.0,0.0,1.0,0.0,0.0,0.07448979591836735,0.1818181818181818,0.18181818181818182,0.0,0.05555555555555555,3,6,0,0,0,0,0,1,0.0,0.15,0.0,575000.0
10658641,1,0.0,0.0,1.0,0.0,0.0,0.0,0.0,0.0,0.0,1.0,0.0,0.0,0.0,0.0,0.0,0.0,0.0,1.0,0.1642857142857143,0.1818181818181818,0.09090909090909091,0.07142857142857142,0.1111111111111111,0,4,0,0,0,0,0,0,0.0,0.0,0.0007895598364391494,465000.0
10658646,1,0.0,1.0,0.0,0.0,0.0,0.0,0.0,0.0,1.0,0.0,0.0,0.0,0.0,0.0,0.0,0.0,0.0,1.0,0.12653061224489798,0.1818181818181818,0.09090909090909091,0.0,0.0,3,0,0,0,0,0,0,1,0.0,0.0,0.001155453419179243,380500.0
10658645,1,0.0,0.0,1.0,0.0,0.0,0.0,0.0,0.0,0.0,1.0,0.0,0.0,0.0,0.0,0.0,0.0,0.0,1.0,0.413265306122449,0.2727272727272727,0.09090909090909091,0.0,0.0,1,3,0,0,0,0,1,1,1.0,0.6,0.0032371036267481966,1499000.0
10658651,1,0.0,1.0,0.0,0.0,0.0,0.0,0.0,0.0,0.0,0.0,0.0,0.0,0.0,1.0,0.0,0.0,0.0,1.0,0.1326530612244898,0.1818181818181818,0.0,0.0,0.1111111111111111,1,2,0,0,0,0,0,1,0.0,0.0,0.00017423503940004458,279000.0
10658672,0,0.0,0.0,1.0,0.0,0.0,0.0,0.0,0.0,0.0,1.0,0.0,0.0,0.0,0.0,0.0,0.0,1.0,0.0,0.09285714285714286,0.1818181818181818,0.0,0.0,0.0,4,6,1,0,0,0,0,1,0.0,0.0,0.0,160000.0
10658674,0,0.0,0.0,1.0,0.0,0.0,0.0,0.0,0.0,0.0,1.0,0.0,0.0,0.0,0.0,0.0,0.0,1.0,0.0,0.09081632653061225,0.1818181818181818,0.18181818181818182,0.0,0.05555555555555555,1,0,1,0,0,1,0,1,0.0,0.19,0.0,239000.0
10658650,1,0.0,1.0,0.0,0.0,0.0,0.0,0.0,0.0,1.0,0.0,0.0,0.0,0.0,0.0,0.0,0.0,0.0,1.0,0.12653061224489798,0.1818181818181818,0.09090909090909091,0.0,0.0,3,0,0,0,0,0,0,1,0.0,0.0,0.0011251915439150248,380500.0
10658675,1,0.0,0.0,1.0,0.0,0.0,0.0,0.0,0.0,0.0,1.0,0.0,0.0,0.0,0.0,0.0,0.0,1.0,0.0,0.16938775510204085,0.09090909090909091,0.09090909090909091,0.0,0.1111111111111111,5,7,0,1,0,0,1,1,1.0,0.13,0.0014975043123172252,169000.0
10658676,1,0.0,0.0,1.0,0.0,0.0,0.0,0.0,0.0,0.0,1.0,0.0,0.0,0.0,0.0,0.0,0.0,1.0,0.0,0.1326530612244898,0.1818181818181818,0.09090909090909091,0.0,0.1111111111111111,2,3,0,1,0,0,1,0,1.0,0.0,0.002246714981737417,189000.0
10658689,1,0.0,0.0,1.0,0.0,0.0,0.0,0.0,1.0,0.0,0.0,0.0,0.0,0.0,0.0,0.0,0.0,1.0,0.0,0.11734693877551022,0.1818181818181818,0.09090909090909091,0.07142857142857142,0.0,1,3,0,0,0,0,0,1,0.0,0.7000000000000001,0.00010545805016318488,177000.0
10658688,1,0.0,1.0,0.0,0.0,0.0,1.0,0.0,0.0,0.0,0.0,0.0,0.0,0.0,0.0,0.0,0.0,0.0,1.0,0.18469387755102043,0.1818181818181818,0.09090909090909091,0.0,0.0,5,6,0,0,0,0,0,0,0.0,0.0,0.0008821795152781204,265000.0
10658683,1,0.0,0.0,1.0,0.0,0.0,0.0,0.0,0.0,0.0,1.0,0.0,0.0,0.0,0.0,0.0,0.0,1.0,0.0,0.10714285714285715,0.2727272727272727,0.09090909090909091,0.07142857142857142,0.05555555555555555,3,6,0,0,0,0,1,1,0.028,1.0,0.0002099990738032116,199000.0
10658702,0,1.0,0.0,0.0,0.0,1.0,0.0,0.0,0.0,0.0,0.0,0.0,0.0,0.0,0.0,0.0,1.0,0.0,0.0,0.04693877551020408,0.09090909090909091,0.09090909090909091,0.07142857142857142,0.05555555555555555,3,6,0,0,0,0,0,1,0.0,0.03,0.0,245000.0
10658701,1,0.0,0.0,1.0,0.0,0.0,0.0,0.0,0.0,0.0,1.0,0.0,0.0,0.0,0.0,0.0,1.0,0.0,0.0,0.3877551020408163,0.6363636363636364,0.0,0.0,0.0,5,0,0,0,0,0,0,0,0.0,0.0,0.0,195000.0
10658695,1,1.0,0.0,0.0,0.0,1.0,0.0,0.0,0.0,0.0,0.0,0.0,0.0,0.0,0.0,0.0,0.0,0.0,1.0,0.08775510204081632,0.1818181818181818,0.18181818181818182,0.0,0.1111111111111111,1,6,0,0,0,0,0,1,0.0,0.4,0.00010270697059371048,525000.0
10658705,1,0.0,0.0,1.0,0.0,0.0,0.0,0.0,1.0,0.0,0.0,0.0,0.0,0.0,0.0,0.0,0.0,0.0,1.0,0.12653061224489798,0.1818181818181818,0.09090909090909091,0.07142857142857142,0.1111111111111111,1,3,0,0,0,0,1,1,0.25,0.14,0.00030078469959586644,210000.0
10658709,0,0.0,1.0,0.0,1.0,0.0,0.0,0.0,0.0,0.0,0.0,0.0,0.0,0.0,0.0,0.0,0.0,1.0,0.0,0.04081632653061225,0.09090909090909091,0.09090909090909091,0.0,0.0,3,2,0,0,0,0,0,0,0.0,0.0,0.0,190000.0
10658712,1,0.0,1.0,0.0,1.0,0.0,0.0,0.0,0.0,0.0,0.0,0.0,0.0,0.0,0.0,0.0,0.0,0.0,1.0,0.1602040816326531,0.1818181818181818,0.09090909090909091,0.0,0.1111111111111111,4,3,0,1,0,0,1,0,0.17,0.0,0.0003044528056884989,455000.0
10658710,0,0.0,1.0,0.0,1.0,0.0,0.0,0.0,0.0,0.0,0.0,0.0,0.0,0.0,0.0,0.0,0.0,0.0,1.0,0.07857142857142857,0.09090909090909091,0.09090909090909091,0.0,0.05555555555555555,4,3,0,1,0,0,0,1,0.0,0.06,0.0,239000.0
10658716,0,0.0,1.0,0.0,0.0,0.0,0.0,0.0,0.0,0.0,0.0,0.0,0.0,0.0,1.0,0.0,0.0,0.0,1.0,0.051020408163265314,0.09090909090909091,0.09090909090909091,0.0,0.05555555555555555,4,2,1,1,0,0,0,1,0.0,0.0,0.0,279000.0
10658722,1,0.0,1.0,0.0,0.0,0.0,1.0,0.0,0.0,0.0,0.0,0.0,0.0,0.0,0.0,0.0,0.0,0.0,1.0,0.20102040816326533,0.2727272727272727,0.09090909090909091,0.07142857142857142,0.1111111111111111,2,3,0,1,0,0,1,0,0.022,0.0,0.0004649324472411716,460000.0
10658729,1,0.0,1.0,0.0,0.0,0.0,0.0,1.0,0.0,0.0,0.0,0.0,0.0,0.0,0.0,0.0,0.0,1.0,0.0,0.11836734693877551,0.1818181818181818,0.0,0.07142857142857142,0.1111111111111111,3,1,0,0,0,0,0,1,0.0,0.0,0.00024209500211374614,469000.0
10658728,1,0.0,1.0,0.0,0.0,0.0,0.0,1.0,0.0,0.0,0.0,0.0,0.0,0.0,0.0,0.0,0.0,1.0,0.0,0.11836734693877551,0.1818181818181818,0.0,0.07142857142857142,0.1111111111111111,3,1,0,0,0,0,0,1,0.0,0.0,0.00024209500211374614,469000.0
10658727,0,0.0,1.0,0.0,1.0,0.0,0.0,0.0,0.0,0.0,0.0,0.0,0.0,0.0,0.0,0.0,0.0,1.0,0.0,0.05408163265306123,0.0,0.09090909090909091,0.0,0.0,3,2,0,0,0,0,0,1,0.0,0.02,0.0,234000.0
10658721,1,0.0,0.0,1.0,0.0,0.0,0.0,0.0,0.0,0.0,0.0,0.0,1.0,0.0,0.0,0.0,0.0,0.0,1.0,0.24693877551020413,0.36363636363636365,0.0,0.14285714285714285,0.05555555555555555,3,5,0,1,0,0,0,0,0.0,0.0,0.00030078469959586644,329000.0
10658730,0,0.0,0.0,1.0,0.0,0.0,0.0,0.0,1.0,0.0,0.0,0.0,0.0,0.0,0.0,1.0,0.0,0.0,0.0,0.07857142857142857,0.09090909090909091,0.09090909090909091,0.0,0.05555555555555555,3,0,1,0,0,0,0,1,0.0,0.03,0.0,125000.0
10658725,0,0.0,1.0,0.0,0.0,0.0,0.0,0.0,0.0,0.0,0.0,0.0,0.0,0.0,1.0,0.0,0.0,0.0,1.0,0.05204081632653062,0.0,0.0,0.0,0.0,3,1,1,0,0,0,0,1,0.0,0.08,0.0,345000.0
10658731,1,0.0,1.0,0.0,0.0,0.0,1.0,0.0,0.0,0.0,0.0,0.0,0.0,0.0,0.0,0.0,0.0,0.0,1.0,0.16836734693877553,0.1818181818181818,0.18181818181818182,0.0,0.1111111111111111,3,4,0,0,0,0,0,1,0.0,0.0,0.0005548010465106682,349000.0
10658738,1,0.0,1.0,0.0,0.0,0.0,0.0,1.0,0.0,0.0,0.0,0.0,0.0,0.0,0.0,0.0,0.0,0.0,1.0,0.17551020408163268,0.2727272727272727,0.18181818181818182,0.0,0.1111111111111111,4,4,0,0,0,0,1,1,0.064,0.09,0.00018523935767794213,445000.0
10658791,0,0.0,0.0,1.0,0.0,0.0,0.0,0.0,0.0,0.0,1.0,0.0,0.0,0.0,0.0,1.0,0.0,0.0,0.0,0.07653061224489796,0.09090909090909091,0.09090909090909091,0.0,0.1111111111111111,0,3,0,0,0,0,0,0,0.0,0.0,0.0,289000.0
10658784,1,0.0,1.0,0.0,0.0,0.0,0.0,1.0,0.0,0.0,0.0,0.0,0.0,0.0,0.0,0.0,0.0,1.0,0.0,0.2142857142857143,0.1818181818181818,0.09090909090909091,0.0,0.05555555555555555,3,3,0,0,0,0,1,1,0.641,0.1,0.0008014811812402051,275000.0
10658798,1,0.0,0.0,1.0,0.0,0.0,0.0,0.0,0.0,0.0,0.0,1.0,0.0,0.0,0.0,0.0,0.0,0.0,1.0,0.15816326530612246,0.36363636363636365,0.09090909090909091,0.07142857142857142,0.05555555555555555,3,1,0,0,0,0,1,1,0.998,0.12,0.0009151924701118131,335000.0
10658797,1,0.0,0.0,1.0,0.0,0.0,0.0,0.0,0.0,0.0,0.0,1.0,0.0,0.0,0.0,0.0,0.0,0.0,1.0,0.15306122448979595,0.2727272727272727,0.09090909090909091,0.0,0.05555555555555555,3,1,0,0,0,0,1,1,0.747,0.12,0.0006850188127991226,335000.0
10658744,1,0.0,1.0,0.0,0.0,0.0,1.0,0.0,0.0,0.0,0.0,0.0,0.0,0.0,0.0,0.0,0.0,1.0,0.0,0.05612244897959184,0.0,0.09090909090909091,0.0,0.1111111111111111,3,2,0,0,0,0,0,0,0.0,0.0,6.694293619054345e-05,239000.0
10658808,1,0.0,0.0,1.0,0.0,0.0,0.0,0.0,0.0,0.0,0.0,0.0,1.0,0.0,0.0,0.0,0.0,0.0,1.0,0.1653061224489796,0.2727272727272727,0.09090909090909091,0.0,0.05555555555555555,5,7,0,1,0,0,0,1,0.0,0.0,0.0004291684128380045,150000.0
10658799,0,0.0,1.0,0.0,1.0,0.0,0.0,0.0,0.0,0.0,0.0,0.0,0.0,0.0,0.0,0.0,1.0,0.0,0.0,0.5306122448979592,0.6363636363636364,0.09090909090909091,0.0,0.05555555555555555,3,2,0,0,0,0,1,1,0.132,0.04,0.0,945000.0
10658809,1,0.0,0.0,1.0,0.0,0.0,0.0,0.0,0.0,0.0,0.0,0.0,1.0,0.0,0.0,0.0,0.0,0.0,1.0,0.12142857142857144,0.2727272727272727,0.09090909090909091,0.0,0.05555555555555555,5,7,0,1,0,0,1,1,0.15,0.0,0.00020174583509478846,85000.0
10658812,0,0.0,1.0,0.0,0.0,0.0,1.0,0.0,0.0,0.0,0.0,0.0,0.0,0.0,0.0,1.0,0.0,0.0,0.0,0.07551020408163267,0.09090909090909091,0.09090909090909091,0.0,0.0,0,0,1,1,0,0,0,1,0.0,0.12,0.0,354000.0
10658821,1,0.0,1.0,0.0,1.0,0.0,0.0,0.0,0.0,0.0,0.0,0.0,0.0,0.0,0.0,0.0,0.0,1.0,0.0,0.09285714285714286,0.1818181818181818,0.09090909090909091,0.0,0.1111111111111111,3,2,0,1,0,0,1,1,0.007,0.05,5.3187538343171505e-05,269000.0
10658813,0,0.0,1.0,0.0,0.0,0.0,0.0,0.0,0.0,0.0,0.0,0.0,0.0,0.0,1.0,0.0,0.0,0.0,1.0,0.10918367346938776,0.1818181818181818,0.09090909090909091,0.0,0.05555555555555555,0,0,1,1,0,0,0,1,0.0,0.15,0.0,324000.0
10658815,0,1.0,0.0,0.0,0.0,1.0,0.0,0.0,0.0,0.0,0.0,0.0,0.0,0.0,0.0,0.0,1.0,0.0,0.0,0.051020408163265314,0.0,0.09090909090909091,0.0,0.05555555555555555,3,3,1,0,0,0,0,1,0.0,0.03,0.0,199000.0
10658822,1,0.0,1.0,0.0,1.0,0.0,0.0,0.0,0.0,0.0,0.0,0.0,0.0,0.0,0.0,0.0,0.0,1.0,0.0,0.11020408163265308,0.09090909090909091,0.09090909090909091,0.0,0.05555555555555555,3,4,0,1,0,0,1,0,0.133,0.0,0.00018340530463162587,239000.0
10658824,1,0.0,1.0,0.0,1.0,0.0,0.0,0.0,0.0,0.0,0.0,0.0,0.0,0.0,0.0,0.0,0.0,1.0,0.0,0.22653061224489798,0.1818181818181818,0.18181818181818182,0.0,0.16666666666666666,4,5,0,1,0,0,0,0,0.0,0.0,9.170265231581294e-05,420000.0
10658829,0,1.0,0.0,0.0,0.0,1.0,0.0,0.0,0.0,0.0,0.0,0.0,0.0,0.0,0.0,0.0,0.0,0.0,1.0,0.06326530612244899,0.09090909090909091,0.09090909090909091,0.0,0.05555555555555555,3,5,0,1,0,0,0,1,0.0,0.04,0.0,279000.0
10658833,0,1.0,0.0,0.0,0.0,1.0,0.0,0.0,0.0,0.0,0.0,0.0,0.0,0.0,0.0,0.0,1.0,0.0,0.0,0.06836734693877553,0.1818181818181818,0.09090909090909091,0.0,0.05555555555555555,3,0,0,0,0,0,0,0,0.0,0.0,0.0,245000.0
10658843,0,1.0,0.0,0.0,0.0,1.0,0.0,0.0,0.0,0.0,0.0,0.0,0.0,0.0,0.0,0.0,1.0,0.0,0.0,0.10204081632653061,0.09090909090909091,0.09090909090909091,0.0,0.1111111111111111,0,4,0,0,0,0,0,1,0.0,0.0,0.0,285000.0
10658831,0,0.0,1.0,0.0,0.0,0.0,0.0,0.0,0.0,1.0,0.0,0.0,0.0,0.0,0.0,0.0,0.0,0.0,1.0,0.07142857142857142,0.09090909090909091,0.09090909090909091,0.0,0.0,3,3,1,0,0,0,0,0,0.0,0.0,0.0,232000.0
10658835,1,0.0,1.0,0.0,1.0,0.0,0.0,0.0,0.0,0.0,0.0,0.0,0.0,0.0,0.0,0.0,0.0,0.0,1.0,0.0836734693877551,0.1818181818181818,0.09090909090909091,0.0,0.1111111111111111,3,6,0,1,0,0,1,1,0.0,0.0,0.00021825231251163479,199000.0
10658844,0,1.0,0.0,0.0,0.0,1.0,0.0,0.0,0.0,0.0,0.0,0.0,0.0,0.0,0.0,0.0,1.0,0.0,0.0,0.07653061224489796,0.0,0.09090909090909091,0.0,0.05555555555555555,0,0,0,0,0,0,0,1,0.0,0.04,0.0,340000.0
10658845,1,1.0,0.0,0.0,0.0,1.0,0.0,0.0,0.0,0.0,0.0,0.0,0.0,0.0,0.0,0.0,1.0,0.0,0.0,0.1326530612244898,0.2727272727272727,0.0,0.21428571428571427,0.16666666666666666,0,0,0,0,0,0,0,0,0.0,0.0,0.0,635000.0
10658848,1,0.0,1.0,0.0,0.0,0.0,0.0,0.0,0.0,1.0,0.0,0.0,0.0,0.0,0.0,0.0,0.0,0.0,1.0,0.23673469387755106,0.1818181818181818,0.09090909090909091,0.0,0.0,0,4,0,0,0,0,0,0,0.0,0.0,0.000999558910242361,319000.0
10658850,0,1.0,0.0,0.0,0.0,1.0,0.0,0.0,0.0,0.0,0.0,0.0,0.0,0.0,0.0,0.0,1.0,0.0,0.0,0.07142857142857142,0.09090909090909091,0.09090909090909091,0.07142857142857142,0.1111111111111111,3,7,0,0,0,0,0,0,0.0,0.0,0.0,345000.0
10658849,1,0.0,0.0,1.0,0.0,0.0,0.0,0.0,1.0,0.0,0.0,0.0,0.0,0.0,0.0,0.0,0.0,0.0,1.0,0.06122448979591837,0.09090909090909091,0.09090909090909091,0.0,0.05555555555555555,0,3,0,0,0,0,1,0,0.098,0.0,8.986859926949667e-05,125000.0
10658860,1,0.0,1.0,0.0,0.0,0.0,0.0,0.0,0.0,0.0,0.0,0.0,0.0,0.0,1.0,0.0,0.0,1.0,0.0,0.2275510204081633,0.2727272727272727,0.0,0.0,0.05555555555555555,3,6,0,0,0,0,1,0,0.0,0.0,0.0002787760630400713,298000.0
10658861,1,0.0,1.0,0.0,0.0,0.0,0.0,0.0,0.0,0.0,0.0,0.0,0.0,0.0,1.0,0.0,0.0,1.0,0.0,0.19183673469387758,0.36363636363636365,0.0,0.0,0.1111111111111111,3,6,0,0,0,0,1,0,0.22,0.0,0.0006685123353822763,395000.0
10658856,0,1.0,0.0,0.0,0.0,1.0,0.0,0.0,0.0,0.0,0.0,0.0,0.0,0.0,0.0,0.0,0.0,0.0,1.0,0.06938775510204082,0.09090909090909091,0.09090909090909091,0.0,0.05555555555555555,1,0,1,0,0,0,1,1,0.04,0.07,0.0,410000.0
10658864,1,0.0,1.0,0.0,0.0,0.0,0.0,1.0,0.0,0.0,0.0,0.0,0.0,0.0,0.0,0.0,0.0,0.0,1.0,0.17244897959183675,0.1818181818181818,0.09090909090909091,0.0,0.1111111111111111,0,0,0,0,0,0,1,1,0.0,0.0,0.0002842782221790201,440556.0
10658867,0,1.0,0.0,0.0,0.0,1.0,0.0,0.0,0.0,0.0,0.0,0.0,0.0,0.0,0.0,0.0,1.0,0.0,0.0,0.09183673469387757,0.1818181818181818,0.09090909090909091,0.07142857142857142,0.1111111111111111,0,5,1,0,0,0,0,1,0.0,0.04,0.0,310000.0
10658868,1,0.0,1.0,0.0,0.0,0.0,0.0,1.0,0.0,0.0,0.0,0.0,0.0,0.0,0.0,0.0,0.0,1.0,0.0,0.3316326530612245,0.1818181818181818,0.09090909090909091,0.07142857142857142,0.1111111111111111,0,0,0,0,0,0,1,0,0.305,0.0,0.0006153247970391047,429000.0
10658875,1,0.0,0.0,1.0,0.0,0.0,0.0,0.0,1.0,0.0,0.0,0.0,0.0,0.0,0.0,0.0,0.0,0.0,1.0,0.09183673469387757,0.09090909090909091,0.09090909090909091,0.0,0.05555555555555555,3,6,0,0,0,0,1,1,0.05,0.36,0.00013296884585792875,130000.0
10658872,1,0.0,0.0,1.0,0.0,0.0,0.0,0.0,1.0,0.0,0.0,0.0,0.0,0.0,0.0,0.0,0.0,1.0,0.0,0.06122448979591837,0.09090909090909091,0.0,0.0,0.0,5,7,0,0,0,0,0,0,0.0,0.0,0.0002842782221790201,80000.0
10658879,1,0.0,0.0,1.0,0.0,0.0,0.0,0.0,1.0,0.0,0.0,0.0,0.0,0.0,0.0,0.0,0.0,0.0,1.0,0.2857142857142857,0.5454545454545454,0.09090909090909091,0.0,0.1111111111111111,3,4,0,0,0,0,0,1,0.0,0.0,0.0007391233776654522,380000.0
10658884,1,0.0,1.0,0.0,0.0,0.0,0.0,0.0,0.0,1.0,0.0,0.0,0.0,0.0,0.0,0.0,0.0,0.0,1.0,0.23469387755102042,0.1818181818181818,0.09090909090909091,0.0,0.05555555555555555,1,1,0,0,0,0,0,1,0.0,0.25,0.0004906091898895992,359000.0
10658889,1,0.0,1.0,0.0,1.0,0.0,0.0,0.0,0.0,0.0,0.0,0.0,0.0,0.0,0.0,0.0,1.0,0.0,0.0,0.2755102040816327,0.2727272727272727,0.2727272727272727,0.14285714285714285,0.16666666666666666,0,3,0,0,0,0,0,0,0.0,0.0,0.0,395000.0
10658890,0,0.0,1.0,0.0,1.0,0.0,0.0,0.0,0.0,0.0,0.0,0.0,0.0,0.0,0.0,0.0,0.0,1.0,0.0,0.07040816326530613,0.09090909090909091,0.0,0.0,0.0,0,0,0,1,0,0,0,1,0.0,0.24,0.0,419500.0
10658891,0,0.0,1.0,0.0,1.0,0.0,0.0,0.0,0.0,0.0,0.0,0.0,0.0,0.0,0.0,0.0,0.0,1.0,0.0,0.13979591836734695,0.1818181818181818,0.0,0.0,0.0,0,0,0,1,0,0,0,1,0.0,0.09,0.0,649500.0
10658893,1,0.0,1.0,0.0,1.0,0.0,0.0,0.0,0.0,0.0,0.0,0.0,0.0,0.0,0.0,0.0,0.0,0.0,1.0,0.20408163265306126,0.1818181818181818,0.18181818181818182,0.0,0.0,3,0,0,0,0,0,0,0,0.0,0.0,0.0009628778493160358,690000.0
10658894,1,0.0,0.0,1.0,0.0,0.0,0.0,0.0,0.0,0.0,0.0,0.0,0.0,1.0,0.0,0.0,0.0,0.0,1.0,0.16122448979591839,0.1818181818181818,0.09090909090909091,0.0,0.0,0,0,0,0,0,0,0,1,0.0,0.47000000000000003,0.00012654966019582184,297500.0
10658907,0,0.0,1.0,0.0,1.0,0.0,0.0,0.0,0.0,0.0,0.0,0.0,0.0,0.0,0.0,0.0,0.0,0.0,1.0,0.08469387755102042,0.09090909090909091,0.09090909090909091,0.0,0.1111111111111111,3,2,0,1,0,0,1,0,0.0,0.0,0.0,199000.0
10658904,0,1.0,0.0,0.0,0.0,1.0,0.0,0.0,0.0,0.0,0.0,0.0,0.0,0.0,0.0,1.0,0.0,0.0,0.0,0.14285714285714288,0.09090909090909091,0.18181818181818182,0.0,0.16666666666666666,1,2,1,0,0,0,0,1,0.0,0.91,0.0,1537000.0
10658910,0,1.0,0.0,0.0,0.0,1.0,0.0,0.0,0.0,0.0,0.0,0.0,0.0,0.0,0.0,1.0,0.0,0.0,0.0,0.5153061224489797,0.2727272727272727,0.36363636363636365,0.0,0.2777777777777778,3,5,1,1,0,0,0,1,0.0,0.45,0.0,1850000.0
10658912,1,0.0,0.0,1.0,0.0,0.0,0.0,0.0,0.0,0.0,0.0,0.0,0.0,1.0,0.0,0.0,0.0,1.0,0.0,0.15816326530612246,0.2727272727272727,0.18181818181818182,0.0,0.0,1,2,0,1,0,0,1,1,0.0,0.32,0.0001687328802610958,465000.0
10658908,0,0.0,1.0,0.0,1.0,0.0,0.0,0.0,0.0,0.0,0.0,0.0,0.0,0.0,0.0,0.0,0.0,0.0,1.0,0.11734693877551022,0.09090909090909091,0.0,0.0,0.05555555555555555,0,0,1,1,0,0,0,1,0.0,0.3,0.0,399000.0
10658914,1,0.0,0.0,1.0,0.0,0.0,0.0,0.0,1.0,0.0,0.0,0.0,0.0,0.0,0.0,0.0,0.0,0.0,1.0,0.19387755102040818,0.1818181818181818,0.18181818181818182,0.0,0.0,0,4,0,1,0,0,0,0,0.0,0.0,0.0013819589703993008,550000.0
10658917,1,0.0,0.0,1.0,0.0,0.0,0.0,0.0,0.0,0.0,0.0,0.0,0.0,1.0,0.0,0.0,0.0,0.0,1.0,0.12244897959183676,0.1818181818181818,0.09090909090909091,0.0,0.1111111111111111,5,6,0,1,0,0,1,0,0.0,0.0,0.005071156673064455,385000.0
10658947,1,0.0,1.0,0.0,0.0,0.0,0.0,0.0,0.0,0.0,0.0,0.0,0.0,0.0,1.0,0.0,0.0,1.0,0.0,0.1316326530612245,0.2727272727272727,0.09090909090909091,0.0,0.05555555555555555,3,6,0,0,0,0,0,1,0.0,0.3,0.0004658494737643297,195000.0
10658922,1,0.0,1.0,0.0,0.0,0.0,0.0,0.0,0.0,0.0,0.0,0.0,0.0,0.0,1.0,0.0,0.0,0.0,1.0,0.11224489795918369,0.1818181818181818,0.0,0.0,0.05555555555555555,3,4,0,0,0,0,1,1,0.0,0.0,0.00022925663078953234,215000.0
10658926,0,1.0,0.0,0.0,0.0,1.0,0.0,0.0,0.0,0.0,0.0,0.0,0.0,0.0,0.0,0.0,1.0,0.0,0.0,0.113265306122449,0.1818181818181818,0.2727272727272727,0.0,0.05555555555555555,4,4,1,0,0,0,0,0,0.0,0.0,0.0,495000.0
10658924,1,0.0,1.0,0.0,0.0,0.0,0.0,0.0,0.0,0.0,0.0,0.0,0.0,0.0,1.0,0.0,0.0,1.0,0.0,0.1326530612244898,0.1818181818181818,0.09090909090909091,0.0,0.1111111111111111,3,6,0,0,0,0,0,1,0.0,0.0,8.711751970002229e-05,210000.0
10658954,0,1.0,0.0,0.0,0.0,1.0,0.0,0.0,0.0,0.0,0.0,0.0,0.0,0.0,0.0,0.0,1.0,0.0,0.0,0.06122448979591837,0.0,0.09090909090909091,0.0,0.05555555555555555,3,5,0,1,0,0,0,0,0.0,0.0,0.0,275000.0
10658949,1,0.0,1.0,0.0,0.0,0.0,0.0,0.0,0.0,0.0,0.0,0.0,0.0,0.0,1.0,0.0,0.0,0.0,1.0,0.0979591836734694,0.09090909090909091,0.09090909090909091,0.0,0.0,5,6,0,1,0,0,1,1,0.0,0.0,0.0006144077705159467,174000.0
10658948,1,0.0,1.0,0.0,0.0,0.0,1.0,0.0,0.0,0.0,0.0,0.0,0.0,0.0,0.0,0.0,0.0,0.0,1.0,0.29489795918367345,0.2727272727272727,0.18181818181818182,0.0,0.1111111111111111,1,2,0,0,0,0,0,1,0.0,0.0,0.0008115684729949445,625000.0
10658956,0,0.0,0.0,1.0,0.0,0.0,0.0,0.0,0.0,0.0,0.0,1.0,0.0,0.0,0.0,0.0,0.0,1.0,0.0,0.051020408163265314,0.0,0.09090909090909091,0.0,0.0,3,7,0,0,0,0,0,1,0.0,0.16,0.0,175000.0
10658958,0,0.0,1.0,0.0,1.0,0.0,0.0,0.0,0.0,0.0,0.0,0.0,0.0,0.0,0.0,0.0,0.0,1.0,0.0,0.05306122448979592,0.09090909090909091,0.09090909090909091,0.07142857142857142,0.05555555555555555,0,3,1,0,0,0,0,0,0.0,0.0,0.0,149500.0
10658957,0,0.0,1.0,0.0,1.0,0.0,0.0,0.0,0.0,0.0,0.0,0.0,0.0,0.0,0.0,0.0,0.0,0.0,1.0,0.05306122448979592,0.09090909090909091,0.09090909090909091,0.07142857142857142,0.05555555555555555,0,3,1,0,0,0,0,0,0.0,0.0,0.0,149500.0
10658960,1,0.0,0.0,1.0,0.0,0.0,0.0,0.0,0.0,0.0,0.0,0.0,0.0,1.0,0.0,0.0,0.0,0.0,1.0,0.22448979591836737,0.36363636363636365,0.18181818181818182,0.14285714285714285,0.1111111111111111,5,5,0,0,0,0,0,1,0.0,0.0,0.0012535752571571628,500000.0
10658921,1,1.0,0.0,0.0,0.0,1.0,0.0,0.0,0.0,0.0,0.0,0.0,0.0,0.0,0.0,0.0,1.0,0.0,0.0,0.15306122448979595,0.1818181818181818,0.18181818181818182,0.0,0.1111111111111111,1,0,0,1,0,0,1,0,0.2,0.0,0.00021091610032636975,495000.0
10658961,0,1.0,0.0,0.0,0.0,1.0,0.0,0.0,0.0,0.0,0.0,0.0,0.0,0.0,0.0,1.0,0.0,0.0,0.0,0.07142857142857142,0.1818181818181818,0.09090909090909091,0.07142857142857142,0.05555555555555555,2,4,1,0,0,0,0,1,0.0,0.1,0.0,274000.0
10658966,1,0.0,0.0,1.0,0.0,0.0,0.0,0.0,1.0,0.0,0.0,0.0,0.0,0.0,0.0,0.0,1.0,0.0,0.0,0.1836734693877551,0.1818181818181818,0.09090909090909091,0.07142857142857142,0.1111111111111111,3,4,0,0,0,0,1,1,0.045,0.24,0.00021091610032636975,230000.0
10658976,1,1.0,0.0,0.0,0.0,1.0,0.0,0.0,0.0,0.0,0.0,0.0,0.0,0.0,0.0,0.0,1.0,0.0,0.0,0.17755102040816328,0.1818181818181818,0.2727272727272727,0.0,0.16666666666666666,1,6,0,0,0,0,0,0,0.0,0.0,0.0,875000.0
10658977,0,1.0,0.0,0.0,0.0,1.0,0.0,0.0,0.0,0.0,0.0,0.0,0.0,0.0,0.0,0.0,1.0,0.0,0.0,0.17755102040816328,0.1818181818181818,0.2727272727272727,0.0,0.16666666666666666,1,6,0,0,0,0,0,0,0.0,0.0,0.0,875000.0
10658982,0,0.0,1.0,0.0,0.0,0.0,1.0,0.0,0.0,0.0,0.0,0.0,0.0,0.0,0.0,0.0,0.0,0.0,1.0,0.09183673469387757,0.09090909090909091,0.0,0.0,0.05555555555555555,1,1,1,0,0,0,0,1,0.0,0.11,0.0,389000.0
10658991,1,0.0,0.0,1.0,0.0,0.0,0.0,0.0,0.0,0.0,1.0,0.0,0.0,0.0,0.0,0.0,0.0,0.0,1.0,0.13877551020408166,0.2727272727272727,0.18181818181818182,0.0,0.0,0,6,0,0,0,0,0,0,0.0,0.0,0.0013947973417235146,339000.0
10658981,1,0.0,1.0,0.0,0.0,0.0,0.0,0.0,0.0,0.0,0.0,0.0,0.0,0.0,1.0,0.0,0.0,1.0,0.0,0.36122448979591837,0.4545454545454545,0.0,0.0,0.16666666666666666,3,3,0,0,0,0,1,1,0.0,0.0,0.0009170265231581294,775000.0
10658992,1,0.0,0.0,1.0,0.0,0.0,0.0,0.0,0.0,0.0,0.0,0.0,0.0,1.0,0.0,0.0,0.0,1.0,0.0,0.3306122448979592,0.4545454545454545,0.18181818181818182,0.0,0.05555555555555555,4,3,0,1,0,0,1,0,0.24,0.0,0.00032095928310534527,490000.0
10658993,0,0.0,1.0,0.0,1.0,0.0,0.0,0.0,0.0,0.0,0.0,0.0,0.0,0.0,0.0,0.0,0.0,1.0,0.0,0.1275510204081633,0.1818181818181818,0.18181818181818182,0.0,0.05555555555555555,0,0,1,1,0,0,0,1,0.0,0.15,0.0,420000.0
10658996,1,0.0,0.0,1.0,0.0,0.0,0.0,0.0,1.0,0.0,0.0,0.0,0.0,0.0,0.0,0.0,0.0,0.0,1.0,0.09183673469387757,0.09090909090909091,0.09090909090909091,0.07142857142857142,0.05555555555555555,5,7,0,0,0,0,1,1,0.15,0.15,0.0003026187526421827,150000.0
10658998,0,0.0,1.0,0.0,1.0,0.0,0.0,0.0,0.0,0.0,0.0,0.0,0.0,0.0,0.0,0.0,0.0,1.0,0.0,0.04795918367346939,0.09090909090909091,0.09090909090909091,0.0,0.05555555555555555,3,2,1,0,0,0,0,1,0.0,0.0,0.0,145000.0
10658997,1,0.0,0.0,1.0,0.0,0.0,0.0,0.0,1.0,0.0,0.0,0.0,0.0,0.0,0.0,0.0,0.0,0.0,1.0,0.09897959183673471,0.0,0.09090909090909091,0.07142857142857142,0.05555555555555555,5,4,0,0,0,0,1,1,0.1,0.1,0.00022008636555795105,115000.0
10659003,1,0.0,1.0,0.0,1.0,0.0,0.0,0.0,0.0,0.0,0.0,0.0,0.0,0.0,0.0,0.0,0.0,0.0,1.0,0.12448979591836737,0.1818181818181818,0.09090909090909091,0.0,0.1111111111111111,0,0,0,1,0,0,1,1,0.082,0.0,0.0,429021.0
10659002,1,0.0,0.0,1.0,0.0,0.0,0.0,0.0,1.0,0.0,0.0,0.0,0.0,0.0,0.0,0.0,0.0,0.0,1.0,0.1326530612244898,0.1818181818181818,0.09090909090909091,0.07142857142857142,0.1111111111111111,1,2,0,0,0,0,1,1,0.1,0.25,0.00018340530463162587,220000.0
10659004,1,0.0,1.0,0.0,1.0,0.0,0.0,0.0,0.0,0.0,0.0,0.0,0.0,0.0,0.0,0.0,0.0,0.0,1.0,0.12448979591836737,0.1818181818181818,0.09090909090909091,0.0,0.1111111111111111,0,0,0,1,0,0,1,1,0.14300000000000002,0.0,0.0,431521.0
10659005,1,0.0,1.0,0.0,0.0,0.0,0.0,0.0,0.0,0.0,0.0,0.0,0.0,0.0,1.0,0.0,0.0,0.0,1.0,0.09591836734693879,0.1818181818181818,0.0,0.0,0.1111111111111111,1,6,0,0,0,0,0,1,0.0,0.0,0.00038056600711062366,349000.0
10658999,0,0.0,1.0,0.0,1.0,0.0,0.0,0.0,0.0,0.0,0.0,0.0,0.0,0.0,0.0,0.0,0.0,1.0,0.0,0.12653061224489798,0.09090909090909091,0.09090909090909091,0.0,0.05555555555555555,3,2,1,1,0,0,0,1,0.0,0.0,0.0,240000.0
10659021,1,1.0,0.0,0.0,0.0,1.0,0.0,0.0,0.0,0.0,0.0,0.0,0.0,0.0,0.0,0.0,1.0,0.0,0.0,0.663265306122449,0.8181818181818182,0.36363636363636365,0.0,0.2777777777777778,2,5,0,0,0,0,0,1,0.0,0.0,9.812183797791983e-05,2250000.0
10659020,0,1.0,0.0,0.0,0.0,1.0,0.0,0.0,0.0,0.0,0.0,0.0,0.0,0.0,0.0,0.0,1.0,0.0,0.0,0.07448979591836735,0.09090909090909091,0.09090909090909091,0.0,0.0,2,4,0,0,0,0,0,0,0.0,0.0,0.0,395000.0
10659032,1,0.0,1.0,0.0,0.0,0.0,1.0,0.0,0.0,0.0,0.0,0.0,0.0,0.0,0.0,0.0,0.0,0.0,1.0,0.25510204081632654,0.1818181818181818,0.09090909090909091,0.0,0.0,1,0,0,0,0,0,0,1,0.0,0.0,0.0004282513863148464,625000.0
10659035,1,0.0,0.0,1.0,0.0,0.0,0.0,0.0,1.0,0.0,0.0,0.0,0.0,0.0,0.0,0.0,1.0,0.0,0.0,0.1112244897959184,0.09090909090909091,0.09090909090909091,0.07142857142857142,0.05555555555555555,3,7,0,0,0,0,0,1,0.0,0.0,0.0002677717447621738,165000.0
10659038,1,0.0,0.0,1.0,0.0,0.0,0.0,0.0,1.0,0.0,0.0,0.0,0.0,0.0,0.0,0.0,1.0,0.0,0.0,0.1836734693877551,0.2727272727272727,0.09090909090909091,0.07142857142857142,0.05555555555555555,5,7,0,0,0,0,1,1,0.08,0.0,0.0,130000.0
10659044,1,0.0,0.0,1.0,0.0,0.0,0.0,0.0,0.0,0.0,1.0,0.0,0.0,0.0,0.0,0.0,0.0,0.0,1.0,0.1959183673469388,0.1818181818181818,0.09090909090909091,0.0,0.16666666666666666,3,3,0,0,0,0,1,1,1.0,0.0,0.0011004318277897552,445000.0
10659037,1,0.0,0.0,1.0,0.0,0.0,0.0,0.0,1.0,0.0,0.0,0.0,0.0,0.0,0.0,0.0,0.0,0.0,1.0,0.10918367346938776,0.09090909090909091,0.09090909090909091,0.0,0.05555555555555555,3,6,0,0,0,0,0,1,0.0,0.0,0.0,120000.0
10659047,1,0.0,1.0,0.0,0.0,0.0,0.0,1.0,0.0,0.0,0.0,0.0,0.0,0.0,0.0,0.0,0.0,1.0,0.0,0.25510204081632654,0.36363636363636365,0.09090909090909091,0.07142857142857142,0.1111111111111111,0,3,0,1,0,0,1,1,0.0,0.0,0.0008766773561391716,695000.0
10659048,0,0.0,0.0,1.0,0.0,0.0,0.0,0.0,1.0,0.0,0.0,0.0,0.0,0.0,0.0,0.0,0.0,1.0,0.0,0.06020408163265307,0.09090909090909091,0.09090909090909091,0.0,0.0,3,2,0,0,0,0,0,0,0.0,0.0,0.0,135000.0
10659046,1,0.0,1.0,0.0,0.0,0.0,0.0,0.0,0.0,0.0,0.0,0.0,0.0,0.0,1.0,0.0,0.0,1.0,0.0,0.1275510204081633,0.1818181818181818,0.0,0.0,0.05555555555555555,1,2,0,0,0,0,1,0,0.147,0.0,0.00022100339208110917,320000.0
10659052,1,0.0,0.0,1.0,0.0,0.0,0.0,0.0,1.0,0.0,0.0,0.0,0.0,0.0,0.0,0.0,0.0,1.0,0.0,0.09183673469387757,0.09090909090909091,0.09090909090909091,0.07142857142857142,0.05555555555555555,3,6,0,0,0,0,0,1,0.0,0.22,0.0010435761833539512,180000.0
10659053,1,0.0,0.0,1.0,0.0,0.0,0.0,0.0,0.0,0.0,0.0,0.0,0.0,1.0,0.0,0.0,0.0,0.0,1.0,0.1836734693877551,0.1818181818181818,0.09090909090909091,0.0,0.1111111111111111,3,0,0,0,0,0,0,0,0.0,0.0,0.025792287990345546,620000.0
10659054,0,1.0,0.0,0.0,0.0,1.0,0.0,0.0,0.0,0.0,0.0,0.0,0.0,0.0,0.0,1.0,0.0,0.0,0.0,0.113265306122449,0.1818181818181818,0.18181818181818182,0.14285714285714285,0.1111111111111111,1,3,1,0,0,0,0,0,0.0,0.0,0.0,420000.0
10659057,1,0.0,1.0,0.0,0.0,0.0,0.0,0.0,0.0,0.0,0.0,0.0,0.0,0.0,1.0,0.0,0.0,1.0,0.0,0.30714285714285716,0.2727272727272727,0.18181818181818182,0.0,0.1111111111111111,1,4,0,0,0,0,1,1,0.47500000000000003,0.25,0.0007015252902159689,549000.0
10659062,1,0.0,0.0,1.0,0.0,0.0,0.0,0.0,0.0,0.0,1.0,0.0,0.0,0.0,0.0,0.0,0.0,0.0,1.0,0.08673469387755103,0.09090909090909091,0.0,0.07142857142857142,0.1111111111111111,0,7,0,0,0,0,1,1,0.18,0.15,0.0002155012329421604,245000.0
10659058,1,0.0,1.0,0.0,0.0,0.0,0.0,0.0,0.0,0.0,0.0,0.0,0.0,0.0,1.0,0.0,0.0,1.0,0.0,0.30714285714285716,0.2727272727272727,0.18181818181818182,0.0,0.1111111111111111,1,4,0,0,0,0,1,1,0.47500000000000003,0.25,0.0007015252902159689,549000.0
10659060,0,0.0,0.0,1.0,0.0,0.0,0.0,0.0,0.0,0.0,0.0,0.0,1.0,0.0,0.0,1.0,0.0,0.0,0.0,0.031632653061224494,0.0,0.09090909090909091,0.0,0.05555555555555555,3,3,1,0,0,0,0,1,0.0,0.05,0.0,139000.0
10659064,1,0.0,1.0,0.0,0.0,0.0,0.0,0.0,0.0,0.0,0.0,0.0,0.0,0.0,1.0,0.0,0.0,0.0,1.0,0.14285714285714288,0.1818181818181818,0.09090909090909091,0.0,0.05555555555555555,3,4,0,0,0,0,0,0,0.0,0.0,0.0007565468816054567,259000.0
10659067,0,0.0,1.0,0.0,0.0,0.0,0.0,0.0,0.0,0.0,0.0,0.0,0.0,0.0,1.0,0.0,0.0,0.0,1.0,0.05204081632653062,0.09090909090909091,0.09090909090909091,0.0,0.05555555555555555,3,5,0,0,0,0,0,0,0.0,0.0,0.0,199000.0
10659066,1,0.0,1.0,0.0,0.0,0.0,0.0,0.0,0.0,0.0,0.0,0.0,0.0,0.0,1.0,0.0,0.0,0.0,1.0,0.7785714285714286,0.2727272727272727,0.18181818181818182,0.0,0.0,3,2,0,0,0,0,0,0,0.0,0.0,0.0012957584772224369,750000.0
10659072,0,0.0,1.0,0.0,0.0,0.0,0.0,1.0,0.0,0.0,0.0,0.0,0.0,0.0,0.0,0.0,0.0,0.0,1.0,0.0653061224489796,0.09090909090909091,0.09090909090909091,0.0,0.0,0,2,0,0,0,0,0,1,0.0,0.45,0.0,239000.0
10659071,0,0.0,0.0,1.0,0.0,0.0,0.0,0.0,0.0,0.0,0.0,0.0,1.0,0.0,0.0,0.0,0.0,1.0,0.0,0.06836734693877553,0.09090909090909091,0.09090909090909091,0.0,0.05555555555555555,0,1,0,0,0,0,0,1,0.0,0.12,0.0,265000.0
10659074,1,0.0,1.0,0.0,0.0,0.0,0.0,0.0,0.0,0.0,0.0,0.0,0.0,0.0,1.0,0.0,0.0,0.0,1.0,0.32040816326530613,0.4545454545454545,0.0,0.0,0.16666666666666666,3,3,0,0,0,0,1,0,0.0,0.0,0.0007950619955780982,399000.0
10659075,0,0.0,0.0,1.0,0.0,0.0,0.0,0.0,0.0,0.0,0.0,0.0,1.0,0.0,0.0,1.0,0.0,0.0,0.0,0.04489795918367347,0.09090909090909091,0.09090909090909091,0.07142857142857142,0.05555555555555555,3,7,1,0,0,0,0,1,0.0,0.0,0.0,165000.0
10659076,0,0.0,0.0,1.0,0.0,0.0,0.0,0.0,0.0,0.0,0.0,0.0,1.0,0.0,0.0,1.0,0.0,0.0,0.0,0.04489795918367347,0.09090909090909091,0.09090909090909091,0.07142857142857142,0.05555555555555555,3,2,1,0,0,0,0,1,0.0,0.0,0.0,159000.0
10659082,1,0.0,1.0,0.0,0.0,0.0,0.0,0.0,0.0,0.0,0.0,0.0,0.0,0.0,1.0,0.0,0.0,1.0,0.0,0.1510204081632653,0.36363636363636365,0.09090909090909091,0.0,0.0,3,4,0,0,0,0,1,1,0.025,0.25,0.00011004318277897552,269000.0
10659079,0,1.0,0.0,0.0,0.0,1.0,0.0,0.0,0.0,0.0,0.0,0.0,0.0,0.0,0.0,0.0,1.0,0.0,0.0,0.07346938775510206,0.09090909090909091,0.09090909090909091,0.0,0.05555555555555555,1,4,1,1,0,0,0,1,0.0,0.07,0.0,335000.0
10659081,1,0.0,1.0,0.0,0.0,0.0,1.0,0.0,0.0,0.0,0.0,0.0,0.0,0.0,0.0,0.0,0.0,0.0,1.0,0.23877551020408164,0.1818181818181818,0.09090909090909091,0.0,0.0,3,4,0,0,0,0,0,0,0.0,0.0,0.0014012165273856216,425000.0
10659083,0,0.0,1.0,0.0,0.0,0.0,0.0,0.0,0.0,0.0,0.0,0.0,0.0,0.0,1.0,0.0,0.0,0.0,1.0,0.13673469387755105,0.1818181818181818,0.09090909090909091,0.0,0.1111111111111111,3,1,1,0,0,0,0,1,0.0,0.0,0.0,745000.0
10659087,0,0.0,1.0,0.0,0.0,0.0,0.0,0.0,0.0,0.0,0.0,0.0,0.0,0.0,1.0,0.0,0.0,1.0,0.0,0.08469387755102042,0.1818181818181818,0.2727272727272727,0.0,0.16666666666666666,3,1,0,0,0,0,0,1,0.0,0.0,0.0,895000.0
10659091,1,0.0,1.0,0.0,0.0,0.0,0.0,1.0,0.0,0.0,0.0,0.0,0.0,0.0,0.0,0.0,0.0,1.0,0.0,0.32448979591836735,0.36363636363636365,0.2727272727272727,0.0,0.2222222222222222,3,2,0,1,0,0,0,1,0.0,0.0,0.00031178901787376397,590000.0
10659088,0,0.0,1.0,0.0,0.0,0.0,0.0,0.0,0.0,0.0,0.0,0.0,0.0,0.0,1.0,0.0,0.0,0.0,1.0,0.07551020408163267,0.09090909090909091,0.09090909090909091,0.0,0.1111111111111111,3,2,1,0,0,0,0,1,0.0,0.0,0.0,349000.0
10659093,0,1.0,0.0,0.0,0.0,1.0,0.0,0.0,0.0,0.0,0.0,0.0,0.0,0.0,0.0,1.0,0.0,0.0,0.0,0.10816326530612247,0.1818181818181818,0.18181818181818182,0.14285714285714285,0.1111111111111111,1,3,1,0,0,0,0,0,0.0,0.0,0.0,410000.0
10659096,1,0.0,1.0,0.0,0.0,0.0,0.0,1.0,0.0,0.0,0.0,0.0,0.0,0.0,0.0,0.0,0.0,0.0,1.0,0.14285714285714288,0.1818181818181818,0.09090909090909091,0.0,0.0,5,3,0,0,0,0,0,0,0.0,0.0,0.00018615638420110025,395000.0
10659095,1,0.0,1.0,0.0,0.0,0.0,0.0,0.0,0.0,0.0,0.0,0.0,0.0,0.0,1.0,0.0,0.0,1.0,0.0,0.08673469387755103,0.1818181818181818,0.09090909090909091,0.0,0.05555555555555555,3,5,0,0,0,0,0,1,0.0,0.0,0.00019440962290952343,195000.0
10659099,1,0.0,1.0,0.0,0.0,0.0,0.0,0.0,0.0,1.0,0.0,0.0,0.0,0.0,0.0,0.0,0.0,0.0,1.0,0.3112244897959184,0.2727272727272727,0.18181818181818182,0.0,0.1111111111111111,3,2,0,0,1,1,0,0,0.0,0.0,0.0012260644614624189,685000.0
10659098,1,0.0,0.0,1.0,0.0,0.0,0.0,0.0,0.0,0.0,1.0,0.0,0.0,0.0,0.0,0.0,0.0,1.0,0.0,0.08469387755102042,0.09090909090909091,0.09090909090909091,0.07142857142857142,0.1111111111111111,3,6,0,0,0,0,0,1,0.0,0.33,0.00010362399711686861,250000.0
10659102,1,0.0,1.0,0.0,0.0,0.0,0.0,0.0,0.0,0.0,0.0,0.0,0.0,0.0,1.0,0.0,0.0,1.0,0.0,0.3918367346938776,0.4545454545454545,0.2727272727272727,0.0,0.0,3,1,1,0,0,0,0,1,0.0,0.0,0.0005144518794917105,5650000.0
10659103,0,0.0,1.0,0.0,0.0,0.0,1.0,0.0,0.0,0.0,0.0,0.0,0.0,0.0,0.0,0.0,0.0,0.0,1.0,0.06428571428571428,0.09090909090909091,0.09090909090909091,0.07142857142857142,0.05555555555555555,0,3,0,0,0,0,1,0,0.13,0.0,0.0,269000.0
10659121,0,0.0,1.0,0.0,0.0,0.0,1.0,0.0,0.0,0.0,0.0,0.0,0.0,0.0,0.0,1.0,0.0,0.0,0.0,0.06938775510204082,0.09090909090909091,0.09090909090909091,0.0,0.05555555555555555,3,0,0,0,0,0,0,1,0.0,0.08,0.0,389000.0
10659134,0,0.0,1.0,0.0,0.0,0.0,0.0,0.0,0.0,0.0,0.0,0.0,0.0,0.0,1.0,0.0,0.0,0.0,1.0,0.07244897959183674,0.09090909090909091,0.09090909090909091,0.0,0.05555555555555555,3,4,1,0,0,0,1,0,0.006,0.0,0.0,189000.0
10659130,1,0.0,1.0,0.0,0.0,0.0,0.0,0.0,0.0,0.0,0.0,0.0,0.0,0.0,1.0,0.0,0.0,0.0,1.0,0.18775510204081636,0.2727272727272727,0.09090909090909091,0.0,0.05555555555555555,5,6,0,0,0,0,1,0,1.0,0.0,0.010251439502384729,625000.0
10659135,1,0.0,1.0,0.0,0.0,0.0,0.0,0.0,0.0,0.0,0.0,0.0,0.0,0.0,1.0,0.0,0.0,0.0,1.0,0.2938775510204082,0.36363636363636365,0.09090909090909091,0.0,0.1111111111111111,4,4,0,0,0,0,0,1,0.0,0.0,0.0008941008600791761,325000.0
10659126,0,1.0,0.0,0.0,0.0,1.0,0.0,0.0,0.0,0.0,0.0,0.0,0.0,0.0,0.0,0.0,1.0,0.0,0.0,0.04183673469387755,0.0,0.09090909090909091,0.0,0.05555555555555555,3,4,1,0,0,1,0,1,0.0,0.05,0.0,225000.0
10659132,1,0.0,1.0,0.0,0.0,0.0,0.0,0.0,0.0,0.0,0.0,0.0,0.0,0.0,1.0,0.0,0.0,1.0,0.0,0.326530612244898,0.36363636363636365,0.18181818181818182,0.0,0.1111111111111111,3,3,0,0,0,0,1,0,0.057,0.0,0.0001568115354600401,329500.0
10659138,0,1.0,0.0,0.0,0.0,1.0,0.0,0.0,0.0,0.0,0.0,0.0,0.0,0.0,0.0,0.0,1.0,0.0,0.0,0.042857142857142864,0.0,0.09090909090909091,0.0,0.05555555555555555,3,7,0,0,0,0,0,0,0.0,0.0,0.0,185000.0
10659136,0,1.0,0.0,0.0,0.0,1.0,0.0,0.0,0.0,0.0,0.0,0.0,0.0,0.0,0.0,1.0,0.0,0.0,0.0,0.11020408163265308,0.1818181818181818,0.18181818181818182,0.14285714285714285,0.1111111111111111,1,4,1,0,0,0,0,0,0.0,0.0,0.0,410000.0
10659139,0,0.0,1.0,0.0,1.0,0.0,0.0,0.0,0.0,0.0,0.0,0.0,0.0,0.0,0.0,0.0,0.0,1.0,0.0,0.051020408163265314,0.0,0.09090909090909091,0.0,0.05555555555555555,0,0,0,0,0,0,1,0,0.3,0.0,0.0,195000.0
10659137,1,0.0,0.0,1.0,0.0,0.0,0.0,0.0,0.0,0.0,1.0,0.0,0.0,0.0,0.0,0.0,0.0,0.0,1.0,0.07040816326530613,0.09090909090909091,0.09090909090909091,0.0,0.1111111111111111,3,5,0,1,0,0,1,1,0.2,0.2,0.0002567674264842762,248000.0
10659140,1,0.0,0.0,1.0,0.0,0.0,0.0,0.0,0.0,0.0,0.0,0.0,1.0,0.0,0.0,0.0,0.0,0.0,1.0,0.113265306122449,0.09090909090909091,0.09090909090909091,0.0,0.0,0,4,0,1,0,0,0,0,0.0,0.0,0.00048510703075065043,179000.0
10659142,0,1.0,0.0,0.0,0.0,1.0,0.0,0.0,0.0,0.0,0.0,0.0,0.0,0.0,0.0,1.0,0.0,0.0,0.0,0.10714285714285715,0.1818181818181818,0.18181818181818182,0.07142857142857142,0.1111111111111111,1,4,1,0,0,0,0,0,0.0,0.0,0.0,410000.0
10659143,0,1.0,0.0,0.0,0.0,1.0,0.0,0.0,0.0,0.0,0.0,0.0,0.0,0.0,0.0,1.0,0.0,0.0,0.0,0.1438775510204082,0.2727272727272727,0.2727272727272727,0.21428571428571427,0.16666666666666666,1,4,1,0,0,0,0,0,0.0,0.0,0.0,510000.0
10659146,1,0.0,1.0,0.0,0.0,0.0,1.0,0.0,0.0,0.0,0.0,0.0,0.0,0.0,0.0,0.0,0.0,1.0,0.0,0.15816326530612246,0.1818181818181818,0.09090909090909091,0.0,0.1111111111111111,1,2,0,1,0,0,0,0,0.0,0.0,0.00021275015337268602,299000.0
10659145,1,0.0,1.0,0.0,0.0,0.0,1.0,0.0,0.0,0.0,0.0,0.0,0.0,0.0,0.0,0.0,0.0,1.0,0.0,0.15816326530612246,0.1818181818181818,0.09090909090909091,0.0,0.1111111111111111,1,2,0,1,0,0,0,1,0.0,0.0,0.00021275015337268602,299000.0
10659147,1,0.0,1.0,0.0,0.0,0.0,1.0,0.0,0.0,0.0,0.0,0.0,0.0,0.0,0.0,0.0,0.0,1.0,0.0,0.15816326530612246,0.1818181818181818,0.09090909090909091,0.0,0.1111111111111111,1,2,0,1,0,0,0,1,0.0,0.0,0.00021275015337268602,299000.0
10659149,1,0.0,1.0,0.0,1.0,0.0,0.0,0.0,0.0,0.0,0.0,0.0,0.0,0.0,0.0,0.0,0.0,1.0,0.0,0.11734693877551022,0.1818181818181818,0.09090909090909091,0.0,0.0,0,5,0,1,0,0,0,0,0.0,0.0,0.0002751079569474388,355000.0
10659144,1,0.0,1.0,0.0,0.0,0.0,1.0,0.0,0.0,0.0,0.0,0.0,0.0,0.0,0.0,0.0,0.0,1.0,0.0,0.15816326530612246,0.1818181818181818,0.09090909090909091,0.0,0.1111111111111111,1,2,0,1,0,0,0,0,0.0,0.0,0.00021275015337268602,299000.0
10659150,1,0.0,1.0,0.0,1.0,0.0,0.0,0.0,0.0,0.0,0.0,0.0,0.0,0.0,0.0,0.0,0.0,0.0,1.0,0.11734693877551022,0.1818181818181818,0.09090909090909091,0.0,0.0,0,5,0,1,0,0,0,0,0.0,0.0,0.0,355000.0
10659157,0,0.0,1.0,0.0,1.0,0.0,0.0,0.0,0.0,0.0,0.0,0.0,0.0,0.0,0.0,1.0,0.0,0.0,0.0,0.06224489795918368,0.09090909090909091,0.09090909090909091,0.0,0.05555555555555555,0,2,1,1,0,0,0,1,0.0,0.04,0.0,435000.0
10659163,1,0.0,0.0,1.0,0.0,0.0,0.0,0.0,0.0,0.0,1.0,0.0,0.0,0.0,0.0,0.0,0.0,0.0,1.0,0.2714285714285714,0.4545454545454545,0.09090909090909091,0.14285714285714285,0.16666666666666666,3,4,0,1,0,0,1,0,0.0,0.0,0.0008785114091854879,395000.0
10659156,0,0.0,1.0,0.0,1.0,0.0,0.0,0.0,0.0,0.0,0.0,0.0,0.0,0.0,0.0,1.0,0.0,0.0,0.0,0.06224489795918368,0.09090909090909091,0.09090909090909091,0.0,0.05555555555555555,0,2,1,1,0,0,0,1,0.0,0.04,0.0,449000.0
10659155,1,0.0,1.0,0.0,1.0,0.0,0.0,0.0,0.0,0.0,0.0,0.0,0.0,0.0,0.0,0.0,0.0,0.0,1.0,0.2142857142857143,0.1818181818181818,0.09090909090909091,0.14285714285714285,0.05555555555555555,4,6,0,0,0,0,0,1,0.0,0.23,6.785996271370157e-05,395000.0
10659164,1,0.0,0.0,1.0,0.0,0.0,0.0,0.0,0.0,0.0,1.0,0.0,0.0,0.0,0.0,0.0,0.0,0.0,1.0,0.2714285714285714,0.4545454545454545,0.09090909090909091,0.14285714285714285,0.16666666666666666,3,4,0,1,0,0,1,0,0.0,0.0,0.0008785114091854879,395000.0
10659169,1,0.0,1.0,0.0,0.0,0.0,0.0,0.0,0.0,0.0,0.0,0.0,0.0,0.0,1.0,0.0,0.0,0.0,1.0,0.04795918367346939,0.0,0.09090909090909091,0.0,0.05555555555555555,4,0,0,0,0,0,0,1,0.0,0.15,6.510888314422718e-05,139000.0
10659170,1,0.0,1.0,0.0,0.0,0.0,1.0,0.0,0.0,0.0,0.0,0.0,0.0,0.0,0.0,0.0,0.0,1.0,0.0,0.1836734693877551,0.1818181818181818,0.2727272727272727,0.0,0.05555555555555555,5,0,0,1,0,0,0,1,0.0,0.0,0.00011921344801055682,242500.0
10659173,0,0.0,1.0,0.0,1.0,0.0,0.0,0.0,0.0,0.0,0.0,0.0,0.0,0.0,0.0,0.0,0.0,0.0,1.0,0.06326530612244899,0.09090909090909091,0.09090909090909091,0.0,0.0,3,3,1,0,0,0,0,1,0.0,0.0,0.0,185000.0
10659179,0,0.0,1.0,0.0,1.0,0.0,0.0,0.0,0.0,0.0,0.0,0.0,0.0,0.0,0.0,0.0,0.0,0.0,1.0,0.10714285714285715,0.1818181818181818,0.09090909090909091,0.0,0.05555555555555555,3,2,0,1,0,0,0,1,0.0,0.04,0.0,359000.0
10659177,1,0.0,0.0,1.0,0.0,0.0,0.0,0.0,0.0,0.0,0.0,0.0,1.0,0.0,0.0,0.0,0.0,0.0,1.0,0.25918367346938775,0.2727272727272727,0.18181818181818182,0.0,0.2222222222222222,2,5,0,1,0,0,1,0,0.0,0.0,0.0005979012930991003,600000.0
10659178,0,0.0,1.0,0.0,1.0,0.0,0.0,0.0,0.0,0.0,0.0,0.0,0.0,0.0,0.0,0.0,0.0,1.0,0.0,0.05306122448979592,0.0,0.09090909090909091,0.0,0.05555555555555555,0,0,0,0,0,0,0,1,0.0,0.06,0.0,190000.0
10659186,1,0.0,1.0,0.0,0.0,0.0,1.0,0.0,0.0,0.0,0.0,0.0,0.0,0.0,0.0,0.0,0.0,0.0,1.0,0.2448979591836735,0.1818181818181818,0.09090909090909091,0.0,0.1111111111111111,5,6,0,1,0,0,0,0,0.0,0.0,0.0005227051182001338,265000.0
10659192,1,0.0,1.0,0.0,1.0,0.0,0.0,0.0,0.0,0.0,0.0,0.0,0.0,0.0,0.0,0.0,0.0,0.0,1.0,0.18265306122448982,0.2727272727272727,0.18181818181818182,0.0,0.16666666666666666,0,0,0,1,0,0,1,1,0.0,0.2,0.000645586672303323,585000.0
10659190,1,0.0,1.0,0.0,1.0,0.0,0.0,0.0,0.0,0.0,0.0,0.0,0.0,0.0,0.0,0.0,0.0,0.0,1.0,0.14081632653061227,0.2727272727272727,0.09090909090909091,0.0,0.0,3,0,0,1,0,0,0,1,0.0,0.32,0.0017120885187362274,365000.0
10659191,1,0.0,1.0,0.0,1.0,0.0,0.0,0.0,0.0,0.0,0.0,0.0,0.0,0.0,0.0,0.0,0.0,0.0,1.0,0.039795918367346944,0.0,0.09090909090909091,0.0,0.05555555555555555,3,4,0,1,0,0,1,1,0.0,0.0,0.001311347928116125,327000.0
10659202,1,0.0,1.0,0.0,0.0,0.0,1.0,0.0,0.0,0.0,0.0,0.0,0.0,0.0,0.0,0.0,0.0,0.0,1.0,0.12040816326530615,0.2727272727272727,0.09090909090909091,0.0,0.1111111111111111,3,3,0,1,0,0,1,0,0.0,0.0,0.0005428797017096125,399500.0
10659199,1,0.0,0.0,1.0,0.0,0.0,0.0,0.0,1.0,0.0,0.0,0.0,0.0,0.0,0.0,0.0,0.0,0.0,1.0,0.10204081632653061,0.1818181818181818,0.09090909090909091,0.0,0.1111111111111111,0,7,0,1,0,0,1,0,0.0,0.0,0.00022558852469689982,185000.0
10659203,0,0.0,1.0,0.0,1.0,0.0,0.0,0.0,0.0,0.0,0.0,0.0,0.0,0.0,0.0,0.0,0.0,0.0,1.0,0.06326530612244899,0.09090909090909091,0.09090909090909091,0.0,0.05555555555555555,2,0,0,0,0,0,0,1,0.0,0.0,0.0,220000.0
10659207,0,0.0,1.0,0.0,1.0,0.0,0.0,0.0,0.0,0.0,0.0,0.0,0.0,0.0,0.0,0.0,1.0,0.0,0.0,0.06020408163265307,0.09090909090909091,0.18181818181818182,0.0,0.05555555555555555,3,2,1,1,0,0,0,1,0.0,0.14,0.0,230000.0
10659206,0,0.0,1.0,0.0,0.0,0.0,0.0,0.0,0.0,0.0,0.0,0.0,0.0,0.0,1.0,0.0,0.0,1.0,0.0,0.06632653061224492,0.09090909090909091,0.18181818181818182,0.0,0.0,2,2,0,1,0,0,0,0,0.0,0.0,0.0,1000000.0
10397064,1,0.0,1.0,0.0,0.0,0.0,1.0,0.0,0.0,0.0,0.0,0.0,0.0,0.0,0.0,0.0,0.0,0.0,1.0,0.07040816326530613,0.1818181818181818,0.0,0.0,0.0,4,6,0,0,0,0,0,0,0.0,0.0,0.00023567581645163923,205000.0
10659208,0,0.0,1.0,0.0,1.0,0.0,0.0,0.0,0.0,0.0,0.0,0.0,0.0,0.0,0.0,0.0,1.0,0.0,0.0,0.07142857142857142,0.0,0.09090909090909091,0.0,0.05555555555555555,4,3,1,1,0,0,0,0,0.0,0.0,0.0,155000.0
10659212,1,1.0,0.0,0.0,0.0,1.0,0.0,0.0,0.0,0.0,0.0,0.0,0.0,0.0,0.0,0.0,1.0,0.0,0.0,0.2142857142857143,0.2727272727272727,0.18181818181818182,0.14285714285714285,0.2222222222222222,5,5,0,0,0,0,0,0,0.0,0.0,0.0001375539784737194,695000.0
10659211,1,0.0,1.0,0.0,1.0,0.0,0.0,0.0,0.0,0.0,0.0,0.0,0.0,0.0,0.0,0.0,0.0,0.0,1.0,0.11224489795918369,0.1818181818181818,0.09090909090909091,0.0,0.1111111111111111,1,3,0,1,0,0,1,1,0.0,0.7000000000000001,0.00033471468095271724,459000.0
10659219,0,0.0,0.0,1.0,0.0,0.0,0.0,0.0,0.0,0.0,0.0,0.0,1.0,0.0,0.0,0.0,0.0,0.0,1.0,0.05816326530612246,0.09090909090909091,0.09090909090909091,0.0,0.05555555555555555,0,0,0,1,0,0,0,0,0.0,0.0,0.0,199000.0
10659217,1,0.0,1.0,0.0,0.0,0.0,0.0,0.0,0.0,1.0,0.0,0.0,0.0,0.0,0.0,0.0,0.0,1.0,0.0,0.12346938775510205,0.1818181818181818,0.0,0.0,0.0,5,6,0,1,0,0,1,1,0.0,0.0,0.0009170265231581294,320000.0
10659188,1,0.0,1.0,0.0,1.0,0.0,0.0,0.0,0.0,0.0,0.0,0.0,0.0,0.0,0.0,0.0,0.0,0.0,1.0,0.15714285714285717,0.2727272727272727,0.18181818181818182,0.0,0.0,3,3,0,1,0,0,0,0,0.0,0.0,0.0003448019727074566,495000.0
10659218,0,1.0,0.0,0.0,0.0,1.0,0.0,0.0,0.0,0.0,0.0,0.0,0.0,0.0,0.0,0.0,1.0,0.0,0.0,0.042857142857142864,0.0,0.0,0.07142857142857142,0.05555555555555555,0,0,1,0,0,0,0,1,0.0,0.09,0.0,225000.0
10659221,1,0.0,0.0,1.0,0.0,0.0,0.0,0.0,0.0,0.0,1.0,0.0,0.0,0.0,0.0,0.0,0.0,0.0,1.0,0.1326530612244898,0.2727272727272727,0.09090909090909091,0.0,0.1111111111111111,4,6,0,1,0,0,0,1,0.0,0.0,0.02283854555925321,280000.0
10659230,1,0.0,1.0,0.0,0.0,0.0,0.0,0.0,0.0,1.0,0.0,0.0,0.0,0.0,0.0,0.0,0.0,0.0,1.0,0.1326530612244898,0.2727272727272727,0.09090909090909091,0.0,0.0,4,6,0,1,0,0,0,0,0.0,0.0,0.0004722686594264366,199000.0
10659236,0,0.0,0.0,1.0,0.0,0.0,0.0,0.0,0.0,0.0,0.0,0.0,1.0,0.0,0.0,0.0,0.0,1.0,0.0,0.07857142857142857,0.09090909090909091,0.0,0.07142857142857142,0.05555555555555555,0,1,1,1,0,0,1,1,0.105,0.15,0.0,315152.0
10659238,0,0.0,0.0,1.0,0.0,0.0,0.0,0.0,0.0,0.0,0.0,0.0,1.0,0.0,0.0,0.0,0.0,1.0,0.0,0.07244897959183674,0.09090909090909091,0.0,0.07142857142857142,0.05555555555555555,0,1,1,1,0,0,1,1,0.117,0.15,0.0,303510.0
10659235,1,0.0,0.0,1.0,0.0,0.0,0.0,0.0,0.0,0.0,1.0,0.0,0.0,0.0,0.0,0.0,0.0,0.0,1.0,0.09693877551020408,0.09090909090909091,0.09090909090909091,0.0,0.05555555555555555,1,2,0,0,0,0,1,0,0.15,0.0,0.00036681060926325174,272000.0
10659239,0,0.0,0.0,1.0,0.0,0.0,0.0,0.0,0.0,0.0,0.0,0.0,1.0,0.0,0.0,0.0,0.0,1.0,0.0,0.08979591836734696,0.09090909090909091,0.0,0.07142857142857142,0.05555555555555555,0,1,1,1,0,0,0,1,0.0,0.07,0.0,332881.0
10659237,0,0.0,0.0,1.0,0.0,0.0,0.0,0.0,0.0,0.0,0.0,0.0,1.0,0.0,0.0,0.0,0.0,1.0,0.0,0.07653061224489796,0.09090909090909091,0.0,0.07142857142857142,0.05555555555555555,0,1,1,1,0,0,1,1,0.106,0.15,0.0,310772.0
10659240,0,0.0,0.0,1.0,0.0,0.0,0.0,0.0,0.0,0.0,0.0,0.0,1.0,0.0,0.0,0.0,0.0,1.0,0.0,0.07755102040816328,0.09090909090909091,0.0,0.07142857142857142,0.05555555555555555,0,1,1,1,0,0,0,1,0.0,0.06,0.0,296941.0
10659241,0,0.0,0.0,1.0,0.0,0.0,0.0,0.0,0.0,0.0,0.0,0.0,1.0,0.0,0.0,0.0,0.0,1.0,0.0,0.08979591836734696,0.09090909090909091,0.0,0.07142857142857142,0.05555555555555555,0,1,1,1,0,0,0,1,0.0,0.07,0.0,332881.0
10659242,0,0.0,0.0,1.0,0.0,0.0,0.0,0.0,0.0,0.0,0.0,0.0,1.0,0.0,0.0,0.0,0.0,1.0,0.0,0.07755102040816328,0.09090909090909091,0.0,0.07142857142857142,0.05555555555555555,0,1,1,1,0,0,0,1,0.0,0.06,0.0,296941.0
10659232,1,0.0,1.0,0.0,0.0,0.0,0.0,0.0,0.0,0.0,0.0,0.0,0.0,0.0,1.0,0.0,0.0,0.0,1.0,0.15612244897959185,0.2727272727272727,0.09090909090909091,0.07142857142857142,0.1111111111111111,5,5,0,1,0,0,1,0,0.0,0.0,0.00039157032538852124,199000.0
10659244,0,0.0,0.0,1.0,0.0,0.0,0.0,0.0,0.0,0.0,0.0,0.0,1.0,0.0,0.0,0.0,0.0,1.0,0.0,0.08061224489795918,0.09090909090909091,0.0,0.07142857142857142,0.05555555555555555,0,2,1,1,0,0,0,0,0.0,0.0,0.0,285475.0
10659243,0,0.0,0.0,1.0,0.0,0.0,0.0,0.0,0.0,0.0,0.0,0.0,1.0,0.0,0.0,0.0,0.0,1.0,0.0,0.08775510204081632,0.09090909090909091,0.0,0.07142857142857142,0.05555555555555555,0,1,1,1,0,0,0,1,0.0,0.04,0.0,323964.0
10659257,1,0.0,1.0,0.0,0.0,0.0,1.0,0.0,0.0,0.0,0.0,0.0,0.0,0.0,0.0,0.0,0.0,1.0,0.0,0.15918367346938778,0.1818181818181818,0.09090909090909091,0.0,0.1111111111111111,0,1,0,1,0,0,1,1,0.0,0.4,0.0004906091898895992,445000.0
10659263,1,1.0,0.0,0.0,0.0,1.0,0.0,0.0,0.0,0.0,0.0,0.0,0.0,0.0,0.0,0.0,1.0,0.0,0.0,0.14285714285714288,0.2727272727272727,0.0,0.14285714285714285,0.16666666666666666,0,5,0,1,0,0,0,0,0.0,0.0,0.0004585132615790647,699000.0
10659262,1,0.0,0.0,1.0,0.0,0.0,0.0,0.0,0.0,0.0,1.0,0.0,0.0,0.0,0.0,0.0,0.0,0.0,1.0,0.07653061224489796,0.09090909090909091,0.09090909090909091,0.07142857142857142,0.05555555555555555,0,4,0,1,0,0,1,1,0.08,0.0,0.0002246714981737417,219000.0
10659271,1,0.0,1.0,0.0,0.0,0.0,1.0,0.0,0.0,0.0,0.0,0.0,0.0,0.0,0.0,0.0,0.0,0.0,1.0,0.176530612244898,0.2727272727272727,0.09090909090909091,0.07142857142857142,0.1111111111111111,0,4,0,0,0,0,0,0,0.0,0.0,0.00028519524870217823,435000.0
10659270,1,0.0,0.0,1.0,0.0,0.0,0.0,0.0,0.0,0.0,0.0,0.0,0.0,1.0,0.0,0.0,0.0,0.0,1.0,0.13775510204081634,0.1818181818181818,0.09090909090909091,0.07142857142857142,0.1111111111111111,4,5,0,1,0,0,1,1,0.28,0.44,0.0005575521260801426,420000.0
10659273,0,0.0,1.0,0.0,1.0,0.0,0.0,0.0,0.0,0.0,0.0,0.0,0.0,0.0,0.0,0.0,1.0,0.0,0.0,0.06938775510204082,0.09090909090909091,0.09090909090909091,0.0,0.05555555555555555,1,2,1,0,0,0,0,1,0.0,0.11,0.0,315000.0
10659274,1,0.0,1.0,0.0,0.0,0.0,0.0,0.0,0.0,1.0,0.0,0.0,0.0,0.0,0.0,0.0,0.0,0.0,1.0,0.6785714285714286,0.6363636363636364,0.36363636363636365,0.0,0.3333333333333333,5,4,0,1,0,0,1,1,0.0,0.0,0.0021091610032636975,765000.0
10659275,1,0.0,1.0,0.0,1.0,0.0,0.0,0.0,0.0,0.0,0.0,0.0,0.0,0.0,0.0,0.0,0.0,0.0,1.0,0.10816326530612247,0.09090909090909091,0.09090909090909091,0.0,0.05555555555555555,2,3,0,1,0,0,1,1,0.0,0.0,0.00011371128887160804,325000.0
10659279,0,0.0,1.0,0.0,1.0,0.0,0.0,0.0,0.0,0.0,0.0,0.0,0.0,0.0,0.0,0.0,0.0,1.0,0.0,0.22346938775510206,0.4545454545454545,0.18181818181818182,0.0,0.1111111111111111,3,4,0,1,0,0,1,1,0.0,0.0,0.0,425000.0
10659295,1,0.0,1.0,0.0,0.0,0.0,1.0,0.0,0.0,0.0,0.0,0.0,0.0,0.0,0.0,0.0,0.0,0.0,1.0,0.1459183673469388,0.1818181818181818,0.09090909090909091,0.0,0.1111111111111111,0,1,0,0,0,0,0,1,0.0,0.0,0.0004649324472411716,489000.0
10659292,1,0.0,1.0,0.0,0.0,0.0,0.0,0.0,0.0,0.0,0.0,0.0,0.0,0.0,1.0,0.0,0.0,1.0,0.0,0.3948979591836735,0.36363636363636365,0.09090909090909091,0.0,0.16666666666666666,4,6,0,0,0,0,1,0,0.0,0.0,0.001615800733804624,650000.0
10659290,0,0.0,1.0,0.0,0.0,0.0,1.0,0.0,0.0,0.0,0.0,0.0,0.0,0.0,0.0,0.0,0.0,1.0,0.0,0.07142857142857142,0.09090909090909091,0.09090909090909091,0.0,0.05555555555555555,1,2,1,0,0,0,0,1,0.0,0.04,0.0,269000.0
10659298,1,0.0,1.0,0.0,0.0,0.0,1.0,0.0,0.0,0.0,0.0,0.0,0.0,0.0,0.0,0.0,0.0,0.0,1.0,0.18469387755102043,0.1818181818181818,0.09090909090909091,0.0,0.1111111111111111,3,2,0,0,0,0,1,1,0.0,0.0,0.000475019738995911,449000.0
10659294,1,0.0,1.0,0.0,0.0,0.0,0.0,0.0,0.0,0.0,0.0,0.0,0.0,0.0,1.0,0.0,0.0,0.0,1.0,0.8948979591836735,0.1818181818181818,0.09090909090909091,0.07142857142857142,0.1111111111111111,2,0,0,0,0,0,1,1,0.3,0.4,0.000822572791272842,559000.0
10659296,1,0.0,1.0,0.0,0.0,0.0,1.0,0.0,0.0,0.0,0.0,0.0,0.0,0.0,0.0,0.0,0.0,0.0,1.0,0.34183673469387754,0.2727272727272727,0.18181818181818182,0.0,0.16666666666666666,1,2,0,0,0,0,1,1,0.0,0.0,0.007849747038233587,1795000.0
10659299,1,0.0,1.0,0.0,0.0,0.0,0.0,0.0,0.0,1.0,0.0,0.0,0.0,0.0,0.0,0.0,0.0,0.0,1.0,0.3193877551020408,0.2727272727272727,0.18181818181818182,0.0,0.1111111111111111,0,2,0,0,0,0,1,0,0.0,0.0,0.007978130751475725,595000.0
10659293,1,0.0,1.0,0.0,0.0,0.0,0.0,0.0,0.0,0.0,0.0,0.0,0.0,0.0,1.0,0.0,0.0,1.0,0.0,0.3918367346938776,0.4545454545454545,0.2727272727272727,0.0,0.0,0,1,1,0,0,0,1,1,0.0,0.4,0.0005144518794917105,5650000.0
10659301,1,0.0,1.0,0.0,0.0,0.0,0.0,1.0,0.0,0.0,0.0,0.0,0.0,0.0,0.0,0.0,0.0,0.0,1.0,0.1326530612244898,0.36363636363636365,0.09090909090909091,0.0,0.1111111111111111,5,6,0,0,0,0,1,0,0.0,0.0,0.0004126619354211582,249000.0
10659304,0,0.0,1.0,0.0,0.0,0.0,0.0,0.0,0.0,0.0,0.0,0.0,0.0,0.0,1.0,0.0,0.0,1.0,0.0,0.026530612244897965,0.0,0.09090909090909091,0.0,0.05555555555555555,1,5,0,0,0,0,0,0,0.0,0.0,0.0,448000.0
10659310,1,0.0,1.0,0.0,0.0,0.0,0.0,0.0,0.0,0.0,0.0,0.0,0.0,0.0,1.0,0.0,0.0,0.0,1.0,0.06632653061224492,0.1818181818181818,0.09090909090909091,0.0,0.05555555555555555,5,6,0,0,0,0,0,1,0.0,0.0,5.135348529685524e-05,150000.0
10659311,0,1.0,0.0,0.0,0.0,1.0,0.0,0.0,0.0,0.0,0.0,0.0,0.0,0.0,0.0,1.0,0.0,0.0,0.0,0.07653061224489796,0.09090909090909091,0.09090909090909091,0.0,0.05555555555555555,0,7,0,1,0,0,0,0,0.0,0.0,0.0,320000.0
10659313,1,0.0,1.0,0.0,0.0,0.0,0.0,0.0,0.0,0.0,0.0,0.0,0.0,0.0,1.0,0.0,0.0,0.0,1.0,0.11020408163265308,0.09090909090909091,0.09090909090909091,0.0,0.05555555555555555,0,6,0,0,0,0,1,0,0.636,0.0,0.0006556739640580625,219000.0
10659315,1,0.0,1.0,0.0,0.0,0.0,0.0,0.0,0.0,0.0,0.0,0.0,0.0,0.0,1.0,0.0,0.0,0.0,1.0,0.1479591836734694,0.2727272727272727,0.09090909090909091,0.0,0.1111111111111111,5,6,0,0,0,0,1,0,0.14300000000000002,0.0,0.0003448019727074566,165000.0
10659317,1,0.0,1.0,0.0,0.0,0.0,0.0,0.0,0.0,0.0,0.0,0.0,0.0,0.0,1.0,0.0,0.0,0.0,1.0,0.12346938775510205,0.09090909090909091,0.09090909090909091,0.0,0.05555555555555555,3,5,0,0,0,0,0,1,0.0,0.0,0.0,169000.0
10659320,1,0.0,1.0,0.0,0.0,0.0,0.0,0.0,0.0,1.0,0.0,0.0,0.0,0.0,0.0,0.0,0.0,0.0,1.0,0.3051020408163265,0.2727272727272727,0.09090909090909091,0.0,0.16666666666666666,4,3,0,0,0,0,1,1,0.0,0.2,0.0035782374933630207,544000.0
10659321,1,0.0,1.0,0.0,0.0,0.0,0.0,0.0,0.0,1.0,0.0,0.0,0.0,0.0,0.0,0.0,0.0,1.0,0.0,0.4755102040816327,0.4545454545454545,0.18181818181818182,0.0,0.4444444444444444,3,4,0,0,0,0,1,0,1.0,0.0,0.01871651133765742,849000.0
10659329,0,0.0,1.0,0.0,0.0,0.0,0.0,0.0,0.0,0.0,0.0,0.0,0.0,0.0,1.0,0.0,0.0,1.0,0.0,0.030612244897959183,0.0,0.09090909090909091,0.0,0.05555555555555555,3,2,1,0,1,0,0,1,0.0,0.0,0.0,208000.0
10659323,1,0.0,1.0,0.0,0.0,0.0,0.0,1.0,0.0,0.0,0.0,0.0,0.0,0.0,0.0,0.0,0.0,0.0,1.0,0.19387755102040818,0.2727272727272727,0.09090909090909091,0.14285714285714285,0.16666666666666666,3,3,0,1,1,0,1,1,0.0,1.0,0.0026364512540796217,685000.0
10659332,0,1.0,0.0,0.0,0.0,1.0,0.0,0.0,0.0,0.0,0.0,0.0,0.0,0.0,0.0,0.0,1.0,0.0,0.0,0.11734693877551022,0.1818181818181818,0.18181818181818182,0.0,0.0,1,3,1,1,0,0,0,1,0.0,0.06,0.0,475000.0
10659330,0,0.0,1.0,0.0,0.0,0.0,0.0,0.0,0.0,0.0,0.0,0.0,0.0,0.0,1.0,0.0,0.0,1.0,0.0,0.10408163265306122,0.1818181818181818,0.18181818181818182,0.0,0.1111111111111111,1,2,0,0,0,0,0,0,0.0,0.0,0.0,685000.0
10659328,0,0.0,1.0,0.0,0.0,0.0,0.0,0.0,0.0,0.0,0.0,0.0,0.0,0.0,1.0,0.0,0.0,1.0,0.0,0.06122448979591837,0.1818181818181818,0.09090909090909091,0.0,0.05555555555555555,0,6,1,0,0,0,0,0,0.0,0.0,0.0,550000.0
10659333,0,1.0,0.0,0.0,0.0,1.0,0.0,0.0,0.0,0.0,0.0,0.0,0.0,0.0,0.0,1.0,0.0,0.0,0.0,0.07653061224489796,0.09090909090909091,0.0,0.07142857142857142,0.05555555555555555,1,0,0,1,0,0,0,1,0.0,0.15,0.0,335000.0
10659340,1,0.0,0.0,1.0,0.0,0.0,0.0,0.0,0.0,0.0,1.0,0.0,0.0,0.0,0.0,1.0,0.0,0.0,0.0,0.12551020408163266,0.1818181818181818,0.09090909090909091,0.0,0.1111111111111111,1,3,0,1,0,0,1,1,0.45,0.32,0.0,295000.0
10659335,0,1.0,0.0,0.0,0.0,1.0,0.0,0.0,0.0,0.0,0.0,0.0,0.0,0.0,0.0,0.0,1.0,0.0,0.0,0.06632653061224492,0.09090909090909091,0.09090909090909091,0.0,0.05555555555555555,2,6,0,1,0,0,0,0,0.0,0.0,0.0,345000.0
10659349,1,0.0,1.0,0.0,0.0,0.0,0.0,1.0,0.0,0.0,0.0,0.0,0.0,0.0,0.0,0.0,0.0,0.0,1.0,0.15510204081632656,0.09090909090909091,0.09090909090909091,0.0,0.1111111111111111,5,6,0,1,0,0,0,0,0.0,0.0,0.00016506477416846328,249000.0
10659342,1,0.0,1.0,0.0,1.0,0.0,0.0,0.0,0.0,0.0,0.0,0.0,0.0,0.0,0.0,0.0,0.0,0.0,1.0,0.15306122448979595,0.1818181818181818,0.09090909090909091,0.07142857142857142,0.1111111111111111,3,2,0,0,0,0,1,0,0.28500000000000003,0.0,0.0004768537920422273,466000.0
10659345,1,0.0,1.0,0.0,1.0,0.0,0.0,0.0,0.0,0.0,0.0,0.0,0.0,0.0,0.0,0.0,0.0,0.0,1.0,0.05510204081632653,0.09090909090909091,0.09090909090909091,0.0,0.05555555555555555,1,2,0,1,0,0,0,1,0.0,0.04,0.0,225000.0
10659343,0,0.0,1.0,0.0,1.0,0.0,0.0,0.0,0.0,0.0,0.0,0.0,0.0,0.0,0.0,0.0,1.0,0.0,0.0,0.06122448979591837,0.09090909090909091,0.09090909090909091,0.0,0.05555555555555555,3,0,1,0,0,0,0,0,0.0,0.0,0.0,220000.0
10659344,1,0.0,0.0,1.0,0.0,0.0,0.0,0.0,0.0,0.0,1.0,0.0,0.0,0.0,0.0,0.0,0.0,0.0,1.0,0.07653061224489796,0.09090909090909091,0.09090909090909091,0.07142857142857142,0.05555555555555555,0,4,0,1,0,0,1,1,0.08,0.0,0.0002246714981737417,219000.0
10659350,1,0.0,1.0,0.0,0.0,0.0,0.0,1.0,0.0,0.0,0.0,0.0,0.0,0.0,0.0,0.0,0.0,0.0,1.0,0.1326530612244898,0.2727272727272727,0.0,0.07142857142857142,0.1111111111111111,4,0,0,0,0,0,0,0,0.0,0.0,0.0,250000.0
10659352,0,1.0,0.0,0.0,0.0,1.0,0.0,0.0,0.0,0.0,0.0,0.0,0.0,0.0,0.0,1.0,0.0,0.0,0.0,0.13673469387755105,0.1818181818181818,0.18181818181818182,0.0,0.1111111111111111,3,3,1,1,0,0,0,1,0.0,0.07,0.0,625000.0
10659351,1,0.0,0.0,1.0,0.0,0.0,0.0,0.0,0.0,0.0,0.0,0.0,0.0,1.0,0.0,0.0,0.0,0.0,1.0,0.11938775510204083,0.2727272727272727,0.09090909090909091,0.0,0.16666666666666666,3,3,0,0,0,0,1,1,0.074,0.19,0.0001815712515853096,360000.0
10659354,1,0.0,1.0,0.0,0.0,0.0,0.0,0.0,0.0,0.0,0.0,0.0,0.0,0.0,1.0,0.0,0.0,1.0,0.0,0.22448979591836737,0.1818181818181818,0.09090909090909091,0.0,0.05555555555555555,4,3,0,1,0,0,1,1,0.0,0.0,0.0005859799482980446,279500.0
10659357,1,0.0,0.0,1.0,0.0,0.0,0.0,0.0,0.0,0.0,0.0,0.0,0.0,1.0,0.0,0.0,0.0,0.0,1.0,0.13367346938775512,0.1818181818181818,0.0,0.07142857142857142,0.1111111111111111,0,5,0,1,0,0,1,0,0.0,0.0,0.00080881739342547,420000.0
10659355,1,0.0,0.0,1.0,0.0,0.0,0.0,0.0,0.0,0.0,0.0,0.0,1.0,0.0,0.0,1.0,0.0,0.0,0.0,0.25204081632653064,0.36363636363636365,0.18181818181818182,0.0,0.1111111111111111,0,6,0,1,0,0,0,1,0.0,0.41000000000000003,0.003525966981543007,474000.0
10659356,1,0.0,1.0,0.0,0.0,0.0,1.0,0.0,0.0,0.0,0.0,0.0,0.0,0.0,0.0,0.0,0.0,0.0,1.0,0.25816326530612244,0.1818181818181818,0.09090909090909091,0.0,0.1111111111111111,5,6,0,1,0,0,1,1,0.0,0.0,0.001390212209107724,1125000.0
10659359,0,0.0,0.0,1.0,0.0,0.0,0.0,0.0,0.0,0.0,0.0,0.0,0.0,1.0,0.0,0.0,0.0,1.0,0.0,0.07244897959183674,0.09090909090909091,0.09090909090909091,0.0,0.05555555555555555,0,1,0,1,0,0,1,1,0.0,0.17,0.0,410000.0
10659358,1,0.0,0.0,1.0,0.0,0.0,0.0,0.0,0.0,0.0,0.0,0.0,0.0,1.0,0.0,0.0,0.0,0.0,1.0,0.13367346938775512,0.1818181818181818,0.0,0.07142857142857142,0.1111111111111111,0,5,0,1,0,0,1,0,0.0,0.0,0.00080881739342547,420000.0
10659360,0,0.0,0.0,1.0,0.0,0.0,0.0,0.0,0.0,0.0,0.0,0.0,0.0,1.0,0.0,0.0,0.0,1.0,0.0,0.07346938775510206,0.09090909090909091,0.09090909090909091,0.0,0.05555555555555555,0,1,0,1,0,0,1,1,0.0,0.18,0.0,425000.0
10659362,0,0.0,0.0,1.0,0.0,0.0,0.0,0.0,0.0,0.0,0.0,0.0,0.0,1.0,0.0,0.0,0.0,1.0,0.0,0.10204081632653061,0.1818181818181818,0.18181818181818182,0.0,0.1111111111111111,0,1,0,1,0,0,0,1,0.0,0.19,0.0,535000.0
10659363,0,0.0,0.0,1.0,0.0,0.0,0.0,0.0,0.0,0.0,0.0,0.0,0.0,1.0,0.0,0.0,0.0,1.0,0.0,0.07448979591836735,0.09090909090909091,0.09090909090909091,0.0,0.05555555555555555,0,1,0,1,0,0,0,1,0.0,0.15,0.0,425000.0
10659361,0,0.0,0.0,1.0,0.0,0.0,0.0,0.0,0.0,0.0,0.0,0.0,0.0,1.0,0.0,0.0,0.0,1.0,0.0,0.07142857142857142,0.09090909090909091,0.09090909090909091,0.0,0.05555555555555555,0,1,0,1,0,0,1,1,0.0,0.18,0.0,410000.0
10659364,0,0.0,0.0,1.0,0.0,0.0,0.0,0.0,0.0,0.0,0.0,0.0,0.0,1.0,0.0,0.0,0.0,1.0,0.0,0.13571428571428573,0.1818181818181818,0.18181818181818182,0.0,0.05555555555555555,0,1,0,1,0,0,1,1,0.0,0.3,0.0,595000.0
10659365,0,0.0,0.0,1.0,0.0,0.0,0.0,0.0,0.0,0.0,0.0,0.0,0.0,1.0,0.0,0.0,0.0,1.0,0.0,0.2285714285714286,0.1818181818181818,0.18181818181818182,0.0,0.1111111111111111,0,1,0,1,0,0,0,1,0.0,0.8300000000000001,0.0,945000.0
10659366,0,0.0,0.0,1.0,0.0,0.0,0.0,0.0,0.0,0.0,0.0,0.0,0.0,1.0,0.0,0.0,0.0,1.0,0.0,0.05408163265306123,0.0,0.09090909090909091,0.0,0.05555555555555555,0,1,0,1,0,0,0,1,0.0,0.04,0.0,295000.0
10659370,0,0.0,0.0,1.0,0.0,0.0,0.0,0.0,0.0,0.0,0.0,0.0,0.0,1.0,0.0,0.0,0.0,0.0,1.0,0.09387755102040818,0.1818181818181818,0.18181818181818182,0.0,0.1111111111111111,0,0,1,1,0,0,1,1,0.0,0.31,0.0,525000.0
10659368,0,0.0,0.0,1.0,0.0,0.0,0.0,0.0,0.0,0.0,0.0,0.0,0.0,1.0,0.0,0.0,0.0,0.0,1.0,0.0836734693877551,0.1818181818181818,0.18181818181818182,0.0,0.1111111111111111,0,0,1,1,0,0,1,1,0.0,0.15,0.0,450000.0
10659369,0,0.0,0.0,1.0,0.0,0.0,0.0,0.0,0.0,0.0,0.0,0.0,0.0,1.0,0.0,0.0,0.0,0.0,1.0,0.08673469387755103,0.09090909090909091,0.09090909090909091,0.0,0.05555555555555555,0,0,1,1,0,0,1,1,0.0,0.21,0.0,445000.0
10659371,0,0.0,0.0,1.0,0.0,0.0,0.0,0.0,0.0,0.0,0.0,0.0,0.0,1.0,0.0,0.0,0.0,0.0,1.0,0.0979591836734694,0.1818181818181818,0.18181818181818182,0.0,0.1111111111111111,0,0,1,1,0,0,1,1,0.0,0.31,0.0,528000.0
10659367,0,0.0,0.0,1.0,0.0,0.0,0.0,0.0,0.0,0.0,0.0,0.0,0.0,1.0,0.0,0.0,0.0,0.0,1.0,0.08469387755102042,0.1818181818181818,0.18181818181818182,0.0,0.1111111111111111,0,0,1,1,0,0,1,1,0.0,0.34,0.0,440000.0
10659376,0,0.0,0.0,1.0,0.0,0.0,0.0,0.0,0.0,0.0,0.0,0.0,0.0,1.0,0.0,0.0,0.0,0.0,1.0,0.07653061224489796,0.0,0.09090909090909091,0.07142857142857142,0.05555555555555555,0,0,1,1,0,0,1,0,0.13,0.0,0.0,390000.0
10659375,0,0.0,0.0,1.0,0.0,0.0,0.0,0.0,0.0,0.0,0.0,0.0,0.0,1.0,0.0,0.0,0.0,0.0,1.0,0.07959183673469389,0.0,0.09090909090909091,0.07142857142857142,0.05555555555555555,0,0,1,1,0,0,1,1,0.09,0.0,0.0,399000.0
10659374,0,0.0,0.0,1.0,0.0,0.0,0.0,0.0,0.0,0.0,0.0,0.0,0.0,1.0,0.0,0.0,0.0,0.0,1.0,0.07959183673469389,0.0,0.09090909090909091,0.07142857142857142,0.05555555555555555,0,0,1,1,0,0,1,0,0.045,0.0,0.0,397000.0
10659373,0,0.0,0.0,1.0,0.0,0.0,0.0,0.0,0.0,0.0,0.0,0.0,0.0,1.0,0.0,0.0,0.0,1.0,0.0,0.07142857142857142,0.09090909090909091,0.09090909090909091,0.0,0.05555555555555555,0,1,0,1,0,0,1,1,0.0,0.18,0.0,410000.0
10659372,0,0.0,0.0,1.0,0.0,0.0,0.0,0.0,0.0,0.0,0.0,0.0,0.0,1.0,0.0,0.0,0.0,0.0,1.0,0.08673469387755103,0.09090909090909091,0.09090909090909091,0.0,0.05555555555555555,0,0,1,1,0,0,1,1,0.0,0.35000000000000003,0.0,425000.0
10659377,0,0.0,0.0,1.0,0.0,0.0,0.0,0.0,0.0,0.0,0.0,0.0,0.0,1.0,0.0,0.0,0.0,0.0,1.0,0.07551020408163267,0.0,0.09090909090909091,0.0,0.05555555555555555,0,0,1,1,0,0,1,1,0.13,0.15,0.0,359000.0
10659379,0,0.0,0.0,1.0,0.0,0.0,0.0,0.0,0.0,0.0,0.0,0.0,0.0,1.0,0.0,0.0,0.0,0.0,1.0,0.12653061224489798,0.09090909090909091,0.09090909090909091,0.07142857142857142,0.1111111111111111,0,0,1,1,0,0,0,1,0.0,0.06,0.0,475000.0
10659380,0,0.0,0.0,1.0,0.0,0.0,0.0,0.0,0.0,0.0,0.0,0.0,0.0,1.0,0.0,0.0,0.0,0.0,1.0,0.29081632653061223,0.1818181818181818,0.18181818181818182,0.14285714285714285,0.1111111111111111,0,0,1,1,0,0,0,1,0.0,0.19,0.0,885000.0
10659378,0,0.0,0.0,1.0,0.0,0.0,0.0,0.0,0.0,0.0,0.0,0.0,0.0,1.0,0.0,0.0,0.0,0.0,1.0,0.08469387755102042,0.1818181818181818,0.18181818181818182,0.0,0.1111111111111111,0,0,1,1,0,0,1,1,0.0,0.34,0.0,440000.0
10528306,0,0.0,1.0,0.0,1.0,0.0,0.0,0.0,0.0,0.0,0.0,0.0,0.0,0.0,0.0,0.0,0.0,0.0,1.0,0.06632653061224492,0.0,0.09090909090909091,0.0,0.05555555555555555,1,3,0,0,0,0,1,1,0.0,0.25,0.0,249000.0
10397238,1,0.0,0.0,1.0,0.0,0.0,0.0,0.0,0.0,0.0,1.0,0.0,0.0,0.0,0.0,1.0,0.0,0.0,0.0,0.18877551020408165,0.2727272727272727,0.36363636363636365,0.2857142857142857,0.2222222222222222,3,4,0,0,0,0,0,0,0.0,0.0,4.860240572738086e-05,325000.0
10659387,0,0.0,0.0,1.0,0.0,0.0,0.0,0.0,0.0,0.0,0.0,0.0,0.0,1.0,0.0,0.0,0.0,0.0,1.0,0.14285714285714288,0.09090909090909091,0.18181818181818182,0.14285714285714285,0.1111111111111111,0,0,1,1,0,0,0,1,0.0,0.3,0.0,675000.0
10659385,0,0.0,0.0,1.0,0.0,0.0,0.0,0.0,0.0,0.0,0.0,0.0,0.0,1.0,0.0,0.0,0.0,0.0,1.0,0.12551020408163266,0.09090909090909091,0.09090909090909091,0.07142857142857142,0.1111111111111111,0,0,1,1,0,0,0,1,0.0,0.13,0.0,550000.0
10659384,0,0.0,0.0,1.0,0.0,0.0,0.0,0.0,0.0,0.0,0.0,0.0,0.0,1.0,0.0,0.0,0.0,0.0,1.0,0.1785714285714286,0.1818181818181818,0.18181818181818182,0.14285714285714285,0.1111111111111111,0,0,1,1,0,0,0,1,0.0,0.31,0.0,775000.0
10659389,0,0.0,0.0,1.0,0.0,0.0,0.0,0.0,0.0,0.0,0.0,0.0,0.0,1.0,0.0,0.0,0.0,0.0,1.0,0.0836734693877551,0.1818181818181818,0.18181818181818182,0.0,0.1111111111111111,0,0,1,1,0,0,1,1,0.0,0.35000000000000003,0.0,440000.0
10659391,0,0.0,0.0,1.0,0.0,0.0,0.0,0.0,0.0,0.0,0.0,0.0,0.0,1.0,0.0,0.0,0.0,0.0,1.0,0.0836734693877551,0.1818181818181818,0.18181818181818182,0.0,0.1111111111111111,0,0,1,1,0,0,1,1,0.0,0.15,0.0,450000.0
10659388,0,0.0,0.0,1.0,0.0,0.0,0.0,0.0,0.0,0.0,0.0,0.0,0.0,1.0,0.0,0.0,0.0,1.0,0.0,0.2285714285714286,0.1818181818181818,0.18181818181818182,0.0,0.1111111111111111,0,1,0,1,0,0,0,1,0.0,0.8300000000000001,0.0,945000.0
10659390,0,0.0,0.0,1.0,0.0,0.0,0.0,0.0,0.0,0.0,0.0,0.0,0.0,1.0,0.0,0.0,0.0,0.0,1.0,0.08673469387755103,0.09090909090909091,0.09090909090909091,0.0,0.05555555555555555,0,0,1,1,0,0,1,1,0.0,0.35000000000000003,0.0,425000.0
10659392,0,0.0,0.0,1.0,0.0,0.0,0.0,0.0,0.0,0.0,0.0,0.0,0.0,1.0,0.0,0.0,0.0,0.0,1.0,0.08571428571428572,0.1818181818181818,0.18181818181818182,0.0,0.1111111111111111,0,0,1,1,0,0,1,1,0.0,0.13,0.0,450000.0
10659395,0,0.0,0.0,1.0,0.0,0.0,0.0,0.0,0.0,0.0,0.0,0.0,0.0,1.0,0.0,0.0,0.0,0.0,1.0,0.0979591836734694,0.1818181818181818,0.18181818181818182,0.0,0.1111111111111111,0,0,1,1,0,0,1,1,0.0,0.31,0.0,528000.0
10659394,0,0.0,0.0,1.0,0.0,0.0,0.0,0.0,0.0,0.0,0.0,0.0,0.0,1.0,0.0,0.0,0.0,0.0,1.0,0.08673469387755103,0.09090909090909091,0.09090909090909091,0.0,0.05555555555555555,0,0,1,1,0,0,1,1,0.0,0.21,0.0,445000.0
10659393,0,0.0,0.0,1.0,0.0,0.0,0.0,0.0,0.0,0.0,0.0,0.0,0.0,1.0,0.0,0.0,0.0,0.0,1.0,0.09387755102040818,0.1818181818181818,0.18181818181818182,0.0,0.1111111111111111,0,0,1,1,0,0,1,1,0.0,0.31,0.0,525000.0
10659396,0,0.0,0.0,1.0,0.0,0.0,0.0,0.0,0.0,0.0,0.0,0.0,0.0,1.0,0.0,0.0,0.0,0.0,1.0,0.0836734693877551,0.1818181818181818,0.18181818181818182,0.0,0.1111111111111111,0,0,1,1,0,0,1,1,0.0,0.35000000000000003,0.0,440000.0
10659400,0,0.0,0.0,1.0,0.0,0.0,0.0,0.0,0.0,0.0,0.0,0.0,0.0,1.0,0.0,0.0,0.0,1.0,0.0,0.07244897959183674,0.09090909090909091,0.09090909090909091,0.0,0.05555555555555555,0,1,0,1,0,0,1,1,0.0,0.17,0.0,410000.0
10659399,0,0.0,0.0,1.0,0.0,0.0,0.0,0.0,0.0,0.0,0.0,0.0,0.0,1.0,0.0,0.0,0.0,0.0,1.0,0.08673469387755103,0.09090909090909091,0.09090909090909091,0.0,0.05555555555555555,0,0,1,1,0,0,1,1,0.0,0.35000000000000003,0.0,425000.0
10659397,0,0.0,0.0,1.0,0.0,0.0,0.0,0.0,0.0,0.0,0.0,0.0,0.0,1.0,0.0,0.0,0.0,0.0,1.0,0.08571428571428572,0.1818181818181818,0.18181818181818182,0.0,0.1111111111111111,0,0,1,1,0,0,1,1,0.0,0.13,0.0,450000.0
10659401,0,0.0,0.0,1.0,0.0,0.0,0.0,0.0,0.0,0.0,0.0,0.0,0.0,1.0,0.0,0.0,0.0,1.0,0.0,0.07346938775510206,0.09090909090909091,0.09090909090909091,0.0,0.05555555555555555,0,1,0,1,0,0,1,1,0.0,0.18,0.0,425000.0
10659402,0,0.0,0.0,1.0,0.0,0.0,0.0,0.0,0.0,0.0,0.0,0.0,0.0,1.0,0.0,0.0,0.0,1.0,0.0,0.07448979591836735,0.09090909090909091,0.09090909090909091,0.0,0.05555555555555555,0,1,0,1,0,0,0,1,0.0,0.15,0.0,425000.0
10659398,0,0.0,0.0,1.0,0.0,0.0,0.0,0.0,0.0,0.0,0.0,0.0,0.0,1.0,0.0,0.0,0.0,0.0,1.0,0.0836734693877551,0.1818181818181818,0.18181818181818182,0.0,0.1111111111111111,0,0,1,1,0,0,1,1,0.0,0.35000000000000003,0.0,440000.0
10659406,0,0.0,0.0,1.0,0.0,0.0,0.0,0.0,0.0,0.0,0.0,0.0,0.0,1.0,0.0,0.0,0.0,0.0,1.0,0.08469387755102042,0.1818181818181818,0.18181818181818182,0.0,0.1111111111111111,0,0,1,1,0,0,1,1,0.0,0.34,0.0,440000.0
10659404,0,0.0,0.0,1.0,0.0,0.0,0.0,0.0,0.0,0.0,0.0,0.0,0.0,1.0,0.0,0.0,0.0,1.0,0.0,0.05408163265306123,0.0,0.09090909090909091,0.0,0.05555555555555555,0,1,0,1,0,0,0,1,0.0,0.04,0.0,295000.0
10659405,0,0.0,0.0,1.0,0.0,0.0,0.0,0.0,0.0,0.0,0.0,0.0,0.0,1.0,0.0,0.0,0.0,1.0,0.0,0.10204081632653061,0.1818181818181818,0.18181818181818182,0.0,0.1111111111111111,0,1,0,1,0,0,0,1,0.0,0.19,0.0,535000.0
10659403,0,0.0,0.0,1.0,0.0,0.0,0.0,0.0,0.0,0.0,0.0,0.0,0.0,1.0,0.0,0.0,0.0,1.0,0.0,0.13571428571428573,0.1818181818181818,0.18181818181818182,0.0,0.05555555555555555,0,1,0,1,0,0,1,1,0.0,0.3,0.0,595000.0
10659410,0,0.0,0.0,1.0,0.0,0.0,0.0,0.0,0.0,0.0,0.0,0.0,0.0,1.0,0.0,0.0,0.0,0.0,1.0,0.09387755102040818,0.1818181818181818,0.18181818181818182,0.0,0.1111111111111111,0,0,1,1,0,0,1,1,0.0,0.31,0.0,525000.0
10659409,0,0.0,0.0,1.0,0.0,0.0,0.0,0.0,0.0,0.0,0.0,0.0,0.0,1.0,0.0,0.0,0.0,0.0,1.0,0.08571428571428572,0.1818181818181818,0.18181818181818182,0.0,0.1111111111111111,0,0,1,1,0,0,1,1,0.0,0.13,0.0,450000.0
10659411,0,0.0,0.0,1.0,0.0,0.0,0.0,0.0,0.0,0.0,0.0,0.0,0.0,1.0,0.0,0.0,0.0,0.0,1.0,0.0979591836734694,0.1818181818181818,0.18181818181818182,0.0,0.1111111111111111,0,0,1,1,0,0,1,1,0.0,0.31,0.0,528000.0
10659407,0,0.0,0.0,1.0,0.0,0.0,0.0,0.0,0.0,0.0,0.0,0.0,0.0,1.0,0.0,0.0,0.0,0.0,1.0,0.0836734693877551,0.1818181818181818,0.18181818181818182,0.0,0.1111111111111111,0,0,1,1,0,0,1,1,0.0,0.15,0.0,450000.0
10659408,0,0.0,0.0,1.0,0.0,0.0,0.0,0.0,0.0,0.0,0.0,0.0,0.0,1.0,0.0,0.0,0.0,0.0,1.0,0.08673469387755103,0.09090909090909091,0.09090909090909091,0.0,0.05555555555555555,0,0,1,1,0,0,1,1,0.0,0.21,0.0,445000.0
10397290,0,0.0,1.0,0.0,0.0,0.0,1.0,0.0,0.0,0.0,0.0,0.0,0.0,0.0,0.0,0.0,0.0,0.0,1.0,0.07346938775510206,0.09090909090909091,0.09090909090909091,0.0,0.05555555555555555,3,2,0,0,0,0,0,1,0.0,0.08,0.0,195000.0
10659463,0,1.0,0.0,0.0,0.0,1.0,0.0,0.0,0.0,0.0,0.0,0.0,0.0,0.0,0.0,0.0,1.0,0.0,0.0,0.09693877551020408,0.09090909090909091,0.09090909090909091,0.07142857142857142,0.05555555555555555,1,4,1,0,0,0,1,1,0.115,0.13,0.0,289000.0
10659479,1,0.0,0.0,1.0,0.0,0.0,0.0,0.0,0.0,0.0,1.0,0.0,0.0,0.0,0.0,0.0,1.0,0.0,0.0,0.15000000000000002,0.2727272727272727,0.0,0.21428571428571427,0.16666666666666666,0,7,0,0,0,0,0,0,0.0,0.0,0.0001531434293674076,329000.0
10659480,1,0.0,1.0,0.0,0.0,0.0,0.0,0.0,0.0,0.0,0.0,0.0,0.0,0.0,1.0,0.0,0.0,0.0,1.0,0.15510204081632656,0.1818181818181818,0.0,0.0,0.0,3,4,0,0,0,0,0,1,0.0,0.0,0.00021641825946531852,261500.0
10659485,1,0.0,0.0,1.0,0.0,0.0,0.0,0.0,0.0,0.0,1.0,0.0,0.0,0.0,0.0,0.0,0.0,0.0,1.0,0.3448979591836735,0.4545454545454545,0.5454545454545454,0.0,0.3333333333333333,0,7,0,0,0,0,0,1,0.0,0.2,0.001042659156830793,270000.0
10659481,0,0.0,0.0,1.0,0.0,0.0,0.0,0.0,0.0,0.0,1.0,0.0,0.0,0.0,0.0,0.0,0.0,1.0,0.0,0.06122448979591837,0.09090909090909091,0.0,0.07142857142857142,0.05555555555555555,0,0,0,0,0,0,1,1,0.048,0.11,0.0,232500.0
10659489,1,0.0,1.0,0.0,0.0,0.0,1.0,0.0,0.0,0.0,0.0,0.0,0.0,0.0,0.0,0.0,0.0,0.0,1.0,0.09183673469387757,0.1818181818181818,0.09090909090909091,0.0,0.1111111111111111,0,3,0,1,0,0,0,0,0.0,0.0,5.502159138948776e-05,219000.0
10659482,0,0.0,0.0,1.0,0.0,0.0,0.0,0.0,0.0,0.0,1.0,0.0,0.0,0.0,0.0,0.0,0.0,1.0,0.0,0.042857142857142864,0.0,0.0,0.07142857142857142,0.05555555555555555,0,0,0,0,0,0,1,1,0.033,0.08,0.0,193500.0
10659498,0,0.0,0.0,1.0,0.0,0.0,0.0,0.0,0.0,0.0,1.0,0.0,0.0,0.0,0.0,0.0,0.0,1.0,0.0,0.11836734693877551,0.1818181818181818,0.09090909090909091,0.07142857142857142,0.1111111111111111,0,0,0,0,0,0,1,1,0.048,0.2,0.0,325000.0
10659503,0,0.0,0.0,1.0,0.0,0.0,0.0,0.0,0.0,0.0,1.0,0.0,0.0,0.0,0.0,1.0,0.0,0.0,0.0,0.1836734693877551,0.2727272727272727,0.09090909090909091,0.07142857142857142,0.1111111111111111,3,3,1,0,0,0,0,1,0.0,0.02,0.0,559000.0
10659505,1,1.0,0.0,0.0,0.0,1.0,0.0,0.0,0.0,0.0,0.0,0.0,0.0,0.0,0.0,0.0,1.0,0.0,0.0,0.2857142857142857,0.36363636363636365,0.36363636363636365,0.2857142857142857,0.2222222222222222,1,0,0,0,0,0,0,1,0.0,0.05,0.0,599000.0
10659509,1,0.0,1.0,0.0,0.0,0.0,0.0,0.0,0.0,0.0,0.0,0.0,0.0,0.0,1.0,0.0,0.0,0.0,1.0,0.07653061224489796,0.0,0.09090909090909091,0.0,0.1111111111111111,3,6,0,1,0,0,1,0,0.0,0.0,0.0,185000.0
10659512,1,0.0,0.0,1.0,0.0,0.0,0.0,0.0,1.0,0.0,0.0,0.0,0.0,0.0,0.0,0.0,0.0,1.0,0.0,0.10204081632653061,0.1818181818181818,0.09090909090909091,0.0,0.05555555555555555,0,3,0,1,0,0,0,0,0.0,0.0,0.00520137443935291,570000.0
10659507,1,0.0,1.0,0.0,0.0,0.0,1.0,0.0,0.0,0.0,0.0,0.0,0.0,0.0,0.0,0.0,0.0,1.0,0.0,0.29081632653061223,0.1818181818181818,0.09090909090909091,0.0,0.1111111111111111,5,5,0,1,0,0,1,0,0.0,0.0,0.0002090820472800535,149000.0
10659506,1,0.0,1.0,0.0,1.0,0.0,0.0,0.0,0.0,0.0,0.0,0.0,0.0,0.0,0.0,0.0,0.0,0.0,1.0,0.176530612244898,0.36363636363636365,0.18181818181818182,0.0,0.1111111111111111,5,6,0,1,0,0,0,0,0.0,0.0,0.0003026187526421827,419000.0
10659516,0,1.0,0.0,0.0,0.0,1.0,0.0,0.0,0.0,0.0,0.0,0.0,0.0,0.0,0.0,0.0,1.0,0.0,0.0,0.14183673469387756,0.1818181818181818,0.09090909090909091,0.0,0.1111111111111111,0,5,1,1,0,0,0,1,0.0,0.05,0.0,460000.0
10659521,1,0.0,1.0,0.0,1.0,0.0,0.0,0.0,0.0,0.0,0.0,0.0,0.0,0.0,0.0,0.0,0.0,0.0,1.0,0.14285714285714288,0.1818181818181818,0.09090909090909091,0.0,0.1111111111111111,0,3,0,1,0,0,1,0,0.0,0.0,0.00039615545800431186,319000.0
10659532,1,0.0,1.0,0.0,0.0,0.0,0.0,1.0,0.0,0.0,0.0,0.0,0.0,0.0,0.0,0.0,1.0,0.0,0.0,0.17040816326530614,0.1818181818181818,0.2727272727272727,0.21428571428571427,0.16666666666666666,2,0,0,0,0,0,0,0,0.0,0.0,6.144077705159467e-05,870000.0
10659523,0,0.0,1.0,0.0,1.0,0.0,0.0,0.0,0.0,0.0,0.0,0.0,0.0,0.0,0.0,0.0,1.0,0.0,0.0,0.11224489795918369,0.09090909090909091,0.09090909090909091,0.0,0.1111111111111111,2,1,0,1,0,0,1,1,0.0,0.15,0.0,419000.0
10659535,1,0.0,1.0,0.0,1.0,0.0,0.0,0.0,0.0,0.0,0.0,0.0,0.0,0.0,0.0,0.0,0.0,0.0,1.0,0.4357142857142857,0.2727272727272727,0.09090909090909091,0.07142857142857142,0.1111111111111111,3,4,0,1,0,0,1,1,1.0,0.35000000000000003,0.002920729476258642,849000.0
10659534,1,0.0,1.0,0.0,0.0,0.0,1.0,0.0,0.0,0.0,0.0,0.0,0.0,0.0,0.0,0.0,0.0,1.0,0.0,0.3653061224489796,0.2727272727272727,0.09090909090909091,0.0,0.2222222222222222,4,2,0,1,0,0,1,0,0.0,0.0,0.0005236221447232919,599000.0
10659536,1,0.0,1.0,0.0,1.0,0.0,0.0,0.0,0.0,0.0,0.0,0.0,0.0,0.0,0.0,0.0,0.0,1.0,0.0,0.18571428571428575,0.2727272727272727,0.09090909090909091,0.0,0.1111111111111111,0,2,0,1,0,0,1,1,0.096,0.2,0.0001806542250621515,340000.0
10659542,0,0.0,1.0,0.0,0.0,0.0,0.0,1.0,0.0,0.0,0.0,0.0,0.0,0.0,0.0,0.0,1.0,0.0,0.0,0.06122448979591837,0.0,0.09090909090909091,0.0,0.05555555555555555,3,6,0,1,0,0,0,0,0.0,0.0,0.0,209000.0
10659540,1,0.0,0.0,1.0,0.0,0.0,0.0,0.0,0.0,0.0,1.0,0.0,0.0,0.0,0.0,0.0,0.0,0.0,1.0,0.20408163265306126,0.2727272727272727,0.09090909090909091,0.07142857142857142,0.1111111111111111,1,2,0,0,0,0,1,1,1.0,1.0,0.0017882017201583521,428000.0
10659543,1,0.0,1.0,0.0,0.0,0.0,0.0,0.0,0.0,0.0,0.0,0.0,0.0,0.0,1.0,0.0,0.0,0.0,1.0,0.1469387755102041,0.2727272727272727,0.09090909090909091,0.0,0.05555555555555555,5,6,0,1,0,0,1,0,0.0,0.0,0.0005465478078022451,195000.0
10659544,1,0.0,1.0,0.0,0.0,0.0,1.0,0.0,0.0,0.0,0.0,0.0,0.0,0.0,0.0,0.0,1.0,0.0,0.0,0.176530612244898,0.1818181818181818,0.09090909090909091,0.0,0.1111111111111111,0,2,0,1,0,0,1,1,0.0,0.0,0.00028978038131796885,430000.0
10659549,1,0.0,0.0,1.0,0.0,0.0,0.0,0.0,0.0,0.0,1.0,0.0,0.0,0.0,0.0,1.0,0.0,0.0,0.0,0.2653061224489796,0.4545454545454545,0.0,0.0,0.0,0,4,0,1,0,0,0,1,0.0,0.0,7.244509532949221e-05,215000.0
10659547,0,0.0,0.0,1.0,0.0,0.0,0.0,0.0,0.0,0.0,1.0,0.0,0.0,0.0,0.0,0.0,0.0,1.0,0.0,0.40816326530612246,0.7272727272727273,0.2727272727272727,0.0,0.3333333333333333,0,0,0,1,0,0,0,1,0.0,0.3,0.0,299900.0
10659552,1,0.0,0.0,1.0,0.0,0.0,0.0,0.0,0.0,0.0,1.0,0.0,0.0,0.0,0.0,1.0,0.0,0.0,0.0,0.2653061224489796,0.1818181818181818,0.2727272727272727,0.0,0.16666666666666666,0,0,0,1,0,0,0,0,0.0,0.0,9.170265231581294e-05,199000.0
10659550,1,0.0,0.0,1.0,0.0,0.0,0.0,0.0,0.0,0.0,1.0,0.0,0.0,0.0,0.0,1.0,0.0,0.0,0.0,0.2653061224489796,0.4545454545454545,0.0,0.0,0.0,0,4,0,1,0,0,0,1,0.0,0.0,7.244509532949221e-05,215000.0
10659556,1,0.0,1.0,0.0,1.0,0.0,0.0,0.0,0.0,0.0,0.0,0.0,0.0,0.0,0.0,0.0,0.0,0.0,1.0,0.30918367346938774,0.2727272727272727,0.18181818181818182,0.0,0.16666666666666666,0,2,0,0,0,0,1,1,0.8,0.0,0.0011609555783181917,898000.0
10659558,0,0.0,0.0,1.0,0.0,0.0,0.0,0.0,0.0,0.0,1.0,0.0,0.0,0.0,0.0,0.0,0.0,0.0,1.0,0.06326530612244899,0.09090909090909091,0.09090909090909091,0.0,0.05555555555555555,3,2,0,1,0,0,1,0,0.53,0.0,0.0,169000.0
10659598,1,0.0,1.0,0.0,0.0,0.0,0.0,1.0,0.0,0.0,0.0,0.0,0.0,0.0,0.0,0.0,0.0,0.0,1.0,0.1948979591836735,0.2727272727272727,0.18181818181818182,0.14285714285714285,0.16666666666666666,1,1,0,0,0,0,1,1,0.0,0.35000000000000003,0.0005988183196222584,659999.0
10659595,0,0.0,1.0,0.0,0.0,0.0,0.0,0.0,0.0,0.0,0.0,0.0,0.0,0.0,1.0,0.0,0.0,0.0,1.0,0.017346938775510204,0.0,0.09090909090909091,0.0,0.05555555555555555,1,4,0,0,1,0,1,1,0.0,0.0,0.0,139950.0
10659596,1,0.0,1.0,0.0,0.0,0.0,1.0,0.0,0.0,0.0,0.0,0.0,0.0,0.0,0.0,0.0,0.0,0.0,1.0,0.2540816326530612,0.36363636363636365,0.18181818181818182,0.0,0.05555555555555555,1,2,0,0,1,0,0,1,0.0,0.0,0.0009812183797791984,585000.0
10659582,0,1.0,0.0,0.0,0.0,1.0,0.0,0.0,0.0,0.0,0.0,0.0,0.0,0.0,0.0,0.0,0.0,1.0,0.0,0.08877551020408164,0.09090909090909091,0.09090909090909091,0.0,0.05555555555555555,1,0,0,0,0,0,0,0,0.0,0.0,0.0,335000.0
10659599,0,0.0,1.0,0.0,0.0,0.0,0.0,0.0,0.0,0.0,0.0,0.0,0.0,0.0,1.0,0.0,0.0,0.0,1.0,0.06836734693877553,0.09090909090909091,0.09090909090909091,0.0,0.05555555555555555,1,3,1,0,0,0,0,1,0.0,0.0,0.0,339000.0
10659600,1,0.0,1.0,0.0,0.0,0.0,1.0,0.0,0.0,0.0,0.0,0.0,0.0,0.0,0.0,1.0,0.0,0.0,0.0,0.17142857142857146,0.1818181818181818,0.09090909090909091,0.0,0.0,4,6,0,0,0,0,0,0,0.0,0.0,8.253238708423164e-05,249000.0
10659603,1,0.0,1.0,0.0,0.0,0.0,1.0,0.0,0.0,0.0,0.0,0.0,0.0,0.0,0.0,0.0,0.0,1.0,0.0,0.14285714285714288,0.1818181818181818,0.09090909090909091,0.0,0.1111111111111111,2,2,0,0,0,0,0,1,0.0,0.0,0.00022008636555795105,329000.0
10659608,0,0.0,1.0,0.0,1.0,0.0,0.0,0.0,0.0,0.0,0.0,0.0,0.0,0.0,0.0,0.0,0.0,0.0,1.0,0.08673469387755103,0.1818181818181818,0.09090909090909091,0.0,0.05555555555555555,2,0,0,0,0,0,0,1,0.0,0.07,0.0,305000.0
10659601,1,0.0,1.0,0.0,0.0,0.0,1.0,0.0,0.0,0.0,0.0,0.0,0.0,0.0,0.0,0.0,0.0,1.0,0.0,0.1806122448979592,0.1818181818181818,0.09090909090909091,0.0,0.1111111111111111,2,0,0,0,0,0,0,1,0.0,0.0,0.0002723568773779644,399000.0
10659615,0,0.0,1.0,0.0,0.0,0.0,0.0,0.0,0.0,0.0,0.0,0.0,0.0,0.0,1.0,0.0,0.0,0.0,1.0,0.07551020408163267,0.09090909090909091,0.09090909090909091,0.0,0.05555555555555555,1,3,0,0,0,0,1,1,0.0,0.0,0.0,315000.0
10659616,0,0.0,1.0,0.0,0.0,0.0,0.0,0.0,0.0,0.0,0.0,0.0,0.0,0.0,1.0,0.0,0.0,0.0,1.0,0.0326530612244898,0.0,0.09090909090909091,0.0,0.0,2,3,1,0,0,0,1,0,0.0,0.0,0.0,266000.0
10659614,1,0.0,1.0,0.0,1.0,0.0,0.0,0.0,0.0,0.0,0.0,0.0,0.0,0.0,0.0,0.0,0.0,1.0,0.0,0.163265306122449,0.1818181818181818,0.09090909090909091,0.0,0.05555555555555555,3,0,0,1,0,0,0,0,0.0,0.0,0.0,179000.0
10659620,0,0.0,1.0,0.0,0.0,0.0,0.0,0.0,0.0,0.0,0.0,0.0,0.0,0.0,1.0,0.0,0.0,0.0,1.0,0.11734693877551022,0.1818181818181818,0.18181818181818182,0.0,0.05555555555555555,1,4,1,1,0,0,1,1,0.0,0.0,0.0,675000.0
10659622,0,0.0,1.0,0.0,0.0,0.0,0.0,0.0,0.0,0.0,0.0,0.0,0.0,0.0,1.0,0.0,0.0,0.0,1.0,0.051020408163265314,0.0,0.09090909090909091,0.0,0.05555555555555555,1,0,1,0,0,0,0,1,0.0,0.0,0.0,259000.0
10659632,0,0.0,1.0,0.0,0.0,0.0,0.0,1.0,0.0,0.0,0.0,0.0,0.0,0.0,0.0,0.0,0.0,0.0,1.0,0.1,0.09090909090909091,0.09090909090909091,0.0,0.05555555555555555,3,2,1,1,0,0,0,1,0.0,0.8,0.0,425000.0
10659635,0,0.0,1.0,0.0,0.0,0.0,0.0,0.0,0.0,0.0,0.0,0.0,0.0,0.0,1.0,0.0,0.0,1.0,0.0,0.06224489795918368,0.09090909090909091,0.09090909090909091,0.0,0.05555555555555555,3,2,1,0,0,0,0,0,0.0,0.0,0.0,145000.0
10659631,0,0.0,1.0,0.0,0.0,0.0,0.0,0.0,0.0,0.0,0.0,0.0,0.0,0.0,1.0,0.0,0.0,1.0,0.0,0.0673469387755102,0.09090909090909091,0.0,0.0,0.0,0,2,1,0,0,0,0,0,0.0,0.0,0.0,255000.0
10659638,1,0.0,1.0,0.0,0.0,0.0,0.0,0.0,0.0,1.0,0.0,0.0,0.0,0.0,0.0,0.0,0.0,0.0,1.0,0.163265306122449,0.2727272727272727,0.18181818181818182,0.0,0.1111111111111111,3,2,0,0,1,0,1,0,0.3,0.0,0.00048694108379696667,395000.0
10659637,1,0.0,1.0,0.0,0.0,0.0,0.0,0.0,0.0,1.0,0.0,0.0,0.0,0.0,0.0,0.0,0.0,0.0,1.0,0.19897959183673472,0.1818181818181818,0.09090909090909091,0.0,0.1111111111111111,1,2,0,0,0,0,0,0,0.0,0.0,0.0,669000.0
10659639,1,0.0,1.0,0.0,0.0,0.0,0.0,1.0,0.0,0.0,0.0,0.0,0.0,0.0,0.0,0.0,0.0,0.0,1.0,0.17346938775510207,0.09090909090909091,0.0,0.0,0.1111111111111111,0,0,0,0,0,0,1,0,0.45,0.0,0.0005437967282327707,195000.0
10659647,1,0.0,1.0,0.0,0.0,0.0,1.0,0.0,0.0,0.0,0.0,0.0,0.0,0.0,0.0,0.0,0.0,0.0,1.0,0.3163265306122449,0.4545454545454545,0.09090909090909091,0.0,0.05555555555555555,0,3,0,0,0,0,1,1,0.0,0.8,0.0009903886450107796,375000.0
10659660,1,0.0,1.0,0.0,0.0,0.0,0.0,0.0,0.0,0.0,0.0,0.0,0.0,0.0,1.0,0.0,0.0,0.0,1.0,0.17142857142857146,0.2727272727272727,0.09090909090909091,0.0,0.0,1,4,0,0,0,0,0,0,0.0,0.0,0.0008941008600791761,349000.0
10659649,1,0.0,0.0,1.0,0.0,0.0,0.0,0.0,0.0,0.0,1.0,0.0,0.0,0.0,0.0,1.0,0.0,0.0,0.0,0.1326530612244898,0.2727272727272727,0.0,0.2857142857142857,0.2222222222222222,5,0,0,1,0,0,0,0,0.0,0.0,4.585132615790647e-05,289000.0
10659648,1,0.0,1.0,0.0,0.0,0.0,1.0,0.0,0.0,0.0,0.0,0.0,0.0,0.0,0.0,0.0,0.0,0.0,1.0,0.1163265306122449,0.1818181818181818,0.09090909090909091,0.0,0.05555555555555555,2,2,0,0,0,0,1,1,0.0,0.37,0.00010545805016318488,325000.0
10659662,1,0.0,1.0,0.0,0.0,0.0,0.0,1.0,0.0,0.0,0.0,0.0,0.0,0.0,0.0,0.0,0.0,0.0,1.0,0.19387755102040818,0.2727272727272727,0.09090909090909091,0.07142857142857142,0.1111111111111111,2,0,0,0,0,0,1,1,0.1,0.1,0.00035764034403167045,535000.0
10659668,1,0.0,1.0,0.0,0.0,0.0,1.0,0.0,0.0,0.0,0.0,0.0,0.0,0.0,0.0,0.0,0.0,1.0,0.0,0.7091836734693878,0.2727272727272727,0.09090909090909091,0.0,0.2222222222222222,2,3,0,0,0,0,1,1,0.0,0.0,0.0018689000541962676,690000.0
10659675,1,0.0,1.0,0.0,0.0,0.0,1.0,0.0,0.0,0.0,0.0,0.0,0.0,0.0,0.0,0.0,0.0,0.0,1.0,0.15000000000000002,0.09090909090909091,0.09090909090909091,0.0,0.1111111111111111,5,6,0,0,0,0,1,0,0.0,0.0,0.0006052375052843654,205000.0
10659671,1,0.0,1.0,0.0,1.0,0.0,0.0,0.0,0.0,0.0,0.0,0.0,0.0,0.0,0.0,0.0,0.0,0.0,1.0,0.20204081632653065,0.2727272727272727,0.18181818181818182,0.0,0.1111111111111111,0,0,0,0,0,0,0,0,0.0,0.0,0.0002246714981737417,498000.0
10659669,0,0.0,1.0,0.0,0.0,0.0,1.0,0.0,0.0,0.0,0.0,0.0,0.0,0.0,0.0,0.0,0.0,0.0,1.0,0.05612244897959184,0.09090909090909091,0.09090909090909091,0.0,0.05555555555555555,1,3,1,0,0,0,1,1,0.0,0.0,0.0,255000.0
10659674,1,0.0,0.0,1.0,0.0,0.0,0.0,0.0,0.0,0.0,1.0,0.0,0.0,0.0,0.0,0.0,1.0,0.0,0.0,0.1622448979591837,0.1818181818181818,0.09090909090909091,0.0,0.1111111111111111,3,4,0,0,0,0,1,1,0.036000000000000004,0.01,0.00010454102364002675,240000.0
10659676,1,0.0,1.0,0.0,0.0,0.0,1.0,0.0,0.0,0.0,0.0,0.0,0.0,0.0,0.0,0.0,0.0,0.0,1.0,0.2306122448979592,0.2727272727272727,0.09090909090909091,0.0,0.05555555555555555,1,3,0,0,0,0,1,0,0.0,0.0,0.0012324836471245258,395000.0
10659678,0,1.0,0.0,0.0,0.0,1.0,0.0,0.0,0.0,0.0,0.0,0.0,0.0,0.0,0.0,0.0,0.0,0.0,1.0,0.1275510204081633,0.09090909090909091,0.18181818181818182,0.0,0.1111111111111111,1,2,1,0,0,0,1,1,0.0,0.37,0.0,675000.0
10659693,0,0.0,1.0,0.0,0.0,0.0,0.0,0.0,0.0,1.0,0.0,0.0,0.0,0.0,0.0,0.0,0.0,0.0,1.0,0.08571428571428572,0.09090909090909091,0.0,0.0,0.0,3,2,0,0,0,0,0,0,0.0,0.0,0.0,275000.0
10659694,1,0.0,1.0,0.0,0.0,0.0,0.0,0.0,0.0,1.0,0.0,0.0,0.0,0.0,0.0,0.0,0.0,1.0,0.0,0.44795918367346943,0.4545454545454545,0.09090909090909091,0.0,0.0,4,0,0,0,0,0,0,0,0.0,0.0,0.0014415656944045793,590000.0
10659696,1,0.0,1.0,0.0,0.0,0.0,0.0,0.0,0.0,1.0,0.0,0.0,0.0,0.0,0.0,0.0,0.0,0.0,1.0,0.18775510204081636,0.1818181818181818,0.09090909090909091,0.0,0.0,3,2,0,0,0,0,0,1,0.0,0.0,0.0004585132615790647,420000.0
10659702,1,0.0,1.0,0.0,0.0,0.0,1.0,0.0,0.0,0.0,0.0,0.0,0.0,0.0,0.0,0.0,0.0,1.0,0.0,0.1112244897959184,0.1818181818181818,0.09090909090909091,0.0,0.05555555555555555,1,2,0,0,0,0,0,0,0.0,0.0,4.585132615790647e-05,268500.0
10659698,1,0.0,1.0,0.0,0.0,0.0,0.0,0.0,0.0,0.0,0.0,0.0,0.0,0.0,1.0,0.0,0.0,1.0,0.0,0.1836734693877551,0.1818181818181818,0.09090909090909091,0.0,0.0,3,0,0,0,0,0,0,1,0.0,0.0,0.00020449691466426284,449000.0
10659701,1,0.0,1.0,0.0,0.0,0.0,1.0,0.0,0.0,0.0,0.0,0.0,0.0,0.0,0.0,1.0,0.0,0.0,0.0,0.2612244897959184,0.36363636363636365,0.4545454545454546,0.0,0.3333333333333333,0,2,0,0,0,0,1,1,0.0,0.0,0.00016047964155267263,1095000.0
10659703,0,1.0,0.0,0.0,0.0,1.0,0.0,0.0,0.0,0.0,0.0,0.0,0.0,0.0,0.0,0.0,1.0,0.0,0.0,0.07346938775510206,0.09090909090909091,0.09090909090909091,0.07142857142857142,0.05555555555555555,3,2,1,1,0,0,0,1,0.0,0.1,0.0,220000.0
10659707,0,1.0,0.0,0.0,0.0,1.0,0.0,0.0,0.0,0.0,0.0,0.0,0.0,0.0,0.0,0.0,1.0,0.0,0.0,0.07142857142857142,0.09090909090909091,0.09090909090909091,0.0,0.05555555555555555,3,4,1,0,0,0,0,1,0.0,0.04,0.0,259000.0
10659706,0,0.0,1.0,0.0,0.0,0.0,0.0,0.0,0.0,0.0,0.0,0.0,0.0,0.0,1.0,0.0,0.0,0.0,1.0,0.06632653061224492,0.09090909090909091,0.09090909090909091,0.0,0.0,0,0,1,0,0,0,0,1,0.0,0.0,0.0,275000.0
10659725,1,0.0,1.0,0.0,0.0,0.0,1.0,0.0,0.0,0.0,0.0,0.0,0.0,0.0,0.0,0.0,1.0,0.0,0.0,0.1459183673469388,0.2727272727272727,0.09090909090909091,0.0,0.1111111111111111,4,6,0,0,0,0,0,0,0.0,0.0,0.00044567489025485087,379000.0
10659720,1,0.0,1.0,0.0,1.0,0.0,0.0,0.0,0.0,0.0,0.0,0.0,0.0,0.0,0.0,0.0,0.0,0.0,1.0,0.23265306122448984,0.1818181818181818,0.09090909090909091,0.0,0.16666666666666666,3,6,0,0,0,0,1,1,0.0,0.0,0.00019257556986320717,319000.0
10659726,1,0.0,1.0,0.0,0.0,0.0,1.0,0.0,0.0,0.0,0.0,0.0,0.0,0.0,0.0,0.0,0.0,0.0,1.0,0.18877551020408165,0.1818181818181818,0.09090909090909091,0.0,0.1111111111111111,5,6,0,0,0,0,0,0,0.0,0.0,0.0012040558249066238,429000.0
10659723,0,0.0,1.0,0.0,0.0,0.0,1.0,0.0,0.0,0.0,0.0,0.0,0.0,0.0,0.0,0.0,0.0,0.0,1.0,0.12040816326530615,0.09090909090909091,0.18181818181818182,0.0,0.1111111111111111,3,3,1,0,0,0,0,0,0.0,0.0,0.0,249000.0
10659727,1,0.0,1.0,0.0,1.0,0.0,0.0,0.0,0.0,0.0,0.0,0.0,0.0,0.0,0.0,0.0,0.0,0.0,1.0,0.15510204081632656,0.1818181818181818,0.09090909090909091,0.0,0.1111111111111111,1,6,0,0,0,0,1,0,0.0,0.0,0.0008216557647496838,349000.0
10659729,1,0.0,1.0,0.0,0.0,0.0,0.0,0.0,0.0,1.0,0.0,0.0,0.0,0.0,0.0,0.0,0.0,1.0,0.0,0.13979591836734695,0.1818181818181818,0.09090909090909091,0.07142857142857142,0.1111111111111111,3,6,0,0,0,0,1,1,0.425,0.68,0.000950039477991822,264000.0
10659732,1,0.0,1.0,0.0,0.0,0.0,1.0,0.0,0.0,0.0,0.0,0.0,0.0,0.0,0.0,0.0,0.0,0.0,1.0,0.11836734693877551,0.1818181818181818,0.09090909090909091,0.0,0.1111111111111111,1,2,0,0,0,0,1,1,0.0,0.0,0.00016781585373793766,325000.0
10659737,1,0.0,1.0,0.0,0.0,0.0,0.0,0.0,0.0,0.0,0.0,0.0,0.0,0.0,1.0,0.0,0.0,0.0,1.0,0.17142857142857146,0.2727272727272727,0.09090909090909091,0.0,0.0,0,6,0,0,0,0,1,0,0.0,0.0,0.0004310024658843208,279000.0
10659739,1,0.0,1.0,0.0,1.0,0.0,0.0,0.0,0.0,0.0,0.0,0.0,0.0,0.0,0.0,0.0,0.0,0.0,1.0,0.3693877551020408,0.09090909090909091,0.09090909090909091,0.0,0.1111111111111111,3,2,0,0,0,0,0,0,0.0,0.0,0.055680933459638454,1600000.0
10659740,0,0.0,1.0,0.0,0.0,0.0,0.0,0.0,0.0,0.0,0.0,0.0,0.0,0.0,1.0,0.0,0.0,1.0,0.0,0.036734693877551024,0.09090909090909091,0.09090909090909091,0.0,0.05555555555555555,2,3,0,0,0,0,0,1,0.0,0.0,0.0,695000.0
10659748,1,0.0,0.0,1.0,0.0,0.0,0.0,0.0,0.0,0.0,1.0,0.0,0.0,0.0,0.0,0.0,0.0,1.0,0.0,0.1653061224489796,0.1818181818181818,0.09090909090909091,0.07142857142857142,0.1111111111111111,3,6,0,0,0,0,1,1,0.962,0.09,0.0010646677933865882,350000.0
10659742,1,0.0,0.0,1.0,0.0,0.0,0.0,0.0,0.0,0.0,0.0,0.0,1.0,0.0,0.0,0.0,0.0,1.0,0.0,0.23469387755102042,0.4545454545454545,0.18181818181818182,0.14285714285714285,0.1111111111111111,5,3,0,0,0,0,0,0,0.0,0.0,0.0,285000.0
10528679,1,0.0,1.0,0.0,0.0,0.0,0.0,1.0,0.0,0.0,0.0,0.0,0.0,0.0,0.0,0.0,0.0,0.0,1.0,0.1326530612244898,0.1818181818181818,0.09090909090909091,0.0,0.05555555555555555,4,4,0,0,0,0,0,0,0.0,0.0,0.00010087291754739423,220000.0
10659749,0,0.0,1.0,0.0,1.0,0.0,0.0,0.0,0.0,0.0,0.0,0.0,0.0,0.0,0.0,0.0,1.0,0.0,0.0,0.08877551020408164,0.09090909090909091,0.09090909090909091,0.0,0.05555555555555555,1,2,0,0,0,0,1,1,0.0,0.16,0.0,260000.0
10659755,0,0.0,1.0,0.0,1.0,0.0,0.0,0.0,0.0,0.0,0.0,0.0,0.0,0.0,0.0,0.0,0.0,1.0,0.0,0.04081632653061225,0.0,0.09090909090909091,0.0,0.0,0,4,0,0,0,0,0,0,0.0,0.0,0.0,157500.0
10528684,0,0.0,1.0,0.0,0.0,0.0,1.0,0.0,0.0,0.0,0.0,0.0,0.0,0.0,0.0,1.0,0.0,0.0,0.0,0.09489795918367347,0.1818181818181818,0.09090909090909091,0.0,0.1111111111111111,1,2,1,0,0,0,0,0,0.0,0.0,0.0,375000.0
10659757,0,0.0,1.0,0.0,1.0,0.0,0.0,0.0,0.0,0.0,0.0,0.0,0.0,0.0,0.0,0.0,0.0,0.0,1.0,0.06632653061224492,0.09090909090909091,0.09090909090909091,0.0,0.0,0,2,1,0,0,0,0,1,0.0,0.1,0.0,245000.0
10659758,0,0.0,1.0,0.0,1.0,0.0,0.0,0.0,0.0,0.0,0.0,0.0,0.0,0.0,0.0,0.0,0.0,0.0,1.0,0.08979591836734696,0.09090909090909091,0.09090909090909091,0.0,0.05555555555555555,1,2,0,0,0,0,0,1,0.0,0.06,0.0,265000.0
10659759,1,0.0,1.0,0.0,1.0,0.0,0.0,0.0,0.0,0.0,0.0,0.0,0.0,0.0,0.0,0.0,0.0,0.0,1.0,0.1112244897959184,0.09090909090909091,0.09090909090909091,0.0,0.0,0,6,0,0,0,0,1,0,0.0,0.0,0.0003200422565821871,279000.0
10659761,1,0.0,1.0,0.0,1.0,0.0,0.0,0.0,0.0,0.0,0.0,0.0,0.0,0.0,0.0,0.0,0.0,0.0,1.0,0.163265306122449,0.2727272727272727,0.09090909090909091,0.0,0.05555555555555555,1,2,0,0,0,0,1,1,0.209,0.0,0.0002586014795305925,389000.0
10659770,1,0.0,1.0,0.0,0.0,0.0,0.0,0.0,0.0,0.0,0.0,0.0,0.0,0.0,1.0,0.0,0.0,0.0,1.0,0.17551020408163268,0.1818181818181818,0.09090909090909091,0.0,0.05555555555555555,4,6,0,0,0,0,1,0,0.079,0.0,0.00022650555122005793,195000.0
10659762,1,0.0,1.0,0.0,0.0,0.0,1.0,0.0,0.0,0.0,0.0,0.0,0.0,0.0,0.0,0.0,1.0,0.0,0.0,0.14285714285714288,0.1818181818181818,0.0,0.0,0.1111111111111111,1,1,0,0,0,0,0,1,0.0,0.0,0.0001714839598305702,345000.0
10659781,0,0.0,1.0,0.0,0.0,0.0,0.0,0.0,0.0,0.0,0.0,0.0,0.0,0.0,1.0,0.0,0.0,0.0,1.0,0.0653061224489796,0.09090909090909091,0.09090909090909091,0.0,0.05555555555555555,1,3,0,0,0,0,0,1,0.0,0.0,0.0,179000.0
10659780,1,0.0,1.0,0.0,1.0,0.0,0.0,0.0,0.0,0.0,0.0,0.0,0.0,0.0,0.0,0.0,0.0,0.0,1.0,0.19387755102040818,0.1818181818181818,0.09090909090909091,0.0,0.05555555555555555,5,5,0,0,0,0,1,0,0.0,0.0,0.0018899916642289047,649000.0
10659784,1,0.0,1.0,0.0,1.0,0.0,0.0,0.0,0.0,0.0,0.0,0.0,0.0,0.0,0.0,0.0,1.0,0.0,0.0,0.1326530612244898,0.2727272727272727,0.18181818181818182,0.0,0.0,0,4,0,0,0,0,0,0,0.0,0.0,8.620049317686416e-05,275000.0
10659782,0,0.0,1.0,0.0,0.0,0.0,1.0,0.0,0.0,0.0,0.0,0.0,0.0,0.0,0.0,0.0,0.0,0.0,1.0,0.10918367346938776,0.1818181818181818,0.18181818181818182,0.0,0.05555555555555555,0,1,1,0,0,0,1,1,0.0,0.18,0.0,308100.0
10659783,1,0.0,1.0,0.0,0.0,0.0,0.0,0.0,0.0,0.0,0.0,0.0,0.0,0.0,1.0,0.0,0.0,0.0,1.0,0.1438775510204082,0.1818181818181818,0.09090909090909091,0.07142857142857142,0.05555555555555555,4,5,0,0,0,0,1,1,0.0,0.45,0.0001467242437053007,169000.0
10659788,1,0.0,1.0,0.0,0.0,0.0,1.0,0.0,0.0,0.0,0.0,0.0,0.0,0.0,0.0,0.0,0.0,0.0,1.0,0.163265306122449,0.09090909090909091,0.09090909090909091,0.0,0.0,2,4,0,0,0,0,1,0,0.0,0.0,0.0002631866121463831,369000.0
10659787,1,0.0,1.0,0.0,0.0,0.0,1.0,0.0,0.0,0.0,0.0,0.0,0.0,0.0,0.0,0.0,0.0,0.0,1.0,0.07040816326530613,0.09090909090909091,0.09090909090909091,0.0,0.1111111111111111,3,6,0,0,0,0,0,1,0.0,0.0,9.720481145476171e-05,155000.0
10659795,1,0.0,1.0,0.0,0.0,0.0,0.0,0.0,0.0,0.0,0.0,0.0,0.0,0.0,1.0,0.0,0.0,0.0,1.0,0.042857142857142864,0.0,0.09090909090909091,0.0,0.05555555555555555,0,1,0,0,0,0,0,1,0.0,0.0,5.685564443580402e-05,345000.0
10659797,1,0.0,1.0,0.0,0.0,0.0,1.0,0.0,0.0,0.0,0.0,0.0,0.0,0.0,0.0,0.0,0.0,0.0,1.0,0.10102040816326532,0.1818181818181818,0.09090909090909091,0.0,0.1111111111111111,0,1,0,0,0,0,1,1,0.0,0.0,0.00011096020930213364,349000.0
10659792,1,0.0,1.0,0.0,0.0,0.0,0.0,0.0,0.0,0.0,0.0,0.0,0.0,0.0,1.0,0.0,0.0,0.0,1.0,0.13673469387755105,0.1818181818181818,0.09090909090909091,0.0,0.05555555555555555,1,5,0,0,0,0,0,0,0.0,0.0,5.3187538343171505e-05,115000.0
10659802,1,0.0,1.0,0.0,0.0,0.0,0.0,0.0,0.0,0.0,0.0,0.0,0.0,0.0,1.0,0.0,0.0,0.0,1.0,0.20102040816326533,0.1818181818181818,0.09090909090909091,0.0,0.05555555555555555,1,3,0,0,1,0,1,1,0.0,0.0,0.0005474648343254033,415000.0
10659804,1,0.0,1.0,0.0,0.0,0.0,0.0,0.0,0.0,0.0,0.0,0.0,0.0,0.0,1.0,0.0,0.0,0.0,1.0,0.23877551020408164,0.1818181818181818,0.09090909090909091,0.0,0.0,1,2,0,0,0,0,1,1,0.0,0.0,0.0004695175798569622,449000.0
10659806,1,0.0,1.0,0.0,0.0,0.0,0.0,0.0,0.0,0.0,0.0,0.0,0.0,0.0,1.0,0.0,0.0,0.0,1.0,0.17040816326530614,0.36363636363636365,0.09090909090909091,0.0,0.05555555555555555,5,6,0,0,0,0,1,0,0.9410000000000001,0.0,0.0008629219582917998,295000.0
10659807,1,0.0,1.0,0.0,0.0,0.0,0.0,0.0,0.0,0.0,0.0,0.0,0.0,0.0,1.0,0.0,0.0,0.0,1.0,0.21530612244897962,0.6363636363636364,0.18181818181818182,0.0,0.16666666666666666,5,6,0,0,0,0,1,1,1.0,0.0,0.0013306054851024457,350000.0
10659809,0,0.0,1.0,0.0,0.0,0.0,0.0,0.0,0.0,0.0,0.0,0.0,0.0,0.0,1.0,0.0,0.0,1.0,0.0,0.0816326530612245,0.1818181818181818,0.0,0.0,0.05555555555555555,0,2,0,0,0,0,0,0,0.0,0.0,0.0,359000.0
10659829,1,0.0,1.0,0.0,0.0,0.0,1.0,0.0,0.0,0.0,0.0,0.0,0.0,0.0,0.0,0.0,0.0,0.0,1.0,0.17755102040816328,0.1818181818181818,0.09090909090909091,0.0,0.05555555555555555,1,1,0,0,0,0,1,1,0.0,0.0,0.00028519524870217823,619000.0
10659808,1,0.0,1.0,0.0,0.0,0.0,0.0,0.0,0.0,0.0,0.0,0.0,0.0,0.0,1.0,0.0,0.0,0.0,1.0,0.12244897959183676,0.1818181818181818,0.0,0.0,0.0,0,0,0,0,0,0,0,0,0.0,0.0,0.00019257556986320717,299000.0
10659832,1,0.0,1.0,0.0,0.0,0.0,1.0,0.0,0.0,0.0,0.0,0.0,0.0,0.0,0.0,0.0,0.0,1.0,0.0,0.10918367346938776,0.09090909090909091,0.09090909090909091,0.0,0.05555555555555555,5,6,0,0,0,0,0,0,0.0,0.0,6.419185662106905e-05,95000.0
10659830,1,0.0,1.0,0.0,0.0,0.0,0.0,0.0,0.0,0.0,0.0,0.0,0.0,0.0,1.0,0.0,0.0,0.0,1.0,0.12448979591836737,0.09090909090909091,0.09090909090909091,0.0,0.05555555555555555,1,4,0,0,0,0,1,1,0.0,0.0,0.0009537075840844546,269000.0
10659834,1,0.0,1.0,0.0,1.0,0.0,0.0,0.0,0.0,0.0,0.0,0.0,0.0,0.0,0.0,0.0,0.0,0.0,1.0,0.1275510204081633,0.1818181818181818,0.09090909090909091,0.0,0.1111111111111111,4,6,0,0,0,0,1,1,0.79,0.5,0.0007244509532949221,429000.0
10659838,1,0.0,1.0,0.0,0.0,0.0,0.0,0.0,0.0,1.0,0.0,0.0,0.0,0.0,0.0,0.0,0.0,1.0,0.0,0.14489795918367349,0.1818181818181818,0.09090909090909091,0.0,0.1111111111111111,4,6,0,0,0,0,0,0,0.0,0.0,0.001070169952525537,340000.0
10659844,1,0.0,1.0,0.0,1.0,0.0,0.0,0.0,0.0,0.0,0.0,0.0,0.0,0.0,0.0,0.0,0.0,0.0,1.0,0.25510204081632654,0.1818181818181818,0.09090909090909091,0.0,0.1111111111111111,0,0,0,0,0,0,0,1,0.0,0.0,0.0006602590966738531,645000.0
10659835,0,0.0,1.0,0.0,0.0,0.0,0.0,0.0,0.0,0.0,0.0,0.0,0.0,0.0,1.0,0.0,0.0,1.0,0.0,0.02755102040816327,0.0,0.09090909090909091,0.0,0.0,4,6,1,0,0,0,0,0,0.0,0.0,0.0,165900.0
10659840,0,0.0,1.0,0.0,1.0,0.0,0.0,0.0,0.0,0.0,0.0,0.0,0.0,0.0,0.0,0.0,0.0,0.0,1.0,0.07857142857142857,0.09090909090909091,0.09090909090909091,0.0,0.05555555555555555,0,1,1,0,0,0,1,1,0.0,0.0,0.0,345000.0
10659846,1,0.0,1.0,0.0,1.0,0.0,0.0,0.0,0.0,0.0,0.0,0.0,0.0,0.0,0.0,0.0,0.0,1.0,0.0,0.1469387755102041,0.2727272727272727,0.09090909090909091,0.0,0.05555555555555555,1,3,0,0,0,0,0,0,0.0,0.0,0.00022925663078953234,310000.0
10659843,0,0.0,1.0,0.0,1.0,0.0,0.0,0.0,0.0,0.0,0.0,0.0,0.0,0.0,0.0,0.0,0.0,1.0,0.0,0.05816326530612246,0.09090909090909091,0.09090909090909091,0.0,0.0,1,3,0,0,0,0,0,1,0.0,0.0,0.0,215000.0
10659845,0,0.0,1.0,0.0,1.0,0.0,0.0,0.0,0.0,0.0,0.0,0.0,0.0,0.0,0.0,0.0,0.0,0.0,1.0,0.113265306122449,0.09090909090909091,0.09090909090909091,0.0,0.05555555555555555,0,6,0,0,0,0,1,1,0.0,0.0,0.0,199000.0
10659850,0,0.0,1.0,0.0,1.0,0.0,0.0,0.0,0.0,0.0,0.0,0.0,0.0,0.0,0.0,0.0,0.0,1.0,0.0,0.05204081632653062,0.09090909090909091,0.09090909090909091,0.0,0.05555555555555555,0,6,0,0,0,0,1,0,0.0,0.0,0.0,195000.0
10659851,0,0.0,1.0,0.0,1.0,0.0,0.0,0.0,0.0,0.0,0.0,0.0,0.0,0.0,0.0,0.0,0.0,1.0,0.0,0.051020408163265314,0.09090909090909091,0.09090909090909091,0.0,0.05555555555555555,0,3,0,0,0,0,1,0,0.0,0.0,0.0,198000.0
10659852,0,0.0,1.0,0.0,1.0,0.0,0.0,0.0,0.0,0.0,0.0,0.0,0.0,0.0,0.0,0.0,0.0,1.0,0.0,0.06326530612244899,0.09090909090909091,0.09090909090909091,0.0,0.05555555555555555,0,5,0,0,0,0,0,0,0.0,0.0,0.0,195000.0
10659853,0,0.0,1.0,0.0,1.0,0.0,0.0,0.0,0.0,0.0,0.0,0.0,0.0,0.0,0.0,0.0,0.0,1.0,0.0,0.15000000000000002,0.1818181818181818,0.09090909090909091,0.0,0.05555555555555555,0,2,0,0,0,0,0,1,0.0,0.0,0.0,349000.0
10659857,1,0.0,0.0,1.0,0.0,0.0,0.0,0.0,0.0,0.0,1.0,0.0,0.0,0.0,0.0,0.0,0.0,0.0,1.0,0.10714285714285715,0.1818181818181818,0.09090909090909091,0.0,0.05555555555555555,0,3,0,0,0,0,1,0,0.0,0.0,0.0010096462019971004,399000.0
10659855,1,0.0,0.0,1.0,0.0,0.0,0.0,0.0,0.0,0.0,1.0,0.0,0.0,0.0,0.0,0.0,0.0,0.0,1.0,0.12040816326530615,0.1818181818181818,0.09090909090909091,0.0,0.05555555555555555,4,4,0,0,0,0,1,0,0.0,0.0,0.0004970283755517061,185000.0
10659862,1,0.0,1.0,0.0,1.0,0.0,0.0,0.0,0.0,0.0,0.0,0.0,0.0,0.0,0.0,0.0,0.0,0.0,1.0,0.18775510204081636,0.36363636363636365,0.09090909090909091,0.0,0.1111111111111111,0,0,0,0,0,0,1,0,0.0,0.0,0.0001687328802610958,465000.0
10659856,1,0.0,1.0,0.0,1.0,0.0,0.0,0.0,0.0,0.0,0.0,0.0,0.0,0.0,0.0,0.0,0.0,0.0,1.0,0.38265306122448983,0.1818181818181818,0.09090909090909091,0.0,0.1111111111111111,0,4,0,0,0,0,0,1,0.0,0.0,0.0011792961087813544,499000.0
10659861,1,0.0,1.0,0.0,1.0,0.0,0.0,0.0,0.0,0.0,0.0,0.0,0.0,0.0,0.0,0.0,0.0,0.0,1.0,0.16122448979591839,0.2727272727272727,0.09090909090909091,0.0,0.1111111111111111,0,0,0,0,0,0,1,0,0.0,0.0,0.00025493337343795996,450000.0
10659858,1,0.0,1.0,0.0,1.0,0.0,0.0,0.0,0.0,0.0,0.0,0.0,0.0,0.0,0.0,0.0,0.0,0.0,1.0,0.16122448979591839,0.09090909090909091,0.09090909090909091,0.0,0.0,5,6,0,0,0,0,1,0,0.0,0.0,0.0011921344801055682,355000.0
10659869,1,0.0,1.0,0.0,1.0,0.0,0.0,0.0,0.0,0.0,0.0,0.0,0.0,0.0,0.0,0.0,0.0,0.0,1.0,0.23877551020408164,0.1818181818181818,0.18181818181818182,0.0,0.1111111111111111,0,5,0,0,0,0,0,0,0.0,0.0,0.0024273692067995683,487000.0
10659863,1,0.0,1.0,0.0,1.0,0.0,0.0,0.0,0.0,0.0,0.0,0.0,0.0,0.0,0.0,0.0,0.0,0.0,1.0,0.17551020408163268,0.36363636363636365,0.09090909090909091,0.0,0.1111111111111111,0,0,0,0,0,0,1,0,0.0,0.0,0.00023934392254427176,480000.0
10659870,1,0.0,1.0,0.0,1.0,0.0,0.0,0.0,0.0,0.0,0.0,0.0,0.0,0.0,0.0,0.0,0.0,0.0,1.0,0.1326530612244898,0.09090909090909091,0.09090909090909091,0.0,0.05555555555555555,5,6,0,0,0,0,0,0,0.0,0.0,0.002751079569474388,310000.0
10659872,1,0.0,1.0,0.0,1.0,0.0,0.0,0.0,0.0,0.0,0.0,0.0,0.0,0.0,0.0,0.0,0.0,0.0,1.0,0.23469387755102042,0.2727272727272727,0.09090909090909091,0.0,0.1111111111111111,0,3,0,0,0,0,0,0,0.0,0.0,0.0006767655740906994,399000.0
10659871,1,0.0,1.0,0.0,1.0,0.0,0.0,0.0,0.0,0.0,0.0,0.0,0.0,0.0,0.0,0.0,0.0,0.0,1.0,0.2459183673469388,0.2727272727272727,0.18181818181818182,0.0,0.1111111111111111,0,0,0,0,0,0,0,0,0.0,0.0,0.00047960487161170166,589000.0
10659875,1,0.0,1.0,0.0,1.0,0.0,0.0,0.0,0.0,0.0,0.0,0.0,0.0,0.0,0.0,0.0,0.0,0.0,1.0,0.07244897959183674,0.1818181818181818,0.0,0.0,0.05555555555555555,4,0,0,0,0,0,0,0,0.0,0.0,0.001297592530268753,375000.0
10659880,0,0.0,1.0,0.0,0.0,0.0,0.0,0.0,0.0,1.0,0.0,0.0,0.0,0.0,0.0,0.0,0.0,0.0,1.0,0.19081632653061226,0.1818181818181818,0.09090909090909091,0.0,0.0,1,2,0,0,0,0,0,1,0.0,0.0,0.0,345000.0
10659878,0,0.0,1.0,0.0,0.0,0.0,0.0,0.0,0.0,1.0,0.0,0.0,0.0,0.0,0.0,0.0,0.0,0.0,1.0,0.07244897959183674,0.09090909090909091,0.09090909090909091,0.0,0.05555555555555555,0,1,1,0,0,0,0,1,0.0,0.0,0.0,279000.0
10659891,1,0.0,1.0,0.0,0.0,0.0,1.0,0.0,0.0,0.0,0.0,0.0,0.0,0.0,0.0,0.0,0.0,0.0,1.0,0.176530612244898,0.2727272727272727,0.09090909090909091,0.0,0.1111111111111111,5,5,0,0,0,0,0,0,0.0,0.0,0.0005621372586959333,299000.0
10659882,1,0.0,1.0,0.0,0.0,0.0,0.0,0.0,0.0,0.0,0.0,0.0,0.0,0.0,1.0,0.0,0.0,0.0,1.0,0.1642857142857143,0.09090909090909091,0.09090909090909091,0.0,0.05555555555555555,2,2,0,0,0,0,1,1,0.08,0.0,0.00014764127022845884,239000.0
10659890,0,0.0,1.0,0.0,0.0,0.0,1.0,0.0,0.0,0.0,0.0,0.0,0.0,0.0,0.0,0.0,0.0,0.0,1.0,0.08673469387755103,0.09090909090909091,0.09090909090909091,0.0,0.05555555555555555,0,1,0,0,0,0,0,1,0.0,0.0,0.0,326700.0
10659896,0,0.0,1.0,0.0,1.0,0.0,0.0,0.0,0.0,0.0,0.0,0.0,0.0,0.0,0.0,0.0,0.0,0.0,1.0,0.08775510204081632,0.09090909090909091,0.09090909090909091,0.0,0.05555555555555555,0,4,0,0,0,0,1,1,0.0,0.0,0.0,230000.0
10659897,1,0.0,1.0,0.0,0.0,0.0,0.0,0.0,0.0,0.0,0.0,0.0,0.0,0.0,1.0,0.0,0.0,0.0,1.0,0.18877551020408165,0.1818181818181818,0.18181818181818182,0.0,0.0,2,3,0,0,0,0,1,0,0.0,0.0,0.0006969401576001783,575000.0
10659898,0,0.0,1.0,0.0,0.0,0.0,0.0,0.0,0.0,0.0,0.0,0.0,0.0,0.0,1.0,0.0,0.0,1.0,0.0,0.05000000000000001,0.0,0.09090909090909091,0.0,0.0,4,3,0,0,0,0,0,1,0.0,0.0,0.0,169000.0
10659899,1,0.0,1.0,0.0,0.0,0.0,0.0,1.0,0.0,0.0,0.0,0.0,0.0,0.0,0.0,1.0,0.0,0.0,0.0,0.10204081632653061,0.1818181818181818,0.09090909090909091,0.0,0.1111111111111111,4,4,0,0,0,0,1,0,0.04,0.0,0.00010178994407055236,385000.0
10659900,0,0.0,1.0,0.0,0.0,0.0,0.0,1.0,0.0,0.0,0.0,0.0,0.0,0.0,0.0,1.0,0.0,0.0,0.0,0.10612244897959186,0.09090909090909091,0.09090909090909091,0.0,0.0,0,2,1,0,0,0,1,1,0.0,0.04,0.0,299000.0
10659908,0,0.0,1.0,0.0,0.0,0.0,1.0,0.0,0.0,0.0,0.0,0.0,0.0,0.0,0.0,1.0,0.0,0.0,0.0,0.09285714285714286,0.1818181818181818,0.18181818181818182,0.0,0.1111111111111111,0,0,1,0,0,0,1,1,0.0,0.15,0.0,380500.0
10659915,1,0.0,1.0,0.0,0.0,0.0,0.0,0.0,0.0,0.0,0.0,0.0,0.0,0.0,1.0,0.0,0.0,1.0,0.0,0.12551020408163266,0.1818181818181818,0.09090909090909091,0.0,0.0,0,1,0,0,0,0,1,0,0.0,0.0,0.00015956261502951451,419000.0
10659912,0,0.0,1.0,0.0,0.0,0.0,1.0,0.0,0.0,0.0,0.0,0.0,0.0,0.0,0.0,1.0,0.0,0.0,0.0,0.0836734693877551,0.09090909090909091,0.09090909090909091,0.0,0.05555555555555555,4,2,1,0,0,0,0,0,0.0,0.0,0.0,389500.0
10659918,0,0.0,1.0,0.0,0.0,0.0,0.0,0.0,0.0,0.0,0.0,0.0,0.0,0.0,1.0,0.0,0.0,1.0,0.0,0.06326530612244899,0.09090909090909091,0.09090909090909091,0.07142857142857142,0.05555555555555555,1,3,1,0,0,0,1,1,0.0,0.0,0.0,325000.0
10659913,1,0.0,1.0,0.0,0.0,0.0,0.0,1.0,0.0,0.0,0.0,0.0,0.0,0.0,0.0,0.0,0.0,0.0,1.0,0.23367346938775516,0.2727272727272727,0.09090909090909091,0.0,0.05555555555555555,5,6,0,0,0,0,1,0,0.0,0.0,0.0007767214651149356,320000.0
10659926,1,1.0,0.0,0.0,0.0,1.0,0.0,0.0,0.0,0.0,0.0,0.0,0.0,0.0,0.0,0.0,1.0,0.0,0.0,0.4030612244897959,0.1818181818181818,0.09090909090909091,0.07142857142857142,0.1111111111111111,3,7,0,0,0,0,1,1,0.025,0.25,0.00017882017201583522,1250000.0
10397785,1,0.0,0.0,1.0,0.0,0.0,0.0,0.0,1.0,0.0,0.0,0.0,0.0,0.0,0.0,0.0,0.0,0.0,1.0,0.15306122448979595,0.2727272727272727,0.09090909090909091,0.07142857142857142,0.1111111111111111,2,4,0,0,0,0,1,1,0.8,0.2,0.0009243627353433943,310000.0
10659929,1,0.0,1.0,0.0,0.0,0.0,0.0,1.0,0.0,0.0,0.0,0.0,0.0,0.0,0.0,0.0,0.0,1.0,0.0,0.12551020408163266,0.09090909090909091,0.18181818181818182,0.0,0.0,2,3,0,0,0,0,1,0,0.0,0.0,0.00013938803152003566,298000.0
10659933,1,0.0,1.0,0.0,1.0,0.0,0.0,0.0,0.0,0.0,0.0,0.0,0.0,0.0,0.0,0.0,0.0,0.0,1.0,0.37857142857142856,0.1818181818181818,0.18181818181818182,0.0,0.2222222222222222,0,2,0,0,1,0,1,0,0.0,0.0,0.002989506465495502,795000.0
10659934,1,0.0,1.0,0.0,1.0,0.0,0.0,0.0,0.0,0.0,0.0,0.0,0.0,0.0,0.0,0.0,0.0,0.0,1.0,0.24081632653061227,0.2727272727272727,0.09090909090909091,0.0,0.05555555555555555,0,4,0,0,0,0,1,0,0.0,0.0,0.0005346264630011894,549000.0
10659932,0,0.0,1.0,0.0,1.0,0.0,0.0,0.0,0.0,0.0,0.0,0.0,0.0,0.0,0.0,0.0,0.0,1.0,0.0,0.05612244897959184,0.09090909090909091,0.09090909090909091,0.0,0.05555555555555555,1,1,1,0,0,0,0,1,0.0,0.41000000000000003,0.0,249000.0
10659940,1,0.0,1.0,0.0,0.0,0.0,0.0,0.0,0.0,0.0,0.0,0.0,0.0,0.0,1.0,0.0,0.0,1.0,0.0,0.573469387755102,0.1818181818181818,0.18181818181818182,0.0,0.16666666666666666,1,4,1,0,0,0,1,1,0.0,0.0,0.0006501718049191137,850000.0
10659942,1,0.0,1.0,0.0,0.0,0.0,1.0,0.0,0.0,0.0,0.0,0.0,0.0,0.0,0.0,0.0,0.0,0.0,1.0,0.06122448979591837,0.09090909090909091,0.09090909090909091,0.0,0.0,1,6,0,0,0,0,0,0,0.0,0.0,5.502159138948776e-05,149000.0
10659946,0,1.0,0.0,0.0,0.0,1.0,0.0,0.0,0.0,0.0,0.0,0.0,0.0,0.0,0.0,0.0,1.0,0.0,0.0,0.10306122448979593,0.1818181818181818,0.0,0.0,0.0,3,3,1,0,0,0,0,1,0.0,0.05,0.0,319000.0
10659941,1,0.0,1.0,0.0,0.0,0.0,0.0,0.0,0.0,0.0,0.0,0.0,0.0,0.0,1.0,0.0,0.0,0.0,1.0,0.07040816326530613,0.1818181818181818,0.09090909090909091,0.0,0.05555555555555555,0,5,0,0,0,0,0,1,0.0,0.0,0.00014030505804319378,329000.0
10659950,1,0.0,1.0,0.0,0.0,0.0,0.0,1.0,0.0,0.0,0.0,0.0,0.0,0.0,0.0,0.0,0.0,0.0,1.0,0.21530612244897962,0.2727272727272727,0.18181818181818182,0.0,0.16666666666666666,1,2,0,0,0,0,1,1,0.03,0.2,0.00014855829675161696,648000.0
10659947,0,1.0,0.0,0.0,0.0,1.0,0.0,0.0,0.0,0.0,0.0,0.0,0.0,0.0,0.0,0.0,1.0,0.0,0.0,0.06632653061224492,0.0,0.09090909090909091,0.0,0.05555555555555555,3,5,0,1,0,0,0,1,0.0,0.16,0.0,390000.0
10659958,1,0.0,0.0,1.0,0.0,0.0,0.0,0.0,0.0,0.0,0.0,0.0,1.0,0.0,0.0,0.0,0.0,1.0,0.0,0.10204081632653061,0.1818181818181818,0.09090909090909091,0.07142857142857142,0.05555555555555555,5,5,0,0,0,0,1,0,0.65,0.0,0.0011673747639802986,290000.0
10659961,1,0.0,1.0,0.0,0.0,0.0,0.0,1.0,0.0,0.0,0.0,0.0,0.0,0.0,0.0,0.0,1.0,0.0,0.0,0.2448979591836735,0.36363636363636365,0.18181818181818182,0.0,0.0,0,3,0,0,0,0,0,1,0.0,0.0,0.0008675070909075904,650000.0
10659966,1,0.0,1.0,0.0,0.0,0.0,1.0,0.0,0.0,0.0,0.0,0.0,0.0,0.0,0.0,0.0,0.0,0.0,1.0,0.059183673469387764,0.09090909090909091,0.09090909090909091,0.0,0.05555555555555555,3,6,0,1,0,0,1,1,0.095,0.24,0.0002586014795305925,240000.0
10659964,0,1.0,0.0,0.0,0.0,1.0,0.0,0.0,0.0,0.0,0.0,0.0,0.0,0.0,0.0,0.0,0.0,0.0,1.0,0.05510204081632653,0.0,0.09090909090909091,0.07142857142857142,0.0,1,0,1,0,0,0,1,1,0.5,0.05,0.0,259000.0
10659965,1,0.0,1.0,0.0,0.0,0.0,1.0,0.0,0.0,0.0,0.0,0.0,0.0,0.0,0.0,0.0,0.0,0.0,1.0,0.1326530612244898,0.1818181818181818,0.09090909090909091,0.0,0.05555555555555555,5,6,0,1,0,0,1,1,0.0,0.58,0.0013296884585792875,495000.0
10659972,0,1.0,0.0,0.0,0.0,1.0,0.0,0.0,0.0,0.0,0.0,0.0,0.0,0.0,0.0,0.0,1.0,0.0,0.0,0.04591836734693878,0.0,0.09090909090909091,0.07142857142857142,0.0,3,7,0,0,0,0,0,0,0.0,0.0,0.0,174000.0
10659971,1,1.0,0.0,0.0,0.0,1.0,0.0,0.0,0.0,0.0,0.0,0.0,0.0,0.0,0.0,0.0,0.0,0.0,1.0,0.15306122448979595,0.1818181818181818,0.18181818181818182,0.07142857142857142,0.1111111111111111,3,0,0,0,0,0,0,1,0.0,0.0,0.0003429679196611404,789000.0
10659963,1,0.0,1.0,0.0,0.0,0.0,0.0,1.0,0.0,0.0,0.0,0.0,0.0,0.0,0.0,0.0,0.0,0.0,1.0,0.12551020408163266,0.1818181818181818,0.09090909090909091,0.0,0.1111111111111111,1,2,0,0,0,0,0,1,0.0,0.0,0.0003154571239663965,550000.0
10659973,1,1.0,0.0,0.0,0.0,1.0,0.0,0.0,0.0,0.0,0.0,0.0,0.0,0.0,0.0,0.0,1.0,0.0,0.0,0.15000000000000002,0.36363636363636365,0.2727272727272727,0.21428571428571427,0.16666666666666666,3,7,0,0,0,0,0,1,0.0,0.2,0.00010454102364002675,369000.0
10659968,0,1.0,0.0,0.0,0.0,1.0,0.0,0.0,0.0,0.0,0.0,0.0,0.0,0.0,0.0,0.0,1.0,0.0,0.0,0.07142857142857142,0.09090909090909091,0.09090909090909091,0.0,0.05555555555555555,1,4,1,0,0,0,0,1,0.0,0.05,0.0,299000.0
10659967,1,0.0,1.0,0.0,0.0,0.0,1.0,0.0,0.0,0.0,0.0,0.0,0.0,0.0,0.0,0.0,0.0,0.0,1.0,0.15306122448979595,0.1818181818181818,0.09090909090909091,0.0,0.05555555555555555,3,5,0,1,0,0,1,1,0.32,0.3,0.00037964898058746556,359000.0
10659976,0,1.0,0.0,0.0,0.0,1.0,0.0,0.0,0.0,0.0,0.0,0.0,0.0,0.0,0.0,0.0,0.0,0.0,1.0,0.09693877551020408,0.09090909090909091,0.09090909090909091,0.0,0.05555555555555555,3,7,0,0,0,0,1,1,0.2,0.0,0.0,425000.0
10659977,1,1.0,0.0,0.0,0.0,1.0,0.0,0.0,0.0,0.0,0.0,0.0,0.0,0.0,0.0,0.0,0.0,0.0,1.0,0.3010204081632653,0.36363636363636365,0.36363636363636365,0.0,0.2222222222222222,4,6,0,0,0,0,1,1,1.0,0.4,0.001375539784737194,875000.0
10659978,1,0.0,1.0,0.0,0.0,0.0,0.0,1.0,0.0,0.0,0.0,0.0,0.0,0.0,0.0,0.0,0.0,0.0,1.0,0.27755102040816326,0.2727272727272727,0.18181818181818182,0.0,0.1111111111111111,1,0,0,0,0,0,0,1,0.0,0.0,0.0006584250436275368,714724.0
10659980,0,1.0,0.0,0.0,0.0,1.0,0.0,0.0,0.0,0.0,0.0,0.0,0.0,0.0,0.0,0.0,0.0,0.0,1.0,0.12551020408163266,0.1818181818181818,0.18181818181818182,0.0,0.1111111111111111,5,3,1,0,0,0,0,1,0.0,0.08,0.0,349000.0
10659979,1,0.0,0.0,1.0,0.0,0.0,0.0,0.0,0.0,0.0,1.0,0.0,0.0,0.0,0.0,0.0,0.0,0.0,1.0,0.07142857142857142,0.09090909090909091,0.09090909090909091,0.0,0.05555555555555555,5,6,0,0,0,0,0,1,0.0,0.16,0.0,127000.0
10659995,1,1.0,0.0,0.0,0.0,1.0,0.0,0.0,0.0,0.0,0.0,0.0,0.0,0.0,0.0,0.0,0.0,0.0,1.0,0.2673469387755102,0.2727272727272727,0.18181818181818182,0.14285714285714285,0.05555555555555555,1,6,0,0,0,0,1,1,0.061,0.1,0.0001467242437053007,795000.0
10659994,0,1.0,0.0,0.0,0.0,1.0,0.0,0.0,0.0,0.0,0.0,0.0,0.0,0.0,0.0,0.0,0.0,1.0,0.0,0.14285714285714288,0.2727272727272727,0.18181818181818182,0.07142857142857142,0.1111111111111111,3,3,1,0,0,0,0,1,0.0,0.3,0.0,495000.0
10528936,0,0.0,0.0,1.0,0.0,0.0,0.0,0.0,0.0,0.0,1.0,0.0,0.0,0.0,0.0,0.0,1.0,0.0,0.0,0.07653061224489796,0.09090909090909091,0.09090909090909091,0.07142857142857142,0.05555555555555555,1,5,1,0,0,0,0,1,0.0,0.0,0.0,239000.0
10659996,0,1.0,0.0,0.0,0.0,1.0,0.0,0.0,0.0,0.0,0.0,0.0,0.0,0.0,0.0,0.0,0.0,0.0,1.0,0.03571428571428572,0.0,0.09090909090909091,0.07142857142857142,0.05555555555555555,3,4,1,0,0,0,0,1,0.0,0.12,0.0,220000.0
10660009,1,0.0,1.0,0.0,0.0,0.0,1.0,0.0,0.0,0.0,0.0,0.0,0.0,0.0,0.0,0.0,0.0,0.0,1.0,0.2122448979591837,0.2727272727272727,0.09090909090909091,0.0,0.1111111111111111,3,4,0,0,0,0,1,1,0.6,1.0,0.0007849747038233587,369000.0
10660017,1,0.0,1.0,0.0,1.0,0.0,0.0,0.0,0.0,0.0,0.0,0.0,0.0,0.0,0.0,0.0,0.0,0.0,1.0,0.3010204081632653,0.36363636363636365,0.09090909090909091,0.0,0.1111111111111111,0,4,0,0,0,0,0,1,0.0,0.0,0.0016139666807583077,695000.0
10660018,1,0.0,1.0,0.0,1.0,0.0,0.0,0.0,0.0,0.0,0.0,0.0,0.0,0.0,0.0,0.0,0.0,0.0,1.0,0.18775510204081636,0.1818181818181818,0.09090909090909091,0.0,0.0,1,0,0,0,0,0,0,0,0.0,0.0,0.0008977689661718086,444305.0
10660016,1,0.0,1.0,0.0,1.0,0.0,0.0,0.0,0.0,0.0,0.0,0.0,0.0,0.0,0.0,0.0,0.0,0.0,1.0,0.3959183673469388,0.36363636363636365,0.18181818181818182,0.0,0.0,0,2,0,0,0,0,0,1,0.0,0.0,0.0032701165815818894,1250000.0
10660041,1,0.0,1.0,0.0,1.0,0.0,0.0,0.0,0.0,0.0,0.0,0.0,0.0,0.0,0.0,0.0,0.0,0.0,1.0,0.25612244897959185,0.2727272727272727,0.09090909090909091,0.0,0.16666666666666666,0,4,0,0,0,0,0,1,0.0,0.0,0.00022742257774321608,375000.0
10660044,1,0.0,1.0,0.0,1.0,0.0,0.0,0.0,0.0,0.0,0.0,0.0,0.0,0.0,0.0,0.0,0.0,0.0,1.0,0.18775510204081636,0.1818181818181818,0.09090909090909091,0.0,0.1111111111111111,0,2,0,0,0,0,0,1,0.0,0.0,0.0002751079569474388,455000.0
10660036,0,0.0,1.0,0.0,1.0,0.0,0.0,0.0,0.0,0.0,0.0,0.0,0.0,0.0,0.0,0.0,0.0,0.0,1.0,0.1479591836734694,0.09090909090909091,0.18181818181818182,0.0,0.1111111111111111,0,2,1,0,0,0,0,1,0.0,0.0,0.0,498000.0
10660039,1,0.0,0.0,1.0,0.0,0.0,0.0,0.0,0.0,0.0,1.0,0.0,0.0,0.0,0.0,0.0,0.0,0.0,1.0,0.11224489795918369,0.1818181818181818,0.09090909090909091,0.0,0.1111111111111111,3,3,0,0,0,0,0,1,0.0,0.11,4.585132615790647e-05,154000.0
10660049,0,1.0,0.0,0.0,0.0,1.0,0.0,0.0,0.0,0.0,0.0,0.0,0.0,0.0,0.0,0.0,0.0,0.0,1.0,0.06326530612244899,0.09090909090909091,0.09090909090909091,0.0,0.05555555555555555,5,7,1,0,0,0,0,1,0.0,0.04,0.0,280000.0
10660046,1,0.0,1.0,0.0,0.0,0.0,0.0,0.0,0.0,1.0,0.0,0.0,0.0,0.0,0.0,0.0,0.0,0.0,1.0,0.15816326530612246,0.2727272727272727,0.09090909090909091,0.0,0.05555555555555555,0,2,0,0,0,0,0,1,0.0,0.0,0.0009683800084549846,330000.0
10660045,1,0.0,1.0,0.0,1.0,0.0,0.0,0.0,0.0,0.0,0.0,0.0,0.0,0.0,0.0,0.0,0.0,0.0,1.0,0.1785714285714286,0.2727272727272727,0.09090909090909091,0.0,0.0,3,1,0,0,0,0,0,1,0.0,0.0,0.00030170172611902453,469000.0
10660056,0,0.0,1.0,0.0,1.0,0.0,0.0,0.0,0.0,0.0,0.0,0.0,0.0,0.0,0.0,0.0,0.0,1.0,0.0,0.051020408163265314,0.09090909090909091,0.09090909090909091,0.0,0.05555555555555555,0,3,0,0,0,0,0,1,0.0,0.03,0.0,229000.0
10660054,1,1.0,0.0,0.0,0.0,1.0,0.0,0.0,0.0,0.0,0.0,0.0,0.0,0.0,0.0,0.0,0.0,0.0,1.0,0.1948979591836735,0.2727272727272727,0.18181818181818182,0.14285714285714285,0.16666666666666666,1,4,0,0,0,0,0,1,0.0,0.25,0.0014333124556961561,1195000.0
10660057,0,0.0,1.0,0.0,1.0,0.0,0.0,0.0,0.0,0.0,0.0,0.0,0.0,0.0,0.0,0.0,0.0,0.0,1.0,0.06938775510204082,0.09090909090909091,0.09090909090909091,0.0,0.05555555555555555,3,3,0,0,0,0,0,1,0.0,0.02,0.0,210000.0
10660061,1,0.0,0.0,1.0,0.0,0.0,0.0,0.0,0.0,0.0,1.0,0.0,0.0,0.0,0.0,0.0,0.0,0.0,1.0,0.16938775510204085,0.1818181818181818,0.09090909090909091,0.0,0.0,0,0,0,0,0,0,0,1,0.0,0.0,0.002091737499323693,399990.0
10660058,0,0.0,1.0,0.0,1.0,0.0,0.0,0.0,0.0,0.0,0.0,0.0,0.0,0.0,0.0,0.0,0.0,1.0,0.0,0.051020408163265314,0.0,0.09090909090909091,0.0,0.0,0,6,0,0,0,0,0,1,0.0,0.02,0.0,169000.0
10660059,0,0.0,0.0,1.0,0.0,0.0,0.0,0.0,0.0,0.0,0.0,1.0,0.0,0.0,0.0,0.0,0.0,0.0,1.0,0.04489795918367347,0.0,0.09090909090909091,0.0,0.0,3,3,1,0,0,0,0,1,0.0,0.0,0.0,145000.0
10660060,1,0.0,0.0,1.0,0.0,0.0,0.0,0.0,0.0,0.0,1.0,0.0,0.0,0.0,0.0,0.0,0.0,0.0,1.0,0.113265306122449,0.09090909090909091,0.09090909090909091,0.0,0.0,3,5,0,0,0,0,0,1,0.0,0.0,0.00012288155410318933,219000.0
10660062,1,0.0,0.0,1.0,0.0,0.0,0.0,0.0,0.0,0.0,0.0,0.0,0.0,1.0,0.0,0.0,0.0,1.0,0.0,0.1275510204081633,0.2727272727272727,0.09090909090909091,0.0,0.0,4,4,0,0,0,0,0,1,0.0,0.0,0.001083925350372909,450000.0
10660066,0,0.0,0.0,1.0,0.0,0.0,0.0,0.0,0.0,0.0,1.0,0.0,0.0,0.0,0.0,0.0,1.0,0.0,0.0,0.14183673469387756,0.1818181818181818,0.09090909090909091,0.07142857142857142,0.16666666666666666,1,2,1,0,0,0,0,0,0.0,0.0,0.0,199900.0
10660065,1,0.0,0.0,1.0,0.0,0.0,0.0,0.0,0.0,0.0,0.0,0.0,1.0,0.0,0.0,0.0,0.0,0.0,1.0,0.04795918367346939,0.09090909090909091,0.09090909090909091,0.07142857142857142,0.05555555555555555,1,7,0,0,0,0,0,1,0.0,0.0,0.2671243240368241,129999.0
10660072,1,0.0,1.0,0.0,0.0,0.0,1.0,0.0,0.0,0.0,0.0,0.0,0.0,0.0,0.0,0.0,0.0,0.0,1.0,0.11734693877551022,0.1818181818181818,0.09090909090909091,0.0,0.0,3,6,0,0,0,0,1,1,1.0,0.0,0.0019312578577710205,329000.0
10660071,1,0.0,1.0,0.0,0.0,0.0,1.0,0.0,0.0,0.0,0.0,0.0,0.0,0.0,0.0,0.0,0.0,1.0,0.0,0.13571428571428573,0.2727272727272727,0.09090909090909091,0.0,0.05555555555555555,1,2,0,0,1,0,0,1,0.0,0.73,0.00048235595118117604,649000.0
10660073,1,0.0,1.0,0.0,1.0,0.0,0.0,0.0,0.0,0.0,0.0,0.0,0.0,0.0,0.0,0.0,0.0,1.0,0.0,0.1326530612244898,0.1818181818181818,0.09090909090909091,0.0,0.0,1,3,0,0,0,0,0,1,0.0,0.0,0.00019349259638636528,545000.0
10660074,0,0.0,1.0,0.0,1.0,0.0,0.0,0.0,0.0,0.0,0.0,0.0,0.0,0.0,0.0,0.0,0.0,1.0,0.0,0.09489795918367347,0.09090909090909091,0.09090909090909091,0.0,0.05555555555555555,1,4,1,0,0,0,0,1,0.0,1.0,0.0,339000.0
10660078,0,0.0,1.0,0.0,1.0,0.0,0.0,0.0,0.0,0.0,0.0,0.0,0.0,0.0,0.0,0.0,1.0,0.0,0.0,0.04795918367346939,0.0,0.09090909090909091,0.0,0.05555555555555555,0,3,0,0,0,0,0,1,0.0,0.11,0.0,298000.0
10660076,1,0.0,0.0,1.0,0.0,0.0,0.0,0.0,0.0,0.0,0.0,1.0,0.0,0.0,0.0,0.0,0.0,0.0,1.0,0.15204081632653063,0.1818181818181818,0.09090909090909091,0.0,0.05555555555555555,4,5,0,1,0,0,1,0,0.0,0.0,0.0006107396644233141,285000.0
10660075,0,0.0,1.0,0.0,1.0,0.0,0.0,0.0,0.0,0.0,0.0,0.0,0.0,0.0,0.0,0.0,0.0,0.0,1.0,0.22142857142857145,0.2727272727272727,0.2727272727272727,0.0,0.2222222222222222,1,3,1,0,0,0,0,1,0.0,0.3,0.0,660000.0
10660079,1,0.0,1.0,0.0,1.0,0.0,0.0,0.0,0.0,0.0,0.0,0.0,0.0,0.0,0.0,1.0,0.0,0.0,0.0,0.22448979591836737,0.2727272727272727,0.36363636363636365,0.0,0.0,0,2,0,0,0,0,0,1,0.0,0.12,4.860240572738086e-05,1100000.0
10660080,0,0.0,1.0,0.0,1.0,0.0,0.0,0.0,0.0,0.0,0.0,0.0,0.0,0.0,0.0,1.0,0.0,0.0,0.0,0.07244897959183674,0.09090909090909091,0.18181818181818182,0.0,0.05555555555555555,1,2,0,0,0,0,0,1,0.0,0.12,0.0,395000.0
10660082,0,0.0,1.0,0.0,1.0,0.0,0.0,0.0,0.0,0.0,0.0,0.0,0.0,0.0,0.0,1.0,0.0,0.0,0.0,0.031632653061224494,0.0,0.09090909090909091,0.0,0.05555555555555555,1,2,0,0,0,0,0,0,0.0,0.0,0.0,249000.0
10660094,0,1.0,0.0,0.0,0.0,1.0,0.0,0.0,0.0,0.0,0.0,0.0,0.0,0.0,0.0,0.0,0.0,0.0,1.0,0.07857142857142857,0.09090909090909091,0.09090909090909091,0.0,0.05555555555555555,5,7,0,0,0,0,0,1,0.0,0.1,0.0,275000.0
10660083,0,1.0,0.0,0.0,0.0,1.0,0.0,0.0,0.0,0.0,0.0,0.0,0.0,0.0,0.0,0.0,0.0,0.0,1.0,0.05612244897959184,0.09090909090909091,0.18181818181818182,0.07142857142857142,0.05555555555555555,1,4,1,0,0,0,1,1,0.04,0.46,0.0,380000.0
10660081,0,0.0,1.0,0.0,1.0,0.0,0.0,0.0,0.0,0.0,0.0,0.0,0.0,0.0,0.0,1.0,0.0,0.0,0.0,0.031632653061224494,0.0,0.09090909090909091,0.0,0.05555555555555555,1,2,0,0,0,0,0,0,0.0,0.0,0.0,249000.0
10660088,1,0.0,1.0,0.0,0.0,0.0,0.0,0.0,0.0,0.0,0.0,0.0,0.0,0.0,1.0,0.0,0.0,1.0,0.0,0.38979591836734695,0.4545454545454545,0.2727272727272727,0.21428571428571427,0.2777777777777778,1,1,1,0,0,0,0,1,0.0,0.0,0.0005144518794917105,5650000.0
10660085,1,0.0,0.0,1.0,0.0,0.0,0.0,0.0,0.0,0.0,0.0,1.0,0.0,0.0,0.0,0.0,0.0,0.0,1.0,0.4357142857142857,0.4545454545454545,0.2727272727272727,0.07142857142857142,0.2222222222222222,3,3,0,1,0,0,1,1,0.0,0.0,0.0009683800084549846,780000.0
10660091,0,1.0,0.0,0.0,0.0,1.0,0.0,0.0,0.0,0.0,0.0,0.0,0.0,0.0,0.0,0.0,0.0,0.0,1.0,0.05612244897959184,0.0,0.09090909090909091,0.0,0.05555555555555555,3,7,0,0,0,0,0,1,0.0,0.05,0.0,235000.0
10660095,0,1.0,0.0,0.0,0.0,1.0,0.0,0.0,0.0,0.0,0.0,0.0,0.0,0.0,0.0,0.0,0.0,0.0,1.0,0.07857142857142857,0.09090909090909091,0.09090909090909091,0.0,0.05555555555555555,5,7,0,0,0,0,0,1,0.0,0.1,0.0,275000.0
10660099,0,0.0,1.0,0.0,1.0,0.0,0.0,0.0,0.0,0.0,0.0,0.0,0.0,0.0,0.0,0.0,0.0,1.0,0.0,0.06632653061224492,0.1818181818181818,0.09090909090909091,0.07142857142857142,0.05555555555555555,2,6,0,0,0,0,0,1,0.0,0.0,0.0,245000.0
10660101,1,0.0,1.0,0.0,1.0,0.0,0.0,0.0,0.0,0.0,0.0,0.0,0.0,0.0,0.0,0.0,0.0,0.0,1.0,0.14489795918367349,0.1818181818181818,0.09090909090909091,0.0,0.05555555555555555,1,3,0,0,0,0,1,1,0.23,0.3,0.0006043204787612072,629000.0
10660103,1,0.0,1.0,0.0,1.0,0.0,0.0,0.0,0.0,0.0,0.0,0.0,0.0,0.0,0.0,0.0,0.0,0.0,1.0,0.2428571428571429,0.36363636363636365,0.09090909090909091,0.0,0.1111111111111111,3,2,0,0,0,0,1,1,0.6,0.34,0.0007061104228317595,589000.0
10660100,0,0.0,1.0,0.0,1.0,0.0,0.0,0.0,0.0,0.0,0.0,0.0,0.0,0.0,0.0,0.0,0.0,1.0,0.0,0.051020408163265314,0.09090909090909091,0.09090909090909091,0.0,0.05555555555555555,4,6,0,0,0,0,0,1,0.0,0.0,0.0,255000.0
10660109,1,0.0,0.0,1.0,0.0,0.0,0.0,0.0,1.0,0.0,0.0,0.0,0.0,0.0,0.0,1.0,0.0,0.0,0.0,0.16836734693877553,0.1818181818181818,0.09090909090909091,0.07142857142857142,0.1111111111111111,3,7,0,0,0,0,0,1,0.0,0.25,0.00017423503940004458,199000.0
10660107,0,1.0,0.0,0.0,0.0,1.0,0.0,0.0,0.0,0.0,0.0,0.0,0.0,0.0,0.0,0.0,0.0,0.0,1.0,0.15306122448979595,0.1818181818181818,0.18181818181818182,0.0,0.16666666666666666,1,0,1,0,0,0,0,1,0.0,0.22,0.0,600000.0
10660114,1,0.0,1.0,0.0,0.0,0.0,1.0,0.0,0.0,0.0,0.0,0.0,0.0,0.0,0.0,0.0,0.0,1.0,0.0,0.1653061224489796,0.2727272727272727,0.09090909090909091,0.0,0.0,3,3,0,0,0,0,0,1,0.0,0.0,0.00011004318277897552,385000.0
10660112,1,0.0,1.0,0.0,1.0,0.0,0.0,0.0,0.0,0.0,0.0,0.0,0.0,0.0,0.0,0.0,0.0,0.0,1.0,0.19897959183673472,0.36363636363636365,0.09090909090909091,0.0,0.0,1,0,0,0,0,0,1,0,0.28,0.0,0.00033288062790640094,325000.0
10660117,1,0.0,1.0,0.0,0.0,0.0,0.0,1.0,0.0,0.0,0.0,0.0,0.0,0.0,0.0,0.0,0.0,0.0,1.0,0.37551020408163266,0.2727272727272727,0.18181818181818182,0.0,0.0,3,3,0,0,0,0,0,1,0.0,0.0,0.00022742257774321608,585000.0
10660118,1,0.0,1.0,0.0,0.0,0.0,0.0,0.0,0.0,0.0,0.0,0.0,0.0,0.0,1.0,0.0,0.0,1.0,0.0,0.3918367346938776,0.4545454545454545,0.2727272727272727,0.14285714285714285,0.16666666666666666,1,1,1,0,0,0,1,1,0.561,0.4,0.0005144518794917105,5650000.0
10660113,1,0.0,0.0,1.0,0.0,0.0,0.0,0.0,0.0,0.0,1.0,0.0,0.0,0.0,0.0,0.0,0.0,0.0,1.0,0.22448979591836737,0.2727272727272727,0.18181818181818182,0.0,0.0,1,5,0,0,0,0,0,1,0.0,0.0,0.0014241421904645749,529000.0
10660108,0,1.0,0.0,0.0,0.0,1.0,0.0,0.0,0.0,0.0,0.0,0.0,0.0,0.0,0.0,0.0,1.0,0.0,0.0,0.11938775510204083,0.1818181818181818,0.09090909090909091,0.0,0.1111111111111111,1,5,1,0,0,0,0,1,0.0,0.08,0.0,425000.0
10660122,0,0.0,0.0,1.0,0.0,0.0,0.0,0.0,1.0,0.0,0.0,0.0,0.0,0.0,0.0,0.0,0.0,1.0,0.0,0.06326530612244899,0.09090909090909091,0.09090909090909091,0.0,0.1111111111111111,1,2,1,0,0,0,0,0,0.0,0.0,0.0,175000.0
10660126,1,0.0,1.0,0.0,0.0,0.0,0.0,0.0,0.0,1.0,0.0,0.0,0.0,0.0,0.0,0.0,0.0,1.0,0.0,0.3469387755102041,0.2727272727272727,0.09090909090909091,0.0,0.05555555555555555,5,6,0,0,0,0,1,1,0.14,0.4,0.0002567674264842762,445000.0
10660120,0,0.0,0.0,1.0,0.0,0.0,0.0,0.0,1.0,0.0,0.0,0.0,0.0,0.0,0.0,0.0,0.0,1.0,0.0,0.07755102040816328,0.09090909090909091,0.09090909090909091,0.0,0.1111111111111111,1,2,1,0,0,0,0,0,0.0,0.0,0.0,193000.0
10660121,0,0.0,0.0,1.0,0.0,0.0,0.0,0.0,1.0,0.0,0.0,0.0,0.0,0.0,0.0,0.0,0.0,1.0,0.0,0.059183673469387764,0.0,0.09090909090909091,0.0,0.0,1,0,1,0,0,0,0,0,0.0,0.0,0.0,170000.0
10660123,0,0.0,0.0,1.0,0.0,0.0,0.0,0.0,1.0,0.0,0.0,0.0,0.0,0.0,0.0,0.0,0.0,1.0,0.0,0.11734693877551022,0.1818181818181818,0.09090909090909091,0.0,0.0,1,2,1,0,0,0,0,1,0.0,0.0,0.0,244000.0
10660128,0,1.0,0.0,0.0,0.0,1.0,0.0,0.0,0.0,0.0,0.0,0.0,0.0,0.0,0.0,0.0,1.0,0.0,0.0,0.10204081632653061,0.09090909090909091,0.09090909090909091,0.07142857142857142,0.1111111111111111,3,4,0,0,0,0,0,1,0.0,0.15,0.0,369000.0
10660127,1,0.0,1.0,0.0,0.0,0.0,1.0,0.0,0.0,0.0,0.0,0.0,0.0,0.0,0.0,0.0,0.0,1.0,0.0,0.1285714285714286,0.09090909090909091,0.09090909090909091,0.0,0.1111111111111111,3,3,0,0,0,0,1,1,1.0,0.6,0.0027409922777196487,450000.0
10660135,0,0.0,1.0,0.0,0.0,0.0,0.0,1.0,0.0,0.0,0.0,0.0,0.0,0.0,0.0,0.0,0.0,0.0,1.0,0.051020408163265314,0.0,0.09090909090909091,0.0,0.05555555555555555,1,3,0,0,0,0,0,1,0.0,0.02,0.0,210000.0
10660142,1,0.0,1.0,0.0,0.0,0.0,1.0,0.0,0.0,0.0,0.0,0.0,0.0,0.0,0.0,0.0,0.0,0.0,1.0,0.15306122448979595,0.1818181818181818,0.09090909090909091,0.0,0.05555555555555555,4,5,0,0,0,0,1,1,0.45,0.0,0.000517202959061185,219000.0
10660134,0,0.0,1.0,0.0,0.0,0.0,0.0,1.0,0.0,0.0,0.0,0.0,0.0,0.0,0.0,0.0,0.0,0.0,1.0,0.051020408163265314,0.0,0.09090909090909091,0.0,0.05555555555555555,1,4,0,0,0,0,0,1,0.0,0.0,0.0,265000.0
10660143,1,0.0,1.0,0.0,0.0,0.0,1.0,0.0,0.0,0.0,0.0,0.0,0.0,0.0,0.0,0.0,0.0,0.0,1.0,0.2122448979591837,0.2727272727272727,0.09090909090909091,0.0,0.1111111111111111,1,1,0,0,0,0,1,1,0.3,0.18,0.0004374216515464277,446000.0
10660145,1,0.0,1.0,0.0,0.0,0.0,1.0,0.0,0.0,0.0,0.0,0.0,0.0,0.0,0.0,0.0,0.0,0.0,1.0,0.20204081632653065,0.2727272727272727,0.09090909090909091,0.0,0.2222222222222222,1,1,0,0,0,0,1,1,0.2,0.21,0.0003026187526421827,389000.0
10660146,1,0.0,1.0,0.0,1.0,0.0,0.0,0.0,0.0,0.0,0.0,0.0,0.0,0.0,0.0,0.0,0.0,0.0,1.0,0.336734693877551,0.36363636363636365,0.09090909090909091,0.0,0.16666666666666666,3,6,0,0,0,0,0,1,0.0,0.6,0.0002475971612526949,335000.0
10660144,1,0.0,1.0,0.0,0.0,0.0,1.0,0.0,0.0,0.0,0.0,0.0,0.0,0.0,0.0,0.0,0.0,0.0,1.0,0.20204081632653065,0.2727272727272727,0.18181818181818182,0.0,0.1111111111111111,1,1,0,0,0,0,1,1,0.2,0.21,0.0002934484874106014,389000.0
10660153,1,0.0,1.0,0.0,0.0,0.0,1.0,0.0,0.0,0.0,0.0,0.0,0.0,0.0,0.0,0.0,0.0,1.0,0.0,0.163265306122449,0.09090909090909091,0.09090909090909091,0.0,0.05555555555555555,4,0,0,1,0,0,0,0,0.0,0.0,0.0004493429963474834,275000.0
10660151,1,0.0,0.0,1.0,0.0,0.0,0.0,0.0,0.0,0.0,1.0,0.0,0.0,0.0,0.0,0.0,0.0,0.0,1.0,0.10816326530612247,0.09090909090909091,0.09090909090909091,0.07142857142857142,0.05555555555555555,2,2,0,0,0,0,0,1,0.0,0.13,0.00011004318277897552,279000.0
10660154,1,0.0,1.0,0.0,1.0,0.0,0.0,0.0,0.0,0.0,0.0,0.0,0.0,0.0,0.0,0.0,0.0,0.0,1.0,0.10510204081632654,0.1818181818181818,0.09090909090909091,0.0,0.0,5,6,0,1,0,0,1,0,0.15,0.0,0.0002815271426095457,349000.0
10660156,1,0.0,1.0,0.0,1.0,0.0,0.0,0.0,0.0,0.0,0.0,0.0,0.0,0.0,0.0,0.0,0.0,0.0,1.0,0.1,0.2727272727272727,0.09090909090909091,0.0,0.05555555555555555,3,5,0,1,0,0,1,1,0.0,0.32,9.628778493160358e-05,245000.0
10660157,1,0.0,0.0,1.0,0.0,0.0,0.0,0.0,1.0,0.0,0.0,0.0,0.0,0.0,0.0,0.0,0.0,1.0,0.0,0.20408163265306126,0.2727272727272727,0.2727272727272727,0.14285714285714285,0.16666666666666666,2,5,0,0,0,0,1,1,0.49,0.15,0.0006419185662106905,289000.0
10660155,1,0.0,1.0,0.0,0.0,0.0,0.0,0.0,0.0,1.0,0.0,0.0,0.0,0.0,0.0,0.0,0.0,0.0,1.0,0.1622448979591837,0.2727272727272727,0.09090909090909091,0.0,0.05555555555555555,0,4,0,0,0,0,0,1,0.0,0.0,0.0014580721718214257,309000.0
10660159,1,0.0,0.0,1.0,0.0,0.0,0.0,0.0,1.0,0.0,0.0,0.0,0.0,0.0,0.0,0.0,0.0,1.0,0.0,0.07142857142857142,0.1818181818181818,0.18181818181818182,0.14285714285714285,0.16666666666666666,3,0,0,0,0,0,0,0,0.0,0.0,0.0001375539784737194,285000.0
10660163,1,0.0,0.0,1.0,0.0,0.0,0.0,0.0,1.0,0.0,0.0,0.0,0.0,0.0,0.0,0.0,0.0,1.0,0.0,0.20408163265306126,0.2727272727272727,0.2727272727272727,0.14285714285714285,0.16666666666666666,2,5,0,0,0,0,1,1,0.49,0.15,0.0006419185662106905,289000.0
10660164,1,0.0,0.0,1.0,0.0,0.0,0.0,0.0,1.0,0.0,0.0,0.0,0.0,0.0,0.0,0.0,1.0,0.0,0.0,0.10204081632653061,0.09090909090909091,0.0,0.0,0.05555555555555555,6,0,0,0,0,0,0,0,0.0,0.0,0.0003026187526421827,80000.0
10660165,1,0.0,0.0,1.0,0.0,0.0,0.0,0.0,1.0,0.0,0.0,0.0,0.0,0.0,0.0,0.0,1.0,0.0,0.0,0.10204081632653061,0.09090909090909091,0.0,0.0,0.05555555555555555,6,0,0,0,0,0,0,0,0.0,0.0,0.0003026187526421827,80000.0
10660166,1,0.0,0.0,1.0,0.0,0.0,0.0,0.0,1.0,0.0,0.0,0.0,0.0,0.0,0.0,0.0,0.0,0.0,1.0,0.051020408163265314,0.09090909090909091,0.09090909090909091,0.07142857142857142,0.05555555555555555,5,0,0,0,0,0,0,0,0.0,0.0,6.419185662106905e-05,115000.0
10660167,1,0.0,1.0,0.0,0.0,0.0,1.0,0.0,0.0,0.0,0.0,0.0,0.0,0.0,0.0,0.0,1.0,0.0,0.0,0.1479591836734694,0.1818181818181818,0.09090909090909091,0.0,0.1111111111111111,1,1,0,0,0,0,0,1,0.0,0.0,0.0001247156071495056,445000.0
10660197,1,0.0,0.0,1.0,0.0,0.0,0.0,0.0,1.0,0.0,0.0,0.0,0.0,0.0,0.0,0.0,0.0,1.0,0.0,0.09489795918367347,0.09090909090909091,0.09090909090909091,0.07142857142857142,0.05555555555555555,3,6,0,0,0,0,1,0,0.16,0.0,0.00037598087449483304,229000.0
10660199,1,0.0,0.0,1.0,0.0,0.0,0.0,0.0,1.0,0.0,0.0,0.0,0.0,0.0,0.0,0.0,0.0,1.0,0.0,0.1275510204081633,0.1818181818181818,0.09090909090909091,0.07142857142857142,0.05555555555555555,4,7,0,0,0,0,1,1,0.13,0.2,0.00022925663078953234,119000.0
10660196,1,0.0,0.0,1.0,0.0,0.0,0.0,0.0,1.0,0.0,0.0,0.0,0.0,0.0,0.0,0.0,0.0,0.0,1.0,0.1510204081632653,0.1818181818181818,0.09090909090909091,0.07142857142857142,0.1111111111111111,1,5,0,0,0,0,1,1,0.6,0.0,0.00066667828233596,254000.0
10660198,1,0.0,0.0,1.0,0.0,0.0,0.0,0.0,1.0,0.0,0.0,0.0,0.0,0.0,0.0,0.0,0.0,1.0,0.0,0.09387755102040818,0.1818181818181818,0.09090909090909091,0.07142857142857142,0.05555555555555555,4,3,0,0,0,0,1,1,0.03,0.1,0.00011004318277897552,119000.0
10660168,1,0.0,0.0,1.0,0.0,0.0,0.0,0.0,0.0,0.0,0.0,0.0,1.0,0.0,0.0,0.0,0.0,0.0,1.0,0.6285714285714286,0.09090909090909091,0.09090909090909091,0.0,0.05555555555555555,4,5,0,0,0,0,0,1,0.0,0.26,0.001815712515853096,195000.0
10660214,1,0.0,1.0,0.0,0.0,0.0,1.0,0.0,0.0,0.0,0.0,0.0,0.0,0.0,0.0,1.0,0.0,0.0,0.0,0.10102040816326532,0.1818181818181818,0.18181818181818182,0.14285714285714285,0.1111111111111111,3,3,0,0,0,0,0,0,0.0,0.0,5.0436458773697115e-05,272000.0
10660201,1,0.0,1.0,0.0,1.0,0.0,0.0,0.0,0.0,0.0,0.0,0.0,0.0,0.0,0.0,0.0,0.0,0.0,1.0,0.1295918367346939,0.09090909090909091,0.09090909090909091,0.0,0.05555555555555555,3,4,0,1,0,0,1,1,0.218,0.0,0.00032095928310534527,275000.0
10660200,1,0.0,1.0,0.0,0.0,0.0,1.0,0.0,0.0,0.0,0.0,0.0,0.0,0.0,0.0,1.0,0.0,0.0,0.0,0.10204081632653061,0.2727272727272727,0.09090909090909091,0.07142857142857142,0.05555555555555555,3,4,0,0,0,0,1,1,0.15,0.14,0.00021091610032636975,350000.0
10660217,1,0.0,1.0,0.0,1.0,0.0,0.0,0.0,0.0,0.0,0.0,0.0,0.0,0.0,0.0,0.0,0.0,0.0,1.0,0.9061224489795919,0.36363636363636365,0.36363636363636365,0.0,0.0,1,2,0,0,1,0,0,1,0.0,0.0,0.002737324171627016,2075000.0
10660220,1,0.0,1.0,0.0,0.0,0.0,1.0,0.0,0.0,0.0,0.0,0.0,0.0,0.0,0.0,0.0,0.0,1.0,0.0,0.15918367346938778,0.1818181818181818,0.09090909090909091,0.0,0.1111111111111111,3,3,0,0,0,0,0,1,0.0,0.0,0.0005327924099548731,340000.0
10660225,0,0.0,1.0,0.0,0.0,0.0,1.0,0.0,0.0,0.0,0.0,0.0,0.0,0.0,0.0,0.0,0.0,1.0,0.0,0.07448979591836735,0.09090909090909091,0.09090909090909091,0.0,0.05555555555555555,1,0,1,0,0,0,0,1,0.0,0.27,0.0,329000.0
10660227,0,0.0,1.0,0.0,0.0,0.0,1.0,0.0,0.0,0.0,0.0,0.0,0.0,0.0,0.0,0.0,0.0,1.0,0.0,0.1112244897959184,0.1818181818181818,0.09090909090909091,0.0,0.05555555555555555,1,0,1,0,0,0,1,1,0.063,0.19,0.0,339000.0
10660222,1,0.0,1.0,0.0,0.0,0.0,1.0,0.0,0.0,0.0,0.0,0.0,0.0,0.0,0.0,0.0,0.0,1.0,0.0,0.15918367346938778,0.1818181818181818,0.09090909090909091,0.0,0.1111111111111111,3,3,0,0,0,0,0,1,0.0,0.0,0.0005327924099548731,340000.0
10660232,1,0.0,1.0,0.0,0.0,0.0,1.0,0.0,0.0,0.0,0.0,0.0,0.0,0.0,0.0,0.0,1.0,0.0,0.0,0.1469387755102041,0.2727272727272727,0.18181818181818182,0.0,0.1111111111111111,1,0,0,0,0,0,1,1,0.17500000000000002,0.15,0.00026410363866954126,441000.0
10660226,0,0.0,1.0,0.0,0.0,0.0,1.0,0.0,0.0,0.0,0.0,0.0,0.0,0.0,0.0,0.0,0.0,1.0,0.0,0.07142857142857142,0.09090909090909091,0.09090909090909091,0.0,0.05555555555555555,1,0,1,0,0,0,0,1,0.0,0.26,0.0,324000.0
10660224,0,0.0,1.0,0.0,0.0,0.0,1.0,0.0,0.0,0.0,0.0,0.0,0.0,0.0,0.0,0.0,0.0,1.0,0.0,0.10306122448979593,0.1818181818181818,0.09090909090909091,0.0,0.05555555555555555,1,0,1,0,0,0,0,1,0.0,0.12,0.0,374000.0
10660233,1,0.0,1.0,0.0,0.0,0.0,1.0,0.0,0.0,0.0,0.0,0.0,0.0,0.0,0.0,0.0,1.0,0.0,0.0,0.15510204081632656,0.36363636363636365,0.18181818181818182,0.0,0.16666666666666666,0,0,0,0,0,0,1,1,0.039,0.14,0.00013663695195056128,435750.0
10660234,1,0.0,1.0,0.0,0.0,0.0,1.0,0.0,0.0,0.0,0.0,0.0,0.0,0.0,0.0,0.0,1.0,0.0,0.0,0.13979591836734695,0.2727272727272727,0.18181818181818182,0.0,0.0,0,0,0,0,0,0,1,1,0.045,0.14,0.0001467242437053007,425250.0
10660253,0,0.0,1.0,0.0,0.0,0.0,1.0,0.0,0.0,0.0,0.0,0.0,0.0,0.0,0.0,0.0,1.0,0.0,0.0,0.08877551020408164,0.09090909090909091,0.09090909090909091,0.0,0.1111111111111111,1,0,0,0,0,0,1,0,0.038,0.0,0.0,339150.0
10660250,0,0.0,1.0,0.0,0.0,0.0,1.0,0.0,0.0,0.0,0.0,0.0,0.0,0.0,0.0,0.0,1.0,0.0,0.0,0.1,0.09090909090909091,0.09090909090909091,0.0,0.1111111111111111,1,0,0,0,0,0,0,1,0.0,0.09,0.0,365250.0
10660252,0,0.0,1.0,0.0,0.0,0.0,1.0,0.0,0.0,0.0,0.0,0.0,0.0,0.0,0.0,0.0,1.0,0.0,0.0,0.09489795918367347,0.09090909090909091,0.09090909090909091,0.0,0.05555555555555555,1,0,0,0,0,0,1,0,0.07,0.0,0.0,363800.0
10660249,0,0.0,1.0,0.0,0.0,0.0,1.0,0.0,0.0,0.0,0.0,0.0,0.0,0.0,0.0,0.0,1.0,0.0,0.0,0.09489795918367347,0.09090909090909091,0.09090909090909091,0.0,0.1111111111111111,1,0,0,0,0,0,0,1,0.0,0.05,0.0,333400.0
10660265,0,0.0,1.0,0.0,0.0,0.0,1.0,0.0,0.0,0.0,0.0,0.0,0.0,0.0,0.0,1.0,0.0,0.0,0.0,0.04183673469387755,0.0,0.09090909090909091,0.0,0.05555555555555555,0,0,1,0,0,0,0,1,0.0,0.05,0.0,260000.0
10660251,0,0.0,1.0,0.0,0.0,0.0,1.0,0.0,0.0,0.0,0.0,0.0,0.0,0.0,0.0,0.0,1.0,0.0,0.0,0.15306122448979595,0.1818181818181818,0.09090909090909091,0.0,0.1111111111111111,1,0,0,0,0,0,0,1,0.0,0.13,0.0,451250.0
10660267,0,0.0,1.0,0.0,0.0,0.0,1.0,0.0,0.0,0.0,0.0,0.0,0.0,0.0,0.0,1.0,0.0,0.0,0.0,0.04183673469387755,0.0,0.09090909090909091,0.0,0.05555555555555555,0,0,1,0,0,0,0,1,0.0,0.05,0.0,260000.0
10660268,0,0.0,1.0,0.0,0.0,0.0,1.0,0.0,0.0,0.0,0.0,0.0,0.0,0.0,0.0,1.0,0.0,0.0,0.0,0.04183673469387755,0.0,0.09090909090909091,0.0,0.05555555555555555,0,0,1,0,0,0,0,1,0.0,0.05,0.0,260000.0
10660284,0,0.0,1.0,0.0,0.0,0.0,1.0,0.0,0.0,0.0,0.0,0.0,0.0,0.0,0.0,1.0,0.0,0.0,0.0,0.06428571428571428,0.09090909090909091,0.09090909090909091,0.0,0.05555555555555555,1,0,1,0,0,0,0,1,0.0,0.15,0.0,320000.0
10660270,0,0.0,1.0,0.0,0.0,0.0,1.0,0.0,0.0,0.0,0.0,0.0,0.0,0.0,0.0,1.0,0.0,0.0,0.0,0.04183673469387755,0.0,0.09090909090909091,0.0,0.05555555555555555,0,0,1,0,0,0,0,1,0.0,0.05,0.0,260000.0
10660285,0,0.0,1.0,0.0,0.0,0.0,1.0,0.0,0.0,0.0,0.0,0.0,0.0,0.0,0.0,1.0,0.0,0.0,0.0,0.08265306122448982,0.1818181818181818,0.18181818181818182,0.0,0.1111111111111111,1,0,1,0,0,0,0,1,0.0,0.13,0.0,355000.0
10660287,0,0.0,1.0,0.0,0.0,0.0,1.0,0.0,0.0,0.0,0.0,0.0,0.0,0.0,0.0,1.0,0.0,0.0,0.0,0.07142857142857142,0.09090909090909091,0.09090909090909091,0.0,0.1111111111111111,1,0,1,0,0,0,0,1,0.0,0.11,0.0,320000.0
10660286,0,0.0,1.0,0.0,0.0,0.0,1.0,0.0,0.0,0.0,0.0,0.0,0.0,0.0,0.0,1.0,0.0,0.0,0.0,0.09285714285714286,0.1818181818181818,0.18181818181818182,0.0,0.1111111111111111,1,0,1,0,0,0,0,1,0.0,0.27,0.0,400000.0
10660288,0,0.0,1.0,0.0,0.0,0.0,1.0,0.0,0.0,0.0,0.0,0.0,0.0,0.0,0.0,1.0,0.0,0.0,0.0,0.10816326530612247,0.09090909090909091,0.09090909090909091,0.0,0.05555555555555555,1,0,1,0,0,0,0,1,0.0,0.19,0.0,435000.0
10660292,1,0.0,0.0,1.0,0.0,0.0,0.0,0.0,0.0,0.0,1.0,0.0,0.0,0.0,0.0,0.0,0.0,0.0,1.0,0.11020408163265308,0.1818181818181818,0.09090909090909091,0.07142857142857142,0.1111111111111111,5,5,0,0,0,0,1,1,0.28,0.36,0.0003292125218137684,179000.0
10660293,1,0.0,0.0,1.0,0.0,0.0,0.0,0.0,0.0,0.0,0.0,0.0,1.0,0.0,0.0,0.0,0.0,0.0,1.0,0.09081632653061225,0.09090909090909091,0.09090909090909091,0.0,0.0,3,7,0,0,1,0,0,1,0.0,0.0,0.00010729210320950113,125000.0
10660299,1,0.0,0.0,1.0,0.0,0.0,0.0,0.0,0.0,0.0,0.0,0.0,1.0,0.0,0.0,0.0,1.0,0.0,0.0,0.1479591836734694,0.1818181818181818,0.18181818181818182,0.0,0.0,1,4,0,0,0,0,1,1,0.7000000000000001,0.0,0.0,330000.0
10660289,0,0.0,1.0,0.0,0.0,0.0,1.0,0.0,0.0,0.0,0.0,0.0,0.0,0.0,0.0,1.0,0.0,0.0,0.0,0.05408163265306123,0.09090909090909091,0.09090909090909091,0.0,0.05555555555555555,1,0,1,0,0,0,0,1,0.0,0.14,0.0,280000.0
10660305,1,0.0,1.0,0.0,1.0,0.0,0.0,0.0,0.0,0.0,0.0,0.0,0.0,0.0,0.0,0.0,0.0,0.0,1.0,0.22448979591836737,0.2727272727272727,0.09090909090909091,0.0,0.16666666666666666,5,4,0,0,0,0,0,0,0.0,0.0,0.00011462831539476617,299000.0
10660300,1,0.0,0.0,1.0,0.0,0.0,0.0,0.0,1.0,0.0,0.0,0.0,0.0,0.0,0.0,0.0,0.0,0.0,1.0,0.12551020408163266,0.1818181818181818,0.09090909090909091,0.07142857142857142,0.05555555555555555,5,7,0,0,0,0,1,1,0.295,0.12,0.00034847007880008915,70000.0
10660302,0,0.0,1.0,0.0,1.0,0.0,0.0,0.0,0.0,0.0,0.0,0.0,0.0,0.0,0.0,0.0,1.0,0.0,0.0,0.07142857142857142,0.09090909090909091,0.09090909090909091,0.0,0.05555555555555555,3,5,0,0,0,0,0,1,0.0,0.4,0.0,299000.0
10660309,1,0.0,0.0,1.0,0.0,0.0,0.0,0.0,1.0,0.0,0.0,0.0,0.0,0.0,0.0,0.0,0.0,0.0,1.0,0.11734693877551022,0.1818181818181818,0.18181818181818182,0.0,0.0,5,5,0,0,0,0,0,0,0.0,0.0,0.0,119000.0
10660312,1,0.0,0.0,1.0,0.0,0.0,0.0,0.0,1.0,0.0,0.0,0.0,0.0,0.0,0.0,0.0,0.0,0.0,1.0,0.10918367346938776,0.1818181818181818,0.09090909090909091,0.07142857142857142,0.0,3,3,0,0,0,0,1,1,0.5,0.0,0.0008033152342865213,349000.0
10660313,0,1.0,0.0,0.0,0.0,1.0,0.0,0.0,0.0,0.0,0.0,0.0,0.0,0.0,0.0,0.0,1.0,0.0,0.0,0.03775510204081633,0.0,0.09090909090909091,0.21428571428571427,0.05555555555555555,4,7,1,0,0,0,0,1,0.0,0.16,0.0,158000.0
10660316,1,0.0,1.0,0.0,1.0,0.0,0.0,0.0,0.0,0.0,0.0,0.0,0.0,0.0,0.0,0.0,0.0,0.0,1.0,0.14285714285714288,0.1818181818181818,0.09090909090909091,0.0,0.1111111111111111,1,0,0,0,0,0,0,1,0.0,0.0,0.00025768445300743435,422000.0
10660318,1,0.0,0.0,1.0,0.0,0.0,0.0,0.0,0.0,0.0,0.0,0.0,1.0,0.0,0.0,0.0,0.0,0.0,1.0,0.1479591836734694,0.2727272727272727,0.09090909090909091,0.07142857142857142,0.05555555555555555,1,6,0,0,0,0,1,1,0.1,0.6,0.0009170265231581294,265000.0
10660315,1,0.0,1.0,0.0,1.0,0.0,0.0,0.0,0.0,0.0,0.0,0.0,0.0,0.0,0.0,0.0,0.0,0.0,1.0,0.1816326530612245,0.1818181818181818,0.09090909090909091,0.0,0.0,0,2,0,0,1,0,0,1,0.0,0.0,0.000872092223523381,495000.0
10660322,1,0.0,0.0,1.0,0.0,0.0,0.0,0.0,1.0,0.0,0.0,0.0,0.0,0.0,0.0,0.0,0.0,0.0,1.0,0.1836734693877551,0.2727272727272727,0.18181818181818182,0.07142857142857142,0.1111111111111111,3,4,0,0,0,0,1,1,0.6,0.45,0.0007959790221012563,290000.0
10660319,1,0.0,0.0,1.0,0.0,0.0,0.0,0.0,0.0,0.0,1.0,0.0,0.0,0.0,0.0,1.0,0.0,0.0,0.0,0.1326530612244898,0.36363636363636365,0.0,0.0,0.0,5,7,0,0,0,0,0,1,0.0,0.0,0.0,189000.0
10660323,1,0.0,1.0,0.0,1.0,0.0,0.0,0.0,0.0,0.0,0.0,0.0,0.0,0.0,0.0,1.0,0.0,0.0,0.0,0.32040816326530613,0.5454545454545454,0.5454545454545454,0.0,0.3333333333333333,1,3,0,0,0,0,0,1,0.0,0.1,8.711751970002229e-05,895000.0
10660321,1,0.0,1.0,0.0,0.0,0.0,1.0,0.0,0.0,0.0,0.0,0.0,0.0,0.0,0.0,0.0,0.0,1.0,0.0,0.19387755102040818,0.2727272727272727,0.09090909090909091,0.0,0.0,4,5,0,0,0,0,0,1,0.0,0.0,0.0013535311481813988,599000.0
10660329,0,0.0,0.0,1.0,0.0,0.0,0.0,0.0,0.0,0.0,1.0,0.0,0.0,0.0,0.0,0.0,1.0,0.0,0.0,0.022448979591836733,0.0,0.09090909090909091,0.07142857142857142,0.05555555555555555,1,2,1,0,0,0,0,0,0.0,0.0,0.0,149000.0
10660320,1,0.0,1.0,0.0,0.0,0.0,1.0,0.0,0.0,0.0,0.0,0.0,0.0,0.0,0.0,0.0,0.0,0.0,1.0,0.2653061224489796,0.36363636363636365,0.09090909090909091,0.0,0.0,5,6,0,0,0,0,0,1,0.0,0.0,0.0007198658206791315,349000.0
10660324,1,0.0,1.0,0.0,1.0,0.0,0.0,0.0,0.0,0.0,0.0,0.0,0.0,0.0,0.0,1.0,0.0,0.0,0.0,0.32040816326530613,0.5454545454545454,0.5454545454545454,0.0,0.3333333333333333,1,3,0,0,0,0,0,1,0.0,0.1,8.711751970002229e-05,895000.0
10660333,1,0.0,0.0,1.0,0.0,0.0,0.0,0.0,1.0,0.0,0.0,0.0,0.0,0.0,0.0,0.0,0.0,0.0,1.0,0.15510204081632656,0.36363636363636365,0.09090909090909091,0.0,0.1111111111111111,3,3,0,0,0,0,1,1,0.21,0.8,0.0007501276959433498,275000.0
10660332,1,0.0,1.0,0.0,1.0,0.0,0.0,0.0,0.0,0.0,0.0,0.0,0.0,0.0,0.0,0.0,0.0,0.0,1.0,0.15000000000000002,0.36363636363636365,0.09090909090909091,0.0,0.1111111111111111,2,2,0,1,0,0,1,1,0.095,0.0,0.0003814830336337818,599000.0
10660338,0,0.0,1.0,0.0,0.0,0.0,0.0,0.0,0.0,1.0,0.0,0.0,0.0,0.0,0.0,0.0,0.0,1.0,0.0,0.10408163265306122,0.1818181818181818,0.09090909090909091,0.0,0.05555555555555555,1,2,1,0,0,0,0,1,0.0,0.0,0.0,245000.0
10660342,1,0.0,1.0,0.0,0.0,0.0,1.0,0.0,0.0,0.0,0.0,0.0,0.0,0.0,0.0,0.0,0.0,0.0,1.0,0.2755102040816327,0.2727272727272727,0.09090909090909091,0.07142857142857142,0.1111111111111111,3,3,0,0,0,0,0,1,0.0,0.0,0.0015415215854288154,469000.0
10660343,1,0.0,1.0,0.0,0.0,0.0,1.0,0.0,0.0,0.0,0.0,0.0,0.0,0.0,0.0,0.0,0.0,1.0,0.0,0.2755102040816327,0.2727272727272727,0.09090909090909091,0.07142857142857142,0.1111111111111111,3,3,0,0,0,0,0,1,0.0,0.0,0.0015415215854288154,469000.0
10660340,1,0.0,1.0,0.0,0.0,0.0,0.0,0.0,0.0,1.0,0.0,0.0,0.0,0.0,0.0,0.0,0.0,0.0,1.0,0.14183673469387756,0.1818181818181818,0.18181818181818182,0.0,0.0,0,3,0,0,0,0,0,1,0.0,0.0,0.0002998676730727083,289000.0
10660348,0,0.0,1.0,0.0,0.0,0.0,1.0,0.0,0.0,0.0,0.0,0.0,0.0,0.0,0.0,0.0,0.0,0.0,1.0,0.10714285714285715,0.1818181818181818,0.09090909090909091,0.0,0.1111111111111111,2,3,0,0,0,0,0,1,0.0,0.8,0.0,335000.0
10660341,1,0.0,1.0,0.0,1.0,0.0,0.0,0.0,0.0,0.0,0.0,0.0,0.0,0.0,0.0,0.0,0.0,0.0,1.0,0.08673469387755103,0.09090909090909091,0.09090909090909091,0.0,0.0,0,6,0,0,0,0,0,1,0.0,0.0,0.00011921344801055682,325000.0
10660339,1,0.0,1.0,0.0,1.0,0.0,0.0,0.0,0.0,0.0,0.0,0.0,0.0,0.0,0.0,0.0,0.0,0.0,1.0,0.11224489795918369,0.09090909090909091,0.09090909090909091,0.0,0.0,0,2,0,0,0,0,0,1,0.0,0.0,0.0,349000.0
10660352,1,0.0,1.0,0.0,0.0,0.0,0.0,1.0,0.0,0.0,0.0,0.0,0.0,0.0,0.0,0.0,0.0,1.0,0.0,0.2306122448979592,0.36363636363636365,0.09090909090909091,0.0,0.1111111111111111,3,3,0,0,0,0,0,1,0.0,0.0,0.000978467300209724,559000.0
10660350,1,0.0,1.0,0.0,0.0,0.0,0.0,1.0,0.0,0.0,0.0,0.0,0.0,0.0,0.0,0.0,0.0,1.0,0.0,0.2306122448979592,0.36363636363636365,0.09090909090909091,0.0,0.1111111111111111,3,3,0,0,0,0,0,1,0.0,0.0,0.000978467300209724,559000.0
10660354,1,0.0,0.0,1.0,0.0,0.0,0.0,0.0,0.0,0.0,1.0,0.0,0.0,0.0,0.0,0.0,0.0,0.0,1.0,0.11734693877551022,0.09090909090909091,0.09090909090909091,0.07142857142857142,0.1111111111111111,3,3,0,0,0,0,1,1,0.115,0.0,0.00021458420641900226,255000.0
10660358,1,0.0,1.0,0.0,1.0,0.0,0.0,0.0,0.0,0.0,0.0,0.0,0.0,0.0,0.0,0.0,0.0,0.0,1.0,0.12244897959183676,0.1818181818181818,0.09090909090909091,0.0,0.0,4,5,0,0,0,0,1,1,0.3,0.3,0.0005960672400527841,299000.0
10660357,0,0.0,1.0,0.0,0.0,0.0,1.0,0.0,0.0,0.0,0.0,0.0,0.0,0.0,0.0,0.0,0.0,0.0,1.0,0.042857142857142864,0.0,0.09090909090909091,0.07142857142857142,0.05555555555555555,3,4,0,0,0,0,0,0,0.0,0.0,0.0,140000.0
10660356,0,0.0,1.0,0.0,0.0,0.0,1.0,0.0,0.0,0.0,0.0,0.0,0.0,0.0,0.0,0.0,0.0,0.0,1.0,0.051020408163265314,0.09090909090909091,0.09090909090909091,0.07142857142857142,0.05555555555555555,3,2,0,0,0,0,0,1,0.0,0.02,0.0,160000.0
10660359,0,0.0,1.0,0.0,1.0,0.0,0.0,0.0,0.0,0.0,0.0,0.0,0.0,0.0,0.0,0.0,0.0,0.0,1.0,0.09183673469387757,0.09090909090909091,0.09090909090909091,0.0,0.05555555555555555,3,3,0,0,0,0,0,1,0.0,0.18,0.0,245000.0
10660360,1,0.0,1.0,0.0,1.0,0.0,0.0,0.0,0.0,0.0,0.0,0.0,0.0,0.0,0.0,0.0,0.0,0.0,1.0,0.336734693877551,0.2727272727272727,0.2727272727272727,0.0,0.0,1,2,0,0,1,0,1,1,0.5,0.9,0.0009747991941170915,695000.0
10660362,0,1.0,0.0,0.0,0.0,1.0,0.0,0.0,0.0,0.0,0.0,0.0,0.0,0.0,0.0,0.0,0.0,0.0,1.0,0.09387755102040818,0.09090909090909091,0.09090909090909091,0.0,0.1111111111111111,3,5,1,0,0,0,0,1,0.0,0.15,0.0,475000.0
10660365,0,0.0,1.0,0.0,1.0,0.0,0.0,0.0,0.0,0.0,0.0,0.0,0.0,0.0,0.0,0.0,0.0,0.0,1.0,0.06326530612244899,0.09090909090909091,0.09090909090909091,0.0,0.05555555555555555,3,3,0,1,0,0,0,1,0.0,0.03,0.0,210000.0
10660370,0,0.0,1.0,0.0,1.0,0.0,0.0,0.0,0.0,0.0,0.0,0.0,0.0,0.0,0.0,0.0,0.0,0.0,1.0,0.2857142857142857,0.1818181818181818,0.09090909090909091,0.07142857142857142,0.1111111111111111,1,3,0,0,0,0,0,1,0.0,0.0,0.0,749000.0
10660371,0,0.0,0.0,1.0,0.0,0.0,0.0,0.0,1.0,0.0,0.0,0.0,0.0,0.0,0.0,0.0,0.0,0.0,1.0,0.04897959183673469,0.0,0.09090909090909091,0.07142857142857142,0.05555555555555555,1,4,0,0,0,0,0,0,0.0,0.0,0.0,119000.0
10660374,1,0.0,0.0,1.0,0.0,0.0,0.0,0.0,0.0,0.0,0.0,1.0,0.0,0.0,0.0,0.0,0.0,0.0,1.0,0.1275510204081633,0.1818181818181818,0.09090909090909091,0.0,0.0,3,4,0,0,0,0,0,1,0.0,0.35000000000000003,0.0006162418235622629,249000.0
10660369,0,0.0,1.0,0.0,1.0,0.0,0.0,0.0,0.0,0.0,0.0,0.0,0.0,0.0,0.0,0.0,1.0,0.0,0.0,0.1479591836734694,0.1818181818181818,0.18181818181818182,0.14285714285714285,0.16666666666666666,1,2,1,0,0,0,0,1,0.0,0.14,0.0,599000.0
10660375,1,1.0,0.0,0.0,0.0,1.0,0.0,0.0,0.0,0.0,0.0,0.0,0.0,0.0,0.0,0.0,0.0,0.0,1.0,0.163265306122449,0.1818181818181818,0.18181818181818182,0.14285714285714285,0.1111111111111111,1,7,0,0,0,0,0,1,0.0,0.4,0.0,810000.0
10660378,1,0.0,1.0,0.0,0.0,0.0,0.0,0.0,0.0,1.0,0.0,0.0,0.0,0.0,0.0,0.0,0.0,0.0,1.0,0.19897959183673472,0.2727272727272727,0.09090909090909091,0.0,0.1111111111111111,3,6,0,1,0,0,1,0,0.0,0.0,0.0013498630420887665,429500.0
10660379,1,0.0,1.0,0.0,1.0,0.0,0.0,0.0,0.0,0.0,0.0,0.0,0.0,0.0,0.0,0.0,0.0,0.0,1.0,0.30918367346938774,0.36363636363636365,0.2727272727272727,0.0,0.16666666666666666,1,2,0,0,0,0,1,1,1.0,0.0,0.0020321307753184146,1195000.0
10660377,1,0.0,0.0,1.0,0.0,0.0,0.0,0.0,1.0,0.0,0.0,0.0,0.0,0.0,0.0,0.0,0.0,0.0,1.0,0.09693877551020408,0.1818181818181818,0.09090909090909091,0.0,0.0,5,7,0,1,0,0,1,0,0.0,0.0,0.0,195000.0
10660380,0,0.0,1.0,0.0,1.0,0.0,0.0,0.0,0.0,0.0,0.0,0.0,0.0,0.0,0.0,0.0,0.0,0.0,1.0,0.12244897959183676,0.1818181818181818,0.09090909090909091,0.0,0.1111111111111111,3,3,0,0,0,0,0,0,0.0,0.0,0.0,375000.0
10660382,0,0.0,0.0,1.0,0.0,0.0,0.0,0.0,1.0,0.0,0.0,0.0,0.0,0.0,0.0,0.0,0.0,1.0,0.0,0.07142857142857142,0.1818181818181818,0.09090909090909091,0.0,0.0,1,1,0,0,0,0,0,0,0.0,0.0,0.0,185000.0
10660385,1,0.0,1.0,0.0,0.0,0.0,0.0,1.0,0.0,0.0,0.0,0.0,0.0,0.0,0.0,0.0,1.0,0.0,0.0,0.14285714285714288,0.1818181818181818,0.09090909090909091,0.0,0.1111111111111111,3,3,0,0,0,0,0,1,0.0,0.0,0.00028978038131796885,455000.0
10660381,0,0.0,1.0,0.0,1.0,0.0,0.0,0.0,0.0,0.0,0.0,0.0,0.0,0.0,0.0,0.0,0.0,1.0,0.0,0.10306122448979593,0.1818181818181818,0.09090909090909091,0.0,0.05555555555555555,3,2,0,0,0,0,0,1,0.0,0.0,0.0,345000.0
10660384,0,0.0,1.0,0.0,0.0,0.0,0.0,1.0,0.0,0.0,0.0,0.0,0.0,0.0,0.0,0.0,1.0,0.0,0.0,0.10204081632653061,0.1818181818181818,0.09090909090909091,0.0,0.1111111111111111,1,2,1,0,0,0,0,1,0.0,0.56,0.0,510000.0
10660387,0,0.0,1.0,0.0,0.0,0.0,0.0,1.0,0.0,0.0,0.0,0.0,0.0,0.0,0.0,0.0,1.0,0.0,0.0,0.09489795918367347,0.09090909090909091,0.09090909090909091,0.0,0.05555555555555555,3,3,0,0,0,0,0,1,0.0,0.0,0.0,379000.0
10660386,1,0.0,1.0,0.0,0.0,0.0,0.0,0.0,0.0,1.0,0.0,0.0,0.0,0.0,0.0,0.0,0.0,0.0,1.0,0.37244897959183676,0.4545454545454545,0.18181818181818182,0.0,0.1111111111111111,2,3,1,0,0,0,1,1,1.0,0.65,0.001815712515853096,675000.0
10660388,1,0.0,1.0,0.0,1.0,0.0,0.0,0.0,0.0,0.0,0.0,0.0,0.0,0.0,0.0,0.0,0.0,1.0,0.0,0.17040816326530614,0.36363636363636365,0.09090909090909091,0.07142857142857142,0.1111111111111111,1,2,0,0,0,0,1,1,0.10200000000000001,0.3,0.00017606909244636084,319900.0
10660389,1,0.0,1.0,0.0,0.0,0.0,0.0,0.0,0.0,1.0,0.0,0.0,0.0,0.0,0.0,0.0,0.0,0.0,1.0,0.23469387755102042,0.1818181818181818,0.09090909090909091,0.5714285714285714,0.1111111111111111,1,2,0,0,1,0,1,1,0.607,0.5,0.0006730974679980669,495000.0
10660390,1,0.0,0.0,1.0,0.0,0.0,0.0,0.0,0.0,0.0,0.0,0.0,0.0,1.0,0.0,0.0,0.0,1.0,0.0,0.3775510204081633,0.1818181818181818,0.09090909090909091,0.07142857142857142,0.1111111111111111,5,3,0,0,0,0,1,1,1.0,0.39,0.001545189691521448,585000.0
10660391,1,0.0,0.0,1.0,0.0,0.0,0.0,0.0,0.0,0.0,0.0,0.0,0.0,1.0,0.0,0.0,0.0,0.0,1.0,0.3775510204081633,0.1818181818181818,0.09090909090909091,0.07142857142857142,0.1111111111111111,5,3,0,0,0,0,1,1,1.0,0.39,0.001545189691521448,585000.0
10660397,1,0.0,0.0,1.0,0.0,0.0,0.0,0.0,1.0,0.0,0.0,0.0,0.0,0.0,0.0,0.0,1.0,0.0,0.0,0.0836734693877551,0.1818181818181818,0.09090909090909091,0.0,0.0,4,7,0,0,0,0,1,1,0.09,0.17,0.0001815712515853096,135000.0
10660396,0,0.0,0.0,1.0,0.0,0.0,0.0,0.0,0.0,0.0,0.0,1.0,0.0,0.0,0.0,0.0,0.0,0.0,1.0,0.12142857142857144,0.1818181818181818,0.18181818181818182,0.0,0.05555555555555555,0,1,0,0,0,0,0,1,0.0,0.1,0.0,405536.0
10660395,0,0.0,0.0,1.0,0.0,0.0,0.0,0.0,0.0,0.0,0.0,1.0,0.0,0.0,0.0,0.0,0.0,0.0,1.0,0.10102040816326532,0.1818181818181818,0.18181818181818182,0.0,0.05555555555555555,0,1,0,0,0,0,0,1,0.0,0.07,0.0,357690.0
10529328,0,0.0,1.0,0.0,1.0,0.0,0.0,0.0,0.0,0.0,0.0,0.0,0.0,0.0,0.0,0.0,0.0,1.0,0.0,0.06326530612244899,0.09090909090909091,0.09090909090909091,0.0,0.05555555555555555,4,2,0,0,0,0,1,0,0.088,0.0,0.0,246000.0
10660403,0,0.0,1.0,0.0,0.0,0.0,0.0,1.0,0.0,0.0,0.0,0.0,0.0,0.0,0.0,0.0,0.0,0.0,1.0,0.06938775510204082,0.09090909090909091,0.09090909090909091,0.0,0.05555555555555555,1,0,1,0,0,0,1,1,0.04,0.07,0.0,410000.0
10660393,0,0.0,0.0,1.0,0.0,0.0,0.0,0.0,0.0,0.0,0.0,1.0,0.0,0.0,0.0,0.0,0.0,1.0,0.0,0.07142857142857142,0.09090909090909091,0.09090909090909091,0.0,0.0,0,1,1,0,0,0,0,1,0.0,0.0,0.0,243900.0
10660405,0,1.0,0.0,0.0,0.0,1.0,0.0,0.0,0.0,0.0,0.0,0.0,0.0,0.0,0.0,0.0,0.0,0.0,1.0,0.113265306122449,0.09090909090909091,0.18181818181818182,0.0,0.1111111111111111,1,0,1,0,0,0,0,1,0.0,0.39,0.0,715000.0
10660407,0,1.0,0.0,0.0,0.0,1.0,0.0,0.0,0.0,0.0,0.0,0.0,0.0,0.0,0.0,0.0,0.0,0.0,1.0,0.07142857142857142,0.09090909090909091,0.09090909090909091,0.0,0.05555555555555555,0,0,0,0,0,0,0,1,0.0,0.07,0.0,485000.0
10660404,0,1.0,0.0,0.0,0.0,1.0,0.0,0.0,0.0,0.0,0.0,0.0,0.0,0.0,0.0,0.0,0.0,0.0,1.0,0.1469387755102041,0.1818181818181818,0.18181818181818182,0.0,0.1111111111111111,1,1,1,0,0,0,0,1,0.0,0.2,0.0,820000.0
10660406,0,1.0,0.0,0.0,0.0,1.0,0.0,0.0,0.0,0.0,0.0,0.0,0.0,0.0,0.0,0.0,0.0,0.0,1.0,0.0653061224489796,0.0,0.09090909090909091,0.0,0.05555555555555555,1,1,1,0,0,0,0,1,0.0,0.16,0.0,390000.0
10660410,0,1.0,0.0,0.0,0.0,1.0,0.0,0.0,0.0,0.0,0.0,0.0,0.0,0.0,0.0,0.0,1.0,0.0,0.0,0.1459183673469388,0.1818181818181818,0.18181818181818182,0.0,0.1111111111111111,1,1,1,0,0,0,0,1,0.0,0.28,0.0,1295000.0
10660409,1,1.0,0.0,0.0,0.0,1.0,0.0,0.0,0.0,0.0,0.0,0.0,0.0,0.0,0.0,0.0,0.0,0.0,1.0,0.16938775510204085,0.1818181818181818,0.18181818181818182,0.14285714285714285,0.1111111111111111,1,0,0,0,0,0,1,1,0.07,0.0,0.00012104750105687307,795000.0
10660408,1,1.0,0.0,0.0,0.0,1.0,0.0,0.0,0.0,0.0,0.0,0.0,0.0,0.0,0.0,0.0,0.0,0.0,1.0,0.19183673469387758,0.1818181818181818,0.0,0.14285714285714285,0.1111111111111111,0,0,0,0,0,0,1,1,0.5650000000000001,0.16,0.0,1090000.0
10660411,0,1.0,0.0,0.0,0.0,1.0,0.0,0.0,0.0,0.0,0.0,0.0,0.0,0.0,0.0,0.0,1.0,0.0,0.0,0.1459183673469388,0.1818181818181818,0.18181818181818182,0.0,0.1111111111111111,1,1,1,0,0,0,0,1,0.0,0.28,0.0,1275000.0
10660412,0,1.0,0.0,0.0,0.0,1.0,0.0,0.0,0.0,0.0,0.0,0.0,0.0,0.0,0.0,0.0,0.0,0.0,1.0,0.1459183673469388,0.1818181818181818,0.2727272727272727,0.0,0.16666666666666666,1,1,1,0,0,0,1,1,0.25,0.28,0.0,1350000.0
10660413,0,1.0,0.0,0.0,0.0,1.0,0.0,0.0,0.0,0.0,0.0,0.0,0.0,0.0,0.0,0.0,0.0,0.0,1.0,0.1459183673469388,0.1818181818181818,0.2727272727272727,0.0,0.1111111111111111,1,1,1,0,0,0,0,1,0.0,0.28,0.0,1245000.0
10660417,1,0.0,0.0,1.0,0.0,0.0,0.0,0.0,1.0,0.0,0.0,0.0,0.0,0.0,0.0,0.0,0.0,1.0,0.0,0.1459183673469388,0.2727272727272727,0.18181818181818182,0.0,0.1111111111111111,3,2,0,0,0,0,1,1,0.38,0.28,0.000552966993464352,389000.0
10660414,1,0.0,1.0,0.0,0.0,0.0,1.0,0.0,0.0,0.0,0.0,0.0,0.0,0.0,0.0,1.0,0.0,0.0,0.0,0.07244897959183674,0.09090909090909091,0.09090909090909091,0.0,0.0,2,2,0,0,0,0,0,1,0.0,0.04,4.860240572738086e-05,330000.0
10660418,0,0.0,0.0,1.0,0.0,0.0,0.0,0.0,0.0,0.0,0.0,0.0,1.0,0.0,0.0,0.0,1.0,0.0,0.0,0.05510204081632653,0.0,0.0,0.07142857142857142,0.05555555555555555,4,5,0,0,0,0,0,0,0.0,0.0,0.0,150000.0
10660423,0,0.0,1.0,0.0,1.0,0.0,0.0,0.0,0.0,0.0,0.0,0.0,0.0,0.0,0.0,1.0,0.0,0.0,0.0,0.09693877551020408,0.09090909090909091,0.09090909090909091,0.0,0.0,3,2,0,0,0,0,0,0,0.0,0.0,0.0,469000.0
10660425,0,0.0,1.0,0.0,1.0,0.0,0.0,0.0,0.0,0.0,0.0,0.0,0.0,0.0,0.0,0.0,1.0,0.0,0.0,0.08775510204081632,0.09090909090909091,0.18181818181818182,0.0,0.0,1,0,0,0,0,0,0,1,0.0,0.19,0.0,400000.0
10660422,1,0.0,0.0,1.0,0.0,0.0,0.0,0.0,0.0,0.0,0.0,0.0,0.0,1.0,0.0,0.0,0.0,0.0,1.0,0.4989795918367347,0.1818181818181818,0.18181818181818182,0.07142857142857142,0.1111111111111111,3,3,0,0,0,0,1,1,0.2,0.15,0.0005859799482980446,795000.0
10660426,0,1.0,0.0,0.0,0.0,1.0,0.0,0.0,0.0,0.0,0.0,0.0,0.0,0.0,0.0,0.0,0.0,0.0,1.0,0.10204081632653061,0.1818181818181818,0.18181818181818182,0.07142857142857142,0.16666666666666666,1,4,1,0,0,0,0,1,0.0,0.13,0.0,415000.0
10660428,1,0.0,0.0,1.0,0.0,0.0,0.0,0.0,1.0,0.0,0.0,0.0,0.0,0.0,0.0,0.0,0.0,0.0,1.0,0.11938775510204083,0.09090909090909091,0.09090909090909091,0.07142857142857142,0.05555555555555555,4,7,0,0,0,0,0,0,0.0,0.0,0.015668315174679797,300000.0
10660429,0,1.0,0.0,0.0,0.0,1.0,0.0,0.0,0.0,0.0,0.0,0.0,0.0,0.0,0.0,0.0,0.0,0.0,1.0,0.051020408163265314,0.0,0.09090909090909091,0.0,0.05555555555555555,3,4,1,0,0,0,0,1,0.0,0.04,0.0,235000.0
10660427,0,1.0,0.0,0.0,0.0,1.0,0.0,0.0,0.0,0.0,0.0,0.0,0.0,0.0,0.0,0.0,0.0,0.0,1.0,0.1,0.1818181818181818,0.18181818181818182,0.07142857142857142,0.1111111111111111,5,2,1,0,0,0,0,1,0.0,0.17,0.0,325000.0
10660442,0,0.0,1.0,0.0,0.0,0.0,0.0,1.0,0.0,0.0,0.0,0.0,0.0,0.0,0.0,1.0,0.0,0.0,0.0,0.013265306122448979,0.0,0.09090909090909091,0.07142857142857142,0.05555555555555555,1,0,1,0,0,0,0,0,0.0,0.0,0.0,285000.0
10660441,0,0.0,1.0,0.0,0.0,0.0,0.0,1.0,0.0,0.0,0.0,0.0,0.0,0.0,0.0,0.0,1.0,0.0,0.0,0.07142857142857142,0.09090909090909091,0.09090909090909091,0.0,0.05555555555555555,1,1,1,0,0,0,0,1,0.0,0.18,0.0,398000.0
10660445,0,0.0,1.0,0.0,0.0,0.0,0.0,1.0,0.0,0.0,0.0,0.0,0.0,0.0,0.0,1.0,0.0,0.0,0.0,0.023469387755102045,0.0,0.09090909090909091,0.07142857142857142,0.05555555555555555,1,0,1,0,0,0,0,1,0.0,0.09,0.0,395000.0
10529382,1,0.0,0.0,1.0,0.0,0.0,0.0,0.0,0.0,0.0,0.0,1.0,0.0,0.0,0.0,0.0,0.0,0.0,1.0,0.09897959183673471,0.09090909090909091,0.09090909090909091,0.0,0.1111111111111111,4,3,0,0,0,0,1,1,0.40900000000000003,0.2,0.00046218136767169716,180000.0
10660452,1,0.0,1.0,0.0,1.0,0.0,0.0,0.0,0.0,0.0,0.0,0.0,0.0,0.0,0.0,0.0,0.0,0.0,1.0,0.27346938775510204,0.36363636363636365,0.2727272727272727,0.0,0.0,0,2,0,0,0,0,0,1,0.0,0.0,0.0020321307753184146,1195000.0
10660468,1,1.0,0.0,0.0,0.0,1.0,0.0,0.0,0.0,0.0,0.0,0.0,0.0,0.0,0.0,0.0,1.0,0.0,0.0,0.33571428571428574,0.4545454545454545,0.18181818181818182,0.14285714285714285,0.2222222222222222,3,4,0,0,0,0,1,1,0.06,0.16,0.0,665000.0
10660470,1,0.0,1.0,0.0,0.0,0.0,0.0,1.0,0.0,0.0,0.0,0.0,0.0,0.0,0.0,0.0,0.0,0.0,1.0,0.163265306122449,0.1818181818181818,0.09090909090909091,0.0,0.1111111111111111,3,6,0,0,0,0,0,1,0.0,0.0,0.0017102544656899111,349000.0
10529406,0,0.0,1.0,0.0,0.0,0.0,0.0,0.0,0.0,0.0,0.0,0.0,0.0,0.0,1.0,0.0,0.0,0.0,1.0,0.1,0.1818181818181818,0.09090909090909091,0.0,0.0,0,0,0,0,0,0,0,1,0.0,0.25,0.0,264578.0
10529409,0,0.0,1.0,0.0,0.0,0.0,0.0,0.0,0.0,0.0,0.0,0.0,0.0,0.0,1.0,0.0,0.0,0.0,1.0,0.09897959183673471,0.1818181818181818,0.09090909090909091,0.0,0.0,0,0,0,0,0,0,0,1,0.0,0.26,0.0,263948.0
10660543,1,0.0,0.0,1.0,0.0,0.0,0.0,0.0,0.0,0.0,0.0,0.0,0.0,1.0,0.0,0.0,0.0,0.0,1.0,0.1836734693877551,0.36363636363636365,0.18181818181818182,0.07142857142857142,0.1111111111111111,1,0,0,0,0,0,0,1,0.0,0.24,0.0007198658206791315,695000.0
10660542,0,0.0,0.0,1.0,0.0,0.0,0.0,0.0,0.0,0.0,0.0,0.0,0.0,1.0,0.0,0.0,0.0,0.0,1.0,0.06836734693877553,0.0,0.09090909090909091,0.0,0.05555555555555555,3,5,1,0,0,0,0,1,0.0,0.03,0.0,245000.0
10660545,0,0.0,0.0,1.0,0.0,0.0,0.0,0.0,0.0,0.0,0.0,0.0,1.0,0.0,0.0,1.0,0.0,0.0,0.0,0.051020408163265314,0.09090909090909091,0.09090909090909091,0.07142857142857142,0.05555555555555555,5,4,0,0,0,0,0,0,0.0,0.0,0.0,98000.0
10660546,1,0.0,0.0,1.0,0.0,0.0,0.0,0.0,0.0,0.0,0.0,0.0,1.0,0.0,0.0,1.0,0.0,0.0,0.0,0.12448979591836737,0.1818181818181818,0.09090909090909091,0.0,0.1111111111111111,3,4,0,0,0,0,1,1,0.44,0.2,0.0004034916701895769,319000.0
10660547,1,0.0,0.0,1.0,0.0,0.0,0.0,0.0,0.0,0.0,0.0,0.0,1.0,0.0,0.0,0.0,1.0,0.0,0.0,0.13775510204081634,0.1818181818181818,0.09090909090909091,0.0,0.05555555555555555,3,5,0,0,0,0,1,1,0.009000000000000001,0.0,0.0008867646478939111,260000.0
10660548,0,0.0,1.0,0.0,0.0,0.0,0.0,0.0,0.0,1.0,0.0,0.0,0.0,0.0,0.0,0.0,0.0,0.0,1.0,0.11224489795918369,0.09090909090909091,0.09090909090909091,0.0,0.0,0,0,0,0,0,0,0,1,0.0,0.0,0.0,379000.0
10660553,0,1.0,0.0,0.0,0.0,1.0,0.0,0.0,0.0,0.0,0.0,0.0,0.0,0.0,0.0,0.0,1.0,0.0,0.0,0.059183673469387764,0.09090909090909091,0.09090909090909091,0.07142857142857142,0.05555555555555555,1,3,0,0,0,0,0,0,0.0,0.0,0.0,355000.0
10660555,1,0.0,0.0,1.0,0.0,0.0,0.0,0.0,1.0,0.0,0.0,0.0,0.0,0.0,0.0,0.0,0.0,0.0,1.0,0.1489795918367347,0.1818181818181818,0.09090909090909091,0.0,0.1111111111111111,3,7,0,0,0,0,1,0,0.0,0.0,0.0037405511879620096,550000.0
10660560,1,0.0,1.0,0.0,0.0,0.0,1.0,0.0,0.0,0.0,0.0,0.0,0.0,0.0,0.0,0.0,0.0,0.0,1.0,0.1510204081632653,0.1818181818181818,0.09090909090909091,0.0,0.1111111111111111,1,0,0,0,0,0,1,1,0.264,0.33,0.0002686887712853319,475000.0
10267346,1,0.0,1.0,0.0,0.0,0.0,1.0,0.0,0.0,0.0,0.0,0.0,0.0,0.0,0.0,0.0,0.0,0.0,1.0,0.1479591836734694,0.2727272727272727,0.09090909090909091,0.0,0.0,3,4,0,0,0,0,1,1,0.26,0.7000000000000001,0.0003438849461842985,235000.0
10660559,1,0.0,1.0,0.0,1.0,0.0,0.0,0.0,0.0,0.0,0.0,0.0,0.0,0.0,0.0,0.0,0.0,1.0,0.0,0.1479591836734694,0.1818181818181818,0.0,0.0,0.1111111111111111,3,4,0,0,0,0,0,1,0.0,0.0,0.0011728769231192475,329000.0
10660565,1,0.0,1.0,0.0,0.0,0.0,1.0,0.0,0.0,0.0,0.0,0.0,0.0,0.0,0.0,0.0,0.0,0.0,1.0,0.2795918367346939,0.1818181818181818,0.18181818181818182,0.0,0.0,3,4,0,0,0,0,0,1,0.0,0.0,0.002695140951561742,995000.0
10660567,1,0.0,1.0,0.0,0.0,0.0,1.0,0.0,0.0,0.0,0.0,0.0,0.0,0.0,0.0,0.0,0.0,0.0,1.0,0.25510204081632654,0.1818181818181818,0.09090909090909091,0.0,0.05555555555555555,3,6,0,0,0,0,0,1,0.0,0.0,0.0016359753173141027,460000.0
10660570,1,1.0,0.0,0.0,0.0,1.0,0.0,0.0,0.0,0.0,0.0,0.0,0.0,0.0,0.0,0.0,1.0,0.0,0.0,0.5816326530612245,0.9090909090909091,0.4545454545454546,0.0,0.3333333333333333,5,0,0,0,0,0,0,1,0.0,0.25,0.00011737939496424056,1300000.0
10660571,0,1.0,0.0,0.0,0.0,1.0,0.0,0.0,0.0,0.0,0.0,0.0,0.0,0.0,0.0,0.0,1.0,0.0,0.0,0.06122448979591837,0.09090909090909091,0.09090909090909091,0.2857142857142857,0.05555555555555555,5,5,0,0,0,0,0,0,0.0,0.0,0.0,190000.0
10660563,1,0.0,1.0,0.0,0.0,0.0,0.0,0.0,0.0,0.0,0.0,0.0,0.0,0.0,1.0,0.0,0.0,1.0,0.0,0.13877551020408166,0.36363636363636365,0.2727272727272727,0.21428571428571427,0.16666666666666666,3,4,0,0,0,0,0,1,0.0,0.3,0.0001338858723810869,215000.0
10660572,0,1.0,0.0,0.0,0.0,1.0,0.0,0.0,0.0,0.0,0.0,0.0,0.0,0.0,0.0,0.0,1.0,0.0,0.0,0.11734693877551022,0.2727272727272727,0.09090909090909091,0.2857142857142857,0.05555555555555555,5,7,0,0,0,0,0,0,0.0,0.0,0.0,260000.0
10660581,0,0.0,0.0,1.0,0.0,0.0,0.0,0.0,0.0,0.0,0.0,0.0,1.0,0.0,0.0,0.0,1.0,0.0,0.0,0.07244897959183674,0.09090909090909091,0.09090909090909091,0.0,0.05555555555555555,1,2,1,0,0,0,0,0,0.0,0.0,0.0,225000.0
10660583,0,0.0,0.0,1.0,0.0,0.0,0.0,0.0,0.0,0.0,1.0,0.0,0.0,0.0,0.0,0.0,0.0,0.0,1.0,0.07653061224489796,0.09090909090909091,0.09090909090909091,0.0,0.05555555555555555,0,1,1,0,0,0,0,1,0.0,0.04,0.0,235000.0
10660589,1,1.0,0.0,0.0,0.0,1.0,0.0,0.0,0.0,0.0,0.0,0.0,0.0,0.0,0.0,0.0,1.0,0.0,0.0,0.23367346938775516,0.2727272727272727,0.2727272727272727,0.0,0.2222222222222222,0,3,0,0,0,0,1,0,0.16,0.0,0.0002246714981737417,1295000.0
10660590,1,0.0,1.0,0.0,0.0,0.0,0.0,1.0,0.0,0.0,0.0,0.0,0.0,0.0,0.0,0.0,0.0,0.0,1.0,0.9561224489795919,0.6363636363636364,0.5454545454545454,0.0,0.3333333333333333,3,3,0,0,1,0,0,1,0.0,0.0,0.004768537920422273,2450000.0
10660596,0,0.0,0.0,1.0,0.0,0.0,0.0,0.0,0.0,0.0,0.0,0.0,1.0,0.0,0.0,0.0,0.0,0.0,1.0,0.06632653061224492,0.09090909090909091,0.09090909090909091,0.0,0.0,1,3,0,0,0,0,0,0,0.0,0.0,0.0,180000.0
10660599,0,0.0,1.0,0.0,1.0,0.0,0.0,0.0,0.0,0.0,0.0,0.0,0.0,0.0,0.0,0.0,0.0,1.0,0.0,0.07551020408163267,0.09090909090909091,0.09090909090909091,0.0,0.05555555555555555,3,5,1,0,0,0,0,0,0.0,0.0,0.0,224000.0
10660604,1,0.0,0.0,1.0,0.0,0.0,0.0,0.0,1.0,0.0,0.0,0.0,0.0,0.0,0.0,0.0,1.0,0.0,0.0,0.14285714285714288,0.1818181818181818,0.09090909090909091,0.0,0.05555555555555555,4,7,0,0,0,0,0,1,0.0,0.0,0.0004310024658843208,185000.0
10660580,0,1.0,0.0,0.0,0.0,1.0,0.0,0.0,0.0,0.0,0.0,0.0,0.0,0.0,0.0,0.0,1.0,0.0,0.0,0.22448979591836737,0.1818181818181818,0.18181818181818182,0.0,0.1111111111111111,3,7,0,0,0,0,0,1,0.0,0.1,0.0,695000.0
10660602,1,0.0,0.0,1.0,0.0,0.0,0.0,0.0,0.0,0.0,1.0,0.0,0.0,0.0,0.0,0.0,1.0,0.0,0.0,0.07040816326530613,0.09090909090909091,0.09090909090909091,0.07142857142857142,0.05555555555555555,3,4,0,0,0,0,0,1,0.0,0.14,5.7772670958962145e-05,129000.0
10660632,1,0.0,1.0,0.0,1.0,0.0,0.0,0.0,0.0,0.0,0.0,0.0,0.0,0.0,0.0,0.0,0.0,0.0,1.0,0.2969387755102041,0.1818181818181818,0.09090909090909091,0.0,0.1111111111111111,0,3,0,0,0,0,0,0,0.0,0.0,0.001027986732460263,850000.0
10660607,0,0.0,0.0,1.0,0.0,0.0,0.0,0.0,1.0,0.0,0.0,0.0,0.0,0.0,0.0,0.0,0.0,0.0,1.0,0.06122448979591837,0.09090909090909091,0.09090909090909091,0.07142857142857142,0.05555555555555555,3,5,0,0,0,0,0,0,0.0,0.0,0.0,124999.0
10660614,1,0.0,0.0,1.0,0.0,0.0,0.0,0.0,1.0,0.0,0.0,0.0,0.0,0.0,0.0,0.0,0.0,0.0,1.0,0.1510204081632653,0.09090909090909091,0.09090909090909091,0.07142857142857142,0.1111111111111111,1,2,0,0,0,0,0,1,0.0,0.21,9.170265231581294e-05,199999.0
10529593,0,0.0,0.0,1.0,0.0,0.0,0.0,0.0,0.0,0.0,0.0,1.0,0.0,0.0,0.0,0.0,0.0,1.0,0.0,0.10918367346938776,0.1818181818181818,0.09090909090909091,0.0,0.0,3,4,0,1,0,0,0,1,0.0,0.17,0.0,365000.0
10660859,1,1.0,0.0,0.0,0.0,1.0,0.0,0.0,0.0,0.0,0.0,0.0,0.0,0.0,0.0,0.0,1.0,0.0,0.0,0.4387755102040817,0.5454545454545454,0.5454545454545454,0.0,0.4444444444444444,0,6,0,1,0,0,1,1,0.5,0.5,0.0005630542852190914,1590000.0
10660633,1,0.0,0.0,1.0,0.0,0.0,0.0,0.0,0.0,0.0,0.0,0.0,0.0,1.0,0.0,0.0,0.0,0.0,1.0,0.10408163265306122,0.1818181818181818,0.09090909090909091,0.0,0.05555555555555555,5,6,0,0,0,0,1,0,0.778,0.0,0.000773053359022303,225000.0
10660952,1,0.0,0.0,1.0,0.0,0.0,0.0,0.0,1.0,0.0,0.0,0.0,0.0,0.0,0.0,0.0,0.0,0.0,1.0,0.2530612244897959,0.2727272727272727,0.18181818181818182,0.0,0.1111111111111111,1,2,0,1,0,0,0,0,0.0,0.0,0.0011655407109339823,599000.0
10660999,1,1.0,0.0,0.0,0.0,1.0,0.0,0.0,0.0,0.0,0.0,0.0,0.0,0.0,0.0,0.0,1.0,0.0,0.0,0.30714285714285716,0.4545454545454545,0.2727272727272727,0.07142857142857142,0.2222222222222222,2,4,0,0,0,0,1,1,0.45,0.27,0.000531875383431715,875000.0
10661173,0,0.0,0.0,1.0,0.0,0.0,0.0,0.0,1.0,0.0,0.0,0.0,0.0,0.0,0.0,0.0,0.0,1.0,0.0,0.02755102040816327,0.0,0.0,0.0,0.0,1,3,0,1,0,0,0,0,0.0,0.0,0.0,109000.0
10529903,1,0.0,0.0,1.0,0.0,0.0,0.0,0.0,0.0,0.0,1.0,0.0,0.0,0.0,0.0,0.0,1.0,0.0,0.0,0.3877551020408163,0.1818181818181818,0.2727272727272727,0.0,0.2222222222222222,3,5,0,1,0,0,1,0,0.0,0.0,0.00014213911108951004,550000.0
10661217,0,0.0,1.0,0.0,0.0,0.0,1.0,0.0,0.0,0.0,0.0,0.0,0.0,0.0,0.0,0.0,0.0,0.0,1.0,0.15306122448979595,0.1818181818181818,0.18181818181818182,0.0,0.1111111111111111,1,2,1,0,0,0,0,1,0.0,0.18,0.0,350000.0
10661219,1,0.0,0.0,1.0,0.0,0.0,0.0,0.0,0.0,0.0,1.0,0.0,0.0,0.0,0.0,0.0,0.0,0.0,1.0,0.2275510204081633,0.1818181818181818,0.09090909090909091,0.07142857142857142,0.1111111111111111,3,5,0,0,0,0,1,1,0.7000000000000001,0.52,0.0009903886450107796,319000.0
10661220,1,0.0,0.0,1.0,0.0,0.0,0.0,0.0,0.0,0.0,1.0,0.0,0.0,0.0,0.0,0.0,0.0,0.0,1.0,0.32142857142857145,0.4545454545454545,0.18181818181818182,0.07142857142857142,0.1111111111111111,3,5,0,0,0,0,1,1,1.0,0.52,0.0022843130691869,615000.0
10661223,1,1.0,0.0,0.0,0.0,1.0,0.0,0.0,0.0,0.0,0.0,0.0,0.0,0.0,0.0,0.0,0.0,0.0,1.0,0.2653061224489796,0.1818181818181818,0.09090909090909091,0.14285714285714285,0.16666666666666666,3,0,0,0,0,0,1,1,0.03,0.3,0.0,825000.0
10661218,0,0.0,0.0,1.0,0.0,0.0,0.0,0.0,0.0,0.0,1.0,0.0,0.0,0.0,0.0,0.0,0.0,0.0,1.0,0.07346938775510206,0.1818181818181818,0.09090909090909091,0.07142857142857142,0.1111111111111111,1,3,0,0,0,0,0,1,0.0,0.0,0.0,299000.0
10661138,1,0.0,1.0,0.0,0.0,0.0,1.0,0.0,0.0,0.0,0.0,0.0,0.0,0.0,0.0,0.0,0.0,1.0,0.0,0.2653061224489796,0.1818181818181818,0.09090909090909091,0.0,0.1111111111111111,2,1,0,0,0,1,1,1,0.35000000000000003,0.35000000000000003,0.0004585132615790647,439000.0
10661222,1,1.0,0.0,0.0,0.0,1.0,0.0,0.0,0.0,0.0,0.0,0.0,0.0,0.0,0.0,0.0,1.0,0.0,0.0,0.17755102040816328,0.09090909090909091,0.18181818181818182,0.14285714285714285,0.16666666666666666,1,6,0,0,0,0,0,1,0.0,0.03,7.794725446844099e-05,875000.0
10661227,1,0.0,0.0,1.0,0.0,0.0,0.0,0.0,0.0,0.0,1.0,0.0,0.0,0.0,0.0,0.0,0.0,1.0,0.0,0.11734693877551022,0.1818181818181818,0.09090909090909091,0.07142857142857142,0.05555555555555555,1,4,0,0,0,0,0,1,0.0,0.6,0.00012563263367266372,189500.0
10661229,1,0.0,0.0,1.0,0.0,0.0,0.0,0.0,0.0,0.0,1.0,0.0,0.0,0.0,0.0,0.0,0.0,1.0,0.0,0.09693877551020408,0.1818181818181818,0.09090909090909091,0.07142857142857142,0.1111111111111111,5,7,0,0,0,0,1,1,0.17200000000000001,0.3,0.0002659376917158575,155000.0
10661231,0,0.0,1.0,0.0,0.0,0.0,0.0,0.0,0.0,0.0,0.0,0.0,0.0,0.0,1.0,1.0,0.0,0.0,0.0,0.08673469387755103,0.09090909090909091,0.09090909090909091,0.07142857142857142,0.05555555555555555,3,4,1,0,0,0,0,1,0.0,0.45,0.0,365000.0
10661226,1,0.0,0.0,1.0,0.0,0.0,0.0,0.0,0.0,0.0,1.0,0.0,0.0,0.0,0.0,0.0,1.0,0.0,0.0,0.04081632653061225,0.09090909090909091,0.09090909090909091,0.07142857142857142,0.0,5,6,0,0,0,0,1,1,0.25,0.1,0.000340216840091666,115000.0
10661230,1,0.0,1.0,0.0,0.0,0.0,0.0,1.0,0.0,0.0,0.0,0.0,0.0,0.0,0.0,0.0,1.0,0.0,0.0,0.1306122448979592,0.2727272727272727,0.09090909090909091,0.0,0.05555555555555555,5,5,0,0,0,0,0,1,0.0,0.0,0.000134802898904245,299000.0
10661239,1,0.0,1.0,0.0,1.0,0.0,0.0,0.0,0.0,0.0,0.0,0.0,0.0,0.0,0.0,0.0,0.0,0.0,1.0,0.18979591836734697,0.2727272727272727,0.09090909090909091,0.0,0.1111111111111111,1,0,0,0,0,0,0,1,0.0,0.3,0.0004190811210832651,529000.0
10661238,1,0.0,1.0,0.0,1.0,0.0,0.0,0.0,0.0,0.0,0.0,0.0,0.0,0.0,0.0,0.0,0.0,0.0,1.0,0.2142857142857143,0.1818181818181818,0.09090909090909091,0.0,0.0,1,2,0,0,0,0,0,1,0.0,0.0,0.0010408251037844769,465000.0
10661232,1,0.0,1.0,0.0,0.0,0.0,0.0,0.0,0.0,0.0,0.0,0.0,0.0,0.0,1.0,0.0,0.0,0.0,1.0,0.2091836734693878,0.1818181818181818,0.09090909090909091,0.0,0.0,5,4,0,0,0,0,0,1,0.0,0.0,0.000716197714586499,448000.0
10661237,1,0.0,0.0,1.0,0.0,0.0,0.0,0.0,1.0,0.0,0.0,0.0,0.0,0.0,0.0,0.0,1.0,0.0,0.0,0.15306122448979595,0.2727272727272727,0.18181818181818182,0.0,0.05555555555555555,0,4,0,0,0,0,0,0,0.0,0.0,0.000772136332499145,325000.0
10661241,1,0.0,0.0,1.0,0.0,0.0,0.0,0.0,1.0,0.0,0.0,0.0,0.0,0.0,0.0,0.0,1.0,0.0,0.0,0.09897959183673471,0.1818181818181818,0.09090909090909091,0.07142857142857142,0.1111111111111111,2,4,0,0,0,0,1,0,0.165,0.0,0.00020174583509478846,160000.0
10661244,1,0.0,1.0,0.0,1.0,0.0,0.0,0.0,0.0,0.0,0.0,0.0,0.0,0.0,0.0,0.0,0.0,1.0,0.0,0.15918367346938778,0.2727272727272727,0.18181818181818182,0.0,0.0,0,3,0,0,0,0,0,0,0.0,0.0,0.0001439731641358263,349000.0
10661243,1,0.0,1.0,0.0,1.0,0.0,0.0,0.0,0.0,0.0,0.0,0.0,0.0,0.0,0.0,0.0,0.0,0.0,1.0,0.10204081632653061,0.1818181818181818,0.09090909090909091,0.0,0.05555555555555555,4,4,0,0,0,0,0,1,0.0,0.12,5.960672400527841e-05,239000.0
10661257,1,0.0,1.0,0.0,1.0,0.0,0.0,0.0,0.0,0.0,0.0,0.0,0.0,0.0,0.0,0.0,0.0,0.0,1.0,0.0653061224489796,0.1818181818181818,0.09090909090909091,0.0,0.0,3,4,0,0,0,0,1,0,0.156,0.0,0.00021091610032636975,324500.0
10661259,1,0.0,0.0,1.0,0.0,0.0,0.0,0.0,0.0,0.0,1.0,0.0,0.0,0.0,0.0,0.0,0.0,0.0,1.0,0.14183673469387756,0.1818181818181818,0.09090909090909091,0.07142857142857142,0.1111111111111111,3,3,0,0,0,0,1,1,1.0,0.13,0.0025575869730880226,425000.0
10661240,1,0.0,1.0,0.0,0.0,0.0,0.0,0.0,0.0,0.0,0.0,0.0,0.0,0.0,1.0,0.0,0.0,0.0,1.0,0.3469387755102041,0.2727272727272727,0.09090909090909091,0.0,0.0,1,3,0,0,0,0,0,1,0.0,0.0,0.0006052375052843654,775000.0
10661258,1,0.0,0.0,1.0,0.0,0.0,0.0,0.0,0.0,0.0,1.0,0.0,0.0,0.0,0.0,0.0,0.0,0.0,1.0,0.12653061224489798,0.2727272727272727,0.09090909090909091,0.0,0.05555555555555555,4,5,0,0,0,0,1,1,0.148,0.15,0.0002659376917158575,174000.0
10661266,0,0.0,1.0,0.0,1.0,0.0,0.0,0.0,0.0,0.0,0.0,0.0,0.0,0.0,0.0,0.0,1.0,0.0,0.0,0.03877551020408163,0.0,0.09090909090909091,0.0,0.05555555555555555,1,3,1,0,0,0,0,1,0.0,0.07,0.0,265000.0
10661269,0,0.0,1.0,0.0,1.0,0.0,0.0,0.0,0.0,0.0,0.0,0.0,0.0,0.0,0.0,0.0,0.0,1.0,0.0,0.11224489795918369,0.1818181818181818,0.09090909090909091,0.0,0.1111111111111111,5,0,1,0,0,0,0,1,0.0,0.16,0.0,240000.0
10530196,0,0.0,1.0,0.0,0.0,0.0,0.0,1.0,0.0,0.0,0.0,0.0,0.0,0.0,0.0,1.0,0.0,0.0,0.0,0.22653061224489798,0.36363636363636365,0.09090909090909091,0.0,0.1111111111111111,5,0,0,1,0,0,0,0,0.0,0.0,0.0,699000.0
10661270,1,1.0,0.0,0.0,0.0,1.0,0.0,0.0,0.0,0.0,0.0,0.0,0.0,0.0,0.0,0.0,0.0,0.0,1.0,0.15306122448979595,0.1818181818181818,0.09090909090909091,0.0,0.1111111111111111,0,6,0,0,0,0,0,1,0.0,0.23,6.419185662106905e-05,585000.0
10661268,1,0.0,0.0,1.0,0.0,0.0,0.0,0.0,0.0,0.0,0.0,0.0,0.0,1.0,0.0,0.0,0.0,0.0,1.0,0.23469387755102042,0.4545454545454545,0.09090909090909091,0.0,0.0,1,2,0,1,0,0,1,1,0.9500000000000001,0.6,0.0012242304084161026,690000.0
10661274,0,0.0,1.0,0.0,0.0,0.0,0.0,0.0,0.0,0.0,0.0,0.0,0.0,0.0,1.0,0.0,0.0,0.0,1.0,0.06326530612244899,0.09090909090909091,0.0,0.0,0.05555555555555555,3,2,1,0,0,0,0,1,0.0,0.0,0.0,449000.0
10661272,1,0.0,0.0,1.0,0.0,0.0,0.0,0.0,1.0,0.0,0.0,0.0,0.0,0.0,0.0,0.0,0.0,0.0,1.0,0.24693877551020413,0.36363636363636365,0.0,0.14285714285714285,0.05555555555555555,3,5,0,1,0,0,0,0,0.0,0.0,0.00030078469959586644,329000.0
10530198,1,0.0,1.0,0.0,0.0,0.0,0.0,1.0,0.0,0.0,0.0,0.0,0.0,0.0,0.0,1.0,0.0,0.0,0.0,0.22653061224489798,0.36363636363636365,0.09090909090909091,0.0,0.1111111111111111,5,0,0,1,0,0,0,0,0.0,0.0,5.135348529685524e-05,699000.0
10399147,0,0.0,1.0,0.0,0.0,0.0,0.0,0.0,0.0,0.0,0.0,0.0,0.0,0.0,1.0,0.0,0.0,1.0,0.0,0.08673469387755103,0.1818181818181818,0.09090909090909091,0.0,0.05555555555555555,0,3,0,0,0,0,0,0,0.0,0.0,0.0,225000.0
10661295,1,0.0,0.0,1.0,0.0,0.0,0.0,0.0,0.0,0.0,0.0,1.0,0.0,0.0,0.0,0.0,0.0,0.0,1.0,0.1275510204081633,0.1818181818181818,0.09090909090909091,0.0,0.1111111111111111,0,0,0,0,0,0,1,0,0.0,0.0,0.0022412128225984683,355500.0
10661277,0,0.0,1.0,0.0,1.0,0.0,0.0,0.0,0.0,0.0,0.0,0.0,0.0,0.0,0.0,0.0,1.0,0.0,0.0,0.0816326530612245,0.1818181818181818,0.09090909090909091,0.0,0.05555555555555555,4,2,1,0,0,0,0,1,0.0,0.05,0.0,239000.0
10661280,1,0.0,1.0,0.0,0.0,0.0,1.0,0.0,0.0,0.0,0.0,0.0,0.0,0.0,0.0,0.0,0.0,0.0,1.0,0.1836734693877551,0.1818181818181818,0.09090909090909091,0.0,0.0,5,6,0,0,0,0,0,1,0.0,0.0,0.00033929981356850786,259000.0
10661297,1,0.0,1.0,0.0,0.0,0.0,0.0,0.0,0.0,0.0,0.0,0.0,0.0,0.0,1.0,0.0,0.0,0.0,1.0,0.17244897959183675,0.2727272727272727,0.0,0.0,0.05555555555555555,3,6,0,0,0,0,1,1,0.2,0.15,0.0003558062909853542,175000.0
10661300,1,0.0,0.0,1.0,0.0,0.0,0.0,0.0,1.0,0.0,0.0,0.0,0.0,0.0,0.0,0.0,0.0,0.0,1.0,0.11224489795918369,0.1818181818181818,0.09090909090909091,0.0,0.05555555555555555,0,6,0,0,0,0,1,1,0.608,0.2,0.0005575521260801426,249000.0
10661305,1,0.0,1.0,0.0,1.0,0.0,0.0,0.0,0.0,0.0,0.0,0.0,0.0,0.0,0.0,0.0,1.0,0.0,0.0,0.15000000000000002,0.2727272727272727,0.09090909090909091,0.0,0.0,3,3,0,0,0,0,1,0,0.15,0.0,0.0002530993203916437,399000.0
10661302,1,1.0,0.0,0.0,0.0,1.0,0.0,0.0,0.0,0.0,0.0,0.0,0.0,0.0,0.0,0.0,0.0,0.0,1.0,0.1479591836734694,0.1818181818181818,0.09090909090909091,0.0,0.1111111111111111,3,7,0,1,0,0,0,0,0.0,0.0,0.0,369000.0
10661308,1,0.0,1.0,0.0,0.0,0.0,0.0,0.0,0.0,0.0,0.0,0.0,0.0,0.0,1.0,0.0,0.0,1.0,0.0,0.1,0.09090909090909091,0.0,0.0,0.05555555555555555,5,6,0,0,0,0,1,1,0.0,0.0,0.0012223963553697865,185000.0
10661306,0,0.0,0.0,1.0,0.0,0.0,0.0,0.0,0.0,0.0,0.0,0.0,1.0,0.0,0.0,0.0,1.0,0.0,0.0,0.07142857142857142,0.09090909090909091,0.09090909090909091,0.0,0.05555555555555555,1,2,1,0,0,0,0,1,0.0,0.02,0.0,265000.0
10661309,1,0.0,1.0,0.0,0.0,0.0,0.0,0.0,0.0,0.0,0.0,0.0,0.0,0.0,1.0,0.0,0.0,1.0,0.0,0.13979591836734695,0.2727272727272727,0.0,0.0,0.1111111111111111,1,2,0,0,0,0,1,0,0.25,0.0,0.0005648883382654077,370000.0
10661303,0,1.0,0.0,0.0,0.0,1.0,0.0,0.0,0.0,0.0,0.0,0.0,0.0,0.0,0.0,0.0,0.0,0.0,1.0,0.04591836734693878,0.09090909090909091,0.0,0.07142857142857142,0.05555555555555555,5,7,1,1,0,0,0,0,0.0,0.0,0.0,185000.0
10661312,1,0.0,0.0,1.0,0.0,0.0,0.0,0.0,0.0,0.0,0.0,1.0,0.0,0.0,0.0,0.0,0.0,0.0,1.0,0.10204081632653061,0.1818181818181818,0.0,0.0,0.0,0,0,0,0,0,0,0,0,0.0,0.0,0.0019532664943268155,270114.0
10661307,0,0.0,1.0,0.0,0.0,0.0,0.0,0.0,0.0,0.0,0.0,0.0,0.0,0.0,1.0,0.0,0.0,1.0,0.0,0.07653061224489796,0.1818181818181818,0.09090909090909091,0.0,0.05555555555555555,3,2,1,0,0,0,0,1,0.0,0.0,0.0,370000.0
10661316,0,0.0,1.0,0.0,0.0,0.0,0.0,1.0,0.0,0.0,0.0,0.0,0.0,0.0,0.0,0.0,0.0,1.0,0.0,0.10714285714285715,0.1818181818181818,0.09090909090909091,0.0,0.1111111111111111,3,1,1,0,0,0,0,1,0.0,0.15,0.0,454000.0
10661318,1,0.0,0.0,1.0,0.0,0.0,0.0,0.0,0.0,0.0,0.0,1.0,0.0,0.0,0.0,0.0,0.0,0.0,1.0,0.08673469387755103,0.1818181818181818,0.09090909090909091,0.0,0.1111111111111111,0,0,0,0,0,0,1,0,0.0,0.0,0.005007881842966544,336500.0
10661319,1,0.0,0.0,1.0,0.0,0.0,0.0,0.0,1.0,0.0,0.0,0.0,0.0,0.0,0.0,0.0,0.0,1.0,0.0,0.07653061224489796,0.1818181818181818,0.09090909090909091,0.07142857142857142,0.05555555555555555,5,4,0,0,0,0,0,1,0.0,0.0,0.00016506477416846328,90000.0
10661328,1,0.0,1.0,0.0,0.0,0.0,0.0,1.0,0.0,0.0,0.0,0.0,0.0,0.0,0.0,0.0,0.0,1.0,0.0,0.12040816326530615,0.2727272727272727,0.09090909090909091,0.0,0.0,5,6,0,0,0,0,1,0,0.0,0.0,0.00030812091178113144,150000.0
10661327,1,0.0,1.0,0.0,0.0,0.0,0.0,0.0,0.0,1.0,0.0,0.0,0.0,0.0,0.0,0.0,0.0,1.0,0.0,0.1,0.09090909090909091,0.09090909090909091,0.0,0.05555555555555555,4,3,0,0,0,0,1,0,0.23900000000000002,0.0,0.00035488926446219606,220000.0
10661329,1,0.0,1.0,0.0,0.0,0.0,0.0,1.0,0.0,0.0,0.0,0.0,0.0,0.0,0.0,0.0,0.0,1.0,0.0,0.07755102040816328,0.1818181818181818,0.09090909090909091,0.0,0.05555555555555555,0,6,0,0,0,0,1,1,0.0,0.23,0.0005960672400527841,265000.0
10661332,1,0.0,1.0,0.0,0.0,0.0,0.0,0.0,0.0,1.0,0.0,0.0,0.0,0.0,0.0,0.0,0.0,0.0,1.0,0.1622448979591837,0.2727272727272727,0.2727272727272727,0.0,0.16666666666666666,0,2,0,0,0,0,1,0,0.353,0.0,0.0006254120887938442,250000.0
10661330,1,0.0,1.0,0.0,0.0,0.0,0.0,0.0,0.0,1.0,0.0,0.0,0.0,0.0,0.0,0.0,0.0,0.0,1.0,0.12551020408163266,0.1818181818181818,0.09090909090909091,0.0,0.1111111111111111,4,6,0,0,0,0,1,0,0.332,0.0,0.0005795607626359377,199000.0
10661333,1,0.0,1.0,0.0,0.0,0.0,0.0,0.0,0.0,1.0,0.0,0.0,0.0,0.0,0.0,0.0,0.0,0.0,1.0,0.07346938775510206,0.1818181818181818,0.18181818181818182,0.0,0.16666666666666666,1,6,0,0,0,0,1,1,0.0,0.3,0.0002503482408221693,229000.0
10661337,1,0.0,1.0,0.0,0.0,0.0,0.0,0.0,0.0,1.0,0.0,0.0,0.0,0.0,0.0,0.0,0.0,1.0,0.0,0.2418367346938776,0.2727272727272727,0.2727272727272727,0.0,0.16666666666666666,1,3,0,0,0,0,1,0,0.376,0.0,0.0007106955554475503,349000.0
10661341,1,0.0,1.0,0.0,0.0,0.0,0.0,1.0,0.0,0.0,0.0,0.0,0.0,0.0,0.0,0.0,0.0,0.0,1.0,0.163265306122449,0.1818181818181818,0.09090909090909091,0.0,0.05555555555555555,1,4,0,0,0,0,1,0,0.0,0.0,0.0015406045589056573,330000.0
10661347,1,0.0,1.0,0.0,0.0,0.0,0.0,0.0,0.0,1.0,0.0,0.0,0.0,0.0,0.0,0.0,0.0,1.0,0.0,0.11734693877551022,0.1818181818181818,0.09090909090909091,0.0,0.05555555555555555,1,3,0,0,0,0,1,0,0.051000000000000004,0.0,0.00012104750105687307,269000.0
10661340,1,0.0,1.0,0.0,0.0,0.0,0.0,0.0,0.0,1.0,0.0,0.0,0.0,0.0,0.0,0.0,0.0,1.0,0.0,0.16836734693877553,0.36363636363636365,0.09090909090909091,0.0,0.1111111111111111,0,4,0,0,0,0,1,1,0.545,0.14,0.0006437526192570068,285000.0
10661349,1,0.0,1.0,0.0,0.0,0.0,0.0,0.0,0.0,1.0,0.0,0.0,0.0,0.0,0.0,0.0,0.0,1.0,0.0,0.14489795918367349,0.1818181818181818,0.09090909090909091,0.0,0.05555555555555555,5,4,0,0,0,0,1,1,0.0,0.09,6.510888314422718e-05,192500.0
10661345,1,0.0,1.0,0.0,0.0,0.0,0.0,0.0,0.0,1.0,0.0,0.0,0.0,0.0,0.0,0.0,0.0,1.0,0.0,0.09693877551020408,0.1818181818181818,0.09090909090909091,0.0,0.05555555555555555,5,4,0,0,0,0,0,1,0.0,0.1,5.410456486632963e-05,155000.0
10661350,1,0.0,1.0,0.0,0.0,0.0,0.0,0.0,0.0,1.0,0.0,0.0,0.0,0.0,0.0,0.0,0.0,1.0,0.0,0.16938775510204085,0.09090909090909091,0.09090909090909091,0.0,0.16666666666666666,4,5,0,1,0,0,1,1,0.526,0.12,0.0011508682865634524,490000.0
10661360,0,0.0,1.0,0.0,0.0,0.0,0.0,0.0,0.0,1.0,0.0,0.0,0.0,0.0,0.0,0.0,0.0,1.0,0.0,0.13877551020408166,0.0,0.09090909090909091,0.0,0.1111111111111111,0,3,0,0,0,0,0,0,0.0,0.0,0.0,245000.0
10661369,1,0.0,1.0,0.0,0.0,0.0,0.0,0.0,0.0,1.0,0.0,0.0,0.0,0.0,0.0,0.0,0.0,0.0,1.0,0.25510204081632654,0.1818181818181818,0.18181818181818182,0.0,0.16666666666666666,1,6,0,0,0,0,0,0,0.0,0.0,0.0007794725446844099,225000.0
10661359,1,0.0,1.0,0.0,0.0,0.0,0.0,0.0,0.0,1.0,0.0,0.0,0.0,0.0,0.0,0.0,0.0,1.0,0.0,0.1469387755102041,0.1818181818181818,0.09090909090909091,0.0,0.05555555555555555,0,6,0,0,0,0,1,0,0.0,0.0,0.00023567581645163923,229000.0
10661364,1,0.0,1.0,0.0,0.0,0.0,0.0,1.0,0.0,0.0,0.0,0.0,0.0,0.0,0.0,0.0,0.0,1.0,0.0,0.14285714285714288,0.36363636363636365,0.09090909090909091,0.0,0.05555555555555555,1,6,0,0,0,0,1,0,0.4,0.0,0.0014232251639414168,230000.0
10661362,1,0.0,1.0,0.0,0.0,0.0,0.0,0.0,0.0,1.0,0.0,0.0,0.0,0.0,0.0,0.0,0.0,1.0,0.0,0.2142857142857143,0.2727272727272727,0.18181818181818182,0.0,0.1111111111111111,1,5,0,0,0,0,1,0,0.6,0.0,0.000984886485871831,700000.0
10661363,1,0.0,1.0,0.0,0.0,0.0,0.0,0.0,0.0,1.0,0.0,0.0,0.0,0.0,0.0,0.0,0.0,1.0,0.0,0.09693877551020408,0.1818181818181818,0.18181818181818182,0.0,0.1111111111111111,5,0,0,0,0,0,1,0,0.0,0.0,0.003116973152214482,330000.0
10661370,1,0.0,1.0,0.0,0.0,0.0,0.0,0.0,0.0,1.0,0.0,0.0,0.0,0.0,0.0,0.0,0.0,0.0,1.0,0.14285714285714288,0.1818181818181818,0.18181818181818182,0.0,0.1111111111111111,0,4,0,0,0,0,1,1,0.464,0.24,0.0006584250436275368,335000.0
10661367,1,0.0,1.0,0.0,0.0,0.0,0.0,1.0,0.0,0.0,0.0,0.0,0.0,0.0,0.0,0.0,0.0,1.0,0.0,0.09693877551020408,0.09090909090909091,0.09090909090909091,0.0,0.05555555555555555,5,6,0,0,0,0,0,0,0.0,0.0,0.00011004318277897552,219000.0
10661372,1,0.0,1.0,0.0,0.0,0.0,0.0,0.0,0.0,1.0,0.0,0.0,0.0,0.0,0.0,0.0,0.0,1.0,0.0,0.1112244897959184,0.1818181818181818,0.09090909090909091,0.0,0.05555555555555555,0,4,0,0,0,0,1,0,0.0,0.0,0.0001375539784737194,295000.0
10661374,1,0.0,1.0,0.0,0.0,0.0,0.0,0.0,0.0,1.0,0.0,0.0,0.0,0.0,0.0,0.0,0.0,1.0,0.0,0.2163265306122449,0.1818181818181818,0.18181818181818182,0.0,0.05555555555555555,4,6,0,0,0,0,1,0,0.0,0.0,0.0004786878450885435,259000.0
10661388,1,0.0,1.0,0.0,0.0,0.0,0.0,1.0,0.0,0.0,0.0,0.0,0.0,0.0,0.0,0.0,0.0,1.0,0.0,0.31326530612244896,0.2727272727272727,0.18181818181818182,0.0,0.1111111111111111,1,1,0,0,0,0,0,0,0.0,0.0,0.001290256318083488,750000.0
10661386,1,0.0,1.0,0.0,0.0,0.0,0.0,1.0,0.0,0.0,0.0,0.0,0.0,0.0,0.0,0.0,0.0,1.0,0.0,0.17551020408163268,0.1818181818181818,0.18181818181818182,0.0,0.0,1,4,0,0,0,0,0,0,0.0,0.0,0.00018890746377057464,250000.0
10661389,1,0.0,1.0,0.0,0.0,0.0,0.0,1.0,0.0,0.0,0.0,0.0,0.0,0.0,0.0,0.0,0.0,1.0,0.0,0.176530612244898,0.2727272727272727,0.09090909090909091,0.0,0.0,5,3,0,0,0,0,0,1,0.0,0.0,0.0007382063511422941,235000.0
10661378,1,0.0,1.0,0.0,0.0,0.0,0.0,1.0,0.0,0.0,0.0,0.0,0.0,0.0,0.0,0.0,0.0,1.0,0.0,0.1326530612244898,0.1818181818181818,0.09090909090909091,0.0,0.05555555555555555,5,6,0,0,0,0,1,0,0.0,0.0,0.000233841763405323,189000.0
10661383,1,0.0,1.0,0.0,0.0,0.0,0.0,1.0,0.0,0.0,0.0,0.0,0.0,0.0,0.0,0.0,0.0,1.0,0.0,0.12244897959183676,0.2727272727272727,0.18181818181818182,0.0,0.05555555555555555,0,5,0,0,0,0,1,1,0.0,0.12,0.000780389571207568,260000.0
10661387,1,0.0,1.0,0.0,0.0,0.0,0.0,1.0,0.0,0.0,0.0,0.0,0.0,0.0,0.0,0.0,0.0,1.0,0.0,0.12244897959183676,0.1818181818181818,0.09090909090909091,0.0,0.05555555555555555,1,2,0,0,0,0,1,0,0.0,0.0,0.0005502159138948776,450000.0
10661393,1,0.0,1.0,0.0,0.0,0.0,0.0,1.0,0.0,0.0,0.0,0.0,0.0,0.0,0.0,0.0,0.0,1.0,0.0,0.163265306122449,0.1818181818181818,0.09090909090909091,0.0,0.1111111111111111,1,3,0,0,0,0,1,0,0.6,0.0,0.001511259710164597,499000.0
10661391,1,0.0,1.0,0.0,0.0,0.0,0.0,1.0,0.0,0.0,0.0,0.0,0.0,0.0,0.0,0.0,0.0,1.0,0.0,0.1326530612244898,0.2727272727272727,0.09090909090909091,0.0,0.0,5,6,0,0,0,0,0,1,0.0,0.0,0.00033929981356850786,239000.0
10661394,1,0.0,1.0,0.0,0.0,0.0,0.0,1.0,0.0,0.0,0.0,0.0,0.0,0.0,0.0,0.0,0.0,1.0,0.0,0.15408163265306124,0.1818181818181818,0.09090909090909091,0.0,0.05555555555555555,5,6,0,0,0,0,0,0,0.0,0.0,0.0001971607024789978,230000.0
10661403,1,0.0,1.0,0.0,0.0,0.0,0.0,1.0,0.0,0.0,0.0,0.0,0.0,0.0,0.0,0.0,0.0,0.0,1.0,0.07653061224489796,0.09090909090909091,0.0,0.0,0.0,5,6,0,0,0,0,0,0,0.0,0.0,0.0008106514464717863,210000.0
10399251,1,1.0,0.0,0.0,0.0,1.0,0.0,0.0,0.0,0.0,0.0,0.0,0.0,0.0,0.0,0.0,1.0,0.0,0.0,0.1836734693877551,0.09090909090909091,0.09090909090909091,0.0,0.1111111111111111,1,0,0,0,0,0,1,0,0.0,0.0,0.00015222640284424946,470000.0
10661396,1,0.0,0.0,1.0,0.0,0.0,0.0,0.0,0.0,0.0,1.0,0.0,0.0,0.0,0.0,0.0,0.0,0.0,1.0,0.1112244897959184,0.1818181818181818,0.09090909090909091,0.0,0.05555555555555555,4,7,0,0,0,0,0,0,0.0,0.0,0.0011187723582529179,270000.0
10661404,1,0.0,1.0,0.0,0.0,0.0,0.0,1.0,0.0,0.0,0.0,0.0,0.0,0.0,0.0,0.0,0.0,0.0,1.0,0.15612244897959185,0.1818181818181818,0.09090909090909091,0.0,0.1111111111111111,0,0,0,0,0,0,0,0,0.0,0.0,0.00033929981356850786,265000.0
10661408,1,0.0,1.0,0.0,0.0,0.0,0.0,1.0,0.0,0.0,0.0,0.0,0.0,0.0,0.0,0.0,0.0,1.0,0.0,0.10204081632653061,0.09090909090909091,0.09090909090909091,0.0,0.16666666666666666,1,0,0,0,0,0,0,1,0.0,1.0,0.002327413315775332,1200000.0
10661400,1,0.0,1.0,0.0,0.0,0.0,0.0,1.0,0.0,0.0,0.0,0.0,0.0,0.0,0.0,0.0,0.0,1.0,0.0,0.13775510204081634,0.1818181818181818,0.09090909090909091,0.0,0.05555555555555555,0,6,0,0,0,0,0,0,0.0,0.0,0.0007592979611749311,299000.0
10661410,1,0.0,1.0,0.0,0.0,0.0,0.0,1.0,0.0,0.0,0.0,0.0,0.0,0.0,0.0,0.0,0.0,0.0,1.0,0.10102040816326532,0.1818181818181818,0.09090909090909091,0.0,0.0,4,0,0,0,0,0,0,0,0.0,0.0,0.0008399962952128464,225000.0
10661402,0,0.0,1.0,0.0,0.0,0.0,0.0,1.0,0.0,0.0,0.0,0.0,0.0,0.0,0.0,0.0,0.0,1.0,0.0,0.04795918367346939,0.09090909090909091,0.09090909090909091,0.0,0.05555555555555555,1,2,1,0,0,0,0,1,0.0,1.0,0.0,147000.0
10661409,1,0.0,1.0,0.0,0.0,0.0,0.0,1.0,0.0,0.0,0.0,0.0,0.0,0.0,0.0,0.0,0.0,0.0,1.0,0.30612244897959184,0.5454545454545454,0.09090909090909091,0.0,0.1111111111111111,0,6,0,0,0,0,0,0,0.0,0.0,0.0011737939496424055,690000.0
10661418,1,0.0,1.0,0.0,0.0,0.0,0.0,0.0,0.0,1.0,0.0,0.0,0.0,0.0,0.0,0.0,0.0,1.0,0.0,0.08979591836734696,0.1818181818181818,0.09090909090909091,0.0,0.0,0,0,0,0,0,0,0,1,0.0,0.0,0.00048694108379696667,273000.0
10268201,0,0.0,1.0,0.0,0.0,0.0,0.0,0.0,0.0,0.0,0.0,0.0,0.0,0.0,1.0,0.0,0.0,1.0,0.0,0.04489795918367347,0.09090909090909091,0.09090909090909091,0.0,0.05555555555555555,4,4,1,0,0,0,0,0,0.0,0.0,0.0,140000.0
10661419,1,0.0,1.0,0.0,0.0,0.0,0.0,0.0,0.0,1.0,0.0,0.0,0.0,0.0,0.0,0.0,0.0,1.0,0.0,0.08979591836734696,0.1818181818181818,0.09090909090909091,0.0,0.0,0,0,0,0,0,0,0,1,0.0,0.0,0.0004135789619443163,273000.0
10661423,1,0.0,1.0,0.0,0.0,0.0,0.0,1.0,0.0,0.0,0.0,0.0,0.0,0.0,0.0,0.0,0.0,1.0,0.0,0.20408163265306126,0.1818181818181818,0.09090909090909091,0.0,0.0,0,0,0,0,0,0,0,0,0.0,0.0,0.0006831847597528063,325000.0
10661425,0,0.0,1.0,0.0,0.0,0.0,0.0,1.0,0.0,0.0,0.0,0.0,0.0,0.0,0.0,0.0,0.0,1.0,0.0,0.04897959183673469,0.09090909090909091,0.09090909090909091,0.0,0.0,4,0,0,0,0,0,0,0,0.0,0.0,0.0,170000.0
10661429,1,0.0,1.0,0.0,0.0,0.0,0.0,1.0,0.0,0.0,0.0,0.0,0.0,0.0,0.0,0.0,0.0,1.0,0.0,0.08673469387755103,0.1818181818181818,0.09090909090909091,0.0,0.0,5,6,0,0,0,0,0,0,0.0,0.0,0.0003466360257537729,160000.0
10661435,1,0.0,1.0,0.0,0.0,0.0,0.0,0.0,0.0,1.0,0.0,0.0,0.0,0.0,0.0,0.0,0.0,0.0,1.0,0.18673469387755104,0.1818181818181818,0.18181818181818182,0.0,0.1111111111111111,1,2,0,0,0,0,0,0,0.0,0.0,0.002607106405338562,450000.0
10661449,1,0.0,1.0,0.0,0.0,0.0,1.0,0.0,0.0,0.0,0.0,0.0,0.0,0.0,0.0,1.0,0.0,0.0,0.0,0.16836734693877553,0.1818181818181818,0.18181818181818182,0.0,0.16666666666666666,1,0,0,0,0,0,0,1,0.0,0.12,0.0,565000.0
10661460,1,0.0,1.0,0.0,0.0,0.0,1.0,0.0,0.0,0.0,0.0,0.0,0.0,0.0,0.0,0.0,0.0,0.0,1.0,0.14285714285714288,0.09090909090909091,0.09090909090909091,0.0,0.0,3,4,0,0,0,0,0,1,0.0,0.11,0.00037047871535588427,275000.0
10661455,1,0.0,0.0,1.0,0.0,0.0,0.0,0.0,0.0,0.0,0.0,0.0,0.0,1.0,0.0,0.0,0.0,0.0,1.0,0.20408163265306126,0.36363636363636365,0.09090909090909091,0.0,0.1111111111111111,1,3,0,0,0,0,0,1,0.0,0.27,0.0012370687797403164,399000.0
10661466,0,1.0,0.0,0.0,0.0,1.0,0.0,0.0,0.0,0.0,0.0,0.0,0.0,0.0,0.0,1.0,0.0,0.0,0.0,0.22244897959183677,0.1818181818181818,0.2727272727272727,0.0,0.16666666666666666,1,4,1,0,0,0,0,1,0.0,0.2,0.0,1595000.0
10661453,0,0.0,0.0,1.0,0.0,0.0,0.0,0.0,0.0,0.0,1.0,0.0,0.0,0.0,0.0,1.0,0.0,0.0,0.0,0.042857142857142864,0.0,0.09090909090909091,0.07142857142857142,0.05555555555555555,3,6,1,0,0,0,0,0,0.0,0.0,0.0,170000.0
10661462,1,0.0,0.0,1.0,0.0,0.0,0.0,0.0,0.0,0.0,0.0,0.0,0.0,1.0,0.0,0.0,0.0,0.0,1.0,0.3795918367346939,0.4545454545454545,0.2727272727272727,0.07142857142857142,0.2222222222222222,3,5,0,1,0,0,1,1,1.0,0.35000000000000003,0.002439290551600624,850000.0
10661467,0,1.0,0.0,0.0,0.0,1.0,0.0,0.0,0.0,0.0,0.0,0.0,0.0,0.0,0.0,0.0,1.0,0.0,0.0,0.22244897959183677,0.1818181818181818,0.2727272727272727,0.0,0.16666666666666666,1,4,1,0,0,0,0,1,0.0,0.2,0.0,1595000.0
10661470,1,0.0,0.0,1.0,0.0,0.0,0.0,0.0,0.0,0.0,0.0,0.0,1.0,0.0,0.0,0.0,0.0,1.0,0.0,0.14285714285714288,0.2727272727272727,0.18181818181818182,0.0,0.1111111111111111,1,3,0,0,0,0,1,0,0.268,0.0,0.00024576310820637867,325000.0
10661471,1,0.0,1.0,0.0,0.0,0.0,0.0,0.0,0.0,1.0,0.0,0.0,0.0,0.0,0.0,0.0,0.0,0.0,1.0,0.14285714285714288,0.2727272727272727,0.09090909090909091,0.07142857142857142,0.05555555555555555,3,3,0,0,0,0,0,1,0.0,0.16,0.0002063309677105791,309000.0
10661468,0,0.0,1.0,0.0,1.0,0.0,0.0,0.0,0.0,0.0,0.0,0.0,0.0,0.0,0.0,0.0,0.0,0.0,1.0,0.09183673469387757,0.1818181818181818,0.09090909090909091,0.0,0.05555555555555555,0,3,1,0,0,0,0,1,0.0,0.23,0.0,230000.0
10661485,1,0.0,1.0,0.0,0.0,0.0,0.0,1.0,0.0,0.0,0.0,0.0,0.0,0.0,0.0,0.0,0.0,1.0,0.0,0.1836734693877551,0.1818181818181818,0.0,0.0,0.1111111111111111,3,4,0,0,0,0,1,1,0.0,0.0,0.0006730974679980669,275000.0
10661477,1,0.0,0.0,1.0,0.0,0.0,0.0,0.0,1.0,0.0,0.0,0.0,0.0,0.0,0.0,0.0,0.0,0.0,1.0,0.1326530612244898,0.1818181818181818,0.09090909090909091,0.0,0.0,0,6,0,0,0,0,0,1,0.0,0.4,0.0011921344801055682,350000.0
10661484,1,0.0,1.0,0.0,0.0,0.0,1.0,0.0,0.0,0.0,0.0,0.0,0.0,0.0,0.0,0.0,0.0,0.0,1.0,0.2285714285714286,0.2727272727272727,0.18181818181818182,0.0,0.0,0,3,0,0,0,0,0,0,0.0,0.0,0.00128933929156033,540000.0
10661486,1,0.0,0.0,1.0,0.0,0.0,0.0,0.0,0.0,0.0,0.0,1.0,0.0,0.0,0.0,0.0,0.0,0.0,1.0,0.15714285714285717,0.2727272727272727,0.09090909090909091,0.07142857142857142,0.05555555555555555,4,6,0,0,0,0,1,0,0.9460000000000001,0.0,0.0010197334937518399,285000.0
10661490,1,0.0,0.0,1.0,0.0,0.0,0.0,0.0,0.0,0.0,1.0,0.0,0.0,0.0,0.0,0.0,0.0,0.0,1.0,0.12244897959183676,0.1818181818181818,0.09090909090909091,0.0,0.1111111111111111,0,0,0,0,0,0,1,0,0.0,0.0,0.006896039454149133,405500.0
10661488,0,1.0,0.0,0.0,0.0,1.0,0.0,0.0,0.0,0.0,0.0,0.0,0.0,0.0,0.0,0.0,0.0,0.0,1.0,0.020408163265306124,0.0,0.09090909090909091,0.0,0.05555555555555555,0,6,0,0,0,0,0,1,0.0,0.0,0.0,149000.0
10661491,0,1.0,0.0,0.0,0.0,1.0,0.0,0.0,0.0,0.0,0.0,0.0,0.0,0.0,0.0,0.0,0.0,0.0,1.0,0.10714285714285715,0.1818181818181818,0.09090909090909091,0.07142857142857142,0.05555555555555555,1,7,1,0,0,0,0,1,0.0,0.1,0.0,565000.0
10661493,0,0.0,1.0,0.0,0.0,0.0,0.0,0.0,0.0,0.0,0.0,0.0,0.0,0.0,1.0,0.0,0.0,0.0,1.0,0.08061224489795918,0.09090909090909091,0.09090909090909091,0.0,0.1111111111111111,3,2,1,0,0,0,0,0,0.0,0.0,0.0,299500.0
10661497,1,0.0,0.0,1.0,0.0,0.0,0.0,0.0,0.0,0.0,0.0,1.0,0.0,0.0,0.0,0.0,0.0,0.0,1.0,0.17346938775510207,0.2727272727272727,0.09090909090909091,0.0,0.1111111111111111,1,6,0,0,0,0,1,1,0.677,0.25,0.0007620490407444055,270000.0
10661516,1,0.0,0.0,1.0,0.0,0.0,0.0,0.0,0.0,0.0,1.0,0.0,0.0,0.0,0.0,0.0,0.0,0.0,1.0,0.13775510204081634,0.1818181818181818,0.09090909090909091,0.0,0.05555555555555555,0,3,0,1,0,0,0,0,0.0,0.0,0.00015589450893688199,239000.0
10661520,0,0.0,1.0,0.0,1.0,0.0,0.0,0.0,0.0,0.0,0.0,0.0,0.0,0.0,0.0,0.0,0.0,0.0,1.0,0.04897959183673469,0.0,0.09090909090909091,0.0,0.05555555555555555,3,3,0,0,0,0,0,1,0.0,0.15,0.0,175000.0
10661517,1,0.0,0.0,1.0,0.0,0.0,0.0,0.0,0.0,0.0,1.0,0.0,0.0,0.0,0.0,0.0,0.0,0.0,1.0,0.1459183673469388,0.1818181818181818,0.0,0.0,0.0,0,6,0,1,0,0,0,0,0.0,0.0,0.00036222547664746107,249000.0
10661532,1,0.0,0.0,1.0,0.0,0.0,0.0,0.0,0.0,0.0,1.0,0.0,0.0,0.0,0.0,0.0,0.0,1.0,0.0,0.11836734693877551,0.09090909090909091,0.09090909090909091,0.07142857142857142,0.1111111111111111,3,5,0,0,0,0,1,0,0.152,0.0,0.00033929981356850786,279000.0
10661529,1,0.0,0.0,1.0,0.0,0.0,0.0,0.0,1.0,0.0,0.0,0.0,0.0,0.0,0.0,0.0,0.0,0.0,1.0,0.15408163265306124,0.1818181818181818,0.18181818181818182,0.14285714285714285,0.1111111111111111,3,7,0,0,0,0,0,1,0.0,0.0,0.002064226703628949,440000.0
10661539,1,0.0,1.0,0.0,0.0,0.0,0.0,0.0,0.0,1.0,0.0,0.0,0.0,0.0,0.0,0.0,0.0,0.0,1.0,0.1326530612244898,0.1818181818181818,0.09090909090909091,0.0,0.1111111111111111,0,0,0,1,0,0,1,0,0.0,0.0,0.0002952825404569177,372000.0
10661548,1,0.0,0.0,1.0,0.0,0.0,0.0,0.0,0.0,0.0,1.0,0.0,0.0,0.0,0.0,0.0,0.0,0.0,1.0,0.23265306122448984,0.2727272727272727,0.18181818181818182,0.0,0.0,0,4,0,0,0,0,0,0,0.0,0.0,0.0018239657545615193,479000.0
10661540,0,0.0,1.0,0.0,0.0,0.0,0.0,0.0,0.0,0.0,0.0,0.0,0.0,0.0,1.0,0.0,0.0,1.0,0.0,0.05306122448979592,0.09090909090909091,0.09090909090909091,0.0,0.0,3,2,1,1,0,0,0,0,0.0,0.0,0.0,197000.0
10661557,0,1.0,0.0,0.0,0.0,1.0,0.0,0.0,0.0,0.0,0.0,0.0,0.0,0.0,0.0,0.0,1.0,0.0,0.0,0.08979591836734696,0.09090909090909091,0.09090909090909091,0.0,0.1111111111111111,0,0,0,0,0,0,0,1,0.0,0.8,0.0,485000.0
10661552,0,0.0,1.0,0.0,0.0,0.0,0.0,0.0,0.0,0.0,0.0,0.0,0.0,0.0,1.0,0.0,0.0,1.0,0.0,0.06632653061224492,0.09090909090909091,0.18181818181818182,0.0,0.1111111111111111,1,0,1,0,0,0,0,1,0.0,0.1,0.0,495000.0
10661558,0,0.0,1.0,0.0,0.0,0.0,1.0,0.0,0.0,0.0,0.0,0.0,0.0,0.0,0.0,0.0,0.0,1.0,0.0,0.022448979591836733,0.0,0.09090909090909091,0.0,0.0,4,2,1,1,0,0,0,1,0.0,0.0,0.0,89000.0
10661563,1,0.0,0.0,1.0,0.0,0.0,0.0,0.0,1.0,0.0,0.0,0.0,0.0,0.0,0.0,1.0,0.0,0.0,0.0,0.2653061224489796,0.2727272727272727,0.09090909090909091,0.0,0.1111111111111111,3,5,0,0,0,0,0,1,0.0,0.0,0.0004401727311159021,299000.0
10661566,1,1.0,0.0,0.0,0.0,1.0,0.0,0.0,0.0,0.0,0.0,0.0,0.0,0.0,0.0,0.0,1.0,0.0,0.0,0.2142857142857143,0.2727272727272727,0.2727272727272727,0.0,0.16666666666666666,3,7,0,0,0,0,1,0,0.03,0.0,7.611320142212473e-05,580000.0
10661573,0,1.0,0.0,0.0,0.0,1.0,0.0,0.0,0.0,0.0,0.0,0.0,0.0,0.0,0.0,0.0,1.0,0.0,0.0,0.015306122448979595,0.0,0.09090909090909091,0.0,0.0,0,7,0,0,0,0,0,0,0.0,0.0,0.0,162500.0
10661569,1,0.0,0.0,1.0,0.0,0.0,0.0,0.0,0.0,0.0,0.0,0.0,0.0,1.0,0.0,0.0,0.0,0.0,1.0,0.1806122448979592,0.2727272727272727,0.0,0.0,0.05555555555555555,3,5,0,0,0,0,1,1,0.275,0.0,0.0,495000.0
10661570,1,0.0,1.0,0.0,0.0,0.0,0.0,0.0,0.0,0.0,0.0,0.0,0.0,0.0,1.0,0.0,0.0,1.0,0.0,0.06836734693877553,0.09090909090909091,0.0,0.0,0.05555555555555555,4,6,0,0,0,0,1,1,0.0,0.0,8.253238708423164e-05,135000.0
10661574,1,0.0,0.0,1.0,0.0,0.0,0.0,0.0,0.0,0.0,0.0,1.0,0.0,0.0,0.0,0.0,0.0,1.0,0.0,0.16734693877551024,0.1818181818181818,0.09090909090909091,0.0,0.0,0,4,0,0,0,0,0,0,0.0,0.0,0.0014158889517561517,515000.0
10661590,1,0.0,0.0,1.0,0.0,0.0,0.0,0.0,0.0,0.0,0.0,0.0,0.0,1.0,0.0,0.0,0.0,0.0,1.0,0.1806122448979592,0.1818181818181818,0.09090909090909091,0.0,0.1111111111111111,3,5,0,0,0,0,1,1,1.0,0.4,0.0020018689000541965,520000.0
10661601,1,0.0,0.0,1.0,0.0,0.0,0.0,0.0,0.0,0.0,1.0,0.0,0.0,0.0,0.0,0.0,0.0,1.0,0.0,0.11224489795918369,0.1818181818181818,0.2727272727272727,0.21428571428571427,0.16666666666666666,3,3,0,0,0,0,1,1,0.23500000000000001,0.1,0.00027052282433164817,230000.0
10661592,1,1.0,0.0,0.0,0.0,1.0,0.0,0.0,0.0,0.0,0.0,0.0,0.0,0.0,0.0,0.0,1.0,0.0,0.0,0.23469387755102042,0.36363636363636365,0.0,0.14285714285714285,0.16666666666666666,5,0,0,0,0,0,0,0,0.0,0.0,0.00014213911108951004,650000.0
10661605,1,0.0,0.0,1.0,0.0,0.0,0.0,0.0,0.0,0.0,1.0,0.0,0.0,0.0,0.0,0.0,0.0,0.0,1.0,0.11224489795918369,0.2727272727272727,0.18181818181818182,0.0,0.05555555555555555,5,6,0,0,0,0,1,1,0.8,0.4,0.0010004759367655191,319000.0
10661613,0,1.0,0.0,0.0,0.0,1.0,0.0,0.0,0.0,0.0,0.0,0.0,0.0,0.0,0.0,0.0,1.0,0.0,0.0,0.10204081632653061,0.09090909090909091,0.18181818181818182,0.0,0.1111111111111111,3,7,0,1,0,0,0,0,0.0,0.0,0.0,250000.0
10661610,1,0.0,0.0,1.0,0.0,0.0,0.0,0.0,1.0,0.0,0.0,0.0,0.0,0.0,0.0,0.0,0.0,0.0,1.0,0.1836734693877551,0.36363636363636365,0.09090909090909091,0.07142857142857142,0.05555555555555555,0,6,0,0,0,0,0,1,0.0,0.5,0.0001375539784737194,180000.0
10661614,1,0.0,0.0,1.0,0.0,0.0,0.0,0.0,1.0,0.0,0.0,0.0,0.0,0.0,0.0,0.0,0.0,0.0,1.0,0.07346938775510206,0.09090909090909091,0.09090909090909091,0.0,0.0,0,6,0,0,0,0,1,1,1.0,0.4,0.0011004318277897552,350000.0
10661617,1,0.0,1.0,0.0,0.0,0.0,0.0,0.0,0.0,0.0,0.0,0.0,0.0,0.0,1.0,0.0,0.0,0.0,1.0,0.113265306122449,0.1818181818181818,0.0,0.0,0.05555555555555555,3,4,0,0,0,0,0,1,0.0,0.0,5.502159138948776e-05,235000.0
10661609,0,0.0,0.0,1.0,0.0,0.0,0.0,0.0,1.0,0.0,0.0,0.0,0.0,0.0,0.0,0.0,0.0,1.0,0.0,0.051020408163265314,0.09090909090909091,0.09090909090909091,0.07142857142857142,0.05555555555555555,3,4,1,0,0,0,0,1,0.0,0.0,0.0,130000.0
10661615,0,1.0,0.0,0.0,0.0,1.0,0.0,0.0,0.0,0.0,0.0,0.0,0.0,0.0,0.0,0.0,0.0,0.0,1.0,0.03571428571428572,0.0,0.09090909090909091,0.0,0.05555555555555555,1,5,0,0,0,0,1,1,0.07,0.22,0.0,270000.0
10661620,1,0.0,0.0,1.0,0.0,0.0,0.0,0.0,1.0,0.0,0.0,0.0,0.0,0.0,0.0,0.0,1.0,0.0,0.0,0.15306122448979595,0.1818181818181818,0.18181818181818182,0.14285714285714285,0.1111111111111111,0,3,0,0,0,0,0,1,0.0,0.0,0.0,210000.0
10661618,0,0.0,0.0,1.0,0.0,0.0,0.0,0.0,0.0,0.0,0.0,0.0,0.0,1.0,0.0,0.0,0.0,1.0,0.0,0.04897959183673469,0.09090909090909091,0.09090909090909091,0.0,0.05555555555555555,3,2,1,1,0,0,0,0,0.0,0.0,0.0,215000.0
10661621,1,0.0,0.0,1.0,0.0,0.0,0.0,0.0,1.0,0.0,0.0,0.0,0.0,0.0,0.0,0.0,1.0,0.0,0.0,0.051020408163265314,0.0,0.09090909090909091,0.07142857142857142,0.05555555555555555,0,4,0,0,0,0,0,0,0.0,0.0,0.0,70000.0
10661622,1,0.0,0.0,1.0,0.0,0.0,0.0,0.0,1.0,0.0,0.0,0.0,0.0,0.0,0.0,1.0,0.0,0.0,0.0,0.163265306122449,0.36363636363636365,0.09090909090909091,0.07142857142857142,0.05555555555555555,4,3,0,0,0,0,1,1,0.035,0.2,0.0,220000.0
10661628,1,0.0,0.0,1.0,0.0,0.0,0.0,0.0,1.0,0.0,0.0,0.0,0.0,0.0,0.0,0.0,0.0,1.0,0.0,0.1163265306122449,0.09090909090909091,0.09090909090909091,0.0,0.0,3,7,0,1,0,0,0,1,0.0,0.0,0.00017973719853899334,135000.0
10661639,1,0.0,1.0,0.0,1.0,0.0,0.0,0.0,0.0,0.0,0.0,0.0,0.0,0.0,0.0,0.0,1.0,0.0,0.0,0.05408163265306123,0.09090909090909091,0.09090909090909091,0.0,0.0,3,6,0,1,0,0,1,1,0.2,0.2,0.0,217000.0
10661640,0,0.0,1.0,0.0,1.0,0.0,0.0,0.0,0.0,0.0,0.0,0.0,0.0,0.0,0.0,0.0,0.0,0.0,1.0,0.06938775510204082,0.09090909090909091,0.09090909090909091,0.0,0.0,3,3,0,1,0,0,0,1,0.0,0.02,0.0,219000.0
10661643,0,0.0,1.0,0.0,0.0,0.0,0.0,0.0,0.0,0.0,0.0,0.0,0.0,0.0,1.0,0.0,0.0,0.0,1.0,0.11836734693877551,0.09090909090909091,0.09090909090909091,0.0,0.1111111111111111,0,1,0,0,0,0,0,1,0.0,0.2,0.0,234500.0
10661645,1,0.0,1.0,0.0,0.0,0.0,0.0,0.0,0.0,0.0,0.0,0.0,0.0,0.0,1.0,0.0,0.0,1.0,0.0,0.1959183673469388,0.1818181818181818,0.0,0.0,0.1111111111111111,0,3,0,0,0,0,0,1,0.0,0.0,0.0004475089433011671,389000.0
10661649,1,0.0,1.0,0.0,0.0,0.0,0.0,0.0,0.0,0.0,0.0,0.0,0.0,0.0,1.0,0.0,0.0,0.0,1.0,0.13571428571428573,0.1818181818181818,0.09090909090909091,0.0,0.1111111111111111,3,1,0,0,0,0,0,1,0.0,0.0,0.00021733528598847667,369000.0
10661647,1,0.0,1.0,0.0,0.0,0.0,0.0,0.0,0.0,0.0,0.0,0.0,0.0,0.0,1.0,0.0,0.0,1.0,0.0,0.06632653061224492,0.09090909090909091,0.09090909090909091,0.0,0.0,3,4,0,0,0,0,1,0,0.082,0.0,0.00011737939496424056,209000.0
10661651,0,0.0,1.0,0.0,0.0,0.0,0.0,0.0,0.0,0.0,0.0,0.0,0.0,0.0,1.0,0.0,0.0,0.0,1.0,0.012244897959183675,0.0,0.09090909090909091,0.0,0.05555555555555555,3,4,1,0,0,0,0,0,0.0,0.0,0.0,82900.0
10661652,1,0.0,0.0,1.0,0.0,0.0,0.0,0.0,1.0,0.0,0.0,0.0,0.0,0.0,0.0,0.0,1.0,0.0,0.0,0.11224489795918369,0.09090909090909091,0.09090909090909091,0.0,0.1111111111111111,3,6,0,1,0,0,1,1,0.14,0.3,0.00022558852469689982,200000.0
10661653,0,0.0,0.0,1.0,0.0,0.0,0.0,0.0,1.0,0.0,0.0,0.0,0.0,0.0,0.0,0.0,1.0,0.0,0.0,0.15306122448979595,0.1818181818181818,0.09090909090909091,0.0,0.1111111111111111,3,5,1,1,0,0,0,1,0.0,0.05,0.0,250000.0
10661655,1,0.0,1.0,0.0,0.0,0.0,0.0,0.0,0.0,1.0,0.0,0.0,0.0,0.0,0.0,0.0,0.0,0.0,1.0,0.22959183673469388,0.09090909090909091,0.18181818181818182,0.0,0.1111111111111111,1,0,0,0,0,0,1,1,0.0,0.0,0.0005511329404180357,464900.0
10661660,0,0.0,1.0,0.0,1.0,0.0,0.0,0.0,0.0,0.0,0.0,0.0,0.0,0.0,0.0,1.0,0.0,0.0,0.0,0.09897959183673471,0.09090909090909091,0.09090909090909091,0.0,0.05555555555555555,0,0,1,1,0,0,0,1,0.0,0.19,0.0,595000.0
10661661,0,0.0,1.0,0.0,0.0,0.0,0.0,0.0,0.0,0.0,0.0,0.0,0.0,0.0,1.0,1.0,0.0,0.0,0.0,0.09387755102040818,0.1818181818181818,0.09090909090909091,0.0,0.1111111111111111,0,0,0,1,0,0,0,1,0.0,0.07,0.0,317616.0
10661662,0,0.0,1.0,0.0,0.0,0.0,0.0,0.0,0.0,0.0,0.0,0.0,0.0,0.0,1.0,1.0,0.0,0.0,0.0,0.07142857142857142,0.09090909090909091,0.09090909090909091,0.0,0.1111111111111111,0,0,0,1,0,0,0,1,0.0,0.07,0.0,280612.0
10661677,0,0.0,1.0,0.0,0.0,0.0,0.0,0.0,0.0,0.0,0.0,0.0,0.0,0.0,1.0,1.0,0.0,0.0,0.0,0.06938775510204082,0.09090909090909091,0.09090909090909091,0.0,0.05555555555555555,0,0,1,1,0,0,0,1,0.0,0.07,0.0,283626.0
10661687,0,0.0,0.0,1.0,0.0,0.0,0.0,0.0,1.0,0.0,0.0,0.0,0.0,0.0,0.0,0.0,1.0,0.0,0.0,0.05000000000000001,0.0,0.09090909090909091,0.07142857142857142,0.05555555555555555,3,5,0,0,0,0,0,1,0.0,0.0,0.0,160000.0
10661696,1,0.0,1.0,0.0,0.0,0.0,0.0,0.0,0.0,0.0,0.0,0.0,0.0,0.0,1.0,0.0,0.0,0.0,1.0,0.28061224489795916,0.1818181818181818,0.18181818181818182,0.0,0.1111111111111111,4,5,0,1,0,0,0,1,0.0,0.0,0.001375539784737194,695000.0
10661691,1,0.0,1.0,0.0,0.0,0.0,1.0,0.0,0.0,0.0,0.0,0.0,0.0,0.0,0.0,1.0,0.0,0.0,0.0,0.11020408163265308,0.1818181818181818,0.09090909090909091,0.0,0.1111111111111111,3,5,0,1,0,0,0,1,0.0,0.49,0.00011646236844108242,548000.0
10661698,1,0.0,1.0,0.0,1.0,0.0,0.0,0.0,0.0,0.0,0.0,0.0,0.0,0.0,0.0,0.0,1.0,0.0,0.0,0.32857142857142857,0.4545454545454545,0.09090909090909091,0.0,0.0,4,4,0,0,0,0,0,1,0.0,0.0,0.00016047964155267263,750000.0
10661695,1,0.0,1.0,0.0,0.0,0.0,1.0,0.0,0.0,0.0,0.0,0.0,0.0,0.0,0.0,0.0,0.0,0.0,1.0,0.10204081632653061,0.1818181818181818,0.09090909090909091,0.0,0.05555555555555555,0,6,0,1,0,0,0,0,0.0,0.0,0.00079414496905494,365000.0
10661699,1,0.0,0.0,1.0,0.0,0.0,0.0,0.0,0.0,0.0,1.0,0.0,0.0,0.0,0.0,0.0,0.0,1.0,0.0,0.11734693877551022,0.2727272727272727,0.18181818181818182,0.14285714285714285,0.1111111111111111,2,4,0,0,0,0,0,1,0.0,0.4,9.628778493160358e-05,210000.0
10661702,1,0.0,0.0,1.0,0.0,0.0,0.0,0.0,0.0,0.0,0.0,0.0,1.0,0.0,0.0,0.0,1.0,0.0,0.0,0.14285714285714288,0.2727272727272727,0.09090909090909091,0.07142857142857142,0.1111111111111111,3,6,0,0,0,0,1,1,0.18,0.08,0.0002934484874106014,240000.0
10661708,0,0.0,1.0,0.0,1.0,0.0,0.0,0.0,0.0,0.0,0.0,0.0,0.0,0.0,0.0,0.0,0.0,0.0,1.0,0.0816326530612245,0.09090909090909091,0.09090909090909091,0.0,0.05555555555555555,4,2,1,1,0,0,0,1,0.0,0.14,0.0,199000.0
10661705,0,1.0,0.0,0.0,0.0,1.0,0.0,0.0,0.0,0.0,0.0,0.0,0.0,0.0,0.0,0.0,1.0,0.0,0.0,0.057142857142857155,0.09090909090909091,0.09090909090909091,0.0,0.05555555555555555,1,2,0,0,0,0,0,1,0.0,0.03,0.0,449000.0
10530642,0,0.0,1.0,0.0,1.0,0.0,0.0,0.0,0.0,0.0,0.0,0.0,0.0,0.0,0.0,0.0,0.0,0.0,1.0,0.06428571428571428,0.09090909090909091,0.09090909090909091,0.0,0.05555555555555555,3,5,0,1,0,0,0,0,0.0,0.0,0.0,229000.0
10661735,1,0.0,1.0,0.0,0.0,0.0,1.0,0.0,0.0,0.0,0.0,0.0,0.0,0.0,0.0,0.0,1.0,0.0,0.0,0.09285714285714286,0.0,0.09090909090909091,0.0,0.05555555555555555,0,5,0,0,0,0,1,1,0.0,0.0,0.0005621372586959333,299000.0
10661738,1,0.0,1.0,0.0,0.0,0.0,0.0,0.0,0.0,0.0,0.0,0.0,0.0,0.0,1.0,0.0,0.0,0.0,1.0,0.163265306122449,0.1818181818181818,0.09090909090909091,0.0,0.1111111111111111,3,2,0,0,0,0,1,1,0.09,0.9,0.0002063309677105791,360000.0
10661736,0,0.0,1.0,0.0,0.0,0.0,0.0,0.0,0.0,0.0,0.0,0.0,0.0,0.0,1.0,0.0,0.0,1.0,0.0,0.04081632653061225,0.0,0.09090909090909091,0.0,0.05555555555555555,3,3,1,0,0,0,1,1,0.06,0.6,0.0,225000.0
10661743,1,0.0,1.0,0.0,0.0,0.0,0.0,0.0,0.0,0.0,0.0,0.0,0.0,0.0,1.0,1.0,0.0,0.0,0.0,0.163265306122449,0.2727272727272727,0.0,0.0,0.1111111111111111,0,2,0,0,0,0,0,0,0.0,0.0,0.0005502159138948776,479000.0
10661745,1,0.0,1.0,0.0,0.0,0.0,0.0,0.0,0.0,0.0,0.0,0.0,0.0,0.0,1.0,0.0,0.0,0.0,1.0,0.15714285714285717,0.09090909090909091,0.09090909090909091,0.0,0.05555555555555555,0,3,0,0,0,0,0,0,0.0,0.0,0.0001467242437053007,329000.0
10661757,0,1.0,0.0,0.0,0.0,1.0,0.0,0.0,0.0,0.0,0.0,0.0,0.0,0.0,0.0,0.0,1.0,0.0,0.0,0.1285714285714286,0.1818181818181818,0.09090909090909091,0.07142857142857142,0.1111111111111111,1,0,1,0,0,0,0,1,0.0,0.3,0.0,629000.0
10661744,0,0.0,1.0,0.0,0.0,0.0,0.0,0.0,0.0,0.0,0.0,0.0,0.0,0.0,1.0,0.0,0.0,0.0,1.0,0.06836734693877553,0.09090909090909091,0.09090909090909091,0.0,0.05555555555555555,3,2,0,0,0,0,1,0,0.01,0.0,0.0,199000.0
10661752,1,0.0,1.0,0.0,0.0,0.0,0.0,0.0,0.0,0.0,0.0,0.0,0.0,0.0,1.0,0.0,0.0,0.0,1.0,0.1795918367346939,0.1818181818181818,0.0,0.0,0.1111111111111111,3,4,0,0,0,0,0,1,0.0,0.0,0.0003943214049579956,350000.0
10661751,1,0.0,1.0,0.0,0.0,0.0,0.0,1.0,0.0,0.0,0.0,0.0,0.0,0.0,0.0,0.0,0.0,0.0,1.0,0.42142857142857143,0.36363636363636365,0.36363636363636365,0.0,0.0,4,2,0,0,0,0,0,1,0.0,0.0,0.00032554441572113594,895000.0
10661746,1,0.0,1.0,0.0,0.0,0.0,1.0,0.0,0.0,0.0,0.0,0.0,0.0,0.0,0.0,0.0,0.0,0.0,1.0,0.15816326530612246,0.1818181818181818,0.09090909090909091,0.0,0.05555555555555555,5,6,0,0,0,0,1,0,0.0,0.0,0.0007024423167391271,345000.0
10661755,1,0.0,1.0,0.0,0.0,0.0,0.0,0.0,0.0,0.0,0.0,0.0,0.0,0.0,1.0,1.0,0.0,0.0,0.0,0.05612244897959184,0.09090909090909091,0.09090909090909091,0.0,0.1111111111111111,3,4,0,0,0,0,0,0,0.0,0.0,3.668106092632517e-05,249000.0
10661748,0,0.0,1.0,0.0,0.0,0.0,1.0,0.0,0.0,0.0,0.0,0.0,0.0,0.0,0.0,1.0,0.0,0.0,0.0,0.026530612244897965,0.0,0.0,0.0,0.0,0,0,0,0,0,0,0,0,0.0,0.0,0.0,219000.0
10661763,0,0.0,1.0,0.0,1.0,0.0,0.0,0.0,0.0,0.0,0.0,0.0,0.0,0.0,0.0,0.0,0.0,0.0,1.0,0.09387755102040818,0.1818181818181818,0.09090909090909091,0.0,0.05555555555555555,3,4,1,1,0,0,0,1,0.0,0.03,0.0,233000.0
10661766,1,0.0,1.0,0.0,1.0,0.0,0.0,0.0,0.0,0.0,0.0,0.0,0.0,0.0,0.0,0.0,0.0,0.0,1.0,0.24693877551020413,0.36363636363636365,0.18181818181818182,0.0,0.1111111111111111,5,5,0,0,1,0,0,0,0.0,0.0,0.0018340530463162588,395000.0
10661773,1,0.0,0.0,1.0,0.0,0.0,0.0,0.0,1.0,0.0,0.0,0.0,0.0,0.0,0.0,0.0,0.0,1.0,0.0,0.11734693877551022,0.1818181818181818,0.09090909090909091,0.0,0.05555555555555555,4,4,0,0,0,0,1,1,0.02,0.0,8.253238708423164e-05,115000.0
10661761,1,0.0,0.0,1.0,0.0,0.0,0.0,0.0,1.0,0.0,0.0,0.0,0.0,0.0,0.0,0.0,0.0,0.0,1.0,0.2306122448979592,0.2727272727272727,0.09090909090909091,0.07142857142857142,0.16666666666666666,1,1,0,0,0,0,1,1,0.0,0.01,0.002934484874106014,795000.0
10661767,0,0.0,1.0,0.0,1.0,0.0,0.0,0.0,0.0,0.0,0.0,0.0,0.0,0.0,0.0,0.0,0.0,1.0,0.0,0.07346938775510206,0.09090909090909091,0.09090909090909091,0.0,0.05555555555555555,3,1,1,0,0,0,0,1,0.0,0.05,0.0,269000.0
10661774,1,0.0,1.0,0.0,0.0,0.0,0.0,0.0,0.0,1.0,0.0,0.0,0.0,0.0,0.0,0.0,0.0,1.0,0.0,0.2642857142857143,0.2727272727272727,0.09090909090909091,0.0,0.0,3,6,0,1,0,0,0,1,0.0,0.47000000000000003,0.00018982449029373278,219000.0
10661784,1,0.0,1.0,0.0,1.0,0.0,0.0,0.0,0.0,0.0,0.0,0.0,0.0,0.0,0.0,0.0,0.0,0.0,1.0,0.1,0.09090909090909091,0.09090909090909091,0.0,0.1111111111111111,3,3,0,0,0,0,1,0,0.07,0.0,0.00016047964155267263,294000.0
10661781,1,0.0,1.0,0.0,0.0,0.0,1.0,0.0,0.0,0.0,0.0,0.0,0.0,0.0,0.0,1.0,0.0,0.0,0.0,0.28775510204081634,0.2727272727272727,0.18181818181818182,0.0,0.0,3,4,0,0,0,0,0,0,0.0,0.0,0.00014580721718214257,1045000.0
10661787,1,0.0,1.0,0.0,1.0,0.0,0.0,0.0,0.0,0.0,0.0,0.0,0.0,0.0,0.0,0.0,0.0,0.0,1.0,0.10204081632653061,0.1818181818181818,0.09090909090909091,0.0,0.1111111111111111,2,2,0,0,0,0,1,1,0.05,0.3,0.0001283837132421381,280000.0
10661785,0,0.0,1.0,0.0,0.0,0.0,0.0,1.0,0.0,0.0,0.0,0.0,0.0,0.0,0.0,0.0,0.0,0.0,1.0,0.07142857142857142,0.09090909090909091,0.09090909090909091,0.0,0.05555555555555555,3,2,1,0,0,0,0,0,0.0,0.0,0.0,240000.0
10661782,1,0.0,1.0,0.0,0.0,0.0,1.0,0.0,0.0,0.0,0.0,0.0,0.0,0.0,0.0,0.0,0.0,0.0,1.0,0.10204081632653061,0.09090909090909091,0.09090909090909091,0.0,0.0,3,6,0,0,0,0,0,0,0.0,0.0,0.0011829642148739868,595000.0
10661789,1,0.0,1.0,0.0,0.0,0.0,0.0,0.0,0.0,0.0,0.0,0.0,0.0,0.0,1.0,0.0,0.0,0.0,1.0,0.13469387755102044,0.1818181818181818,0.09090909090909091,0.0,0.1111111111111111,3,2,0,0,0,0,1,0,0.32,0.0,0.0005052816142601293,375000.0
10661790,1,0.0,1.0,0.0,1.0,0.0,0.0,0.0,0.0,0.0,0.0,0.0,0.0,0.0,0.0,0.0,0.0,0.0,1.0,0.739795918367347,0.4545454545454545,0.4545454545454546,0.0,0.0,3,0,0,0,1,1,1,0,1.0,0.0,0.005921240260032041,4485000.0
10661805,0,1.0,0.0,0.0,0.0,1.0,0.0,0.0,0.0,0.0,0.0,0.0,0.0,0.0,0.0,0.0,1.0,0.0,0.0,0.3693877551020408,0.2727272727272727,0.2727272727272727,0.14285714285714285,0.0,2,4,1,0,0,0,0,1,0.0,0.06,0.0,1490000.0
10661799,1,0.0,1.0,0.0,0.0,0.0,1.0,0.0,0.0,0.0,0.0,0.0,0.0,0.0,0.0,0.0,0.0,0.0,1.0,0.1948979591836735,0.2727272727272727,0.09090909090909091,0.0,0.1111111111111111,3,4,0,0,0,0,0,1,0.0,0.0,0.0003658935827400936,325000.0
10661806,1,0.0,0.0,1.0,0.0,0.0,0.0,0.0,0.0,0.0,1.0,0.0,0.0,0.0,0.0,0.0,0.0,0.0,1.0,0.1806122448979592,0.2727272727272727,0.09090909090909091,0.0,0.1111111111111111,3,3,0,0,0,0,1,1,1.0,1.0,0.0011004318277897552,595000.0
10661800,1,0.0,1.0,0.0,0.0,0.0,1.0,0.0,0.0,0.0,0.0,0.0,0.0,0.0,0.0,0.0,0.0,0.0,1.0,0.08775510204081632,0.1818181818181818,0.09090909090909091,0.0,0.05555555555555555,3,4,0,1,0,0,0,0,0.0,0.0,0.001467242437053007,475000.0
10661807,0,0.0,1.0,0.0,1.0,0.0,0.0,0.0,0.0,0.0,0.0,0.0,0.0,0.0,0.0,0.0,0.0,1.0,0.0,0.07244897959183674,0.09090909090909091,0.0,0.0,0.05555555555555555,3,3,1,0,0,0,0,1,0.0,0.0,0.0,275000.0
10661813,1,0.0,0.0,1.0,0.0,0.0,0.0,0.0,0.0,0.0,0.0,1.0,0.0,0.0,0.0,0.0,0.0,0.0,1.0,0.5663265306122449,0.36363636363636365,0.2727272727272727,0.0,0.0,1,3,0,0,0,0,1,1,0.0,0.01,0.000999558910242361,750000.0
10661809,0,1.0,0.0,0.0,0.0,1.0,0.0,0.0,0.0,0.0,0.0,0.0,0.0,0.0,0.0,0.0,1.0,0.0,0.0,0.02142857142857143,0.0,0.09090909090909091,0.07142857142857142,0.05555555555555555,1,7,1,0,0,0,0,0,0.0,0.0,0.0,195000.0
10661818,1,0.0,0.0,1.0,0.0,0.0,0.0,0.0,0.0,0.0,1.0,0.0,0.0,0.0,0.0,0.0,1.0,0.0,0.0,0.07142857142857142,0.09090909090909091,0.09090909090909091,0.0,0.05555555555555555,2,6,0,1,0,0,1,1,0.155,0.25,0.0002751079569474388,259000.0
10661827,1,0.0,1.0,0.0,0.0,0.0,1.0,0.0,0.0,0.0,0.0,0.0,0.0,0.0,0.0,0.0,0.0,0.0,1.0,0.15714285714285717,0.1818181818181818,0.18181818181818182,0.0,0.16666666666666666,1,1,0,0,0,0,1,1,0.015,0.09,0.0001815712515853096,362500.0
10661821,1,0.0,1.0,0.0,0.0,0.0,0.0,0.0,0.0,0.0,0.0,0.0,0.0,0.0,1.0,0.0,0.0,0.0,1.0,0.14285714285714288,0.1818181818181818,0.09090909090909091,0.0,0.05555555555555555,3,0,0,0,0,0,0,1,0.0,0.0,0.0005410456486632963,175000.0
10661829,1,0.0,1.0,0.0,0.0,0.0,1.0,0.0,0.0,0.0,0.0,0.0,0.0,0.0,0.0,0.0,0.0,0.0,1.0,0.15918367346938778,0.1818181818181818,0.18181818181818182,0.0,0.16666666666666666,1,1,0,0,0,0,1,1,0.015,0.09,0.00018340530463162587,367500.0
10661824,1,0.0,0.0,1.0,0.0,0.0,0.0,0.0,0.0,0.0,0.0,0.0,1.0,0.0,0.0,0.0,0.0,0.0,1.0,0.08775510204081632,0.1818181818181818,0.0,0.07142857142857142,0.05555555555555555,0,5,0,1,0,0,1,0,0.454,0.0,0.00048510703075065043,269000.0
10661828,1,0.0,1.0,0.0,0.0,0.0,1.0,0.0,0.0,0.0,0.0,0.0,0.0,0.0,0.0,0.0,0.0,0.0,1.0,0.15408163265306124,0.1818181818181818,0.18181818181818182,0.0,0.16666666666666666,1,1,0,0,0,0,1,1,0.015,0.09,0.00017882017201583522,357500.0
10661839,1,0.0,0.0,1.0,0.0,0.0,0.0,0.0,1.0,0.0,0.0,0.0,0.0,0.0,0.0,0.0,1.0,0.0,0.0,0.07142857142857142,0.09090909090909091,0.09090909090909091,0.0,0.1111111111111111,0,6,0,1,0,0,0,0,0.0,0.0,0.0,165000.0
10661834,1,0.0,1.0,0.0,0.0,0.0,0.0,0.0,0.0,0.0,0.0,0.0,0.0,0.0,1.0,0.0,0.0,0.0,1.0,0.2428571428571429,0.2727272727272727,0.0,0.0,0.0,1,3,0,0,0,0,0,1,0.0,0.0,0.0009032711253107574,597950.0
10661833,1,0.0,1.0,0.0,0.0,0.0,0.0,0.0,0.0,0.0,0.0,0.0,0.0,0.0,1.0,0.0,0.0,0.0,1.0,0.2428571428571429,0.2727272727272727,0.0,0.0,0.0,1,3,0,0,0,0,0,1,0.0,0.0,0.0009032711253107574,597950.0
10661841,0,0.0,0.0,1.0,0.0,0.0,0.0,0.0,0.0,0.0,0.0,0.0,1.0,0.0,0.0,1.0,0.0,0.0,0.0,0.04489795918367347,0.09090909090909091,0.09090909090909091,0.07142857142857142,0.05555555555555555,3,7,1,0,0,0,0,1,0.0,0.0,0.0,165000.0
10661837,1,1.0,0.0,0.0,0.0,1.0,0.0,0.0,0.0,0.0,0.0,0.0,0.0,0.0,0.0,0.0,0.0,0.0,1.0,0.3122448979591837,0.4545454545454545,0.36363636363636365,0.0,0.2777777777777778,2,7,0,1,0,0,1,1,0.25,0.4,0.0005685564443580402,1625000.0
10661855,1,0.0,0.0,1.0,0.0,0.0,0.0,0.0,1.0,0.0,0.0,0.0,0.0,0.0,0.0,0.0,0.0,0.0,1.0,0.08775510204081632,0.1818181818181818,0.09090909090909091,0.0,0.05555555555555555,1,4,0,0,0,0,0,1,0.0,0.52,0.00018799043724741652,240000.0
10661851,1,0.0,1.0,0.0,0.0,0.0,1.0,0.0,0.0,0.0,0.0,0.0,0.0,0.0,0.0,0.0,0.0,0.0,1.0,0.8836734693877552,0.1818181818181818,0.09090909090909091,0.0,0.1111111111111111,4,0,0,0,0,0,1,1,0.0,0.01,0.0008124854995181026,311000.0
10661849,0,1.0,0.0,0.0,0.0,1.0,0.0,0.0,0.0,0.0,0.0,0.0,0.0,0.0,0.0,0.0,1.0,0.0,0.0,0.09183673469387757,0.1818181818181818,0.09090909090909091,0.07142857142857142,0.05555555555555555,5,7,0,0,0,0,0,0,0.0,0.0,0.0,250000.0
10661842,1,0.0,0.0,1.0,0.0,0.0,0.0,0.0,0.0,0.0,0.0,0.0,1.0,0.0,0.0,1.0,0.0,0.0,0.0,0.26326530612244897,0.6363636363636364,0.7272727272727273,0.0,0.3333333333333333,3,3,1,0,0,0,0,1,0.0,0.4,0.000581394815682254,800000.0
10661860,1,0.0,1.0,0.0,1.0,0.0,0.0,0.0,0.0,0.0,0.0,0.0,0.0,0.0,0.0,0.0,0.0,1.0,0.0,0.07959183673469389,0.1818181818181818,0.09090909090909091,0.0,0.0,3,3,0,0,0,0,0,0,0.0,0.0,6.419185662106905e-05,298500.0
10661861,0,1.0,0.0,0.0,0.0,1.0,0.0,0.0,0.0,0.0,0.0,0.0,0.0,0.0,0.0,0.0,1.0,0.0,0.0,0.19183673469387758,0.2727272727272727,0.18181818181818182,0.0,0.1111111111111111,2,5,1,1,0,0,1,1,0.115,1.0,0.0,850000.0
10661869,1,0.0,0.0,1.0,0.0,0.0,0.0,0.0,0.0,0.0,1.0,0.0,0.0,0.0,0.0,0.0,0.0,0.0,1.0,0.11224489795918369,0.1818181818181818,0.0,0.07142857142857142,0.1111111111111111,1,4,0,1,0,0,1,1,0.0,0.17,0.00033012954833692656,279000.0
10661867,0,0.0,0.0,1.0,0.0,0.0,0.0,0.0,0.0,0.0,1.0,0.0,0.0,0.0,0.0,0.0,1.0,0.0,0.0,0.07142857142857142,0.09090909090909091,0.0,0.07142857142857142,0.05555555555555555,1,1,0,1,0,0,0,0,0.0,0.0,0.0,230000.0
10661870,0,0.0,1.0,0.0,0.0,0.0,0.0,1.0,0.0,0.0,0.0,0.0,0.0,0.0,0.0,0.0,0.0,0.0,1.0,0.05306122448979592,0.09090909090909091,0.09090909090909091,0.0,0.05555555555555555,2,3,0,1,0,0,0,1,0.0,0.29,0.0,279000.0
10661875,1,0.0,1.0,0.0,0.0,0.0,0.0,0.0,0.0,0.0,0.0,0.0,0.0,0.0,1.0,0.0,0.0,1.0,0.0,0.2091836734693878,0.1818181818181818,0.18181818181818182,0.0,0.1111111111111111,1,2,0,1,0,0,0,1,0.0,0.29,0.00011371128887160804,495000.0
10661878,1,0.0,1.0,0.0,0.0,0.0,0.0,1.0,0.0,0.0,0.0,0.0,0.0,0.0,0.0,0.0,0.0,0.0,1.0,0.7040816326530612,0.4545454545454545,0.18181818181818182,0.0,0.0,3,0,0,1,0,0,0,0,0.0,0.0,0.001085759403419225,1495000.0
10661872,1,0.0,1.0,0.0,0.0,0.0,0.0,1.0,0.0,0.0,0.0,0.0,0.0,0.0,0.0,0.0,0.0,0.0,1.0,0.7040816326530612,0.4545454545454545,0.18181818181818182,0.0,0.0,3,0,0,1,0,0,0,0,0.0,0.0,0.001085759403419225,1495000.0
10661884,0,0.0,0.0,1.0,0.0,0.0,0.0,0.0,1.0,0.0,0.0,0.0,0.0,0.0,0.0,0.0,0.0,1.0,0.0,0.15000000000000002,0.2727272727272727,0.18181818181818182,0.0,0.1111111111111111,1,3,0,1,0,0,0,1,0.0,0.2,0.0,174900.0
10661886,0,0.0,1.0,0.0,0.0,0.0,1.0,0.0,0.0,0.0,0.0,0.0,0.0,0.0,0.0,0.0,0.0,0.0,1.0,0.07142857142857142,0.0,0.09090909090909091,0.0,0.05555555555555555,3,0,0,0,0,0,1,1,0.028,0.08,0.0,287000.0
10661885,1,0.0,1.0,0.0,0.0,0.0,0.0,0.0,0.0,0.0,0.0,0.0,0.0,0.0,1.0,0.0,0.0,1.0,0.0,0.21938775510204084,0.2727272727272727,0.18181818181818182,0.14285714285714285,0.16666666666666666,1,0,0,0,0,0,1,1,0.0,0.01,0.0,395000.0
10661888,1,0.0,1.0,0.0,0.0,0.0,0.0,0.0,0.0,0.0,0.0,0.0,0.0,0.0,1.0,0.0,0.0,0.0,1.0,0.19897959183673472,0.2727272727272727,0.2727272727272727,0.0,0.16666666666666666,2,2,0,0,0,0,0,1,0.0,0.0,4.585132615790647e-05,349000.0
10661890,1,0.0,0.0,1.0,0.0,0.0,0.0,0.0,1.0,0.0,0.0,0.0,0.0,0.0,0.0,0.0,0.0,1.0,0.0,0.15000000000000002,0.2727272727272727,0.18181818181818182,0.0,0.1111111111111111,1,3,0,1,0,0,0,1,0.0,0.2,0.0,174900.0
10661893,1,0.0,1.0,0.0,1.0,0.0,0.0,0.0,0.0,0.0,0.0,0.0,0.0,0.0,0.0,0.0,0.0,0.0,1.0,0.15306122448979595,0.1818181818181818,0.09090909090909091,0.07142857142857142,0.1111111111111111,3,2,0,0,0,0,1,0,0.09,0.0,0.00016047964155267263,359000.0
10661894,0,0.0,0.0,1.0,0.0,0.0,0.0,0.0,0.0,0.0,1.0,0.0,0.0,0.0,0.0,0.0,0.0,0.0,1.0,0.17551020408163268,0.2727272727272727,0.36363636363636365,0.0,0.16666666666666666,1,2,1,0,0,0,0,0,0.0,0.0,0.0,455000.0
10661895,0,0.0,1.0,0.0,0.0,0.0,1.0,0.0,0.0,0.0,0.0,0.0,0.0,0.0,0.0,0.0,0.0,0.0,1.0,0.06836734693877553,0.0,0.09090909090909091,0.0,0.05555555555555555,3,0,1,0,0,0,0,1,0.0,0.08,0.0,275000.0
10661898,0,0.0,1.0,0.0,0.0,0.0,1.0,0.0,0.0,0.0,0.0,0.0,0.0,0.0,0.0,0.0,0.0,0.0,1.0,0.14183673469387756,0.1818181818181818,0.18181818181818182,0.0,0.05555555555555555,3,0,1,0,0,0,0,1,0.0,0.12,0.0,355000.0
10661896,1,0.0,1.0,0.0,0.0,0.0,0.0,0.0,0.0,0.0,0.0,0.0,0.0,0.0,1.0,1.0,0.0,0.0,0.0,0.11938775510204083,0.1818181818181818,0.09090909090909091,0.0,0.05555555555555555,3,2,0,0,0,0,0,1,0.0,0.0,0.0001375539784737194,349000.0
10661911,1,0.0,1.0,0.0,0.0,0.0,0.0,1.0,0.0,0.0,0.0,0.0,0.0,0.0,0.0,0.0,1.0,0.0,0.0,0.2285714285714286,0.2727272727272727,0.18181818181818182,0.0,0.0,1,0,0,0,0,0,1,0,0.0,0.0,0.0008390792686896883,798000.0
10661902,0,0.0,1.0,0.0,0.0,0.0,0.0,1.0,0.0,0.0,0.0,0.0,0.0,0.0,0.0,0.0,0.0,0.0,1.0,0.15000000000000002,0.1818181818181818,0.09090909090909091,0.0,0.1111111111111111,3,2,1,1,0,0,0,0,0.0,0.0,0.0,325000.0
10661914,1,0.0,0.0,1.0,0.0,0.0,0.0,0.0,1.0,0.0,0.0,0.0,0.0,0.0,0.0,0.0,0.0,0.0,1.0,0.10204081632653061,0.1818181818181818,0.09090909090909091,0.0,0.0,5,5,0,1,0,0,0,0,0.0,0.0,0.00019257556986320717,130000.0
10661922,1,0.0,1.0,0.0,0.0,0.0,0.0,0.0,0.0,1.0,0.0,0.0,0.0,0.0,0.0,0.0,0.0,0.0,1.0,0.21734693877551023,0.1818181818181818,0.09090909090909091,0.0,0.0,2,4,0,1,0,0,0,0,0.0,0.0,0.0011462831539476616,365000.0
10661920,1,0.0,0.0,1.0,0.0,0.0,0.0,0.0,1.0,0.0,0.0,0.0,0.0,0.0,0.0,0.0,0.0,1.0,0.0,0.10816326530612247,0.09090909090909091,0.09090909090909091,0.0,0.0,5,6,0,1,0,0,0,1,0.0,0.0,0.00037598087449483304,100000.0
10661921,1,0.0,0.0,1.0,0.0,0.0,0.0,0.0,1.0,0.0,0.0,0.0,0.0,0.0,0.0,0.0,0.0,0.0,1.0,0.07551020408163267,0.09090909090909091,0.0,0.07142857142857142,0.0,0,7,0,1,0,0,0,0,0.0,0.0,4.310024658843208e-05,100000.0
10661923,1,0.0,1.0,0.0,0.0,0.0,1.0,0.0,0.0,0.0,0.0,0.0,0.0,0.0,0.0,0.0,0.0,1.0,0.0,0.1142857142857143,0.1818181818181818,0.18181818181818182,0.0,0.0,3,0,0,0,0,0,0,1,0.0,0.0,5.135348529685524e-05,265000.0
10661925,1,0.0,1.0,0.0,0.0,0.0,0.0,0.0,0.0,0.0,0.0,0.0,0.0,0.0,1.0,0.0,0.0,0.0,1.0,0.19897959183673472,0.09090909090909091,0.09090909090909091,0.0,0.0,3,6,0,0,0,0,0,1,0.0,0.0,0.00036039142360114483,299000.0
10661926,1,0.0,0.0,1.0,0.0,0.0,0.0,0.0,1.0,0.0,0.0,0.0,0.0,0.0,0.0,0.0,1.0,0.0,0.0,0.18469387755102043,0.2727272727272727,0.0,0.07142857142857142,0.05555555555555555,1,4,0,1,0,0,1,1,0.1,0.3,0.00023292473688216485,199000.0
10661927,1,0.0,0.0,1.0,0.0,0.0,0.0,0.0,1.0,0.0,0.0,0.0,0.0,0.0,0.0,0.0,1.0,0.0,0.0,0.11734693877551022,0.09090909090909091,0.09090909090909091,0.0,0.05555555555555555,3,5,0,1,0,0,1,1,0.23700000000000002,0.14,0.00026043553257690873,79000.0
10661932,1,0.0,1.0,0.0,1.0,0.0,0.0,0.0,0.0,0.0,0.0,0.0,0.0,0.0,0.0,0.0,1.0,0.0,0.0,0.12244897959183676,0.1818181818181818,0.09090909090909091,0.0,0.05555555555555555,3,3,0,1,0,0,0,0,0.0,0.0,6.23578035747528e-05,399000.0
10661935,1,0.0,1.0,0.0,0.0,0.0,0.0,0.0,0.0,0.0,0.0,0.0,0.0,0.0,1.0,0.0,0.0,0.0,1.0,0.20204081632653065,0.2727272727272727,0.0,0.0,0.1111111111111111,3,6,0,0,0,0,0,1,0.0,0.0,0.0006510888314422719,230000.0
10661933,0,0.0,1.0,0.0,1.0,0.0,0.0,0.0,0.0,0.0,0.0,0.0,0.0,0.0,0.0,0.0,0.0,0.0,1.0,0.09081632653061225,0.1818181818181818,0.09090909090909091,0.07142857142857142,0.05555555555555555,3,3,1,1,0,0,0,1,0.0,0.0,0.0,259000.0
10661937,1,0.0,0.0,1.0,0.0,0.0,0.0,0.0,0.0,0.0,1.0,0.0,0.0,0.0,0.0,0.0,0.0,1.0,0.0,0.18469387755102043,0.2727272727272727,0.09090909090909091,0.07142857142857142,0.16666666666666666,3,7,0,1,0,0,1,1,0.0,1.0,0.0011004318277897552,499999.0
10661945,0,1.0,0.0,0.0,0.0,1.0,0.0,0.0,0.0,0.0,0.0,0.0,0.0,0.0,0.0,1.0,0.0,0.0,0.0,0.07653061224489796,0.09090909090909091,0.09090909090909091,0.0,0.05555555555555555,0,3,1,1,0,0,0,1,0.0,0.13,0.0,370000.0
10661938,1,1.0,0.0,0.0,0.0,1.0,0.0,0.0,0.0,0.0,0.0,0.0,0.0,0.0,0.0,0.0,1.0,0.0,0.0,0.23469387755102042,0.4545454545454545,0.2727272727272727,0.0,0.2222222222222222,3,5,0,1,0,0,0,0,0.0,0.0,0.00010087291754739423,985000.0
10661953,0,1.0,0.0,0.0,0.0,1.0,0.0,0.0,0.0,0.0,0.0,0.0,0.0,0.0,0.0,1.0,0.0,0.0,0.0,0.030612244897959183,0.0,0.0,0.07142857142857142,0.05555555555555555,0,4,0,1,0,0,0,0,0.0,0.0,0.0,240000.0
10661948,1,0.0,1.0,0.0,0.0,0.0,1.0,0.0,0.0,0.0,0.0,0.0,0.0,0.0,0.0,0.0,0.0,1.0,0.0,0.09387755102040818,0.1818181818181818,0.09090909090909091,0.0,0.05555555555555555,1,3,0,1,0,0,1,1,0.115,0.2,0.00019349259638636528,239000.0
10661951,1,1.0,0.0,0.0,0.0,1.0,0.0,0.0,0.0,0.0,0.0,0.0,0.0,0.0,0.0,1.0,0.0,0.0,0.0,0.163265306122449,0.1818181818181818,0.18181818181818182,0.07142857142857142,0.16666666666666666,0,5,0,1,0,0,0,0,0.0,0.0,0.0,750000.0
10661957,1,1.0,0.0,0.0,0.0,1.0,0.0,0.0,0.0,0.0,0.0,0.0,0.0,0.0,0.0,0.0,0.0,0.0,1.0,0.19897959183673472,0.2727272727272727,0.18181818181818182,0.0,0.16666666666666666,1,0,0,1,0,0,1,1,0.218,0.0,0.0001999117820484722,925000.0
10661958,1,0.0,0.0,1.0,0.0,0.0,0.0,0.0,0.0,0.0,0.0,1.0,0.0,0.0,0.0,0.0,0.0,0.0,1.0,0.27346938775510204,0.1818181818181818,0.09090909090909091,0.0,0.1111111111111111,0,2,0,1,0,0,0,1,0.0,0.0,0.0036901147291883126,465000.0
10661967,1,0.0,1.0,0.0,1.0,0.0,0.0,0.0,0.0,0.0,0.0,0.0,0.0,0.0,0.0,0.0,0.0,0.0,1.0,0.2091836734693878,0.1818181818181818,0.09090909090909091,0.07142857142857142,0.1111111111111111,3,3,0,1,0,0,1,1,0.0,0.0,0.001361784386889822,598000.0
10661961,1,1.0,0.0,0.0,0.0,1.0,0.0,0.0,0.0,0.0,0.0,0.0,0.0,0.0,0.0,0.0,0.0,0.0,1.0,0.25,0.2727272727272727,0.18181818181818182,0.0,0.16666666666666666,2,0,0,0,0,0,1,1,0.018000000000000002,0.32,0.00016047964155267263,1100000.0
10661968,0,0.0,1.0,0.0,1.0,0.0,0.0,0.0,0.0,0.0,0.0,0.0,0.0,0.0,0.0,0.0,0.0,1.0,0.0,0.05306122448979592,0.09090909090909091,0.09090909090909091,0.0,0.05555555555555555,5,2,1,1,0,0,0,1,0.0,0.0,0.0,163000.0
9482342,0,0.0,1.0,0.0,1.0,0.0,0.0,0.0,0.0,0.0,0.0,0.0,0.0,0.0,0.0,0.0,0.0,0.0,1.0,0.09183673469387757,0.09090909090909091,0.09090909090909091,0.0,0.05555555555555555,0,0,1,1,0,0,0,1,0.0,0.25,0.0,333000.0
10661989,1,0.0,1.0,0.0,0.0,0.0,1.0,0.0,0.0,0.0,0.0,0.0,0.0,0.0,0.0,0.0,0.0,1.0,0.0,0.1306122448979592,0.1818181818181818,0.09090909090909091,0.0,0.1111111111111111,0,3,0,1,0,0,1,1,0.21,0.15,0.0002650206651926994,325000.0
10661992,0,0.0,1.0,0.0,1.0,0.0,0.0,0.0,0.0,0.0,0.0,0.0,0.0,0.0,0.0,0.0,1.0,0.0,0.0,0.08673469387755103,0.09090909090909091,0.09090909090909091,0.0,0.0,3,2,1,0,0,0,0,1,0.0,0.1,0.0,199000.0
10661982,0,0.0,0.0,1.0,0.0,0.0,0.0,0.0,1.0,0.0,0.0,0.0,0.0,0.0,0.0,0.0,1.0,0.0,0.0,0.06224489795918368,0.09090909090909091,0.0,0.07142857142857142,0.05555555555555555,0,2,0,1,0,0,0,1,0.0,0.27,0.0,219000.0
10661998,1,0.0,1.0,0.0,0.0,0.0,1.0,0.0,0.0,0.0,0.0,0.0,0.0,0.0,0.0,0.0,0.0,1.0,0.0,0.09897959183673471,0.09090909090909091,0.09090909090909091,0.0,0.05555555555555555,5,4,0,0,0,0,0,1,0.0,0.0,6.419185662106905e-05,149000.0
10662010,1,0.0,0.0,1.0,0.0,0.0,0.0,0.0,0.0,0.0,0.0,1.0,0.0,0.0,0.0,0.0,0.0,0.0,1.0,0.13979591836734695,0.2727272727272727,0.09090909090909091,0.0,0.0,5,7,0,0,0,0,0,1,0.0,0.0,0.00015772856198319825,210000.0
10662139,0,0.0,1.0,0.0,1.0,0.0,0.0,0.0,0.0,0.0,0.0,0.0,0.0,0.0,0.0,0.0,0.0,0.0,1.0,0.08979591836734696,0.09090909090909091,0.09090909090909091,0.0,0.05555555555555555,3,1,0,1,0,0,0,1,0.0,0.06,0.0,299000.0
10662141,0,0.0,1.0,0.0,0.0,0.0,0.0,1.0,0.0,0.0,0.0,0.0,0.0,0.0,0.0,0.0,0.0,1.0,0.0,0.41836734693877553,0.4545454545454545,0.4545454545454546,0.0,0.2777777777777778,4,0,0,1,0,0,0,0,0.0,0.0,0.0,230000.0
10662148,0,0.0,0.0,1.0,0.0,0.0,0.0,0.0,0.0,0.0,0.0,0.0,0.0,1.0,0.0,0.0,0.0,1.0,0.0,0.07653061224489796,0.09090909090909091,0.09090909090909091,0.0,0.0,0,1,1,1,0,0,1,0,0.062,0.0,0.0,340000.0
10662146,1,0.0,1.0,0.0,0.0,0.0,0.0,0.0,0.0,0.0,0.0,0.0,0.0,0.0,1.0,0.0,0.0,0.0,1.0,0.12244897959183676,0.1818181818181818,0.09090909090909091,0.0,0.05555555555555555,0,6,0,1,0,0,0,0,0.0,0.0,0.0004227492271758976,195000.0
10662143,1,0.0,1.0,0.0,0.0,0.0,1.0,0.0,0.0,0.0,0.0,0.0,0.0,0.0,0.0,0.0,0.0,0.0,1.0,0.12653061224489798,0.1818181818181818,0.09090909090909091,0.0,0.1111111111111111,0,2,0,1,0,0,0,0,0.0,0.0,0.00012930073976529625,399500.0
10662145,1,0.0,1.0,0.0,0.0,0.0,1.0,0.0,0.0,0.0,0.0,0.0,0.0,0.0,0.0,0.0,0.0,0.0,1.0,0.11734693877551022,0.09090909090909091,0.09090909090909091,0.0,0.0,3,5,0,0,0,0,0,0,0.0,0.0,0.00029253146088744324,215000.0
10662153,0,0.0,1.0,0.0,0.0,0.0,0.0,0.0,0.0,0.0,0.0,0.0,0.0,0.0,1.0,0.0,0.0,0.0,1.0,0.12346938775510205,0.09090909090909091,0.0,0.0,0.1111111111111111,1,0,1,0,0,0,0,1,0.0,0.2,0.0,355000.0
10662147,0,0.0,1.0,0.0,0.0,0.0,0.0,0.0,0.0,0.0,0.0,0.0,0.0,0.0,1.0,0.0,0.0,1.0,0.0,0.06122448979591837,0.09090909090909091,0.09090909090909091,0.0,0.0,4,2,1,0,0,0,0,1,0.0,0.0,0.0,330000.0
10662155,1,0.0,1.0,0.0,0.0,0.0,0.0,0.0,0.0,0.0,0.0,0.0,0.0,0.0,1.0,0.0,0.0,0.0,1.0,0.17142857142857146,0.1818181818181818,0.0,0.0,0.1111111111111111,1,0,0,0,0,0,1,1,0.0,0.0,0.0004429238106853765,335950.0
10662154,1,0.0,1.0,0.0,0.0,0.0,0.0,0.0,0.0,0.0,0.0,0.0,0.0,0.0,1.0,0.0,0.0,0.0,1.0,0.1816326530612245,0.1818181818181818,0.0,0.0,0.1111111111111111,1,0,0,0,0,0,1,0,0.0,0.0,0.00025126526734532744,326000.0
10662158,0,1.0,0.0,0.0,0.0,1.0,0.0,0.0,0.0,0.0,0.0,0.0,0.0,0.0,0.0,0.0,1.0,0.0,0.0,0.0653061224489796,0.09090909090909091,0.09090909090909091,0.0,0.05555555555555555,3,4,1,0,0,0,0,1,0.0,0.02,0.0,230000.0
10662161,1,0.0,0.0,1.0,0.0,0.0,0.0,0.0,1.0,0.0,0.0,0.0,0.0,0.0,0.0,0.0,1.0,0.0,0.0,0.1510204081632653,0.1818181818181818,0.09090909090909091,0.07142857142857142,0.1111111111111111,0,0,0,0,0,0,1,1,0.154,0.18,0.0003292125218137684,229000.0
10662163,1,0.0,0.0,1.0,0.0,0.0,0.0,0.0,1.0,0.0,0.0,0.0,0.0,0.0,0.0,0.0,1.0,0.0,0.0,0.1510204081632653,0.1818181818181818,0.09090909090909091,0.07142857142857142,0.1111111111111111,0,0,0,0,0,0,1,1,0.126,0.2,0.0002246714981737417,219000.0
10662167,1,0.0,0.0,1.0,0.0,0.0,0.0,0.0,1.0,0.0,0.0,0.0,0.0,0.0,0.0,0.0,1.0,0.0,0.0,0.1510204081632653,0.1818181818181818,0.09090909090909091,0.07142857142857142,0.1111111111111111,0,0,0,0,0,0,1,1,0.126,0.2,0.0002246714981737417,149000.0
10662165,1,0.0,0.0,1.0,0.0,0.0,0.0,0.0,1.0,0.0,0.0,0.0,0.0,0.0,0.0,0.0,1.0,0.0,0.0,0.20612244897959187,0.1818181818181818,0.09090909090909091,0.07142857142857142,0.1111111111111111,0,0,0,0,0,0,1,1,0.1,0.2,0.00017882017201583522,209000.0
10662172,1,0.0,0.0,1.0,0.0,0.0,0.0,0.0,1.0,0.0,0.0,0.0,0.0,0.0,0.0,0.0,1.0,0.0,0.0,0.1510204081632653,0.1818181818181818,0.09090909090909091,0.07142857142857142,0.1111111111111111,0,0,0,0,0,0,1,1,0.154,0.18,0.0003292125218137684,154000.0
10662166,1,0.0,0.0,1.0,0.0,0.0,0.0,0.0,1.0,0.0,0.0,0.0,0.0,0.0,0.0,0.0,1.0,0.0,0.0,0.1510204081632653,0.1818181818181818,0.09090909090909091,0.07142857142857142,0.1111111111111111,0,0,0,0,0,0,1,1,0.154,0.18,0.0003292125218137684,159000.0
10662171,1,0.0,0.0,1.0,0.0,0.0,0.0,0.0,1.0,0.0,0.0,0.0,0.0,0.0,0.0,0.0,1.0,0.0,0.0,0.20612244897959187,0.1818181818181818,0.09090909090909091,0.07142857142857142,0.1111111111111111,0,0,0,0,0,0,1,1,0.1,0.2,0.00017882017201583522,139000.0
10662173,1,0.0,0.0,1.0,0.0,0.0,0.0,0.0,1.0,0.0,0.0,0.0,0.0,0.0,0.0,0.0,1.0,0.0,0.0,0.1510204081632653,0.1818181818181818,0.09090909090909091,0.07142857142857142,0.1111111111111111,0,0,0,0,0,0,1,1,0.126,0.2,0.0002246714981737417,144000.0
10662175,1,0.0,0.0,1.0,0.0,0.0,0.0,0.0,1.0,0.0,0.0,0.0,0.0,0.0,0.0,0.0,1.0,0.0,0.0,0.20612244897959187,0.1818181818181818,0.09090909090909091,0.07142857142857142,0.1111111111111111,0,0,0,0,0,0,1,1,0.1,0.2,0.00017882017201583522,134000.0
10662191,1,0.0,1.0,0.0,0.0,0.0,1.0,0.0,0.0,0.0,0.0,0.0,0.0,0.0,0.0,0.0,0.0,0.0,1.0,0.17346938775510207,0.1818181818181818,0.09090909090909091,0.0,0.05555555555555555,4,4,0,0,0,0,1,1,0.35000000000000003,0.0,0.0005502159138948776,298000.0
10662189,1,0.0,1.0,0.0,0.0,0.0,1.0,0.0,0.0,0.0,0.0,0.0,0.0,0.0,0.0,0.0,0.0,0.0,1.0,0.23469387755102042,0.2727272727272727,0.09090909090909091,0.0,0.0,3,1,0,0,0,0,0,0,0.0,0.0,0.0005061986407832873,820000.0
10662192,1,0.0,1.0,0.0,0.0,0.0,1.0,0.0,0.0,0.0,0.0,0.0,0.0,0.0,0.0,0.0,0.0,0.0,1.0,0.11938775510204083,0.1818181818181818,0.09090909090909091,0.0,0.1111111111111111,1,2,0,0,0,0,1,0,0.171,0.0,0.00022742257774321608,330000.0
10662177,1,0.0,0.0,1.0,0.0,0.0,0.0,0.0,0.0,0.0,0.0,0.0,0.0,1.0,0.0,0.0,0.0,0.0,1.0,0.14285714285714288,0.1818181818181818,0.09090909090909091,0.07142857142857142,0.0,3,5,0,1,0,0,0,0,0.0,0.0,0.0010389910507381606,550000.0
10662197,1,0.0,1.0,0.0,0.0,0.0,0.0,1.0,0.0,0.0,0.0,0.0,0.0,0.0,0.0,0.0,0.0,1.0,0.0,0.15714285714285717,0.2727272727272727,0.09090909090909091,0.0,0.0,3,5,0,0,0,0,0,0,0.0,0.0,0.0004108278823748419,449000.0
10662196,1,0.0,0.0,1.0,0.0,0.0,0.0,0.0,1.0,0.0,0.0,0.0,0.0,0.0,0.0,0.0,0.0,0.0,1.0,0.11734693877551022,0.1818181818181818,0.09090909090909091,0.0,0.0,3,7,0,0,0,0,1,1,0.25,0.08,0.00036681060926325174,155000.0
10662198,0,0.0,1.0,0.0,1.0,0.0,0.0,0.0,0.0,0.0,0.0,0.0,0.0,0.0,0.0,0.0,0.0,0.0,1.0,0.06122448979591837,0.09090909090909091,0.09090909090909091,0.0,0.05555555555555555,1,2,1,1,0,0,0,1,0.0,0.12,0.0,175000.0
10662211,1,0.0,1.0,0.0,0.0,0.0,0.0,1.0,0.0,0.0,0.0,0.0,0.0,0.0,0.0,0.0,0.0,0.0,1.0,0.11224489795918369,0.09090909090909091,0.09090909090909091,0.0,0.1111111111111111,4,6,0,1,0,0,1,1,0.745,0.2,0.0006831847597528063,498000.0
10662200,1,0.0,0.0,1.0,0.0,0.0,0.0,0.0,0.0,0.0,1.0,0.0,0.0,0.0,0.0,0.0,1.0,0.0,0.0,0.1142857142857143,0.1818181818181818,0.09090909090909091,0.0,0.1111111111111111,3,6,0,1,0,0,1,1,0.253,0.15,0.00031729117701271274,279000.0
10662207,1,0.0,0.0,1.0,0.0,0.0,0.0,0.0,0.0,0.0,1.0,0.0,0.0,0.0,0.0,0.0,0.0,1.0,0.0,0.11836734693877551,0.1818181818181818,0.09090909090909091,0.0,0.1111111111111111,4,7,0,1,0,0,1,1,0.0,0.0,0.00037598087449483304,165000.0
10662203,1,0.0,1.0,0.0,0.0,0.0,0.0,0.0,0.0,0.0,0.0,0.0,0.0,0.0,1.0,0.0,0.0,1.0,0.0,0.13877551020408166,0.36363636363636365,0.2727272727272727,0.0,0.16666666666666666,3,4,0,0,0,0,0,1,0.0,0.3,0.0008812624887549623,849000.0
10662213,0,0.0,1.0,0.0,1.0,0.0,0.0,0.0,0.0,0.0,0.0,0.0,0.0,0.0,0.0,0.0,0.0,0.0,1.0,0.06122448979591837,0.09090909090909091,0.09090909090909091,0.0,0.0,4,3,1,0,0,0,0,0,0.0,0.0,0.0,160000.0
10662229,0,0.0,1.0,0.0,0.0,0.0,1.0,0.0,0.0,0.0,0.0,0.0,0.0,0.0,0.0,0.0,0.0,1.0,0.0,0.06122448979591837,0.09090909090909091,0.09090909090909091,0.0,0.0,4,1,1,1,0,0,0,1,0.0,0.0,0.0,183380.0
10662230,1,0.0,1.0,0.0,0.0,0.0,1.0,0.0,0.0,0.0,0.0,0.0,0.0,0.0,0.0,0.0,0.0,0.0,1.0,0.24387755102040817,0.1818181818181818,0.18181818181818182,0.0,0.0,0,3,0,1,0,0,0,1,0.0,0.0,0.0,649000.0
10662231,1,0.0,1.0,0.0,0.0,0.0,1.0,0.0,0.0,0.0,0.0,0.0,0.0,0.0,0.0,0.0,1.0,0.0,0.0,0.0979591836734694,0.1818181818181818,0.09090909090909091,0.0,0.1111111111111111,5,6,0,1,0,0,0,1,0.0,0.0,0.0008280749504117908,470000.0
10662216,1,0.0,0.0,1.0,0.0,0.0,0.0,0.0,0.0,0.0,0.0,0.0,1.0,0.0,0.0,0.0,0.0,0.0,1.0,0.14285714285714288,0.2727272727272727,0.0,0.07142857142857142,0.05555555555555555,2,5,0,0,0,0,1,1,1.0,0.0,0.001283837132421381,270000.0
10662232,0,0.0,1.0,0.0,1.0,0.0,0.0,0.0,0.0,0.0,0.0,0.0,0.0,0.0,0.0,0.0,1.0,0.0,0.0,0.06632653061224492,0.09090909090909091,0.0,0.0,0.0,0,2,1,0,0,0,0,1,0.0,0.08,0.0,174000.0
10662235,0,0.0,1.0,0.0,0.0,0.0,1.0,0.0,0.0,0.0,0.0,0.0,0.0,0.0,0.0,0.0,0.0,0.0,1.0,0.07755102040816328,0.09090909090909091,0.09090909090909091,0.0,0.1111111111111111,3,4,0,0,0,0,0,1,0.0,0.0,0.0,229000.0
10662238,1,1.0,0.0,0.0,0.0,1.0,0.0,0.0,0.0,0.0,0.0,0.0,0.0,0.0,0.0,0.0,1.0,0.0,0.0,0.15000000000000002,0.1818181818181818,0.09090909090909091,0.07142857142857142,0.1111111111111111,3,6,0,0,0,0,0,1,0.0,0.5,0.00011279426234844991,520000.0
10662233,0,0.0,1.0,0.0,0.0,0.0,0.0,1.0,0.0,0.0,0.0,0.0,0.0,0.0,0.0,0.0,1.0,0.0,0.0,0.0816326530612245,0.09090909090909091,0.09090909090909091,0.0,0.05555555555555555,0,0,1,0,0,0,0,1,0.0,0.05,0.0,325000.0
10662239,0,1.0,0.0,0.0,0.0,1.0,0.0,0.0,0.0,0.0,0.0,0.0,0.0,0.0,0.0,0.0,1.0,0.0,0.0,0.15000000000000002,0.09090909090909091,0.09090909090909091,0.07142857142857142,0.1111111111111111,3,6,0,0,0,0,0,1,0.0,0.25,0.0,520000.0
10662246,0,0.0,1.0,0.0,1.0,0.0,0.0,0.0,0.0,0.0,0.0,0.0,0.0,0.0,0.0,0.0,1.0,0.0,0.0,0.04693877551020408,0.0,0.09090909090909091,0.0,0.05555555555555555,3,2,1,0,0,0,0,1,0.0,0.0,0.0,249900.0
10662245,0,0.0,1.0,0.0,1.0,0.0,0.0,0.0,0.0,0.0,0.0,0.0,0.0,0.0,0.0,0.0,0.0,1.0,0.0,0.04693877551020408,0.0,0.09090909090909091,0.0,0.05555555555555555,3,2,1,0,0,0,0,1,0.0,0.0,0.0,249900.0
10662244,0,0.0,1.0,0.0,1.0,0.0,0.0,0.0,0.0,0.0,0.0,0.0,0.0,0.0,0.0,0.0,0.0,0.0,1.0,0.059183673469387764,0.0,0.09090909090909091,0.0,0.05555555555555555,3,3,0,0,0,0,0,1,0.0,0.0,0.0,195000.0
10662254,0,0.0,1.0,0.0,1.0,0.0,0.0,0.0,0.0,0.0,0.0,0.0,0.0,0.0,0.0,0.0,0.0,1.0,0.0,0.04489795918367347,0.0,0.09090909090909091,0.0,0.05555555555555555,0,0,1,1,0,0,1,0,0.01,0.0,0.0,235000.0
10662251,0,0.0,1.0,0.0,0.0,0.0,0.0,0.0,0.0,0.0,0.0,0.0,0.0,0.0,1.0,0.0,0.0,1.0,0.0,0.10204081632653061,0.1818181818181818,0.09090909090909091,0.0,0.05555555555555555,3,2,1,0,0,0,0,1,0.0,0.08,0.0,320000.0
10662255,0,0.0,1.0,0.0,1.0,0.0,0.0,0.0,0.0,0.0,0.0,0.0,0.0,0.0,0.0,0.0,0.0,1.0,0.0,0.08061224489795918,0.09090909090909091,0.09090909090909091,0.0,0.05555555555555555,0,0,1,1,0,0,0,1,0.0,0.1,0.0,339000.0
10662258,0,0.0,1.0,0.0,0.0,0.0,1.0,0.0,0.0,0.0,0.0,0.0,0.0,0.0,0.0,0.0,0.0,1.0,0.0,0.08061224489795918,0.09090909090909091,0.09090909090909091,0.0,0.05555555555555555,3,0,0,0,0,0,1,1,0.042,0.08,0.0,269600.0
10662257,1,0.0,1.0,0.0,1.0,0.0,0.0,0.0,0.0,0.0,0.0,0.0,0.0,0.0,0.0,0.0,0.0,0.0,1.0,0.163265306122449,0.2727272727272727,0.18181818181818182,0.0,0.1111111111111111,3,3,0,0,0,0,1,1,0.43,0.3,0.000518119985584343,474000.0
10662256,0,0.0,1.0,0.0,1.0,0.0,0.0,0.0,0.0,0.0,0.0,0.0,0.0,0.0,0.0,0.0,0.0,1.0,0.0,0.07142857142857142,0.09090909090909091,0.09090909090909091,0.0,0.05555555555555555,0,0,1,1,0,0,1,0,0.01,0.0,0.0,294000.0
10662260,0,0.0,1.0,0.0,0.0,0.0,1.0,0.0,0.0,0.0,0.0,0.0,0.0,0.0,0.0,0.0,0.0,1.0,0.0,0.05612244897959184,0.0,0.09090909090909091,0.0,0.1111111111111111,3,2,0,0,0,0,0,0,0.0,0.0,0.0,239000.0
10662263,1,0.0,1.0,0.0,1.0,0.0,0.0,0.0,0.0,0.0,0.0,0.0,0.0,0.0,0.0,0.0,0.0,1.0,0.0,0.15816326530612246,0.1818181818181818,0.09090909090909091,0.0,0.1111111111111111,3,1,0,0,0,0,0,0,0.0,0.0,0.00028886335479481076,425000.0
10662267,1,0.0,1.0,0.0,0.0,0.0,1.0,0.0,0.0,0.0,0.0,0.0,0.0,0.0,0.0,0.0,0.0,1.0,0.0,0.20408163265306126,0.36363636363636365,0.18181818181818182,0.0,0.16666666666666666,3,0,0,0,0,0,0,0,0.0,0.0,0.0001623136945989889,625000.0
10662266,1,0.0,1.0,0.0,0.0,0.0,0.0,0.0,0.0,0.0,0.0,0.0,0.0,0.0,1.0,0.0,0.0,0.0,1.0,0.11224489795918369,0.09090909090909091,0.09090909090909091,0.0,0.05555555555555555,3,3,0,0,0,0,0,1,0.0,0.0,0.0002751079569474388,165000.0
10531231,0,0.0,0.0,1.0,0.0,0.0,0.0,0.0,0.0,0.0,0.0,0.0,1.0,0.0,0.0,0.0,0.0,1.0,0.0,0.07653061224489796,0.09090909090909091,0.18181818181818182,0.0,0.0,5,3,1,0,0,0,0,0,0.0,0.0,0.0,180000.0
10531233,1,0.0,0.0,1.0,0.0,0.0,0.0,0.0,0.0,0.0,0.0,0.0,1.0,0.0,0.0,0.0,0.0,0.0,1.0,0.13775510204081634,0.1818181818181818,0.18181818181818182,0.0,0.1111111111111111,5,5,0,0,0,0,1,1,0.263,0.3,0.00044842596982432525,198000.0
10662316,0,0.0,1.0,0.0,1.0,0.0,0.0,0.0,0.0,0.0,0.0,0.0,0.0,0.0,0.0,0.0,0.0,0.0,1.0,0.12244897959183676,0.1818181818181818,0.09090909090909091,0.0,0.05555555555555555,3,0,0,0,0,0,1,0,0.052000000000000005,0.0,0.0,515000.0
10662315,0,0.0,1.0,0.0,1.0,0.0,0.0,0.0,0.0,0.0,0.0,0.0,0.0,0.0,0.0,0.0,0.0,0.0,1.0,0.06326530612244899,0.09090909090909091,0.09090909090909091,0.0,0.05555555555555555,3,0,0,0,0,0,1,0,0.053,0.0,0.0,269000.0
10662314,0,0.0,1.0,0.0,1.0,0.0,0.0,0.0,0.0,0.0,0.0,0.0,0.0,0.0,0.0,0.0,0.0,0.0,1.0,0.04693877551020408,0.0,0.09090909090909091,0.0,0.05555555555555555,3,0,0,0,0,0,1,0,0.02,0.0,0.0,220000.0
10662320,1,0.0,1.0,0.0,1.0,0.0,0.0,0.0,0.0,0.0,0.0,0.0,0.0,0.0,0.0,0.0,0.0,0.0,1.0,0.13979591836734695,0.1818181818181818,0.09090909090909091,0.0,0.1111111111111111,3,2,0,1,0,0,1,1,0.0,0.0,0.0,285000.0
10662318,1,0.0,0.0,1.0,0.0,0.0,0.0,0.0,0.0,0.0,0.0,0.0,1.0,0.0,0.0,0.0,0.0,0.0,1.0,0.1326530612244898,0.1818181818181818,0.0,0.0,0.0,0,0,0,0,0,0,1,0,0.0,0.0,0.0017955379323436173,338733.0
10662326,0,0.0,0.0,1.0,0.0,0.0,0.0,0.0,1.0,0.0,0.0,0.0,0.0,0.0,0.0,0.0,1.0,0.0,0.0,0.051020408163265314,0.09090909090909091,0.0,0.07142857142857142,0.05555555555555555,4,3,1,1,0,0,0,0,0.0,0.0,0.0,119000.0
10662328,1,0.0,0.0,1.0,0.0,0.0,0.0,0.0,1.0,0.0,0.0,0.0,0.0,0.0,0.0,0.0,0.0,0.0,1.0,0.04897959183673469,0.09090909090909091,0.09090909090909091,0.0,0.05555555555555555,3,5,0,1,0,0,0,1,0.0,0.15,4.585132615790647e-05,140000.0
10662339,0,1.0,0.0,0.0,0.0,1.0,0.0,0.0,0.0,0.0,0.0,0.0,0.0,0.0,0.0,1.0,0.0,0.0,0.0,0.09183673469387757,0.09090909090909091,0.09090909090909091,0.0,0.1111111111111111,0,0,1,0,0,0,0,0,0.0,0.0,0.0,375000.0
10662351,1,0.0,1.0,0.0,0.0,0.0,0.0,1.0,0.0,0.0,0.0,0.0,0.0,0.0,0.0,0.0,0.0,1.0,0.0,0.1326530612244898,0.1818181818181818,0.09090909090909091,0.0,0.1111111111111111,0,3,0,0,0,0,1,0,0.0,0.0,0.00018707341072425837,289000.0
10662354,1,0.0,0.0,1.0,0.0,0.0,0.0,0.0,0.0,0.0,1.0,0.0,0.0,0.0,0.0,0.0,0.0,0.0,1.0,0.12244897959183676,0.2727272727272727,0.0,0.07142857142857142,0.1111111111111111,0,7,0,0,0,0,0,1,0.0,0.0,0.0,240000.0
10662356,1,0.0,0.0,1.0,0.0,0.0,0.0,0.0,1.0,0.0,0.0,0.0,0.0,0.0,0.0,0.0,0.0,0.0,1.0,0.23469387755102042,0.0,0.0,0.0,0.0,5,0,0,1,0,0,1,0,0.0,0.0,0.0014213911108951005,130000.0
10662361,1,0.0,0.0,1.0,0.0,0.0,0.0,0.0,0.0,0.0,0.0,0.0,0.0,1.0,0.0,0.0,0.0,0.0,1.0,0.11530612244897961,0.09090909090909091,0.09090909090909091,0.0,0.0,1,2,0,0,0,0,1,1,0.2,0.2,0.00035305521141587977,310000.0
10662364,1,0.0,0.0,1.0,0.0,0.0,0.0,0.0,0.0,0.0,1.0,0.0,0.0,0.0,0.0,0.0,0.0,0.0,1.0,0.1795918367346939,0.2727272727272727,0.09090909090909091,0.07142857142857142,0.05555555555555555,3,6,0,0,0,0,1,1,0.1,1.0,0.00038056600711062366,198000.0
10662391,1,0.0,0.0,1.0,0.0,0.0,0.0,0.0,1.0,0.0,0.0,0.0,0.0,0.0,0.0,0.0,0.0,0.0,1.0,0.513265306122449,0.6363636363636364,0.2727272727272727,0.0,0.16666666666666666,3,3,0,1,0,0,0,0,0.0,0.0,0.0012572433632497954,329000.0
10662393,1,0.0,0.0,1.0,0.0,0.0,0.0,0.0,0.0,0.0,0.0,1.0,0.0,0.0,0.0,0.0,0.0,0.0,1.0,0.4163265306122449,0.5454545454545454,0.2727272727272727,0.0,0.0,1,2,0,1,0,0,1,1,0.37,0.3,0.0006052375052843654,899000.0
10662398,1,0.0,0.0,1.0,0.0,0.0,0.0,0.0,1.0,0.0,0.0,0.0,0.0,0.0,0.0,0.0,0.0,0.0,1.0,0.1806122448979592,0.1818181818181818,0.09090909090909091,0.07142857142857142,0.1111111111111111,3,5,0,0,0,0,1,1,0.6,1.0,0.0007996471281938888,349900.0
10662395,0,0.0,1.0,0.0,0.0,0.0,0.0,1.0,0.0,0.0,0.0,0.0,0.0,0.0,0.0,0.0,0.0,1.0,0.0,0.07755102040816328,0.09090909090909091,0.09090909090909091,0.0,0.0,3,2,0,0,0,0,0,0,0.0,0.0,0.0,299000.0
10662400,1,1.0,0.0,0.0,0.0,1.0,0.0,0.0,0.0,0.0,0.0,0.0,0.0,0.0,0.0,0.0,0.0,0.0,1.0,0.40816326530612246,0.36363636363636365,0.2727272727272727,0.5,0.16666666666666666,3,5,0,0,0,0,1,1,0.197,0.14,0.00031178901787376397,1100000.0
10662401,1,0.0,1.0,0.0,1.0,0.0,0.0,0.0,0.0,0.0,0.0,0.0,0.0,0.0,0.0,0.0,0.0,0.0,1.0,0.1836734693877551,0.1818181818181818,0.18181818181818182,0.0,0.0,0,1,0,0,0,0,1,0,0.075,0.0,0.0,699000.0
10662404,1,0.0,1.0,0.0,0.0,0.0,0.0,0.0,0.0,0.0,0.0,0.0,0.0,0.0,1.0,0.0,0.0,0.0,1.0,0.22142857142857145,0.2727272727272727,0.18181818181818182,0.0,0.1111111111111111,3,5,0,0,0,0,0,1,0.0,0.0,0.001892742743798379,849000.0
10662403,1,0.0,1.0,0.0,1.0,0.0,0.0,0.0,0.0,0.0,0.0,0.0,0.0,0.0,0.0,0.0,0.0,0.0,1.0,0.1785714285714286,0.1818181818181818,0.09090909090909091,0.0,0.05555555555555555,5,3,0,1,0,0,1,1,1.0,0.15,0.0011389469417623966,475000.0
10662405,0,0.0,1.0,0.0,0.0,0.0,0.0,1.0,0.0,0.0,0.0,0.0,0.0,0.0,0.0,0.0,1.0,0.0,0.0,0.1469387755102041,0.09090909090909091,0.09090909090909091,0.0,0.1111111111111111,2,3,0,0,0,0,0,0,0.0,0.0,0.0,375000.0
10662412,0,0.0,1.0,0.0,0.0,0.0,0.0,1.0,0.0,0.0,0.0,0.0,0.0,0.0,0.0,0.0,0.0,0.0,1.0,0.10102040816326532,0.1818181818181818,0.09090909090909091,0.0,0.05555555555555555,3,2,0,0,0,0,0,1,0.0,0.0,0.0,295000.0
10662418,0,0.0,1.0,0.0,0.0,0.0,0.0,1.0,0.0,0.0,0.0,0.0,0.0,0.0,0.0,0.0,0.0,0.0,1.0,0.07142857142857142,0.09090909090909091,0.09090909090909091,0.0,0.05555555555555555,3,2,1,0,0,0,0,1,0.0,0.0,0.0,279000.0
10662417,0,0.0,1.0,0.0,0.0,0.0,0.0,0.0,0.0,0.0,0.0,0.0,0.0,0.0,1.0,0.0,0.0,0.0,1.0,0.0326530612244898,0.0,0.09090909090909091,0.0,0.05555555555555555,3,3,1,0,0,0,0,1,0.0,0.19,0.0,215000.0
10662421,1,0.0,1.0,0.0,1.0,0.0,0.0,0.0,0.0,0.0,0.0,0.0,0.0,0.0,0.0,0.0,1.0,0.0,0.0,0.10714285714285715,0.1818181818181818,0.0,0.0,0.1111111111111111,3,3,0,0,0,0,0,1,0.0,0.0,0.0002521822938684856,319900.0
10662423,1,0.0,1.0,0.0,0.0,0.0,0.0,0.0,0.0,0.0,0.0,0.0,0.0,0.0,1.0,0.0,0.0,1.0,0.0,0.19387755102040818,0.36363636363636365,0.18181818181818182,0.0,0.16666666666666666,3,2,0,0,0,0,0,1,0.0,0.0,0.0005502159138948776,499000.0
10662426,0,0.0,1.0,0.0,0.0,0.0,0.0,0.0,0.0,0.0,0.0,0.0,0.0,0.0,1.0,0.0,0.0,0.0,1.0,0.05612244897959184,0.09090909090909091,0.09090909090909091,0.0,0.0,1,3,1,0,0,0,0,1,0.0,0.07,0.0,379000.0
10662428,1,0.0,1.0,0.0,1.0,0.0,0.0,0.0,0.0,0.0,0.0,0.0,0.0,0.0,0.0,0.0,0.0,0.0,1.0,0.14285714285714288,0.1818181818181818,0.09090909090909091,0.0,0.1111111111111111,5,6,0,0,0,0,1,0,0.1,0.0,0.0001724009863537283,269000.0
10662432,0,0.0,1.0,0.0,0.0,0.0,0.0,0.0,0.0,0.0,0.0,0.0,0.0,0.0,1.0,0.0,0.0,1.0,0.0,0.09387755102040818,0.09090909090909091,0.18181818181818182,0.0,0.1111111111111111,3,2,0,0,0,0,0,1,0.0,1.0,0.0,650000.0
10662460,0,1.0,0.0,0.0,0.0,1.0,0.0,0.0,0.0,0.0,0.0,0.0,0.0,0.0,0.0,0.0,1.0,0.0,0.0,0.08673469387755103,0.09090909090909091,0.09090909090909091,0.0,0.05555555555555555,1,5,0,0,0,0,0,1,0.0,0.05,0.0,259000.0
10662436,1,0.0,1.0,0.0,0.0,0.0,0.0,0.0,0.0,0.0,0.0,0.0,0.0,0.0,1.0,0.0,0.0,0.0,1.0,0.113265306122449,0.1818181818181818,0.09090909090909091,0.0,0.05555555555555555,3,6,0,0,0,0,0,1,0.0,0.0,0.00016506477416846328,238000.0
10662452,1,0.0,1.0,0.0,0.0,0.0,1.0,0.0,0.0,0.0,0.0,0.0,0.0,0.0,0.0,0.0,0.0,1.0,0.0,0.17551020408163268,0.2727272727272727,0.09090909090909091,0.0,0.05555555555555555,3,2,0,0,0,0,1,1,0.131,0.08,0.00012013047453371494,300000.0
10662431,0,0.0,0.0,1.0,0.0,0.0,0.0,0.0,1.0,0.0,0.0,0.0,0.0,0.0,0.0,0.0,0.0,0.0,1.0,0.034693877551020415,0.0,0.09090909090909091,0.0,0.05555555555555555,0,2,0,0,0,0,0,1,0.0,0.03,0.0,120000.0
10662440,0,0.0,1.0,0.0,0.0,0.0,0.0,0.0,0.0,0.0,0.0,0.0,0.0,0.0,1.0,1.0,0.0,0.0,0.0,0.09285714285714286,0.09090909090909091,0.09090909090909091,0.0,0.05555555555555555,3,2,0,0,0,0,0,1,0.0,0.0,0.0,375000.0
10662465,1,0.0,1.0,0.0,0.0,0.0,0.0,0.0,0.0,0.0,0.0,0.0,0.0,0.0,1.0,0.0,0.0,0.0,1.0,0.10714285714285715,0.1818181818181818,0.09090909090909091,0.0,0.1111111111111111,3,5,0,1,0,0,0,0,0.0,0.0,0.00011187723582529178,215000.0
10662462,1,0.0,1.0,0.0,0.0,0.0,0.0,0.0,0.0,0.0,0.0,0.0,0.0,0.0,1.0,0.0,0.0,1.0,0.0,0.12346938775510205,0.2727272727272727,0.09090909090909091,0.07142857142857142,0.1111111111111111,1,3,0,0,0,0,1,1,0.273,0.0,0.0002503482408221693,350000.0
10662464,1,0.0,0.0,1.0,0.0,0.0,0.0,0.0,0.0,0.0,1.0,0.0,0.0,0.0,0.0,1.0,0.0,0.0,0.0,0.11836734693877551,0.09090909090909091,0.09090909090909091,0.07142857142857142,0.1111111111111111,3,5,0,0,0,0,0,1,0.0,0.0,0.00011096020930213364,300000.0
10662467,0,1.0,0.0,0.0,0.0,1.0,0.0,0.0,0.0,0.0,0.0,0.0,0.0,0.0,0.0,0.0,0.0,0.0,1.0,0.15306122448979595,0.09090909090909091,0.09090909090909091,0.0,0.05555555555555555,3,5,0,0,1,0,0,1,0.0,0.0,0.0,650000.0
10662472,1,0.0,0.0,1.0,0.0,0.0,0.0,0.0,0.0,0.0,1.0,0.0,0.0,0.0,0.0,0.0,0.0,0.0,1.0,0.07142857142857142,0.09090909090909091,0.09090909090909091,0.0,0.0,2,7,0,1,0,0,1,0,0.182,0.0,0.0005337094364780313,250000.0
10662476,1,0.0,1.0,0.0,0.0,0.0,1.0,0.0,0.0,0.0,0.0,0.0,0.0,0.0,0.0,0.0,0.0,0.0,1.0,0.22959183673469388,0.2727272727272727,0.18181818181818182,0.0,0.1111111111111111,1,0,0,0,0,0,0,1,0.0,0.0,0.00046126434114853907,565000.0
10662474,1,0.0,0.0,1.0,0.0,0.0,0.0,0.0,0.0,0.0,1.0,0.0,0.0,0.0,0.0,0.0,0.0,0.0,1.0,0.15918367346938778,0.36363636363636365,0.0,0.14285714285714285,0.1111111111111111,5,7,0,1,0,0,0,0,0.0,0.0,0.0001283837132421381,250000.0
10662482,1,0.0,0.0,1.0,0.0,0.0,0.0,0.0,0.0,0.0,0.0,0.0,0.0,1.0,0.0,0.0,0.0,0.0,1.0,0.18673469387755104,0.36363636363636365,0.18181818181818182,0.07142857142857142,0.16666666666666666,2,3,0,0,0,0,1,1,0.2,0.25,0.0003356317074758753,595000.0
10662485,0,0.0,0.0,1.0,0.0,0.0,0.0,0.0,0.0,0.0,1.0,0.0,0.0,0.0,0.0,0.0,0.0,0.0,1.0,0.3653061224489796,0.4545454545454545,0.2727272727272727,0.0,0.16666666666666666,3,4,0,0,0,0,0,1,0.0,0.48,0.0,415000.0
10662500,0,1.0,0.0,0.0,0.0,1.0,0.0,0.0,0.0,0.0,0.0,0.0,0.0,0.0,0.0,0.0,0.0,1.0,0.0,0.11734693877551022,0.1818181818181818,0.09090909090909091,0.07142857142857142,0.1111111111111111,3,7,1,1,0,0,0,0,0.0,0.0,0.0,545000.0
10662505,1,0.0,0.0,1.0,0.0,0.0,0.0,0.0,1.0,0.0,0.0,0.0,0.0,0.0,0.0,0.0,1.0,0.0,0.0,0.1275510204081633,0.2727272727272727,0.09090909090909091,0.0,0.1111111111111111,0,3,0,0,0,0,0,1,0.0,0.4,0.00011004318277897552,219000.0
10662506,1,0.0,1.0,0.0,1.0,0.0,0.0,0.0,0.0,0.0,0.0,0.0,0.0,0.0,0.0,0.0,0.0,0.0,1.0,0.3948979591836735,0.5454545454545454,0.0,0.0,0.0,5,5,0,0,0,0,1,1,0.2,0.3,0.0007061104228317595,589000.0
10662509,1,0.0,1.0,0.0,0.0,0.0,0.0,0.0,0.0,1.0,0.0,0.0,0.0,0.0,0.0,0.0,0.0,0.0,1.0,0.15306122448979595,0.1818181818181818,0.09090909090909091,0.0,0.1111111111111111,2,0,0,0,0,0,0,0,0.0,0.0,0.0005502159138948776,454000.0
10662514,1,0.0,1.0,0.0,0.0,0.0,0.0,1.0,0.0,0.0,0.0,0.0,0.0,0.0,0.0,0.0,0.0,1.0,0.0,0.09693877551020408,0.09090909090909091,0.09090909090909091,0.07142857142857142,0.1111111111111111,1,2,0,0,0,1,0,1,0.0,0.25,7.427914837580848e-05,359000.0
10662515,0,0.0,1.0,0.0,0.0,0.0,0.0,1.0,0.0,0.0,0.0,0.0,0.0,0.0,0.0,0.0,0.0,0.0,1.0,0.1,0.09090909090909091,0.09090909090909091,0.0,0.0,1,1,0,0,0,0,0,1,0.0,0.15,0.0,334871.0
10662516,0,0.0,1.0,0.0,0.0,0.0,0.0,1.0,0.0,0.0,0.0,0.0,0.0,0.0,0.0,0.0,0.0,0.0,1.0,0.1,0.09090909090909091,0.09090909090909091,0.0,0.0,1,1,0,0,0,0,0,1,0.0,0.16,0.0,335412.0
10662517,1,0.0,0.0,1.0,0.0,0.0,0.0,0.0,0.0,0.0,0.0,1.0,0.0,0.0,0.0,0.0,0.0,0.0,1.0,0.2306122448979592,0.2727272727272727,0.09090909090909091,0.07142857142857142,0.1111111111111111,3,4,0,1,0,0,1,1,0.629,0.1,0.0008023982077633632,420000.0
10662520,1,0.0,1.0,0.0,0.0,0.0,0.0,0.0,0.0,0.0,0.0,0.0,0.0,0.0,1.0,0.0,0.0,0.0,1.0,0.16938775510204085,0.1818181818181818,0.09090909090909091,0.07142857142857142,0.1111111111111111,3,4,0,1,0,0,0,1,0.0,0.0,0.002276059830478477,445000.0
10662522,0,1.0,0.0,0.0,0.0,1.0,0.0,0.0,0.0,0.0,0.0,0.0,0.0,0.0,0.0,0.0,1.0,0.0,0.0,0.07857142857142857,0.09090909090909091,0.09090909090909091,0.0,0.05555555555555555,3,5,1,0,0,0,0,1,0.0,0.0,0.0,297000.0
10662523,1,0.0,0.0,1.0,0.0,0.0,0.0,0.0,1.0,0.0,0.0,0.0,0.0,0.0,0.0,0.0,0.0,0.0,1.0,0.1489795918367347,0.1818181818181818,0.09090909090909091,0.0,0.0,3,5,0,0,0,0,0,1,0.0,0.0,0.0008574197991528509,160000.0
10662524,0,1.0,0.0,0.0,0.0,1.0,0.0,0.0,0.0,0.0,0.0,0.0,0.0,0.0,0.0,0.0,1.0,0.0,0.0,0.04591836734693878,0.09090909090909091,0.09090909090909091,0.07142857142857142,0.05555555555555555,3,7,0,0,0,0,0,1,0.0,0.05,0.0,220000.0
10662525,1,0.0,1.0,0.0,1.0,0.0,0.0,0.0,0.0,0.0,0.0,0.0,0.0,0.0,0.0,0.0,0.0,0.0,1.0,0.2489795918367347,0.1818181818181818,0.0,0.0,0.1111111111111111,1,1,0,0,0,0,0,1,0.0,0.0,0.0003337976544295591,625000.0
10662533,0,0.0,1.0,0.0,0.0,0.0,0.0,0.0,0.0,0.0,0.0,0.0,0.0,0.0,1.0,0.0,0.0,0.0,1.0,0.09081632653061225,0.09090909090909091,0.09090909090909091,0.0,0.05555555555555555,3,3,0,0,0,0,0,1,0.0,0.0,0.0,287500.0
10662534,1,0.0,1.0,0.0,0.0,0.0,0.0,0.0,0.0,0.0,0.0,0.0,0.0,0.0,1.0,0.0,1.0,0.0,0.0,0.051020408163265314,0.0,0.09090909090909091,0.0,0.1111111111111111,2,4,0,0,0,1,0,1,0.0,0.0,0.0001568115354600401,239000.0
10662530,1,0.0,1.0,0.0,0.0,0.0,1.0,0.0,0.0,0.0,0.0,0.0,0.0,0.0,0.0,0.0,0.0,0.0,1.0,0.1959183673469388,0.2727272727272727,0.09090909090909091,0.07142857142857142,0.1111111111111111,3,2,0,1,0,0,0,1,0.0,0.0,0.0008033152342865213,499000.0
10662541,0,1.0,0.0,0.0,0.0,1.0,0.0,0.0,0.0,0.0,0.0,0.0,0.0,0.0,0.0,1.0,0.0,0.0,0.0,0.07142857142857142,0.0,0.09090909090909091,0.07142857142857142,0.05555555555555555,3,7,0,0,0,0,0,0,0.0,0.0,0.0,249000.0
10662537,1,0.0,1.0,0.0,0.0,0.0,0.0,0.0,0.0,0.0,0.0,0.0,0.0,0.0,1.0,0.0,0.0,1.0,0.0,0.1275510204081633,0.09090909090909091,0.09090909090909091,0.0,0.05555555555555555,3,4,0,0,0,0,0,1,0.0,0.0,6.144077705159467e-05,240000.0
10662543,1,0.0,1.0,0.0,0.0,0.0,0.0,1.0,0.0,0.0,0.0,0.0,0.0,0.0,0.0,0.0,0.0,0.0,1.0,0.18571428571428575,0.1818181818181818,0.18181818181818182,0.0,0.0,0,0,0,0,0,0,0,0,0.0,0.0,0.0005052816142601293,690000.0
10662538,0,0.0,1.0,0.0,0.0,0.0,0.0,0.0,0.0,0.0,0.0,0.0,0.0,0.0,1.0,0.0,0.0,1.0,0.0,0.1275510204081633,0.2727272727272727,0.18181818181818182,0.0,0.1111111111111111,3,4,0,0,0,0,0,1,0.0,0.0,0.0,335000.0
10662535,0,0.0,1.0,0.0,0.0,0.0,0.0,0.0,0.0,0.0,0.0,0.0,0.0,0.0,1.0,0.0,0.0,1.0,0.0,0.1285714285714286,0.1818181818181818,0.18181818181818182,0.0,0.1111111111111111,3,0,1,0,0,0,0,0,0.0,0.0,0.0,595000.0
10662544,0,1.0,0.0,0.0,0.0,1.0,0.0,0.0,0.0,0.0,0.0,0.0,0.0,0.0,0.0,0.0,1.0,0.0,0.0,0.015306122448979595,0.0,0.0,0.0,0.05555555555555555,3,7,0,0,0,0,0,0,0.0,0.0,0.0,145000.0
10662545,1,0.0,1.0,0.0,0.0,0.0,0.0,0.0,0.0,0.0,0.0,0.0,0.0,0.0,1.0,0.0,0.0,0.0,1.0,0.20204081632653065,0.1818181818181818,0.09090909090909091,0.0,0.0,3,3,0,0,0,0,0,0,0.0,0.0,0.000609822637900156,449000.0
10662556,0,1.0,0.0,0.0,0.0,1.0,0.0,0.0,0.0,0.0,0.0,0.0,0.0,0.0,0.0,0.0,1.0,0.0,0.0,0.12244897959183676,0.1818181818181818,0.09090909090909091,0.0,0.05555555555555555,3,7,0,0,0,0,0,1,0.0,0.22,0.0,210000.0
10662555,0,1.0,0.0,0.0,0.0,1.0,0.0,0.0,0.0,0.0,0.0,0.0,0.0,0.0,0.0,0.0,1.0,0.0,0.0,0.12244897959183676,0.1818181818181818,0.09090909090909091,0.0,0.05555555555555555,3,7,0,0,0,0,0,1,0.0,0.22,0.0,210000.0
10662557,0,1.0,0.0,0.0,0.0,1.0,0.0,0.0,0.0,0.0,0.0,0.0,0.0,0.0,0.0,0.0,1.0,0.0,0.0,0.1479591836734694,0.1818181818181818,0.09090909090909091,0.0,0.05555555555555555,5,7,0,1,0,0,1,1,0.10200000000000001,0.06,0.0,229000.0
10662558,0,1.0,0.0,0.0,0.0,1.0,0.0,0.0,0.0,0.0,0.0,0.0,0.0,0.0,0.0,1.0,0.0,0.0,0.0,0.1479591836734694,0.1818181818181818,0.09090909090909091,0.0,0.05555555555555555,5,7,0,1,0,0,1,1,0.10200000000000001,0.06,0.0,229000.0
10662564,1,0.0,1.0,0.0,0.0,0.0,1.0,0.0,0.0,0.0,0.0,0.0,0.0,0.0,0.0,0.0,0.0,0.0,1.0,0.20408163265306126,0.2727272727272727,0.0,0.07142857142857142,0.16666666666666666,1,1,0,0,0,0,1,1,0.0,0.0,0.00032095928310534527,515000.0
10662563,1,0.0,1.0,0.0,0.0,0.0,0.0,0.0,0.0,0.0,0.0,0.0,0.0,0.0,1.0,0.0,0.0,1.0,0.0,0.11734693877551022,0.2727272727272727,0.0,0.0,0.1111111111111111,1,4,0,0,0,0,1,0,0.115,0.0,0.00019165854334004902,249000.0
10662566,1,0.0,1.0,0.0,1.0,0.0,0.0,0.0,0.0,0.0,0.0,0.0,0.0,0.0,0.0,0.0,0.0,0.0,1.0,0.22959183673469388,0.2727272727272727,0.0,0.0,0.1111111111111111,3,3,0,0,0,0,0,1,0.0,0.0,0.0009968078306728865,399000.0
10662569,0,0.0,1.0,0.0,0.0,0.0,1.0,0.0,0.0,0.0,0.0,0.0,0.0,0.0,0.0,0.0,0.0,0.0,1.0,0.07551020408163267,0.09090909090909091,0.09090909090909091,0.07142857142857142,0.05555555555555555,3,4,1,0,0,0,1,1,0.0,0.02,0.0,295000.0
10662565,1,0.0,1.0,0.0,0.0,0.0,1.0,0.0,0.0,0.0,0.0,0.0,0.0,0.0,0.0,0.0,0.0,0.0,1.0,0.20408163265306126,0.2727272727272727,0.0,0.0,0.1111111111111111,1,1,0,0,0,0,1,1,0.35000000000000003,0.2,0.00032095928310534527,515000.0
10662577,1,0.0,1.0,0.0,1.0,0.0,0.0,0.0,0.0,0.0,0.0,0.0,0.0,0.0,0.0,0.0,1.0,0.0,0.0,0.18877551020408165,0.1818181818181818,0.09090909090909091,0.0,0.1111111111111111,1,1,0,0,0,0,0,1,0.0,0.0,0.0,625000.0
10662578,1,0.0,1.0,0.0,0.0,0.0,1.0,0.0,0.0,0.0,0.0,0.0,0.0,0.0,0.0,0.0,0.0,0.0,1.0,0.20000000000000004,0.2727272727272727,0.18181818181818182,0.0,0.16666666666666666,3,0,0,0,0,0,1,0,0.0,0.0,0.0009977248571960448,679000.0
10662579,1,0.0,1.0,0.0,0.0,0.0,0.0,0.0,0.0,0.0,0.0,0.0,0.0,0.0,1.0,0.0,0.0,1.0,0.0,0.10714285714285715,0.09090909090909091,0.09090909090909091,0.0,0.0,4,6,0,0,0,0,0,1,0.0,0.0,0.0004154130149906326,195000.0
10662584,1,0.0,1.0,0.0,1.0,0.0,0.0,0.0,0.0,0.0,0.0,0.0,0.0,0.0,0.0,0.0,0.0,1.0,0.0,0.20510204081632655,0.2727272727272727,0.09090909090909091,0.0,0.1111111111111111,1,2,0,1,1,0,1,1,0.0,0.0,0.0008042322608096794,549000.0
10662583,1,0.0,1.0,0.0,1.0,0.0,0.0,0.0,0.0,0.0,0.0,0.0,0.0,0.0,0.0,0.0,0.0,0.0,1.0,0.2785714285714286,0.2727272727272727,0.09090909090909091,0.0,0.1111111111111111,1,2,0,0,0,0,0,1,0.0,0.0,0.0014195570578487843,895000.0
10662585,0,0.0,1.0,0.0,1.0,0.0,0.0,0.0,0.0,0.0,0.0,0.0,0.0,0.0,0.0,0.0,0.0,1.0,0.0,0.0816326530612245,0.09090909090909091,0.09090909090909091,0.07142857142857142,0.05555555555555555,3,1,1,1,0,0,0,0,0.0,0.0,0.0,259000.0
10662592,0,0.0,1.0,0.0,1.0,0.0,0.0,0.0,0.0,0.0,0.0,0.0,0.0,0.0,0.0,0.0,0.0,0.0,1.0,0.06632653061224492,0.0,0.09090909090909091,0.0,0.05555555555555555,0,0,1,1,0,0,0,1,0.0,0.15,0.0,270000.0
10662591,0,0.0,1.0,0.0,1.0,0.0,0.0,0.0,0.0,0.0,0.0,0.0,0.0,0.0,0.0,0.0,0.0,0.0,1.0,0.07959183673469389,0.09090909090909091,0.09090909090909091,0.0,0.05555555555555555,0,0,1,1,0,0,0,1,0.0,0.15,0.0,345000.0
10662586,1,0.0,1.0,0.0,1.0,0.0,0.0,0.0,0.0,0.0,0.0,0.0,0.0,0.0,0.0,0.0,0.0,1.0,0.0,0.1306122448979592,0.1818181818181818,0.09090909090909091,0.0,0.1111111111111111,4,6,0,1,0,0,1,1,0.0,0.0,0.00025126526734532744,259000.0
10662600,0,1.0,0.0,0.0,0.0,1.0,0.0,0.0,0.0,0.0,0.0,0.0,0.0,0.0,0.0,0.0,1.0,0.0,0.0,0.014285714285714284,0.0,0.09090909090909091,0.0,0.05555555555555555,2,4,1,0,0,0,0,0,0.0,0.0,0.0,149000.0
10662604,0,0.0,1.0,0.0,0.0,0.0,0.0,1.0,0.0,0.0,0.0,0.0,0.0,0.0,0.0,0.0,0.0,1.0,0.0,0.08673469387755103,0.09090909090909091,0.09090909090909091,0.0,0.05555555555555555,3,0,1,1,0,0,0,1,0.0,0.06,0.0,275000.0
10662611,1,1.0,0.0,0.0,0.0,1.0,0.0,0.0,0.0,0.0,0.0,0.0,0.0,0.0,0.0,0.0,1.0,0.0,0.0,0.4102040816326531,0.6363636363636364,0.7272727272727273,0.5714285714285714,0.4444444444444444,3,4,0,0,0,0,0,0,0.0,0.0,0.00011921344801055682,1000000.0
10662614,0,0.0,1.0,0.0,0.0,0.0,1.0,0.0,0.0,0.0,0.0,0.0,0.0,0.0,0.0,0.0,0.0,1.0,0.0,0.034693877551020415,0.0,0.0,0.0,0.05555555555555555,1,1,0,0,0,0,0,1,0.0,0.1,0.0,215000.0
10662615,0,1.0,0.0,0.0,0.0,1.0,0.0,0.0,0.0,0.0,0.0,0.0,0.0,0.0,0.0,0.0,0.0,0.0,1.0,0.05408163265306123,0.09090909090909091,0.09090909090909091,0.0,0.05555555555555555,3,5,1,0,0,1,0,1,0.0,0.2,0.0,299000.0
10662624,0,0.0,1.0,0.0,1.0,0.0,0.0,0.0,0.0,0.0,0.0,0.0,0.0,0.0,0.0,0.0,1.0,0.0,0.0,0.06938775510204082,0.09090909090909091,0.0,0.0,0.0,3,5,0,1,0,0,1,1,0.07,0.0,0.0,239000.0
10662629,0,0.0,1.0,0.0,0.0,0.0,1.0,0.0,0.0,0.0,0.0,0.0,0.0,0.0,0.0,1.0,0.0,0.0,0.0,0.06224489795918368,0.0,0.09090909090909091,0.0,0.05555555555555555,3,0,1,0,0,0,1,1,0.005,0.14,0.0,495000.0
10662647,1,0.0,0.0,1.0,0.0,0.0,0.0,0.0,0.0,0.0,0.0,0.0,1.0,0.0,0.0,0.0,0.0,0.0,1.0,0.15306122448979595,0.1818181818181818,0.09090909090909091,0.0,0.1111111111111111,4,6,0,1,0,0,0,1,0.0,0.0,0.0006822677332296482,275000.0
10662645,1,0.0,1.0,0.0,0.0,0.0,1.0,0.0,0.0,0.0,0.0,0.0,0.0,0.0,0.0,0.0,0.0,0.0,1.0,0.05204081632653062,0.09090909090909091,0.09090909090909091,0.0,0.05555555555555555,5,6,0,0,0,0,0,0,0.0,0.0,0.00047318568594959475,159000.0
10662648,1,0.0,0.0,1.0,0.0,0.0,0.0,0.0,0.0,0.0,0.0,0.0,1.0,0.0,0.0,0.0,0.0,0.0,1.0,0.15306122448979595,0.1818181818181818,0.09090909090909091,0.0,0.1111111111111111,4,6,0,1,0,0,0,1,0.0,0.0,0.0006822677332296482,275000.0
10662656,1,1.0,0.0,0.0,0.0,1.0,0.0,0.0,0.0,0.0,0.0,0.0,0.0,0.0,0.0,0.0,1.0,0.0,0.0,0.2857142857142857,0.4545454545454545,0.36363636363636365,0.0,0.2222222222222222,3,4,0,0,0,0,1,1,0.04,0.15,0.00016964990678425393,849000.0
10662650,1,0.0,1.0,0.0,1.0,0.0,0.0,0.0,0.0,0.0,0.0,0.0,0.0,0.0,0.0,0.0,0.0,1.0,0.0,0.15816326530612246,0.2727272727272727,0.09090909090909091,0.0,0.0,5,0,0,0,0,0,0,0,0.0,0.0,0.0,515000.0
10662646,1,0.0,0.0,1.0,0.0,0.0,0.0,0.0,0.0,0.0,0.0,0.0,1.0,0.0,0.0,0.0,0.0,0.0,1.0,0.15306122448979595,0.1818181818181818,0.09090909090909091,0.0,0.1111111111111111,4,6,0,1,0,0,0,1,0.0,0.0,0.0006822677332296482,275000.0
10662662,0,0.0,1.0,0.0,1.0,0.0,0.0,0.0,0.0,0.0,0.0,0.0,0.0,0.0,0.0,0.0,0.0,0.0,1.0,0.06326530612244899,0.09090909090909091,0.09090909090909091,0.0,0.05555555555555555,3,0,0,0,0,0,1,1,0.05,0.14,0.0,245000.0
10662663,1,0.0,1.0,0.0,1.0,0.0,0.0,0.0,0.0,0.0,0.0,0.0,0.0,0.0,0.0,0.0,0.0,0.0,1.0,0.08877551020408164,0.1818181818181818,0.09090909090909091,0.0,0.1111111111111111,3,2,0,1,0,0,1,0,0.14300000000000002,0.0,0.0,359000.0
10662665,1,0.0,0.0,1.0,0.0,0.0,0.0,0.0,0.0,0.0,0.0,1.0,0.0,0.0,0.0,0.0,0.0,1.0,0.0,0.11938775510204083,0.1818181818181818,0.09090909090909091,0.0,0.1111111111111111,5,4,0,0,0,0,1,1,0.425,0.19,0.00047960487161170166,110000.0
10662664,1,0.0,1.0,0.0,0.0,0.0,1.0,0.0,0.0,0.0,0.0,0.0,0.0,0.0,0.0,0.0,1.0,0.0,0.0,0.09693877551020408,0.09090909090909091,0.09090909090909091,0.0,0.05555555555555555,1,3,0,0,0,0,1,1,0.05,0.12,0.00016047964155267263,350000.0
10662666,1,0.0,0.0,1.0,0.0,0.0,0.0,0.0,1.0,0.0,0.0,0.0,0.0,0.0,0.0,0.0,0.0,1.0,0.0,0.163265306122449,0.1818181818181818,0.0,0.0,0.0,4,0,0,1,0,0,0,1,0.0,0.0,0.0014984213388403833,375000.0
10662679,1,0.0,0.0,1.0,0.0,0.0,0.0,0.0,0.0,0.0,0.0,0.0,1.0,0.0,0.0,1.0,0.0,0.0,0.0,0.3510204081632653,0.2727272727272727,0.18181818181818182,0.0,0.16666666666666666,5,5,0,1,0,0,1,0,0.0,0.0,0.0003136230709200802,249000.0
10531611,0,0.0,1.0,0.0,1.0,0.0,0.0,0.0,0.0,0.0,0.0,0.0,0.0,0.0,0.0,0.0,0.0,1.0,0.0,0.0816326530612245,0.1818181818181818,0.09090909090909091,0.0,0.0,1,2,1,0,0,0,0,1,0.0,0.0,0.0,279000.0
10662681,0,1.0,0.0,0.0,0.0,1.0,0.0,0.0,0.0,0.0,0.0,0.0,0.0,0.0,0.0,0.0,0.0,0.0,1.0,0.09591836734693879,0.09090909090909091,0.18181818181818182,0.0,0.1111111111111111,3,2,1,1,0,0,0,1,0.0,0.16,0.0,375000.0
10662683,1,0.0,1.0,0.0,1.0,0.0,0.0,0.0,0.0,0.0,0.0,0.0,0.0,0.0,0.0,0.0,0.0,0.0,1.0,0.25510204081632654,0.1818181818181818,0.18181818181818182,0.0,0.16666666666666666,5,6,0,1,0,0,1,0,0.0,0.0,0.0023851859867342943,849000.0
10662690,1,0.0,1.0,0.0,0.0,0.0,1.0,0.0,0.0,0.0,0.0,0.0,0.0,0.0,0.0,0.0,0.0,0.0,1.0,0.25,0.2727272727272727,0.09090909090909091,0.0,0.1111111111111111,3,1,0,0,0,1,1,1,0.0,0.01,0.0006089056113769978,529000.0
10662693,1,0.0,0.0,1.0,0.0,0.0,0.0,0.0,0.0,0.0,0.0,0.0,0.0,1.0,0.0,0.0,0.0,0.0,1.0,0.23469387755102042,0.36363636363636365,0.18181818181818182,0.0,0.16666666666666666,1,2,0,1,0,0,1,1,0.22,0.8200000000000001,0.0003787319540643074,550000.0
10662696,1,0.0,0.0,1.0,0.0,0.0,0.0,0.0,1.0,0.0,0.0,0.0,0.0,0.0,0.0,0.0,0.0,1.0,0.0,0.10816326530612247,0.1818181818181818,0.0,0.0,0.0,5,7,0,1,0,0,1,0,0.0,0.0,0.0006052375052843654,100000.0
10662692,0,0.0,1.0,0.0,1.0,0.0,0.0,0.0,0.0,0.0,0.0,0.0,0.0,0.0,0.0,0.0,0.0,1.0,0.0,0.06122448979591837,0.0,0.09090909090909091,0.0,0.05555555555555555,1,0,0,0,0,0,1,1,0.096,0.14,0.0,245000.0
10662702,1,0.0,1.0,0.0,0.0,0.0,0.0,1.0,0.0,0.0,0.0,0.0,0.0,0.0,0.0,0.0,0.0,0.0,1.0,0.1295918367346939,0.1818181818181818,0.09090909090909091,0.07142857142857142,0.1111111111111111,1,3,0,0,0,0,1,1,0.88,0.32,0.0009096903109728643,430000.0
10662703,1,0.0,1.0,0.0,0.0,0.0,1.0,0.0,0.0,0.0,0.0,0.0,0.0,0.0,0.0,0.0,0.0,1.0,0.0,0.2448979591836735,0.2727272727272727,0.09090909090909091,0.0,0.0,3,3,0,1,0,0,0,1,0.0,0.35000000000000003,9.170265231581294e-05,498000.0
10662709,1,0.0,0.0,1.0,0.0,0.0,0.0,0.0,0.0,0.0,0.0,0.0,1.0,0.0,0.0,0.0,0.0,0.0,1.0,0.13877551020408166,0.1818181818181818,0.09090909090909091,0.0,0.1111111111111111,3,4,0,1,0,0,1,1,1.0,0.0,0.002261387406107947,299000.0
10662706,0,0.0,1.0,0.0,0.0,0.0,1.0,0.0,0.0,0.0,0.0,0.0,0.0,0.0,0.0,0.0,0.0,1.0,0.0,0.0836734693877551,0.09090909090909091,0.09090909090909091,0.0,0.1111111111111111,0,0,0,1,0,0,0,1,0.0,0.0,0.0,260000.0
10662708,1,0.0,1.0,0.0,0.0,0.0,1.0,0.0,0.0,0.0,0.0,0.0,0.0,0.0,0.0,0.0,0.0,0.0,1.0,0.11224489795918369,0.2727272727272727,0.09090909090909091,0.0,0.05555555555555555,5,6,0,1,0,0,1,1,0.0,0.4,0.000772136332499145,239000.0
10662707,1,0.0,0.0,1.0,0.0,0.0,0.0,0.0,1.0,0.0,0.0,0.0,0.0,0.0,0.0,0.0,1.0,0.0,0.0,0.3948979591836735,0.1818181818181818,0.09090909090909091,0.07142857142857142,0.0,3,5,0,0,0,0,1,1,0.15,0.3,0.00033288062790640094,185000.0
10662714,1,1.0,0.0,0.0,0.0,1.0,0.0,0.0,0.0,0.0,0.0,0.0,0.0,0.0,0.0,0.0,0.0,0.0,1.0,0.1836734693877551,0.2727272727272727,0.18181818181818182,0.14285714285714285,0.1111111111111111,5,7,0,0,0,0,1,1,0.6,0.2,0.0006648442292896437,1195000.0
10662712,1,0.0,1.0,0.0,0.0,0.0,1.0,0.0,0.0,0.0,0.0,0.0,0.0,0.0,0.0,0.0,1.0,0.0,0.0,0.6755102040816326,0.36363636363636365,0.18181818181818182,0.14285714285714285,0.16666666666666666,1,2,0,0,0,0,1,1,0.0,1.0,0.0040184102244789225,1650000.0
10662716,0,1.0,0.0,0.0,0.0,1.0,0.0,0.0,0.0,0.0,0.0,0.0,0.0,0.0,0.0,0.0,0.0,0.0,1.0,0.05510204081632653,0.09090909090909091,0.09090909090909091,0.0,0.0,0,4,0,1,0,0,0,1,0.0,0.2,0.0,275000.0
10662720,1,0.0,1.0,0.0,0.0,0.0,0.0,1.0,0.0,0.0,0.0,0.0,0.0,0.0,0.0,0.0,0.0,0.0,1.0,0.36122448979591837,0.36363636363636365,0.0,0.0,0.0,0,2,0,1,0,0,0,0,0.0,0.0,0.0007556298550822985,750000.0
10662717,1,0.0,1.0,0.0,0.0,0.0,0.0,0.0,0.0,0.0,0.0,0.0,0.0,0.0,1.0,0.0,0.0,0.0,1.0,0.2479591836734694,0.2727272727272727,0.18181818181818182,0.0,0.16666666666666666,1,3,0,0,0,0,1,0,0.4,0.0,0.0007244509532949221,499000.0
10662726,0,1.0,0.0,0.0,0.0,1.0,0.0,0.0,0.0,0.0,0.0,0.0,0.0,0.0,0.0,0.0,0.0,1.0,0.0,0.07857142857142857,0.1818181818181818,0.09090909090909091,0.0,0.05555555555555555,4,0,0,1,0,0,0,0,0.0,0.0,0.0,330000.0
10662723,1,0.0,1.0,0.0,1.0,0.0,0.0,0.0,0.0,0.0,0.0,0.0,0.0,0.0,0.0,0.0,0.0,1.0,0.0,0.2857142857142857,0.2727272727272727,0.2727272727272727,0.0,0.16666666666666666,1,1,0,0,0,0,1,1,0.068,0.45,0.00032095928310534527,748000.0
10662725,0,1.0,0.0,0.0,0.0,1.0,0.0,0.0,0.0,0.0,0.0,0.0,0.0,0.0,0.0,0.0,0.0,1.0,0.0,0.0673469387755102,0.09090909090909091,0.09090909090909091,0.0,0.05555555555555555,4,0,0,1,0,0,0,0,0.0,0.0,0.0,300000.0
10662722,1,0.0,0.0,1.0,0.0,0.0,0.0,0.0,0.0,0.0,1.0,0.0,0.0,0.0,0.0,0.0,0.0,0.0,1.0,0.23673469387755106,0.2727272727272727,0.0,0.07142857142857142,0.0,0,4,0,1,0,0,1,1,0.0,0.47000000000000003,0.0017542717388015015,390000.0
10662739,1,0.0,1.0,0.0,0.0,0.0,0.0,0.0,0.0,0.0,0.0,0.0,0.0,0.0,1.0,0.0,0.0,0.0,1.0,0.15714285714285717,0.1818181818181818,0.09090909090909091,0.0,0.1111111111111111,3,3,0,0,0,0,0,0,0.0,0.0,0.00018340530463162587,290000.0
10662727,1,0.0,0.0,1.0,0.0,0.0,0.0,0.0,0.0,0.0,0.0,0.0,0.0,1.0,0.0,0.0,0.0,0.0,1.0,0.163265306122449,0.1818181818181818,0.09090909090909091,0.07142857142857142,0.1111111111111111,0,3,0,1,0,0,1,1,0.403,0.25,0.0004988624285980224,625000.0
10662745,0,0.0,1.0,0.0,0.0,0.0,1.0,0.0,0.0,0.0,0.0,0.0,0.0,0.0,0.0,1.0,0.0,0.0,0.0,0.07142857142857142,0.09090909090909091,0.09090909090909091,0.0,0.05555555555555555,1,0,1,0,0,0,0,1,0.0,0.12,0.0,459000.0
10662740,0,0.0,1.0,0.0,1.0,0.0,0.0,0.0,0.0,0.0,0.0,0.0,0.0,0.0,0.0,0.0,0.0,0.0,1.0,0.07959183673469389,0.1818181818181818,0.09090909090909091,0.0,0.05555555555555555,2,2,0,0,0,0,0,0,0.0,0.0,0.0,309000.0
10662750,0,0.0,1.0,0.0,1.0,0.0,0.0,0.0,0.0,0.0,0.0,0.0,0.0,0.0,0.0,0.0,1.0,0.0,0.0,0.1,0.1818181818181818,0.09090909090909091,0.0,0.05555555555555555,1,0,1,0,0,0,0,1,0.0,0.19,0.0,464475.0
10662752,0,0.0,1.0,0.0,1.0,0.0,0.0,0.0,0.0,0.0,0.0,0.0,0.0,0.0,0.0,0.0,1.0,0.0,0.0,0.07551020408163267,0.09090909090909091,0.09090909090909091,0.0,0.05555555555555555,1,0,1,0,0,0,1,1,0.07,0.23,0.0,448150.0
10662751,0,0.0,1.0,0.0,1.0,0.0,0.0,0.0,0.0,0.0,0.0,0.0,0.0,0.0,0.0,0.0,1.0,0.0,0.0,0.10408163265306122,0.09090909090909091,0.09090909090909091,0.0,0.05555555555555555,1,0,1,0,0,0,0,1,0.0,0.26,0.0,501875.0
10662753,0,0.0,1.0,0.0,1.0,0.0,0.0,0.0,0.0,0.0,0.0,0.0,0.0,0.0,0.0,0.0,1.0,0.0,0.0,0.08265306122448982,0.09090909090909091,0.09090909090909091,0.0,0.05555555555555555,1,0,1,0,0,0,0,1,0.0,0.35000000000000003,0.0,443300.0
10662741,0,0.0,1.0,0.0,0.0,0.0,0.0,0.0,0.0,0.0,0.0,0.0,0.0,0.0,1.0,0.0,0.0,1.0,0.0,0.06020408163265307,0.0,0.09090909090909091,0.0,0.05555555555555555,3,3,0,0,0,0,1,1,0.017,0.17,0.0,211700.0
10662759,1,0.0,0.0,1.0,0.0,0.0,0.0,0.0,0.0,0.0,1.0,0.0,0.0,0.0,0.0,0.0,0.0,1.0,0.0,0.2142857142857143,0.2727272727272727,0.09090909090909091,0.14285714285714285,0.16666666666666666,5,3,0,1,0,0,0,0,0.0,0.0,6.419185662106905e-05,199000.0
10662757,1,0.0,1.0,0.0,0.0,0.0,0.0,0.0,0.0,0.0,0.0,0.0,0.0,0.0,1.0,0.0,0.0,0.0,1.0,0.19897959183673472,0.2727272727272727,0.0,0.0,0.0,5,6,0,1,0,0,0,0,0.0,0.0,0.0,399000.0
10662761,1,0.0,1.0,0.0,1.0,0.0,0.0,0.0,0.0,0.0,0.0,0.0,0.0,0.0,0.0,0.0,0.0,1.0,0.0,0.16836734693877553,0.1818181818181818,0.0,0.0,0.1111111111111111,3,2,0,1,0,0,1,1,0.15,0.2,0.0002934484874106014,549000.0
10662766,1,0.0,0.0,1.0,0.0,0.0,0.0,0.0,1.0,0.0,0.0,0.0,0.0,0.0,0.0,0.0,0.0,0.0,1.0,0.042857142857142864,0.09090909090909091,0.09090909090909091,0.0,0.05555555555555555,3,7,0,1,0,0,0,0,0.0,0.0,0.0017826995610194035,170000.0
10662765,0,0.0,1.0,0.0,1.0,0.0,0.0,0.0,0.0,0.0,0.0,0.0,0.0,0.0,0.0,0.0,0.0,1.0,0.0,0.042857142857142864,0.09090909090909091,0.09090909090909091,0.0,0.0,3,2,0,0,0,0,0,1,0.0,0.0,0.0,195000.0
10662767,1,0.0,0.0,1.0,0.0,0.0,0.0,0.0,1.0,0.0,0.0,0.0,0.0,0.0,0.0,0.0,0.0,1.0,0.0,0.14285714285714288,0.2727272727272727,0.18181818181818182,0.0,0.1111111111111111,2,2,0,1,0,0,0,0,0.0,0.0,0.000552966993464352,389000.0
10662768,1,0.0,0.0,1.0,0.0,0.0,0.0,0.0,0.0,0.0,0.0,0.0,1.0,0.0,0.0,0.0,1.0,0.0,0.0,0.15714285714285717,0.2727272727272727,0.09090909090909091,0.07142857142857142,0.16666666666666666,0,2,0,1,0,0,1,0,0.0,0.0,0.00026043553257690873,475000.0
10662769,1,0.0,0.0,1.0,0.0,0.0,0.0,0.0,0.0,0.0,0.0,0.0,1.0,0.0,0.0,0.0,1.0,0.0,0.0,0.2530612244897959,0.36363636363636365,0.09090909090909091,0.07142857142857142,0.16666666666666666,0,2,0,1,0,0,1,0,0.0,0.0,0.0002567674264842762,525000.0
10662770,1,0.0,0.0,1.0,0.0,0.0,0.0,0.0,0.0,0.0,0.0,0.0,1.0,0.0,0.0,0.0,1.0,0.0,0.0,0.25510204081632654,0.2727272727272727,0.09090909090909091,0.07142857142857142,0.16666666666666666,0,2,0,1,0,0,1,0,0.0,0.0,0.00037414682144851674,570000.0
10662777,0,0.0,1.0,0.0,0.0,0.0,0.0,0.0,0.0,0.0,0.0,0.0,0.0,0.0,1.0,0.0,0.0,0.0,1.0,0.05510204081632653,0.0,0.09090909090909091,0.07142857142857142,0.05555555555555555,0,2,0,1,0,0,0,0,0.0,0.0,0.0,229000.0
10662775,0,0.0,1.0,0.0,0.0,0.0,1.0,0.0,0.0,0.0,0.0,0.0,0.0,0.0,0.0,0.0,0.0,1.0,0.0,0.06122448979591837,0.09090909090909091,0.09090909090909091,0.0,0.05555555555555555,0,3,1,1,0,0,0,0,0.0,0.0,0.0,229000.0
10662771,1,0.0,0.0,1.0,0.0,0.0,0.0,0.0,0.0,0.0,0.0,0.0,1.0,0.0,0.0,0.0,1.0,0.0,0.0,0.22244897959183677,0.2727272727272727,0.09090909090909091,0.07142857142857142,0.16666666666666666,0,2,0,1,0,0,1,0,0.0,0.0,0.00029436551393375953,530000.0
10662797,1,0.0,0.0,1.0,0.0,0.0,0.0,0.0,0.0,0.0,0.0,1.0,0.0,0.0,0.0,0.0,0.0,0.0,1.0,0.15306122448979595,0.09090909090909091,0.09090909090909091,0.0,0.1111111111111111,3,6,0,1,0,0,1,1,1.0,0.15,0.0015094256571182808,279000.0
10662798,1,0.0,0.0,1.0,0.0,0.0,0.0,0.0,0.0,0.0,0.0,1.0,0.0,0.0,0.0,0.0,0.0,0.0,1.0,0.2653061224489796,0.2727272727272727,0.09090909090909091,0.0,0.1111111111111111,3,4,0,1,0,0,1,1,0.392,0.2,0.0003594743970779867,319000.0
10662800,1,0.0,1.0,0.0,0.0,0.0,1.0,0.0,0.0,0.0,0.0,0.0,0.0,0.0,0.0,0.0,0.0,0.0,1.0,0.20510204081632655,0.09090909090909091,0.09090909090909091,0.0,0.1111111111111111,3,4,0,1,0,0,1,1,0.0,0.25,0.00044200678416221834,326000.0
10662799,0,0.0,0.0,1.0,0.0,0.0,0.0,0.0,1.0,0.0,0.0,0.0,0.0,0.0,0.0,0.0,0.0,0.0,1.0,0.0979591836734694,0.09090909090909091,0.0,0.07142857142857142,0.0,0,3,1,1,0,0,0,1,0.0,0.0,0.0,180000.0
10662801,1,0.0,0.0,1.0,0.0,0.0,0.0,0.0,0.0,0.0,0.0,0.0,0.0,1.0,0.0,0.0,0.0,0.0,1.0,0.41836734693877553,0.5454545454545454,0.18181818181818182,0.14285714285714285,0.2777777777777778,3,4,0,1,0,0,1,1,1.0,0.6,0.003791904673258865,1690000.0
10662803,1,0.0,1.0,0.0,0.0,0.0,1.0,0.0,0.0,0.0,0.0,0.0,0.0,0.0,0.0,0.0,0.0,1.0,0.0,0.14489795918367349,0.1818181818181818,0.09090909090909091,0.0,0.05555555555555555,3,6,0,1,0,0,1,1,0.0,0.0,0.0006923550249843877,345000.0
10662802,0,0.0,1.0,0.0,1.0,0.0,0.0,0.0,0.0,0.0,0.0,0.0,0.0,0.0,0.0,0.0,0.0,0.0,1.0,0.05204081632653062,0.09090909090909091,0.09090909090909091,0.0,0.0,4,6,0,1,0,0,0,0,0.0,0.0,0.0,149000.0
10662805,0,0.0,1.0,0.0,1.0,0.0,0.0,0.0,0.0,0.0,0.0,0.0,0.0,0.0,0.0,0.0,0.0,0.0,1.0,0.07551020408163267,0.09090909090909091,0.09090909090909091,0.0,0.05555555555555555,1,2,1,1,0,0,0,1,0.0,0.11,0.0,219000.0
10662809,1,0.0,0.0,1.0,0.0,0.0,0.0,0.0,0.0,0.0,0.0,0.0,0.0,1.0,0.0,0.0,0.0,1.0,0.0,0.3336734693877551,0.5454545454545454,0.09090909090909091,0.07142857142857142,0.16666666666666666,1,3,0,1,0,0,1,1,0.193,0.16,0.00033929981356850786,650000.0
10662822,0,0.0,1.0,0.0,1.0,0.0,0.0,0.0,0.0,0.0,0.0,0.0,0.0,0.0,0.0,0.0,0.0,0.0,1.0,0.08265306122448982,0.09090909090909091,0.09090909090909091,0.0,0.0,4,2,1,1,0,0,0,1,0.0,0.0,0.0,295000.0
10662830,0,0.0,1.0,0.0,0.0,0.0,0.0,0.0,0.0,0.0,0.0,0.0,0.0,0.0,1.0,0.0,0.0,0.0,1.0,0.06938775510204082,0.0,0.09090909090909091,0.0,0.1111111111111111,0,3,0,0,0,0,0,0,0.0,0.0,0.0,170000.0
10662831,0,0.0,1.0,0.0,0.0,0.0,0.0,0.0,0.0,0.0,0.0,0.0,0.0,0.0,1.0,0.0,0.0,0.0,1.0,0.022448979591836733,0.09090909090909091,0.09090909090909091,0.0,0.05555555555555555,0,3,0,0,0,0,0,0,0.0,0.0,0.0,189000.0
10662827,1,0.0,1.0,0.0,0.0,0.0,0.0,0.0,0.0,0.0,0.0,0.0,0.0,0.0,1.0,0.0,0.0,0.0,1.0,0.19387755102040818,0.1818181818181818,0.09090909090909091,0.0,0.1111111111111111,1,0,0,0,0,0,1,0,0.0,0.0,0.0003677276357864099,443000.0
10662826,0,1.0,0.0,0.0,0.0,1.0,0.0,0.0,0.0,0.0,0.0,0.0,0.0,0.0,0.0,0.0,0.0,1.0,0.0,0.09285714285714286,0.09090909090909091,0.0,0.07142857142857142,0.05555555555555555,2,0,0,1,0,0,0,1,0.0,0.06,0.0,495000.0
10662834,0,1.0,0.0,0.0,0.0,1.0,0.0,0.0,0.0,0.0,0.0,0.0,0.0,0.0,0.0,0.0,1.0,0.0,0.0,0.026530612244897965,0.0,0.0,0.07142857142857142,0.0,3,5,0,0,0,0,0,1,0.0,0.01,0.0,260000.0
10662842,1,0.0,0.0,1.0,0.0,0.0,0.0,0.0,0.0,0.0,0.0,1.0,0.0,0.0,0.0,0.0,0.0,0.0,1.0,0.1836734693877551,0.2727272727272727,0.09090909090909091,0.07142857142857142,0.1111111111111111,4,5,0,1,0,0,1,0,0.0,0.0,0.00467683526810646,350000.0
10662841,1,0.0,0.0,1.0,0.0,0.0,0.0,0.0,1.0,0.0,0.0,0.0,0.0,0.0,0.0,0.0,0.0,0.0,1.0,0.19897959183673472,0.2727272727272727,0.09090909090909091,0.0,0.05555555555555555,0,4,0,0,0,0,0,1,0.0,0.0,0.00020724799423373723,179000.0
10662843,0,0.0,1.0,0.0,0.0,0.0,0.0,0.0,0.0,0.0,0.0,0.0,0.0,0.0,1.0,1.0,0.0,0.0,0.0,0.07142857142857142,0.1818181818181818,0.09090909090909091,0.0,0.0,1,2,1,0,0,0,0,0,0.0,0.0,0.0,310000.0
10662848,0,0.0,1.0,0.0,0.0,0.0,0.0,0.0,0.0,1.0,0.0,0.0,0.0,0.0,0.0,0.0,0.0,0.0,1.0,0.04693877551020408,0.0,0.09090909090909091,0.0,0.05555555555555555,3,3,0,0,0,0,0,0,0.0,0.0,0.0,167800.0
10662845,1,0.0,1.0,0.0,0.0,0.0,0.0,0.0,0.0,0.0,0.0,0.0,0.0,0.0,1.0,1.0,0.0,0.0,0.0,0.2091836734693878,0.2727272727272727,0.2727272727272727,0.0,0.1111111111111111,1,2,0,0,0,0,0,0,0.0,0.0,6.419185662106905e-05,495000.0
10662851,1,0.0,1.0,0.0,0.0,0.0,0.0,0.0,0.0,0.0,0.0,0.0,0.0,0.0,1.0,0.0,0.0,1.0,0.0,0.20408163265306126,0.2727272727272727,0.0,0.0,0.1111111111111111,0,0,0,0,0,0,0,0,0.0,0.0,0.00029895064654955015,289000.0
10662847,0,1.0,0.0,0.0,0.0,1.0,0.0,0.0,0.0,0.0,0.0,0.0,0.0,0.0,0.0,0.0,0.0,0.0,1.0,0.0653061224489796,0.09090909090909091,0.09090909090909091,0.0,0.05555555555555555,1,4,1,1,0,0,0,1,0.0,0.11,0.0,330000.0
10662854,0,0.0,1.0,0.0,0.0,0.0,0.0,0.0,0.0,0.0,0.0,0.0,0.0,0.0,1.0,0.0,0.0,1.0,0.0,0.05612244897959184,0.09090909090909091,0.18181818181818182,0.0,0.0,0,3,0,0,0,0,0,0,0.0,0.0,0.0,1350000.0
10662853,0,0.0,1.0,0.0,0.0,0.0,0.0,0.0,0.0,0.0,0.0,0.0,0.0,0.0,1.0,0.0,0.0,1.0,0.0,0.0816326530612245,0.1818181818181818,0.18181818181818182,0.0,0.0,0,2,0,0,0,0,0,1,0.0,0.12,0.0,549000.0
10662855,0,0.0,1.0,0.0,0.0,0.0,0.0,0.0,0.0,0.0,0.0,0.0,0.0,0.0,1.0,0.0,0.0,1.0,0.0,0.08673469387755103,0.1818181818181818,0.2727272727272727,0.0,0.1111111111111111,1,2,0,0,0,0,0,1,0.0,0.22,0.0,1250000.0
10662858,1,0.0,1.0,0.0,0.0,0.0,1.0,0.0,0.0,0.0,0.0,0.0,0.0,0.0,0.0,0.0,0.0,0.0,1.0,0.15204081632653063,0.2727272727272727,0.09090909090909091,0.0,0.1111111111111111,3,2,0,0,0,0,1,0,0.0,0.0,0.00014030505804319378,399000.0
10662857,1,0.0,1.0,0.0,0.0,0.0,1.0,0.0,0.0,0.0,0.0,0.0,0.0,0.0,0.0,0.0,0.0,0.0,1.0,0.1948979591836735,0.2727272727272727,0.18181818181818182,0.07142857142857142,0.16666666666666666,3,3,0,0,0,0,1,1,1.0,0.3,0.0019074151681689091,549000.0
10662859,1,0.0,1.0,0.0,0.0,0.0,0.0,0.0,0.0,1.0,0.0,0.0,0.0,0.0,0.0,0.0,0.0,0.0,1.0,0.23469387755102042,0.2727272727272727,0.09090909090909091,0.0,0.1111111111111111,4,4,0,0,0,0,0,0,0.0,0.0,0.00044842596982432525,295000.0
10662862,0,0.0,1.0,0.0,0.0,0.0,0.0,0.0,0.0,0.0,0.0,0.0,0.0,0.0,1.0,0.0,0.0,1.0,0.0,0.0163265306122449,0.0,0.09090909090909091,0.0,0.05555555555555555,0,0,0,0,0,0,0,0,0.0,0.0,0.0,399000.0
10662861,1,0.0,1.0,0.0,0.0,0.0,0.0,1.0,0.0,0.0,0.0,0.0,0.0,0.0,0.0,0.0,0.0,0.0,1.0,0.22448979591836737,0.36363636363636365,0.09090909090909091,0.0,0.1111111111111111,4,4,0,0,0,0,1,1,0.0,0.0,0.004328365189306371,520000.0
10662864,0,0.0,1.0,0.0,0.0,0.0,0.0,0.0,0.0,0.0,0.0,0.0,0.0,0.0,1.0,0.0,0.0,1.0,0.0,0.0673469387755102,0.09090909090909091,0.18181818181818182,0.0,0.1111111111111111,0,0,0,0,0,0,1,0,0.136,0.0,0.0,750000.0
10662869,1,0.0,1.0,0.0,0.0,0.0,0.0,0.0,0.0,0.0,0.0,0.0,0.0,0.0,1.0,1.0,0.0,0.0,0.0,0.07959183673469389,0.1818181818181818,0.0,0.0,0.0,0,6,0,0,0,0,0,0,0.0,0.0,5.227051182001337e-05,248000.0
10662866,0,0.0,1.0,0.0,0.0,0.0,0.0,0.0,0.0,0.0,0.0,0.0,0.0,0.0,1.0,0.0,0.0,0.0,1.0,0.09285714285714286,0.09090909090909091,0.09090909090909091,0.0,0.1111111111111111,0,0,1,0,0,0,1,1,0.0,0.22,0.0,349000.0
10662871,1,0.0,1.0,0.0,0.0,0.0,0.0,0.0,0.0,0.0,0.0,0.0,0.0,0.0,1.0,0.0,0.0,0.0,1.0,0.1489795918367347,0.1818181818181818,0.09090909090909091,0.0,0.05555555555555555,0,6,0,0,0,0,1,0,0.0,0.0,0.0007987301016707306,270000.0
10662870,1,0.0,1.0,0.0,0.0,0.0,0.0,0.0,0.0,0.0,0.0,0.0,0.0,0.0,1.0,0.0,0.0,0.0,1.0,0.16836734693877553,0.2727272727272727,0.0,0.0,0.1111111111111111,0,4,0,0,0,0,0,0,0.0,0.0,0.00018615638420110025,299900.0
10662872,0,0.0,1.0,0.0,0.0,0.0,0.0,0.0,0.0,0.0,0.0,0.0,0.0,0.0,1.0,0.0,0.0,0.0,1.0,0.04897959183673469,0.0,0.09090909090909091,0.0,0.0,3,1,0,0,0,0,1,0,0.006,0.0,0.0,315000.0
10662875,1,0.0,1.0,0.0,0.0,0.0,0.0,0.0,0.0,1.0,0.0,0.0,0.0,0.0,0.0,0.0,0.0,0.0,1.0,0.7704081632653061,0.5454545454545454,0.18181818181818182,0.0,0.2222222222222222,1,2,0,0,0,0,1,1,1.0,0.38,0.002445709737262731,1100000.0
10662868,0,0.0,1.0,0.0,0.0,0.0,0.0,0.0,0.0,0.0,0.0,0.0,0.0,0.0,1.0,0.0,0.0,0.0,1.0,0.10102040816326532,0.09090909090909091,0.09090909090909091,0.0,0.1111111111111111,1,0,1,0,0,0,1,1,0.0,0.18,0.0,385000.0
10662878,1,0.0,1.0,0.0,0.0,0.0,0.0,0.0,0.0,1.0,0.0,0.0,0.0,0.0,0.0,0.0,0.0,0.0,1.0,0.18877551020408165,0.2727272727272727,0.09090909090909091,0.0,0.1111111111111111,3,0,0,0,0,0,1,0,0.462,0.0,0.0005850629217748865,490000.0
10662877,1,0.0,1.0,0.0,0.0,0.0,0.0,0.0,0.0,1.0,0.0,0.0,0.0,0.0,0.0,0.0,0.0,0.0,1.0,0.25,0.1818181818181818,0.09090909090909091,0.0,0.1111111111111111,5,6,0,0,0,0,1,0,0.46,0.0,0.0009051051783570737,250000.0
10662876,1,0.0,1.0,0.0,0.0,0.0,0.0,0.0,0.0,1.0,0.0,0.0,0.0,0.0,0.0,0.0,0.0,0.0,1.0,0.10204081632653061,0.09090909090909091,0.09090909090909091,0.0,0.05555555555555555,5,6,0,0,0,0,1,0,1.0,0.0,0.0011261085704381828,239000.0
10662882,1,0.0,1.0,0.0,0.0,0.0,0.0,0.0,0.0,0.0,0.0,0.0,0.0,0.0,1.0,0.0,0.0,0.0,1.0,0.12244897959183676,0.1818181818181818,0.09090909090909091,0.0,0.0,4,0,0,0,0,0,1,0,0.0,0.0,0.00013021776628845437,224000.0
10531808,0,0.0,1.0,0.0,0.0,0.0,0.0,1.0,0.0,0.0,0.0,0.0,0.0,0.0,0.0,0.0,0.0,0.0,1.0,0.1285714285714286,0.1818181818181818,0.18181818181818182,0.0,0.0,3,2,1,0,0,0,0,1,0.0,0.09,0.0,450000.0
10662884,1,0.0,1.0,0.0,0.0,0.0,0.0,0.0,0.0,0.0,0.0,0.0,0.0,0.0,1.0,0.0,0.0,1.0,0.0,0.1836734693877551,0.36363636363636365,0.0,0.0,0.0,3,5,0,0,0,0,1,1,0.0,0.0,0.0010985977747434389,625000.0
10662890,0,0.0,0.0,1.0,0.0,0.0,0.0,0.0,0.0,0.0,1.0,0.0,0.0,0.0,0.0,0.0,0.0,1.0,0.0,0.05306122448979592,0.09090909090909091,0.0,0.07142857142857142,0.05555555555555555,4,5,1,1,0,0,0,1,0.0,0.05,0.0,185000.0
10662887,0,0.0,0.0,1.0,0.0,0.0,0.0,0.0,0.0,0.0,1.0,0.0,0.0,0.0,0.0,0.0,0.0,1.0,0.0,0.0816326530612245,0.1818181818181818,0.0,0.07142857142857142,0.05555555555555555,4,3,1,1,0,0,0,1,0.0,0.03,0.0,198000.0
10662889,0,0.0,0.0,1.0,0.0,0.0,0.0,0.0,0.0,0.0,1.0,0.0,0.0,0.0,0.0,0.0,0.0,1.0,0.0,0.06632653061224492,0.09090909090909091,0.09090909090909091,0.0,0.05555555555555555,3,2,1,1,0,0,0,1,0.0,0.06,0.0,185000.0
10662893,1,0.0,0.0,1.0,0.0,0.0,0.0,0.0,1.0,0.0,0.0,0.0,0.0,0.0,0.0,0.0,0.0,1.0,0.0,0.0673469387755102,0.09090909090909091,0.09090909090909091,0.0,0.05555555555555555,3,5,0,1,0,0,1,0,0.035,0.0,8.253238708423164e-05,139000.0
10662907,1,0.0,0.0,1.0,0.0,0.0,0.0,0.0,0.0,0.0,1.0,0.0,0.0,0.0,0.0,0.0,0.0,0.0,1.0,0.13571428571428573,0.1818181818181818,0.09090909090909091,0.0,0.1111111111111111,0,0,0,1,0,0,1,1,0.0,0.11,0.00037964898058746556,255099.0
10662906,1,0.0,0.0,1.0,0.0,0.0,0.0,0.0,0.0,0.0,1.0,0.0,0.0,0.0,0.0,0.0,0.0,0.0,1.0,0.1785714285714286,0.36363636363636365,0.09090909090909091,0.0,0.1111111111111111,0,0,0,1,0,0,1,1,0.0,0.0,0.0004979454020748643,308494.0
10662899,1,0.0,0.0,1.0,0.0,0.0,0.0,0.0,0.0,0.0,0.0,1.0,0.0,0.0,0.0,0.0,0.0,0.0,1.0,0.14285714285714288,0.1818181818181818,0.09090909090909091,0.0,0.1111111111111111,3,5,0,1,0,0,1,0,0.0,0.0,0.0005153689060148687,349000.0
10662908,1,0.0,0.0,1.0,0.0,0.0,0.0,0.0,0.0,0.0,1.0,0.0,0.0,0.0,0.0,0.0,0.0,0.0,1.0,0.1326530612244898,0.1818181818181818,0.09090909090909091,0.0,0.1111111111111111,0,0,0,1,0,0,1,0,0.0,0.0,0.00040532572323589316,273046.0
10662911,1,0.0,0.0,1.0,0.0,0.0,0.0,0.0,0.0,0.0,0.0,0.0,0.0,1.0,0.0,0.0,0.0,0.0,1.0,0.1275510204081633,0.1818181818181818,0.09090909090909091,0.0,0.05555555555555555,5,7,0,1,0,0,1,0,0.5,0.0,0.0005538840199875102,425000.0
10662914,0,0.0,0.0,1.0,0.0,0.0,0.0,0.0,0.0,0.0,0.0,1.0,0.0,0.0,0.0,0.0,0.0,0.0,1.0,0.06122448979591837,0.09090909090909091,0.09090909090909091,0.0,0.1111111111111111,0,2,0,1,0,0,1,1,0.097,0.05,0.0,180000.0
10662921,1,1.0,0.0,0.0,0.0,1.0,0.0,0.0,0.0,0.0,0.0,0.0,0.0,0.0,0.0,0.0,0.0,0.0,1.0,0.15918367346938778,0.09090909090909091,0.2727272727272727,0.07142857142857142,0.16666666666666666,3,4,0,0,0,0,1,0,0.09,0.0,0.00015130937632109134,620000.0
10662916,1,0.0,1.0,0.0,0.0,0.0,1.0,0.0,0.0,0.0,0.0,0.0,0.0,0.0,0.0,1.0,0.0,0.0,0.0,0.22448979591836737,0.2727272727272727,0.0,0.0,0.0,0,2,0,0,0,0,0,1,0.0,0.0,0.000758380934651773,595950.0
10662918,0,1.0,0.0,0.0,0.0,1.0,0.0,0.0,0.0,0.0,0.0,0.0,0.0,0.0,0.0,0.0,1.0,0.0,0.0,0.04081632653061225,0.0,0.0,0.07142857142857142,0.05555555555555555,0,0,0,0,0,0,0,1,0.0,0.19,0.0,275000.0
10662917,1,0.0,0.0,1.0,0.0,0.0,0.0,0.0,0.0,0.0,1.0,0.0,0.0,0.0,0.0,0.0,0.0,0.0,1.0,0.3448979591836735,0.4545454545454545,0.5454545454545454,0.0,0.3333333333333333,0,7,0,0,0,0,0,1,0.0,0.2,0.001042659156830793,270000.0
10662924,0,0.0,1.0,0.0,1.0,0.0,0.0,0.0,0.0,0.0,0.0,0.0,0.0,0.0,0.0,0.0,0.0,0.0,1.0,0.031632653061224494,0.0,0.09090909090909091,0.0,0.0,2,2,0,1,0,0,0,0,0.0,0.0,0.0,185000.0
10662922,1,0.0,0.0,1.0,0.0,0.0,0.0,0.0,0.0,0.0,1.0,0.0,0.0,0.0,0.0,1.0,0.0,0.0,0.0,0.051020408163265314,0.0,0.09090909090909091,0.0,0.05555555555555555,0,5,0,1,0,0,0,0,0.0,0.0,0.0,145000.0
10662925,0,0.0,1.0,0.0,1.0,0.0,0.0,0.0,0.0,0.0,0.0,0.0,0.0,0.0,0.0,0.0,0.0,0.0,1.0,0.2459183673469388,0.09090909090909091,0.09090909090909091,0.0,0.1111111111111111,3,1,1,1,0,0,0,1,0.0,0.06,0.0,495000.0
10662926,0,0.0,1.0,0.0,0.0,0.0,1.0,0.0,0.0,0.0,0.0,0.0,0.0,0.0,0.0,0.0,0.0,0.0,1.0,0.04693877551020408,0.09090909090909091,0.09090909090909091,0.0,0.05555555555555555,1,2,1,0,0,0,1,1,0.0,0.01,0.0,285000.0
10531855,0,0.0,1.0,0.0,1.0,0.0,0.0,0.0,0.0,0.0,0.0,0.0,0.0,0.0,0.0,0.0,0.0,0.0,1.0,0.09693877551020408,0.09090909090909091,0.09090909090909091,0.0,0.0,0,3,0,0,0,0,0,1,0.0,0.15,0.0,199000.0
10662928,0,0.0,1.0,0.0,1.0,0.0,0.0,0.0,0.0,0.0,0.0,0.0,0.0,0.0,0.0,0.0,0.0,1.0,0.0,0.10918367346938776,0.1818181818181818,0.09090909090909091,0.0,0.05555555555555555,3,2,0,0,0,0,0,1,0.0,0.12,0.0,299000.0
10662932,0,0.0,1.0,0.0,0.0,0.0,0.0,0.0,0.0,1.0,0.0,0.0,0.0,0.0,0.0,0.0,0.0,1.0,0.0,0.06122448979591837,0.09090909090909091,0.09090909090909091,0.0,0.05555555555555555,3,2,0,1,0,0,0,1,0.0,0.16,0.0,238000.0
10662927,1,0.0,0.0,1.0,0.0,0.0,0.0,0.0,0.0,0.0,0.0,0.0,1.0,0.0,0.0,0.0,0.0,0.0,1.0,0.15306122448979595,0.36363636363636365,0.09090909090909091,0.0,0.1111111111111111,5,6,0,1,0,0,0,1,0.0,0.25,0.0,159000.0
10662933,1,0.0,1.0,0.0,0.0,0.0,0.0,0.0,0.0,1.0,0.0,0.0,0.0,0.0,0.0,0.0,0.0,0.0,1.0,0.1275510204081633,0.1818181818181818,0.09090909090909091,0.0,0.1111111111111111,0,1,0,1,0,0,1,1,0.0,0.0,0.00030536983221165706,418000.0
10662929,1,0.0,0.0,1.0,0.0,0.0,0.0,0.0,1.0,0.0,0.0,0.0,0.0,0.0,0.0,0.0,0.0,0.0,1.0,0.21020408163265308,0.36363636363636365,0.09090909090909091,0.07142857142857142,0.0,0,4,0,1,0,0,0,0,0.0,0.0,0.00014213911108951004,210000.0
10662950,1,0.0,1.0,0.0,1.0,0.0,0.0,0.0,0.0,0.0,0.0,0.0,0.0,0.0,0.0,0.0,0.0,0.0,1.0,0.1295918367346939,0.1818181818181818,0.09090909090909091,0.07142857142857142,0.1111111111111111,2,2,0,0,0,0,1,1,0.04,0.15,0.00019257556986320717,440000.0
10662936,1,0.0,1.0,0.0,0.0,0.0,0.0,1.0,0.0,0.0,0.0,0.0,0.0,0.0,0.0,0.0,0.0,0.0,1.0,0.1479591836734694,0.1818181818181818,0.09090909090909091,0.0,0.05555555555555555,3,3,0,1,0,0,0,0,0.0,0.0,0.0013058457689771761,378000.0
10662938,1,0.0,1.0,0.0,0.0,0.0,0.0,1.0,0.0,0.0,0.0,0.0,0.0,0.0,0.0,0.0,0.0,0.0,1.0,0.19897959183673472,0.1818181818181818,0.09090909090909091,0.0,0.1111111111111111,3,3,0,1,0,0,1,1,0.0,0.13,0.0001779031454926771,398000.0
10662937,1,0.0,1.0,0.0,0.0,0.0,0.0,0.0,0.0,1.0,0.0,0.0,0.0,0.0,0.0,0.0,0.0,0.0,1.0,0.15306122448979595,0.1818181818181818,0.09090909090909091,0.0,0.05555555555555555,3,4,0,1,0,0,1,1,0.0,0.0,0.0009096903109728643,378000.0
10662934,0,0.0,1.0,0.0,1.0,0.0,0.0,0.0,0.0,0.0,0.0,0.0,0.0,0.0,0.0,0.0,0.0,0.0,1.0,0.07346938775510206,0.09090909090909091,0.09090909090909091,0.0,0.05555555555555555,3,3,1,1,0,0,0,1,0.0,0.3,0.0,228000.0
10531881,0,0.0,1.0,0.0,0.0,0.0,0.0,0.0,0.0,0.0,0.0,0.0,0.0,0.0,1.0,0.0,0.0,0.0,1.0,0.11530612244897961,0.09090909090909091,0.09090909090909091,0.0,0.05555555555555555,1,1,1,0,0,0,0,1,0.0,0.14,0.0,234000.0
10662957,0,0.0,1.0,0.0,1.0,0.0,0.0,0.0,0.0,0.0,0.0,0.0,0.0,0.0,0.0,0.0,1.0,0.0,0.0,0.051020408163265314,0.0,0.09090909090909091,0.0,0.05555555555555555,0,2,1,1,0,0,0,1,0.0,0.04,0.0,339000.0
10662953,1,0.0,1.0,0.0,1.0,0.0,0.0,0.0,0.0,0.0,0.0,0.0,0.0,0.0,0.0,0.0,1.0,0.0,0.0,0.2418367346938776,0.09090909090909091,0.18181818181818182,0.0,0.16666666666666666,0,6,0,1,0,0,0,0,0.0,0.0,0.00012104750105687307,345000.0
10662967,1,0.0,1.0,0.0,0.0,0.0,1.0,0.0,0.0,0.0,0.0,0.0,0.0,0.0,0.0,0.0,0.0,1.0,0.0,0.11836734693877551,0.09090909090909091,0.09090909090909091,0.0,0.05555555555555555,4,6,0,1,0,0,1,1,0.0,0.0,0.00014213911108951004,224000.0
10662965,1,0.0,1.0,0.0,0.0,0.0,1.0,0.0,0.0,0.0,0.0,0.0,0.0,0.0,0.0,0.0,0.0,0.0,1.0,0.17346938775510207,0.1818181818181818,0.09090909090909091,0.07142857142857142,0.1111111111111111,3,6,0,1,0,0,0,1,0.0,0.1,9.170265231581294e-05,220000.0
10662960,1,0.0,0.0,1.0,0.0,0.0,0.0,0.0,0.0,0.0,1.0,0.0,0.0,0.0,0.0,0.0,1.0,0.0,0.0,0.16122448979591839,0.2727272727272727,0.09090909090909091,0.0,0.1111111111111111,3,5,0,1,0,1,1,1,0.647,0.24,0.0008097344199486282,340000.0
10662969,1,0.0,1.0,0.0,1.0,0.0,0.0,0.0,0.0,0.0,0.0,0.0,0.0,0.0,0.0,0.0,0.0,1.0,0.0,0.10204081632653061,0.09090909090909091,0.09090909090909091,0.0,0.05555555555555555,5,6,0,0,0,0,1,0,0.09,0.0,0.00014213911108951004,238000.0
10662976,1,0.0,1.0,0.0,1.0,0.0,0.0,0.0,0.0,0.0,0.0,0.0,0.0,0.0,0.0,0.0,0.0,0.0,1.0,0.0979591836734694,0.2727272727272727,0.09090909090909091,0.0,0.05555555555555555,4,5,0,1,0,0,1,1,0.0,0.0,0.00019257556986320717,259000.0
10662975,1,0.0,1.0,0.0,1.0,0.0,0.0,0.0,0.0,0.0,0.0,0.0,0.0,0.0,0.0,0.0,0.0,0.0,1.0,0.15510204081632656,0.1818181818181818,0.09090909090909091,0.0,0.05555555555555555,3,6,0,1,0,0,0,0,0.0,0.0,0.0006465036988264812,375000.0
10662974,0,0.0,1.0,0.0,0.0,0.0,0.0,1.0,0.0,0.0,0.0,0.0,0.0,0.0,0.0,1.0,0.0,0.0,0.0,0.08265306122448982,0.09090909090909091,0.09090909090909091,0.0,0.05555555555555555,1,2,1,0,0,0,0,1,0.0,0.05,0.0,465000.0
10662977,1,0.0,1.0,0.0,1.0,0.0,0.0,0.0,0.0,0.0,0.0,0.0,0.0,0.0,0.0,0.0,0.0,0.0,1.0,0.1,0.1818181818181818,0.09090909090909091,0.0,0.05555555555555555,5,6,0,1,0,0,0,1,0.0,0.0,9.628778493160358e-05,199000.0
10662985,0,0.0,1.0,0.0,1.0,0.0,0.0,0.0,0.0,0.0,0.0,0.0,0.0,0.0,0.0,0.0,0.0,0.0,1.0,0.07653061224489796,0.09090909090909091,0.09090909090909091,0.0,0.05555555555555555,1,2,1,1,0,0,0,1,0.0,0.05,0.0,285000.0
10662984,0,0.0,1.0,0.0,1.0,0.0,0.0,0.0,0.0,0.0,0.0,0.0,0.0,0.0,0.0,0.0,0.0,0.0,1.0,0.0816326530612245,0.1818181818181818,0.09090909090909091,0.0,0.05555555555555555,1,5,0,1,0,0,0,1,0.0,0.26,0.0,239000.0
10662986,0,0.0,1.0,0.0,1.0,0.0,0.0,0.0,0.0,0.0,0.0,0.0,0.0,0.0,0.0,0.0,0.0,1.0,0.0,0.04897959183673469,0.0,0.09090909090909091,0.0,0.05555555555555555,3,6,1,1,0,0,0,0,0.0,0.0,0.0,149000.0
10662987,0,0.0,0.0,1.0,0.0,0.0,0.0,0.0,0.0,0.0,0.0,0.0,1.0,0.0,0.0,1.0,0.0,0.0,0.0,0.08469387755102042,0.0,0.09090909090909091,0.07142857142857142,0.05555555555555555,1,4,1,0,0,0,0,0,0.0,0.0,0.0,280000.0
10662992,1,0.0,1.0,0.0,0.0,0.0,0.0,0.0,0.0,0.0,0.0,0.0,0.0,0.0,1.0,1.0,0.0,0.0,0.0,0.06020408163265307,0.09090909090909091,0.0,0.0,0.05555555555555555,6,6,0,1,0,0,1,0,0.015,0.0,6.419185662106905e-05,205000.0
10663003,1,0.0,0.0,1.0,0.0,0.0,0.0,0.0,0.0,0.0,1.0,0.0,0.0,0.0,0.0,0.0,0.0,0.0,1.0,0.10204081632653061,0.1818181818181818,0.09090909090909091,0.0,0.1111111111111111,3,6,0,1,0,0,1,1,0.0,0.0,0.0009206946292507619,229000.0
10662996,0,0.0,1.0,0.0,1.0,0.0,0.0,0.0,0.0,0.0,0.0,0.0,0.0,0.0,0.0,0.0,0.0,0.0,1.0,0.059183673469387764,0.09090909090909091,0.09090909090909091,0.0,0.05555555555555555,3,2,0,0,0,0,0,1,0.0,0.0,0.0,220000.0
10662991,1,0.0,0.0,1.0,0.0,0.0,0.0,0.0,0.0,0.0,0.0,0.0,0.0,1.0,0.0,0.0,0.0,0.0,1.0,0.1785714285714286,0.2727272727272727,0.09090909090909091,0.07142857142857142,0.1111111111111111,3,5,0,1,0,0,1,1,0.6,0.12,0.0006785996271370157,330000.0
10662993,1,0.0,1.0,0.0,0.0,0.0,1.0,0.0,0.0,0.0,0.0,0.0,0.0,0.0,0.0,0.0,0.0,0.0,1.0,0.14285714285714288,0.1818181818181818,0.09090909090909091,0.0,0.05555555555555555,2,0,0,0,0,0,0,0,0.0,0.0,0.0,299000.0
10663010,1,0.0,1.0,0.0,0.0,0.0,1.0,0.0,0.0,0.0,0.0,0.0,0.0,0.0,0.0,0.0,0.0,1.0,0.0,0.163265306122449,0.1818181818181818,0.09090909090909091,0.0,0.1111111111111111,1,3,0,0,1,0,0,0,0.0,0.0,0.00019349259638636528,339000.0
10663008,1,0.0,1.0,0.0,0.0,0.0,0.0,0.0,0.0,0.0,0.0,0.0,0.0,0.0,1.0,0.0,0.0,0.0,1.0,0.13979591836734695,0.2727272727272727,0.09090909090909091,0.0,0.05555555555555555,1,5,0,0,0,0,0,0,0.0,0.0,5.593861791264589e-05,164000.0
10663006,0,0.0,1.0,0.0,0.0,0.0,0.0,1.0,0.0,0.0,0.0,0.0,0.0,0.0,0.0,1.0,0.0,0.0,0.0,0.0163265306122449,0.0,0.09090909090909091,0.0,0.0,3,4,0,0,0,0,0,1,0.0,0.01,0.0,225000.0
10663022,1,0.0,1.0,0.0,0.0,0.0,1.0,0.0,0.0,0.0,0.0,0.0,0.0,0.0,0.0,0.0,0.0,1.0,0.0,0.33571428571428574,0.36363636363636365,0.18181818181818182,0.0,0.1111111111111111,1,2,0,0,0,0,1,1,0.0,0.0,0.0008106514464717863,499000.0
10663013,1,0.0,1.0,0.0,0.0,0.0,1.0,0.0,0.0,0.0,0.0,0.0,0.0,0.0,0.0,0.0,0.0,1.0,0.0,0.22244897959183677,0.09090909090909091,0.09090909090909091,0.0,0.05555555555555555,3,3,0,0,0,0,1,0,0.0,0.0,0.00039523843148115377,339000.0
10663021,1,0.0,1.0,0.0,0.0,0.0,1.0,0.0,0.0,0.0,0.0,0.0,0.0,0.0,0.0,0.0,0.0,0.0,1.0,0.19387755102040818,0.1818181818181818,0.09090909090909091,0.0,0.1111111111111111,1,3,0,0,1,0,0,1,0.0,0.0,0.001283837132421381,375000.0
10663015,1,0.0,1.0,0.0,0.0,0.0,0.0,1.0,0.0,0.0,0.0,0.0,0.0,0.0,0.0,0.0,0.0,0.0,1.0,0.37551020408163266,0.36363636363636365,0.18181818181818182,0.07142857142857142,0.1111111111111111,2,6,0,1,0,0,1,1,0.788,0.8,0.0010298207855065794,895000.0
10663023,1,0.0,1.0,0.0,0.0,0.0,1.0,0.0,0.0,0.0,0.0,0.0,0.0,0.0,0.0,0.0,0.0,1.0,0.0,0.18877551020408165,0.1818181818181818,0.09090909090909091,0.0,0.1111111111111111,5,6,0,0,0,0,1,1,0.0,0.0,0.0004603473146253809,298000.0
10663025,1,0.0,1.0,0.0,0.0,0.0,0.0,0.0,0.0,0.0,0.0,0.0,0.0,0.0,1.0,0.0,0.0,0.0,1.0,0.2255102040816327,0.2727272727272727,0.09090909090909091,0.0,0.1111111111111111,2,6,0,0,0,0,1,1,0.0,0.0,0.0005777267095896215,369000.0
10663029,0,0.0,1.0,0.0,1.0,0.0,0.0,0.0,0.0,0.0,0.0,0.0,0.0,0.0,0.0,0.0,0.0,0.0,1.0,0.07142857142857142,0.09090909090909091,0.09090909090909091,0.07142857142857142,0.05555555555555555,0,4,0,1,0,0,0,1,0.0,0.06,0.0,249000.0
10663027,0,0.0,1.0,0.0,0.0,0.0,1.0,0.0,0.0,0.0,0.0,0.0,0.0,0.0,0.0,0.0,0.0,0.0,1.0,0.05408163265306123,0.09090909090909091,0.09090909090909091,0.0,0.05555555555555555,1,3,1,0,0,0,1,1,0.0,0.0,0.0,245000.0
10663032,1,0.0,0.0,1.0,0.0,0.0,0.0,0.0,0.0,0.0,1.0,0.0,0.0,0.0,0.0,0.0,0.0,0.0,1.0,0.11734693877551022,0.1818181818181818,0.09090909090909091,0.0,0.1111111111111111,1,4,0,1,0,0,1,1,0.85,0.6,0.0007794725446844099,395000.0
10663036,1,0.0,1.0,0.0,1.0,0.0,0.0,0.0,0.0,0.0,0.0,0.0,0.0,0.0,0.0,0.0,0.0,1.0,0.0,0.11020408163265308,0.09090909090909091,0.09090909090909091,0.0,0.1111111111111111,3,5,0,0,0,0,1,0,0.0,0.0,0.00010729210320950113,289000.0
10663044,0,0.0,1.0,0.0,0.0,0.0,1.0,0.0,0.0,0.0,0.0,0.0,0.0,0.0,0.0,0.0,1.0,0.0,0.0,0.06632653061224492,0.09090909090909091,0.09090909090909091,0.0,0.05555555555555555,0,1,0,0,0,0,1,1,0.0,0.13,0.0,320000.0
10663043,1,0.0,1.0,0.0,1.0,0.0,0.0,0.0,0.0,0.0,0.0,0.0,0.0,0.0,0.0,0.0,0.0,0.0,1.0,0.1316326530612245,0.1818181818181818,0.09090909090909091,0.0,0.0,3,2,0,0,0,0,1,0,0.068,0.0,9.170265231581294e-05,327000.0
10663045,0,0.0,1.0,0.0,0.0,0.0,1.0,0.0,0.0,0.0,0.0,0.0,0.0,0.0,0.0,0.0,1.0,0.0,0.0,0.08265306122448982,0.1818181818181818,0.2727272727272727,0.0,0.05555555555555555,0,1,0,0,0,0,1,1,0.0,0.13,0.0,365000.0
10663049,1,0.0,1.0,0.0,0.0,0.0,1.0,0.0,0.0,0.0,0.0,0.0,0.0,0.0,0.0,0.0,0.0,1.0,0.0,0.05000000000000001,0.0,0.09090909090909091,0.0,0.05555555555555555,4,6,0,0,0,0,0,0,0.0,0.0,5.502159138948776e-05,155000.0
10663052,1,0.0,1.0,0.0,0.0,0.0,1.0,0.0,0.0,0.0,0.0,0.0,0.0,0.0,0.0,0.0,0.0,0.0,1.0,0.1142857142857143,0.09090909090909091,0.09090909090909091,0.0,0.05555555555555555,5,6,0,0,0,0,0,0,0.0,0.0,7.886428099159913e-05,129500.0
10663058,0,0.0,1.0,0.0,0.0,0.0,1.0,0.0,0.0,0.0,0.0,0.0,0.0,0.0,0.0,0.0,0.0,1.0,0.0,0.07448979591836735,0.09090909090909091,0.09090909090909091,0.0,0.05555555555555555,0,0,1,0,0,0,1,1,0.0,0.13,0.0,405500.0
10663060,0,0.0,1.0,0.0,0.0,0.0,1.0,0.0,0.0,0.0,0.0,0.0,0.0,0.0,0.0,0.0,0.0,1.0,0.0,0.05408163265306123,0.0,0.09090909090909091,0.0,0.05555555555555555,0,0,1,0,0,0,1,1,0.0,0.19,0.0,288000.0
10663062,0,0.0,1.0,0.0,0.0,0.0,1.0,0.0,0.0,0.0,0.0,0.0,0.0,0.0,0.0,0.0,0.0,1.0,0.0,0.07244897959183674,0.09090909090909091,0.09090909090909091,0.0,0.05555555555555555,0,0,1,0,0,0,1,1,0.0,0.05,0.0,285000.0
10663059,0,0.0,1.0,0.0,0.0,0.0,1.0,0.0,0.0,0.0,0.0,0.0,0.0,0.0,0.0,0.0,0.0,1.0,0.0,0.08673469387755103,0.09090909090909091,0.09090909090909091,0.0,0.05555555555555555,0,0,1,0,0,0,1,1,0.0,0.22,0.0,438000.0
10663063,0,0.0,1.0,0.0,0.0,0.0,1.0,0.0,0.0,0.0,0.0,0.0,0.0,0.0,0.0,0.0,0.0,1.0,0.0,0.07857142857142857,0.09090909090909091,0.09090909090909091,0.0,0.05555555555555555,0,0,1,0,0,0,1,1,0.0,0.2,0.0,350000.0
10663065,0,0.0,1.0,0.0,0.0,0.0,1.0,0.0,0.0,0.0,0.0,0.0,0.0,0.0,0.0,0.0,0.0,1.0,0.0,0.07857142857142857,0.09090909090909091,0.09090909090909091,0.0,0.05555555555555555,0,0,1,0,0,0,1,1,0.0,0.05,0.0,295000.0
10663064,0,0.0,1.0,0.0,0.0,0.0,1.0,0.0,0.0,0.0,0.0,0.0,0.0,0.0,0.0,0.0,0.0,1.0,0.0,0.07244897959183674,0.09090909090909091,0.09090909090909091,0.0,0.05555555555555555,0,0,1,0,0,0,1,1,0.0,0.05,0.0,275000.0
10663068,0,0.0,1.0,0.0,0.0,0.0,1.0,0.0,0.0,0.0,0.0,0.0,0.0,0.0,0.0,0.0,0.0,1.0,0.0,0.07244897959183674,0.09090909090909091,0.09090909090909091,0.0,0.05555555555555555,0,0,1,0,0,0,1,1,0.0,0.25,0.0,290000.0
10663069,0,0.0,1.0,0.0,0.0,0.0,1.0,0.0,0.0,0.0,0.0,0.0,0.0,0.0,0.0,0.0,0.0,1.0,0.0,0.06938775510204082,0.09090909090909091,0.09090909090909091,0.0,0.05555555555555555,0,0,1,0,0,0,1,1,0.0,0.25,0.0,270000.0
10663067,0,0.0,1.0,0.0,0.0,0.0,1.0,0.0,0.0,0.0,0.0,0.0,0.0,0.0,0.0,0.0,0.0,1.0,0.0,0.07857142857142857,0.09090909090909091,0.09090909090909091,0.0,0.05555555555555555,0,0,1,0,0,0,1,1,0.0,0.08,0.0,290000.0
10663066,0,0.0,1.0,0.0,0.0,0.0,1.0,0.0,0.0,0.0,0.0,0.0,0.0,0.0,0.0,0.0,0.0,1.0,0.0,0.04693877551020408,0.0,0.09090909090909091,0.0,0.05555555555555555,0,0,1,0,0,0,1,1,0.0,0.05,0.0,199500.0
10663070,0,0.0,1.0,0.0,0.0,0.0,1.0,0.0,0.0,0.0,0.0,0.0,0.0,0.0,0.0,0.0,0.0,1.0,0.0,0.15408163265306124,0.1818181818181818,0.18181818181818182,0.0,0.1111111111111111,1,0,1,0,0,0,1,1,0.0,0.11,0.0,465000.0
10663071,0,0.0,1.0,0.0,0.0,0.0,1.0,0.0,0.0,0.0,0.0,0.0,0.0,0.0,0.0,0.0,0.0,1.0,0.0,0.06326530612244899,0.0,0.09090909090909091,0.0,0.05555555555555555,1,0,1,0,0,0,1,1,0.0,0.07,0.0,245000.0
10663075,0,0.0,1.0,0.0,0.0,0.0,1.0,0.0,0.0,0.0,0.0,0.0,0.0,0.0,0.0,0.0,0.0,1.0,0.0,0.07551020408163267,0.09090909090909091,0.09090909090909091,0.0,0.05555555555555555,0,1,1,0,0,0,1,1,0.0,0.13,0.0,363825.0
10663074,0,0.0,1.0,0.0,0.0,0.0,1.0,0.0,0.0,0.0,0.0,0.0,0.0,0.0,0.0,0.0,0.0,1.0,0.0,0.05204081632653062,0.0,0.09090909090909091,0.0,0.0,0,0,1,0,0,0,1,1,0.0,0.18,0.0,230000.0
10663073,0,0.0,1.0,0.0,0.0,0.0,1.0,0.0,0.0,0.0,0.0,0.0,0.0,0.0,0.0,0.0,0.0,1.0,0.0,0.12448979591836737,0.1818181818181818,0.09090909090909091,0.0,0.05555555555555555,0,0,1,0,0,0,1,1,0.0,0.12,0.0,355000.0
10663072,0,0.0,1.0,0.0,0.0,0.0,1.0,0.0,0.0,0.0,0.0,0.0,0.0,0.0,0.0,0.0,0.0,1.0,0.0,0.06326530612244899,0.0,0.09090909090909091,0.0,0.05555555555555555,0,0,1,0,0,0,1,1,0.0,0.13,0.0,250000.0
10663076,0,0.0,1.0,0.0,0.0,0.0,1.0,0.0,0.0,0.0,0.0,0.0,0.0,0.0,0.0,0.0,0.0,1.0,0.0,0.0836734693877551,0.09090909090909091,0.09090909090909091,0.0,0.05555555555555555,0,1,1,0,0,0,1,1,0.034,0.14,0.0,334370.0
10663079,1,0.0,1.0,0.0,0.0,0.0,0.0,0.0,0.0,0.0,0.0,0.0,0.0,0.0,1.0,0.0,0.0,0.0,1.0,0.17448979591836736,0.1818181818181818,0.09090909090909091,0.0,0.0,0,1,0,0,0,0,1,0,0.0,0.0,0.00038515113972641433,572000.0
10663086,1,0.0,1.0,0.0,0.0,0.0,0.0,0.0,0.0,0.0,0.0,0.0,0.0,0.0,1.0,0.0,0.0,0.0,1.0,0.10204081632653061,0.1818181818181818,0.09090909090909091,0.0,0.05555555555555555,0,1,0,0,0,0,1,1,0.0,0.0,0.0003292125218137684,300000.0
10663083,0,0.0,1.0,0.0,0.0,0.0,0.0,0.0,0.0,0.0,0.0,0.0,0.0,0.0,1.0,0.0,0.0,1.0,0.0,0.05306122448979592,0.0,0.0,0.0,0.0,0,4,0,0,0,0,0,0,0.0,0.0,0.0,479000.0
10663087,1,0.0,1.0,0.0,0.0,0.0,0.0,0.0,0.0,0.0,0.0,0.0,0.0,0.0,1.0,0.0,0.0,0.0,1.0,0.1653061224489796,0.2727272727272727,0.09090909090909091,0.0,0.1111111111111111,1,2,0,0,0,0,1,1,0.125,0.5,0.000233841763405323,258000.0
10663091,1,0.0,1.0,0.0,0.0,0.0,0.0,0.0,0.0,0.0,0.0,0.0,0.0,0.0,1.0,0.0,0.0,1.0,0.0,0.1653061224489796,0.36363636363636365,0.18181818181818182,0.0,0.16666666666666666,1,2,0,1,0,0,1,0,0.0,0.0,0.00013296884585792875,1250000.0
10663090,0,0.0,1.0,0.0,0.0,0.0,0.0,0.0,0.0,0.0,0.0,0.0,0.0,0.0,1.0,0.0,0.0,1.0,0.0,0.06020408163265307,0.09090909090909091,0.09090909090909091,0.0,0.05555555555555555,0,1,0,0,0,0,1,1,0.0,0.0,0.0,1165000.0
10663088,0,0.0,1.0,0.0,1.0,0.0,0.0,0.0,0.0,0.0,0.0,0.0,0.0,0.0,0.0,0.0,0.0,1.0,0.0,0.13469387755102044,0.09090909090909091,0.09090909090909091,0.0,0.05555555555555555,1,2,0,1,0,0,0,1,0.0,0.0,0.0,365000.0
10663125,1,0.0,1.0,0.0,1.0,0.0,0.0,0.0,0.0,0.0,0.0,0.0,0.0,0.0,0.0,0.0,0.0,0.0,1.0,0.27448979591836736,0.1818181818181818,0.2727272727272727,0.21428571428571427,0.16666666666666666,1,0,0,1,0,0,1,0,0.0,0.0,0.0035553118302840674,1595000.0
10663119,0,0.0,1.0,0.0,1.0,0.0,0.0,0.0,0.0,0.0,0.0,0.0,0.0,0.0,0.0,0.0,0.0,0.0,1.0,0.09285714285714286,0.09090909090909091,0.09090909090909091,0.0,0.05555555555555555,3,2,1,0,0,0,1,0,0.0,0.0,0.0,265000.0
10663120,0,0.0,0.0,1.0,0.0,0.0,0.0,0.0,0.0,0.0,1.0,0.0,0.0,0.0,0.0,0.0,0.0,0.0,1.0,0.1836734693877551,0.4545454545454545,0.0,0.0,0.0,6,0,0,0,0,0,0,0,0.0,0.0,0.0,195000.0
10663124,1,0.0,1.0,0.0,0.0,0.0,0.0,1.0,0.0,0.0,0.0,0.0,0.0,0.0,0.0,0.0,0.0,0.0,1.0,0.27448979591836736,0.1818181818181818,0.2727272727272727,0.21428571428571427,0.16666666666666666,1,0,0,1,0,0,1,0,0.0,0.0,0.0035553118302840674,1595000.0
10663133,0,0.0,1.0,0.0,1.0,0.0,0.0,0.0,0.0,0.0,0.0,0.0,0.0,0.0,0.0,0.0,0.0,1.0,0.0,0.05000000000000001,0.0,0.09090909090909091,0.0,0.05555555555555555,0,0,1,1,0,0,1,1,0.0,0.35000000000000003,0.0,279032.0
10663131,1,0.0,1.0,0.0,1.0,0.0,0.0,0.0,0.0,0.0,0.0,0.0,0.0,0.0,0.0,0.0,0.0,0.0,1.0,0.2795918367346939,0.2727272727272727,0.18181818181818182,0.0,0.16666666666666666,1,4,0,1,0,0,1,1,0.646,0.5,0.0010600826607707976,799000.0
10663134,0,0.0,1.0,0.0,1.0,0.0,0.0,0.0,0.0,0.0,0.0,0.0,0.0,0.0,0.0,0.0,0.0,1.0,0.0,0.07346938775510206,0.09090909090909091,0.0,0.0,0.0,0,0,1,1,0,0,1,1,0.0,0.2,0.0,288961.0
10663130,1,0.0,1.0,0.0,1.0,0.0,0.0,0.0,0.0,0.0,0.0,0.0,0.0,0.0,0.0,0.0,0.0,1.0,0.0,0.15408163265306124,0.36363636363636365,0.09090909090909091,0.0,0.1111111111111111,3,3,0,1,0,0,1,0,0.066,0.0,0.0,373500.0
10663140,1,0.0,1.0,0.0,0.0,0.0,0.0,0.0,0.0,0.0,0.0,0.0,0.0,0.0,1.0,0.0,0.0,0.0,1.0,0.18469387755102043,0.2727272727272727,0.18181818181818182,0.0,0.05555555555555555,2,3,0,0,0,0,1,1,0.0,0.0,0.00016781585373793766,439000.0
10663135,0,0.0,1.0,0.0,1.0,0.0,0.0,0.0,0.0,0.0,0.0,0.0,0.0,0.0,0.0,0.0,0.0,1.0,0.0,0.057142857142857155,0.0,0.09090909090909091,0.0,0.0,0,0,1,1,0,0,1,1,0.0,0.12,0.0,238452.0
10663138,0,0.0,1.0,0.0,1.0,0.0,0.0,0.0,0.0,0.0,0.0,0.0,0.0,0.0,0.0,0.0,0.0,1.0,0.0,0.04183673469387755,0.0,0.0,0.0,0.0,0,0,1,1,0,0,0,1,0.0,0.26,0.0,227595.0
10663136,0,0.0,1.0,0.0,1.0,0.0,0.0,0.0,0.0,0.0,0.0,0.0,0.0,0.0,0.0,0.0,0.0,1.0,0.0,0.07244897959183674,0.09090909090909091,0.0,0.0,0.0,0,0,1,1,0,0,0,1,0.0,0.1,0.0,282022.0
10663137,0,0.0,1.0,0.0,1.0,0.0,0.0,0.0,0.0,0.0,0.0,0.0,0.0,0.0,0.0,0.0,0.0,1.0,0.0,0.07653061224489796,0.09090909090909091,0.0,0.0,0.0,0,0,1,1,0,0,0,1,0.0,0.1,0.0,283022.0
10663139,0,0.0,1.0,0.0,1.0,0.0,0.0,0.0,0.0,0.0,0.0,0.0,0.0,0.0,0.0,0.0,0.0,1.0,0.0,0.039795918367346944,0.0,0.09090909090909091,0.0,0.05555555555555555,0,0,1,1,0,0,0,1,0.0,0.26,0.0,228544.0
10663141,0,0.0,1.0,0.0,0.0,0.0,0.0,0.0,0.0,0.0,0.0,0.0,0.0,0.0,1.0,0.0,0.0,0.0,1.0,0.10816326530612247,0.1818181818181818,0.18181818181818182,0.0,0.05555555555555555,0,0,1,0,0,0,0,1,0.0,0.0,0.0,479400.0
10663142,0,0.0,1.0,0.0,1.0,0.0,0.0,0.0,0.0,0.0,0.0,0.0,0.0,0.0,0.0,0.0,0.0,1.0,0.0,0.07653061224489796,0.09090909090909091,0.0,0.0,0.0,0,0,1,1,0,0,0,1,0.0,0.42,0.0,376855.0
10663143,0,0.0,1.0,0.0,1.0,0.0,0.0,0.0,0.0,0.0,0.0,0.0,0.0,0.0,0.0,0.0,0.0,1.0,0.0,0.04795918367346939,0.0,0.0,0.0,0.0,0,0,1,1,0,0,1,1,0.0,0.08,0.0,199902.0
10663146,0,0.0,1.0,0.0,1.0,0.0,0.0,0.0,0.0,0.0,0.0,0.0,0.0,0.0,0.0,0.0,0.0,1.0,0.0,0.07244897959183674,0.09090909090909091,0.09090909090909091,0.0,0.05555555555555555,0,0,1,1,0,0,1,1,0.0,0.16,0.0,286981.0
10663147,0,0.0,1.0,0.0,1.0,0.0,0.0,0.0,0.0,0.0,0.0,0.0,0.0,0.0,0.0,0.0,0.0,1.0,0.0,0.07346938775510206,0.09090909090909091,0.0,0.0,0.0,0,0,1,1,0,0,0,1,0.0,0.13,0.0,291981.0
10663144,0,0.0,1.0,0.0,0.0,0.0,0.0,0.0,0.0,0.0,0.0,0.0,0.0,0.0,1.0,0.0,0.0,0.0,1.0,0.03571428571428572,0.09090909090909091,0.09090909090909091,0.0,0.0,0,3,1,0,0,0,0,1,0.0,0.0,0.0,190000.0
10663172,1,0.0,1.0,0.0,1.0,0.0,0.0,0.0,0.0,0.0,0.0,0.0,0.0,0.0,0.0,0.0,0.0,0.0,1.0,0.21938775510204084,0.36363636363636365,0.0,0.0,0.1111111111111111,1,3,0,0,0,0,1,0,0.0,0.0,0.0002751079569474388,479000.0
10138862,1,0.0,0.0,1.0,0.0,0.0,0.0,0.0,0.0,0.0,0.0,0.0,1.0,0.0,0.0,0.0,0.0,0.0,1.0,0.051020408163265314,0.09090909090909091,0.0,0.07142857142857142,0.1111111111111111,0,6,0,0,0,0,0,0,0.0,0.0,0.0,149000.0
10532100,1,0.0,0.0,1.0,0.0,0.0,0.0,0.0,0.0,0.0,1.0,0.0,0.0,0.0,0.0,0.0,0.0,1.0,0.0,0.08979591836734696,0.1818181818181818,0.09090909090909091,0.0,0.05555555555555555,3,5,0,0,0,0,0,0,0.0,0.0,0.0,295000.0
10663207,1,0.0,1.0,0.0,0.0,0.0,1.0,0.0,0.0,0.0,0.0,0.0,0.0,0.0,0.0,0.0,0.0,1.0,0.0,0.13877551020408166,0.2727272727272727,0.18181818181818182,0.0,0.05555555555555555,0,2,0,0,0,0,1,0,0.0,0.0,0.0001283837132421381,335000.0
10663191,1,0.0,0.0,1.0,0.0,0.0,0.0,0.0,0.0,0.0,1.0,0.0,0.0,0.0,0.0,0.0,0.0,0.0,1.0,0.1836734693877551,0.4545454545454545,0.0,0.0,0.0,6,0,0,0,0,0,1,0,0.0,0.0,0.0002815271426095457,195000.0
10663209,0,0.0,1.0,0.0,0.0,0.0,1.0,0.0,0.0,0.0,0.0,0.0,0.0,0.0,0.0,0.0,0.0,1.0,0.0,0.09285714285714286,0.1818181818181818,0.09090909090909091,0.0,0.0,1,3,0,0,0,0,0,0,0.0,0.0,0.0,214000.0
10401083,1,0.0,1.0,0.0,0.0,0.0,1.0,0.0,0.0,0.0,0.0,0.0,0.0,0.0,0.0,0.0,0.0,0.0,1.0,0.09387755102040818,0.1818181818181818,0.09090909090909091,0.0,0.1111111111111111,4,5,0,0,0,0,1,1,0.498,0.0,0.0005502159138948776,259000.0
10663241,1,0.0,1.0,0.0,0.0,0.0,1.0,0.0,0.0,0.0,0.0,0.0,0.0,0.0,0.0,0.0,0.0,0.0,1.0,0.3163265306122449,0.1818181818181818,0.09090909090909091,0.0,0.1111111111111111,4,3,0,1,0,0,1,1,0.0,0.0,0.00033929981356850786,399000.0
10663242,1,0.0,1.0,0.0,0.0,0.0,1.0,0.0,0.0,0.0,0.0,0.0,0.0,0.0,0.0,0.0,0.0,1.0,0.0,0.18775510204081636,0.2727272727272727,0.09090909090909091,0.0,0.0,0,0,0,0,0,0,1,0,0.0,0.0,0.0003227933361516615,525000.0
10663244,1,0.0,1.0,0.0,0.0,0.0,1.0,0.0,0.0,0.0,0.0,0.0,0.0,0.0,0.0,0.0,0.0,0.0,1.0,0.18877551020408165,0.2727272727272727,0.09090909090909091,0.0,0.0,0,0,0,0,0,0,1,0,0.0,0.0,0.0004502600228706415,547000.0
10663243,1,0.0,1.0,0.0,0.0,0.0,1.0,0.0,0.0,0.0,0.0,0.0,0.0,0.0,0.0,0.0,0.0,1.0,0.0,0.20102040816326533,0.2727272727272727,0.09090909090909091,0.0,0.0,0,0,0,0,0,0,1,0,0.0,0.0,0.0003292125218137684,552000.0
10663248,0,0.0,1.0,0.0,1.0,0.0,0.0,0.0,0.0,0.0,0.0,0.0,0.0,0.0,0.0,0.0,0.0,1.0,0.0,0.09489795918367347,0.1818181818181818,0.09090909090909091,0.0,0.05555555555555555,5,2,0,1,0,0,0,1,0.0,0.09,0.0,159000.0
10663246,1,0.0,1.0,0.0,0.0,0.0,0.0,0.0,0.0,0.0,0.0,0.0,0.0,0.0,1.0,0.0,0.0,1.0,0.0,0.11020408163265308,0.1818181818181818,0.09090909090909091,0.0,0.1111111111111111,1,0,0,0,0,0,1,1,0.025,0.25,8.161536056107351e-05,295000.0
10663249,1,0.0,1.0,0.0,1.0,0.0,0.0,0.0,0.0,0.0,0.0,0.0,0.0,0.0,0.0,0.0,0.0,0.0,1.0,0.12653061224489798,0.1818181818181818,0.09090909090909091,0.0,0.05555555555555555,4,6,0,1,1,0,1,1,0.0,0.0,0.0015635302219846104,384000.0
10663245,1,0.0,1.0,0.0,0.0,0.0,1.0,0.0,0.0,0.0,0.0,0.0,0.0,0.0,0.0,0.0,0.0,0.0,1.0,0.18877551020408165,0.2727272727272727,0.09090909090909091,0.0,0.0,0,0,0,0,0,0,1,0,0.0,0.0,0.0002751079569474388,495000.0
10663250,1,0.0,1.0,0.0,1.0,0.0,0.0,0.0,0.0,0.0,0.0,0.0,0.0,0.0,0.0,0.0,0.0,0.0,1.0,0.15714285714285717,0.1818181818181818,0.09090909090909091,0.0,0.1111111111111111,1,2,0,1,0,0,1,1,0.0,0.0,0.0002439290551600624,409000.0
10663251,0,0.0,1.0,0.0,0.0,0.0,1.0,0.0,0.0,0.0,0.0,0.0,0.0,0.0,0.0,1.0,0.0,0.0,0.0,0.09183673469387757,0.09090909090909091,0.09090909090909091,0.0,0.1111111111111111,2,2,1,0,0,0,0,1,0.0,0.06,0.0,465000.0
10663255,0,0.0,1.0,0.0,1.0,0.0,0.0,0.0,0.0,0.0,0.0,0.0,0.0,0.0,0.0,0.0,0.0,0.0,1.0,0.07346938775510206,0.09090909090909091,0.09090909090909091,0.0,0.0,3,1,1,0,0,0,0,1,0.0,0.3,0.0,329000.0
10663253,1,0.0,1.0,0.0,1.0,0.0,0.0,0.0,0.0,0.0,0.0,0.0,0.0,0.0,0.0,0.0,0.0,0.0,1.0,0.12653061224489798,0.1818181818181818,0.09090909090909091,0.0,0.0,5,3,0,0,0,0,0,0,0.0,0.0,0.00017606909244636084,372000.0
10663256,0,0.0,1.0,0.0,0.0,0.0,0.0,0.0,0.0,1.0,0.0,0.0,0.0,0.0,0.0,0.0,0.0,0.0,1.0,0.10510204081632654,0.09090909090909091,0.09090909090909091,0.0,0.0,3,1,1,0,0,0,0,1,0.0,0.0,0.0,315000.0
10663258,1,0.0,1.0,0.0,0.0,0.0,0.0,0.0,0.0,0.0,0.0,0.0,0.0,0.0,1.0,0.0,0.0,1.0,0.0,0.1836734693877551,0.1818181818181818,0.09090909090909091,0.0,0.0,3,0,0,0,0,0,0,0,0.0,0.0,0.00018707341072425837,469000.0
10663254,1,0.0,1.0,0.0,0.0,0.0,0.0,0.0,0.0,0.0,0.0,0.0,0.0,0.0,1.0,0.0,0.0,1.0,0.0,0.1479591836734694,0.09090909090909091,0.09090909090909091,0.0,0.0,5,6,0,0,0,0,0,0,0.0,0.0,0.000368644662309568,175000.0
10663261,1,0.0,1.0,0.0,0.0,0.0,0.0,1.0,0.0,0.0,0.0,0.0,0.0,0.0,0.0,0.0,0.0,0.0,1.0,0.2653061224489796,0.1818181818181818,0.2727272727272727,0.21428571428571427,0.0,3,3,0,1,0,0,0,1,0.0,0.0,0.0003026187526421827,399000.0
10663257,1,0.0,1.0,0.0,0.0,0.0,0.0,0.0,0.0,0.0,0.0,0.0,0.0,0.0,1.0,0.0,0.0,1.0,0.0,0.1836734693877551,0.1818181818181818,0.09090909090909091,0.0,0.0,3,0,0,0,0,0,0,0,0.0,0.0,0.00022283744512742543,469000.0
10663260,1,0.0,1.0,0.0,0.0,0.0,0.0,1.0,0.0,0.0,0.0,0.0,0.0,0.0,0.0,0.0,0.0,0.0,1.0,0.18571428571428575,0.2727272727272727,0.09090909090909091,0.0,0.0,0,5,0,0,0,0,1,0,1.0,0.0,0.0011747109761655638,520000.0
10663268,1,0.0,1.0,0.0,0.0,0.0,1.0,0.0,0.0,0.0,0.0,0.0,0.0,0.0,0.0,0.0,0.0,0.0,1.0,0.2091836734693878,0.1818181818181818,0.09090909090909091,0.0,0.1111111111111111,1,0,0,0,0,0,1,0,0.12,0.0,0.0003026187526421827,479000.0
10663269,0,0.0,1.0,0.0,1.0,0.0,0.0,0.0,0.0,0.0,0.0,0.0,0.0,0.0,0.0,0.0,0.0,0.0,1.0,0.11836734693877551,0.1818181818181818,0.0,0.0,0.1111111111111111,1,0,1,0,0,0,0,1,0.0,0.11,0.0,520000.0
10663274,0,0.0,1.0,0.0,0.0,0.0,0.0,0.0,0.0,0.0,0.0,0.0,0.0,0.0,1.0,0.0,0.0,1.0,0.0,0.0673469387755102,0.09090909090909091,0.09090909090909091,0.07142857142857142,0.0,5,1,1,0,0,0,0,1,0.0,0.05,0.0,540000.0
10663277,0,0.0,1.0,0.0,1.0,0.0,0.0,0.0,0.0,0.0,0.0,0.0,0.0,0.0,0.0,0.0,0.0,1.0,0.0,0.08265306122448982,0.1818181818181818,0.09090909090909091,0.0,0.05555555555555555,3,2,0,0,0,0,0,1,0.0,0.0,0.0,230000.0
10663272,0,0.0,1.0,0.0,0.0,0.0,0.0,0.0,0.0,0.0,0.0,0.0,0.0,0.0,1.0,0.0,0.0,0.0,1.0,0.01122448979591837,0.0,0.09090909090909091,0.0,0.05555555555555555,1,3,1,0,0,0,0,0,0.0,0.0,0.0,245000.0
10663275,1,0.0,1.0,0.0,0.0,0.0,1.0,0.0,0.0,0.0,0.0,0.0,0.0,0.0,0.0,1.0,0.0,0.0,0.0,0.1275510204081633,0.2727272727272727,0.09090909090909091,0.0,0.05555555555555555,2,4,0,0,0,0,1,0,0.0,0.0,6.694293619054345e-05,319000.0
10663276,0,0.0,1.0,0.0,1.0,0.0,0.0,0.0,0.0,0.0,0.0,0.0,0.0,0.0,0.0,0.0,0.0,1.0,0.0,0.05816326530612246,0.09090909090909091,0.09090909090909091,0.0,0.05555555555555555,1,2,0,0,0,0,0,1,0.0,0.0,0.0,245000.0
10663279,0,0.0,1.0,0.0,0.0,0.0,1.0,0.0,0.0,0.0,0.0,0.0,0.0,0.0,0.0,1.0,0.0,0.0,0.0,0.08979591836734696,0.09090909090909091,0.09090909090909091,0.0,0.05555555555555555,4,5,1,0,0,0,0,1,0.0,0.0,0.0,260000.0
10663283,1,0.0,1.0,0.0,0.0,0.0,1.0,0.0,0.0,0.0,0.0,0.0,0.0,0.0,0.0,0.0,0.0,0.0,1.0,0.11938775510204083,0.1818181818181818,0.09090909090909091,0.0,0.05555555555555555,5,6,0,0,0,0,0,0,0.0,0.0,0.0,249500.0
10663280,0,0.0,1.0,0.0,0.0,0.0,1.0,0.0,0.0,0.0,0.0,0.0,0.0,0.0,0.0,1.0,0.0,0.0,0.0,0.1479591836734694,0.1818181818181818,0.09090909090909091,0.0,0.05555555555555555,4,3,1,0,0,0,0,0,0.0,0.0,0.0,320000.0
10663294,0,0.0,1.0,0.0,0.0,0.0,0.0,0.0,0.0,0.0,0.0,0.0,0.0,0.0,1.0,0.0,0.0,0.0,1.0,0.11734693877551022,0.09090909090909091,0.18181818181818182,0.0,0.1111111111111111,1,1,1,0,0,0,0,1,0.0,0.35000000000000003,0.0,489000.0
10663288,1,0.0,1.0,0.0,0.0,0.0,0.0,0.0,0.0,0.0,0.0,0.0,0.0,0.0,1.0,0.0,0.0,1.0,0.0,0.2448979591836735,0.5454545454545454,0.2727272727272727,0.0,0.2222222222222222,3,3,1,0,0,0,1,1,0.0,0.0,0.0003136230709200802,370000.0
10663286,0,0.0,1.0,0.0,0.0,0.0,0.0,0.0,0.0,0.0,0.0,0.0,0.0,0.0,1.0,0.0,0.0,0.0,1.0,0.07857142857142857,0.1818181818181818,0.0,0.0,0.0,1,2,0,0,0,0,0,0,0.0,0.0,0.0,175000.0
10663291,1,0.0,1.0,0.0,0.0,0.0,1.0,0.0,0.0,0.0,0.0,0.0,0.0,0.0,0.0,0.0,1.0,0.0,0.0,0.23673469387755106,0.1818181818181818,0.09090909090909091,0.0,0.1111111111111111,5,6,0,0,0,0,0,0,0.0,0.0,0.0005401286221401382,439000.0
10663293,1,0.0,1.0,0.0,0.0,0.0,0.0,0.0,0.0,0.0,0.0,0.0,0.0,0.0,1.0,0.0,0.0,0.0,1.0,0.14285714285714288,0.1818181818181818,0.0,0.0,0.1111111111111111,0,0,0,0,0,0,0,1,0.0,0.0,0.0003649765562169355,329000.0
10663287,0,0.0,1.0,0.0,0.0,0.0,0.0,0.0,0.0,0.0,0.0,0.0,0.0,0.0,1.0,0.0,0.0,1.0,0.0,0.13979591836734695,0.2727272727272727,0.09090909090909091,0.0,0.1111111111111111,3,4,1,0,0,0,1,1,0.0,0.78,0.0,199000.0
10663297,1,0.0,1.0,0.0,0.0,0.0,1.0,0.0,0.0,0.0,0.0,0.0,0.0,0.0,0.0,0.0,0.0,0.0,1.0,0.213265306122449,0.1818181818181818,0.18181818181818182,0.0,0.0,0,6,0,0,0,0,0,1,0.0,0.0,0.006914379984612295,699000.0
10663285,0,0.0,1.0,0.0,0.0,0.0,0.0,0.0,0.0,0.0,0.0,0.0,0.0,0.0,1.0,0.0,0.0,1.0,0.0,0.08469387755102042,0.1818181818181818,0.09090909090909091,0.0,0.1111111111111111,3,3,1,0,0,0,1,1,0.0,0.0,0.0,171000.0
10663307,1,0.0,1.0,0.0,0.0,0.0,0.0,0.0,0.0,0.0,0.0,0.0,0.0,0.0,1.0,0.0,0.0,0.0,1.0,0.15204081632653063,0.1818181818181818,0.09090909090909091,0.0,0.1111111111111111,1,3,0,0,0,0,1,1,0.0,0.0,0.0001724009863537283,299500.0
10663321,0,0.0,1.0,0.0,0.0,0.0,0.0,0.0,0.0,0.0,0.0,0.0,0.0,0.0,1.0,0.0,0.0,1.0,0.0,0.06632653061224492,0.09090909090909091,0.09090909090909091,0.0,0.0,1,1,1,0,0,0,0,1,0.0,0.0,0.0,575000.0
10663317,1,0.0,0.0,1.0,0.0,0.0,0.0,0.0,0.0,0.0,1.0,0.0,0.0,0.0,0.0,0.0,0.0,0.0,1.0,0.17244897959183675,0.36363636363636365,0.18181818181818182,0.0,0.0,3,4,0,0,0,0,1,1,0.7000000000000001,0.0,0.0007537958020359824,328000.0
10663324,1,0.0,0.0,1.0,0.0,0.0,0.0,0.0,1.0,0.0,0.0,0.0,0.0,0.0,0.0,0.0,0.0,1.0,0.0,0.10714285714285715,0.2727272727272727,0.09090909090909091,0.0,0.05555555555555555,3,4,0,0,0,0,1,0,0.0,0.0,0.00033012954833692656,220000.0
10663320,0,0.0,1.0,0.0,0.0,0.0,0.0,0.0,0.0,0.0,0.0,0.0,0.0,0.0,1.0,0.0,0.0,1.0,0.0,0.051020408163265314,0.09090909090909091,0.09090909090909091,0.0,0.0,1,2,1,0,0,0,0,1,0.0,0.0,0.0,435000.0
10663331,1,0.0,1.0,0.0,0.0,0.0,0.0,0.0,0.0,1.0,0.0,0.0,0.0,0.0,0.0,0.0,0.0,0.0,1.0,0.2683673469387755,0.2727272727272727,0.09090909090909091,0.0,0.05555555555555555,1,6,0,0,0,0,1,1,0.0,0.0,0.0016075474950962008,499000.0
10663332,1,0.0,1.0,0.0,0.0,0.0,1.0,0.0,0.0,0.0,0.0,0.0,0.0,0.0,0.0,0.0,0.0,1.0,0.0,0.08469387755102042,0.1818181818181818,0.09090909090909091,0.0,0.05555555555555555,3,6,0,0,0,0,0,0,0.0,0.0,0.0004878581103201248,179000.0
10663333,1,0.0,1.0,0.0,1.0,0.0,0.0,0.0,0.0,0.0,0.0,0.0,0.0,0.0,0.0,0.0,0.0,0.0,1.0,0.16734693877551024,0.1818181818181818,0.0,0.07142857142857142,0.05555555555555555,5,6,0,1,0,0,1,0,0.0,0.0,0.0004988624285980224,225000.0
10663335,1,0.0,1.0,0.0,0.0,0.0,1.0,0.0,0.0,0.0,0.0,0.0,0.0,0.0,0.0,0.0,0.0,1.0,0.0,0.08469387755102042,0.09090909090909091,0.09090909090909091,0.0,0.05555555555555555,3,6,0,0,0,0,0,0,0.0,0.0,0.0004878581103201248,179000.0
10663344,0,0.0,1.0,0.0,0.0,0.0,0.0,0.0,0.0,0.0,0.0,0.0,0.0,0.0,1.0,0.0,0.0,1.0,0.0,0.10714285714285715,0.1818181818181818,0.09090909090909091,0.0,0.0,1,2,0,0,0,0,1,0,0.0,0.0,0.0,429000.0
10663347,0,0.0,1.0,0.0,1.0,0.0,0.0,0.0,0.0,0.0,0.0,0.0,0.0,0.0,0.0,0.0,0.0,0.0,1.0,0.06224489795918368,0.09090909090909091,0.09090909090909091,0.0,0.0,2,4,0,0,0,0,0,0,0.0,0.0,0.0,255000.0
10663338,1,0.0,1.0,0.0,0.0,0.0,1.0,0.0,0.0,0.0,0.0,0.0,0.0,0.0,0.0,0.0,0.0,0.0,1.0,0.0979591836734694,0.09090909090909091,0.09090909090909091,0.0,0.05555555555555555,1,2,0,0,0,0,0,1,0.0,0.0,7.244509532949221e-05,219000.0
10663346,0,0.0,1.0,0.0,1.0,0.0,0.0,0.0,0.0,0.0,0.0,0.0,0.0,0.0,0.0,1.0,0.0,0.0,0.0,0.023469387755102045,0.0,0.09090909090909091,0.0,0.0,0,5,0,0,0,0,1,1,0.0,0.03,0.0,218000.0
10663343,1,0.0,1.0,0.0,0.0,0.0,1.0,0.0,0.0,0.0,0.0,0.0,0.0,0.0,0.0,0.0,0.0,1.0,0.0,0.1928571428571429,0.1818181818181818,0.18181818181818182,0.0,0.1111111111111111,1,4,0,0,0,0,1,0,0.0,0.0,0.0005960672400527841,549000.0
10663350,1,0.0,1.0,0.0,0.0,0.0,0.0,1.0,0.0,0.0,0.0,0.0,0.0,0.0,0.0,0.0,0.0,1.0,0.0,0.10204081632653061,0.1818181818181818,0.09090909090909091,0.0,0.05555555555555555,5,6,0,0,0,0,1,0,0.59,0.0,0.0007794725446844099,130000.0
10663352,0,0.0,1.0,0.0,1.0,0.0,0.0,0.0,0.0,0.0,0.0,0.0,0.0,0.0,0.0,0.0,1.0,0.0,0.0,0.07551020408163267,0.09090909090909091,0.09090909090909091,0.0,0.05555555555555555,0,3,1,0,0,0,0,1,0.0,0.2,0.0,185000.0
10663365,0,0.0,1.0,0.0,0.0,0.0,1.0,0.0,0.0,0.0,0.0,0.0,0.0,0.0,0.0,0.0,0.0,0.0,1.0,0.02755102040816327,0.0,0.09090909090909091,0.0,0.0,0,0,1,0,0,0,1,1,0.0,0.21,0.0,138000.0
10663367,0,0.0,0.0,1.0,0.0,0.0,0.0,0.0,0.0,0.0,0.0,0.0,1.0,0.0,0.0,0.0,1.0,0.0,0.0,0.14081632653061227,0.2727272727272727,0.18181818181818182,0.0,0.05555555555555555,0,4,0,0,0,0,1,0,0.0,0.0,0.0,250000.0
10663369,1,0.0,1.0,0.0,0.0,0.0,0.0,0.0,0.0,0.0,0.0,0.0,0.0,0.0,1.0,0.0,0.0,0.0,1.0,0.14285714285714288,0.2727272727272727,0.09090909090909091,0.0,0.1111111111111111,1,3,0,0,0,0,1,1,0.0,0.0,0.00029253146088744324,320000.0
10663371,0,0.0,1.0,0.0,0.0,0.0,0.0,0.0,0.0,0.0,0.0,0.0,0.0,0.0,1.0,0.0,0.0,0.0,1.0,0.06020408163265307,0.09090909090909091,0.09090909090909091,0.0,0.0,2,3,1,0,0,0,0,1,0.0,0.63,0.0,625000.0
10663389,0,0.0,1.0,0.0,0.0,0.0,0.0,0.0,0.0,0.0,0.0,0.0,0.0,0.0,1.0,0.0,0.0,1.0,0.0,0.08775510204081632,0.09090909090909091,0.09090909090909091,0.0,0.05555555555555555,4,3,1,0,0,0,0,1,0.0,0.0,0.0,325000.0
10663370,1,0.0,1.0,0.0,0.0,0.0,0.0,0.0,0.0,0.0,0.0,0.0,0.0,0.0,1.0,0.0,0.0,1.0,0.0,0.13877551020408166,0.0,0.09090909090909091,0.0,0.05555555555555555,2,2,0,0,0,0,1,1,0.0,0.16,7.611320142212473e-05,315000.0
10663388,1,0.0,0.0,1.0,0.0,0.0,0.0,0.0,0.0,0.0,0.0,1.0,0.0,0.0,0.0,0.0,0.0,0.0,1.0,0.22448979591836737,0.36363636363636365,0.0,0.0,0.0,5,7,0,0,0,0,1,0,0.0,0.0,0.0011004318277897552,225000.0
10663398,1,0.0,1.0,0.0,1.0,0.0,0.0,0.0,0.0,0.0,0.0,0.0,0.0,0.0,0.0,0.0,0.0,0.0,1.0,0.1479591836734694,0.1818181818181818,0.09090909090909091,0.0,0.05555555555555555,1,3,0,0,0,0,1,1,0.226,0.21,0.0002769420099937551,399500.0
10401255,0,0.0,0.0,1.0,0.0,0.0,0.0,0.0,0.0,0.0,1.0,0.0,0.0,0.0,0.0,0.0,0.0,1.0,0.0,0.05000000000000001,0.0,0.09090909090909091,0.07142857142857142,0.05555555555555555,1,2,1,0,0,0,0,1,0.0,0.05,0.0,210000.0
10663403,1,0.0,1.0,0.0,0.0,0.0,1.0,0.0,0.0,0.0,0.0,0.0,0.0,0.0,0.0,1.0,0.0,0.0,0.0,0.21836734693877555,0.2727272727272727,0.09090909090909091,0.0,0.0,5,6,0,0,0,0,0,1,0.0,0.0,0.00018707341072425837,378000.0
10663393,1,0.0,1.0,0.0,0.0,0.0,0.0,0.0,0.0,0.0,0.0,0.0,0.0,0.0,1.0,0.0,0.0,0.0,1.0,0.12244897959183676,0.1818181818181818,0.09090909090909091,0.0,0.1111111111111111,2,2,0,0,0,0,1,0,0.057,0.0,0.00014213911108951004,259000.0
10663407,0,0.0,1.0,0.0,0.0,0.0,0.0,0.0,0.0,0.0,0.0,0.0,0.0,0.0,1.0,0.0,0.0,1.0,0.0,0.04693877551020408,0.09090909090909091,0.09090909090909091,0.0,0.05555555555555555,1,4,1,0,0,0,0,1,0.0,0.07,0.0,339000.0
10663410,1,0.0,1.0,0.0,0.0,0.0,0.0,0.0,0.0,0.0,0.0,0.0,0.0,0.0,1.0,0.0,1.0,0.0,0.0,0.1785714285714286,0.1818181818181818,0.0,0.0,0.0,1,3,0,0,0,0,1,0,0.0,0.0,0.0006043204787612072,650000.0
10663409,1,0.0,1.0,0.0,0.0,0.0,0.0,0.0,0.0,0.0,0.0,0.0,0.0,0.0,1.0,1.0,0.0,0.0,0.0,0.10918367346938776,0.1818181818181818,0.09090909090909091,0.0,0.05555555555555555,0,4,0,0,0,0,0,1,0.0,0.0,9.445373188528732e-05,279000.0
10663405,1,0.0,1.0,0.0,1.0,0.0,0.0,0.0,0.0,0.0,0.0,0.0,0.0,0.0,0.0,0.0,0.0,0.0,1.0,0.1479591836734694,0.1818181818181818,0.09090909090909091,0.0,0.1111111111111111,5,6,0,0,0,0,0,1,0.0,0.22,0.0,259000.0
10663421,0,0.0,1.0,0.0,0.0,0.0,0.0,0.0,0.0,0.0,0.0,0.0,0.0,0.0,1.0,0.0,0.0,0.0,1.0,0.01122448979591837,0.0,0.09090909090909091,0.0,0.0,0,6,0,0,0,0,0,0,0.0,0.0,0.0,79000.0
10663417,1,0.0,1.0,0.0,0.0,0.0,0.0,0.0,0.0,0.0,0.0,0.0,0.0,0.0,1.0,0.0,0.0,0.0,1.0,0.1316326530612245,0.1818181818181818,0.09090909090909091,0.0,0.1111111111111111,1,1,0,0,0,0,0,0,0.0,0.0,0.00029895064654955015,350000.0
10663438,1,0.0,1.0,0.0,0.0,0.0,0.0,0.0,0.0,1.0,0.0,0.0,0.0,0.0,0.0,0.0,0.0,0.0,1.0,0.25918367346938775,0.4545454545454545,0.09090909090909091,0.0,0.1111111111111111,2,2,0,0,0,0,1,0,0.0,0.0,0.0013865441030150917,579000.0
10663437,1,0.0,0.0,1.0,0.0,0.0,0.0,0.0,1.0,0.0,0.0,0.0,0.0,0.0,0.0,0.0,0.0,1.0,0.0,0.11224489795918369,0.1818181818181818,0.09090909090909091,0.0,0.0,0,3,0,0,0,0,1,1,0.059000000000000004,0.23,0.00014213911108951004,149000.0
10663422,0,0.0,1.0,0.0,1.0,0.0,0.0,0.0,0.0,0.0,0.0,0.0,0.0,0.0,0.0,0.0,0.0,1.0,0.0,0.1653061224489796,0.09090909090909091,0.0,0.0,0.0,0,1,1,0,0,0,1,1,0.0,0.62,0.0,875000.0
10663445,1,0.0,1.0,0.0,0.0,0.0,0.0,1.0,0.0,0.0,0.0,0.0,0.0,0.0,0.0,0.0,0.0,0.0,1.0,0.32551020408163267,0.2727272727272727,0.18181818181818182,0.0,0.16666666666666666,0,1,0,0,0,0,1,1,0.0,0.0,0.0016304731581751539,1250000.0
10663447,1,0.0,1.0,0.0,0.0,0.0,0.0,0.0,0.0,1.0,0.0,0.0,0.0,0.0,0.0,0.0,0.0,0.0,1.0,0.20816326530612247,0.1818181818181818,0.09090909090909091,0.0,0.05555555555555555,4,3,0,0,0,0,1,0,0.0,0.0,0.0,285000.0
10663453,1,0.0,1.0,0.0,0.0,0.0,1.0,0.0,0.0,0.0,0.0,0.0,0.0,0.0,0.0,0.0,0.0,0.0,1.0,0.18469387755102043,0.1818181818181818,0.09090909090909091,0.0,0.05555555555555555,5,6,0,0,0,0,0,1,0.0,0.0,0.0002650206651926994,320000.0
10663449,1,0.0,1.0,0.0,0.0,0.0,1.0,0.0,0.0,0.0,0.0,0.0,0.0,0.0,0.0,0.0,0.0,1.0,0.0,0.5918367346938775,0.1818181818181818,0.09090909090909091,0.0,0.0,0,5,0,0,0,0,1,1,0.0,0.0,0.0005878140013443609,675000.0
10663455,1,0.0,1.0,0.0,0.0,0.0,0.0,0.0,0.0,1.0,0.0,0.0,0.0,0.0,0.0,0.0,0.0,1.0,0.0,0.1438775510204082,0.1818181818181818,0.09090909090909091,0.0,0.05555555555555555,0,3,0,0,0,0,1,0,0.0,0.0,0.00030078469959586644,369000.0
10663456,1,0.0,1.0,0.0,0.0,0.0,0.0,0.0,0.0,1.0,0.0,0.0,0.0,0.0,0.0,0.0,0.0,1.0,0.0,0.29183673469387755,0.36363636363636365,0.18181818181818182,0.0,0.05555555555555555,1,3,0,0,0,0,1,1,0.0,0.47000000000000003,0.0029088081314575863,495000.0
10663457,1,0.0,1.0,0.0,0.0,0.0,0.0,0.0,0.0,0.0,0.0,0.0,0.0,0.0,1.0,0.0,0.0,0.0,1.0,0.20408163265306126,0.2727272727272727,0.0,0.0,0.16666666666666666,1,5,0,0,0,0,1,0,0.0,0.0,0.00013296884585792875,740000.0
10663461,1,0.0,1.0,0.0,0.0,0.0,0.0,0.0,0.0,0.0,0.0,0.0,0.0,0.0,1.0,0.0,0.0,1.0,0.0,0.13673469387755105,0.1818181818181818,0.09090909090909091,0.0,0.1111111111111111,1,3,0,0,0,0,1,0,0.0,0.0,0.0005071156673064455,429000.0
10663458,1,0.0,1.0,0.0,0.0,0.0,1.0,0.0,0.0,0.0,0.0,0.0,0.0,0.0,0.0,1.0,0.0,0.0,0.0,0.15612244897959185,0.2727272727272727,0.18181818181818182,0.0,0.16666666666666666,1,3,0,0,0,0,1,0,0.0,0.0,3.943214049579956e-05,495000.0
10663463,1,0.0,1.0,0.0,0.0,0.0,0.0,0.0,0.0,1.0,0.0,0.0,0.0,0.0,0.0,0.0,0.0,0.0,1.0,0.4,0.1818181818181818,0.0,0.0,0.0,0,0,0,0,0,0,0,0,0.0,0.0,0.0008262408973654746,350000.0
10663460,0,0.0,1.0,0.0,0.0,0.0,0.0,0.0,0.0,0.0,0.0,0.0,0.0,0.0,1.0,0.0,0.0,0.0,1.0,0.023469387755102045,0.0,0.09090909090909091,0.0,0.0,4,2,1,0,0,0,0,0,0.0,0.0,0.0,229000.0
10663466,1,0.0,1.0,0.0,0.0,0.0,0.0,0.0,0.0,0.0,0.0,0.0,0.0,0.0,1.0,0.0,0.0,0.0,1.0,0.09693877551020408,0.1818181818181818,0.09090909090909091,0.0,0.05555555555555555,2,4,0,0,0,0,1,0,0.0,0.0,0.00020724799423373723,289000.0
10663462,0,0.0,1.0,0.0,0.0,0.0,0.0,0.0,0.0,1.0,0.0,0.0,0.0,0.0,0.0,0.0,0.0,1.0,0.0,0.057142857142857155,0.09090909090909091,0.09090909090909091,0.0,0.05555555555555555,1,2,1,0,0,0,1,1,0.0,0.09,0.0,327500.0
10663472,0,0.0,1.0,0.0,0.0,0.0,0.0,0.0,0.0,0.0,0.0,0.0,0.0,0.0,1.0,0.0,0.0,0.0,1.0,0.06938775510204082,0.1818181818181818,0.09090909090909091,0.0,0.05555555555555555,1,2,1,0,0,0,0,0,0.0,0.0,0.0,325000.0
10663473,0,0.0,1.0,0.0,0.0,0.0,0.0,1.0,0.0,0.0,0.0,0.0,0.0,0.0,0.0,0.0,0.0,1.0,0.0,0.04081632653061225,0.09090909090909091,0.09090909090909091,0.0,0.0,3,2,0,0,0,0,0,0,0.0,0.0,0.0,178000.0
10663474,1,0.0,0.0,1.0,0.0,0.0,0.0,0.0,0.0,0.0,1.0,0.0,0.0,0.0,0.0,0.0,0.0,0.0,1.0,0.13775510204081634,0.1818181818181818,0.09090909090909091,0.0,0.1111111111111111,3,6,0,0,0,0,1,1,1.0,0.72,0.0011875493474897774,299000.0
10663477,0,0.0,1.0,0.0,0.0,0.0,0.0,0.0,0.0,0.0,0.0,0.0,0.0,0.0,1.0,0.0,0.0,1.0,0.0,0.07142857142857142,0.09090909090909091,0.18181818181818182,0.0,0.05555555555555555,1,0,1,0,0,0,0,1,0.0,0.1,0.0,585000.0
10663485,1,0.0,1.0,0.0,1.0,0.0,0.0,0.0,0.0,0.0,0.0,0.0,0.0,0.0,0.0,0.0,0.0,1.0,0.0,0.09591836734693879,0.1818181818181818,0.09090909090909091,0.0,0.1111111111111111,4,4,0,0,0,0,1,1,0.0,0.0,0.00017423503940004458,215000.0
10663493,1,0.0,1.0,0.0,0.0,0.0,1.0,0.0,0.0,0.0,0.0,0.0,0.0,0.0,0.0,0.0,1.0,0.0,0.0,0.1479591836734694,0.1818181818181818,0.09090909090909091,0.0,0.0,0,1,0,0,0,0,1,0,0.038,0.0,9.170265231581294e-05,445000.0
10663494,1,0.0,1.0,0.0,0.0,0.0,1.0,0.0,0.0,0.0,0.0,0.0,0.0,0.0,0.0,1.0,0.0,0.0,0.0,0.1479591836734694,0.1818181818181818,0.09090909090909091,0.0,0.0,0,1,0,0,0,0,1,0,0.038,0.0,9.170265231581294e-05,445000.0
10663484,1,0.0,1.0,0.0,1.0,0.0,0.0,0.0,0.0,0.0,0.0,0.0,0.0,0.0,0.0,0.0,0.0,0.0,1.0,0.1326530612244898,0.1818181818181818,0.09090909090909091,0.0,0.1111111111111111,1,5,0,0,0,0,1,1,0.0,0.0,0.0007006082636928108,389000.0
10663495,1,0.0,1.0,0.0,0.0,0.0,1.0,0.0,0.0,0.0,0.0,0.0,0.0,0.0,0.0,0.0,1.0,0.0,0.0,0.1142857142857143,0.1818181818181818,0.09090909090909091,0.0,0.05555555555555555,4,3,0,0,0,0,1,0,0.0,0.0,0.00021183312684952787,379000.0
10663496,0,0.0,1.0,0.0,0.0,0.0,0.0,0.0,0.0,0.0,0.0,0.0,0.0,0.0,1.0,0.0,0.0,0.0,1.0,0.034693877551020415,0.0,0.09090909090909091,0.0,0.05555555555555555,1,3,1,0,0,0,0,0,0.0,0.0,0.0,329000.0
10663488,0,0.0,1.0,0.0,0.0,0.0,0.0,0.0,0.0,0.0,0.0,0.0,0.0,0.0,1.0,0.0,0.0,1.0,0.0,0.08979591836734696,0.09090909090909091,0.09090909090909091,0.0,0.0,1,2,1,0,0,0,0,1,0.0,0.0,0.0,219000.0
10663500,1,0.0,1.0,0.0,0.0,0.0,0.0,0.0,0.0,0.0,0.0,0.0,0.0,0.0,1.0,0.0,0.0,0.0,1.0,0.2857142857142857,0.36363636363636365,0.18181818181818182,0.0,0.0,0,3,0,1,0,0,0,1,0.0,0.0,0.0006703463884285925,595000.0
10663508,1,0.0,0.0,1.0,0.0,0.0,0.0,0.0,1.0,0.0,0.0,0.0,0.0,0.0,0.0,0.0,0.0,0.0,1.0,0.163265306122449,0.1818181818181818,0.09090909090909091,0.0,0.1111111111111111,0,0,0,1,0,0,0,1,0.0,0.0,0.001340692776857185,525000.0
10663505,1,0.0,0.0,1.0,0.0,0.0,0.0,0.0,1.0,0.0,0.0,0.0,0.0,0.0,0.0,0.0,0.0,1.0,0.0,0.17346938775510207,0.1818181818181818,0.09090909090909091,0.0,0.1111111111111111,0,5,0,1,0,0,0,1,0.0,0.0,0.0009537075840844546,169000.0
10663519,1,1.0,0.0,0.0,0.0,1.0,0.0,0.0,0.0,0.0,0.0,0.0,0.0,0.0,0.0,0.0,0.0,0.0,1.0,0.5408163265306123,0.4545454545454545,0.4545454545454546,0.2857142857142857,0.2777777777777778,1,3,0,0,0,0,0,1,0.0,0.0,0.0010041440428581517,1950000.0
10663511,0,0.0,1.0,0.0,0.0,0.0,1.0,0.0,0.0,0.0,0.0,0.0,0.0,0.0,0.0,1.0,0.0,0.0,0.0,0.09183673469387757,0.09090909090909091,0.09090909090909091,0.0,0.05555555555555555,0,2,0,1,0,0,0,1,0.0,0.25,0.0,319000.0
10663507,0,0.0,1.0,0.0,0.0,0.0,0.0,1.0,0.0,0.0,0.0,0.0,0.0,0.0,0.0,0.0,0.0,0.0,1.0,0.14285714285714288,0.1818181818181818,0.09090909090909091,0.0,0.05555555555555555,3,3,0,0,0,0,0,1,0.0,0.2,0.0,339000.0
10663526,1,0.0,1.0,0.0,1.0,0.0,0.0,0.0,0.0,0.0,0.0,0.0,0.0,0.0,0.0,0.0,0.0,1.0,0.0,0.18775510204081636,0.2727272727272727,0.09090909090909091,0.0,0.1111111111111111,3,5,0,0,0,0,1,1,0.08,0.1,0.00020174583509478846,385000.0
10663516,0,0.0,1.0,0.0,1.0,0.0,0.0,0.0,0.0,0.0,0.0,0.0,0.0,0.0,0.0,0.0,0.0,1.0,0.0,0.11530612244897961,0.1818181818181818,0.09090909090909091,0.07142857142857142,0.1111111111111111,1,1,1,0,0,0,0,1,0.0,0.11,0.0,459000.0
10663510,1,0.0,1.0,0.0,0.0,0.0,0.0,0.0,0.0,0.0,0.0,0.0,0.0,0.0,1.0,0.0,0.0,1.0,0.0,0.1642857142857143,0.1818181818181818,0.09090909090909091,0.0,0.1111111111111111,3,6,0,0,0,0,1,1,0.255,0.0,0.000233841763405323,289000.0
10663527,1,0.0,1.0,0.0,1.0,0.0,0.0,0.0,0.0,0.0,0.0,0.0,0.0,0.0,0.0,0.0,0.0,0.0,1.0,0.12448979591836737,0.1818181818181818,0.09090909090909091,0.0,0.0,3,3,0,0,0,0,1,1,0.05,0.08,0.00011737939496424056,327500.0
10663529,1,0.0,1.0,0.0,1.0,0.0,0.0,0.0,0.0,0.0,0.0,0.0,0.0,0.0,0.0,0.0,0.0,1.0,0.0,0.27653061224489794,0.4545454545454545,0.2727272727272727,0.0,0.2222222222222222,3,4,0,0,0,0,0,1,0.0,0.3,0.0001806542250621515,695000.0
10663530,1,0.0,1.0,0.0,1.0,0.0,0.0,0.0,0.0,0.0,0.0,0.0,0.0,0.0,0.0,0.0,0.0,1.0,0.0,0.27653061224489794,0.4545454545454545,0.2727272727272727,0.0,0.2222222222222222,3,4,0,0,0,0,0,1,0.0,0.3,0.0001806542250621515,695000.0
10663531,0,0.0,1.0,0.0,1.0,0.0,0.0,0.0,0.0,0.0,0.0,0.0,0.0,0.0,0.0,1.0,0.0,0.0,0.0,0.06632653061224492,0.09090909090909091,0.09090909090909091,0.0,0.0,3,4,0,0,0,0,0,1,0.0,0.05,0.0,315000.0
10663533,0,0.0,1.0,0.0,1.0,0.0,0.0,0.0,0.0,0.0,0.0,0.0,0.0,0.0,0.0,0.0,0.0,0.0,1.0,0.09693877551020408,0.09090909090909091,0.09090909090909091,0.0,0.05555555555555555,1,1,0,0,0,0,0,1,0.0,0.25,0.0,260000.0
10663535,0,0.0,1.0,0.0,1.0,0.0,0.0,0.0,0.0,0.0,0.0,0.0,0.0,0.0,0.0,0.0,1.0,0.0,0.0,0.09183673469387757,0.1818181818181818,0.09090909090909091,0.0,0.1111111111111111,3,2,1,0,0,0,0,0,0.0,0.0,0.0,320000.0
10663534,0,0.0,1.0,0.0,1.0,0.0,0.0,0.0,0.0,0.0,0.0,0.0,0.0,0.0,0.0,0.0,0.0,0.0,1.0,0.10714285714285715,0.1818181818181818,0.18181818181818182,0.0,0.1111111111111111,1,1,0,0,0,0,0,1,0.0,0.05,0.0,329000.0
10663538,0,1.0,0.0,0.0,0.0,1.0,0.0,0.0,0.0,0.0,0.0,0.0,0.0,0.0,0.0,0.0,1.0,0.0,0.0,0.09183673469387757,0.1818181818181818,0.09090909090909091,0.0,0.1111111111111111,3,4,1,0,0,0,0,1,0.0,0.1,0.0,330000.0
10663541,0,1.0,0.0,0.0,0.0,1.0,0.0,0.0,0.0,0.0,0.0,0.0,0.0,0.0,0.0,0.0,0.0,0.0,1.0,0.07346938775510206,0.09090909090909091,0.09090909090909091,0.07142857142857142,0.05555555555555555,1,1,1,0,0,0,0,1,0.0,0.31,0.0,415000.0
10663540,1,0.0,0.0,1.0,0.0,0.0,0.0,0.0,0.0,0.0,0.0,0.0,0.0,1.0,0.0,0.0,0.0,0.0,1.0,0.163265306122449,0.2727272727272727,0.09090909090909091,0.07142857142857142,0.1111111111111111,4,5,0,0,0,0,0,1,0.0,0.2,0.0007629660672675636,525000.0
10663539,1,0.0,0.0,1.0,0.0,0.0,0.0,0.0,0.0,0.0,0.0,0.0,0.0,1.0,0.0,0.0,0.0,0.0,1.0,0.163265306122449,0.2727272727272727,0.09090909090909091,0.07142857142857142,0.1111111111111111,4,5,0,0,0,0,0,1,0.0,0.2,0.0007629660672675636,525000.0
10663542,0,1.0,0.0,0.0,0.0,1.0,0.0,0.0,0.0,0.0,0.0,0.0,0.0,0.0,0.0,0.0,0.0,0.0,1.0,0.1142857142857143,0.1818181818181818,0.18181818181818182,0.07142857142857142,0.05555555555555555,1,1,1,0,0,0,0,1,0.0,0.31,0.0,475000.0
10663536,0,0.0,1.0,0.0,1.0,0.0,0.0,0.0,0.0,0.0,0.0,0.0,0.0,0.0,0.0,0.0,1.0,0.0,0.0,0.05612244897959184,0.09090909090909091,0.09090909090909091,0.0,0.05555555555555555,3,2,1,0,0,0,0,1,0.0,0.5,0.0,265000.0
10663545,0,1.0,0.0,0.0,0.0,1.0,0.0,0.0,0.0,0.0,0.0,0.0,0.0,0.0,0.0,0.0,1.0,0.0,0.0,0.10102040816326532,0.09090909090909091,0.18181818181818182,0.07142857142857142,0.1111111111111111,1,1,1,0,0,0,0,1,0.0,0.13,0.0,765000.0
10663544,0,1.0,0.0,0.0,0.0,1.0,0.0,0.0,0.0,0.0,0.0,0.0,0.0,0.0,0.0,0.0,0.0,0.0,1.0,0.07346938775510206,0.09090909090909091,0.09090909090909091,0.07142857142857142,0.05555555555555555,1,0,1,0,0,0,1,1,0.123,0.14,0.0,445000.0
10663549,0,1.0,0.0,0.0,0.0,1.0,0.0,0.0,0.0,0.0,0.0,0.0,0.0,0.0,0.0,1.0,0.0,0.0,0.0,0.06224489795918368,0.0,0.09090909090909091,0.07142857142857142,0.05555555555555555,1,1,1,0,0,0,0,1,0.0,0.09,0.0,499000.0
10663543,0,1.0,0.0,0.0,0.0,1.0,0.0,0.0,0.0,0.0,0.0,0.0,0.0,0.0,0.0,0.0,1.0,0.0,0.0,0.15612244897959185,0.1818181818181818,0.2727272727272727,0.14285714285714285,0.1111111111111111,2,4,1,0,0,0,0,1,0.0,0.14,0.0,1125000.0
10663557,1,0.0,0.0,1.0,0.0,0.0,0.0,0.0,0.0,0.0,0.0,1.0,0.0,0.0,0.0,0.0,0.0,0.0,1.0,0.07959183673469389,0.1818181818181818,0.09090909090909091,0.0,0.0,5,7,0,1,0,0,1,0,0.0,0.0,0.00011921344801055682,105000.0
10663596,1,0.0,0.0,1.0,0.0,0.0,0.0,0.0,0.0,0.0,1.0,0.0,0.0,0.0,0.0,0.0,1.0,0.0,0.0,0.13469387755102044,0.2727272727272727,0.09090909090909091,0.07142857142857142,0.1111111111111111,4,5,0,0,0,0,0,0,0.0,0.0,6.419185662106905e-05,175000.0
10663597,1,0.0,0.0,1.0,0.0,0.0,0.0,0.0,0.0,0.0,1.0,0.0,0.0,0.0,0.0,0.0,1.0,0.0,0.0,0.13979591836734695,0.1818181818181818,0.09090909090909091,0.07142857142857142,0.05555555555555555,3,7,0,0,0,0,1,1,0.6970000000000001,0.26,0.0007317871654801872,265000.0
10663605,1,0.0,0.0,1.0,0.0,0.0,0.0,0.0,0.0,0.0,0.0,1.0,0.0,0.0,0.0,0.0,0.0,0.0,1.0,0.13367346938775512,0.2727272727272727,0.09090909090909091,0.0,0.05555555555555555,0,5,0,0,0,0,1,1,1.0,0.24,0.0019239216455857553,320000.0
10663607,1,0.0,1.0,0.0,0.0,0.0,0.0,1.0,0.0,0.0,0.0,0.0,0.0,0.0,0.0,0.0,0.0,1.0,0.0,0.1469387755102041,0.1818181818181818,0.0,0.0,0.0,0,0,0,1,0,0,0,0,0.0,0.0,0.00035764034403167045,310000.0
10663595,1,0.0,0.0,1.0,0.0,0.0,0.0,0.0,1.0,0.0,0.0,0.0,0.0,0.0,0.0,0.0,0.0,0.0,1.0,0.1285714285714286,0.1818181818181818,0.09090909090909091,0.07142857142857142,0.05555555555555555,5,7,0,0,0,0,0,0,0.0,0.0,0.00036681060926325174,129000.0
10663601,1,0.0,0.0,1.0,0.0,0.0,0.0,0.0,1.0,0.0,0.0,0.0,0.0,0.0,0.0,0.0,0.0,1.0,0.0,0.1479591836734694,0.1818181818181818,0.18181818181818182,0.0,0.1111111111111111,5,6,0,0,0,0,0,1,0.0,0.0,9.537075840844545e-05,210000.0
10663614,1,0.0,1.0,0.0,1.0,0.0,0.0,0.0,0.0,0.0,0.0,0.0,0.0,0.0,0.0,0.0,0.0,0.0,1.0,0.23571428571428574,0.1818181818181818,0.09090909090909091,0.0,0.1111111111111111,3,6,0,0,0,0,1,0,0.13,0.0,0.00036405952969377736,470000.0
10663620,0,0.0,1.0,0.0,0.0,0.0,0.0,0.0,0.0,0.0,0.0,0.0,0.0,0.0,1.0,0.0,0.0,0.0,1.0,0.3316326530612245,0.2727272727272727,0.18181818181818182,0.0,0.1111111111111111,4,3,0,1,0,0,1,0,0.0,0.0,0.0,362500.0
10663610,1,1.0,0.0,0.0,0.0,1.0,0.0,0.0,0.0,0.0,0.0,0.0,0.0,0.0,0.0,0.0,1.0,0.0,0.0,0.2091836734693878,0.4545454545454545,0.2727272727272727,0.21428571428571427,0.2222222222222222,1,3,0,0,0,0,0,0,0.0,0.0,7.15280688063341e-05,650000.0
10663617,1,0.0,1.0,0.0,0.0,0.0,0.0,0.0,0.0,0.0,0.0,0.0,0.0,0.0,1.0,0.0,0.0,0.0,1.0,0.3316326530612245,0.2727272727272727,0.18181818181818182,0.0,0.1111111111111111,4,3,0,1,0,0,1,0,0.0,0.0,0.00021733528598847667,362500.0
10663619,1,0.0,1.0,0.0,0.0,0.0,0.0,0.0,0.0,0.0,0.0,0.0,0.0,0.0,1.0,0.0,0.0,0.0,1.0,0.3316326530612245,0.2727272727272727,0.18181818181818182,0.0,0.1111111111111111,4,3,0,1,0,0,1,0,0.0,0.0,0.00021733528598847667,362500.0
10663622,0,0.0,0.0,1.0,0.0,0.0,0.0,0.0,1.0,0.0,0.0,0.0,0.0,0.0,0.0,0.0,0.0,0.0,1.0,0.0653061224489796,0.09090909090909091,0.09090909090909091,0.07142857142857142,0.05555555555555555,3,4,0,0,0,0,0,0,0.0,0.0,0.0,155000.0
10663640,0,0.0,1.0,0.0,1.0,0.0,0.0,0.0,0.0,0.0,0.0,0.0,0.0,0.0,0.0,0.0,0.0,0.0,1.0,0.23469387755102042,0.09090909090909091,0.18181818181818182,0.0,0.1111111111111111,1,3,0,0,0,0,0,1,0.0,0.0,0.0,295000.0
10532556,0,0.0,0.0,1.0,0.0,0.0,0.0,0.0,1.0,0.0,0.0,0.0,0.0,0.0,0.0,0.0,0.0,1.0,0.0,0.08571428571428572,0.1818181818181818,0.09090909090909091,0.0,0.1111111111111111,2,3,0,1,0,0,0,1,0.0,0.18,0.0,195000.0
10663621,1,0.0,1.0,0.0,0.0,0.0,1.0,0.0,0.0,0.0,0.0,0.0,0.0,0.0,0.0,0.0,0.0,0.0,1.0,0.27040816326530615,0.1818181818181818,0.09090909090909091,0.0,0.1111111111111111,3,5,0,0,0,0,1,1,0.631,0.67,0.0009060222048802317,370000.0
10663644,1,0.0,0.0,1.0,0.0,0.0,0.0,0.0,0.0,0.0,1.0,0.0,0.0,0.0,0.0,0.0,0.0,0.0,1.0,0.1112244897959184,0.1818181818181818,0.09090909090909091,0.0,0.0,0,0,0,0,0,0,0,1,0.0,0.0,0.0005667223913117239,274900.0
10663639,1,0.0,1.0,0.0,1.0,0.0,0.0,0.0,0.0,0.0,0.0,0.0,0.0,0.0,0.0,0.0,0.0,0.0,1.0,0.1469387755102041,0.1818181818181818,0.09090909090909091,0.0,0.0,5,0,0,0,0,0,0,0,0.0,0.0,0.0019330919108173365,449000.0
10663642,1,0.0,0.0,1.0,0.0,0.0,0.0,0.0,0.0,0.0,1.0,0.0,0.0,0.0,0.0,0.0,0.0,0.0,1.0,0.09183673469387757,0.09090909090909091,0.0,0.0,0.0,5,7,0,0,0,0,0,1,0.0,0.0,0.0007501276959433498,199000.0
10663646,0,1.0,0.0,0.0,0.0,1.0,0.0,0.0,0.0,0.0,0.0,0.0,0.0,0.0,0.0,0.0,0.0,0.0,1.0,0.04081632653061225,0.0,0.09090909090909091,0.0,0.05555555555555555,1,7,0,0,0,0,0,0,0.0,0.0,0.0,220000.0
10663647,1,1.0,0.0,0.0,0.0,1.0,0.0,0.0,0.0,0.0,0.0,0.0,0.0,0.0,0.0,1.0,0.0,0.0,0.0,0.40816326530612246,0.2727272727272727,0.36363636363636365,0.2857142857142857,0.2222222222222222,1,6,0,0,0,0,1,0,0.03,0.0,0.0,1500000.0
10663648,1,0.0,1.0,0.0,1.0,0.0,0.0,0.0,0.0,0.0,0.0,0.0,0.0,0.0,0.0,0.0,0.0,1.0,0.0,0.1948979591836735,0.1818181818181818,0.0,0.0,0.0,3,3,0,1,0,0,1,0,0.0,0.0,0.00031912523005902903,475000.0
10663652,0,0.0,0.0,1.0,0.0,0.0,0.0,0.0,0.0,0.0,0.0,0.0,0.0,1.0,0.0,0.0,0.0,0.0,1.0,0.04183673469387755,0.0,0.09090909090909091,0.07142857142857142,0.05555555555555555,3,4,1,0,0,0,0,1,0.0,0.04,0.0,179000.0
10663654,1,0.0,1.0,0.0,0.0,0.0,1.0,0.0,0.0,0.0,0.0,0.0,0.0,0.0,0.0,0.0,0.0,1.0,0.0,0.12142857142857144,0.2727272727272727,0.09090909090909091,0.0,0.1111111111111111,3,4,0,0,0,0,0,1,0.0,0.0,0.00010362399711686861,319000.0
10663650,0,1.0,0.0,0.0,0.0,1.0,0.0,0.0,0.0,0.0,0.0,0.0,0.0,0.0,0.0,0.0,1.0,0.0,0.0,0.025510204081632654,0.0,0.09090909090909091,0.07142857142857142,0.05555555555555555,2,5,0,0,0,0,0,0,0.0,0.0,0.0,225000.0
10663649,0,1.0,0.0,0.0,0.0,1.0,0.0,0.0,0.0,0.0,0.0,0.0,0.0,0.0,0.0,0.0,1.0,0.0,0.0,0.051020408163265314,0.0,0.09090909090909091,0.0,0.05555555555555555,3,6,1,0,0,0,0,0,0.0,0.0,0.0,195000.0
10663653,0,0.0,0.0,1.0,0.0,0.0,0.0,0.0,0.0,0.0,1.0,0.0,0.0,0.0,0.0,1.0,0.0,0.0,0.0,0.08673469387755103,0.1818181818181818,0.09090909090909091,0.0,0.1111111111111111,3,2,1,0,0,0,0,1,0.0,0.03,0.0,249000.0
10663656,1,0.0,1.0,0.0,0.0,0.0,1.0,0.0,0.0,0.0,0.0,0.0,0.0,0.0,0.0,0.0,0.0,1.0,0.0,0.1438775510204082,0.1818181818181818,0.09090909090909091,0.0,0.05555555555555555,3,6,0,0,0,0,0,1,0.0,0.0,0.00011921344801055682,248000.0
10663657,1,0.0,0.0,1.0,0.0,0.0,0.0,0.0,0.0,0.0,1.0,0.0,0.0,0.0,0.0,0.0,0.0,0.0,1.0,0.19081632653061226,0.2727272727272727,0.09090909090909091,0.0,0.1111111111111111,1,2,0,0,0,0,1,1,1.0,0.51,0.002055973464920526,575000.0
10663661,0,0.0,0.0,1.0,0.0,0.0,0.0,0.0,0.0,0.0,0.0,0.0,0.0,1.0,0.0,0.0,0.0,0.0,1.0,0.051020408163265314,0.0,0.09090909090909091,0.07142857142857142,0.05555555555555555,3,5,0,0,0,0,0,0,0.0,0.0,0.0,130000.0
10663658,1,0.0,1.0,0.0,0.0,0.0,1.0,0.0,0.0,0.0,0.0,0.0,0.0,0.0,0.0,0.0,0.0,0.0,1.0,0.17346938775510207,0.2727272727272727,0.09090909090909091,0.0,0.0,3,5,0,0,0,0,0,1,0.0,0.0,0.002496146196036428,495000.0
10663660,0,0.0,1.0,0.0,0.0,0.0,0.0,0.0,0.0,0.0,0.0,0.0,0.0,0.0,1.0,0.0,0.0,1.0,0.0,0.07142857142857142,0.09090909090909091,0.09090909090909091,0.07142857142857142,0.05555555555555555,1,1,1,0,0,0,0,1,0.0,0.12,0.0,575000.0
10663659,0,0.0,0.0,1.0,0.0,0.0,0.0,0.0,0.0,0.0,0.0,0.0,0.0,1.0,0.0,0.0,0.0,0.0,1.0,0.051020408163265314,0.0,0.09090909090909091,0.07142857142857142,0.05555555555555555,3,3,0,0,0,0,0,0,0.0,0.0,0.0,130000.0
10663664,0,0.0,1.0,0.0,0.0,0.0,0.0,0.0,0.0,0.0,0.0,0.0,0.0,0.0,1.0,0.0,0.0,1.0,0.0,0.10306122448979593,0.09090909090909091,0.18181818181818182,0.14285714285714285,0.1111111111111111,1,1,1,0,0,0,0,1,0.0,0.0,0.0,2350000.0
10663663,1,0.0,1.0,0.0,0.0,0.0,0.0,0.0,0.0,0.0,0.0,0.0,0.0,0.0,1.0,0.0,0.0,1.0,0.0,0.5255102040816326,0.36363636363636365,0.36363636363636365,0.21428571428571427,0.2777777777777778,1,2,0,0,1,0,1,0,1.0,0.0,0.001014231334612891,6495000.0
10663667,1,0.0,0.0,1.0,0.0,0.0,0.0,0.0,0.0,0.0,1.0,0.0,0.0,0.0,0.0,0.0,0.0,0.0,1.0,0.0816326530612245,0.0,0.09090909090909091,0.07142857142857142,0.05555555555555555,4,7,0,0,0,0,0,1,0.0,0.0,0.0002219204186042673,159000.0
10663665,0,0.0,1.0,0.0,0.0,0.0,0.0,0.0,0.0,0.0,0.0,0.0,0.0,0.0,1.0,0.0,0.0,1.0,0.0,0.08673469387755103,0.09090909090909091,0.18181818181818182,0.07142857142857142,0.1111111111111111,2,2,1,0,1,0,0,1,0.0,0.0,0.0,2375000.0
10663670,1,1.0,0.0,0.0,0.0,1.0,0.0,0.0,0.0,0.0,0.0,0.0,0.0,0.0,0.0,0.0,0.0,0.0,1.0,0.2755102040816327,0.36363636363636365,0.36363636363636365,0.21428571428571427,0.2222222222222222,5,7,0,0,0,0,1,1,0.5,0.35000000000000003,0.0006089056113769978,920000.0
10663671,1,0.0,1.0,0.0,0.0,0.0,1.0,0.0,0.0,0.0,0.0,0.0,0.0,0.0,0.0,0.0,0.0,0.0,1.0,0.19897959183673472,0.2727272727272727,0.09090909090909091,0.0,0.1111111111111111,1,2,0,0,0,0,1,1,0.1,0.0,0.00018615638420110025,369000.0
10663681,0,0.0,1.0,0.0,1.0,0.0,0.0,0.0,0.0,0.0,0.0,0.0,0.0,0.0,0.0,0.0,1.0,0.0,0.0,0.06122448979591837,0.09090909090909091,0.18181818181818182,0.14285714285714285,0.1111111111111111,2,5,0,0,0,0,0,0,0.0,0.0,0.0,239900.0
10663675,1,1.0,0.0,0.0,0.0,1.0,0.0,0.0,0.0,0.0,0.0,0.0,0.0,0.0,0.0,0.0,0.0,0.0,1.0,0.1326530612244898,0.2727272727272727,0.09090909090909091,0.0,0.1111111111111111,3,0,0,0,0,0,1,1,0.04,0.2,0.00012379858062634745,480000.0
10663673,1,0.0,1.0,0.0,1.0,0.0,0.0,0.0,0.0,0.0,0.0,0.0,0.0,0.0,0.0,0.0,0.0,0.0,1.0,0.13367346938775512,0.1818181818181818,0.09090909090909091,0.0,0.05555555555555555,0,3,0,0,0,0,0,1,0.0,0.0,0.001092178589081332,365000.0
10663682,0,0.0,1.0,0.0,1.0,0.0,0.0,0.0,0.0,0.0,0.0,0.0,0.0,0.0,0.0,1.0,0.0,0.0,0.0,0.1275510204081633,0.09090909090909091,0.09090909090909091,0.07142857142857142,0.05555555555555555,1,2,1,0,0,0,0,1,0.0,0.1,0.0,595000.0
10663688,1,0.0,1.0,0.0,1.0,0.0,0.0,0.0,0.0,0.0,0.0,0.0,0.0,0.0,0.0,0.0,0.0,1.0,0.0,0.1295918367346939,0.1818181818181818,0.09090909090909091,0.0,0.1111111111111111,2,2,0,1,0,0,0,1,0.0,0.12,5.227051182001337e-05,469000.0
10663684,0,0.0,1.0,0.0,1.0,0.0,0.0,0.0,0.0,0.0,0.0,0.0,0.0,0.0,0.0,0.0,0.0,0.0,1.0,0.0816326530612245,0.09090909090909091,0.09090909090909091,0.0,0.0,1,2,1,0,0,0,0,0,0.0,0.0,0.0,279000.0
10663690,1,0.0,1.0,0.0,0.0,0.0,1.0,0.0,0.0,0.0,0.0,0.0,0.0,0.0,0.0,0.0,1.0,0.0,0.0,0.1479591836734694,0.1818181818181818,0.09090909090909091,0.0,0.1111111111111111,1,1,0,0,0,0,0,1,0.0,0.0,0.0001247156071495056,445000.0
10663683,0,0.0,1.0,0.0,1.0,0.0,0.0,0.0,0.0,0.0,0.0,0.0,0.0,0.0,0.0,0.0,0.0,0.0,1.0,0.0816326530612245,0.1818181818181818,0.09090909090909091,0.0,0.0,3,5,0,0,0,0,0,1,0.0,0.0,0.0,259000.0
10663692,0,0.0,1.0,0.0,1.0,0.0,0.0,0.0,0.0,0.0,0.0,0.0,0.0,0.0,0.0,0.0,0.0,0.0,1.0,0.05612244897959184,0.09090909090909091,0.09090909090909091,0.0,0.05555555555555555,3,3,0,1,0,0,0,1,0.0,0.0,0.0,215000.0
10663693,1,0.0,1.0,0.0,0.0,0.0,0.0,0.0,0.0,1.0,0.0,0.0,0.0,0.0,0.0,0.0,0.0,0.0,1.0,0.1653061224489796,0.1818181818181818,0.18181818181818182,0.0,0.1111111111111111,4,6,0,0,0,0,0,1,0.0,0.0,0.0006419185662106905,275000.0
10663687,1,1.0,0.0,0.0,0.0,1.0,0.0,0.0,0.0,0.0,0.0,0.0,0.0,0.0,0.0,0.0,0.0,0.0,1.0,0.09183673469387757,0.1818181818181818,0.09090909090909091,0.07142857142857142,0.05555555555555555,3,7,0,0,0,0,0,1,0.0,0.2,8.43664401305479e-05,375000.0
10663695,1,0.0,1.0,0.0,1.0,0.0,0.0,0.0,0.0,0.0,0.0,0.0,0.0,0.0,0.0,0.0,0.0,0.0,1.0,0.21020408163265308,0.1818181818181818,0.09090909090909091,0.0,0.1111111111111111,0,4,0,0,0,0,0,1,0.0,0.0,0.0003787319540643074,299000.0
10663694,0,0.0,1.0,0.0,1.0,0.0,0.0,0.0,0.0,0.0,0.0,0.0,0.0,0.0,0.0,0.0,0.0,1.0,0.0,0.07346938775510206,0.09090909090909091,0.09090909090909091,0.0,0.0,5,4,0,0,0,0,0,0,0.0,0.0,0.0,195000.0
10663696,0,0.0,1.0,0.0,1.0,0.0,0.0,0.0,0.0,0.0,0.0,0.0,0.0,0.0,0.0,0.0,0.0,1.0,0.0,0.057142857142857155,0.09090909090909091,0.09090909090909091,0.07142857142857142,0.05555555555555555,2,4,1,0,0,0,0,1,0.0,0.02,0.0,220000.0
10663697,0,0.0,1.0,0.0,1.0,0.0,0.0,0.0,0.0,0.0,0.0,0.0,0.0,0.0,0.0,0.0,1.0,0.0,0.0,0.04183673469387755,0.09090909090909091,0.09090909090909091,0.0,0.05555555555555555,3,1,1,0,0,0,0,1,0.0,0.07,0.0,240000.0
10663703,1,0.0,1.0,0.0,0.0,0.0,0.0,0.0,0.0,1.0,0.0,0.0,0.0,0.0,0.0,0.0,0.0,0.0,1.0,0.13775510204081634,0.1818181818181818,0.18181818181818182,0.0,0.0,0,3,0,0,0,0,0,1,0.0,0.0,0.0010004759367655191,375000.0
10663701,1,0.0,1.0,0.0,1.0,0.0,0.0,0.0,0.0,0.0,0.0,0.0,0.0,0.0,0.0,0.0,0.0,0.0,1.0,0.32142857142857145,0.2727272727272727,0.18181818181818182,0.0,0.0,0,4,0,0,0,0,0,1,0.0,0.0,0.0019908645817762988,700000.0
10663698,0,0.0,1.0,0.0,1.0,0.0,0.0,0.0,0.0,0.0,0.0,0.0,0.0,0.0,0.0,0.0,0.0,0.0,1.0,0.0336734693877551,0.0,0.09090909090909091,0.0,0.05555555555555555,3,2,1,0,0,0,0,0,0.0,0.0,0.0,199000.0
10663700,0,0.0,1.0,0.0,1.0,0.0,0.0,0.0,0.0,0.0,0.0,0.0,0.0,0.0,0.0,0.0,1.0,0.0,0.0,0.05306122448979592,0.09090909090909091,0.09090909090909091,0.0,0.05555555555555555,1,0,1,0,0,0,0,1,0.0,0.0,0.0,244000.0
10663705,1,1.0,0.0,0.0,0.0,1.0,0.0,0.0,0.0,0.0,0.0,0.0,0.0,0.0,0.0,0.0,0.0,0.0,1.0,0.1469387755102041,0.2727272727272727,0.18181818181818182,0.0,0.2222222222222222,3,5,0,0,0,0,1,1,0.063,0.0,0.00014122208456635192,650000.0
10663707,1,0.0,1.0,0.0,0.0,0.0,0.0,0.0,0.0,0.0,0.0,0.0,0.0,0.0,1.0,0.0,0.0,1.0,0.0,0.163265306122449,0.36363636363636365,0.18181818181818182,0.14285714285714285,0.16666666666666666,3,2,0,0,0,0,0,1,0.0,0.0,0.00013296884585792875,1250000.0
10663706,0,1.0,0.0,0.0,0.0,1.0,0.0,0.0,0.0,0.0,0.0,0.0,0.0,0.0,0.0,0.0,1.0,0.0,0.0,0.07244897959183674,0.09090909090909091,0.09090909090909091,0.0,0.05555555555555555,3,7,0,0,0,0,0,0,0.0,0.0,0.0,195000.0
10663708,1,0.0,1.0,0.0,0.0,0.0,0.0,0.0,0.0,0.0,0.0,0.0,0.0,0.0,1.0,0.0,0.0,1.0,0.0,0.3836734693877551,0.2727272727272727,0.2727272727272727,0.21428571428571427,0.2222222222222222,2,2,0,0,0,0,0,1,0.0,0.0,0.0003411338666148241,4275000.0
10663709,0,0.0,1.0,0.0,0.0,0.0,0.0,0.0,0.0,0.0,0.0,0.0,0.0,0.0,1.0,0.0,0.0,1.0,0.0,0.07755102040816328,0.1818181818181818,0.18181818181818182,0.07142857142857142,0.1111111111111111,1,1,1,0,0,0,0,1,0.0,0.06,0.0,2095000.0
10663710,1,0.0,1.0,0.0,0.0,0.0,1.0,0.0,0.0,0.0,0.0,0.0,0.0,0.0,0.0,0.0,0.0,0.0,1.0,0.15000000000000002,0.09090909090909091,0.09090909090909091,0.0,0.1111111111111111,4,3,0,0,0,0,0,1,0.0,0.0,0.00035305521141587977,319000.0
10663715,1,0.0,1.0,0.0,0.0,0.0,1.0,0.0,0.0,0.0,0.0,0.0,0.0,0.0,0.0,0.0,0.0,0.0,1.0,0.19387755102040818,0.1818181818181818,0.09090909090909091,0.0,0.05555555555555555,3,5,0,0,0,0,0,1,0.0,0.0,0.000659342070150695,395000.0
10663734,1,0.0,1.0,0.0,0.0,0.0,0.0,1.0,0.0,0.0,0.0,0.0,0.0,0.0,0.0,0.0,0.0,0.0,1.0,0.2683673469387755,0.1818181818181818,0.09090909090909091,0.0,0.0,0,5,0,0,0,0,0,0,0.0,0.0,0.00014213911108951004,295000.0
10663724,1,0.0,1.0,0.0,0.0,0.0,1.0,0.0,0.0,0.0,0.0,0.0,0.0,0.0,0.0,0.0,0.0,0.0,1.0,0.1479591836734694,0.1818181818181818,0.09090909090909091,0.0,0.0,4,5,0,0,0,0,0,1,0.0,0.0,0.00026410363866954126,319000.0
10663713,1,0.0,1.0,0.0,0.0,0.0,1.0,0.0,0.0,0.0,0.0,0.0,0.0,0.0,0.0,0.0,0.0,0.0,1.0,0.1295918367346939,0.1818181818181818,0.09090909090909091,0.0,0.05555555555555555,5,6,0,0,0,0,0,1,0.0,0.0,0.0005227051182001338,270000.0
10663736,1,0.0,1.0,0.0,1.0,0.0,0.0,0.0,0.0,0.0,0.0,0.0,0.0,0.0,0.0,0.0,0.0,0.0,1.0,0.3163265306122449,0.2727272727272727,0.09090909090909091,0.0,0.1111111111111111,3,3,0,0,0,0,0,0,0.0,0.0,0.0007336212185265035,569000.0
10663737,1,0.0,0.0,1.0,0.0,0.0,0.0,0.0,0.0,0.0,1.0,0.0,0.0,0.0,0.0,0.0,0.0,0.0,1.0,0.25,0.36363636363636365,0.18181818181818182,0.21428571428571427,0.16666666666666666,3,5,0,0,0,0,1,1,0.108,0.45,0.0002787760630400713,330000.0
10532667,1,0.0,0.0,1.0,0.0,0.0,0.0,0.0,1.0,0.0,0.0,0.0,0.0,0.0,0.0,0.0,1.0,0.0,0.0,0.06224489795918368,0.09090909090909091,0.0,0.07142857142857142,0.05555555555555555,3,6,0,0,0,0,0,1,0.0,0.0,4.585132615790647e-05,85000.0
10663738,1,0.0,0.0,1.0,0.0,0.0,0.0,0.0,0.0,0.0,1.0,0.0,0.0,0.0,0.0,0.0,0.0,0.0,1.0,0.10816326530612247,0.09090909090909091,0.0,0.07142857142857142,0.05555555555555555,2,2,0,0,0,0,0,0,0.0,0.0,0.0,279000.0
10663744,1,0.0,1.0,0.0,1.0,0.0,0.0,0.0,0.0,0.0,0.0,0.0,0.0,0.0,0.0,0.0,0.0,0.0,1.0,0.13367346938775512,0.1818181818181818,0.09090909090909091,0.0,0.1111111111111111,3,3,0,0,0,0,0,1,0.0,0.0,0.0,320000.0
10663743,1,0.0,0.0,1.0,0.0,0.0,0.0,0.0,0.0,0.0,1.0,0.0,0.0,0.0,0.0,0.0,0.0,1.0,0.0,0.17755102040816328,0.1818181818181818,0.09090909090909091,0.07142857142857142,0.1111111111111111,3,4,0,0,1,0,1,1,0.8130000000000001,0.0,0.0008399962952128464,335000.0
10663753,1,0.0,1.0,0.0,0.0,0.0,0.0,0.0,0.0,1.0,0.0,0.0,0.0,0.0,0.0,0.0,0.0,0.0,1.0,0.13469387755102044,0.09090909090909091,0.09090909090909091,0.0,0.05555555555555555,4,3,0,0,0,0,1,1,0.189,0.25,0.0002595185060537506,309000.0
10663746,0,0.0,1.0,0.0,0.0,0.0,0.0,1.0,0.0,0.0,0.0,0.0,0.0,0.0,0.0,0.0,0.0,0.0,1.0,0.10408163265306122,0.09090909090909091,0.09090909090909091,0.0,0.0,1,1,0,0,0,0,0,1,0.0,0.25,0.0,349032.0
10663749,0,0.0,1.0,0.0,0.0,0.0,0.0,1.0,0.0,0.0,0.0,0.0,0.0,0.0,0.0,0.0,0.0,0.0,1.0,0.10408163265306122,0.09090909090909091,0.09090909090909091,0.0,0.0,1,1,0,0,0,0,0,1,0.0,0.27,0.0,349753.0
10663752,1,0.0,1.0,0.0,0.0,0.0,0.0,0.0,0.0,1.0,0.0,0.0,0.0,0.0,0.0,0.0,0.0,0.0,1.0,0.1163265306122449,0.1818181818181818,0.09090909090909091,0.0,0.05555555555555555,4,6,0,0,0,0,1,0,1.0,0.0,0.002198112576010036,339000.0
10663757,1,0.0,0.0,1.0,0.0,0.0,0.0,0.0,0.0,0.0,0.0,1.0,0.0,0.0,0.0,0.0,0.0,0.0,1.0,0.1479591836734694,0.1818181818181818,0.09090909090909091,0.0,0.1111111111111111,0,0,0,0,0,0,0,1,0.0,0.0,0.0005061986407832873,299000.0
10663754,1,0.0,1.0,0.0,0.0,0.0,0.0,1.0,0.0,0.0,0.0,0.0,0.0,0.0,0.0,0.0,0.0,1.0,0.0,0.2275510204081633,0.2727272727272727,0.18181818181818182,0.0,0.1111111111111111,1,0,0,0,0,0,0,1,0.0,0.35000000000000003,0.0006089056113769978,875000.0
10663758,1,0.0,0.0,1.0,0.0,0.0,0.0,0.0,0.0,0.0,0.0,1.0,0.0,0.0,0.0,0.0,0.0,0.0,1.0,0.1806122448979592,0.4545454545454545,0.09090909090909091,0.07142857142857142,0.1111111111111111,4,6,0,0,0,0,1,1,0.12,0.6,0.0003649765562169355,272000.0
10663759,1,0.0,1.0,0.0,1.0,0.0,0.0,0.0,0.0,0.0,0.0,0.0,0.0,0.0,0.0,0.0,0.0,0.0,1.0,0.163265306122449,0.1818181818181818,0.09090909090909091,0.0,0.05555555555555555,4,6,0,0,0,0,0,0,0.0,0.0,0.00024117797559058802,360000.0
10663760,1,0.0,1.0,0.0,1.0,0.0,0.0,0.0,0.0,0.0,0.0,0.0,0.0,0.0,0.0,0.0,0.0,0.0,1.0,0.22346938775510206,0.2727272727272727,0.09090909090909091,0.0,0.1111111111111111,0,3,0,0,0,0,0,1,0.0,0.0,0.0008189046851802095,585000.0
10663761,1,0.0,1.0,0.0,1.0,0.0,0.0,0.0,0.0,0.0,0.0,0.0,0.0,0.0,0.0,0.0,0.0,0.0,1.0,0.163265306122449,0.1818181818181818,0.09090909090909091,0.0,0.1111111111111111,0,6,0,0,1,0,0,1,0.0,0.0,0.0013947973417235146,395000.0
10663763,1,0.0,1.0,0.0,1.0,0.0,0.0,0.0,0.0,0.0,0.0,0.0,0.0,0.0,0.0,0.0,0.0,0.0,1.0,0.5051020408163266,0.36363636363636365,0.2727272727272727,0.0,0.0,0,5,0,0,1,0,0,1,0.0,0.0,0.004754782522574901,1298000.0
10663765,1,0.0,1.0,0.0,1.0,0.0,0.0,0.0,0.0,0.0,0.0,0.0,0.0,0.0,0.0,0.0,0.0,0.0,1.0,0.3816326530612245,0.4545454545454545,0.09090909090909091,0.0,0.1111111111111111,0,2,0,0,0,0,0,1,0.0,0.0,0.0006923550249843877,685000.0
10663762,1,0.0,1.0,0.0,1.0,0.0,0.0,0.0,0.0,0.0,0.0,0.0,0.0,0.0,0.0,0.0,0.0,0.0,1.0,0.27040816326530615,0.4545454545454545,0.18181818181818182,0.0,0.16666666666666666,0,6,0,0,0,0,0,1,0.0,0.0,0.008097344199486283,595000.0
10663766,1,0.0,1.0,0.0,1.0,0.0,0.0,0.0,0.0,0.0,0.0,0.0,0.0,0.0,0.0,0.0,0.0,0.0,1.0,0.3816326530612245,0.4545454545454545,0.09090909090909091,0.0,0.1111111111111111,0,2,0,0,0,0,0,1,0.0,0.0,0.0006923550249843877,685000.0
10663775,1,0.0,1.0,0.0,1.0,0.0,0.0,0.0,0.0,0.0,0.0,0.0,0.0,0.0,0.0,0.0,0.0,0.0,1.0,0.28775510204081634,0.2727272727272727,0.09090909090909091,0.0,0.0,0,3,0,0,0,0,0,1,0.0,0.0,0.0009023540987875993,349000.0
10663771,1,0.0,0.0,1.0,0.0,0.0,0.0,0.0,0.0,0.0,1.0,0.0,0.0,0.0,0.0,0.0,0.0,0.0,1.0,0.20204081632653065,0.1818181818181818,0.0,0.0,0.1111111111111111,4,0,0,0,0,0,0,0,0.0,0.0,0.0011527023396097685,495000.0
10663767,1,0.0,0.0,1.0,0.0,0.0,0.0,0.0,0.0,0.0,1.0,0.0,0.0,0.0,0.0,0.0,0.0,0.0,1.0,0.22448979591836737,0.2727272727272727,0.18181818181818182,0.0,0.0,1,5,0,0,0,0,0,1,0.0,0.0,0.0014241421904645749,529000.0
10663776,1,0.0,1.0,0.0,0.0,0.0,0.0,1.0,0.0,0.0,0.0,0.0,0.0,0.0,0.0,0.0,0.0,1.0,0.0,0.1326530612244898,0.1818181818181818,0.09090909090909091,0.0,0.0,1,0,0,0,0,0,1,1,0.494,0.0,0.000503447561213813,497500.0
10663779,1,0.0,0.0,1.0,0.0,0.0,0.0,0.0,0.0,0.0,1.0,0.0,0.0,0.0,0.0,1.0,0.0,0.0,0.0,0.2826530612244898,0.4545454545454545,0.2727272727272727,0.0,0.1111111111111111,3,3,0,0,0,0,0,1,0.0,0.0,0.0,549000.0
10663783,0,0.0,1.0,0.0,1.0,0.0,0.0,0.0,0.0,0.0,0.0,0.0,0.0,0.0,0.0,0.0,0.0,0.0,1.0,0.06326530612244899,0.1818181818181818,0.09090909090909091,0.0,0.05555555555555555,0,2,1,0,0,0,0,1,0.0,0.0,0.0,239000.0
10663786,0,0.0,0.0,1.0,0.0,0.0,0.0,0.0,0.0,0.0,1.0,0.0,0.0,0.0,0.0,0.0,0.0,1.0,0.0,0.04591836734693878,0.09090909090909091,0.09090909090909091,0.0,0.05555555555555555,4,3,1,0,0,0,0,1,0.0,0.16,0.0,160000.0
10663780,1,0.0,0.0,1.0,0.0,0.0,0.0,0.0,0.0,0.0,1.0,0.0,0.0,0.0,0.0,0.0,1.0,0.0,0.0,0.28061224489795916,0.2727272727272727,0.18181818181818182,0.0,0.1111111111111111,1,4,0,0,0,0,1,1,0.02,0.2,0.0,479000.0
10663785,1,0.0,0.0,1.0,0.0,0.0,0.0,0.0,0.0,0.0,1.0,0.0,0.0,0.0,0.0,0.0,1.0,0.0,0.0,0.0816326530612245,0.09090909090909091,0.09090909090909091,0.0,0.0,5,6,0,0,0,0,0,1,0.0,0.25,0.00016506477416846328,69000.0
10663781,1,0.0,1.0,0.0,0.0,0.0,0.0,1.0,0.0,0.0,0.0,0.0,0.0,0.0,0.0,0.0,0.0,0.0,1.0,0.1275510204081633,0.1818181818181818,0.18181818181818182,0.07142857142857142,0.1111111111111111,1,0,0,0,0,0,1,1,0.12,0.6,0.0,639000.0
10663789,1,1.0,0.0,0.0,0.0,1.0,0.0,0.0,0.0,0.0,0.0,0.0,0.0,0.0,0.0,0.0,0.0,1.0,0.0,0.08775510204081632,0.09090909090909091,0.09090909090909091,0.07142857142857142,0.05555555555555555,5,7,0,0,0,0,1,1,0.309,0.0,0.00035122115836956353,365000.0
10663788,0,1.0,0.0,0.0,0.0,1.0,0.0,0.0,0.0,0.0,0.0,0.0,0.0,0.0,0.0,0.0,0.0,0.0,1.0,0.06122448979591837,0.09090909090909091,0.09090909090909091,0.0,0.05555555555555555,4,5,1,0,0,0,0,1,0.0,0.1,0.0,250000.0
10663790,0,1.0,0.0,0.0,0.0,1.0,0.0,0.0,0.0,0.0,0.0,0.0,0.0,0.0,0.0,0.0,0.0,1.0,0.0,0.04897959183673469,0.09090909090909091,0.09090909090909091,0.07142857142857142,0.05555555555555555,3,6,1,0,1,0,0,1,0.0,0.09,0.0,249000.0
10663787,0,1.0,0.0,0.0,0.0,1.0,0.0,0.0,0.0,0.0,0.0,0.0,0.0,0.0,0.0,0.0,0.0,1.0,0.0,0.08673469387755103,0.09090909090909091,0.18181818181818182,0.14285714285714285,0.1111111111111111,3,7,0,0,0,0,0,1,0.0,0.14,0.0,390000.0
10663792,0,1.0,0.0,0.0,0.0,1.0,0.0,0.0,0.0,0.0,0.0,0.0,0.0,0.0,0.0,0.0,0.0,0.0,1.0,0.14183673469387756,0.09090909090909091,0.18181818181818182,0.14285714285714285,0.1111111111111111,1,5,1,0,0,0,0,1,0.0,0.65,0.0,565000.0
10663796,1,0.0,0.0,1.0,0.0,0.0,0.0,0.0,0.0,0.0,0.0,0.0,1.0,0.0,0.0,0.0,0.0,0.0,1.0,0.1326530612244898,0.2727272727272727,0.09090909090909091,0.0,0.0,1,3,0,0,1,0,0,1,0.0,0.0,0.0011178553317297596,360000.0
10663797,1,0.0,1.0,0.0,0.0,0.0,1.0,0.0,0.0,0.0,0.0,0.0,0.0,0.0,0.0,0.0,0.0,1.0,0.0,0.07755102040816328,0.09090909090909091,0.09090909090909091,0.07142857142857142,0.05555555555555555,3,6,0,0,0,0,1,1,0.18,0.45,0.00016506477416846328,243000.0
10663798,1,0.0,1.0,0.0,0.0,0.0,1.0,0.0,0.0,0.0,0.0,0.0,0.0,0.0,0.0,1.0,0.0,0.0,0.0,0.06326530612244899,0.0,0.09090909090909091,0.07142857142857142,0.05555555555555555,2,3,0,0,0,0,0,1,0.0,0.11,4.860240572738086e-05,298000.0
10663812,0,0.0,1.0,0.0,1.0,0.0,0.0,0.0,0.0,0.0,0.0,0.0,0.0,0.0,0.0,0.0,1.0,0.0,0.0,0.0816326530612245,0.09090909090909091,0.09090909090909091,0.0,0.0,0,2,1,0,0,0,0,1,0.0,0.0,0.0,239000.0
10663814,0,0.0,1.0,0.0,0.0,0.0,1.0,0.0,0.0,0.0,0.0,0.0,0.0,0.0,0.0,0.0,1.0,0.0,0.0,0.0836734693877551,0.09090909090909091,0.09090909090909091,0.0,0.0,1,0,1,0,0,0,0,1,0.0,0.29,0.0,585000.0
10663813,0,0.0,1.0,0.0,0.0,0.0,1.0,0.0,0.0,0.0,0.0,0.0,0.0,0.0,0.0,0.0,1.0,0.0,0.0,0.0836734693877551,0.09090909090909091,0.09090909090909091,0.0,0.0,1,0,1,0,0,0,0,1,0.0,0.29,0.0,565000.0
10663817,0,0.0,1.0,0.0,0.0,0.0,1.0,0.0,0.0,0.0,0.0,0.0,0.0,0.0,0.0,0.0,1.0,0.0,0.0,0.09591836734693879,0.09090909090909091,0.09090909090909091,0.0,0.0,1,0,1,0,0,0,0,1,0.0,0.2,0.0,429000.0
10663818,1,0.0,1.0,0.0,1.0,0.0,0.0,0.0,0.0,0.0,0.0,0.0,0.0,0.0,0.0,0.0,0.0,0.0,1.0,0.1479591836734694,0.2727272727272727,0.09090909090909091,0.0,0.1111111111111111,0,6,0,0,0,0,1,1,0.18,0.0,0.00035122115836956353,499000.0
10663824,0,0.0,1.0,0.0,1.0,0.0,0.0,0.0,0.0,0.0,0.0,0.0,0.0,0.0,0.0,0.0,0.0,0.0,1.0,0.07244897959183674,0.1818181818181818,0.0,0.0,0.0,4,3,1,0,0,0,0,1,0.0,0.17,0.0,189000.0
10663822,0,0.0,1.0,0.0,1.0,0.0,0.0,0.0,0.0,0.0,0.0,0.0,0.0,0.0,0.0,1.0,0.0,0.0,0.0,0.08265306122448982,0.1818181818181818,0.09090909090909091,0.0,0.05555555555555555,0,1,1,0,0,0,0,1,0.0,0.12,0.0,450000.0
10663828,0,0.0,1.0,0.0,0.0,0.0,1.0,0.0,0.0,0.0,0.0,0.0,0.0,0.0,0.0,0.0,1.0,0.0,0.0,0.1275510204081633,0.1818181818181818,0.18181818181818182,0.0,0.1111111111111111,1,0,1,0,0,0,0,1,0.0,0.64,0.0,790000.0
10663820,1,0.0,1.0,0.0,1.0,0.0,0.0,0.0,0.0,0.0,0.0,0.0,0.0,0.0,0.0,0.0,0.0,0.0,1.0,0.21938775510204084,0.4545454545454545,0.18181818181818182,0.0,0.16666666666666666,3,3,0,0,0,0,0,1,0.0,0.0,0.00021825231251163479,595000.0
10663833,1,0.0,1.0,0.0,0.0,0.0,1.0,0.0,0.0,0.0,0.0,0.0,0.0,0.0,0.0,0.0,0.0,1.0,0.0,0.4387755102040817,0.36363636363636365,0.18181818181818182,0.07142857142857142,0.1111111111111111,3,5,0,0,0,0,1,1,1.0,0.0,0.001155453419179243,615000.0
10663829,0,0.0,1.0,0.0,0.0,0.0,1.0,0.0,0.0,0.0,0.0,0.0,0.0,0.0,0.0,0.0,1.0,0.0,0.0,0.07040816326530613,0.09090909090909091,0.09090909090909091,0.0,0.05555555555555555,1,0,1,0,0,0,0,1,0.0,0.27,0.0,415000.0
10663836,1,0.0,1.0,0.0,0.0,0.0,1.0,0.0,0.0,0.0,0.0,0.0,0.0,0.0,0.0,0.0,0.0,0.0,1.0,0.15714285714285717,0.1818181818181818,0.18181818181818182,0.0,0.1111111111111111,1,1,0,0,0,0,1,1,0.015,0.09,0.0001815712515853096,362500.0
10663835,1,0.0,1.0,0.0,0.0,0.0,1.0,0.0,0.0,0.0,0.0,0.0,0.0,0.0,0.0,0.0,0.0,0.0,1.0,0.1806122448979592,0.1818181818181818,0.18181818181818182,0.0,0.1111111111111111,1,1,0,0,0,0,1,1,0.016,0.1,0.00020449691466426284,389500.0
10663834,1,0.0,0.0,1.0,0.0,0.0,0.0,0.0,0.0,0.0,0.0,0.0,0.0,1.0,0.0,0.0,0.0,0.0,1.0,0.2857142857142857,0.1818181818181818,0.18181818181818182,0.0,0.1111111111111111,5,7,0,0,0,0,1,1,1.0,0.0,0.0011728769231192475,425000.0
10663839,0,0.0,1.0,0.0,0.0,0.0,0.0,0.0,0.0,1.0,0.0,0.0,0.0,0.0,0.0,0.0,0.0,1.0,0.0,0.06122448979591837,0.09090909090909091,0.09090909090909091,0.0,0.05555555555555555,3,3,1,0,0,0,0,1,0.0,0.03,0.0,168000.0
10663842,1,0.0,0.0,1.0,0.0,0.0,0.0,0.0,1.0,0.0,0.0,0.0,0.0,0.0,0.0,0.0,0.0,0.0,1.0,0.10204081632653061,0.09090909090909091,0.09090909090909091,0.07142857142857142,0.1111111111111111,2,1,0,0,0,0,1,1,0.15,0.0,0.0002503482408221693,259000.0
10663840,1,0.0,0.0,1.0,0.0,0.0,0.0,0.0,1.0,0.0,0.0,0.0,0.0,0.0,0.0,0.0,0.0,0.0,1.0,0.3591836734693878,0.2727272727272727,0.09090909090909091,0.0,0.16666666666666666,2,4,0,0,0,0,0,1,0.0,0.0,0.0023659284297479735,595000.0
10663841,1,0.0,0.0,1.0,0.0,0.0,0.0,0.0,1.0,0.0,0.0,0.0,0.0,0.0,0.0,0.0,1.0,0.0,0.0,0.2663265306122449,0.36363636363636365,0.09090909090909091,0.0,0.05555555555555555,1,4,0,0,0,0,0,1,0.0,0.0,0.0009518735310381383,395000.0
10401699,1,0.0,0.0,1.0,0.0,0.0,0.0,0.0,0.0,0.0,1.0,0.0,0.0,0.0,0.0,0.0,0.0,1.0,0.0,0.1479591836734694,0.1818181818181818,0.09090909090909091,0.0,0.1111111111111111,0,3,0,0,0,0,0,1,0.0,0.0,0.0010399080772613186,420000.0
10663847,1,0.0,0.0,1.0,0.0,0.0,0.0,0.0,1.0,0.0,0.0,0.0,0.0,0.0,0.0,0.0,0.0,1.0,0.0,0.1459183673469388,0.2727272727272727,0.18181818181818182,0.14285714285714285,0.0,3,2,0,0,0,0,1,1,0.25,0.0,0.000552966993464352,389000.0
10663853,1,0.0,0.0,1.0,0.0,0.0,0.0,0.0,1.0,0.0,0.0,0.0,0.0,0.0,0.0,0.0,0.0,0.0,1.0,0.1306122448979592,0.09090909090909091,0.0,0.07142857142857142,0.05555555555555555,3,7,0,0,0,0,0,0,0.0,0.0,6.419185662106905e-05,140000.0
10663852,1,0.0,0.0,1.0,0.0,0.0,0.0,0.0,1.0,0.0,0.0,0.0,0.0,0.0,0.0,0.0,0.0,0.0,1.0,0.1285714285714286,0.09090909090909091,0.09090909090909091,0.0,0.05555555555555555,5,7,0,0,0,0,0,1,0.0,0.17,0.00010087291754739423,49000.0
10663848,0,0.0,1.0,0.0,1.0,0.0,0.0,0.0,0.0,0.0,0.0,0.0,0.0,0.0,0.0,0.0,0.0,0.0,1.0,0.06632653061224492,0.09090909090909091,0.09090909090909091,0.0,0.05555555555555555,3,3,0,1,0,0,0,0,0.0,0.0,0.0,196000.0
10663849,1,0.0,0.0,1.0,0.0,0.0,0.0,0.0,1.0,0.0,0.0,0.0,0.0,0.0,0.0,0.0,0.0,1.0,0.0,0.12142857142857144,0.09090909090909091,0.09090909090909091,0.07142857142857142,0.0,4,4,0,0,0,0,1,1,0.17500000000000002,0.0,0.00027327390390112255,105000.0
10663859,1,0.0,0.0,1.0,0.0,0.0,0.0,0.0,1.0,0.0,0.0,0.0,0.0,0.0,0.0,0.0,0.0,0.0,1.0,0.3163265306122449,0.1818181818181818,0.09090909090909091,0.07142857142857142,0.0,3,4,0,0,0,0,1,1,1.0,0.0,0.0013480289890424502,339000.0
10663862,0,1.0,0.0,0.0,0.0,1.0,0.0,0.0,0.0,0.0,0.0,0.0,0.0,0.0,0.0,0.0,1.0,0.0,0.0,0.034693877551020415,0.0,0.09090909090909091,0.07142857142857142,0.05555555555555555,5,7,0,0,0,0,0,0,0.0,0.0,0.0,135000.0
10663860,1,0.0,0.0,1.0,0.0,0.0,0.0,0.0,1.0,0.0,0.0,0.0,0.0,0.0,0.0,0.0,0.0,1.0,0.0,0.15306122448979595,0.2727272727272727,0.09090909090909091,0.07142857142857142,0.0,1,5,0,0,0,0,1,1,0.5,0.35000000000000003,0.0007427914837580847,259000.0
10663863,0,1.0,0.0,0.0,0.0,1.0,0.0,0.0,0.0,0.0,0.0,0.0,0.0,0.0,0.0,0.0,1.0,0.0,0.0,0.034693877551020415,0.0,0.09090909090909091,0.07142857142857142,0.05555555555555555,5,7,0,0,0,0,0,0,0.0,0.0,0.0,175000.0
10663866,1,0.0,0.0,1.0,0.0,0.0,0.0,0.0,0.0,0.0,0.0,0.0,0.0,1.0,0.0,0.0,0.0,0.0,1.0,0.4061224489795919,0.4545454545454545,0.18181818181818182,0.14285714285714285,0.16666666666666666,3,4,0,0,0,0,1,1,1.0,0.72,0.005055567222170767,1290000.0
10663871,1,0.0,1.0,0.0,0.0,0.0,1.0,0.0,0.0,0.0,0.0,0.0,0.0,0.0,0.0,0.0,0.0,1.0,0.0,0.24387755102040817,0.2727272727272727,0.18181818181818182,0.07142857142857142,0.1111111111111111,1,0,0,0,0,0,1,1,0.06,0.0,0.00015222640284424946,399950.0
10663869,1,0.0,0.0,1.0,0.0,0.0,0.0,0.0,0.0,0.0,0.0,0.0,0.0,1.0,0.0,0.0,0.0,1.0,0.0,0.1275510204081633,0.2727272727272727,0.09090909090909091,0.0,0.1111111111111111,5,5,0,0,0,0,1,0,0.75,0.0,0.0007822236242538843,275000.0
10663872,0,0.0,1.0,0.0,1.0,0.0,0.0,0.0,0.0,0.0,0.0,0.0,0.0,0.0,0.0,0.0,0.0,0.0,1.0,0.07142857142857142,0.09090909090909091,0.09090909090909091,0.07142857142857142,0.05555555555555555,5,5,0,0,0,0,0,1,0.0,0.07,0.0,169000.0
10663870,0,1.0,0.0,0.0,0.0,1.0,0.0,0.0,0.0,0.0,0.0,0.0,0.0,0.0,0.0,0.0,1.0,0.0,0.0,0.0816326530612245,0.09090909090909091,0.09090909090909091,0.0,0.05555555555555555,3,7,0,0,0,0,0,0,0.0,0.0,0.0,265000.0
10663861,1,0.0,1.0,0.0,1.0,0.0,0.0,0.0,0.0,0.0,0.0,0.0,0.0,0.0,0.0,0.0,0.0,0.0,1.0,0.15204081632653063,0.1818181818181818,0.09090909090909091,0.0,0.1111111111111111,3,4,0,0,0,0,0,1,0.0,0.0,0.00014213911108951004,330000.0
10663875,1,0.0,1.0,0.0,0.0,0.0,0.0,1.0,0.0,0.0,0.0,0.0,0.0,0.0,0.0,0.0,0.0,0.0,1.0,0.1836734693877551,0.1818181818181818,0.09090909090909091,0.0,0.1111111111111111,3,5,0,0,0,0,0,1,0.0,0.0,0.0006134907439927886,699000.0
10663877,0,1.0,0.0,0.0,0.0,1.0,0.0,0.0,0.0,0.0,0.0,0.0,0.0,0.0,0.0,0.0,0.0,0.0,1.0,0.05816326530612246,0.09090909090909091,0.09090909090909091,0.0,0.05555555555555555,3,3,1,0,0,0,0,1,0.0,0.15,0.0,295000.0
10663876,1,0.0,1.0,0.0,0.0,0.0,0.0,1.0,0.0,0.0,0.0,0.0,0.0,0.0,0.0,0.0,1.0,0.0,0.0,0.1836734693877551,0.1818181818181818,0.09090909090909091,0.0,0.1111111111111111,3,5,0,0,0,0,0,1,0.0,0.0,0.0006134907439927886,699000.0
10663873,0,0.0,1.0,0.0,1.0,0.0,0.0,0.0,0.0,0.0,0.0,0.0,0.0,0.0,0.0,0.0,0.0,0.0,1.0,0.07857142857142857,0.09090909090909091,0.09090909090909091,0.07142857142857142,0.05555555555555555,1,2,0,0,0,0,0,1,0.0,0.03,0.0,295000.0
10663882,1,0.0,0.0,1.0,0.0,0.0,0.0,0.0,0.0,0.0,0.0,0.0,0.0,1.0,0.0,0.0,0.0,0.0,1.0,0.32755102040816325,0.36363636363636365,0.2727272727272727,0.07142857142857142,0.16666666666666666,3,2,0,0,0,0,1,1,0.756,0.61,0.0008381622421665303,750000.0
10663879,1,0.0,0.0,1.0,0.0,0.0,0.0,0.0,0.0,0.0,0.0,0.0,0.0,1.0,0.0,0.0,0.0,0.0,1.0,0.17346938775510207,0.2727272727272727,0.18181818181818182,0.07142857142857142,0.16666666666666666,1,2,0,0,1,0,1,1,1.0,0.16,0.0015791196728782988,795000.0
10663878,1,1.0,0.0,0.0,0.0,1.0,0.0,0.0,0.0,0.0,0.0,0.0,0.0,0.0,0.0,0.0,0.0,1.0,0.0,0.2540816326530612,0.36363636363636365,0.18181818181818182,0.07142857142857142,0.2222222222222222,1,4,0,0,0,0,1,1,0.169,0.36,0.0002567674264842762,1330000.0
10663881,1,0.0,0.0,1.0,0.0,0.0,0.0,0.0,0.0,0.0,0.0,0.0,0.0,1.0,0.0,0.0,0.0,0.0,1.0,0.17346938775510207,0.2727272727272727,0.18181818181818182,0.07142857142857142,0.16666666666666666,1,2,0,0,1,0,1,1,1.0,0.16,0.0015791196728782988,795000.0
10663880,1,0.0,1.0,0.0,0.0,0.0,0.0,1.0,0.0,0.0,0.0,0.0,0.0,0.0,0.0,0.0,0.0,0.0,1.0,0.4285714285714286,0.2727272727272727,0.2727272727272727,0.07142857142857142,0.16666666666666666,3,4,0,0,1,0,1,1,1.0,1.0,0.0014635743309603744,1650000.0
10663891,1,0.0,1.0,0.0,0.0,0.0,0.0,1.0,0.0,0.0,0.0,0.0,0.0,0.0,0.0,0.0,0.0,1.0,0.0,0.2142857142857143,0.2727272727272727,0.09090909090909091,0.0,0.1111111111111111,1,3,0,0,0,0,1,1,0.25,0.0,0.0004768537920422273,645000.0
10663889,1,0.0,0.0,1.0,0.0,0.0,0.0,0.0,1.0,0.0,0.0,0.0,0.0,0.0,0.0,0.0,1.0,0.0,0.0,0.1275510204081633,0.2727272727272727,0.09090909090909091,0.7142857142857142,0.05555555555555555,3,7,0,0,0,0,0,1,0.0,0.7000000000000001,0.0007886428099159913,180000.0
10663893,1,0.0,1.0,0.0,1.0,0.0,0.0,0.0,0.0,0.0,0.0,0.0,0.0,0.0,0.0,0.0,1.0,0.0,0.0,0.13469387755102044,0.1818181818181818,0.09090909090909091,0.07142857142857142,0.1111111111111111,5,6,0,0,0,0,0,0,0.0,0.0,0.0002613525591000669,245000.0
10663895,1,0.0,1.0,0.0,1.0,0.0,0.0,0.0,0.0,0.0,0.0,0.0,0.0,0.0,0.0,0.0,1.0,0.0,0.0,0.1795918367346939,0.2727272727272727,0.09090909090909091,0.0,0.0,5,4,0,0,0,0,1,0,0.038,0.0,0.00012104750105687307,249000.0
10663892,1,0.0,1.0,0.0,0.0,0.0,0.0,1.0,0.0,0.0,0.0,0.0,0.0,0.0,0.0,0.0,0.0,0.0,1.0,0.15408163265306124,0.2727272727272727,0.09090909090909091,0.0,0.1111111111111111,3,2,0,0,0,0,0,1,0.0,0.0,0.00047318568594959475,599000.0
10663897,1,0.0,0.0,1.0,0.0,0.0,0.0,0.0,1.0,0.0,0.0,0.0,0.0,0.0,0.0,1.0,0.0,0.0,0.0,0.18979591836734697,0.36363636363636365,0.0,0.0,0.0,5,3,0,0,0,0,0,0,0.0,0.0,0.00016689882721477954,129000.0
10663900,1,0.0,1.0,0.0,0.0,0.0,0.0,1.0,0.0,0.0,0.0,0.0,0.0,0.0,0.0,0.0,0.0,1.0,0.0,0.13469387755102044,0.1818181818181818,0.09090909090909091,0.07142857142857142,0.1111111111111111,0,0,0,0,0,0,0,1,0.0,0.21,0.0006391674866412161,475000.0
10663901,1,0.0,1.0,0.0,0.0,0.0,0.0,1.0,0.0,0.0,0.0,0.0,0.0,0.0,0.0,0.0,0.0,1.0,0.0,0.1316326530612245,0.1818181818181818,0.09090909090909091,0.07142857142857142,0.1111111111111111,0,0,0,0,0,0,0,1,0.0,0.18,0.0005263732242927662,455000.0
10663902,1,0.0,1.0,0.0,0.0,0.0,1.0,0.0,0.0,0.0,0.0,0.0,0.0,0.0,0.0,0.0,0.0,0.0,1.0,0.22653061224489798,0.2727272727272727,0.09090909090909091,0.07142857142857142,0.1111111111111111,5,6,0,0,0,0,1,1,0.5760000000000001,0.5,0.0006428355927338487,425000.0
10663906,0,1.0,0.0,0.0,0.0,1.0,0.0,0.0,0.0,0.0,0.0,0.0,0.0,0.0,0.0,0.0,0.0,0.0,1.0,0.06632653061224492,0.09090909090909091,0.09090909090909091,0.0,0.05555555555555555,1,4,1,0,0,0,0,1,0.0,0.1,0.0,380000.0
10663904,1,0.0,0.0,1.0,0.0,0.0,0.0,0.0,1.0,0.0,0.0,0.0,0.0,0.0,0.0,0.0,1.0,0.0,0.0,0.05000000000000001,0.0,0.09090909090909091,0.07142857142857142,0.05555555555555555,3,5,0,0,0,0,0,1,0.0,0.0,0.0,160000.0
10663905,1,1.0,0.0,0.0,0.0,1.0,0.0,0.0,0.0,0.0,0.0,0.0,0.0,0.0,0.0,0.0,0.0,0.0,1.0,0.2857142857142857,0.36363636363636365,0.0,0.14285714285714285,0.1111111111111111,3,7,0,0,1,0,1,1,0.13,0.35000000000000003,0.0,700000.0
10663919,1,0.0,1.0,0.0,0.0,0.0,0.0,0.0,0.0,1.0,0.0,0.0,0.0,0.0,0.0,0.0,0.0,0.0,1.0,0.18571428571428575,0.36363636363636365,0.18181818181818182,0.0,0.1111111111111111,0,4,0,0,0,0,0,0,0.0,0.0,0.002006454032669987,315000.0
10663907,1,0.0,0.0,1.0,0.0,0.0,0.0,0.0,1.0,0.0,0.0,0.0,0.0,0.0,0.0,0.0,0.0,0.0,1.0,0.1489795918367347,0.2727272727272727,0.09090909090909091,0.07142857142857142,0.05555555555555555,3,4,0,0,1,0,1,1,0.153,0.28,0.0003026187526421827,219999.0
10663921,1,0.0,1.0,0.0,1.0,0.0,0.0,0.0,0.0,0.0,0.0,0.0,0.0,0.0,0.0,0.0,0.0,0.0,1.0,0.18877551020408165,0.1818181818181818,0.09090909090909091,0.07142857142857142,0.1111111111111111,0,4,0,0,0,0,0,1,0.0,0.0,0.00036222547664746107,325000.0
10663932,1,0.0,0.0,1.0,0.0,0.0,0.0,0.0,0.0,0.0,0.0,0.0,0.0,1.0,0.0,0.0,0.0,0.0,1.0,0.18673469387755104,0.36363636363636365,0.18181818181818182,0.07142857142857142,0.16666666666666666,2,3,0,0,0,0,1,1,0.2,0.25,0.0003356317074758753,595000.0
10663910,1,0.0,0.0,1.0,0.0,0.0,0.0,0.0,1.0,0.0,0.0,0.0,0.0,0.0,0.0,1.0,0.0,0.0,0.0,0.12551020408163266,0.1818181818181818,0.18181818181818182,0.21428571428571427,0.16666666666666666,4,7,0,0,0,0,0,1,0.0,0.0,0.0,185000.0
10663908,1,0.0,0.0,1.0,0.0,0.0,0.0,0.0,1.0,0.0,0.0,0.0,0.0,0.0,0.0,0.0,1.0,0.0,0.0,0.08673469387755103,0.09090909090909091,0.09090909090909091,0.07142857142857142,0.05555555555555555,5,7,0,0,0,0,0,0,0.0,0.0,9.353670536212919e-05,59999.0
10663931,0,0.0,0.0,1.0,0.0,0.0,0.0,0.0,0.0,0.0,0.0,0.0,0.0,1.0,0.0,0.0,0.0,0.0,1.0,0.10204081632653061,0.1818181818181818,0.18181818181818182,0.07142857142857142,0.16666666666666666,5,2,1,0,0,0,0,1,0.0,0.13,0.0,260000.0
10663927,1,0.0,0.0,1.0,0.0,0.0,0.0,0.0,0.0,0.0,1.0,0.0,0.0,0.0,0.0,0.0,0.0,1.0,0.0,0.12551020408163266,0.1818181818181818,0.09090909090909091,0.07142857142857142,0.1111111111111111,3,3,0,0,0,0,1,1,0.132,0.46,0.00027052282433164817,240000.0
10663943,1,0.0,1.0,0.0,1.0,0.0,0.0,0.0,0.0,0.0,0.0,0.0,0.0,0.0,0.0,0.0,0.0,0.0,1.0,0.163265306122449,0.1818181818181818,0.09090909090909091,0.0,0.05555555555555555,4,6,0,0,0,0,1,1,0.254,0.5,0.00035488926446219606,349000.0
10663944,1,0.0,1.0,0.0,1.0,0.0,0.0,0.0,0.0,0.0,0.0,0.0,0.0,0.0,0.0,0.0,0.0,0.0,1.0,0.2673469387755102,0.2727272727272727,0.18181818181818182,0.0,0.1111111111111111,1,2,0,0,0,0,1,1,0.7000000000000001,0.0,0.0009399521862370826,875000.0
10663946,1,0.0,1.0,0.0,0.0,0.0,0.0,1.0,0.0,0.0,0.0,0.0,0.0,0.0,0.0,0.0,0.0,1.0,0.0,0.14489795918367349,0.1818181818181818,0.09090909090909091,0.07142857142857142,0.05555555555555555,3,3,0,0,0,0,0,1,0.0,0.0,0.0,319000.0
10663950,0,0.0,1.0,0.0,0.0,0.0,0.0,0.0,0.0,0.0,0.0,0.0,0.0,0.0,1.0,0.0,0.0,1.0,0.0,0.16734693877551024,0.1818181818181818,0.18181818181818182,0.07142857142857142,0.16666666666666666,1,1,1,0,0,0,0,1,0.0,0.16,0.0,2990000.0
10663949,1,0.0,1.0,0.0,0.0,0.0,0.0,1.0,0.0,0.0,0.0,0.0,0.0,0.0,0.0,0.0,0.0,0.0,1.0,0.23163265306122452,0.1818181818181818,0.09090909090909091,0.07142857142857142,0.1111111111111111,0,0,0,0,0,0,1,1,1.0,0.33,0.0009289478679591851,475000.0
10663955,1,0.0,1.0,0.0,1.0,0.0,0.0,0.0,0.0,0.0,0.0,0.0,0.0,0.0,0.0,0.0,0.0,1.0,0.0,0.336734693877551,0.2727272727272727,0.09090909090909091,0.0,0.16666666666666666,3,4,0,0,0,0,0,1,0.0,0.2,0.00015589450893688199,325000.0
10663956,1,0.0,0.0,1.0,0.0,0.0,0.0,0.0,0.0,0.0,1.0,0.0,0.0,0.0,0.0,0.0,1.0,0.0,0.0,0.0653061224489796,0.09090909090909091,0.09090909090909091,0.07142857142857142,0.05555555555555555,1,5,0,0,0,0,0,1,0.0,0.0,0.00016506477416846328,199000.0
10663957,1,0.0,0.0,1.0,0.0,0.0,0.0,0.0,0.0,0.0,1.0,0.0,0.0,0.0,0.0,0.0,0.0,0.0,1.0,0.08877551020408164,0.09090909090909091,0.09090909090909091,0.07142857142857142,0.05555555555555555,1,2,0,0,0,0,0,0,0.0,0.0,0.0,189000.0
10663963,1,0.0,1.0,0.0,0.0,0.0,0.0,1.0,0.0,0.0,0.0,0.0,0.0,0.0,0.0,0.0,0.0,0.0,1.0,0.14489795918367349,0.2727272727272727,0.09090909090909091,0.0,0.1111111111111111,0,0,0,0,0,0,0,1,0.0,0.0,0.0006483377518727974,419466.0
10663965,1,0.0,1.0,0.0,0.0,0.0,0.0,1.0,0.0,0.0,0.0,0.0,0.0,0.0,0.0,0.0,0.0,0.0,1.0,0.12142857142857144,0.1818181818181818,0.09090909090909091,0.0,0.1111111111111111,1,1,0,0,0,0,0,1,0.0,0.0,0.00024117797559058802,381000.0
10663958,1,0.0,1.0,0.0,0.0,0.0,0.0,1.0,0.0,0.0,0.0,0.0,0.0,0.0,0.0,0.0,0.0,0.0,1.0,0.1285714285714286,0.09090909090909091,0.09090909090909091,0.0,0.1111111111111111,5,6,0,0,0,0,1,1,0.182,0.09,0.00025126526734532744,379000.0
10663966,1,0.0,1.0,0.0,0.0,0.0,0.0,1.0,0.0,0.0,0.0,0.0,0.0,0.0,0.0,0.0,0.0,0.0,1.0,0.11938775510204083,0.1818181818181818,0.09090909090909091,0.0,0.1111111111111111,1,1,0,0,0,0,0,1,0.0,0.0,0.0001659818006916214,346000.0
10663964,1,0.0,1.0,0.0,0.0,0.0,0.0,1.0,0.0,0.0,0.0,0.0,0.0,0.0,0.0,0.0,0.0,0.0,1.0,0.1275510204081633,0.1818181818181818,0.09090909090909091,0.0,0.1111111111111111,1,1,0,0,0,0,0,1,0.0,0.0,0.00024117797559058802,380000.0
10663967,1,0.0,1.0,0.0,0.0,0.0,1.0,0.0,0.0,0.0,0.0,0.0,0.0,0.0,0.0,0.0,0.0,0.0,1.0,0.25,0.2727272727272727,0.09090909090909091,0.0,0.1111111111111111,4,6,0,0,0,0,0,1,0.0,0.0,0.004301771420134785,665000.0
10663970,0,0.0,1.0,0.0,1.0,0.0,0.0,0.0,0.0,0.0,0.0,0.0,0.0,0.0,0.0,0.0,1.0,0.0,0.0,0.10204081632653061,0.09090909090909091,0.09090909090909091,0.0,0.05555555555555555,1,1,1,0,0,0,0,1,0.0,0.41000000000000003,0.0,525000.0
10663971,1,0.0,1.0,0.0,0.0,0.0,0.0,0.0,0.0,0.0,0.0,0.0,0.0,0.0,1.0,0.0,0.0,0.0,1.0,0.18571428571428575,0.1818181818181818,0.18181818181818182,0.0,0.16666666666666666,1,1,0,0,0,0,1,1,0.2,0.4,0.00038698519277273057,445000.0
10663975,1,0.0,1.0,0.0,1.0,0.0,0.0,0.0,0.0,0.0,0.0,0.0,0.0,0.0,0.0,0.0,0.0,0.0,1.0,0.2091836734693878,0.36363636363636365,0.09090909090909091,0.07142857142857142,0.1111111111111111,0,1,0,1,0,0,1,0,0.0,0.0,0.0007015252902159689,695000.0
10663973,0,0.0,1.0,0.0,1.0,0.0,0.0,0.0,0.0,0.0,0.0,0.0,0.0,0.0,0.0,0.0,1.0,0.0,0.0,0.08775510204081632,0.09090909090909091,0.09090909090909091,0.0,0.05555555555555555,0,2,1,1,0,0,0,1,0.0,0.04,0.0,439000.0
10663968,1,0.0,0.0,1.0,0.0,0.0,0.0,0.0,0.0,0.0,1.0,0.0,0.0,0.0,0.0,0.0,0.0,0.0,1.0,0.23673469387755106,0.36363636363636365,0.0,0.21428571428571427,0.16666666666666666,0,4,0,0,1,0,0,1,0.0,0.0,0.00928030841436027,820000.0
10663994,0,0.0,1.0,0.0,1.0,0.0,0.0,0.0,0.0,0.0,0.0,0.0,0.0,0.0,0.0,1.0,0.0,0.0,0.0,0.022448979591836733,0.0,0.09090909090909091,0.0,0.0,5,4,0,0,0,0,0,0,0.0,0.0,0.0,205000.0
10663991,1,0.0,0.0,1.0,0.0,0.0,0.0,0.0,1.0,0.0,0.0,0.0,0.0,0.0,0.0,0.0,0.0,0.0,1.0,0.3112244897959184,0.36363636363636365,0.18181818181818182,0.14285714285714285,0.1111111111111111,3,4,0,0,0,0,1,1,0.75,0.0,0.0009812183797791984,315000.0
10663995,0,0.0,1.0,0.0,1.0,0.0,0.0,0.0,0.0,0.0,0.0,0.0,0.0,0.0,0.0,1.0,0.0,0.0,0.0,0.02448979591836735,0.0,0.09090909090909091,0.0,0.0,5,5,0,0,0,0,0,0,0.0,0.0,0.0,220000.0
10532930,1,0.0,1.0,0.0,1.0,0.0,0.0,0.0,0.0,0.0,0.0,0.0,0.0,0.0,0.0,0.0,0.0,0.0,1.0,0.17346938775510207,0.1818181818181818,0.09090909090909091,0.0,0.1111111111111111,1,0,0,1,0,0,1,1,0.24,0.45,0.00037781492754114927,565000.0
10663997,1,0.0,1.0,0.0,0.0,0.0,0.0,1.0,0.0,0.0,0.0,0.0,0.0,0.0,0.0,0.0,0.0,0.0,1.0,0.11020408163265308,0.09090909090909091,0.09090909090909091,0.0,0.0,2,3,0,0,0,0,1,1,0.4,0.0,0.0004401727311159021,349000.0
10664002,1,0.0,0.0,1.0,0.0,0.0,0.0,0.0,0.0,0.0,0.0,0.0,0.0,1.0,0.0,0.0,0.0,0.0,1.0,0.16122448979591839,0.1818181818181818,0.09090909090909091,0.07142857142857142,0.1111111111111111,3,7,0,0,0,0,0,1,0.0,0.09,0.0011178553317297596,550000.0
10663998,0,0.0,1.0,0.0,1.0,0.0,0.0,0.0,0.0,0.0,0.0,0.0,0.0,0.0,0.0,1.0,0.0,0.0,0.0,0.06224489795918368,0.0,0.09090909090909091,0.0,0.0,3,3,0,0,0,0,0,0,0.0,0.0,0.0,320000.0
10663999,1,0.0,1.0,0.0,1.0,0.0,0.0,0.0,0.0,0.0,0.0,0.0,0.0,0.0,0.0,0.0,0.0,0.0,1.0,0.4020408163265306,0.2727272727272727,0.2727272727272727,0.14285714285714285,0.0,3,4,1,0,0,0,0,1,0.0,0.0,0.0014608232513909,2250000.0
10664009,0,0.0,1.0,0.0,1.0,0.0,0.0,0.0,0.0,0.0,0.0,0.0,0.0,0.0,0.0,0.0,0.0,0.0,1.0,0.08265306122448982,0.09090909090909091,0.09090909090909091,0.0,0.0,3,2,0,0,0,0,0,1,0.0,0.0,0.0,225000.0
10664005,1,0.0,1.0,0.0,1.0,0.0,0.0,0.0,0.0,0.0,0.0,0.0,0.0,0.0,0.0,0.0,0.0,0.0,1.0,0.18469387755102043,0.36363636363636365,0.18181818181818182,0.14285714285714285,0.1111111111111111,0,6,0,0,0,0,0,1,0.0,0.0,0.000467683526810646,320000.0
10664013,1,0.0,1.0,0.0,0.0,0.0,0.0,0.0,0.0,0.0,0.0,0.0,0.0,0.0,1.0,0.0,0.0,0.0,1.0,0.18571428571428575,0.1818181818181818,0.09090909090909091,0.0,0.0,3,4,0,0,0,0,0,0,0.0,0.0,0.0005667223913117239,389000.0
10664011,1,0.0,1.0,0.0,1.0,0.0,0.0,0.0,0.0,0.0,0.0,0.0,0.0,0.0,0.0,0.0,0.0,0.0,1.0,0.09285714285714286,0.1818181818181818,0.09090909090909091,0.0,0.1111111111111111,5,6,0,0,0,0,0,0,0.0,0.0,0.00030536983221165706,299000.0
10664012,1,0.0,0.0,1.0,0.0,0.0,0.0,0.0,0.0,0.0,1.0,0.0,0.0,0.0,0.0,0.0,0.0,0.0,1.0,0.09489795918367347,0.1818181818181818,0.09090909090909091,0.07142857142857142,0.1111111111111111,5,5,0,0,0,0,0,1,0.0,0.0,0.0002521822938684856,159000.0
10664024,1,0.0,1.0,0.0,0.0,0.0,0.0,1.0,0.0,0.0,0.0,0.0,0.0,0.0,0.0,0.0,0.0,0.0,1.0,0.163265306122449,0.2727272727272727,0.18181818181818182,0.07142857142857142,0.05555555555555555,3,3,0,0,0,0,0,1,0.0,0.0,0.0008849305948475948,370000.0
10664027,0,1.0,0.0,0.0,0.0,1.0,0.0,0.0,0.0,0.0,0.0,0.0,0.0,0.0,0.0,0.0,0.0,0.0,1.0,0.0,0.0,0.09090909090909091,0.07142857142857142,0.05555555555555555,3,7,0,0,0,0,0,0,0.0,0.0,0.0,185000.0
10664014,1,0.0,1.0,0.0,0.0,0.0,0.0,1.0,0.0,0.0,0.0,0.0,0.0,0.0,0.0,0.0,0.0,0.0,1.0,0.2163265306122449,0.2727272727272727,0.09090909090909091,0.0,0.1111111111111111,1,2,0,1,0,0,1,1,0.4,0.6,0.0005492988873717194,645000.0
10664025,1,0.0,1.0,0.0,0.0,0.0,0.0,1.0,0.0,0.0,0.0,0.0,0.0,0.0,0.0,0.0,0.0,1.0,0.0,0.18877551020408165,0.2727272727272727,0.09090909090909091,0.0,0.1111111111111111,1,1,0,0,0,0,1,1,0.2,0.2,0.0002934484874106014,389000.0
10664029,1,0.0,0.0,1.0,0.0,0.0,0.0,0.0,0.0,0.0,0.0,0.0,0.0,1.0,0.0,0.0,0.0,0.0,1.0,0.19081632653061226,0.2727272727272727,0.2727272727272727,0.21428571428571427,0.16666666666666666,5,0,0,0,0,0,1,1,0.311,0.0,0.004401727311159021,550000.0
10664036,1,0.0,0.0,1.0,0.0,0.0,0.0,0.0,0.0,0.0,0.0,0.0,1.0,0.0,0.0,0.0,0.0,0.0,1.0,0.09693877551020408,0.1818181818181818,0.09090909090909091,0.0,0.05555555555555555,5,7,0,0,0,0,0,1,0.0,0.0,0.0002861122752253364,120000.0
10664028,1,0.0,0.0,1.0,0.0,0.0,0.0,0.0,0.0,0.0,0.0,0.0,0.0,1.0,0.0,0.0,0.0,0.0,1.0,0.1295918367346939,0.1818181818181818,0.18181818181818182,0.21428571428571427,0.1111111111111111,5,0,0,0,0,0,0,1,0.0,0.0,0.004401727311159021,440000.0
10664033,0,0.0,1.0,0.0,1.0,0.0,0.0,0.0,0.0,0.0,0.0,0.0,0.0,0.0,0.0,0.0,0.0,0.0,1.0,0.12244897959183676,0.09090909090909091,0.09090909090909091,0.0,0.1111111111111111,1,2,0,0,0,0,0,1,0.0,0.0,0.0,329000.0
10664031,0,0.0,1.0,0.0,0.0,0.0,1.0,0.0,0.0,0.0,0.0,0.0,0.0,0.0,0.0,0.0,0.0,0.0,1.0,0.0673469387755102,0.09090909090909091,0.09090909090909091,0.0,0.05555555555555555,4,3,1,0,0,0,0,0,0.0,0.0,0.0,249000.0
10664032,1,0.0,1.0,0.0,0.0,0.0,1.0,0.0,0.0,0.0,0.0,0.0,0.0,0.0,0.0,0.0,0.0,0.0,1.0,0.19387755102040818,0.1818181818181818,0.09090909090909091,0.0,0.1111111111111111,3,3,0,0,0,0,0,1,0.0,0.0,0.0011527023396097685,449000.0
10664038,1,0.0,0.0,1.0,0.0,0.0,0.0,0.0,0.0,0.0,0.0,1.0,0.0,0.0,0.0,0.0,0.0,0.0,1.0,0.10714285714285715,0.1818181818181818,0.09090909090909091,0.07142857142857142,0.1111111111111111,0,2,0,0,0,0,0,1,0.0,0.18,0.00045484515548643216,322000.0
10664041,0,1.0,0.0,0.0,0.0,1.0,0.0,0.0,0.0,0.0,0.0,0.0,0.0,0.0,0.0,0.0,1.0,0.0,0.0,0.1816326530612245,0.1818181818181818,0.18181818181818182,0.07142857142857142,0.16666666666666666,2,3,1,0,0,0,0,1,0.0,0.08,0.0,995000.0
10664046,1,0.0,1.0,0.0,0.0,0.0,1.0,0.0,0.0,0.0,0.0,0.0,0.0,0.0,0.0,0.0,0.0,0.0,1.0,0.3877551020408163,0.2727272727272727,0.2727272727272727,0.21428571428571427,0.16666666666666666,1,5,0,0,1,0,1,1,1.0,1.0,0.008643892007288528,1250000.0
10664053,1,0.0,0.0,1.0,0.0,0.0,0.0,0.0,0.0,0.0,1.0,0.0,0.0,0.0,0.0,0.0,0.0,1.0,0.0,0.11734693877551022,0.2727272727272727,0.09090909090909091,0.0,0.1111111111111111,4,5,0,0,0,0,1,1,0.113,0.21,0.0003154571239663965,169000.0
10664059,0,0.0,1.0,0.0,0.0,0.0,0.0,1.0,0.0,0.0,0.0,0.0,0.0,0.0,0.0,0.0,0.0,0.0,1.0,0.07448979591836735,0.09090909090909091,0.09090909090909091,0.0,0.05555555555555555,0,2,1,0,0,0,0,1,0.0,0.0,0.0,339000.0
10664067,0,1.0,0.0,0.0,0.0,1.0,0.0,0.0,0.0,0.0,0.0,0.0,0.0,0.0,0.0,0.0,1.0,0.0,0.0,0.04897959183673469,0.0,0.09090909090909091,0.07142857142857142,0.05555555555555555,3,5,1,0,0,0,0,1,0.0,0.09,0.0,290000.0
10664058,0,0.0,1.0,0.0,0.0,0.0,0.0,1.0,0.0,0.0,0.0,0.0,0.0,0.0,0.0,1.0,0.0,0.0,0.0,0.08877551020408164,0.09090909090909091,0.09090909090909091,0.0,0.0,1,2,1,0,0,0,0,1,0.0,0.1,0.0,410000.0
10664054,1,0.0,0.0,1.0,0.0,0.0,0.0,0.0,0.0,0.0,1.0,0.0,0.0,0.0,0.0,0.0,0.0,0.0,1.0,0.07653061224489796,0.0,0.09090909090909091,0.0,0.05555555555555555,5,4,0,0,0,0,1,0,0.116,0.0,0.0001751520659232027,159000.0
10664069,1,0.0,0.0,1.0,0.0,0.0,0.0,0.0,0.0,0.0,0.0,0.0,0.0,1.0,0.0,0.0,0.0,0.0,1.0,0.2673469387755102,0.2727272727272727,0.18181818181818182,0.0,0.1111111111111111,3,4,0,0,1,0,1,1,1.0,1.0,0.0013865441030150917,570000.0
10664070,1,0.0,0.0,1.0,0.0,0.0,0.0,0.0,0.0,0.0,1.0,0.0,0.0,0.0,0.0,0.0,0.0,1.0,0.0,0.15918367346938778,0.36363636363636365,0.09090909090909091,0.07142857142857142,0.05555555555555555,4,4,0,0,0,0,0,1,0.0,0.15,8.986859926949667e-05,169000.0
10664055,0,0.0,0.0,1.0,0.0,0.0,0.0,0.0,0.0,0.0,1.0,0.0,0.0,0.0,0.0,1.0,0.0,0.0,0.0,0.03571428571428572,0.0,0.09090909090909091,0.0,0.05555555555555555,4,2,1,0,0,0,0,1,0.0,0.02,0.0,125000.0
10664071,1,0.0,0.0,1.0,0.0,0.0,0.0,0.0,1.0,0.0,0.0,0.0,0.0,0.0,0.0,0.0,1.0,0.0,0.0,0.2785714285714286,0.5454545454545454,0.36363636363636365,0.2857142857142857,0.2222222222222222,3,5,0,0,0,0,0,0,0.0,0.0,0.00047043460638012037,495000.0
10664080,1,0.0,0.0,1.0,0.0,0.0,0.0,0.0,0.0,0.0,0.0,0.0,0.0,1.0,0.0,0.0,0.0,0.0,1.0,0.20612244897959187,0.36363636363636365,0.18181818181818182,0.0,0.16666666666666666,3,5,0,0,0,0,0,1,0.0,0.0,0.0009032711253107574,450000.0
10664079,1,0.0,0.0,1.0,0.0,0.0,0.0,0.0,0.0,0.0,0.0,0.0,0.0,1.0,0.0,0.0,0.0,0.0,1.0,0.20612244897959187,0.36363636363636365,0.18181818181818182,0.0,0.16666666666666666,3,5,0,0,0,0,0,1,0.0,0.0,0.0009032711253107574,450000.0
10664082,1,0.0,1.0,0.0,1.0,0.0,0.0,0.0,0.0,0.0,0.0,0.0,0.0,0.0,0.0,0.0,0.0,1.0,0.0,0.10204081632653061,0.2727272727272727,0.09090909090909091,0.0,0.05555555555555555,3,3,0,0,0,0,0,1,0.0,0.0,0.00013113479281161248,269000.0
10664083,1,0.0,1.0,0.0,1.0,0.0,0.0,0.0,0.0,0.0,0.0,0.0,0.0,0.0,0.0,0.0,0.0,0.0,1.0,0.2275510204081633,0.2727272727272727,0.09090909090909091,0.0,0.1111111111111111,5,4,0,0,0,0,0,0,0.0,0.0,0.0006107396644233141,399000.0
10664086,1,0.0,1.0,0.0,1.0,0.0,0.0,0.0,0.0,0.0,0.0,0.0,0.0,0.0,0.0,0.0,0.0,0.0,1.0,0.1959183673469388,0.2727272727272727,0.09090909090909091,0.0,0.1111111111111111,0,6,0,0,0,0,1,1,0.6,0.2,0.0006758485475675413,349000.0
10664087,1,0.0,1.0,0.0,1.0,0.0,0.0,0.0,0.0,0.0,0.0,0.0,0.0,0.0,0.0,0.0,0.0,0.0,1.0,0.18775510204081636,0.2727272727272727,0.09090909090909091,0.0,0.1111111111111111,3,4,0,0,0,0,1,1,0.276,0.2,0.00039707248452747,359000.0
10664081,1,0.0,0.0,1.0,0.0,0.0,0.0,0.0,0.0,0.0,0.0,0.0,0.0,1.0,0.0,0.0,0.0,0.0,1.0,0.22448979591836737,0.2727272727272727,0.2727272727272727,0.0,0.1111111111111111,3,3,0,0,0,0,0,1,0.0,0.5,0.017423503940004456,890000.0
10664084,1,0.0,1.0,0.0,0.0,0.0,0.0,1.0,0.0,0.0,0.0,0.0,0.0,0.0,0.0,0.0,0.0,0.0,1.0,0.29183673469387755,0.36363636363636365,0.18181818181818182,0.0,0.16666666666666666,3,3,0,0,0,0,0,1,0.0,0.0,0.001467242437053007,649000.0
10664088,1,0.0,1.0,0.0,0.0,0.0,1.0,0.0,0.0,0.0,0.0,0.0,0.0,0.0,0.0,0.0,0.0,0.0,1.0,0.15714285714285717,0.1818181818181818,0.18181818181818182,0.14285714285714285,0.0,1,2,0,0,0,0,0,1,0.0,0.0,0.000985803512394989,445000.0
10664089,1,0.0,0.0,1.0,0.0,0.0,0.0,0.0,0.0,0.0,0.0,0.0,1.0,0.0,0.0,0.0,0.0,0.0,1.0,0.10714285714285715,0.2727272727272727,0.09090909090909091,0.07142857142857142,0.1111111111111111,0,4,0,0,0,0,0,1,0.0,0.0,0.0007061104228317595,145000.0
10664091,1,0.0,0.0,1.0,0.0,0.0,0.0,0.0,1.0,0.0,0.0,0.0,0.0,0.0,0.0,0.0,0.0,0.0,1.0,0.08469387755102042,0.1818181818181818,0.09090909090909091,0.07142857142857142,0.1111111111111111,3,4,0,0,1,0,1,1,0.685,0.48,0.000708861502401234,280000.0
10664090,1,0.0,0.0,1.0,0.0,0.0,0.0,0.0,0.0,0.0,0.0,0.0,1.0,0.0,0.0,0.0,0.0,0.0,1.0,0.2275510204081633,0.2727272727272727,0.09090909090909091,0.07142857142857142,0.16666666666666666,3,6,0,0,0,0,1,1,1.0,0.07,0.0011316107295771317,295000.0
10664092,1,0.0,0.0,1.0,0.0,0.0,0.0,0.0,0.0,0.0,1.0,0.0,0.0,0.0,0.0,0.0,0.0,0.0,1.0,0.11530612244897961,0.2727272727272727,0.18181818181818182,0.0,0.1111111111111111,3,3,0,0,0,0,1,1,0.978,0.46,0.0,365000.0
10664104,1,0.0,1.0,0.0,0.0,0.0,1.0,0.0,0.0,0.0,0.0,0.0,0.0,0.0,0.0,1.0,0.0,0.0,0.0,0.18571428571428575,0.09090909090909091,0.18181818181818182,0.0,0.0,2,2,0,0,0,0,0,0,0.0,0.0,7.244509532949221e-05,595000.0
10664098,1,1.0,0.0,0.0,0.0,1.0,0.0,0.0,0.0,0.0,0.0,0.0,0.0,0.0,0.0,0.0,0.0,0.0,1.0,0.1326530612244898,0.1818181818181818,0.09090909090909091,0.0,0.1111111111111111,2,0,0,0,0,0,0,1,0.0,0.35000000000000003,0.0,595000.0
10664108,1,0.0,1.0,0.0,0.0,0.0,0.0,0.0,0.0,0.0,0.0,0.0,0.0,0.0,1.0,0.0,0.0,0.0,1.0,0.176530612244898,0.2727272727272727,0.09090909090909091,0.0,0.0,5,6,0,0,0,0,0,0,0.0,0.0,0.0004401727311159021,330000.0
10664113,0,0.0,1.0,0.0,0.0,0.0,1.0,0.0,0.0,0.0,0.0,0.0,0.0,0.0,0.0,0.0,0.0,1.0,0.0,0.0816326530612245,0.09090909090909091,0.09090909090909091,0.0,0.0,3,2,1,0,0,0,0,1,0.0,0.1,0.0,219000.0
10664111,0,1.0,0.0,0.0,0.0,1.0,0.0,0.0,0.0,0.0,0.0,0.0,0.0,0.0,0.0,0.0,0.0,0.0,1.0,0.03571428571428572,0.0,0.09090909090909091,0.07142857142857142,0.05555555555555555,5,7,0,0,0,0,0,1,0.0,0.03,0.0,159000.0
10664109,0,1.0,0.0,0.0,0.0,1.0,0.0,0.0,0.0,0.0,0.0,0.0,0.0,0.0,0.0,0.0,0.0,0.0,1.0,0.06020408163265307,0.09090909090909091,0.09090909090909091,0.07142857142857142,0.05555555555555555,5,7,0,0,0,0,0,1,0.0,0.03,0.0,199000.0
10664119,1,0.0,0.0,1.0,0.0,0.0,0.0,0.0,0.0,0.0,1.0,0.0,0.0,0.0,0.0,0.0,1.0,0.0,0.0,0.1326530612244898,0.2727272727272727,0.09090909090909091,0.0,0.0,0,3,0,0,0,0,0,0,0.0,0.0,0.00016506477416846328,245000.0
10664127,0,0.0,1.0,0.0,0.0,0.0,0.0,0.0,0.0,1.0,0.0,0.0,0.0,0.0,0.0,0.0,0.0,0.0,1.0,0.05816326530612246,0.0,0.09090909090909091,0.0,0.0,1,3,1,0,0,0,0,0,0.0,0.0,0.0,279000.0
10664124,1,0.0,0.0,1.0,0.0,0.0,0.0,0.0,1.0,0.0,0.0,0.0,0.0,0.0,0.0,0.0,0.0,0.0,1.0,0.3010204081632653,0.36363636363636365,0.18181818181818182,0.0,0.0,0,4,0,1,0,0,0,1,0.0,0.0,0.005736000902354099,550000.0
10664125,1,0.0,1.0,0.0,1.0,0.0,0.0,0.0,0.0,0.0,0.0,0.0,0.0,0.0,0.0,0.0,0.0,0.0,1.0,0.14081632653061227,0.2727272727272727,0.09090909090909091,0.07142857142857142,0.1111111111111111,0,0,0,0,0,0,1,1,0.062,0.23,0.009170265231581293,439000.0
10664133,0,1.0,0.0,0.0,0.0,1.0,0.0,0.0,0.0,0.0,0.0,0.0,0.0,0.0,0.0,0.0,1.0,0.0,0.0,0.07244897959183674,0.1818181818181818,0.09090909090909091,0.0,0.05555555555555555,4,3,1,0,0,0,0,1,0.0,0.0,0.0,330000.0
10664134,1,0.0,1.0,0.0,0.0,0.0,0.0,0.0,0.0,0.0,0.0,0.0,0.0,0.0,1.0,0.0,0.0,1.0,0.0,0.5244897959183674,0.36363636363636365,0.09090909090909091,0.0,0.1111111111111111,3,0,0,1,0,0,1,1,0.0,0.01,0.000489692163366441,795000.0
10664129,0,1.0,0.0,0.0,0.0,1.0,0.0,0.0,0.0,0.0,0.0,0.0,0.0,0.0,0.0,0.0,0.0,0.0,1.0,0.051020408163265314,0.0,0.0,0.07142857142857142,0.05555555555555555,3,3,1,0,0,0,0,0,0.0,0.0,0.0,265000.0
10664141,0,1.0,0.0,0.0,0.0,1.0,0.0,0.0,0.0,0.0,0.0,0.0,0.0,0.0,0.0,0.0,0.0,0.0,1.0,0.08673469387755103,0.09090909090909091,0.0,0.14285714285714285,0.1111111111111111,1,5,0,0,0,0,1,1,0.13,0.06,0.0,425000.0
10664142,0,1.0,0.0,0.0,0.0,1.0,0.0,0.0,0.0,0.0,0.0,0.0,0.0,0.0,0.0,0.0,0.0,1.0,0.0,0.1642857142857143,0.2727272727272727,0.18181818181818182,0.14285714285714285,0.1111111111111111,3,5,1,0,0,0,0,1,0.0,0.29,0.0,595000.0
10664145,1,0.0,0.0,1.0,0.0,0.0,0.0,0.0,0.0,0.0,0.0,1.0,0.0,0.0,0.0,0.0,0.0,0.0,1.0,0.020408163265306124,0.09090909090909091,0.09090909090909091,0.0,0.0,0,0,0,0,0,0,0,1,0.0,0.15,0.00018340530463162587,22000.0
10664146,1,0.0,1.0,0.0,0.0,0.0,1.0,0.0,0.0,0.0,0.0,0.0,0.0,0.0,0.0,0.0,0.0,0.0,1.0,0.15306122448979595,0.2727272727272727,0.09090909090909091,0.0,0.1111111111111111,0,6,0,0,0,0,0,1,0.0,0.0,0.0003090379383042896,260000.0
10664137,1,0.0,1.0,0.0,0.0,0.0,0.0,0.0,0.0,0.0,0.0,0.0,0.0,0.0,1.0,0.0,0.0,1.0,0.0,0.10204081632653061,0.1818181818181818,0.0,0.0,0.1111111111111111,0,2,0,0,0,0,0,0,0.0,0.0,0.00010087291754739423,296000.0
10664154,1,0.0,1.0,0.0,0.0,0.0,0.0,0.0,0.0,0.0,0.0,0.0,0.0,0.0,1.0,0.0,0.0,1.0,0.0,0.18979591836734697,0.1818181818181818,0.09090909090909091,0.0,0.0,3,0,0,0,0,0,1,0,0.062,0.0,0.00018890746377057464,330000.0
10664159,0,0.0,1.0,0.0,0.0,0.0,0.0,0.0,0.0,0.0,0.0,0.0,0.0,0.0,1.0,0.0,0.0,0.0,1.0,0.051020408163265314,0.0,0.0,0.0,0.0,0,0,1,0,0,0,0,1,0.0,0.06,0.0,199000.0
10664163,0,1.0,0.0,0.0,0.0,1.0,0.0,0.0,0.0,0.0,0.0,0.0,0.0,0.0,0.0,0.0,0.0,0.0,1.0,0.042857142857142864,0.09090909090909091,0.0,0.0,0.0,3,5,1,0,0,0,0,0,0.0,0.0,0.0,259000.0
10664161,1,0.0,0.0,1.0,0.0,0.0,0.0,0.0,1.0,0.0,0.0,0.0,0.0,0.0,0.0,0.0,0.0,1.0,0.0,0.10612244897959186,0.09090909090909091,0.0,0.0,0.0,5,7,0,0,0,0,0,0,0.0,0.0,7.427914837580848e-05,85000.0
10664164,1,0.0,1.0,0.0,0.0,0.0,0.0,0.0,0.0,0.0,0.0,0.0,0.0,0.0,1.0,0.0,0.0,0.0,1.0,0.14489795918367349,0.2727272727272727,0.0,0.0,0.1111111111111111,3,1,0,0,0,0,1,0,0.08,0.0,0.00014030505804319378,385000.0
10664152,0,1.0,0.0,0.0,0.0,1.0,0.0,0.0,0.0,0.0,0.0,0.0,0.0,0.0,0.0,0.0,0.0,0.0,1.0,0.06224489795918368,0.09090909090909091,0.09090909090909091,0.0,0.05555555555555555,3,4,1,0,0,0,0,1,0.0,0.07,0.0,310000.0
10664170,1,0.0,1.0,0.0,0.0,0.0,0.0,1.0,0.0,0.0,0.0,0.0,0.0,0.0,0.0,0.0,0.0,0.0,1.0,0.14285714285714288,0.1818181818181818,0.09090909090909091,0.0,0.1111111111111111,1,2,0,0,0,0,1,1,0.15,0.3,0.0003282954952906103,429000.0
10664174,0,1.0,0.0,0.0,0.0,1.0,0.0,0.0,0.0,0.0,0.0,0.0,0.0,0.0,0.0,0.0,1.0,0.0,0.0,0.06632653061224492,0.09090909090909091,0.09090909090909091,0.0,0.05555555555555555,0,0,1,0,0,0,0,1,0.0,0.04,0.0,249000.0
10664165,0,0.0,1.0,0.0,0.0,0.0,0.0,0.0,0.0,0.0,0.0,0.0,0.0,0.0,1.0,0.0,0.0,1.0,0.0,0.05204081632653062,0.0,0.09090909090909091,0.0,0.05555555555555555,3,1,1,0,0,0,0,1,0.0,0.0,0.0,227000.0
10664178,0,1.0,0.0,0.0,0.0,1.0,0.0,0.0,0.0,0.0,0.0,0.0,0.0,0.0,0.0,0.0,1.0,0.0,0.0,0.05204081632653062,0.0,0.09090909090909091,0.0,0.05555555555555555,1,0,0,0,0,0,0,0,0.0,0.0,0.0,349000.0
10664199,0,0.0,0.0,1.0,0.0,0.0,0.0,0.0,0.0,0.0,0.0,1.0,0.0,0.0,0.0,0.0,0.0,0.0,1.0,0.15918367346938778,0.2727272727272727,0.0,0.14285714285714285,0.1111111111111111,4,5,0,1,0,0,0,1,0.0,0.3,0.0,245000.0
10664193,1,0.0,1.0,0.0,0.0,0.0,0.0,1.0,0.0,0.0,0.0,0.0,0.0,0.0,0.0,0.0,1.0,0.0,0.0,0.14285714285714288,0.2727272727272727,0.09090909090909091,0.0,0.0,2,4,0,0,0,0,1,1,0.135,0.25,0.0002430120286369043,465000.0
10664197,1,0.0,0.0,1.0,0.0,0.0,0.0,0.0,0.0,0.0,0.0,1.0,0.0,0.0,0.0,0.0,0.0,0.0,1.0,0.15918367346938778,0.2727272727272727,0.0,0.14285714285714285,0.1111111111111111,4,5,0,1,0,0,0,1,0.0,0.3,0.0002521822938684856,245000.0
10664179,1,0.0,0.0,1.0,0.0,0.0,0.0,0.0,0.0,0.0,0.0,0.0,0.0,1.0,0.0,0.0,0.0,0.0,1.0,0.14489795918367349,0.1818181818181818,0.09090909090909091,0.0,0.0,0,2,0,0,0,0,1,0,0.45,0.0,0.0004126619354211582,495000.0
10664198,1,0.0,0.0,1.0,0.0,0.0,0.0,0.0,0.0,0.0,0.0,1.0,0.0,0.0,0.0,0.0,0.0,0.0,1.0,0.12142857142857144,0.2727272727272727,0.0,0.07142857142857142,0.0,6,6,0,1,0,0,1,1,0.0,0.3,0.0011096020930213364,320000.0
10664195,1,0.0,0.0,1.0,0.0,0.0,0.0,0.0,0.0,0.0,0.0,0.0,0.0,1.0,0.0,0.0,0.0,0.0,1.0,0.0816326530612245,0.09090909090909091,0.09090909090909091,0.0,0.05555555555555555,1,2,0,1,0,0,0,1,0.0,0.08,0.0,235000.0
10664200,1,0.0,1.0,0.0,1.0,0.0,0.0,0.0,0.0,0.0,0.0,0.0,0.0,0.0,0.0,0.0,0.0,0.0,1.0,0.13877551020408166,0.1818181818181818,0.0,0.0,0.1111111111111111,1,0,0,0,0,0,1,0,0.0,0.0,0.0004126619354211582,406400.0
10664209,0,0.0,1.0,0.0,1.0,0.0,0.0,0.0,0.0,0.0,0.0,0.0,0.0,0.0,0.0,0.0,1.0,0.0,0.0,0.11734693877551022,0.1818181818181818,0.09090909090909091,0.0,0.1111111111111111,3,3,1,1,0,0,0,1,0.0,0.07,0.0,389000.0
10664208,1,0.0,1.0,0.0,0.0,0.0,1.0,0.0,0.0,0.0,0.0,0.0,0.0,0.0,0.0,0.0,1.0,0.0,0.0,0.08265306122448982,0.09090909090909091,0.09090909090909091,0.0,0.1111111111111111,3,6,0,0,0,0,0,0,0.0,0.0,4.676835268106459e-05,140000.0
10664212,1,0.0,0.0,1.0,0.0,0.0,0.0,0.0,0.0,0.0,0.0,0.0,0.0,1.0,0.0,0.0,0.0,0.0,1.0,0.30306122448979594,0.36363636363636365,0.18181818181818182,0.0,0.0,0,7,0,0,0,0,0,0,0.0,0.0,0.0007895598364391494,750000.0
10533138,1,0.0,0.0,1.0,0.0,0.0,0.0,0.0,1.0,0.0,0.0,0.0,0.0,0.0,0.0,0.0,0.0,0.0,1.0,0.13367346938775512,0.09090909090909091,0.09090909090909091,0.0,0.0,3,4,0,1,0,0,0,0,0.0,0.0,0.0,250000.0
10664213,1,0.0,0.0,1.0,0.0,0.0,0.0,0.0,1.0,0.0,0.0,0.0,0.0,0.0,0.0,0.0,1.0,0.0,0.0,0.09285714285714286,0.09090909090909091,0.0,0.07142857142857142,0.1111111111111111,5,6,0,1,0,0,0,0,0.0,0.0,0.00016506477416846328,69000.0
10664215,0,1.0,0.0,0.0,0.0,1.0,0.0,0.0,0.0,0.0,0.0,0.0,0.0,0.0,0.0,0.0,0.0,0.0,1.0,0.06020408163265307,0.09090909090909091,0.0,0.07142857142857142,0.05555555555555555,2,3,1,1,0,0,0,1,0.0,0.15,0.0,289000.0
10664216,0,1.0,0.0,0.0,0.0,1.0,0.0,0.0,0.0,0.0,0.0,0.0,0.0,0.0,0.0,0.0,0.0,0.0,1.0,0.20306122448979594,0.1818181818181818,0.18181818181818182,0.0,0.16666666666666666,0,2,1,0,0,0,0,1,0.0,0.28,0.0,1065000.0
10664225,0,0.0,1.0,0.0,0.0,0.0,0.0,1.0,0.0,0.0,0.0,0.0,0.0,0.0,0.0,0.0,0.0,1.0,0.0,0.08673469387755103,0.09090909090909091,0.09090909090909091,0.0,0.05555555555555555,3,5,0,0,0,0,0,1,0.0,0.05,0.0,265000.0
10664218,0,0.0,0.0,1.0,0.0,0.0,0.0,0.0,0.0,0.0,1.0,0.0,0.0,0.0,0.0,0.0,1.0,0.0,0.0,0.012244897959183675,0.0,0.09090909090909091,0.0,0.05555555555555555,3,4,0,0,0,0,0,0,0.0,0.0,0.0,119000.0
10664220,1,1.0,0.0,0.0,0.0,1.0,0.0,0.0,0.0,0.0,0.0,0.0,0.0,0.0,0.0,0.0,0.0,0.0,1.0,0.35612244897959183,0.36363636363636365,0.18181818181818182,0.0,0.2222222222222222,0,0,0,0,1,0,1,1,0.4,0.3,0.0004841900042274923,1190000.0
10664222,1,0.0,0.0,1.0,0.0,0.0,0.0,0.0,0.0,0.0,1.0,0.0,0.0,0.0,0.0,0.0,0.0,0.0,1.0,0.09387755102040818,0.09090909090909091,0.0,0.0,0.05555555555555555,5,6,0,0,0,0,1,1,0.3,0.1,0.0003695616888327261,155000.0
10664228,0,0.0,1.0,0.0,1.0,0.0,0.0,0.0,0.0,0.0,0.0,0.0,0.0,0.0,0.0,0.0,0.0,0.0,1.0,0.1295918367346939,0.1818181818181818,0.09090909090909091,0.0,0.05555555555555555,1,2,1,0,0,0,0,1,0.0,0.07,0.0,479000.0
10664236,1,1.0,0.0,0.0,0.0,1.0,0.0,0.0,0.0,0.0,0.0,0.0,0.0,0.0,0.0,1.0,0.0,0.0,0.0,0.25,0.36363636363636365,0.36363636363636365,0.2857142857142857,0.2777777777777778,4,5,0,0,0,0,0,0,0.0,0.0,0.00010087291754739423,550000.0
10664227,1,0.0,0.0,1.0,0.0,0.0,0.0,0.0,1.0,0.0,0.0,0.0,0.0,0.0,0.0,0.0,0.0,0.0,1.0,0.15714285714285717,0.36363636363636365,0.09090909090909091,0.07142857142857142,0.05555555555555555,5,6,0,0,0,0,0,0,0.0,0.0,0.00013571992542740313,90000.0
10664235,1,0.0,0.0,1.0,0.0,0.0,0.0,0.0,0.0,0.0,0.0,1.0,0.0,0.0,0.0,0.0,0.0,0.0,1.0,0.1479591836734694,0.2727272727272727,0.09090909090909091,0.0,0.05555555555555555,4,5,0,0,0,0,0,0,0.0,0.0,6.87769892368597e-05,169000.0
10664237,0,1.0,0.0,0.0,0.0,1.0,0.0,0.0,0.0,0.0,0.0,0.0,0.0,0.0,0.0,0.0,1.0,0.0,0.0,0.07244897959183674,0.09090909090909091,0.09090909090909091,0.07142857142857142,0.05555555555555555,4,7,1,0,0,0,0,1,0.0,0.06,0.0,295000.0
10664240,0,0.0,1.0,0.0,1.0,0.0,0.0,0.0,0.0,0.0,0.0,0.0,0.0,0.0,0.0,0.0,1.0,0.0,0.0,0.07346938775510206,0.09090909090909091,0.09090909090909091,0.0,0.05555555555555555,1,2,1,1,0,0,0,1,0.0,0.06,0.0,345000.0
10664241,1,0.0,0.0,1.0,0.0,0.0,0.0,0.0,0.0,0.0,0.0,0.0,1.0,0.0,0.0,0.0,0.0,1.0,0.0,0.13571428571428573,0.1818181818181818,0.09090909090909091,0.0,0.0,0,2,0,0,0,0,0,1,0.0,0.0,0.0004585132615790647,275000.0
10664242,1,0.0,0.0,1.0,0.0,0.0,0.0,0.0,0.0,0.0,1.0,0.0,0.0,0.0,0.0,0.0,0.0,0.0,1.0,0.11938775510204083,0.1818181818181818,0.0,0.07142857142857142,0.1111111111111111,1,2,0,0,0,0,1,1,0.135,0.35000000000000003,0.00026960579780849,329000.0
10664256,1,0.0,0.0,1.0,0.0,0.0,0.0,0.0,0.0,0.0,1.0,0.0,0.0,0.0,0.0,0.0,1.0,0.0,0.0,0.13469387755102044,0.1818181818181818,0.0,0.07142857142857142,0.05555555555555555,4,5,0,0,0,0,0,1,0.0,0.2,0.00016506477416846328,232000.0
10664246,0,1.0,0.0,0.0,0.0,1.0,0.0,0.0,0.0,0.0,0.0,0.0,0.0,0.0,0.0,0.0,1.0,0.0,0.0,0.09897959183673471,0.09090909090909091,0.18181818181818182,0.14285714285714285,0.1111111111111111,1,3,0,0,0,0,1,1,0.075,0.24,0.0,790000.0
10664258,1,0.0,0.0,1.0,0.0,0.0,0.0,0.0,0.0,0.0,1.0,0.0,0.0,0.0,0.0,0.0,0.0,0.0,1.0,0.11224489795918369,0.1818181818181818,0.09090909090909091,0.0,0.05555555555555555,4,7,0,0,0,0,1,1,0.06,0.32,8.069833403791538e-05,199000.0
10664257,1,0.0,1.0,0.0,1.0,0.0,0.0,0.0,0.0,0.0,0.0,0.0,0.0,0.0,0.0,0.0,0.0,0.0,1.0,0.2142857142857143,0.1818181818181818,0.09090909090909091,0.07142857142857142,0.1111111111111111,0,4,0,1,0,0,1,0,0.0,0.0,0.000772136332499145,549000.0
10664260,1,0.0,1.0,0.0,0.0,0.0,1.0,0.0,0.0,0.0,0.0,0.0,0.0,0.0,0.0,0.0,0.0,0.0,1.0,0.15306122448979595,0.2727272727272727,0.09090909090909091,0.0,0.1111111111111111,3,4,0,0,0,0,0,0,0.0,0.0,0.0001439731641358263,289000.0
10664263,1,0.0,1.0,0.0,0.0,0.0,0.0,1.0,0.0,0.0,0.0,0.0,0.0,0.0,0.0,0.0,0.0,0.0,1.0,0.16836734693877553,0.1818181818181818,0.09090909090909091,0.07142857142857142,0.1111111111111111,4,0,0,0,0,0,1,1,0.0,0.01,0.000687769892368597,419000.0
10664261,1,0.0,0.0,1.0,0.0,0.0,0.0,0.0,0.0,0.0,0.0,0.0,0.0,1.0,0.0,0.0,0.0,0.0,1.0,0.4387755102040817,0.5454545454545454,0.2727272727272727,0.0,0.0,0,3,0,0,0,0,0,0,0.0,0.0,4.585132615790647e-05,1100000.0
10664264,1,0.0,0.0,1.0,0.0,0.0,0.0,0.0,0.0,0.0,0.0,0.0,0.0,1.0,0.0,0.0,0.0,1.0,0.0,0.2448979591836735,0.36363636363636365,0.18181818181818182,0.0,0.0,0,3,0,0,0,0,0,0,0.0,0.0,0.005820367342484647,875000.0
10664273,1,0.0,0.0,1.0,0.0,0.0,0.0,0.0,1.0,0.0,0.0,0.0,0.0,0.0,0.0,0.0,0.0,0.0,1.0,0.2448979591836735,0.36363636363636365,0.18181818181818182,0.0,0.0,0,3,0,0,0,0,0,0,0.0,0.0,0.005820367342484647,875000.0
10664279,1,0.0,0.0,1.0,0.0,0.0,0.0,0.0,1.0,0.0,0.0,0.0,0.0,0.0,0.0,0.0,0.0,1.0,0.0,0.28775510204081634,0.1818181818181818,0.09090909090909091,0.0,0.1111111111111111,3,4,0,0,0,0,1,1,0.0,0.8,0.0033379765442955907,695000.0
10664276,1,0.0,0.0,1.0,0.0,0.0,0.0,0.0,1.0,0.0,0.0,0.0,0.0,0.0,0.0,0.0,1.0,0.0,0.0,0.2612244897959184,0.09090909090909091,0.09090909090909091,0.07142857142857142,0.1111111111111111,3,7,0,1,0,0,1,0,0.15,0.0,0.0003282954952906103,245000.0
10664280,1,0.0,0.0,1.0,0.0,0.0,0.0,0.0,1.0,0.0,0.0,0.0,0.0,0.0,0.0,0.0,0.0,0.0,1.0,0.25510204081632654,0.2727272727272727,0.09090909090909091,0.0,0.0,0,3,0,0,0,0,0,0,0.0,0.0,0.0013856270764919334,475000.0
10664288,1,0.0,0.0,1.0,0.0,0.0,0.0,0.0,1.0,0.0,0.0,0.0,0.0,0.0,0.0,0.0,0.0,0.0,1.0,0.25510204081632654,0.2727272727272727,0.09090909090909091,0.0,0.0,0,3,0,0,0,0,0,0,0.0,0.0,0.0013856270764919334,475000.0
10664289,1,1.0,0.0,0.0,0.0,1.0,0.0,0.0,0.0,0.0,0.0,0.0,0.0,0.0,0.0,0.0,1.0,0.0,0.0,0.21734693877551023,0.36363636363636365,0.09090909090909091,0.14285714285714285,0.16666666666666666,4,6,0,0,0,0,1,1,0.033,0.03,9.170265231581294e-05,780000.0
10664290,1,0.0,0.0,1.0,0.0,0.0,0.0,0.0,0.0,0.0,0.0,0.0,0.0,1.0,0.0,0.0,0.0,0.0,1.0,0.4030612244897959,0.5454545454545454,0.09090909090909091,0.07142857142857142,0.05555555555555555,5,6,0,0,0,0,1,1,1.0,0.5,0.001659818006916214,595000.0
10664291,0,0.0,0.0,1.0,0.0,0.0,0.0,0.0,0.0,0.0,0.0,0.0,0.0,1.0,0.0,0.0,0.0,0.0,1.0,0.04591836734693878,0.0,0.09090909090909091,0.0,0.05555555555555555,3,4,0,0,0,0,0,0,0.0,0.0,0.0,175000.0
10664293,1,0.0,0.0,1.0,0.0,0.0,0.0,0.0,0.0,0.0,0.0,1.0,0.0,0.0,0.0,0.0,0.0,1.0,0.0,0.21836734693877555,0.2727272727272727,0.09090909090909091,0.07142857142857142,0.1111111111111111,3,4,0,0,0,0,1,1,1.0,0.31,0.0012003877188139912,459000.0
10664294,1,1.0,0.0,0.0,0.0,1.0,0.0,0.0,0.0,0.0,0.0,0.0,0.0,0.0,0.0,0.0,1.0,0.0,0.0,0.1836734693877551,0.2727272727272727,0.09090909090909091,0.0,0.0,3,0,0,0,0,0,0,0,0.0,0.0,5.502159138948776e-05,369000.0
10664300,1,0.0,1.0,0.0,0.0,0.0,0.0,1.0,0.0,0.0,0.0,0.0,0.0,0.0,0.0,0.0,0.0,0.0,1.0,0.2653061224489796,0.1818181818181818,0.2727272727272727,0.21428571428571427,0.0,3,3,0,1,0,0,0,1,0.0,0.0,0.0003026187526421827,399000.0
10664297,1,0.0,0.0,1.0,0.0,0.0,0.0,0.0,1.0,0.0,0.0,0.0,0.0,0.0,0.0,0.0,0.0,0.0,1.0,0.28775510204081634,0.1818181818181818,0.09090909090909091,0.0,0.1111111111111111,3,4,0,0,0,0,1,1,0.0,0.8,0.0033379765442955907,695000.0
10664306,1,0.0,1.0,0.0,0.0,0.0,1.0,0.0,0.0,0.0,0.0,0.0,0.0,0.0,0.0,0.0,0.0,0.0,1.0,0.09693877551020408,0.09090909090909091,0.0,0.0,0.1111111111111111,3,4,0,0,0,0,0,0,0.0,0.0,4.951943225053898e-05,159000.0
10664313,1,0.0,1.0,0.0,0.0,0.0,1.0,0.0,0.0,0.0,0.0,0.0,0.0,0.0,0.0,1.0,0.0,0.0,0.0,0.04591836734693878,0.09090909090909091,0.09090909090909091,0.0,0.0,3,0,0,0,0,0,0,1,0.0,0.05,3.392998135685078e-05,235000.0
10664309,1,0.0,0.0,1.0,0.0,0.0,0.0,0.0,0.0,0.0,1.0,0.0,0.0,0.0,0.0,0.0,0.0,0.0,1.0,0.14081632653061227,0.2727272727272727,0.0,0.07142857142857142,0.0,0,5,0,1,0,0,1,0,0.0,0.0,0.0008601708787223253,330000.0
10664315,1,0.0,1.0,0.0,0.0,0.0,1.0,0.0,0.0,0.0,0.0,0.0,0.0,0.0,0.0,0.0,1.0,0.0,0.0,0.11734693877551022,0.2727272727272727,0.0,0.07142857142857142,0.05555555555555555,0,0,0,0,0,0,0,1,0.0,0.17,8.43664401305479e-05,355000.0
10664316,1,0.0,0.0,1.0,0.0,0.0,0.0,0.0,0.0,0.0,0.0,0.0,0.0,1.0,0.0,0.0,0.0,0.0,1.0,0.09285714285714286,0.09090909090909091,0.09090909090909091,0.0,0.0,0,0,0,0,0,0,0,0,0.0,0.0,0.000475019738995911,335000.0
10664318,0,0.0,1.0,0.0,1.0,0.0,0.0,0.0,0.0,0.0,0.0,0.0,0.0,0.0,0.0,0.0,0.0,1.0,0.0,0.07244897959183674,0.09090909090909091,0.09090909090909091,0.0,0.0,4,3,1,0,0,0,0,1,0.0,0.17,0.0,249000.0
10664321,1,0.0,1.0,0.0,0.0,0.0,1.0,0.0,0.0,0.0,0.0,0.0,0.0,0.0,0.0,0.0,0.0,1.0,0.0,0.22959183673469388,0.36363636363636365,0.09090909090909091,0.0,0.1111111111111111,3,6,0,1,0,0,1,1,0.0,0.0,0.00016139666807583075,259000.0
10664319,1,0.0,0.0,1.0,0.0,0.0,0.0,0.0,0.0,0.0,0.0,0.0,1.0,0.0,0.0,0.0,0.0,1.0,0.0,0.1326530612244898,0.36363636363636365,0.09090909090909091,0.0,0.0,3,4,0,0,0,0,0,0,0.0,0.0,0.0004585132615790647,249000.0
10664326,1,0.0,0.0,1.0,0.0,0.0,0.0,0.0,0.0,0.0,0.0,0.0,0.0,1.0,0.0,0.0,0.0,0.0,1.0,0.17346938775510207,0.36363636363636365,0.2727272727272727,0.0,0.0,4,5,0,0,0,0,0,0,0.0,0.0,0.00041449598846747445,290000.0
10664323,0,0.0,1.0,0.0,0.0,0.0,0.0,0.0,0.0,0.0,0.0,0.0,0.0,0.0,1.0,0.0,0.0,0.0,1.0,0.14081632653061227,0.1818181818181818,0.09090909090909091,0.0,0.1111111111111111,4,2,1,1,0,0,0,1,0.0,0.0,0.0,295000.0
10664327,0,0.0,1.0,0.0,0.0,0.0,0.0,0.0,0.0,0.0,0.0,0.0,0.0,0.0,1.0,0.0,0.0,0.0,1.0,0.14285714285714288,0.1818181818181818,0.0,0.0,0.0,5,5,0,0,0,0,0,0,0.0,0.0,0.0,263000.0
10664329,1,0.0,1.0,0.0,0.0,0.0,0.0,0.0,0.0,0.0,0.0,0.0,0.0,0.0,1.0,0.0,0.0,0.0,1.0,0.14285714285714288,0.1818181818181818,0.0,0.0,0.0,5,5,0,0,0,0,0,0,0.0,0.0,0.00014213911108951004,263000.0
10664322,1,0.0,1.0,0.0,0.0,0.0,1.0,0.0,0.0,0.0,0.0,0.0,0.0,0.0,0.0,0.0,0.0,0.0,1.0,0.11836734693877551,0.1818181818181818,0.09090909090909091,0.0,0.1111111111111111,3,3,0,1,0,0,0,1,0.0,0.0,0.0005777267095896215,297000.0
10664344,1,0.0,0.0,1.0,0.0,0.0,0.0,0.0,0.0,0.0,0.0,0.0,0.0,1.0,0.0,0.0,0.0,0.0,1.0,0.09387755102040818,0.09090909090909091,0.09090909090909091,0.0,0.0,6,0,0,0,0,0,0,0,0.0,0.0,0.0,169000.0
10664345,1,0.0,0.0,1.0,0.0,0.0,0.0,0.0,0.0,0.0,0.0,1.0,0.0,0.0,0.0,0.0,0.0,1.0,0.0,0.09897959183673471,0.2727272727272727,0.18181818181818182,0.07142857142857142,0.1111111111111111,3,7,0,0,0,0,1,1,0.55,0.49,0.0005777267095896215,315000.0
10664352,1,0.0,1.0,0.0,0.0,0.0,1.0,0.0,0.0,0.0,0.0,0.0,0.0,0.0,0.0,0.0,0.0,1.0,0.0,0.16734693877551024,0.1818181818181818,0.0,0.0,0.1111111111111111,3,4,0,0,0,0,1,0,0.182,0.0,0.00027052282433164817,269000.0
10664353,1,0.0,1.0,0.0,0.0,0.0,1.0,0.0,0.0,0.0,0.0,0.0,0.0,0.0,0.0,0.0,0.0,1.0,0.0,0.16734693877551024,0.1818181818181818,0.0,0.0,0.1111111111111111,3,4,0,0,0,0,1,0,0.182,0.0,0.00027052282433164817,269000.0
10664356,0,0.0,0.0,1.0,0.0,0.0,0.0,0.0,0.0,0.0,0.0,0.0,0.0,1.0,0.0,0.0,0.0,0.0,1.0,0.03775510204081633,0.0,0.09090909090909091,0.0,0.0,0,7,0,0,0,0,0,1,0.0,0.17,0.0,210000.0
10664359,1,0.0,1.0,0.0,0.0,0.0,1.0,0.0,0.0,0.0,0.0,0.0,0.0,0.0,0.0,0.0,0.0,1.0,0.0,0.1326530612244898,0.1818181818181818,0.09090909090909091,0.0,0.05555555555555555,3,3,0,0,0,0,1,1,0.12,0.21,0.00032095928310534527,315000.0
10664360,0,1.0,0.0,0.0,0.0,1.0,0.0,0.0,0.0,0.0,0.0,0.0,0.0,0.0,0.0,0.0,0.0,0.0,1.0,0.0653061224489796,0.0,0.09090909090909091,0.07142857142857142,0.05555555555555555,1,4,1,0,0,0,0,1,0.0,0.18,0.0,370000.0
10664357,1,0.0,0.0,1.0,0.0,0.0,0.0,0.0,0.0,0.0,0.0,0.0,0.0,1.0,0.0,0.0,0.0,0.0,1.0,0.06632653061224492,0.09090909090909091,0.0,0.0,0.0,0,7,0,0,0,0,0,0,0.0,0.0,5.960672400527841e-05,235000.0
10664361,1,0.0,0.0,1.0,0.0,0.0,0.0,0.0,0.0,0.0,0.0,0.0,1.0,0.0,0.0,1.0,0.0,0.0,0.0,0.1142857142857143,0.1818181818181818,0.09090909090909091,0.0,0.05555555555555555,3,6,0,0,0,0,0,1,0.0,0.37,9.353670536212919e-05,299000.0
10664365,1,1.0,0.0,0.0,0.0,1.0,0.0,0.0,0.0,0.0,0.0,0.0,0.0,0.0,0.0,0.0,0.0,0.0,1.0,0.1510204081632653,0.1818181818181818,0.09090909090909091,0.0,0.05555555555555555,3,6,0,1,0,0,1,0,0.18,0.0,0.00021091610032636975,479000.0
10664362,1,0.0,1.0,0.0,0.0,0.0,0.0,0.0,0.0,1.0,0.0,0.0,0.0,0.0,0.0,0.0,0.0,0.0,1.0,0.12244897959183676,0.1818181818181818,0.09090909090909091,0.0,0.1111111111111111,0,0,0,0,0,0,0,0,0.0,0.0,0.00043283651893063704,385129.0
10664363,1,0.0,1.0,0.0,0.0,0.0,0.0,1.0,0.0,0.0,0.0,0.0,0.0,0.0,0.0,0.0,0.0,1.0,0.0,0.22448979591836737,0.1818181818181818,0.18181818181818182,0.0,0.0,1,2,0,0,0,0,1,1,0.44,0.44,0.0005685564443580402,749000.0
10664367,0,0.0,1.0,0.0,0.0,0.0,0.0,1.0,0.0,0.0,0.0,0.0,0.0,0.0,0.0,0.0,0.0,0.0,1.0,0.08877551020408164,0.09090909090909091,0.0,0.0,0.05555555555555555,1,0,1,0,0,0,0,1,0.0,0.0,0.0,425000.0
10664372,1,0.0,1.0,0.0,0.0,0.0,0.0,1.0,0.0,0.0,0.0,0.0,0.0,0.0,0.0,0.0,0.0,0.0,1.0,0.10612244897959186,0.2727272727272727,0.09090909090909091,0.0,0.1111111111111111,0,4,0,0,0,0,0,1,0.0,0.0,0.00032095928310534527,369000.0
10664368,1,0.0,1.0,0.0,0.0,0.0,1.0,0.0,0.0,0.0,0.0,0.0,0.0,0.0,0.0,0.0,0.0,0.0,1.0,0.27653061224489794,0.2727272727272727,0.0,0.0,0.2222222222222222,3,4,0,0,0,0,1,1,0.0,0.08,0.000290697407841127,299000.0
10664371,1,0.0,0.0,1.0,0.0,0.0,0.0,0.0,0.0,0.0,0.0,0.0,1.0,0.0,0.0,0.0,1.0,0.0,0.0,0.1438775510204082,0.2727272727272727,0.09090909090909091,0.0,0.05555555555555555,3,4,0,1,0,0,0,1,0.0,0.37,0.0005254561977696081,299000.0
10664374,1,0.0,0.0,1.0,0.0,0.0,0.0,0.0,0.0,0.0,1.0,0.0,0.0,0.0,0.0,0.0,0.0,0.0,1.0,0.03571428571428572,0.0,0.0,0.07142857142857142,0.05555555555555555,0,7,0,0,0,0,0,1,0.0,0.05,0.0001467242437053007,129000.0
10664375,1,0.0,0.0,1.0,0.0,0.0,0.0,0.0,0.0,0.0,1.0,0.0,0.0,0.0,0.0,0.0,0.0,0.0,1.0,0.039795918367346944,0.0,0.0,0.07142857142857142,0.05555555555555555,0,7,0,0,0,0,0,1,0.0,0.05,0.0002475971612526949,139000.0
10664377,1,0.0,1.0,0.0,1.0,0.0,0.0,0.0,0.0,0.0,0.0,0.0,0.0,0.0,0.0,0.0,1.0,0.0,0.0,0.2724489795918367,0.36363636363636365,0.18181818181818182,0.0,0.0,0,4,0,0,0,0,0,0,0.0,0.0,0.0001687328802610958,670000.0
10664376,1,0.0,0.0,1.0,0.0,0.0,0.0,0.0,0.0,0.0,1.0,0.0,0.0,0.0,0.0,0.0,0.0,0.0,1.0,0.039795918367346944,0.0,0.0,0.07142857142857142,0.1111111111111111,0,7,0,0,0,0,0,1,0.0,0.05,0.00022925663078953234,149000.0
10664378,1,0.0,0.0,1.0,0.0,0.0,0.0,0.0,0.0,0.0,1.0,0.0,0.0,0.0,0.0,0.0,0.0,0.0,1.0,0.039795918367346944,0.0,0.09090909090909091,0.0,0.1111111111111111,0,7,0,0,0,0,0,1,0.0,0.05,0.00022925663078953234,149000.0
10664385,1,0.0,0.0,1.0,0.0,0.0,0.0,0.0,1.0,0.0,0.0,0.0,0.0,0.0,0.0,0.0,0.0,0.0,1.0,0.25204081632653064,0.1818181818181818,0.09090909090909091,0.07142857142857142,0.1111111111111111,0,4,0,0,0,0,1,1,0.115,0.15,0.0025575869730880226,350000.0
10664389,1,1.0,0.0,0.0,0.0,1.0,0.0,0.0,0.0,0.0,0.0,0.0,0.0,0.0,0.0,0.0,0.0,0.0,1.0,0.16938775510204085,0.1818181818181818,0.2727272727272727,0.21428571428571427,0.16666666666666666,3,5,0,0,0,0,1,1,0.035,0.0,9.170265231581294e-05,540000.0
10664390,1,0.0,0.0,1.0,0.0,0.0,0.0,0.0,0.0,0.0,1.0,0.0,0.0,0.0,0.0,0.0,0.0,0.0,1.0,0.2448979591836735,0.1818181818181818,0.09090909090909091,0.07142857142857142,0.16666666666666666,2,3,0,0,0,0,1,1,0.44,1.0,0.0006749315210443832,525000.0
10664396,1,0.0,1.0,0.0,0.0,0.0,0.0,1.0,0.0,0.0,0.0,0.0,0.0,0.0,0.0,0.0,0.0,0.0,1.0,0.10714285714285715,0.1818181818181818,0.09090909090909091,0.0,0.05555555555555555,5,6,0,1,0,0,1,1,0.0,0.0,0.0022742257774321607,370000.0
10664397,1,0.0,1.0,0.0,0.0,0.0,0.0,1.0,0.0,0.0,0.0,0.0,0.0,0.0,0.0,0.0,0.0,0.0,1.0,0.1326530612244898,0.1818181818181818,0.09090909090909091,0.0,0.1111111111111111,3,4,0,1,0,0,1,1,0.0,0.0,0.002544748601763809,465000.0
10664406,1,0.0,0.0,1.0,0.0,0.0,0.0,0.0,0.0,0.0,0.0,1.0,0.0,0.0,0.0,0.0,0.0,0.0,1.0,0.3163265306122449,0.1818181818181818,0.09090909090909091,0.0,0.1111111111111111,2,3,0,1,0,0,1,1,1.0,1.0,0.0015864558850635637,320000.0
10664399,1,0.0,0.0,1.0,0.0,0.0,0.0,0.0,0.0,0.0,1.0,0.0,0.0,0.0,0.0,0.0,0.0,0.0,1.0,0.11530612244897961,0.09090909090909091,0.09090909090909091,0.07142857142857142,0.1111111111111111,3,5,0,0,0,0,1,1,0.3,0.35000000000000003,0.00036681060926325174,160000.0
10664407,1,0.0,0.0,1.0,0.0,0.0,0.0,0.0,0.0,0.0,0.0,0.0,1.0,0.0,0.0,0.0,0.0,1.0,0.0,0.1326530612244898,0.1818181818181818,0.09090909090909091,0.0,0.1111111111111111,3,3,0,1,0,0,1,1,0.0,0.0,0.0010930956156044902,295000.0
10664413,1,0.0,1.0,0.0,1.0,0.0,0.0,0.0,0.0,0.0,0.0,0.0,0.0,0.0,0.0,0.0,0.0,0.0,1.0,0.2857142857142857,0.36363636363636365,0.18181818181818182,0.14285714285714285,0.16666666666666666,4,0,0,0,0,0,1,1,0.0,0.01,0.0006419185662106905,535000.0
10664408,1,0.0,1.0,0.0,0.0,0.0,0.0,0.0,0.0,0.0,0.0,0.0,0.0,0.0,1.0,0.0,1.0,0.0,0.0,0.2602040816326531,0.2727272727272727,0.18181818181818182,0.0,0.1111111111111111,3,6,0,0,0,0,0,1,0.0,0.0,0.0008592538521991672,545000.0
10664425,1,0.0,1.0,0.0,0.0,0.0,1.0,0.0,0.0,0.0,0.0,0.0,0.0,0.0,0.0,0.0,0.0,0.0,1.0,0.15918367346938778,0.1818181818181818,0.09090909090909091,0.0,0.1111111111111111,3,1,0,1,0,0,1,1,0.0,0.0,0.0006657612558128019,475000.0
10664420,1,0.0,0.0,1.0,0.0,0.0,0.0,0.0,1.0,0.0,0.0,0.0,0.0,0.0,0.0,0.0,0.0,0.0,1.0,0.32040816326530613,0.2727272727272727,0.09090909090909091,0.21428571428571427,0.2777777777777778,3,3,0,1,0,0,1,1,0.0,0.0,0.0033012954833692657,500000.0
10664414,0,1.0,0.0,0.0,0.0,1.0,0.0,0.0,0.0,0.0,0.0,0.0,0.0,0.0,0.0,1.0,0.0,0.0,0.0,0.13775510204081634,0.09090909090909091,0.0,0.0,0.1111111111111111,1,4,1,0,0,0,0,1,0.0,0.5,0.0,795000.0
10664428,0,0.0,1.0,0.0,0.0,0.0,0.0,0.0,0.0,1.0,0.0,0.0,0.0,0.0,0.0,0.0,0.0,0.0,1.0,0.163265306122449,0.1818181818181818,0.09090909090909091,0.07142857142857142,0.1111111111111111,1,2,0,1,0,0,0,1,0.0,0.6,0.0,385000.0
10664429,1,0.0,0.0,1.0,0.0,0.0,0.0,0.0,0.0,0.0,0.0,0.0,0.0,1.0,0.0,0.0,0.0,0.0,1.0,0.3163265306122449,0.36363636363636365,0.09090909090909091,0.14285714285714285,0.16666666666666666,2,2,0,0,0,0,1,1,0.55,0.4,0.0006703463884285925,670000.0
10664424,1,0.0,1.0,0.0,0.0,0.0,1.0,0.0,0.0,0.0,0.0,0.0,0.0,0.0,0.0,0.0,0.0,1.0,0.0,0.0979591836734694,0.1818181818181818,0.09090909090909091,0.0,0.0,4,4,0,0,0,0,0,0,0.0,0.0,7.336212185265035e-05,220000.0
10664431,1,0.0,1.0,0.0,0.0,0.0,1.0,0.0,0.0,0.0,0.0,0.0,0.0,0.0,0.0,1.0,0.0,0.0,0.0,0.12653061224489798,0.1818181818181818,0.0,0.07142857142857142,0.1111111111111111,1,4,0,0,0,0,1,0,0.0,0.0,0.00020082880857163031,499000.0
10664430,1,0.0,1.0,0.0,0.0,0.0,1.0,0.0,0.0,0.0,0.0,0.0,0.0,0.0,0.0,0.0,1.0,0.0,0.0,0.12653061224489798,0.1818181818181818,0.0,0.07142857142857142,0.1111111111111111,1,4,0,0,0,0,1,0,0.0,0.0,0.00020082880857163031,499000.0
10664437,1,0.0,1.0,0.0,1.0,0.0,0.0,0.0,0.0,0.0,0.0,0.0,0.0,0.0,0.0,0.0,1.0,0.0,0.0,0.4744897959183674,0.4545454545454545,0.2727272727272727,0.21428571428571427,0.16666666666666666,0,5,0,1,0,0,1,1,0.045,0.35000000000000003,0.00015130937632109134,1185000.0
10664438,0,0.0,1.0,0.0,1.0,0.0,0.0,0.0,0.0,0.0,0.0,0.0,0.0,0.0,0.0,0.0,0.0,1.0,0.0,0.11530612244897961,0.1818181818181818,0.18181818181818182,0.0,0.1111111111111111,2,3,0,1,0,0,0,1,0.0,0.25,0.0,315000.0
10664439,1,0.0,1.0,0.0,1.0,0.0,0.0,0.0,0.0,0.0,0.0,0.0,0.0,0.0,0.0,0.0,0.0,1.0,0.0,0.22959183673469388,0.2727272727272727,0.09090909090909091,0.0,0.1111111111111111,0,6,0,0,0,0,1,1,0.02,0.2,0.00018248827810846775,550000.0
10664440,1,0.0,1.0,0.0,0.0,0.0,0.0,0.0,0.0,1.0,0.0,0.0,0.0,0.0,0.0,0.0,0.0,0.0,1.0,0.2602040816326531,0.2727272727272727,0.09090909090909091,0.07142857142857142,0.1111111111111111,3,3,0,1,0,0,0,1,0.0,0.09,0.00120588987795294,375000.0
10664442,0,0.0,1.0,0.0,0.0,0.0,1.0,0.0,0.0,0.0,0.0,0.0,0.0,0.0,0.0,0.0,0.0,0.0,1.0,0.03775510204081633,0.0,0.09090909090909091,0.0,0.05555555555555555,0,4,0,1,0,0,0,1,0.0,0.06,0.0,159000.0
10664449,1,0.0,0.0,1.0,0.0,0.0,0.0,0.0,0.0,0.0,0.0,0.0,0.0,1.0,0.0,0.0,0.0,0.0,1.0,0.14285714285714288,0.1818181818181818,0.18181818181818182,0.0,0.1111111111111111,0,3,0,0,0,0,0,1,0.0,0.0,0.001240736885832949,630000.0
10664443,0,0.0,1.0,0.0,0.0,0.0,1.0,0.0,0.0,0.0,0.0,0.0,0.0,0.0,0.0,0.0,0.0,0.0,1.0,0.03775510204081633,0.0,0.09090909090909091,0.0,0.05555555555555555,0,4,0,1,0,0,0,1,0.0,0.06,0.0,159000.0
10664450,1,0.0,0.0,1.0,0.0,0.0,0.0,0.0,0.0,0.0,0.0,0.0,0.0,1.0,0.0,0.0,0.0,0.0,1.0,0.29591836734693877,0.36363636363636365,0.2727272727272727,0.0,0.1111111111111111,0,3,0,0,0,0,0,1,0.0,0.0,0.002906057051888112,925000.0
10533386,0,0.0,1.0,0.0,0.0,0.0,1.0,0.0,0.0,0.0,0.0,0.0,0.0,0.0,0.0,1.0,0.0,0.0,0.0,0.10714285714285715,0.1818181818181818,0.09090909090909091,0.0,0.1111111111111111,4,2,1,0,0,0,0,0,0.0,0.0,0.0,310000.0
10664459,1,0.0,0.0,1.0,0.0,0.0,0.0,0.0,0.0,0.0,1.0,0.0,0.0,0.0,0.0,0.0,0.0,0.0,1.0,0.2459183673469388,0.2727272727272727,0.18181818181818182,0.0,0.1111111111111111,1,4,0,0,0,0,1,1,0.135,0.35000000000000003,0.0003438849461842985,399000.0
10664464,1,0.0,1.0,0.0,0.0,0.0,0.0,0.0,0.0,0.0,0.0,0.0,0.0,0.0,1.0,0.0,0.0,1.0,0.0,0.09897959183673471,0.1818181818181818,0.0,0.0,0.05555555555555555,3,3,0,0,0,0,1,0,0.07,0.0,0.0001283837132421381,225000.0
10664469,1,0.0,1.0,0.0,0.0,0.0,0.0,0.0,0.0,1.0,0.0,0.0,0.0,0.0,0.0,0.0,0.0,0.0,1.0,0.1642857142857143,0.1818181818181818,0.09090909090909091,0.07142857142857142,0.1111111111111111,3,2,0,1,0,0,1,1,0.0,0.0,0.0015048405245024902,437000.0
10664463,1,0.0,1.0,0.0,0.0,0.0,0.0,0.0,0.0,0.0,0.0,0.0,0.0,0.0,1.0,0.0,0.0,1.0,0.0,0.18265306122448982,0.1818181818181818,0.0,0.07142857142857142,0.1111111111111111,1,2,0,0,0,0,1,1,0.0,0.0,0.0005337094364780313,399000.0
10664460,1,0.0,1.0,0.0,1.0,0.0,0.0,0.0,0.0,0.0,0.0,0.0,0.0,0.0,0.0,0.0,0.0,1.0,0.0,0.35714285714285715,0.2727272727272727,0.18181818181818182,0.0,0.16666666666666666,3,2,0,1,0,0,0,0,0.0,0.0,0.0018826554520436395,2200000.0
10664470,1,0.0,1.0,0.0,1.0,0.0,0.0,0.0,0.0,0.0,0.0,0.0,0.0,0.0,0.0,0.0,0.0,1.0,0.0,0.32551020408163267,0.2727272727272727,0.09090909090909091,0.0,0.0,5,6,0,0,0,0,0,0,0.0,0.0,0.00018248827810846775,449000.0
10664467,0,1.0,0.0,0.0,0.0,1.0,0.0,0.0,0.0,0.0,0.0,0.0,0.0,0.0,0.0,0.0,1.0,0.0,0.0,0.07448979591836735,0.09090909090909091,0.09090909090909091,0.0,0.05555555555555555,4,7,1,1,0,0,0,1,0.0,0.03,0.0,245000.0
10664476,1,0.0,1.0,0.0,0.0,0.0,0.0,0.0,0.0,0.0,0.0,0.0,0.0,0.0,1.0,0.0,0.0,0.0,1.0,0.22244897959183677,0.1818181818181818,0.09090909090909091,0.0,0.1111111111111111,0,6,0,0,0,0,1,0,0.203,0.0,0.0003282954952906103,229000.0
10664475,0,0.0,1.0,0.0,0.0,0.0,0.0,0.0,0.0,0.0,0.0,0.0,0.0,0.0,1.0,0.0,0.0,0.0,1.0,0.10306122448979593,0.09090909090909091,0.09090909090909091,0.0,0.05555555555555555,3,2,1,0,0,0,0,1,0.0,0.0,0.0,265000.0
10664478,0,0.0,1.0,0.0,0.0,0.0,0.0,0.0,0.0,0.0,0.0,0.0,0.0,0.0,1.0,0.0,0.0,0.0,1.0,0.25918367346938775,0.09090909090909091,0.18181818181818182,0.0,0.16666666666666666,0,3,0,0,0,0,0,0,0.0,0.0,0.0,3095000.0
10664479,1,0.0,1.0,0.0,0.0,0.0,0.0,0.0,0.0,0.0,0.0,0.0,0.0,0.0,1.0,0.0,0.0,0.0,1.0,0.15816326530612246,0.36363636363636365,0.09090909090909091,0.0,0.05555555555555555,3,2,0,0,0,0,1,0,0.33,0.0,0.0004126619354211582,268000.0
10664489,1,0.0,0.0,1.0,0.0,0.0,0.0,0.0,0.0,0.0,0.0,0.0,0.0,1.0,0.0,0.0,0.0,0.0,1.0,0.1479591836734694,0.1818181818181818,0.18181818181818182,0.0,0.16666666666666666,3,3,0,0,0,0,1,1,0.0,0.0,0.00028519524870217823,395000.0
10664490,1,0.0,1.0,0.0,0.0,0.0,0.0,0.0,0.0,1.0,0.0,0.0,0.0,0.0,0.0,0.0,0.0,1.0,0.0,0.12653061224489798,0.1818181818181818,0.09090909090909091,0.0,0.1111111111111111,3,1,0,0,0,0,1,1,0.15,0.21,0.00019899475552531408,325000.0
10664480,0,0.0,1.0,0.0,0.0,0.0,0.0,0.0,0.0,0.0,0.0,0.0,0.0,0.0,1.0,1.0,0.0,0.0,0.0,0.06428571428571428,0.09090909090909091,0.09090909090909091,0.0,0.05555555555555555,3,1,1,0,0,0,0,1,0.0,0.0,0.0,420000.0
10533411,0,0.0,1.0,0.0,0.0,0.0,0.0,0.0,0.0,0.0,0.0,0.0,0.0,0.0,1.0,0.0,0.0,0.0,1.0,0.08979591836734696,0.09090909090909091,0.0,0.0,0.0,4,3,1,0,0,0,0,0,0.0,0.0,0.0,155000.0
10664492,0,0.0,1.0,0.0,0.0,0.0,0.0,0.0,0.0,1.0,0.0,0.0,0.0,0.0,0.0,0.0,0.0,1.0,0.0,0.07959183673469389,0.1818181818181818,0.09090909090909091,0.0,0.05555555555555555,1,0,0,0,0,0,1,0,0.092,0.0,0.0,368000.0
10664491,0,0.0,1.0,0.0,0.0,0.0,0.0,0.0,0.0,1.0,0.0,0.0,0.0,0.0,0.0,0.0,0.0,1.0,0.0,0.06836734693877553,0.09090909090909091,0.09090909090909091,0.0,0.05555555555555555,1,0,0,0,0,0,1,0,0.038,0.0,0.0,326000.0
10664493,1,0.0,1.0,0.0,0.0,0.0,1.0,0.0,0.0,0.0,0.0,0.0,0.0,0.0,0.0,0.0,0.0,0.0,1.0,0.1469387755102041,0.09090909090909091,0.09090909090909091,0.0,0.1111111111111111,3,4,0,0,0,0,0,1,0.0,0.0,0.0006785996271370157,399500.0
10664494,1,0.0,1.0,0.0,0.0,0.0,1.0,0.0,0.0,0.0,0.0,0.0,0.0,0.0,0.0,1.0,0.0,0.0,0.0,0.1836734693877551,0.1818181818181818,0.18181818181818182,0.0,0.0,4,6,0,0,0,0,0,0,0.0,0.0,0.00010178994407055236,395000.0
10664499,1,0.0,1.0,0.0,0.0,0.0,0.0,0.0,0.0,0.0,0.0,0.0,0.0,0.0,1.0,0.0,0.0,1.0,0.0,0.20816326530612247,0.2727272727272727,0.09090909090909091,0.0,0.1111111111111111,0,3,0,0,0,0,1,1,0.0,0.0,0.00020174583509478846,374000.0
10664501,1,0.0,1.0,0.0,0.0,0.0,0.0,1.0,0.0,0.0,0.0,0.0,0.0,0.0,0.0,0.0,0.0,0.0,1.0,0.2969387755102041,0.2727272727272727,0.18181818181818182,0.0,0.1111111111111111,3,2,0,0,0,0,1,0,0.0,0.0,0.000581394815682254,485000.0
10664504,1,0.0,1.0,0.0,0.0,0.0,0.0,0.0,0.0,1.0,0.0,0.0,0.0,0.0,0.0,0.0,0.0,0.0,1.0,0.15918367346938778,0.2727272727272727,0.09090909090909091,0.0,0.1111111111111111,0,0,0,0,0,0,0,0,0.0,0.0,0.0005694734708811983,375745.0
10664498,1,0.0,1.0,0.0,0.0,0.0,0.0,0.0,0.0,0.0,0.0,0.0,0.0,0.0,1.0,0.0,0.0,1.0,0.0,0.06938775510204082,0.1818181818181818,0.09090909090909091,0.0,0.05555555555555555,3,3,0,0,0,0,1,1,0.0,0.0,0.00022375447165058355,229000.0
10664507,0,0.0,1.0,0.0,0.0,0.0,0.0,0.0,0.0,1.0,0.0,0.0,0.0,0.0,0.0,0.0,0.0,0.0,1.0,0.0653061224489796,0.09090909090909091,0.09090909090909091,0.0,0.0,3,4,0,0,0,0,0,1,0.0,0.0,0.0,279000.0
10664506,1,0.0,1.0,0.0,0.0,0.0,0.0,1.0,0.0,0.0,0.0,0.0,0.0,0.0,0.0,0.0,0.0,0.0,1.0,0.13367346938775512,0.1818181818181818,0.09090909090909091,0.0,0.0,4,6,0,0,0,0,0,0,0.0,0.0,0.002774005232553341,359000.0
10664510,1,0.0,1.0,0.0,0.0,0.0,1.0,0.0,0.0,0.0,0.0,0.0,0.0,0.0,0.0,0.0,0.0,0.0,1.0,0.0816326530612245,0.09090909090909091,0.0,0.0,0.05555555555555555,5,6,0,0,0,0,1,0,0.19,0.0,0.0001467242437053007,125000.0
10271292,0,0.0,0.0,1.0,0.0,0.0,0.0,0.0,0.0,0.0,1.0,0.0,0.0,0.0,0.0,0.0,0.0,0.0,1.0,0.06836734693877553,0.09090909090909091,0.09090909090909091,0.0,0.1111111111111111,1,3,1,0,0,0,0,0,0.0,0.0,0.0,149500.0
10664512,0,1.0,0.0,0.0,0.0,1.0,0.0,0.0,0.0,0.0,0.0,0.0,0.0,0.0,0.0,0.0,1.0,0.0,0.0,0.13571428571428573,0.1818181818181818,0.09090909090909091,0.0,0.1111111111111111,0,0,1,1,0,0,1,1,0.17500000000000002,0.19,0.0,675000.0
10664517,1,1.0,0.0,0.0,0.0,1.0,0.0,0.0,0.0,0.0,0.0,0.0,0.0,0.0,0.0,0.0,1.0,0.0,0.0,0.1489795918367347,0.2727272727272727,0.09090909090909091,0.07142857142857142,0.1111111111111111,0,6,0,0,0,0,0,0,0.0,0.0,0.0,359000.0
10664518,1,0.0,0.0,1.0,0.0,0.0,0.0,0.0,0.0,0.0,0.0,0.0,0.0,1.0,0.0,0.0,0.0,0.0,1.0,0.1489795918367347,0.1818181818181818,0.09090909090909091,0.0,0.0,5,7,0,0,0,0,0,0,0.0,0.0,0.00025126526734532744,197500.0
10664514,1,0.0,1.0,0.0,1.0,0.0,0.0,0.0,0.0,0.0,0.0,0.0,0.0,0.0,0.0,0.0,0.0,0.0,1.0,0.2785714285714286,0.1818181818181818,0.09090909090909091,0.0,0.0,3,4,0,0,0,0,0,0,0.0,0.0,0.0007464595898507173,465000.0
10664544,1,0.0,0.0,1.0,0.0,0.0,0.0,0.0,0.0,0.0,0.0,0.0,1.0,0.0,0.0,0.0,0.0,0.0,1.0,0.2653061224489796,0.2727272727272727,0.18181818181818182,0.0,0.1111111111111111,2,3,0,1,0,0,1,1,1.0,0.6,0.0017423503940004457,525000.0
10664536,1,0.0,1.0,0.0,1.0,0.0,0.0,0.0,0.0,0.0,0.0,0.0,0.0,0.0,0.0,0.0,0.0,0.0,1.0,0.1622448979591837,0.1818181818181818,0.18181818181818182,0.07142857142857142,0.1111111111111111,1,1,0,0,0,0,1,0,0.265,0.0,0.0003768979010179912,599000.0
10664545,1,0.0,0.0,1.0,0.0,0.0,0.0,0.0,1.0,0.0,0.0,0.0,0.0,0.0,0.0,0.0,0.0,1.0,0.0,0.6091836734693878,0.36363636363636365,0.0,0.0,0.0,3,0,0,0,0,0,0,0,0.0,0.0,0.0,550000.0
10664558,0,0.0,1.0,0.0,1.0,0.0,0.0,0.0,0.0,0.0,0.0,0.0,0.0,0.0,0.0,0.0,0.0,0.0,1.0,0.06632653061224492,0.09090909090909091,0.09090909090909091,0.0,0.0,3,2,0,0,0,0,0,1,0.0,0.06,0.0,219000.0
10664554,0,0.0,1.0,0.0,0.0,0.0,0.0,0.0,0.0,0.0,0.0,0.0,0.0,0.0,1.0,0.0,0.0,0.0,1.0,0.059183673469387764,0.1818181818181818,0.09090909090909091,0.0,0.05555555555555555,3,6,0,0,0,0,0,1,0.0,0.0,0.0,229000.0
10664559,1,0.0,0.0,1.0,0.0,0.0,0.0,0.0,1.0,0.0,0.0,0.0,0.0,0.0,0.0,0.0,0.0,0.0,1.0,0.09183673469387757,0.09090909090909091,0.09090909090909091,0.0,0.05555555555555555,4,4,0,1,0,0,1,1,0.085,0.1,0.00012379858062634745,145000.0
10664561,1,0.0,1.0,0.0,0.0,0.0,0.0,0.0,0.0,0.0,0.0,0.0,0.0,0.0,1.0,0.0,0.0,0.0,1.0,0.12448979591836737,0.1818181818181818,0.09090909090909091,0.0,0.1111111111111111,3,2,0,1,0,0,0,1,0.0,0.0,0.0002155012329421604,210000.0
10664532,1,0.0,1.0,0.0,0.0,0.0,0.0,0.0,0.0,0.0,0.0,0.0,0.0,0.0,1.0,0.0,0.0,0.0,1.0,0.12551020408163266,0.1818181818181818,0.0,0.0,0.1111111111111111,3,4,0,0,0,0,1,1,0.0,0.0,0.00021366717989584414,215000.0
10664570,1,0.0,0.0,1.0,0.0,0.0,0.0,0.0,1.0,0.0,0.0,0.0,0.0,0.0,0.0,0.0,0.0,1.0,0.0,0.15000000000000002,0.1818181818181818,0.0,0.07142857142857142,0.05555555555555555,5,7,0,0,0,0,1,1,0.027,0.04,0.00015589450893688199,75000.0
10664567,1,0.0,1.0,0.0,0.0,0.0,0.0,0.0,0.0,0.0,0.0,0.0,0.0,0.0,1.0,0.0,0.0,0.0,1.0,0.18265306122448982,0.1818181818181818,0.09090909090909091,0.0,0.1111111111111111,4,5,0,0,0,0,1,1,0.20500000000000002,0.25,0.00023567581645163923,275000.0
10664571,1,0.0,0.0,1.0,0.0,0.0,0.0,0.0,0.0,0.0,0.0,0.0,0.0,1.0,0.0,0.0,0.0,0.0,1.0,0.14489795918367349,0.1818181818181818,0.0,0.0,0.0,4,0,0,0,0,0,0,0,0.0,0.0,0.00044200678416221834,195000.0
10664580,1,0.0,1.0,0.0,0.0,0.0,0.0,0.0,0.0,0.0,0.0,0.0,0.0,0.0,1.0,1.0,0.0,0.0,0.0,0.16938775510204085,0.1818181818181818,0.09090909090909091,0.0,0.1111111111111111,3,2,0,0,0,0,1,1,0.07,0.7000000000000001,0.0,419000.0
10664582,1,0.0,1.0,0.0,0.0,0.0,0.0,1.0,0.0,0.0,0.0,0.0,0.0,0.0,0.0,0.0,0.0,1.0,0.0,0.2448979591836735,0.2727272727272727,0.18181818181818182,0.0,0.16666666666666666,2,3,0,1,0,0,1,0,0.0,0.0,0.00510783773399078,548000.0
10664574,1,0.0,0.0,1.0,0.0,0.0,0.0,0.0,1.0,0.0,0.0,0.0,0.0,0.0,0.0,0.0,0.0,1.0,0.0,0.1275510204081633,0.1818181818181818,0.09090909090909091,0.0,0.1111111111111111,0,6,0,1,0,0,1,0,0.5,0.0,0.0005960672400527841,429000.0
10664581,1,0.0,1.0,0.0,0.0,0.0,1.0,0.0,0.0,0.0,0.0,0.0,0.0,0.0,0.0,0.0,0.0,1.0,0.0,0.1163265306122449,0.1818181818181818,0.09090909090909091,0.07142857142857142,0.1111111111111111,1,1,0,0,0,0,0,1,0.0,0.0,0.00037598087449483304,395000.0
10664590,1,1.0,0.0,0.0,0.0,1.0,0.0,0.0,0.0,0.0,0.0,0.0,0.0,0.0,0.0,1.0,0.0,0.0,0.0,0.3622448979591837,0.4545454545454545,0.0,0.0,0.0,3,6,0,0,0,0,0,0,0.0,0.0,8.253238708423164e-05,690000.0
10664587,1,0.0,0.0,1.0,0.0,0.0,0.0,0.0,0.0,0.0,1.0,0.0,0.0,0.0,0.0,0.0,0.0,1.0,0.0,0.2448979591836735,0.36363636363636365,0.09090909090909091,0.0,0.16666666666666666,4,6,0,1,0,0,1,1,0.25,0.2,0.0004906091898895992,235000.0
10664589,1,0.0,0.0,1.0,0.0,0.0,0.0,0.0,1.0,0.0,0.0,0.0,0.0,0.0,0.0,0.0,1.0,0.0,0.0,0.10204081632653061,0.09090909090909091,0.18181818181818182,0.0,0.1111111111111111,3,7,0,0,0,0,0,0,0.0,0.0,0.0005694734708811983,140000.0
10664591,1,0.0,0.0,1.0,0.0,0.0,0.0,0.0,1.0,0.0,0.0,0.0,0.0,0.0,0.0,0.0,0.0,0.0,1.0,0.4897959183673469,0.4545454545454545,0.0,0.0,0.0,5,6,0,0,0,0,1,1,1.0,0.0,0.009619608227928777,250000.0
10664592,1,0.0,1.0,0.0,0.0,0.0,0.0,1.0,0.0,0.0,0.0,0.0,0.0,0.0,0.0,0.0,0.0,0.0,1.0,0.08775510204081632,0.1818181818181818,0.09090909090909091,0.0,0.1111111111111111,1,4,0,1,0,0,1,1,0.138,0.63,0.00038515113972641433,319000.0
10664593,0,1.0,0.0,0.0,0.0,1.0,0.0,0.0,0.0,0.0,0.0,0.0,0.0,0.0,0.0,0.0,1.0,0.0,0.0,0.025510204081632654,0.0,0.0,0.0,0.05555555555555555,2,5,0,1,0,0,0,1,0.0,0.1,0.0,149000.0
10664601,0,0.0,1.0,0.0,0.0,0.0,1.0,0.0,0.0,0.0,0.0,0.0,0.0,0.0,0.0,0.0,1.0,0.0,0.0,0.16122448979591839,0.1818181818181818,0.09090909090909091,0.07142857142857142,0.1111111111111111,4,3,1,1,0,0,0,1,0.0,0.0,0.0,324000.0
10664602,1,0.0,1.0,0.0,0.0,0.0,1.0,0.0,0.0,0.0,0.0,0.0,0.0,0.0,0.0,1.0,0.0,0.0,0.0,0.034693877551020415,0.0,0.09090909090909091,0.0,0.05555555555555555,3,6,0,1,0,0,1,0,0.26,0.0,0.0008271579238886326,235000.0
10664603,0,0.0,1.0,0.0,0.0,0.0,1.0,0.0,0.0,0.0,0.0,0.0,0.0,0.0,0.0,1.0,0.0,0.0,0.0,0.017346938775510204,0.0,0.09090909090909091,0.0,0.05555555555555555,1,2,1,1,0,0,0,0,0.0,0.0,0.0,265000.0
10664604,0,0.0,0.0,1.0,0.0,0.0,0.0,0.0,0.0,0.0,0.0,0.0,0.0,1.0,0.0,0.0,0.0,0.0,1.0,0.05612244897959184,0.09090909090909091,0.09090909090909091,0.0,0.05555555555555555,0,6,0,1,0,0,0,0,0.0,0.0,0.0,440000.0
10664605,0,0.0,1.0,0.0,0.0,0.0,1.0,0.0,0.0,0.0,0.0,0.0,0.0,0.0,0.0,1.0,0.0,0.0,0.0,0.017346938775510204,0.0,0.09090909090909091,0.0,0.05555555555555555,0,2,1,1,0,0,0,0,0.0,0.0,0.0,265000.0
10664606,0,0.0,1.0,0.0,0.0,0.0,1.0,0.0,0.0,0.0,0.0,0.0,0.0,0.0,0.0,1.0,0.0,0.0,0.0,0.017346938775510204,0.0,0.09090909090909091,0.0,0.05555555555555555,0,2,1,1,0,0,0,0,0.0,0.0,0.0,265000.0
10664621,1,1.0,0.0,0.0,0.0,1.0,0.0,0.0,0.0,0.0,0.0,0.0,0.0,0.0,0.0,0.0,0.0,0.0,1.0,0.2642857142857143,0.4545454545454545,0.36363636363636365,0.0,0.2777777777777778,4,6,0,0,0,0,1,1,0.04,0.15,0.00015589450893688199,1090000.0
10664629,0,1.0,0.0,0.0,0.0,1.0,0.0,0.0,0.0,0.0,0.0,0.0,0.0,0.0,0.0,0.0,1.0,0.0,0.0,0.06632653061224492,0.09090909090909091,0.09090909090909091,0.0,0.05555555555555555,3,6,1,1,0,0,0,1,0.0,0.3,0.0,249000.0
10664627,1,0.0,0.0,1.0,0.0,0.0,0.0,0.0,0.0,0.0,0.0,0.0,0.0,1.0,0.0,0.0,0.0,0.0,1.0,0.22448979591836737,0.2727272727272727,0.18181818181818182,0.0,0.0,0,6,0,0,0,0,0,0,0.0,0.0,0.0008308260299812652,425000.0
10664632,0,1.0,0.0,0.0,0.0,1.0,0.0,0.0,0.0,0.0,0.0,0.0,0.0,0.0,0.0,0.0,1.0,0.0,0.0,0.07653061224489796,0.1818181818181818,0.0,0.07142857142857142,0.05555555555555555,0,0,1,1,0,0,1,0,0.0,0.0,0.0,265000.0
10664631,1,0.0,0.0,1.0,0.0,0.0,0.0,0.0,0.0,0.0,0.0,0.0,1.0,0.0,0.0,0.0,0.0,1.0,0.0,0.05816326530612246,0.1818181818181818,0.09090909090909091,0.0,0.05555555555555555,0,6,0,0,0,0,1,1,0.0,0.24,0.0007758044385917774,309000.0
10664630,0,1.0,0.0,0.0,0.0,1.0,0.0,0.0,0.0,0.0,0.0,0.0,0.0,0.0,0.0,0.0,1.0,0.0,0.0,0.06632653061224492,0.09090909090909091,0.09090909090909091,0.0,0.05555555555555555,3,6,1,1,0,0,0,1,0.0,0.3,0.0,249000.0
10664633,0,0.0,0.0,1.0,0.0,0.0,0.0,0.0,1.0,0.0,0.0,0.0,0.0,0.0,0.0,0.0,0.0,1.0,0.0,0.08673469387755103,0.09090909090909091,0.0,0.0,0.0,0,1,0,1,0,0,0,1,0.0,0.12,0.0,239000.0
10664635,0,0.0,1.0,0.0,0.0,0.0,0.0,0.0,0.0,1.0,0.0,0.0,0.0,0.0,0.0,0.0,0.0,0.0,1.0,0.10918367346938776,0.09090909090909091,0.0,0.07142857142857142,0.05555555555555555,0,3,0,1,0,0,0,0,0.0,0.0,0.0,209000.0
10664636,1,0.0,1.0,0.0,1.0,0.0,0.0,0.0,0.0,0.0,0.0,0.0,0.0,0.0,0.0,0.0,0.0,0.0,1.0,0.41122448979591836,0.36363636363636365,0.2727272727272727,0.0,0.0,0,1,0,1,0,0,1,1,0.0,0.0,0.0020871523667079024,1250000.0
10664637,1,0.0,0.0,1.0,0.0,0.0,0.0,0.0,1.0,0.0,0.0,0.0,0.0,0.0,0.0,0.0,0.0,0.0,1.0,0.1275510204081633,0.1818181818181818,0.09090909090909091,0.0,0.05555555555555555,5,7,0,0,0,0,1,0,0.0,0.0,0.0026841366332838444,215000.0
10664645,0,0.0,0.0,1.0,0.0,0.0,0.0,0.0,0.0,0.0,0.0,0.0,0.0,1.0,0.0,0.0,0.0,0.0,1.0,0.0010204081632653045,0.0,0.0,0.07142857142857142,0.0,0,4,0,1,0,0,0,0,0.0,0.0,0.0,126500.0
10664647,0,1.0,0.0,0.0,0.0,1.0,0.0,0.0,0.0,0.0,0.0,0.0,0.0,0.0,0.0,0.0,0.0,1.0,0.0,0.0,0.0,0.0,0.07142857142857142,0.0,0,5,1,1,0,0,0,0,0.0,0.0,0.0,106000.0
10664648,1,0.0,0.0,1.0,0.0,0.0,0.0,0.0,0.0,0.0,0.0,1.0,0.0,0.0,0.0,0.0,0.0,0.0,1.0,0.15816326530612246,0.1818181818181818,0.0,0.0,0.0,4,7,0,0,0,0,0,0,0.0,0.0,0.0019257556986320716,449000.0
10664650,1,0.0,0.0,1.0,0.0,0.0,0.0,0.0,0.0,0.0,0.0,1.0,0.0,0.0,0.0,0.0,0.0,0.0,1.0,0.12551020408163266,0.2727272727272727,0.09090909090909091,0.0,0.1111111111111111,3,5,0,0,0,0,0,0,0.0,0.0,0.00030995496482744773,339000.0
10664644,0,0.0,0.0,1.0,0.0,0.0,0.0,0.0,0.0,0.0,0.0,1.0,0.0,0.0,0.0,0.0,0.0,1.0,0.0,0.0673469387755102,0.09090909090909091,0.09090909090909091,0.0,0.05555555555555555,1,2,1,0,0,0,0,1,0.0,0.06,0.0,287000.0
10664653,1,0.0,0.0,1.0,0.0,0.0,0.0,0.0,0.0,0.0,0.0,1.0,0.0,0.0,0.0,0.0,0.0,0.0,1.0,0.07040816326530613,0.09090909090909091,0.09090909090909091,0.0,0.05555555555555555,5,7,0,1,0,0,0,0,0.0,0.0,0.0007272020328643966,349000.0
10664655,1,0.0,0.0,1.0,0.0,0.0,0.0,0.0,0.0,0.0,0.0,1.0,0.0,0.0,0.0,0.0,0.0,0.0,1.0,0.22346938775510206,0.2727272727272727,0.18181818181818182,0.0,0.05555555555555555,3,3,0,0,1,0,0,0,0.0,0.0,0.005685564443580402,539000.0
10664656,0,0.0,0.0,1.0,0.0,0.0,0.0,0.0,0.0,0.0,0.0,1.0,0.0,0.0,0.0,0.0,0.0,0.0,1.0,0.04897959183673469,0.0,0.09090909090909091,0.0,0.05555555555555555,3,6,0,0,0,0,0,0,0.0,0.0,0.0,189000.0
10664660,0,1.0,0.0,0.0,0.0,1.0,0.0,0.0,0.0,0.0,0.0,0.0,0.0,0.0,0.0,0.0,1.0,0.0,0.0,0.08673469387755103,0.0,0.09090909090909091,0.07142857142857142,0.1111111111111111,2,4,0,0,0,0,1,0,0.03,0.0,0.0,319000.0
10664661,0,1.0,0.0,0.0,0.0,1.0,0.0,0.0,0.0,0.0,0.0,0.0,0.0,0.0,0.0,0.0,1.0,0.0,0.0,0.03571428571428572,0.0,0.09090909090909091,0.07142857142857142,0.05555555555555555,4,6,0,0,0,0,0,0,0.0,0.0,0.0,231000.0
10664663,1,0.0,1.0,0.0,0.0,0.0,0.0,1.0,0.0,0.0,0.0,0.0,0.0,0.0,0.0,0.0,0.0,0.0,1.0,0.2479591836734694,0.4545454545454545,0.18181818181818182,0.0,0.1111111111111111,3,0,0,1,0,0,0,1,0.0,0.0,0.0007849747038233587,785000.0
10402518,0,0.0,1.0,0.0,0.0,0.0,0.0,0.0,0.0,0.0,0.0,0.0,0.0,0.0,1.0,0.0,0.0,1.0,0.0,0.06122448979591837,0.09090909090909091,0.0,0.0,0.0,3,1,0,0,0,0,0,0,0.0,0.0,0.0,299500.0
10664676,1,0.0,0.0,1.0,0.0,0.0,0.0,0.0,0.0,0.0,0.0,0.0,0.0,1.0,0.0,0.0,0.0,1.0,0.0,0.11224489795918369,0.1818181818181818,0.09090909090909091,0.0,0.0,0,5,0,1,0,0,1,0,0.5,0.0,0.0005969842665759421,336000.0
10664665,1,0.0,0.0,1.0,0.0,0.0,0.0,0.0,1.0,0.0,0.0,0.0,0.0,0.0,0.0,0.0,0.0,0.0,1.0,0.1275510204081633,0.1818181818181818,0.09090909090909091,0.0,0.05555555555555555,3,7,0,0,0,0,1,0,0.0,0.0,0.0026841366332838444,215000.0
10664669,1,0.0,0.0,1.0,0.0,0.0,0.0,0.0,1.0,0.0,0.0,0.0,0.0,0.0,0.0,0.0,0.0,0.0,1.0,0.13469387755102044,0.1818181818181818,0.09090909090909091,0.07142857142857142,0.1111111111111111,2,5,0,0,0,0,1,1,0.746,0.36,0.0008253238708423164,330000.0
10664670,1,0.0,0.0,1.0,0.0,0.0,0.0,0.0,0.0,0.0,0.0,0.0,0.0,1.0,0.0,0.0,0.0,0.0,1.0,0.14285714285714288,0.2727272727272727,0.09090909090909091,0.0,0.05555555555555555,0,5,0,1,0,0,1,1,0.0,0.0,0.001077506164710802,495000.0
10664677,0,0.0,0.0,1.0,0.0,0.0,0.0,0.0,0.0,0.0,0.0,0.0,0.0,1.0,0.0,0.0,0.0,0.0,1.0,0.113265306122449,0.1818181818181818,0.18181818181818182,0.0,0.0,0,0,1,0,0,0,0,1,0.0,0.13,0.0,372600.0
10664671,1,0.0,0.0,1.0,0.0,0.0,0.0,0.0,0.0,0.0,0.0,0.0,0.0,1.0,0.0,0.0,0.0,0.0,1.0,0.1326530612244898,0.09090909090909091,0.09090909090909091,0.0,0.1111111111111111,0,5,0,1,0,0,1,1,0.0,0.15,0.00040807680280536754,395000.0
10664680,1,0.0,1.0,0.0,0.0,0.0,0.0,0.0,0.0,0.0,0.0,0.0,0.0,0.0,1.0,0.0,0.0,1.0,0.0,0.29285714285714287,0.1818181818181818,0.09090909090909091,0.0,0.1111111111111111,4,6,0,1,0,0,0,1,0.0,0.0,0.00019349259638636528,215000.0
10664682,1,0.0,1.0,0.0,1.0,0.0,0.0,0.0,0.0,0.0,0.0,0.0,0.0,0.0,0.0,0.0,0.0,0.0,1.0,0.21836734693877555,0.1818181818181818,0.09090909090909091,0.0,0.0,3,0,0,0,0,0,0,0,0.0,0.0,0.00036222547664746107,387500.0
10664689,1,0.0,0.0,1.0,0.0,0.0,0.0,0.0,0.0,0.0,0.0,0.0,0.0,1.0,0.0,0.0,0.0,0.0,1.0,0.1326530612244898,0.1818181818181818,0.18181818181818182,0.0,0.0,0,3,0,0,0,0,0,1,0.0,0.13,0.00014213911108951004,329000.0
10664691,1,0.0,1.0,0.0,0.0,0.0,0.0,0.0,0.0,0.0,0.0,0.0,0.0,0.0,1.0,0.0,0.0,0.0,1.0,0.38571428571428573,0.36363636363636365,0.09090909090909091,0.0,0.1111111111111111,3,2,0,0,0,0,0,1,0.0,0.0,0.0004154130149906326,475000.0
10664705,0,0.0,0.0,1.0,0.0,0.0,0.0,0.0,1.0,0.0,0.0,0.0,0.0,0.0,0.0,0.0,0.0,0.0,1.0,0.10408163265306122,0.1818181818181818,0.09090909090909091,0.0,0.0,3,3,0,0,0,0,0,0,0.0,0.0,0.0,298000.0
10664711,1,0.0,0.0,1.0,0.0,0.0,0.0,0.0,0.0,0.0,1.0,0.0,0.0,0.0,0.0,1.0,0.0,0.0,0.0,0.23979591836734696,0.36363636363636365,0.09090909090909091,0.0,0.1111111111111111,0,5,0,0,0,0,0,1,0.0,0.33,0.0001779031454926771,365000.0
10664706,1,0.0,0.0,1.0,0.0,0.0,0.0,0.0,1.0,0.0,0.0,0.0,0.0,0.0,0.0,1.0,0.0,0.0,0.0,0.07142857142857142,0.09090909090909091,0.09090909090909091,0.0,0.05555555555555555,0,3,0,0,0,0,0,1,0.0,0.05,0.0,125000.0
10664713,0,0.0,0.0,1.0,0.0,0.0,0.0,0.0,1.0,0.0,0.0,0.0,0.0,0.0,0.0,0.0,0.0,0.0,1.0,0.10408163265306122,0.1818181818181818,0.09090909090909091,0.0,0.0,3,3,0,0,0,0,0,0,0.0,0.0,0.0,298000.0
10664712,0,0.0,0.0,1.0,0.0,0.0,0.0,0.0,1.0,0.0,0.0,0.0,0.0,0.0,0.0,0.0,0.0,1.0,0.0,0.08673469387755103,0.09090909090909091,0.09090909090909091,0.0,0.05555555555555555,1,1,0,0,0,0,0,1,0.0,0.12,0.0,239000.0
10664698,1,0.0,0.0,1.0,0.0,0.0,0.0,0.0,0.0,0.0,0.0,0.0,1.0,0.0,0.0,1.0,0.0,0.0,0.0,0.1836734693877551,0.1818181818181818,0.18181818181818182,0.07142857142857142,0.1111111111111111,0,4,0,0,0,0,1,1,0.168,0.5,0.0002246714981737417,325000.0
10664715,1,0.0,0.0,1.0,0.0,0.0,0.0,0.0,0.0,0.0,0.0,0.0,0.0,1.0,0.0,0.0,0.0,0.0,1.0,0.22653061224489798,0.2727272727272727,0.09090909090909091,0.07142857142857142,0.0,0,4,0,0,0,0,0,0,0.0,0.0,0.0012820030793750648,550000.0
10664714,1,0.0,0.0,1.0,0.0,0.0,0.0,0.0,0.0,0.0,1.0,0.0,0.0,0.0,0.0,0.0,1.0,0.0,0.0,0.1326530612244898,0.1818181818181818,0.0,0.0,0.0,0,0,0,0,0,0,1,0,0.0,0.0,0.0019385940699562854,288733.0
10664716,1,0.0,1.0,0.0,0.0,0.0,0.0,0.0,0.0,0.0,0.0,0.0,0.0,0.0,1.0,0.0,0.0,0.0,1.0,0.10102040816326532,0.1818181818181818,0.0,0.0,0.05555555555555555,1,2,0,0,0,0,1,1,0.06,0.0,0.0001568115354600401,269000.0
10664723,1,0.0,0.0,1.0,0.0,0.0,0.0,0.0,0.0,0.0,1.0,0.0,0.0,0.0,0.0,0.0,0.0,1.0,0.0,0.09183673469387757,0.2727272727272727,0.0,0.07142857142857142,0.05555555555555555,3,6,0,1,0,0,1,0,0.495,0.0,0.0005511329404180357,239000.0
10664732,1,0.0,0.0,1.0,0.0,0.0,0.0,0.0,1.0,0.0,0.0,0.0,0.0,0.0,0.0,0.0,0.0,1.0,0.0,0.15918367346938778,0.2727272727272727,0.09090909090909091,0.0,0.0,0,4,0,1,0,0,0,0,0.0,0.0,0.0,650000.0
10664734,1,0.0,0.0,1.0,0.0,0.0,0.0,0.0,0.0,0.0,0.0,0.0,0.0,1.0,0.0,0.0,0.0,1.0,0.0,0.15306122448979595,0.1818181818181818,0.09090909090909091,0.0,0.0,5,0,0,0,0,0,0,0,0.0,0.0,0.0002430120286369043,350000.0
10664730,0,1.0,0.0,0.0,0.0,1.0,0.0,0.0,0.0,0.0,0.0,0.0,0.0,0.0,0.0,0.0,0.0,0.0,1.0,0.07346938775510206,0.0,0.09090909090909091,0.0,0.0,4,7,0,0,0,0,1,0,0.04,0.0,0.0,275000.0
10664726,1,0.0,0.0,1.0,0.0,0.0,0.0,0.0,0.0,0.0,1.0,0.0,0.0,0.0,0.0,1.0,0.0,0.0,0.0,0.1295918367346939,0.09090909090909091,0.09090909090909091,0.0,0.0,0,2,0,0,0,0,0,0,0.0,0.0,4.034916701895769e-05,349000.0
10664739,1,0.0,1.0,0.0,0.0,0.0,0.0,1.0,0.0,0.0,0.0,0.0,0.0,0.0,0.0,0.0,0.0,1.0,0.0,0.11530612244897961,0.09090909090909091,0.09090909090909091,0.0,0.1111111111111111,3,3,0,1,0,0,1,1,0.0,0.39,0.00036681060926325174,255000.0
10664742,1,0.0,0.0,1.0,0.0,0.0,0.0,0.0,0.0,0.0,0.0,0.0,1.0,0.0,0.0,0.0,0.0,0.0,1.0,0.17346938775510207,0.2727272727272727,0.09090909090909091,0.07142857142857142,0.16666666666666666,0,6,0,1,0,0,1,1,0.0,0.5,0.0011866323209666193,395000.0
10664746,1,0.0,1.0,0.0,1.0,0.0,0.0,0.0,0.0,0.0,0.0,0.0,0.0,0.0,0.0,0.0,0.0,1.0,0.0,0.1489795918367347,0.2727272727272727,0.09090909090909091,0.0,0.1111111111111111,0,2,0,0,0,0,0,1,0.0,0.3,7.703022794528286e-05,395000.0
10664750,1,0.0,1.0,0.0,0.0,0.0,0.0,0.0,0.0,1.0,0.0,0.0,0.0,0.0,0.0,0.0,0.0,0.0,1.0,0.27040816326530615,0.4545454545454545,0.18181818181818182,0.0,0.0,0,2,0,1,0,0,1,0,0.0,0.0,0.0007437085102812429,460000.0
10664753,1,0.0,1.0,0.0,0.0,0.0,1.0,0.0,0.0,0.0,0.0,0.0,0.0,0.0,0.0,1.0,0.0,0.0,0.0,0.13571428571428573,0.2727272727272727,0.18181818181818182,0.14285714285714285,0.1111111111111111,3,4,0,0,0,0,0,0,0.0,0.0,4.4934299634748335e-05,313000.0
10664755,1,0.0,1.0,0.0,1.0,0.0,0.0,0.0,0.0,0.0,0.0,0.0,0.0,0.0,0.0,0.0,0.0,0.0,1.0,0.12040816326530615,0.1818181818181818,0.09090909090909091,0.0,0.1111111111111111,3,3,0,1,0,0,1,1,0.1,0.12,0.0001779031454926771,328000.0
10664751,1,0.0,1.0,0.0,0.0,0.0,1.0,0.0,0.0,0.0,0.0,0.0,0.0,0.0,0.0,1.0,0.0,0.0,0.0,0.19387755102040818,0.1818181818181818,0.09090909090909091,0.0,0.05555555555555555,5,5,0,0,0,0,1,1,0.0,0.14,0.0001467242437053007,367000.0
10664764,0,0.0,1.0,0.0,1.0,0.0,0.0,0.0,0.0,0.0,0.0,0.0,0.0,0.0,0.0,0.0,0.0,0.0,1.0,0.0653061224489796,0.1818181818181818,0.09090909090909091,0.0,0.05555555555555555,5,3,0,1,0,0,0,0,0.0,0.0,0.0,195000.0
10664758,1,0.0,1.0,0.0,1.0,0.0,0.0,0.0,0.0,0.0,0.0,0.0,0.0,0.0,0.0,0.0,0.0,1.0,0.0,0.21530612244897962,0.1818181818181818,0.09090909090909091,0.0,0.1111111111111111,3,4,0,1,0,0,1,0,0.0,0.0,0.0006886869188917551,747000.0
10664763,1,0.0,1.0,0.0,0.0,0.0,0.0,1.0,0.0,0.0,0.0,0.0,0.0,0.0,0.0,0.0,0.0,0.0,1.0,0.18979591836734697,0.1818181818181818,0.09090909090909091,0.07142857142857142,0.1111111111111111,0,2,0,1,0,0,1,0,0.0,0.0,0.0008124854995181026,449000.0
10664765,1,0.0,0.0,1.0,0.0,0.0,0.0,0.0,0.0,0.0,0.0,0.0,1.0,0.0,0.0,0.0,0.0,0.0,1.0,0.018367346938775515,0.09090909090909091,0.0,0.07142857142857142,0.05555555555555555,0,0,0,1,0,0,1,1,0.16,0.2,0.00018340530463162587,140000.0
10664773,0,0.0,1.0,0.0,0.0,0.0,0.0,0.0,0.0,0.0,0.0,0.0,0.0,0.0,1.0,0.0,0.0,1.0,0.0,0.06326530612244899,0.0,0.0,0.07142857142857142,0.05555555555555555,2,2,1,1,0,0,0,1,0.0,0.07,0.0,425000.0
10664770,0,0.0,1.0,0.0,0.0,0.0,0.0,0.0,0.0,0.0,0.0,0.0,0.0,0.0,1.0,0.0,0.0,1.0,0.0,0.07346938775510206,0.1818181818181818,0.2727272727272727,0.14285714285714285,0.05555555555555555,2,3,1,0,0,0,0,1,0.0,0.1,0.0,339000.0
10664768,1,0.0,1.0,0.0,0.0,0.0,1.0,0.0,0.0,0.0,0.0,0.0,0.0,0.0,0.0,0.0,0.0,0.0,1.0,0.06632653061224492,0.0,0.09090909090909091,0.0,0.05555555555555555,5,6,0,1,0,0,0,1,0.0,0.1,8.253238708423164e-05,120000.0
10664781,1,0.0,1.0,0.0,0.0,0.0,0.0,0.0,0.0,0.0,0.0,0.0,0.0,0.0,1.0,0.0,0.0,0.0,1.0,0.25,0.36363636363636365,0.09090909090909091,0.07142857142857142,0.1111111111111111,2,2,0,1,0,0,0,1,0.0,0.0,0.0006584250436275368,579000.0
10664779,1,0.0,1.0,0.0,0.0,0.0,0.0,0.0,0.0,0.0,0.0,0.0,0.0,0.0,1.0,0.0,0.0,1.0,0.0,0.336734693877551,0.2727272727272727,0.09090909090909091,0.0,0.16666666666666666,3,2,0,0,0,0,0,1,0.0,0.16,0.00013663695195056128,479000.0
10664791,0,0.0,1.0,0.0,1.0,0.0,0.0,0.0,0.0,0.0,0.0,0.0,0.0,0.0,0.0,1.0,0.0,0.0,0.0,0.09897959183673471,0.09090909090909091,0.18181818181818182,0.07142857142857142,0.1111111111111111,1,2,1,0,0,0,0,1,0.0,0.08,0.0,695000.0
10664782,0,0.0,1.0,0.0,0.0,0.0,0.0,0.0,0.0,0.0,0.0,0.0,0.0,0.0,1.0,0.0,0.0,0.0,1.0,0.03571428571428572,0.0,0.09090909090909091,0.0,0.05555555555555555,3,2,1,0,0,0,0,1,0.0,0.0,0.0,185000.0
10664784,1,0.0,1.0,0.0,0.0,0.0,0.0,0.0,0.0,0.0,0.0,0.0,0.0,0.0,1.0,1.0,0.0,0.0,0.0,0.08469387755102042,0.1818181818181818,0.09090909090909091,0.0,0.05555555555555555,3,6,0,0,0,0,0,0,0.0,0.0,5.502159138948776e-05,245000.0
10664794,1,0.0,0.0,1.0,0.0,0.0,0.0,0.0,0.0,0.0,0.0,1.0,0.0,0.0,0.0,0.0,0.0,0.0,1.0,0.5571428571428572,0.9090909090909091,0.2727272727272727,0.0,0.0,5,4,0,0,0,0,0,0,0.0,0.0,0.000609822637900156,250000.0
10664801,0,1.0,0.0,0.0,0.0,1.0,0.0,0.0,0.0,0.0,0.0,0.0,0.0,0.0,0.0,0.0,0.0,0.0,1.0,0.06836734693877553,0.09090909090909091,0.09090909090909091,0.0,0.0,0,2,0,1,0,0,0,1,0.0,0.15,0.0,313000.0
10664804,0,1.0,0.0,0.0,0.0,1.0,0.0,0.0,0.0,0.0,0.0,0.0,0.0,0.0,0.0,0.0,0.0,0.0,1.0,0.059183673469387764,0.0,0.09090909090909091,0.0,0.0,0,2,0,1,0,0,0,1,0.0,0.07,0.0,288000.0
10664802,0,1.0,0.0,0.0,0.0,1.0,0.0,0.0,0.0,0.0,0.0,0.0,0.0,0.0,0.0,0.0,0.0,0.0,1.0,0.1,0.1818181818181818,0.09090909090909091,0.07142857142857142,0.1111111111111111,0,2,0,1,0,0,0,1,0.0,0.1,0.0,378000.0
10664808,0,1.0,0.0,0.0,0.0,1.0,0.0,0.0,0.0,0.0,0.0,0.0,0.0,0.0,0.0,0.0,1.0,0.0,0.0,0.08571428571428572,0.1818181818181818,0.18181818181818182,0.0,0.1111111111111111,0,2,1,1,0,0,1,1,0.048,0.13,0.0,399000.0
10664812,0,1.0,0.0,0.0,0.0,1.0,0.0,0.0,0.0,0.0,0.0,0.0,0.0,0.0,0.0,0.0,1.0,0.0,0.0,0.10306122448979593,0.2727272727272727,0.18181818181818182,0.0,0.1111111111111111,0,2,1,1,0,0,0,1,0.0,0.25,0.0,480000.0
10664809,0,1.0,0.0,0.0,0.0,1.0,0.0,0.0,0.0,0.0,0.0,0.0,0.0,0.0,0.0,0.0,1.0,0.0,0.0,0.05000000000000001,0.0,0.09090909090909091,0.0,0.05555555555555555,0,2,1,1,0,0,0,1,0.0,0.02,0.0,275000.0
10664818,1,0.0,1.0,0.0,0.0,0.0,0.0,1.0,0.0,0.0,0.0,0.0,0.0,0.0,0.0,0.0,0.0,0.0,1.0,0.36020408163265305,0.2727272727272727,0.18181818181818182,0.0,0.0,0,0,0,0,0,0,0,0,0.0,0.0,0.001375539784737194,779000.0
10664811,0,1.0,0.0,0.0,0.0,1.0,0.0,0.0,0.0,0.0,0.0,0.0,0.0,0.0,0.0,0.0,1.0,0.0,0.0,0.06938775510204082,0.09090909090909091,0.09090909090909091,0.0,0.1111111111111111,0,2,1,1,0,0,0,1,0.0,0.07,0.0,355000.0
10664844,1,0.0,0.0,1.0,0.0,0.0,0.0,0.0,0.0,0.0,0.0,0.0,0.0,1.0,0.0,0.0,0.0,0.0,1.0,0.15714285714285717,0.2727272727272727,0.18181818181818182,0.07142857142857142,0.05555555555555555,3,2,0,0,0,0,1,1,0.20500000000000002,0.32,0.0002439290551600624,358000.0
10664840,0,0.0,0.0,1.0,0.0,0.0,0.0,0.0,0.0,0.0,0.0,0.0,1.0,0.0,0.0,0.0,0.0,1.0,0.0,0.10408163265306122,0.09090909090909091,0.0,0.07142857142857142,0.05555555555555555,3,1,0,0,0,0,0,1,0.0,0.16,0.0,379000.0
10664843,1,0.0,0.0,1.0,0.0,0.0,0.0,0.0,0.0,0.0,0.0,0.0,0.0,1.0,0.0,0.0,0.0,0.0,1.0,0.2530612244897959,0.36363636363636365,0.09090909090909091,0.14285714285714285,0.05555555555555555,3,2,0,0,0,0,1,1,0.755,0.59,0.000786808756869675,545000.0
10664846,1,0.0,0.0,1.0,0.0,0.0,0.0,0.0,0.0,0.0,0.0,0.0,0.0,1.0,0.0,0.0,0.0,1.0,0.0,0.12142857142857144,0.09090909090909091,0.0,0.07142857142857142,0.1111111111111111,3,4,0,0,0,0,0,0,0.0,0.0,5.960672400527841e-05,219000.0
10664854,1,0.0,0.0,1.0,0.0,0.0,0.0,0.0,0.0,0.0,0.0,0.0,0.0,1.0,0.0,0.0,0.0,0.0,1.0,0.17346938775510207,0.2727272727272727,0.09090909090909091,0.14285714285714285,0.16666666666666666,3,2,0,0,0,0,1,1,0.39,0.36,0.0004126619354211582,395000.0
10664857,1,0.0,0.0,1.0,0.0,0.0,0.0,0.0,0.0,0.0,0.0,0.0,0.0,1.0,0.0,0.0,0.0,0.0,1.0,0.3877551020408163,0.4545454545454545,0.0,0.07142857142857142,0.05555555555555555,6,4,0,1,0,0,1,1,1.0,0.0,0.0012223963553697865,395000.0
10664850,1,0.0,0.0,1.0,0.0,0.0,0.0,0.0,0.0,0.0,0.0,0.0,0.0,1.0,0.0,0.0,0.0,0.0,1.0,0.11836734693877551,0.2727272727272727,0.09090909090909091,0.0,0.05555555555555555,3,5,0,0,0,0,1,1,0.374,0.0,0.0003429679196611404,269000.0
10664873,1,0.0,0.0,1.0,0.0,0.0,0.0,0.0,0.0,0.0,0.0,0.0,0.0,1.0,0.0,0.0,0.0,0.0,1.0,0.13775510204081634,0.2727272727272727,0.09090909090909091,0.0,0.05555555555555555,3,4,0,0,0,0,0,1,0.0,0.0,0.002525491044777488,309000.0
10664865,1,0.0,0.0,1.0,0.0,0.0,0.0,0.0,0.0,0.0,0.0,0.0,1.0,0.0,0.0,0.0,0.0,0.0,1.0,0.3877551020408163,0.4545454545454545,0.0,0.07142857142857142,0.05555555555555555,6,4,0,1,0,0,1,1,1.0,0.0,0.0012223963553697865,395000.0
10664866,1,0.0,0.0,1.0,0.0,0.0,0.0,0.0,0.0,0.0,0.0,0.0,1.0,0.0,0.0,0.0,0.0,0.0,1.0,0.19387755102040818,0.1818181818181818,0.09090909090909091,0.0,0.05555555555555555,6,6,0,0,0,0,1,0,1.0,0.0,0.0025154037530227486,239000.0
10664878,0,0.0,0.0,1.0,0.0,0.0,0.0,0.0,0.0,0.0,0.0,0.0,0.0,1.0,0.0,0.0,0.0,0.0,1.0,0.03571428571428572,0.0,0.09090909090909091,0.0,0.05555555555555555,3,5,0,0,0,0,0,0,0.0,0.0,0.0,169000.0
10664882,1,0.0,0.0,1.0,0.0,0.0,0.0,0.0,0.0,0.0,0.0,0.0,1.0,0.0,0.0,0.0,0.0,0.0,1.0,0.1326530612244898,0.09090909090909091,0.09090909090909091,0.0,0.05555555555555555,3,7,0,0,0,0,0,0,0.0,0.0,0.00011004318277897552,159000.0
10664884,1,0.0,0.0,1.0,0.0,0.0,0.0,0.0,0.0,0.0,0.0,0.0,0.0,1.0,0.0,0.0,0.0,0.0,1.0,0.17755102040816328,0.2727272727272727,0.18181818181818182,0.07142857142857142,0.05555555555555555,3,2,0,0,0,0,1,1,0.465,0.35000000000000003,0.000489692163366441,411000.0
10664886,1,0.0,0.0,1.0,0.0,0.0,0.0,0.0,0.0,0.0,0.0,0.0,0.0,1.0,0.0,0.0,0.0,0.0,1.0,0.2755102040816327,0.36363636363636365,0.09090909090909091,0.07142857142857142,0.16666666666666666,3,5,0,1,1,0,1,1,0.76,0.24,0.0006969401576001783,565000.0
10664896,1,0.0,0.0,1.0,0.0,0.0,0.0,0.0,0.0,0.0,0.0,0.0,0.0,1.0,0.0,0.0,0.0,0.0,1.0,0.2163265306122449,0.1818181818181818,0.09090909090909091,0.07142857142857142,0.05555555555555555,2,4,0,1,0,1,0,1,0.0,0.0,0.0010802572442802764,425000.0
10664885,1,0.0,0.0,1.0,0.0,0.0,0.0,0.0,0.0,0.0,0.0,0.0,0.0,1.0,0.0,0.0,0.0,1.0,0.0,0.12448979591836737,0.09090909090909091,0.09090909090909091,0.0,0.1111111111111111,3,4,0,0,0,0,0,0,0.0,0.0,5.960672400527841e-05,219000.0
10664888,1,0.0,0.0,1.0,0.0,0.0,0.0,0.0,0.0,0.0,0.0,0.0,0.0,1.0,0.0,0.0,0.0,0.0,1.0,0.13469387755102044,0.1818181818181818,0.09090909090909091,0.0,0.05555555555555555,6,7,0,0,0,0,1,1,0.6930000000000001,0.16,0.0006354993805485836,230000.0
10664964,1,0.0,1.0,0.0,0.0,0.0,0.0,0.0,0.0,0.0,0.0,0.0,0.0,0.0,1.0,0.0,0.0,0.0,1.0,0.25816326530612244,0.1818181818181818,0.09090909090909091,0.0,0.1111111111111111,3,0,0,0,0,0,1,0,0.21,0.0,0.00028519524870217823,406500.0
10664965,1,0.0,1.0,0.0,0.0,0.0,0.0,0.0,0.0,0.0,0.0,0.0,0.0,0.0,1.0,0.0,0.0,0.0,1.0,0.2122448979591837,0.1818181818181818,0.09090909090909091,0.0,0.05555555555555555,3,0,0,0,0,0,0,0,0.0,0.0,0.0004227492271758976,575000.0
10665045,0,0.0,1.0,0.0,0.0,0.0,0.0,0.0,0.0,0.0,0.0,0.0,0.0,0.0,1.0,0.0,0.0,1.0,0.0,0.05510204081632653,0.0,0.0,0.0,0.0,0,0,0,0,0,0,1,1,0.0,0.26,0.0,347500.0
10665044,0,0.0,1.0,0.0,0.0,0.0,0.0,0.0,0.0,0.0,0.0,0.0,0.0,0.0,1.0,0.0,0.0,1.0,0.0,0.051020408163265314,0.0,0.09090909090909091,0.0,0.05555555555555555,3,4,0,0,0,0,0,1,0.0,0.14,0.0,145000.0
10665046,1,0.0,1.0,0.0,0.0,0.0,0.0,1.0,0.0,0.0,0.0,0.0,0.0,0.0,0.0,0.0,0.0,0.0,1.0,0.12244897959183676,0.1818181818181818,0.09090909090909091,0.0,0.0,4,6,0,0,0,0,0,0,0.0,0.0,0.0005630542852190914,289000.0
10665048,0,1.0,0.0,0.0,0.0,1.0,0.0,0.0,0.0,0.0,0.0,0.0,0.0,0.0,0.0,0.0,0.0,0.0,1.0,0.06326530612244899,0.09090909090909091,0.09090909090909091,0.0,0.05555555555555555,0,7,1,0,0,0,0,1,0.0,0.2,0.0,365000.0
10665051,1,0.0,1.0,0.0,0.0,0.0,0.0,0.0,0.0,1.0,0.0,0.0,0.0,0.0,0.0,0.0,0.0,0.0,1.0,0.1836734693877551,0.2727272727272727,0.09090909090909091,0.0,0.0,3,3,0,0,0,0,0,0,0.0,0.0,0.0010536634751086907,395000.0
10665068,1,0.0,1.0,0.0,0.0,0.0,0.0,1.0,0.0,0.0,0.0,0.0,0.0,0.0,0.0,0.0,1.0,0.0,0.0,0.14285714285714288,0.1818181818181818,0.09090909090909091,0.0,0.0,5,6,0,1,0,0,1,1,0.0,0.0,0.0007143636615401827,375000.0
10665052,1,0.0,1.0,0.0,0.0,0.0,0.0,1.0,0.0,0.0,0.0,0.0,0.0,0.0,0.0,0.0,0.0,0.0,1.0,0.10204081632653061,0.1818181818181818,0.09090909090909091,0.0,0.1111111111111111,3,4,0,0,0,0,1,1,0.11,0.2,0.0001714839598305702,460000.0
10665077,1,0.0,1.0,0.0,0.0,0.0,0.0,0.0,0.0,0.0,0.0,0.0,0.0,0.0,1.0,0.0,0.0,0.0,1.0,0.15306122448979595,0.1818181818181818,0.09090909090909091,0.0,0.1111111111111111,3,0,0,0,1,1,0,0,0.0,0.0,0.000708861502401234,848900.0
10665087,1,0.0,1.0,0.0,0.0,0.0,0.0,0.0,0.0,0.0,0.0,0.0,0.0,0.0,1.0,0.0,0.0,1.0,0.0,0.2479591836734694,0.2727272727272727,0.0,0.0,0.1111111111111111,3,2,0,0,0,1,0,1,0.0,0.0,0.0002934484874106014,375000.0
10665088,1,0.0,1.0,0.0,0.0,0.0,0.0,0.0,0.0,0.0,0.0,0.0,0.0,0.0,1.0,0.0,0.0,1.0,0.0,0.176530612244898,0.2727272727272727,0.0,0.0,0.1111111111111111,3,3,0,0,0,0,0,1,0.0,0.0,0.0003246273891979778,349000.0
10665104,0,0.0,1.0,0.0,0.0,0.0,0.0,0.0,0.0,0.0,0.0,0.0,0.0,0.0,1.0,0.0,0.0,0.0,1.0,0.07244897959183674,0.09090909090909091,0.09090909090909091,0.0,0.05555555555555555,3,2,0,0,0,0,0,0,0.0,0.0,0.0,229000.0
10665091,1,0.0,1.0,0.0,1.0,0.0,0.0,0.0,0.0,0.0,0.0,0.0,0.0,0.0,0.0,0.0,0.0,0.0,1.0,0.1959183673469388,0.2727272727272727,0.09090909090909091,0.0,0.0,3,3,0,0,0,0,1,0,0.045,0.0,0.00011554534191792429,349000.0
10665101,1,0.0,1.0,0.0,0.0,0.0,0.0,0.0,0.0,0.0,0.0,0.0,0.0,0.0,1.0,0.0,0.0,1.0,0.0,0.11836734693877551,0.1818181818181818,0.09090909090909091,0.07142857142857142,0.05555555555555555,5,6,0,0,0,0,0,1,0.0,0.0,0.0006263291153170024,240000.0
10665096,1,0.0,1.0,0.0,0.0,0.0,1.0,0.0,0.0,0.0,0.0,0.0,0.0,0.0,0.0,0.0,0.0,0.0,1.0,0.15918367346938778,0.1818181818181818,0.09090909090909091,0.0,0.0,3,3,0,0,0,0,0,1,0.0,0.0,0.0004520940759169578,339000.0
10665112,1,0.0,1.0,0.0,1.0,0.0,0.0,0.0,0.0,0.0,0.0,0.0,0.0,0.0,0.0,0.0,0.0,0.0,1.0,0.11020408163265308,0.1818181818181818,0.09090909090909091,0.0,0.1111111111111111,3,5,0,0,0,0,0,0,0.0,0.0,0.001140780994808713,319000.0
10665113,1,0.0,0.0,1.0,0.0,0.0,0.0,0.0,0.0,0.0,1.0,0.0,0.0,0.0,0.0,0.0,0.0,0.0,1.0,0.2857142857142857,0.36363636363636365,0.2727272727272727,0.21428571428571427,0.2222222222222222,2,0,0,0,0,0,0,1,0.0,0.01,0.00033012954833692656,525000.0
10665116,1,0.0,1.0,0.0,1.0,0.0,0.0,0.0,0.0,0.0,0.0,0.0,0.0,0.0,0.0,0.0,0.0,0.0,1.0,0.08979591836734696,0.1818181818181818,0.09090909090909091,0.0,0.05555555555555555,3,4,0,0,0,0,0,0,0.0,0.0,0.0013443608829498176,435000.0
10665118,1,0.0,1.0,0.0,0.0,0.0,1.0,0.0,0.0,0.0,0.0,0.0,0.0,0.0,0.0,0.0,0.0,0.0,1.0,0.22040816326530616,0.1818181818181818,0.09090909090909091,0.0,0.1111111111111111,3,6,0,0,0,0,0,1,0.0,0.0,0.0005722245504506728,439000.0
10665121,1,0.0,1.0,0.0,0.0,0.0,0.0,1.0,0.0,0.0,0.0,0.0,0.0,0.0,0.0,0.0,0.0,0.0,1.0,0.21734693877551023,0.2727272727272727,0.09090909090909091,0.0,0.1111111111111111,0,6,0,0,0,0,1,1,0.0,0.0,0.0018679830276731094,375000.0
10665123,1,0.0,1.0,0.0,1.0,0.0,0.0,0.0,0.0,0.0,0.0,0.0,0.0,0.0,0.0,0.0,0.0,1.0,0.0,0.1295918367346939,0.1818181818181818,0.09090909090909091,0.0,0.1111111111111111,3,2,0,1,0,0,0,0,0.0,0.0,0.0,469000.0
10665119,1,0.0,1.0,0.0,0.0,0.0,1.0,0.0,0.0,0.0,0.0,0.0,0.0,0.0,0.0,0.0,0.0,0.0,1.0,0.14285714285714288,0.09090909090909091,0.09090909090909091,0.0,0.1111111111111111,3,6,0,0,0,0,0,0,0.0,0.0,0.0002567674264842762,239000.0
10665117,1,0.0,1.0,0.0,0.0,0.0,0.0,1.0,0.0,0.0,0.0,0.0,0.0,0.0,0.0,0.0,0.0,0.0,1.0,0.1326530612244898,0.1818181818181818,0.18181818181818182,0.0,0.0,3,4,0,0,0,0,0,0,0.0,0.0,0.0007024423167391271,319000.0
10665136,1,0.0,1.0,0.0,0.0,0.0,1.0,0.0,0.0,0.0,0.0,0.0,0.0,0.0,0.0,0.0,0.0,0.0,1.0,0.19897959183673472,0.1818181818181818,0.09090909090909091,0.07142857142857142,0.1111111111111111,3,5,0,1,1,0,1,1,0.547,0.1,0.0006694293619054345,480000.0
10665137,1,0.0,1.0,0.0,0.0,0.0,1.0,0.0,0.0,0.0,0.0,0.0,0.0,0.0,0.0,0.0,0.0,1.0,0.0,0.10204081632653061,0.09090909090909091,0.09090909090909091,0.0,0.1111111111111111,1,2,0,1,0,0,1,1,0.111,0.2,0.00016781585373793766,325000.0
10665133,1,0.0,0.0,1.0,0.0,0.0,0.0,0.0,0.0,0.0,0.0,0.0,1.0,0.0,0.0,0.0,0.0,1.0,0.0,0.1275510204081633,0.2727272727272727,0.09090909090909091,0.0,0.1111111111111111,1,4,0,0,0,0,1,1,0.45,0.15,0.0,349000.0
10665156,1,0.0,0.0,1.0,0.0,0.0,0.0,0.0,0.0,0.0,0.0,1.0,0.0,0.0,0.0,0.0,0.0,0.0,1.0,0.09387755102040818,0.1818181818181818,0.18181818181818182,0.0,0.16666666666666666,3,3,0,1,0,0,1,0,0.0,0.0,0.0010050610693813097,329900.0
10665159,0,1.0,0.0,0.0,0.0,1.0,0.0,0.0,0.0,0.0,0.0,0.0,0.0,0.0,0.0,0.0,1.0,0.0,0.0,0.05612244897959184,0.09090909090909091,0.09090909090909091,0.0,0.1111111111111111,3,4,1,0,0,0,0,1,0.0,0.04,0.0,295000.0
10665161,0,1.0,0.0,0.0,0.0,1.0,0.0,0.0,0.0,0.0,0.0,0.0,0.0,0.0,0.0,0.0,0.0,1.0,0.0,0.06836734693877553,0.1818181818181818,0.09090909090909091,0.0,0.1111111111111111,3,4,1,0,0,0,0,1,0.0,0.0,0.0,298000.0
10665160,1,0.0,0.0,1.0,0.0,0.0,0.0,0.0,1.0,0.0,0.0,0.0,0.0,0.0,0.0,0.0,0.0,1.0,0.0,0.1326530612244898,0.09090909090909091,0.09090909090909091,0.07142857142857142,0.05555555555555555,3,4,0,1,0,0,1,0,0.24,0.0,0.00022008636555795105,190000.0
10665163,1,0.0,0.0,1.0,0.0,0.0,0.0,0.0,1.0,0.0,0.0,0.0,0.0,0.0,0.0,0.0,0.0,1.0,0.0,0.16938775510204085,0.1818181818181818,0.0,0.07142857142857142,0.05555555555555555,3,2,0,0,0,0,0,0,0.0,0.0,0.0002650206651926994,325000.0
10665164,1,0.0,1.0,0.0,0.0,0.0,1.0,0.0,0.0,0.0,0.0,0.0,0.0,0.0,0.0,0.0,0.0,1.0,0.0,0.15918367346938778,0.09090909090909091,0.09090909090909091,0.07142857142857142,0.05555555555555555,0,6,0,0,0,0,0,1,0.0,0.16,0.00019257556986320717,238000.0
10665176,1,0.0,0.0,1.0,0.0,0.0,0.0,0.0,0.0,0.0,0.0,0.0,0.0,1.0,0.0,0.0,0.0,0.0,1.0,0.09183673469387757,0.1818181818181818,0.09090909090909091,0.0,0.05555555555555555,3,6,0,1,0,0,1,1,0.08,0.2,0.0003438849461842985,240000.0
10665168,1,0.0,0.0,1.0,0.0,0.0,0.0,0.0,1.0,0.0,0.0,0.0,0.0,0.0,0.0,0.0,0.0,0.0,1.0,0.1326530612244898,0.2727272727272727,0.09090909090909091,0.07142857142857142,0.0,0,0,0,0,0,0,1,1,0.25,0.2,0.0004585132615790647,220000.0
10665167,1,0.0,1.0,0.0,1.0,0.0,0.0,0.0,0.0,0.0,0.0,0.0,0.0,0.0,0.0,0.0,0.0,0.0,1.0,0.23877551020408164,0.1818181818181818,0.09090909090909091,0.07142857142857142,0.1111111111111111,3,3,0,1,0,0,1,1,0.0,0.0,0.0006419185662106905,549000.0
10665177,0,0.0,1.0,0.0,0.0,0.0,0.0,1.0,0.0,0.0,0.0,0.0,0.0,0.0,0.0,1.0,0.0,0.0,0.0,0.03775510204081633,0.0,0.09090909090909091,0.07142857142857142,0.05555555555555555,2,2,0,0,0,0,0,0,0.0,0.0,0.0,290000.0
10665169,1,0.0,0.0,1.0,0.0,0.0,0.0,0.0,1.0,0.0,0.0,0.0,0.0,0.0,0.0,0.0,0.0,0.0,1.0,0.1326530612244898,0.2727272727272727,0.09090909090909091,0.07142857142857142,0.0,0,0,0,0,0,0,1,1,0.25,0.2,0.0004585132615790647,270000.0
10665178,0,0.0,1.0,0.0,1.0,0.0,0.0,0.0,0.0,0.0,0.0,0.0,0.0,0.0,0.0,0.0,0.0,1.0,0.0,0.09183673469387757,0.09090909090909091,0.09090909090909091,0.0,0.1111111111111111,3,2,1,1,0,0,0,1,0.0,0.37,0.0,299000.0
10665186,1,0.0,1.0,0.0,0.0,0.0,0.0,0.0,0.0,0.0,0.0,0.0,0.0,0.0,1.0,0.0,0.0,0.0,1.0,0.14489795918367349,0.2727272727272727,0.09090909090909091,0.0,0.1111111111111111,5,6,0,0,0,0,1,1,0.214,0.0,0.00025126526734532744,330000.0
10665180,1,0.0,1.0,0.0,0.0,0.0,0.0,1.0,0.0,0.0,0.0,0.0,0.0,0.0,0.0,0.0,0.0,0.0,1.0,0.14285714285714288,0.1818181818181818,0.09090909090909091,0.0,0.05555555555555555,4,5,0,0,0,0,0,1,0.0,0.0,0.000935367053621292,400000.0
10665185,1,0.0,1.0,0.0,1.0,0.0,0.0,0.0,0.0,0.0,0.0,0.0,0.0,0.0,0.0,0.0,0.0,0.0,1.0,0.2785714285714286,0.4545454545454545,0.2727272727272727,0.0,0.0,3,2,0,1,0,0,0,0,0.0,0.0,0.0,581000.0
10665181,1,0.0,1.0,0.0,0.0,0.0,1.0,0.0,0.0,0.0,0.0,0.0,0.0,0.0,0.0,0.0,0.0,0.0,1.0,0.14285714285714288,0.1818181818181818,0.09090909090909091,0.0,0.05555555555555555,4,5,0,0,0,0,0,1,0.0,0.0,0.000935367053621292,400000.0
10665193,1,0.0,1.0,0.0,0.0,0.0,1.0,0.0,0.0,0.0,0.0,0.0,0.0,0.0,0.0,0.0,0.0,1.0,0.0,0.10102040816326532,0.2727272727272727,0.09090909090909091,0.0,0.0,3,6,0,0,0,0,0,0,0.0,0.0,5.502159138948776e-05,195000.0
10665188,1,0.0,1.0,0.0,1.0,0.0,0.0,0.0,0.0,0.0,0.0,0.0,0.0,0.0,0.0,0.0,0.0,0.0,1.0,0.14285714285714288,0.1818181818181818,0.09090909090909091,0.0,0.05555555555555555,4,5,0,1,0,0,1,1,0.0,0.0,0.0004034916701895769,225000.0
10665194,1,1.0,0.0,0.0,0.0,1.0,0.0,0.0,0.0,0.0,0.0,0.0,0.0,0.0,0.0,0.0,0.0,1.0,0.0,0.15306122448979595,0.1818181818181818,0.18181818181818182,0.14285714285714285,0.16666666666666666,1,5,0,0,0,0,1,1,0.095,0.15,0.0001659818006916214,695000.0
10665189,1,0.0,1.0,0.0,1.0,0.0,0.0,0.0,0.0,0.0,0.0,0.0,0.0,0.0,0.0,0.0,0.0,0.0,1.0,0.13775510204081634,0.2727272727272727,0.09090909090909091,0.0,0.1111111111111111,2,4,0,1,0,0,1,1,0.0,0.0,0.0012214793288466282,389000.0
10665196,1,0.0,0.0,1.0,0.0,0.0,0.0,0.0,0.0,0.0,0.0,0.0,0.0,1.0,0.0,0.0,0.0,0.0,1.0,0.13877551020408166,0.1818181818181818,0.0,0.14285714285714285,0.16666666666666666,3,4,0,1,0,0,0,0,0.0,0.0,0.0002677717447621738,349000.0
10665205,1,0.0,0.0,1.0,0.0,0.0,0.0,0.0,1.0,0.0,0.0,0.0,0.0,0.0,0.0,0.0,0.0,0.0,1.0,0.2448979591836735,0.2727272727272727,0.18181818181818182,0.0,0.16666666666666666,1,3,0,0,0,0,1,1,0.04,0.4,3.668106092632517e-05,590000.0
10665206,1,0.0,0.0,1.0,0.0,0.0,0.0,0.0,0.0,0.0,0.0,0.0,1.0,0.0,0.0,0.0,1.0,0.0,0.0,0.2795918367346939,0.7272727272727273,0.18181818181818182,0.07142857142857142,0.2777777777777778,0,2,0,1,0,0,1,1,0.043000000000000003,0.42,0.0009014370722644411,1470000.0
10665207,0,0.0,0.0,1.0,0.0,0.0,0.0,0.0,0.0,0.0,0.0,0.0,1.0,0.0,0.0,0.0,1.0,0.0,0.0,0.0836734693877551,0.1818181818181818,0.09090909090909091,0.0,0.05555555555555555,0,2,0,1,0,0,1,0,0.043000000000000003,0.0,0.0,270000.0
10665213,1,0.0,1.0,0.0,0.0,0.0,0.0,0.0,0.0,0.0,0.0,0.0,0.0,0.0,1.0,0.0,0.0,0.0,1.0,0.1326530612244898,0.09090909090909091,0.09090909090909091,0.0,0.1111111111111111,5,0,0,0,0,0,1,1,0.65,0.17,0.0007813065977307262,540000.0
10665216,0,1.0,0.0,0.0,0.0,1.0,0.0,0.0,0.0,0.0,0.0,0.0,0.0,0.0,0.0,1.0,0.0,0.0,0.0,0.04081632653061225,0.0,0.0,0.07142857142857142,0.05555555555555555,0,0,0,0,0,0,0,1,0.0,0.12,0.0,299000.0
10665219,1,0.0,0.0,1.0,0.0,0.0,0.0,0.0,0.0,0.0,0.0,1.0,0.0,0.0,0.0,0.0,0.0,0.0,1.0,0.05510204081632653,0.0,0.0,0.0,0.0,5,0,0,0,0,0,0,0,0.0,0.0,0.0,77000.0
10665218,1,0.0,0.0,1.0,0.0,0.0,0.0,0.0,0.0,0.0,0.0,1.0,0.0,0.0,0.0,0.0,0.0,0.0,1.0,0.05510204081632653,0.0,0.0,0.0,0.0,5,0,0,0,0,0,0,0,0.0,0.0,0.0,70000.0
10665217,1,0.0,1.0,0.0,0.0,0.0,1.0,0.0,0.0,0.0,0.0,0.0,0.0,0.0,0.0,0.0,0.0,0.0,1.0,0.40510204081632656,0.2727272727272727,0.09090909090909091,0.0,0.1111111111111111,3,3,0,1,0,0,0,1,0.0,0.0,0.0009812183797791984,485000.0
10665220,1,0.0,0.0,1.0,0.0,0.0,0.0,0.0,0.0,0.0,0.0,1.0,0.0,0.0,0.0,0.0,0.0,0.0,1.0,0.02959183673469388,0.0,0.0,0.0,0.0,5,0,0,0,0,0,0,0,0.0,0.0,0.0,70000.0
10665221,1,0.0,0.0,1.0,0.0,0.0,0.0,0.0,0.0,0.0,0.0,1.0,0.0,0.0,0.0,0.0,0.0,0.0,1.0,0.05510204081632653,0.0,0.0,0.0,0.0,5,0,0,0,0,0,0,0,0.0,0.0,0.0,75000.0
10665226,1,0.0,1.0,0.0,1.0,0.0,0.0,0.0,0.0,0.0,0.0,0.0,0.0,0.0,0.0,0.0,0.0,0.0,1.0,0.16836734693877553,0.36363636363636365,0.09090909090909091,0.0,0.0,5,6,0,0,0,0,1,0,0.108,0.0,0.00018982449029373278,289900.0
10665224,1,0.0,0.0,1.0,0.0,0.0,0.0,0.0,0.0,0.0,0.0,1.0,0.0,0.0,0.0,0.0,0.0,0.0,1.0,0.05510204081632653,0.0,0.0,0.0,0.0,5,0,0,0,0,0,0,0,0.0,0.0,0.0,100000.0
10665225,1,0.0,1.0,0.0,0.0,0.0,0.0,1.0,0.0,0.0,0.0,0.0,0.0,0.0,0.0,0.0,0.0,0.0,1.0,0.22448979591836737,0.36363636363636365,0.18181818181818182,0.0,0.05555555555555555,3,6,0,0,0,0,0,1,0.0,0.0,0.0009537075840844546,560000.0
10665227,0,0.0,1.0,0.0,1.0,0.0,0.0,0.0,0.0,0.0,0.0,0.0,0.0,0.0,0.0,0.0,0.0,1.0,0.0,0.06632653061224492,0.09090909090909091,0.09090909090909091,0.0,0.05555555555555555,3,3,1,0,0,0,0,1,0.0,0.4,0.0,265000.0
10665231,0,0.0,1.0,0.0,0.0,0.0,0.0,0.0,0.0,0.0,0.0,0.0,0.0,0.0,1.0,1.0,0.0,0.0,0.0,0.2663265306122449,0.7272727272727273,0.2727272727272727,0.0,0.2222222222222222,3,2,0,0,0,0,0,1,0.0,0.0,0.0,739000.0
10665230,1,0.0,1.0,0.0,1.0,0.0,0.0,0.0,0.0,0.0,0.0,0.0,0.0,0.0,0.0,0.0,0.0,0.0,1.0,0.1816326530612245,0.09090909090909091,0.09090909090909091,0.0,0.0,3,6,0,0,0,0,0,0,0.0,0.0,0.0005043645877369712,389000.0
10665234,0,0.0,1.0,0.0,0.0,0.0,0.0,0.0,0.0,0.0,0.0,0.0,0.0,0.0,1.0,0.0,0.0,1.0,0.0,0.0836734693877551,0.09090909090909091,0.09090909090909091,0.0,0.1111111111111111,1,0,1,0,0,0,0,1,0.0,0.17,0.0,649000.0
10665232,1,0.0,1.0,0.0,0.0,0.0,0.0,0.0,0.0,1.0,0.0,0.0,0.0,0.0,0.0,0.0,0.0,0.0,1.0,0.12653061224489798,0.1818181818181818,0.09090909090909091,0.0,0.0,4,4,0,0,0,0,0,0,0.0,0.0,0.0007932279425317819,359000.0
10665236,0,0.0,1.0,0.0,0.0,0.0,0.0,0.0,0.0,0.0,0.0,0.0,0.0,0.0,1.0,0.0,0.0,0.0,1.0,0.09693877551020408,0.09090909090909091,0.09090909090909091,0.0,0.1111111111111111,1,2,1,0,0,0,0,1,0.0,0.06,0.0,285000.0
10665256,1,0.0,1.0,0.0,0.0,0.0,1.0,0.0,0.0,0.0,0.0,0.0,0.0,0.0,0.0,0.0,0.0,0.0,1.0,0.6622448979591837,0.5454545454545454,0.7272727272727273,0.0,0.05555555555555555,1,2,0,0,0,0,1,1,1.0,0.5,0.004320111950597947,1750000.0
10665254,0,1.0,0.0,0.0,0.0,1.0,0.0,0.0,0.0,0.0,0.0,0.0,0.0,0.0,0.0,0.0,1.0,0.0,0.0,0.11530612244897961,0.09090909090909091,0.09090909090909091,0.0,0.1111111111111111,1,3,1,0,1,0,0,1,0.0,0.13,0.0,239000.0
10665262,1,0.0,0.0,1.0,0.0,0.0,0.0,0.0,0.0,0.0,0.0,0.0,0.0,1.0,0.0,0.0,0.0,0.0,1.0,0.1275510204081633,0.2727272727272727,0.09090909090909091,0.07142857142857142,0.1111111111111111,1,0,0,0,0,0,1,1,0.768,0.0,0.0007042763697854434,420000.0
10665263,1,0.0,0.0,1.0,0.0,0.0,0.0,0.0,1.0,0.0,0.0,0.0,0.0,0.0,0.0,0.0,0.0,0.0,1.0,0.14285714285714288,0.1818181818181818,0.09090909090909091,0.0,0.0,3,7,0,0,0,0,0,1,0.0,0.0,0.00037598087449483304,195000.0
10665261,0,0.0,0.0,1.0,0.0,0.0,0.0,0.0,1.0,0.0,0.0,0.0,0.0,0.0,0.0,1.0,0.0,0.0,0.0,0.06122448979591837,0.09090909090909091,0.09090909090909091,0.0,0.0,0,2,0,0,0,0,0,1,0.0,0.04,0.0,215000.0
10665264,1,0.0,0.0,1.0,0.0,0.0,0.0,0.0,1.0,0.0,0.0,0.0,0.0,0.0,0.0,0.0,1.0,0.0,0.0,0.1836734693877551,0.0,0.09090909090909091,0.0,0.05555555555555555,0,7,0,0,0,0,0,0,0.0,0.0,0.0,120000.0
10665267,1,0.0,0.0,1.0,0.0,0.0,0.0,0.0,1.0,0.0,0.0,0.0,0.0,0.0,0.0,0.0,0.0,0.0,1.0,0.20000000000000004,0.1818181818181818,0.09090909090909091,0.0,0.0,0,6,0,0,0,0,0,0,0.0,0.0,0.0008253238708423164,110000.0
10665269,1,0.0,0.0,1.0,0.0,0.0,0.0,0.0,0.0,0.0,1.0,0.0,0.0,0.0,0.0,0.0,0.0,0.0,1.0,0.15918367346938778,0.2727272727272727,0.18181818181818182,0.0,0.0,2,2,0,0,0,0,0,0,0.0,0.0,0.002417281915044829,439000.0
10665277,0,0.0,0.0,1.0,0.0,0.0,0.0,0.0,0.0,0.0,0.0,0.0,1.0,0.0,0.0,1.0,0.0,0.0,0.0,0.00816326530612245,0.0,0.0,0.07142857142857142,0.05555555555555555,3,4,0,1,0,0,0,0,0.0,0.0,0.0,85000.0
10665276,0,1.0,0.0,0.0,0.0,1.0,0.0,0.0,0.0,0.0,0.0,0.0,0.0,0.0,0.0,0.0,1.0,0.0,0.0,0.1316326530612245,0.09090909090909091,0.0,0.0,0.0,5,6,0,0,0,0,1,1,0.02,0.03,0.0,335000.0
10665274,0,0.0,0.0,1.0,0.0,0.0,0.0,0.0,0.0,0.0,1.0,0.0,0.0,0.0,0.0,0.0,0.0,1.0,0.0,0.08979591836734696,0.1818181818181818,0.09090909090909091,0.0,0.16666666666666666,1,2,0,1,0,0,0,1,0.0,0.4,0.0,320000.0
10665275,1,0.0,1.0,0.0,0.0,0.0,0.0,0.0,0.0,0.0,0.0,0.0,0.0,0.0,1.0,0.0,0.0,0.0,1.0,0.32551020408163267,0.4545454545454545,0.18181818181818182,0.0,0.2222222222222222,0,0,0,0,0,0,0,0,0.0,0.0,0.0008308260299812652,529000.0
10665283,1,0.0,0.0,1.0,0.0,0.0,0.0,0.0,1.0,0.0,0.0,0.0,0.0,0.0,0.0,0.0,0.0,0.0,1.0,0.09183673469387757,0.09090909090909091,0.09090909090909091,0.0,0.05555555555555555,3,5,0,0,0,0,0,0,0.0,0.0,0.000467683526810646,185000.0
10665284,1,0.0,1.0,0.0,0.0,0.0,0.0,0.0,0.0,1.0,0.0,0.0,0.0,0.0,0.0,0.0,0.0,0.0,1.0,0.16632653061224492,0.2727272727272727,0.0,0.0,0.1111111111111111,1,2,0,0,0,0,1,1,0.0,0.2,0.0004988624285980224,425000.0
10665291,0,0.0,1.0,0.0,1.0,0.0,0.0,0.0,0.0,0.0,0.0,0.0,0.0,0.0,0.0,0.0,0.0,1.0,0.0,0.039795918367346944,0.0,0.09090909090909091,0.0,0.05555555555555555,3,2,0,1,0,0,0,1,0.0,0.0,0.0,179000.0
10665292,0,0.0,1.0,0.0,1.0,0.0,0.0,0.0,0.0,0.0,0.0,0.0,0.0,0.0,0.0,0.0,0.0,0.0,1.0,0.09693877551020408,0.09090909090909091,0.09090909090909091,0.0,0.0,3,2,1,0,0,0,0,1,0.0,0.0,0.0,212500.0
10665296,1,0.0,1.0,0.0,0.0,0.0,0.0,1.0,0.0,0.0,0.0,0.0,0.0,0.0,0.0,0.0,1.0,0.0,0.0,0.1948979591836735,0.09090909090909091,0.09090909090909091,0.0,0.0,3,3,0,0,0,0,0,0,0.0,0.0,0.0002686887712853319,545000.0
10665299,1,0.0,1.0,0.0,0.0,0.0,0.0,1.0,0.0,0.0,0.0,0.0,0.0,0.0,0.0,0.0,1.0,0.0,0.0,0.16632653061224492,0.2727272727272727,0.18181818181818182,0.0,0.0,3,5,0,0,0,0,0,1,0.0,0.0,0.000531875383431715,665000.0
10665294,1,0.0,0.0,1.0,0.0,0.0,0.0,0.0,1.0,0.0,0.0,0.0,0.0,0.0,0.0,0.0,0.0,0.0,1.0,0.09183673469387757,0.09090909090909091,0.09090909090909091,0.0,0.05555555555555555,3,5,0,0,0,0,0,0,0.0,0.0,0.000467683526810646,185000.0
10665297,0,0.0,0.0,1.0,0.0,0.0,0.0,0.0,0.0,0.0,1.0,0.0,0.0,0.0,0.0,0.0,0.0,0.0,1.0,0.06122448979591837,0.09090909090909091,0.09090909090909091,0.0,0.0,4,6,0,0,0,0,0,0,0.0,0.0,0.0,119000.0
10665306,0,0.0,0.0,1.0,0.0,0.0,0.0,0.0,0.0,0.0,0.0,0.0,1.0,0.0,0.0,0.0,0.0,0.0,1.0,0.10816326530612247,0.1818181818181818,0.0,0.21428571428571427,0.1111111111111111,1,3,1,0,0,0,1,1,0.06,0.72,0.0,299000.0
10665309,0,1.0,0.0,0.0,0.0,1.0,0.0,0.0,0.0,0.0,0.0,0.0,0.0,0.0,0.0,0.0,1.0,0.0,0.0,0.05816326530612246,0.0,0.0,0.07142857142857142,0.0,4,6,0,0,0,0,0,1,0.0,0.03,0.0,240000.0
10665314,1,1.0,0.0,0.0,0.0,1.0,0.0,0.0,0.0,0.0,0.0,0.0,0.0,0.0,0.0,0.0,1.0,0.0,0.0,0.10408163265306122,0.09090909090909091,0.09090909090909091,0.0,0.1111111111111111,0,7,0,0,0,0,0,1,0.0,0.17,0.0,259000.0
10665315,0,0.0,1.0,0.0,1.0,0.0,0.0,0.0,0.0,0.0,0.0,0.0,0.0,0.0,0.0,0.0,0.0,0.0,1.0,0.07959183673469389,0.09090909090909091,0.09090909090909091,0.0,0.05555555555555555,1,2,1,0,0,0,0,1,0.0,0.07,0.0,249900.0
10665316,1,0.0,1.0,0.0,0.0,0.0,0.0,0.0,0.0,0.0,0.0,0.0,0.0,0.0,1.0,0.0,0.0,0.0,1.0,0.1836734693877551,0.2727272727272727,0.09090909090909091,0.0,0.05555555555555555,4,5,0,0,0,0,0,1,0.0,0.0,0.0005630542852190914,352000.0
10665317,1,0.0,1.0,0.0,0.0,0.0,0.0,0.0,0.0,0.0,0.0,0.0,0.0,0.0,1.0,0.0,0.0,1.0,0.0,0.28877551020408165,0.2727272727272727,0.18181818181818182,0.0,0.0,3,2,0,0,0,0,0,1,0.0,0.0,0.10392844992255712,2500000.0
10665319,0,0.0,1.0,0.0,0.0,0.0,0.0,0.0,0.0,0.0,0.0,0.0,0.0,0.0,1.0,0.0,0.0,1.0,0.0,0.08775510204081632,0.1818181818181818,0.09090909090909091,0.0,0.05555555555555555,1,3,1,0,0,0,0,1,0.0,0.0,0.0,325000.0
10665320,1,0.0,1.0,0.0,0.0,0.0,0.0,0.0,0.0,0.0,0.0,0.0,0.0,0.0,1.0,0.0,0.0,0.0,1.0,0.2163265306122449,0.2727272727272727,0.18181818181818182,0.0,0.1111111111111111,3,2,0,0,0,0,0,0,0.0,0.0,0.0007877257833928331,472000.0
10665326,0,0.0,0.0,1.0,0.0,0.0,0.0,0.0,1.0,0.0,0.0,0.0,0.0,0.0,0.0,0.0,0.0,0.0,1.0,0.15306122448979595,0.1818181818181818,0.09090909090909091,0.0,0.05555555555555555,1,2,1,0,0,0,0,1,0.0,0.1,0.0,280000.0
10665327,1,0.0,0.0,1.0,0.0,0.0,0.0,0.0,0.0,0.0,0.0,0.0,0.0,1.0,0.0,0.0,0.0,0.0,1.0,0.12244897959183676,0.1818181818181818,0.09090909090909091,0.0,0.05555555555555555,5,7,0,0,0,0,1,1,0.806,0.0,0.0007391233776654522,265000.0
10665330,0,1.0,0.0,0.0,0.0,1.0,0.0,0.0,0.0,0.0,0.0,0.0,0.0,0.0,0.0,0.0,0.0,0.0,1.0,0.21734693877551023,0.2727272727272727,0.2727272727272727,0.07142857142857142,0.16666666666666666,3,4,1,0,0,0,0,1,0.0,0.1,0.0,698000.0
10665329,0,1.0,0.0,0.0,0.0,1.0,0.0,0.0,0.0,0.0,0.0,0.0,0.0,0.0,0.0,0.0,1.0,0.0,0.0,0.11734693877551022,0.1818181818181818,0.18181818181818182,0.07142857142857142,0.1111111111111111,1,4,0,0,0,0,0,1,0.0,0.1,0.0,359000.0
10665331,0,1.0,0.0,0.0,0.0,1.0,0.0,0.0,0.0,0.0,0.0,0.0,0.0,0.0,0.0,0.0,0.0,0.0,1.0,0.0979591836734694,0.1818181818181818,0.18181818181818182,0.07142857142857142,0.1111111111111111,1,5,1,0,0,0,0,1,0.0,0.46,0.0,448000.0
10665328,0,1.0,0.0,0.0,0.0,1.0,0.0,0.0,0.0,0.0,0.0,0.0,0.0,0.0,0.0,0.0,1.0,0.0,0.0,0.051020408163265314,0.09090909090909091,0.09090909090909091,0.0,0.05555555555555555,5,7,1,0,0,0,0,1,0.0,0.02,0.0,200000.0
10665333,0,1.0,0.0,0.0,0.0,1.0,0.0,0.0,0.0,0.0,0.0,0.0,0.0,0.0,0.0,0.0,0.0,1.0,0.0,0.09183673469387757,0.09090909090909091,0.18181818181818182,0.0,0.1111111111111111,3,7,1,0,0,0,0,1,0.0,0.98,0.0,570000.0
10665334,1,1.0,0.0,0.0,0.0,1.0,0.0,0.0,0.0,0.0,0.0,0.0,0.0,0.0,0.0,0.0,0.0,0.0,1.0,0.18469387755102043,0.1818181818181818,0.09090909090909091,0.0,0.1111111111111111,1,4,0,0,0,0,0,1,0.0,0.15,0.0,498000.0
10665332,1,1.0,0.0,0.0,0.0,1.0,0.0,0.0,0.0,0.0,0.0,0.0,0.0,0.0,0.0,0.0,1.0,0.0,0.0,0.1836734693877551,0.1818181818181818,0.09090909090909091,0.0,0.1111111111111111,1,7,0,0,0,0,1,1,0.5,0.0,0.0005502159138948776,698000.0
10665335,0,1.0,0.0,0.0,0.0,1.0,0.0,0.0,0.0,0.0,0.0,0.0,0.0,0.0,0.0,0.0,0.0,0.0,1.0,0.0673469387755102,0.1818181818181818,0.09090909090909091,0.0,0.05555555555555555,3,4,1,0,0,0,0,1,0.0,0.13,0.0,299000.0
10665336,0,1.0,0.0,0.0,0.0,1.0,0.0,0.0,0.0,0.0,0.0,0.0,0.0,0.0,0.0,0.0,0.0,0.0,1.0,0.0979591836734694,0.1818181818181818,0.18181818181818182,0.07142857142857142,0.1111111111111111,1,5,1,0,0,0,0,1,0.0,0.46,0.0,399000.0
10665337,0,1.0,0.0,0.0,0.0,1.0,0.0,0.0,0.0,0.0,0.0,0.0,0.0,0.0,0.0,0.0,1.0,0.0,0.0,0.07346938775510206,0.09090909090909091,0.09090909090909091,0.0,0.05555555555555555,1,4,1,0,0,0,0,1,0.0,0.23,0.0,420000.0
10665342,1,0.0,0.0,1.0,0.0,0.0,0.0,0.0,1.0,0.0,0.0,0.0,0.0,0.0,0.0,0.0,0.0,1.0,0.0,0.12653061224489798,0.1818181818181818,0.09090909090909091,0.0,0.1111111111111111,1,0,0,0,0,0,0,1,0.0,0.0,0.00031454009744323835,140000.0
10665339,0,1.0,0.0,0.0,0.0,1.0,0.0,0.0,0.0,0.0,0.0,0.0,0.0,0.0,0.0,1.0,0.0,0.0,0.0,0.059183673469387764,0.09090909090909091,0.09090909090909091,0.0,0.05555555555555555,1,5,1,0,0,0,0,1,0.0,0.0,0.0,340000.0
10665340,0,1.0,0.0,0.0,0.0,1.0,0.0,0.0,0.0,0.0,0.0,0.0,0.0,0.0,0.0,1.0,0.0,0.0,0.0,0.07346938775510206,0.09090909090909091,0.09090909090909091,0.07142857142857142,0.05555555555555555,3,4,1,0,0,0,0,1,0.0,0.24,0.0,350000.0
10665345,0,1.0,0.0,0.0,0.0,1.0,0.0,0.0,0.0,0.0,0.0,0.0,0.0,0.0,0.0,0.0,1.0,0.0,0.0,0.12244897959183676,0.09090909090909091,0.09090909090909091,0.14285714285714285,0.1111111111111111,0,4,0,0,0,0,0,0,0.0,0.0,0.0,299000.0
10665343,0,1.0,0.0,0.0,0.0,1.0,0.0,0.0,0.0,0.0,0.0,0.0,0.0,0.0,0.0,0.0,0.0,0.0,1.0,0.08673469387755103,0.1818181818181818,0.09090909090909091,0.0,0.1111111111111111,4,5,1,0,0,0,0,1,0.0,0.13,0.0,250000.0
10665348,0,0.0,1.0,0.0,1.0,0.0,0.0,0.0,0.0,0.0,0.0,0.0,0.0,0.0,0.0,0.0,0.0,0.0,1.0,0.10204081632653061,0.09090909090909091,0.09090909090909091,0.0,0.05555555555555555,1,2,0,0,0,0,0,0,0.0,0.0,0.0,275000.0
10665359,0,0.0,1.0,0.0,1.0,0.0,0.0,0.0,0.0,0.0,0.0,0.0,0.0,0.0,0.0,0.0,0.0,1.0,0.0,0.10204081632653061,0.1818181818181818,0.18181818181818182,0.0,0.1111111111111111,0,3,1,0,0,0,0,1,0.0,0.2,0.0,259000.0
10665374,1,0.0,0.0,1.0,0.0,0.0,0.0,0.0,0.0,0.0,1.0,0.0,0.0,0.0,0.0,0.0,1.0,0.0,0.0,0.0816326530612245,0.1818181818181818,0.0,0.0,0.1111111111111111,3,0,0,0,0,0,0,1,0.0,0.3,0.0001971607024789978,238000.0
10665364,1,0.0,0.0,1.0,0.0,0.0,0.0,0.0,0.0,0.0,1.0,0.0,0.0,0.0,0.0,1.0,0.0,0.0,0.0,0.1836734693877551,0.1818181818181818,0.0,0.0,0.0,0,5,0,1,0,0,0,0,0.0,0.0,0.00020174583509478846,249000.0
10665378,1,0.0,1.0,0.0,0.0,0.0,1.0,0.0,0.0,0.0,0.0,0.0,0.0,0.0,0.0,0.0,0.0,0.0,1.0,0.12142857142857144,0.09090909090909091,0.18181818181818182,0.0,0.0,3,5,0,0,0,0,0,0,0.0,0.0,0.003848760317694669,235000.0
10665390,0,0.0,1.0,0.0,0.0,0.0,0.0,0.0,0.0,0.0,0.0,0.0,0.0,0.0,1.0,0.0,0.0,0.0,1.0,0.0163265306122449,0.0,0.09090909090909091,0.0,0.0,3,4,1,0,0,0,0,0,0.0,0.0,0.0,159000.0
10665395,0,0.0,1.0,0.0,0.0,0.0,1.0,0.0,0.0,0.0,0.0,0.0,0.0,0.0,0.0,0.0,1.0,0.0,0.0,0.0836734693877551,0.09090909090909091,0.09090909090909091,0.0,0.05555555555555555,3,2,1,0,0,0,0,1,0.0,0.15,0.0,245000.0
10665394,1,0.0,1.0,0.0,0.0,0.0,0.0,0.0,0.0,0.0,0.0,0.0,0.0,0.0,1.0,0.0,0.0,1.0,0.0,0.20816326530612247,0.1818181818181818,0.09090909090909091,0.0,0.05555555555555555,5,5,0,0,0,0,0,1,0.0,0.0,0.00048052189813485975,275000.0
10665398,1,1.0,0.0,0.0,0.0,1.0,0.0,0.0,0.0,0.0,0.0,0.0,0.0,0.0,0.0,0.0,0.0,0.0,1.0,0.5,0.4545454545454545,0.4545454545454546,0.0,0.0,5,7,0,0,0,0,0,1,0.0,0.0,0.0010087291754739423,1950000.0
10665402,1,0.0,0.0,1.0,0.0,0.0,0.0,0.0,0.0,0.0,0.0,0.0,1.0,0.0,0.0,0.0,1.0,0.0,0.0,0.10204081632653061,0.09090909090909091,0.0,0.07142857142857142,0.05555555555555555,5,6,0,1,0,0,1,0,0.2,0.0,0.00039157032538852124,250000.0
10665403,1,0.0,1.0,0.0,0.0,0.0,0.0,0.0,0.0,0.0,0.0,0.0,0.0,0.0,1.0,0.0,0.0,0.0,1.0,0.1479591836734694,0.1818181818181818,0.0,0.0,0.1111111111111111,3,3,0,0,0,0,1,1,0.0,0.0,0.0002677717447621738,315000.0
10665399,0,0.0,1.0,0.0,0.0,0.0,1.0,0.0,0.0,0.0,0.0,0.0,0.0,0.0,0.0,0.0,0.0,1.0,0.0,0.11734693877551022,0.1818181818181818,0.09090909090909091,0.0,0.05555555555555555,1,0,0,0,0,0,0,1,0.0,0.06,0.0,279000.0
10665418,1,0.0,0.0,1.0,0.0,0.0,0.0,0.0,1.0,0.0,0.0,0.0,0.0,0.0,0.0,0.0,0.0,0.0,1.0,0.3673469387755102,0.4545454545454545,0.18181818181818182,0.0,0.1111111111111111,0,4,0,0,0,0,1,1,1.0,0.0,0.006811673014018585,475000.0
10665419,0,0.0,1.0,0.0,0.0,0.0,1.0,0.0,0.0,0.0,0.0,0.0,0.0,0.0,0.0,0.0,0.0,1.0,0.0,0.057142857142857155,0.09090909090909091,0.0,0.0,0.05555555555555555,3,4,0,0,0,0,1,1,0.06,0.2,0.0,199000.0
10665421,1,0.0,1.0,0.0,0.0,0.0,1.0,0.0,0.0,0.0,0.0,0.0,0.0,0.0,0.0,0.0,0.0,0.0,1.0,0.16938775510204085,0.1818181818181818,0.18181818181818182,0.14285714285714285,0.1111111111111111,1,2,0,0,0,0,1,1,0.098,0.22,0.00021733528598847667,395000.0
10665426,1,0.0,1.0,0.0,0.0,0.0,0.0,1.0,0.0,0.0,0.0,0.0,0.0,0.0,0.0,0.0,0.0,1.0,0.0,0.0979591836734694,0.1818181818181818,0.09090909090909091,0.0,0.0,4,4,0,0,0,0,0,1,0.0,0.0,7.336212185265035e-05,259000.0
10665435,1,0.0,1.0,0.0,0.0,0.0,1.0,0.0,0.0,0.0,0.0,0.0,0.0,0.0,0.0,0.0,0.0,0.0,1.0,0.1489795918367347,0.1818181818181818,0.09090909090909091,0.0,0.1111111111111111,3,0,0,0,0,0,0,1,0.0,0.0,0.00047593676551906913,549000.0
10665436,1,0.0,1.0,0.0,0.0,0.0,0.0,0.0,0.0,0.0,0.0,0.0,0.0,0.0,1.0,0.0,0.0,0.0,1.0,0.16836734693877553,0.2727272727272727,0.09090909090909091,0.0,0.1111111111111111,3,2,0,0,0,0,1,0,0.045,0.0,0.00011279426234844991,220000.0
10665437,1,0.0,1.0,0.0,0.0,0.0,0.0,0.0,0.0,0.0,0.0,0.0,0.0,0.0,1.0,0.0,0.0,0.0,1.0,0.07755102040816328,0.1818181818181818,0.09090909090909091,0.0,0.05555555555555555,5,5,0,0,0,0,0,0,0.0,0.0,5.0436458773697115e-05,99000.0
10665438,0,0.0,1.0,0.0,1.0,0.0,0.0,0.0,0.0,0.0,0.0,0.0,0.0,0.0,0.0,0.0,0.0,1.0,0.0,0.1275510204081633,0.1818181818181818,0.09090909090909091,0.0,0.1111111111111111,3,2,0,0,0,0,0,0,0.0,0.0,0.0,297000.0
10665434,0,0.0,1.0,0.0,0.0,0.0,0.0,0.0,0.0,0.0,0.0,0.0,0.0,0.0,1.0,0.0,0.0,1.0,0.0,0.06938775510204082,0.09090909090909091,0.09090909090909091,0.0,0.05555555555555555,3,4,1,0,0,0,0,1,0.0,0.0,0.0,220000.0
10665439,1,0.0,1.0,0.0,0.0,0.0,1.0,0.0,0.0,0.0,0.0,0.0,0.0,0.0,0.0,0.0,0.0,0.0,1.0,0.163265306122449,0.1818181818181818,0.0,0.0,0.1111111111111111,3,3,0,0,0,0,0,0,0.0,0.0,9.445373188528732e-05,210000.0
10665440,1,0.0,1.0,0.0,1.0,0.0,0.0,0.0,0.0,0.0,0.0,0.0,0.0,0.0,0.0,0.0,0.0,0.0,1.0,0.08673469387755103,0.1818181818181818,0.18181818181818182,0.0,0.1111111111111111,1,3,0,0,0,0,1,1,0.106,0.36,0.00022008636555795105,279000.0
10665450,1,0.0,1.0,0.0,0.0,0.0,0.0,0.0,0.0,0.0,0.0,0.0,0.0,0.0,1.0,0.0,0.0,0.0,1.0,0.23469387755102042,0.2727272727272727,0.09090909090909091,0.0,0.0,3,3,0,1,0,0,0,1,0.0,0.0,0.0007345382450496616,550000.0
10665442,0,0.0,0.0,1.0,0.0,0.0,0.0,0.0,0.0,0.0,1.0,0.0,0.0,0.0,0.0,0.0,0.0,0.0,1.0,0.057142857142857155,0.0,0.09090909090909091,0.07142857142857142,0.05555555555555555,1,2,0,0,0,0,1,1,0.2,0.2,0.0,245000.0
10665444,0,0.0,1.0,0.0,0.0,0.0,1.0,0.0,0.0,0.0,0.0,0.0,0.0,0.0,0.0,0.0,1.0,0.0,0.0,0.10408163265306122,0.1818181818181818,0.09090909090909091,0.0,0.05555555555555555,2,3,0,0,0,0,1,1,0.046,0.09,0.0,295000.0
10665452,1,0.0,1.0,0.0,1.0,0.0,0.0,0.0,0.0,0.0,0.0,0.0,0.0,0.0,0.0,0.0,0.0,0.0,1.0,0.163265306122449,0.1818181818181818,0.09090909090909091,0.0,0.0,0,5,0,1,0,0,0,0,0.0,0.0,0.0,495000.0
10665448,0,0.0,1.0,0.0,1.0,0.0,0.0,0.0,0.0,0.0,0.0,0.0,0.0,0.0,0.0,0.0,1.0,0.0,0.0,0.059183673469387764,0.09090909090909091,0.09090909090909091,0.0,0.05555555555555555,3,3,1,1,0,0,0,1,0.0,0.22,0.0,275000.0
10665453,1,0.0,0.0,1.0,0.0,0.0,0.0,0.0,0.0,0.0,1.0,0.0,0.0,0.0,0.0,0.0,0.0,1.0,0.0,0.5510204081632654,0.36363636363636365,0.18181818181818182,0.0,0.2222222222222222,3,3,0,1,0,0,1,1,1.0,1.0,0.003148152054001858,890000.0
10665454,0,0.0,1.0,0.0,1.0,0.0,0.0,0.0,0.0,0.0,0.0,0.0,0.0,0.0,0.0,1.0,0.0,0.0,0.0,0.034693877551020415,0.0,0.09090909090909091,0.0,0.05555555555555555,0,2,1,1,0,0,0,1,0.0,0.3,0.0,485000.0
10665458,1,0.0,1.0,0.0,0.0,0.0,0.0,1.0,0.0,0.0,0.0,0.0,0.0,0.0,0.0,1.0,0.0,0.0,0.0,0.2448979591836735,0.4545454545454545,0.18181818181818182,0.0,0.16666666666666666,2,2,0,1,0,0,1,1,0.02,0.22,9.170265231581294e-05,849000.0
10665460,1,0.0,0.0,1.0,0.0,0.0,0.0,0.0,1.0,0.0,0.0,0.0,0.0,0.0,0.0,0.0,0.0,0.0,1.0,0.2428571428571429,0.09090909090909091,0.09090909090909091,0.0,0.0,0,6,0,1,0,0,0,0,0.0,0.0,0.0008023982077633632,239000.0
10665455,0,0.0,1.0,0.0,1.0,0.0,0.0,0.0,0.0,0.0,0.0,0.0,0.0,0.0,0.0,1.0,0.0,0.0,0.0,0.026530612244897965,0.0,0.09090909090909091,0.0,0.05555555555555555,0,3,0,1,0,0,0,0,0.0,0.0,0.0,239000.0
10665462,1,0.0,1.0,0.0,0.0,0.0,0.0,0.0,0.0,0.0,0.0,0.0,0.0,0.0,1.0,0.0,0.0,0.0,1.0,0.10612244897959186,0.2727272727272727,0.0,0.0,0.05555555555555555,3,6,0,0,0,0,0,1,0.0,0.0,7.611320142212473e-05,139000.0
10665461,1,0.0,1.0,0.0,0.0,0.0,0.0,1.0,0.0,0.0,0.0,0.0,0.0,0.0,0.0,1.0,0.0,0.0,0.0,0.07040816326530613,0.1818181818181818,0.09090909090909091,0.07142857142857142,0.05555555555555555,0,3,0,1,0,0,0,0,0.0,0.0,3.943214049579956e-05,359000.0
10665484,1,0.0,1.0,0.0,0.0,0.0,1.0,0.0,0.0,0.0,0.0,0.0,0.0,0.0,0.0,0.0,0.0,1.0,0.0,0.10714285714285715,0.1818181818181818,0.09090909090909091,0.0,0.1111111111111111,2,2,0,1,0,0,0,0,0.0,0.0,5.3187538343171505e-05,240000.0
10665470,1,0.0,1.0,0.0,0.0,0.0,0.0,0.0,0.0,1.0,0.0,0.0,0.0,0.0,0.0,0.0,0.0,0.0,1.0,0.2857142857142857,0.4545454545454545,0.18181818181818182,0.07142857142857142,0.16666666666666666,3,3,0,1,1,0,1,1,0.0,0.0,0.001511259710164597,349000.0
10665471,0,1.0,0.0,0.0,0.0,1.0,0.0,0.0,0.0,0.0,0.0,0.0,0.0,0.0,0.0,0.0,1.0,0.0,0.0,0.08673469387755103,0.09090909090909091,0.09090909090909091,0.0,0.05555555555555555,3,4,1,1,0,0,0,1,0.0,0.04,0.0,275000.0
10665481,1,0.0,0.0,1.0,0.0,0.0,0.0,0.0,0.0,0.0,0.0,0.0,1.0,0.0,0.0,0.0,0.0,0.0,1.0,0.1642857142857143,0.2727272727272727,0.09090909090909091,0.07142857142857142,0.1111111111111111,5,7,0,1,0,0,1,0,0.15,0.0,0.0003631425031706192,239000.0
10665464,1,0.0,1.0,0.0,0.0,0.0,0.0,0.0,0.0,1.0,0.0,0.0,0.0,0.0,0.0,0.0,0.0,0.0,1.0,0.2857142857142857,0.4545454545454545,0.18181818181818182,0.07142857142857142,0.16666666666666666,3,3,0,1,1,0,1,1,0.0,0.0,0.001511259710164597,349000.0
10665492,0,0.0,1.0,0.0,0.0,0.0,1.0,0.0,0.0,0.0,0.0,0.0,0.0,0.0,0.0,1.0,0.0,0.0,0.0,0.10816326530612247,0.1818181818181818,0.09090909090909091,0.0,0.1111111111111111,0,0,1,0,0,0,0,1,0.0,0.15,0.0,425000.0
10665488,0,0.0,1.0,0.0,1.0,0.0,0.0,0.0,0.0,0.0,0.0,0.0,0.0,0.0,0.0,0.0,1.0,0.0,0.0,0.04081632653061225,0.0,0.09090909090909091,0.0,0.05555555555555555,0,0,1,1,0,0,0,1,0.0,0.03,0.0,259000.0
10665489,0,0.0,1.0,0.0,1.0,0.0,0.0,0.0,0.0,0.0,0.0,0.0,0.0,0.0,0.0,0.0,0.0,1.0,0.0,0.07857142857142857,0.09090909090909091,0.09090909090909091,0.0,0.05555555555555555,4,2,1,1,0,0,0,1,0.0,0.07,0.0,209000.0
10665500,1,0.0,0.0,1.0,0.0,0.0,0.0,0.0,0.0,0.0,0.0,0.0,1.0,0.0,0.0,0.0,0.0,1.0,0.0,0.29081632653061223,0.36363636363636365,0.09090909090909091,0.14285714285714285,0.16666666666666666,0,7,0,1,0,0,0,0,0.0,0.0,0.0027052282433164816,499000.0
10665498,1,0.0,0.0,1.0,0.0,0.0,0.0,0.0,0.0,0.0,1.0,0.0,0.0,0.0,0.0,0.0,0.0,1.0,0.0,0.07653061224489796,0.09090909090909091,0.09090909090909091,0.0,0.0,0,5,0,1,0,0,1,1,0.0,0.16,0.00016689882721477954,159000.0
10665508,1,0.0,0.0,1.0,0.0,0.0,0.0,0.0,0.0,0.0,0.0,0.0,0.0,1.0,0.0,0.0,0.0,0.0,1.0,0.10816326530612247,0.1818181818181818,0.09090909090909091,0.0,0.1111111111111111,0,4,0,0,0,0,1,1,0.115,0.21,0.000184322331154784,327500.0
10665501,1,0.0,0.0,1.0,0.0,0.0,0.0,0.0,0.0,0.0,0.0,0.0,1.0,0.0,0.0,0.0,0.0,1.0,0.0,0.29081632653061223,0.36363636363636365,0.09090909090909091,0.14285714285714285,0.16666666666666666,0,7,0,1,0,0,0,0,0.0,0.0,0.005731415769738308,699000.0
10665503,0,1.0,0.0,0.0,0.0,1.0,0.0,0.0,0.0,0.0,0.0,0.0,0.0,0.0,0.0,1.0,0.0,0.0,0.0,0.07346938775510206,0.09090909090909091,0.09090909090909091,0.0,0.0,2,0,1,0,0,0,1,1,0.05,0.5,0.0,395000.0
10665515,0,1.0,0.0,0.0,0.0,1.0,0.0,0.0,0.0,0.0,0.0,0.0,0.0,0.0,0.0,0.0,0.0,0.0,1.0,0.030612244897959183,0.0,0.09090909090909091,0.07142857142857142,0.05555555555555555,3,3,1,0,0,0,0,1,0.0,0.08,0.0,240000.0
10665509,1,0.0,1.0,0.0,0.0,0.0,0.0,0.0,0.0,1.0,0.0,0.0,0.0,0.0,0.0,0.0,0.0,1.0,0.0,0.2142857142857143,0.2727272727272727,0.09090909090909091,0.0,0.05555555555555555,4,6,0,0,0,0,1,1,1.0,0.4,0.0012792519998055904,259000.0
10665519,0,0.0,1.0,0.0,0.0,0.0,1.0,0.0,0.0,0.0,0.0,0.0,0.0,0.0,0.0,1.0,0.0,0.0,0.0,0.1326530612244898,0.1818181818181818,0.0,0.07142857142857142,0.05555555555555555,1,3,0,0,0,0,1,1,0.0,0.65,0.0,339000.0
10665516,1,0.0,1.0,0.0,1.0,0.0,0.0,0.0,0.0,0.0,0.0,0.0,0.0,0.0,0.0,0.0,0.0,0.0,1.0,0.1459183673469388,0.2727272727272727,0.09090909090909091,0.0,0.05555555555555555,5,6,0,1,0,0,1,1,0.3,0.35000000000000003,0.0005648883382654077,289000.0
10665525,0,0.0,1.0,0.0,1.0,0.0,0.0,0.0,0.0,0.0,0.0,0.0,0.0,0.0,0.0,0.0,0.0,0.0,1.0,0.0673469387755102,0.09090909090909091,0.09090909090909091,0.0,0.05555555555555555,3,2,1,1,0,0,1,1,0.0,0.06,0.0,279000.0
10665527,1,0.0,1.0,0.0,0.0,0.0,0.0,0.0,0.0,1.0,0.0,0.0,0.0,0.0,0.0,0.0,0.0,1.0,0.0,0.12040816326530615,0.09090909090909091,0.09090909090909091,0.0,0.0,5,3,0,1,0,0,0,0,0.0,0.0,0.0,179000.0
10665528,0,0.0,1.0,0.0,0.0,0.0,0.0,0.0,0.0,1.0,0.0,0.0,0.0,0.0,0.0,0.0,0.0,0.0,1.0,0.11530612244897961,0.1818181818181818,0.09090909090909091,0.0,0.0,0,1,0,1,0,0,0,1,0.0,0.47000000000000003,0.0,292500.0
10665535,1,0.0,0.0,1.0,0.0,0.0,0.0,0.0,0.0,0.0,1.0,0.0,0.0,0.0,0.0,0.0,0.0,1.0,0.0,0.14081632653061227,0.1818181818181818,0.09090909090909091,0.0,0.1111111111111111,4,5,0,0,0,0,1,1,0.53,0.06,0.0005960672400527841,330000.0
10665533,1,0.0,1.0,0.0,1.0,0.0,0.0,0.0,0.0,0.0,0.0,0.0,0.0,0.0,0.0,0.0,0.0,1.0,0.0,0.17346938775510207,0.2727272727272727,0.09090909090909091,0.0,0.1111111111111111,5,4,0,1,0,0,1,0,0.06,0.0,0.00015589450893688199,299000.0
10665532,0,1.0,0.0,0.0,0.0,1.0,0.0,0.0,0.0,0.0,0.0,0.0,0.0,0.0,0.0,0.0,0.0,1.0,0.0,0.06122448979591837,0.09090909090909091,0.09090909090909091,0.0,0.05555555555555555,4,0,1,1,0,0,0,0,0.0,0.0,0.0,290000.0
10665539,1,0.0,0.0,1.0,0.0,0.0,0.0,0.0,0.0,0.0,0.0,0.0,0.0,1.0,0.0,0.0,0.0,1.0,0.0,0.1285714285714286,0.1818181818181818,0.09090909090909091,0.0,0.05555555555555555,4,6,0,1,0,0,1,1,0.2,0.37,0.00031178901787376397,325000.0
10665542,1,0.0,1.0,0.0,0.0,0.0,0.0,1.0,0.0,0.0,0.0,0.0,0.0,0.0,0.0,0.0,0.0,1.0,0.0,0.27346938775510204,0.36363636363636365,0.09090909090909091,0.0,0.1111111111111111,1,4,0,0,0,0,1,1,0.0,0.01,0.0005960672400527841,668500.0
10665546,0,0.0,1.0,0.0,0.0,0.0,1.0,0.0,0.0,0.0,0.0,0.0,0.0,0.0,0.0,0.0,0.0,0.0,1.0,0.07448979591836735,0.1818181818181818,0.09090909090909091,0.0,0.05555555555555555,2,3,0,1,0,0,1,1,0.0,0.0,0.0,259000.0
10665544,1,0.0,1.0,0.0,0.0,0.0,1.0,0.0,0.0,0.0,0.0,0.0,0.0,0.0,0.0,0.0,0.0,0.0,1.0,0.8214285714285715,0.8181818181818182,0.2727272727272727,0.0,0.0,1,3,0,1,1,0,1,1,0.0,0.0,0.004282513863148464,1589000.0
10665547,0,1.0,0.0,0.0,0.0,1.0,0.0,0.0,0.0,0.0,0.0,0.0,0.0,0.0,0.0,0.0,1.0,0.0,0.0,0.05000000000000001,0.09090909090909091,0.09090909090909091,0.0,0.0,0,7,0,1,0,0,0,0,0.0,0.0,0.0,275000.0
10665549,1,0.0,0.0,1.0,0.0,0.0,0.0,0.0,1.0,0.0,0.0,0.0,0.0,0.0,0.0,0.0,0.0,1.0,0.0,0.12653061224489798,0.36363636363636365,0.18181818181818182,0.07142857142857142,0.1111111111111111,3,5,0,1,0,0,0,1,0.0,0.0,0.0,179000.0
10665556,0,1.0,0.0,0.0,0.0,1.0,0.0,0.0,0.0,0.0,0.0,0.0,0.0,0.0,0.0,0.0,0.0,0.0,1.0,0.07142857142857142,0.09090909090909091,0.09090909090909091,0.0,0.0,3,0,1,0,0,0,0,0,0.0,0.0,0.0,290000.0
10665555,0,0.0,0.0,1.0,0.0,0.0,0.0,0.0,1.0,0.0,0.0,0.0,0.0,0.0,0.0,0.0,0.0,1.0,0.0,0.02755102040816327,0.0,0.0,0.07142857142857142,0.05555555555555555,2,5,0,1,0,0,0,1,0.0,0.0,0.0,105000.0
10665552,0,1.0,0.0,0.0,0.0,1.0,0.0,0.0,0.0,0.0,0.0,0.0,0.0,0.0,0.0,1.0,0.0,0.0,0.0,0.06122448979591837,0.09090909090909091,0.09090909090909091,0.0,0.05555555555555555,0,5,1,1,0,0,0,1,0.0,0.19,0.0,219000.0
10665564,1,0.0,0.0,1.0,0.0,0.0,0.0,0.0,1.0,0.0,0.0,0.0,0.0,0.0,0.0,0.0,0.0,1.0,0.0,0.06020408163265307,0.09090909090909091,0.0,0.0,0.0,6,7,0,1,0,0,0,0,0.0,0.0,0.00019440962290952343,55000.0
10665568,1,0.0,0.0,1.0,0.0,0.0,0.0,0.0,1.0,0.0,0.0,0.0,0.0,0.0,0.0,0.0,0.0,1.0,0.0,0.059183673469387764,0.09090909090909091,0.0,0.0,0.0,6,7,0,1,0,0,0,0,0.0,0.0,0.00019624367595583967,45000.0
10665570,1,0.0,0.0,1.0,0.0,0.0,0.0,0.0,1.0,0.0,0.0,0.0,0.0,0.0,0.0,0.0,0.0,1.0,0.0,0.08877551020408164,0.09090909090909091,0.0,0.0,0.0,5,7,0,1,0,0,0,0,0.0,0.0,0.0,55000.0
10665566,1,0.0,0.0,1.0,0.0,0.0,0.0,0.0,1.0,0.0,0.0,0.0,0.0,0.0,0.0,0.0,0.0,1.0,0.0,0.0816326530612245,0.09090909090909091,0.0,0.07142857142857142,0.0,5,7,0,1,0,0,0,0,0.0,0.0,0.00026226958562322497,55000.0
10665583,1,0.0,1.0,0.0,0.0,0.0,0.0,0.0,0.0,1.0,0.0,0.0,0.0,0.0,0.0,0.0,0.0,0.0,1.0,0.1306122448979592,0.1818181818181818,0.09090909090909091,0.0,0.1111111111111111,3,0,0,0,0,0,1,1,0.0,0.0,0.0002540163469148018,338000.0
10665587,1,0.0,1.0,0.0,0.0,0.0,1.0,0.0,0.0,0.0,0.0,0.0,0.0,0.0,0.0,0.0,0.0,0.0,1.0,0.19897959183673472,0.1818181818181818,0.18181818181818182,0.0,0.0,3,4,0,0,0,0,1,0,0.0,0.0,0.0015864558850635637,525000.0
10665584,0,0.0,1.0,0.0,0.0,0.0,0.0,0.0,0.0,0.0,0.0,0.0,0.0,0.0,1.0,0.0,0.0,0.0,1.0,0.17755102040816328,0.1818181818181818,0.18181818181818182,0.0,0.16666666666666666,1,1,1,0,0,0,1,1,0.0,1.0,0.0,875000.0
10665581,1,0.0,1.0,0.0,0.0,0.0,0.0,0.0,0.0,0.0,0.0,0.0,0.0,0.0,1.0,0.0,0.0,0.0,1.0,0.13877551020408166,0.1818181818181818,0.09090909090909091,0.0,0.05555555555555555,0,3,0,0,0,0,1,0,0.0,0.0,9.903886450107797e-05,299000.0
10665590,1,0.0,1.0,0.0,0.0,0.0,1.0,0.0,0.0,0.0,0.0,0.0,0.0,0.0,0.0,0.0,1.0,0.0,0.0,0.20000000000000004,0.2727272727272727,0.09090909090909091,0.0,0.1111111111111111,1,0,0,0,0,0,1,0,0.0,0.0,0.0009628778493160358,749000.0
10665591,1,0.0,1.0,0.0,0.0,0.0,1.0,0.0,0.0,0.0,0.0,0.0,0.0,0.0,0.0,0.0,0.0,0.0,1.0,0.20000000000000004,0.2727272727272727,0.09090909090909091,0.0,0.1111111111111111,1,0,0,0,0,0,1,0,0.0,0.0,0.0009628778493160358,749000.0
10665594,0,0.0,1.0,0.0,0.0,0.0,1.0,0.0,0.0,0.0,0.0,0.0,0.0,0.0,0.0,0.0,0.0,1.0,0.0,0.10102040816326532,0.09090909090909091,0.09090909090909091,0.0,0.05555555555555555,4,3,1,1,0,0,0,0,0.0,0.0,0.0,199000.0
10665595,1,0.0,1.0,0.0,1.0,0.0,0.0,0.0,0.0,0.0,0.0,0.0,0.0,0.0,0.0,0.0,0.0,1.0,0.0,0.20000000000000004,0.1818181818181818,0.18181818181818182,0.0,0.1111111111111111,4,5,0,0,0,0,1,1,0.0,0.2,0.0007106955554475503,469000.0
10665602,0,0.0,1.0,0.0,0.0,0.0,1.0,0.0,0.0,0.0,0.0,0.0,0.0,0.0,0.0,0.0,0.0,1.0,0.0,0.08469387755102042,0.09090909090909091,0.09090909090909091,0.0,0.05555555555555555,0,3,1,1,0,0,1,1,0.0,0.2,0.0,249000.0
10665604,1,0.0,1.0,0.0,0.0,0.0,1.0,0.0,0.0,0.0,0.0,0.0,0.0,0.0,0.0,0.0,0.0,1.0,0.0,0.1438775510204082,0.1818181818181818,0.09090909090909091,0.0,0.1111111111111111,0,0,0,1,0,0,1,0,0.0,0.0,0.0003934043784348375,375000.0
10665606,1,0.0,1.0,0.0,0.0,0.0,1.0,0.0,0.0,0.0,0.0,0.0,0.0,0.0,0.0,0.0,0.0,1.0,0.0,0.1469387755102041,0.1818181818181818,0.09090909090909091,0.0,0.1111111111111111,0,0,0,1,0,0,1,0,0.0,0.0,0.00028978038131796885,344000.0
10665607,1,0.0,1.0,0.0,0.0,0.0,1.0,0.0,0.0,0.0,0.0,0.0,0.0,0.0,0.0,0.0,0.0,1.0,0.0,0.15204081632653063,0.1818181818181818,0.09090909090909091,0.0,0.1111111111111111,0,0,0,1,0,0,1,0,0.0,0.0,0.0003026187526421827,350000.0
10665600,1,0.0,1.0,0.0,0.0,0.0,1.0,0.0,0.0,0.0,0.0,0.0,0.0,0.0,0.0,0.0,0.0,1.0,0.0,0.8214285714285715,0.6363636363636364,0.36363636363636365,0.0,0.2777777777777778,4,0,1,1,0,0,0,0,0.0,0.0,0.0004933602694590736,1197000.0
10665598,1,0.0,1.0,0.0,0.0,0.0,1.0,0.0,0.0,0.0,0.0,0.0,0.0,0.0,0.0,0.0,0.0,1.0,0.0,0.10102040816326532,0.1818181818181818,0.09090909090909091,0.0,0.1111111111111111,0,2,0,1,0,0,1,0,0.0,0.0,0.0001779031454926771,349000.0
10665608,1,0.0,1.0,0.0,0.0,0.0,1.0,0.0,0.0,0.0,0.0,0.0,0.0,0.0,0.0,0.0,0.0,1.0,0.0,0.14285714285714288,0.1818181818181818,0.09090909090909091,0.0,0.1111111111111111,0,0,0,1,0,0,1,0,0.0,0.0,0.0003677276357864099,373000.0
10665615,0,1.0,0.0,0.0,0.0,1.0,0.0,0.0,0.0,0.0,0.0,0.0,0.0,0.0,0.0,0.0,0.0,0.0,1.0,0.12244897959183676,0.1818181818181818,0.09090909090909091,0.0,0.05555555555555555,5,0,1,0,0,0,0,0,0.0,0.0,0.0,280000.0
10665616,1,0.0,1.0,0.0,0.0,0.0,0.0,0.0,0.0,0.0,0.0,0.0,0.0,0.0,1.0,0.0,0.0,0.0,1.0,0.14489795918367349,0.1818181818181818,0.09090909090909091,0.0,0.1111111111111111,0,0,0,0,0,0,1,0,0.272,0.0,0.0003227933361516615,265000.0
10665618,0,0.0,1.0,0.0,0.0,0.0,0.0,0.0,0.0,0.0,0.0,0.0,0.0,0.0,1.0,0.0,0.0,1.0,0.0,0.10816326530612247,0.1818181818181818,0.0,0.0,0.0,3,2,0,0,0,0,0,0,0.0,0.0,0.0,205000.0
10665623,1,0.0,1.0,0.0,0.0,0.0,0.0,0.0,0.0,1.0,0.0,0.0,0.0,0.0,0.0,0.0,0.0,1.0,0.0,0.17040816326530614,0.1818181818181818,0.09090909090909091,0.0,0.1111111111111111,0,0,0,0,0,0,1,1,0.108,0.41000000000000003,0.00024117797559058802,355000.0
10665620,1,0.0,1.0,0.0,0.0,0.0,0.0,0.0,0.0,1.0,0.0,0.0,0.0,0.0,0.0,0.0,0.0,1.0,0.0,0.16938775510204085,0.1818181818181818,0.09090909090909091,0.0,0.1111111111111111,0,0,0,0,0,0,1,1,0.116,0.44,0.00040807680280536754,360000.0
10665622,1,0.0,1.0,0.0,0.0,0.0,0.0,0.0,0.0,1.0,0.0,0.0,0.0,0.0,0.0,0.0,0.0,1.0,0.0,0.17040816326530614,0.1818181818181818,0.09090909090909091,0.0,0.1111111111111111,0,0,0,0,0,0,1,1,0.111,0.41000000000000003,0.00024117797559058802,355000.0
10665621,1,0.0,1.0,0.0,0.0,0.0,0.0,0.0,0.0,1.0,0.0,0.0,0.0,0.0,0.0,0.0,0.0,1.0,0.0,0.16836734693877553,0.1818181818181818,0.09090909090909091,0.0,0.1111111111111111,0,0,0,0,0,0,1,1,0.113,0.41000000000000003,0.00024117797559058802,357500.0
10665624,1,0.0,1.0,0.0,0.0,0.0,0.0,0.0,0.0,1.0,0.0,0.0,0.0,0.0,0.0,0.0,0.0,1.0,0.0,0.16938775510204085,0.1818181818181818,0.09090909090909091,0.0,0.1111111111111111,0,0,0,0,0,0,1,1,0.108,0.41000000000000003,0.00024117797559058802,352500.0
10665625,1,0.0,1.0,0.0,0.0,0.0,0.0,0.0,0.0,1.0,0.0,0.0,0.0,0.0,0.0,0.0,0.0,1.0,0.0,0.16836734693877553,0.1818181818181818,0.09090909090909091,0.0,0.1111111111111111,0,0,0,0,0,0,1,1,0.101,0.41000000000000003,0.00024209500211374614,350000.0
10665630,1,0.0,1.0,0.0,0.0,0.0,0.0,0.0,0.0,0.0,0.0,0.0,0.0,0.0,1.0,0.0,0.0,1.0,0.0,0.14285714285714288,0.2727272727272727,0.09090909090909091,0.0,0.05555555555555555,5,6,0,0,0,0,1,0,0.0,0.0,0.000737289324619136,184000.0
10665627,0,0.0,1.0,0.0,0.0,0.0,0.0,0.0,0.0,1.0,0.0,0.0,0.0,0.0,0.0,0.0,0.0,1.0,0.0,0.03775510204081633,0.0,0.09090909090909091,0.0,0.05555555555555555,1,0,0,0,0,0,1,0,0.014,0.0,0.0,219000.0
10665628,0,0.0,1.0,0.0,0.0,0.0,0.0,0.0,0.0,1.0,0.0,0.0,0.0,0.0,0.0,0.0,0.0,1.0,0.0,0.07244897959183674,0.09090909090909091,0.18181818181818182,0.0,0.05555555555555555,1,0,0,0,0,0,1,0,0.024,0.0,0.0,343000.0
10665633,1,0.0,1.0,0.0,0.0,0.0,1.0,0.0,0.0,0.0,0.0,0.0,0.0,0.0,0.0,1.0,0.0,0.0,0.0,0.1438775510204082,0.2727272727272727,0.18181818181818182,0.0,0.1111111111111111,1,2,0,0,0,0,1,0,0.07100000000000001,0.0,0.00016139666807583075,619000.0
10665632,1,0.0,1.0,0.0,0.0,0.0,1.0,0.0,0.0,0.0,0.0,0.0,0.0,0.0,0.0,0.0,1.0,0.0,0.0,0.11224489795918369,0.1818181818181818,0.09090909090909091,0.0,0.05555555555555555,1,1,0,0,0,0,1,0,0.03,0.0,6.87769892368597e-05,429000.0
10665634,1,0.0,1.0,0.0,0.0,0.0,1.0,0.0,0.0,0.0,0.0,0.0,0.0,0.0,0.0,1.0,0.0,0.0,0.0,0.10204081632653061,0.2727272727272727,0.09090909090909091,0.0,0.05555555555555555,0,4,0,0,0,0,0,0,0.0,0.0,4.676835268106459e-05,319000.0
10665638,1,0.0,1.0,0.0,0.0,0.0,0.0,1.0,0.0,0.0,0.0,0.0,0.0,0.0,0.0,0.0,0.0,0.0,1.0,0.2969387755102041,0.2727272727272727,0.18181818181818182,0.0,0.1111111111111111,3,2,0,0,0,0,1,0,0.0,0.0,0.000581394815682254,485000.0
10665641,1,0.0,1.0,0.0,0.0,0.0,0.0,0.0,0.0,0.0,0.0,0.0,0.0,0.0,1.0,0.0,0.0,0.0,1.0,0.23469387755102042,0.36363636363636365,0.09090909090909091,0.0,0.05555555555555555,3,5,0,0,0,0,0,1,0.0,0.0,0.0005777267095896215,375000.0
10665652,0,0.0,1.0,0.0,0.0,0.0,0.0,1.0,0.0,0.0,0.0,0.0,0.0,0.0,0.0,0.0,0.0,0.0,1.0,0.0653061224489796,0.09090909090909091,0.09090909090909091,0.0,0.05555555555555555,3,1,1,1,0,0,0,1,0.0,0.06,0.0,355000.0
10665649,1,0.0,0.0,1.0,0.0,0.0,0.0,0.0,0.0,0.0,0.0,0.0,1.0,0.0,0.0,0.0,0.0,0.0,1.0,0.37551020408163266,0.36363636363636365,0.18181818181818182,0.0,0.1111111111111111,3,5,0,1,0,0,1,0,0.0,0.0,0.0021091610032636975,565000.0
10665653,1,0.0,0.0,1.0,0.0,0.0,0.0,0.0,0.0,0.0,1.0,0.0,0.0,0.0,0.0,0.0,0.0,0.0,1.0,0.1163265306122449,0.1818181818181818,0.09090909090909091,0.0,0.05555555555555555,4,6,0,1,0,0,1,1,0.0,0.24,0.0002375098694979555,225000.0
10665655,1,0.0,1.0,0.0,0.0,0.0,0.0,1.0,0.0,0.0,0.0,0.0,0.0,0.0,0.0,0.0,0.0,0.0,1.0,0.3795918367346939,0.36363636363636365,0.2727272727272727,0.0,0.0,4,6,0,1,0,0,1,1,1.0,0.4,0.012737498406666416,1800000.0
10665658,0,0.0,0.0,1.0,0.0,0.0,0.0,0.0,0.0,0.0,0.0,0.0,0.0,1.0,0.0,0.0,0.0,1.0,0.0,0.0816326530612245,0.09090909090909091,0.09090909090909091,0.07142857142857142,0.05555555555555555,3,4,1,0,0,0,0,1,0.0,0.26,0.0,298000.0
10665661,0,0.0,1.0,0.0,1.0,0.0,0.0,0.0,0.0,0.0,0.0,0.0,0.0,0.0,0.0,0.0,0.0,0.0,1.0,0.07551020408163267,0.09090909090909091,0.09090909090909091,0.0,0.05555555555555555,4,3,1,1,0,0,0,1,0.0,0.04,0.0,215000.0
10665665,0,1.0,0.0,0.0,0.0,1.0,0.0,0.0,0.0,0.0,0.0,0.0,0.0,0.0,0.0,0.0,0.0,0.0,1.0,0.0836734693877551,0.09090909090909091,0.18181818181818182,0.0,0.05555555555555555,0,0,0,1,0,0,0,1,0.0,0.18,0.0,375000.0
10665666,0,1.0,0.0,0.0,0.0,1.0,0.0,0.0,0.0,0.0,0.0,0.0,0.0,0.0,0.0,0.0,0.0,0.0,1.0,0.057142857142857155,0.0,0.09090909090909091,0.0,0.05555555555555555,0,0,0,1,0,0,0,1,0.0,0.07,0.0,325000.0
10665682,1,0.0,1.0,0.0,0.0,0.0,0.0,0.0,0.0,1.0,0.0,0.0,0.0,0.0,0.0,0.0,0.0,0.0,1.0,0.42346938775510207,0.6363636363636364,0.36363636363636365,0.2857142857142857,0.2222222222222222,3,2,0,1,0,0,1,0,0.0,0.0,0.0012728328141434835,680000.0
10665681,1,0.0,1.0,0.0,0.0,0.0,0.0,0.0,0.0,1.0,0.0,0.0,0.0,0.0,0.0,0.0,0.0,0.0,1.0,0.42346938775510207,0.6363636363636364,0.36363636363636365,0.2857142857142857,0.2222222222222222,3,2,0,1,0,0,1,0,0.0,0.0,0.0012728328141434835,680000.0
10665684,1,0.0,0.0,1.0,0.0,0.0,0.0,0.0,0.0,0.0,1.0,0.0,0.0,0.0,0.0,0.0,0.0,1.0,0.0,0.22244897959183677,0.2727272727272727,0.18181818181818182,0.0,0.1111111111111111,3,6,0,1,0,0,1,1,0.0,0.0,0.0011737939496424055,349000.0
10665689,1,0.0,0.0,1.0,0.0,0.0,0.0,0.0,0.0,0.0,0.0,0.0,1.0,0.0,0.0,0.0,0.0,0.0,1.0,0.11224489795918369,0.1818181818181818,0.0,0.07142857142857142,0.05555555555555555,2,6,0,1,0,0,1,1,0.0,0.32,0.001815712515853096,309000.0
10665696,0,0.0,1.0,0.0,0.0,0.0,0.0,0.0,0.0,0.0,0.0,0.0,0.0,0.0,1.0,0.0,0.0,0.0,1.0,0.07653061224489796,0.0,0.09090909090909091,0.0,0.1111111111111111,3,5,1,1,0,0,0,1,0.0,0.0,0.0,229000.0
10665685,1,0.0,0.0,1.0,0.0,0.0,0.0,0.0,1.0,0.0,0.0,0.0,0.0,0.0,0.0,1.0,0.0,0.0,0.0,0.1326530612244898,0.1818181818181818,0.0,0.07142857142857142,0.1111111111111111,3,3,0,1,0,0,1,0,0.225,0.0,0.0002063309677105791,209000.0
10665701,1,0.0,1.0,0.0,0.0,0.0,0.0,1.0,0.0,0.0,0.0,0.0,0.0,0.0,0.0,0.0,0.0,1.0,0.0,0.18673469387755104,0.1818181818181818,0.18181818181818182,0.0,0.1111111111111111,4,5,0,1,0,0,1,1,0.11,0.0,0.0003026187526421827,450000.0
10665710,1,0.0,1.0,0.0,0.0,0.0,0.0,1.0,0.0,0.0,0.0,0.0,0.0,0.0,0.0,0.0,0.0,0.0,1.0,0.13673469387755105,0.1818181818181818,0.09090909090909091,0.0,0.05555555555555555,5,6,0,0,0,0,0,0,0.0,0.0,0.0006299972214096349,285000.0
10665699,0,1.0,0.0,0.0,0.0,1.0,0.0,0.0,0.0,0.0,0.0,0.0,0.0,0.0,0.0,1.0,0.0,0.0,0.0,0.07551020408163267,0.0,0.09090909090909091,0.0,0.05555555555555555,0,6,0,1,0,0,0,1,0.0,0.08,0.0,295000.0
10665700,0,1.0,0.0,0.0,0.0,1.0,0.0,0.0,0.0,0.0,0.0,0.0,0.0,0.0,0.0,0.0,0.0,0.0,1.0,0.06020408163265307,0.09090909090909091,0.09090909090909091,0.0,0.0,3,5,1,1,0,0,0,1,0.0,0.1,0.0,275000.0
10665711,0,0.0,1.0,0.0,0.0,0.0,0.0,0.0,0.0,1.0,0.0,0.0,0.0,0.0,0.0,0.0,0.0,1.0,0.0,0.05408163265306123,0.09090909090909091,0.09090909090909091,0.07142857142857142,0.05555555555555555,0,3,1,1,0,0,0,1,0.0,0.0,0.0,199000.0
10665713,1,0.0,1.0,0.0,0.0,0.0,0.0,0.0,0.0,1.0,0.0,0.0,0.0,0.0,0.0,0.0,0.0,0.0,1.0,0.18877551020408165,0.1818181818181818,0.09090909090909091,0.0,0.1111111111111111,3,1,0,1,0,0,1,0,0.0,0.0,0.0005557180730338263,389000.0
10665712,1,0.0,1.0,0.0,0.0,0.0,0.0,0.0,0.0,1.0,0.0,0.0,0.0,0.0,0.0,0.0,0.0,1.0,0.0,0.10204081632653061,0.1818181818181818,0.09090909090909091,0.0,0.05555555555555555,3,2,1,1,0,0,0,0,0.0,0.0,0.0,285000.0
10665716,1,0.0,1.0,0.0,1.0,0.0,0.0,0.0,0.0,0.0,0.0,0.0,0.0,0.0,0.0,0.0,0.0,0.0,1.0,0.20408163265306126,0.1818181818181818,0.09090909090909091,0.0,0.1111111111111111,3,3,0,0,0,0,1,0,0.6900000000000001,0.0,0.0008830965418012785,389000.0
10665722,0,0.0,1.0,0.0,0.0,0.0,0.0,0.0,0.0,1.0,0.0,0.0,0.0,0.0,0.0,0.0,0.0,0.0,1.0,0.1142857142857143,0.09090909090909091,0.09090909090909091,0.0,0.1111111111111111,0,1,1,0,0,0,0,1,0.0,0.1,0.0,350000.0
10665726,1,0.0,1.0,0.0,0.0,0.0,1.0,0.0,0.0,0.0,0.0,0.0,0.0,0.0,0.0,0.0,0.0,0.0,1.0,0.6428571428571429,0.2727272727272727,0.36363636363636365,0.0,0.2777777777777778,0,1,0,1,1,0,1,1,0.0,0.0,0.005055567222170767,2370000.0
10665736,1,0.0,1.0,0.0,0.0,0.0,1.0,0.0,0.0,0.0,0.0,0.0,0.0,0.0,0.0,0.0,0.0,0.0,1.0,0.1816326530612245,0.1818181818181818,0.09090909090909091,0.0,0.1111111111111111,3,6,0,1,0,0,1,1,0.112,0.2,0.0004429238106853765,398000.0
10665740,1,0.0,1.0,0.0,0.0,0.0,0.0,0.0,0.0,1.0,0.0,0.0,0.0,0.0,0.0,0.0,0.0,1.0,0.0,0.11836734693877551,0.1818181818181818,0.09090909090909091,0.0,0.05555555555555555,4,5,0,1,0,0,1,0,0.0,0.0,0.0004401727311159021,225000.0
10665744,0,0.0,1.0,0.0,1.0,0.0,0.0,0.0,0.0,0.0,0.0,0.0,0.0,0.0,0.0,0.0,0.0,1.0,0.0,0.09285714285714286,0.09090909090909091,0.09090909090909091,0.0,0.05555555555555555,3,2,1,1,0,0,0,1,0.0,0.0,0.0,395000.0
10665748,1,0.0,1.0,0.0,1.0,0.0,0.0,0.0,0.0,0.0,0.0,0.0,0.0,0.0,0.0,0.0,1.0,0.0,0.0,0.3142857142857143,0.4545454545454545,0.4545454545454546,0.0,0.38888888888888884,3,2,0,1,0,0,0,0,0.0,0.0,0.0,720000.0
10665749,1,0.0,1.0,0.0,0.0,0.0,0.0,0.0,0.0,0.0,0.0,0.0,0.0,0.0,1.0,0.0,0.0,0.0,1.0,0.13877551020408166,0.1818181818181818,0.09090909090909091,0.0,0.1111111111111111,0,0,0,0,0,0,1,0,0.0,0.0,0.0004942772959822317,555000.0
10665747,0,0.0,1.0,0.0,1.0,0.0,0.0,0.0,0.0,0.0,0.0,0.0,0.0,0.0,0.0,0.0,0.0,0.0,1.0,0.06632653061224492,0.09090909090909091,0.09090909090909091,0.0,0.05555555555555555,3,2,1,1,0,0,0,1,0.0,0.0,0.0,225000.0
10665746,0,0.0,1.0,0.0,1.0,0.0,0.0,0.0,0.0,0.0,0.0,0.0,0.0,0.0,0.0,0.0,0.0,1.0,0.0,0.07551020408163267,0.09090909090909091,0.09090909090909091,0.0,0.05555555555555555,3,3,1,1,0,0,0,1,0.0,0.02,0.0,285000.0
10665750,1,0.0,1.0,0.0,0.0,0.0,0.0,0.0,0.0,0.0,0.0,0.0,0.0,0.0,1.0,0.0,0.0,0.0,1.0,0.1469387755102041,0.1818181818181818,0.09090909090909091,0.0,0.1111111111111111,0,0,0,0,0,0,1,0,0.0,0.0,0.0004933602694590736,580000.0
10665753,1,0.0,1.0,0.0,1.0,0.0,0.0,0.0,0.0,0.0,0.0,0.0,0.0,0.0,0.0,0.0,0.0,0.0,1.0,0.10204081632653061,0.1818181818181818,0.09090909090909091,0.0,0.05555555555555555,3,2,0,1,0,0,1,0,0.14,0.0,0.00022742257774321608,375000.0
10534721,1,0.0,0.0,1.0,0.0,0.0,0.0,0.0,1.0,0.0,0.0,0.0,0.0,0.0,0.0,0.0,0.0,0.0,1.0,0.09693877551020408,0.1818181818181818,0.18181818181818182,0.07142857142857142,0.1111111111111111,1,1,0,0,0,1,0,1,0.0,0.15,7.794725446844099e-05,260000.0
10665796,1,0.0,1.0,0.0,0.0,0.0,1.0,0.0,0.0,0.0,0.0,0.0,0.0,0.0,0.0,0.0,0.0,0.0,1.0,0.08877551020408164,0.1818181818181818,0.09090909090909091,0.0,0.1111111111111111,2,3,0,0,0,0,0,0,0.0,0.0,0.00011004318277897552,241000.0
10665797,1,0.0,1.0,0.0,0.0,0.0,1.0,0.0,0.0,0.0,0.0,0.0,0.0,0.0,0.0,0.0,0.0,1.0,0.0,0.1326530612244898,0.2727272727272727,0.09090909090909091,0.0,0.1111111111111111,1,1,0,0,0,0,1,1,0.0,0.43,0.0002842782221790201,339000.0
10665798,0,0.0,1.0,0.0,1.0,0.0,0.0,0.0,0.0,0.0,0.0,0.0,0.0,0.0,0.0,0.0,0.0,0.0,1.0,0.03571428571428572,0.0,0.09090909090909091,0.0,0.05555555555555555,3,3,1,1,0,0,0,1,0.0,0.0,0.0,175000.0
10665800,1,0.0,1.0,0.0,0.0,0.0,1.0,0.0,0.0,0.0,0.0,0.0,0.0,0.0,0.0,0.0,0.0,0.0,1.0,0.06224489795918368,0.1818181818181818,0.09090909090909091,0.0,0.05555555555555555,0,6,0,0,0,0,1,0,0.0,0.0,0.002199946629056352,249000.0
10665808,0,0.0,1.0,0.0,0.0,0.0,0.0,0.0,0.0,0.0,0.0,0.0,0.0,0.0,1.0,0.0,0.0,0.0,1.0,0.07040816326530613,0.09090909090909091,0.09090909090909091,0.0,0.05555555555555555,0,0,0,0,0,0,1,1,0.0,0.0,0.0,263000.0
10665806,1,0.0,1.0,0.0,0.0,0.0,0.0,1.0,0.0,0.0,0.0,0.0,0.0,0.0,0.0,0.0,0.0,0.0,1.0,0.15306122448979595,0.1818181818181818,0.0,0.07142857142857142,0.05555555555555555,5,0,0,0,0,0,1,0,0.45,0.0,0.0006657612558128019,269000.0
10665801,1,0.0,1.0,0.0,0.0,0.0,1.0,0.0,0.0,0.0,0.0,0.0,0.0,0.0,0.0,0.0,0.0,1.0,0.0,0.14183673469387756,0.36363636363636365,0.09090909090909091,0.0,0.05555555555555555,5,6,0,0,0,0,1,1,0.014,0.0,0.0,149000.0
10665811,0,0.0,1.0,0.0,1.0,0.0,0.0,0.0,0.0,0.0,0.0,0.0,0.0,0.0,0.0,0.0,0.0,0.0,1.0,0.11938775510204083,0.1818181818181818,0.09090909090909091,0.0,0.05555555555555555,0,0,1,0,0,0,1,0,0.0,0.0,0.0,495000.0
10665809,1,0.0,1.0,0.0,0.0,0.0,0.0,1.0,0.0,0.0,0.0,0.0,0.0,0.0,0.0,0.0,1.0,0.0,0.0,0.14285714285714288,0.1818181818181818,0.09090909090909091,0.0,0.05555555555555555,2,0,0,1,0,0,0,0,0.0,0.0,0.00053921159561698,595000.0
10665807,1,0.0,1.0,0.0,0.0,0.0,0.0,0.0,0.0,0.0,0.0,0.0,0.0,0.0,1.0,0.0,0.0,1.0,0.0,0.20408163265306126,0.36363636363636365,0.09090909090909091,0.0,0.1111111111111111,3,5,0,0,0,0,1,1,0.0,0.0,0.00011462831539476617,299000.0
10665805,0,0.0,1.0,0.0,0.0,0.0,1.0,0.0,0.0,0.0,0.0,0.0,0.0,0.0,0.0,0.0,0.0,0.0,1.0,0.0816326530612245,0.09090909090909091,0.09090909090909091,0.0,0.05555555555555555,1,6,1,0,0,0,1,1,0.0,0.0,0.0,295000.0
10665814,1,0.0,1.0,0.0,0.0,0.0,1.0,0.0,0.0,0.0,0.0,0.0,0.0,0.0,0.0,0.0,0.0,0.0,1.0,0.10102040816326532,0.1818181818181818,0.09090909090909091,0.0,0.05555555555555555,5,6,0,0,0,0,1,0,0.615,0.0,0.0006850188127991226,195000.0
10665823,0,0.0,1.0,0.0,0.0,0.0,1.0,0.0,0.0,0.0,0.0,0.0,0.0,0.0,0.0,1.0,0.0,0.0,0.0,0.07142857142857142,0.09090909090909091,0.09090909090909091,0.0,0.05555555555555555,0,1,0,0,0,0,1,1,0.0,0.11,0.0,320000.0
10665824,0,0.0,1.0,0.0,0.0,0.0,1.0,0.0,0.0,0.0,0.0,0.0,0.0,0.0,0.0,1.0,0.0,0.0,0.0,0.09285714285714286,0.1818181818181818,0.18181818181818182,0.0,0.05555555555555555,0,1,0,0,0,0,1,1,0.0,0.27,0.0,400000.0
10665822,0,0.0,1.0,0.0,0.0,0.0,1.0,0.0,0.0,0.0,0.0,0.0,0.0,0.0,0.0,1.0,0.0,0.0,0.0,0.06938775510204082,0.09090909090909091,0.09090909090909091,0.0,0.0,0,1,0,0,0,0,1,1,0.0,0.13,0.0,330000.0
10665825,0,0.0,1.0,0.0,0.0,0.0,1.0,0.0,0.0,0.0,0.0,0.0,0.0,0.0,0.0,1.0,0.0,0.0,0.0,0.04183673469387755,0.0,0.09090909090909091,0.0,0.0,0,1,0,0,0,0,1,1,0.0,0.1,0.0,265000.0
10665826,0,0.0,1.0,0.0,0.0,0.0,1.0,0.0,0.0,0.0,0.0,0.0,0.0,0.0,0.0,1.0,0.0,0.0,0.0,0.05408163265306123,0.09090909090909091,0.09090909090909091,0.0,0.0,0,1,0,0,0,0,1,1,0.0,0.14,0.0,280000.0
10665838,0,0.0,1.0,0.0,0.0,0.0,1.0,0.0,0.0,0.0,0.0,0.0,0.0,0.0,0.0,1.0,0.0,0.0,0.0,0.08265306122448982,0.1818181818181818,0.2727272727272727,0.0,0.05555555555555555,0,1,0,0,0,0,1,1,0.0,0.13,0.0,365000.0
10665828,0,0.0,1.0,0.0,0.0,0.0,1.0,0.0,0.0,0.0,0.0,0.0,0.0,0.0,0.0,1.0,0.0,0.0,0.0,0.06632653061224492,0.09090909090909091,0.09090909090909091,0.0,0.05555555555555555,0,1,0,0,0,0,1,1,0.0,0.13,0.0,320000.0
10665827,0,0.0,1.0,0.0,0.0,0.0,1.0,0.0,0.0,0.0,0.0,0.0,0.0,0.0,0.0,1.0,0.0,0.0,0.0,0.06428571428571428,0.09090909090909091,0.09090909090909091,0.0,0.05555555555555555,0,1,0,0,0,0,1,1,0.0,0.15,0.0,325000.0
10665840,0,0.0,1.0,0.0,0.0,0.0,1.0,0.0,0.0,0.0,0.0,0.0,0.0,0.0,0.0,0.0,0.0,1.0,0.0,0.06326530612244899,0.09090909090909091,0.09090909090909091,0.0,0.05555555555555555,1,0,1,0,0,0,1,1,0.0,0.29,0.0,420000.0
10665841,0,0.0,1.0,0.0,0.0,0.0,1.0,0.0,0.0,0.0,0.0,0.0,0.0,0.0,0.0,0.0,0.0,1.0,0.0,0.042857142857142864,0.0,0.09090909090909091,0.0,0.0,1,0,1,0,0,0,1,1,0.0,0.1,0.0,250000.0
10665843,0,0.0,1.0,0.0,0.0,0.0,1.0,0.0,0.0,0.0,0.0,0.0,0.0,0.0,0.0,0.0,0.0,1.0,0.0,0.06632653061224492,0.09090909090909091,0.09090909090909091,0.0,0.05555555555555555,1,1,1,0,0,0,1,1,0.0,0.28,0.0,375000.0
10665844,0,0.0,1.0,0.0,0.0,0.0,1.0,0.0,0.0,0.0,0.0,0.0,0.0,0.0,0.0,0.0,0.0,1.0,0.0,0.04387755102040817,0.0,0.09090909090909091,0.0,0.05555555555555555,1,1,0,0,0,0,1,1,0.0,0.1,0.0,250000.0
10665842,0,0.0,1.0,0.0,0.0,0.0,1.0,0.0,0.0,0.0,0.0,0.0,0.0,0.0,0.0,0.0,0.0,1.0,0.0,0.07653061224489796,0.09090909090909091,0.09090909090909091,0.0,0.05555555555555555,1,0,1,0,0,0,0,1,0.0,0.16,0.0,325000.0
10665845,0,0.0,1.0,0.0,0.0,0.0,1.0,0.0,0.0,0.0,0.0,0.0,0.0,0.0,0.0,0.0,0.0,1.0,0.0,0.08061224489795918,0.09090909090909091,0.09090909090909091,0.0,0.05555555555555555,1,1,0,0,0,0,1,1,0.0,0.12,0.0,395000.0
10665855,1,0.0,0.0,1.0,0.0,0.0,0.0,0.0,0.0,0.0,1.0,0.0,0.0,0.0,0.0,0.0,0.0,0.0,1.0,0.19387755102040818,0.1818181818181818,0.09090909090909091,0.0,0.05555555555555555,4,5,0,1,0,0,1,1,0.0,0.16,0.0007776384916380937,290000.0
10665861,1,0.0,0.0,1.0,0.0,0.0,0.0,0.0,0.0,0.0,0.0,0.0,0.0,1.0,0.0,0.0,0.0,0.0,1.0,0.1836734693877551,0.2727272727272727,0.2727272727272727,0.0,0.1111111111111111,1,5,0,1,1,0,1,1,0.3,0.5,0.0004997794551211805,680000.0
10665846,1,0.0,1.0,0.0,0.0,0.0,1.0,0.0,0.0,0.0,0.0,0.0,0.0,0.0,0.0,0.0,0.0,1.0,0.0,0.17551020408163268,0.2727272727272727,0.18181818181818182,0.0,0.05555555555555555,0,0,0,0,0,0,1,1,0.0,0.23,0.0,515000.0
10665874,0,0.0,1.0,0.0,0.0,0.0,1.0,0.0,0.0,0.0,0.0,0.0,0.0,0.0,0.0,0.0,0.0,0.0,1.0,0.09183673469387757,0.09090909090909091,0.09090909090909091,0.0,0.05555555555555555,1,0,1,0,0,0,1,1,0.0,0.14,0.0,385000.0
10665876,0,0.0,1.0,0.0,0.0,0.0,1.0,0.0,0.0,0.0,0.0,0.0,0.0,0.0,0.0,0.0,0.0,0.0,1.0,0.07040816326530613,0.0,0.09090909090909091,0.0,0.05555555555555555,0,0,1,0,0,0,1,1,0.06,0.3,0.0,300000.0
10665873,0,0.0,1.0,0.0,0.0,0.0,1.0,0.0,0.0,0.0,0.0,0.0,0.0,0.0,0.0,0.0,0.0,0.0,1.0,0.09693877551020408,0.1818181818181818,0.09090909090909091,0.0,0.05555555555555555,1,0,1,0,0,0,1,1,0.0,0.12,0.0,410000.0
10665875,0,0.0,1.0,0.0,0.0,0.0,1.0,0.0,0.0,0.0,0.0,0.0,0.0,0.0,0.0,0.0,0.0,0.0,1.0,0.08673469387755103,0.09090909090909091,0.09090909090909091,0.0,0.05555555555555555,0,0,1,0,0,0,1,1,0.0,0.16,0.0,365000.0
10665881,0,0.0,1.0,0.0,0.0,0.0,1.0,0.0,0.0,0.0,0.0,0.0,0.0,0.0,0.0,0.0,0.0,0.0,1.0,0.06836734693877553,0.0,0.09090909090909091,0.0,0.05555555555555555,0,0,1,0,0,0,1,1,0.0,0.31,0.0,260000.0
10665879,0,0.0,1.0,0.0,0.0,0.0,1.0,0.0,0.0,0.0,0.0,0.0,0.0,0.0,0.0,0.0,0.0,0.0,1.0,0.08673469387755103,0.09090909090909091,0.09090909090909091,0.0,0.05555555555555555,1,0,1,0,0,0,1,1,0.0,0.13,0.0,340000.0
10665878,0,0.0,1.0,0.0,0.0,0.0,1.0,0.0,0.0,0.0,0.0,0.0,0.0,0.0,0.0,0.0,0.0,0.0,1.0,0.1163265306122449,0.1818181818181818,0.18181818181818182,0.0,0.05555555555555555,1,0,1,0,0,0,1,1,0.0,0.16,0.0,420000.0
10534817,1,0.0,0.0,1.0,0.0,0.0,0.0,0.0,0.0,0.0,0.0,0.0,1.0,0.0,0.0,1.0,0.0,0.0,0.0,0.2683673469387755,0.5454545454545454,0.09090909090909091,0.07142857142857142,0.1111111111111111,1,4,0,1,0,0,1,0,0.48,0.0,0.0,449000.0
10665880,0,0.0,1.0,0.0,0.0,0.0,1.0,0.0,0.0,0.0,0.0,0.0,0.0,0.0,0.0,0.0,0.0,0.0,1.0,0.08469387755102042,0.09090909090909091,0.09090909090909091,0.0,0.05555555555555555,1,0,1,0,0,0,1,1,0.0,0.13,0.0,330000.0
10534819,1,0.0,0.0,1.0,0.0,0.0,0.0,0.0,0.0,0.0,0.0,0.0,1.0,0.0,0.0,1.0,0.0,0.0,0.0,0.18469387755102043,0.1818181818181818,0.09090909090909091,0.0,0.1111111111111111,3,4,0,1,0,0,1,0,0.2,0.0,0.0,319000.0
10665913,1,0.0,1.0,0.0,0.0,0.0,1.0,0.0,0.0,0.0,0.0,0.0,0.0,0.0,0.0,1.0,0.0,0.0,0.0,0.17551020408163268,0.2727272727272727,0.0,0.0,0.0,1,0,0,0,0,0,1,1,0.075,0.26,0.0,519000.0
10665914,1,0.0,1.0,0.0,0.0,0.0,1.0,0.0,0.0,0.0,0.0,0.0,0.0,0.0,0.0,1.0,0.0,0.0,0.0,0.163265306122449,0.2727272727272727,0.0,0.0,0.0,1,0,0,0,0,0,1,1,0.079,0.22,0.0,545000.0
10665912,1,0.0,1.0,0.0,0.0,0.0,1.0,0.0,0.0,0.0,0.0,0.0,0.0,0.0,0.0,1.0,0.0,0.0,0.0,0.17551020408163268,0.2727272727272727,0.0,0.0,0.0,1,0,0,0,0,0,1,1,0.075,0.26,0.0,560000.0
10665915,1,0.0,1.0,0.0,0.0,0.0,1.0,0.0,0.0,0.0,0.0,0.0,0.0,0.0,0.0,1.0,0.0,0.0,0.0,0.163265306122449,0.2727272727272727,0.0,0.0,0.0,1,0,0,0,0,0,1,1,0.187,0.22,0.0,595000.0
10665917,0,0.0,1.0,0.0,0.0,0.0,1.0,0.0,0.0,0.0,0.0,0.0,0.0,0.0,0.0,1.0,0.0,0.0,0.0,0.08265306122448982,0.1818181818181818,0.0,0.0,0.0,1,0,1,0,0,0,1,1,0.0,0.15,0.0,395000.0
10665916,0,0.0,1.0,0.0,0.0,0.0,1.0,0.0,0.0,0.0,0.0,0.0,0.0,0.0,0.0,1.0,0.0,0.0,0.0,0.12040816326530615,0.1818181818181818,0.0,0.0,0.0,1,0,1,0,0,0,1,1,0.0,1.0,0.0,685000.0
10665918,0,0.0,1.0,0.0,0.0,0.0,1.0,0.0,0.0,0.0,0.0,0.0,0.0,0.0,0.0,1.0,0.0,0.0,0.0,0.07448979591836735,0.09090909090909091,0.0,0.0,0.0,1,0,1,0,0,0,1,1,0.0,0.1,0.0,370000.0
10665921,0,0.0,1.0,0.0,0.0,0.0,1.0,0.0,0.0,0.0,0.0,0.0,0.0,0.0,0.0,1.0,0.0,0.0,0.0,0.059183673469387764,0.0,0.0,0.0,0.0,1,0,1,0,0,0,1,1,0.0,0.1,0.0,312000.0
10665922,0,0.0,1.0,0.0,0.0,0.0,1.0,0.0,0.0,0.0,0.0,0.0,0.0,0.0,0.0,1.0,0.0,0.0,0.0,0.07551020408163267,0.09090909090909091,0.0,0.0,0.0,1,0,1,0,0,0,1,1,0.0,0.11,0.0,365000.0
10665920,0,0.0,1.0,0.0,0.0,0.0,1.0,0.0,0.0,0.0,0.0,0.0,0.0,0.0,0.0,1.0,0.0,0.0,0.0,0.0979591836734694,0.1818181818181818,0.0,0.0,0.0,1,0,1,0,0,0,1,1,0.0,0.19,0.0,437500.0
10665924,1,0.0,1.0,0.0,0.0,0.0,1.0,0.0,0.0,0.0,0.0,0.0,0.0,0.0,0.0,0.0,1.0,0.0,0.0,0.17551020408163268,0.2727272727272727,0.0,0.0,0.0,1,0,0,0,0,0,1,1,0.075,0.26,0.0,560000.0
10665923,0,0.0,1.0,0.0,0.0,0.0,1.0,0.0,0.0,0.0,0.0,0.0,0.0,0.0,0.0,1.0,0.0,0.0,0.0,0.09489795918367347,0.09090909090909091,0.0,0.0,0.0,1,0,1,0,0,0,1,1,0.0,0.16,0.0,365000.0
10665919,0,0.0,1.0,0.0,0.0,0.0,1.0,0.0,0.0,0.0,0.0,0.0,0.0,0.0,0.0,1.0,0.0,0.0,0.0,0.07551020408163267,0.09090909090909091,0.0,0.0,0.0,1,0,1,0,0,0,1,1,0.0,0.11,0.0,375000.0
10665925,1,0.0,1.0,0.0,0.0,0.0,1.0,0.0,0.0,0.0,0.0,0.0,0.0,0.0,0.0,0.0,1.0,0.0,0.0,0.17551020408163268,0.2727272727272727,0.0,0.0,0.0,1,0,0,0,0,0,1,1,0.075,0.26,0.0,519000.0
10665926,1,0.0,1.0,0.0,0.0,0.0,1.0,0.0,0.0,0.0,0.0,0.0,0.0,0.0,0.0,0.0,1.0,0.0,0.0,0.163265306122449,0.2727272727272727,0.0,0.0,0.0,1,0,0,0,0,0,1,1,0.079,0.22,0.0,545000.0
10665928,0,0.0,1.0,0.0,0.0,0.0,1.0,0.0,0.0,0.0,0.0,0.0,0.0,0.0,0.0,0.0,1.0,0.0,0.0,0.12040816326530615,0.1818181818181818,0.0,0.0,0.0,1,0,1,0,0,0,1,1,0.0,1.0,0.0,685000.0
10665927,1,0.0,1.0,0.0,0.0,0.0,1.0,0.0,0.0,0.0,0.0,0.0,0.0,0.0,0.0,0.0,1.0,0.0,0.0,0.163265306122449,0.2727272727272727,0.0,0.0,0.0,1,0,0,0,0,0,1,1,0.187,0.22,0.0,595000.0
10665929,0,0.0,1.0,0.0,0.0,0.0,1.0,0.0,0.0,0.0,0.0,0.0,0.0,0.0,0.0,0.0,1.0,0.0,0.0,0.08265306122448982,0.1818181818181818,0.0,0.0,0.0,1,0,1,0,0,0,1,1,0.0,0.15,0.0,395000.0
10665930,0,0.0,1.0,0.0,0.0,0.0,1.0,0.0,0.0,0.0,0.0,0.0,0.0,0.0,0.0,0.0,1.0,0.0,0.0,0.07448979591836735,0.09090909090909091,0.0,0.0,0.0,1,0,1,0,0,0,1,1,0.0,0.1,0.0,370000.0
10665931,0,0.0,1.0,0.0,0.0,0.0,1.0,0.0,0.0,0.0,0.0,0.0,0.0,0.0,0.0,0.0,1.0,0.0,0.0,0.07551020408163267,0.09090909090909091,0.0,0.0,0.0,1,0,1,0,0,0,1,1,0.0,0.11,0.0,375000.0
10665934,0,0.0,1.0,0.0,0.0,0.0,1.0,0.0,0.0,0.0,0.0,0.0,0.0,0.0,0.0,0.0,1.0,0.0,0.0,0.07551020408163267,0.09090909090909091,0.0,0.0,0.0,1,0,1,0,0,0,1,1,0.0,0.11,0.0,365000.0
10665933,0,0.0,1.0,0.0,0.0,0.0,1.0,0.0,0.0,0.0,0.0,0.0,0.0,0.0,0.0,0.0,1.0,0.0,0.0,0.059183673469387764,0.0,0.0,0.0,0.0,1,0,1,0,0,0,1,1,0.0,0.1,0.0,312000.0
10665932,0,0.0,1.0,0.0,0.0,0.0,1.0,0.0,0.0,0.0,0.0,0.0,0.0,0.0,0.0,0.0,1.0,0.0,0.0,0.0979591836734694,0.1818181818181818,0.0,0.0,0.0,1,0,1,0,0,0,1,1,0.0,0.19,0.0,437500.0
10665936,0,0.0,1.0,0.0,0.0,0.0,1.0,0.0,0.0,0.0,0.0,0.0,0.0,0.0,0.0,0.0,1.0,0.0,0.0,0.09489795918367347,0.09090909090909091,0.0,0.0,0.0,1,0,1,0,0,0,1,1,0.0,0.16,0.0,365000.0
10665935,0,0.0,1.0,0.0,0.0,0.0,1.0,0.0,0.0,0.0,0.0,0.0,0.0,0.0,0.0,0.0,1.0,0.0,0.0,0.07244897959183674,0.09090909090909091,0.0,0.0,0.0,1,0,1,0,0,0,1,1,0.0,0.09,0.0,340000.0
10665944,0,0.0,1.0,0.0,0.0,0.0,1.0,0.0,0.0,0.0,0.0,0.0,0.0,0.0,0.0,0.0,1.0,0.0,0.0,0.06938775510204082,0.09090909090909091,0.09090909090909091,0.0,0.0,0,1,0,0,0,0,1,1,0.0,0.13,0.0,330000.0
10665946,0,0.0,1.0,0.0,0.0,0.0,1.0,0.0,0.0,0.0,0.0,0.0,0.0,0.0,0.0,0.0,1.0,0.0,0.0,0.09285714285714286,0.1818181818181818,0.18181818181818182,0.0,0.05555555555555555,0,1,0,0,0,0,1,1,0.0,0.27,0.0,400000.0
10665945,0,0.0,1.0,0.0,0.0,0.0,1.0,0.0,0.0,0.0,0.0,0.0,0.0,0.0,0.0,0.0,1.0,0.0,0.0,0.07142857142857142,0.09090909090909091,0.09090909090909091,0.0,0.05555555555555555,0,1,0,0,0,0,1,1,0.0,0.11,0.0,320000.0
10665947,0,0.0,1.0,0.0,0.0,0.0,1.0,0.0,0.0,0.0,0.0,0.0,0.0,0.0,0.0,0.0,1.0,0.0,0.0,0.04183673469387755,0.0,0.09090909090909091,0.0,0.0,0,1,0,0,0,0,1,1,0.0,0.1,0.0,265000.0
10665948,0,0.0,1.0,0.0,0.0,0.0,1.0,0.0,0.0,0.0,0.0,0.0,0.0,0.0,0.0,0.0,1.0,0.0,0.0,0.05408163265306123,0.09090909090909091,0.09090909090909091,0.0,0.0,0,1,0,0,0,0,1,1,0.0,0.14,0.0,280000.0
10665949,0,0.0,1.0,0.0,0.0,0.0,1.0,0.0,0.0,0.0,0.0,0.0,0.0,0.0,0.0,0.0,1.0,0.0,0.0,0.06428571428571428,0.09090909090909091,0.09090909090909091,0.0,0.05555555555555555,0,1,0,0,0,0,1,1,0.0,0.15,0.0,325000.0
10665951,0,0.0,1.0,0.0,0.0,0.0,1.0,0.0,0.0,0.0,0.0,0.0,0.0,0.0,0.0,1.0,0.0,0.0,0.0,0.057142857142857155,0.0,0.09090909090909091,0.0,0.05555555555555555,0,0,1,0,0,0,0,1,0.0,0.25,0.0,294800.0
10665952,0,0.0,1.0,0.0,0.0,0.0,1.0,0.0,0.0,0.0,0.0,0.0,0.0,0.0,0.0,1.0,0.0,0.0,0.0,0.057142857142857155,0.0,0.09090909090909091,0.0,0.05555555555555555,0,0,1,0,0,0,0,1,0.0,0.25,0.0,292906.0
10665953,0,0.0,1.0,0.0,0.0,0.0,1.0,0.0,0.0,0.0,0.0,0.0,0.0,0.0,0.0,1.0,0.0,0.0,0.0,0.08469387755102042,0.09090909090909091,0.09090909090909091,0.0,0.05555555555555555,0,0,1,0,0,0,1,1,0.0,0.31,0.0,445520.0
10665957,0,0.0,1.0,0.0,0.0,0.0,1.0,0.0,0.0,0.0,0.0,0.0,0.0,0.0,0.0,0.0,1.0,0.0,0.0,0.057142857142857155,0.0,0.09090909090909091,0.0,0.05555555555555555,0,0,1,0,0,0,0,1,0.0,0.25,0.0,294800.0
10665955,0,0.0,1.0,0.0,0.0,0.0,1.0,0.0,0.0,0.0,0.0,0.0,0.0,0.0,0.0,1.0,0.0,0.0,0.0,0.08469387755102042,0.09090909090909091,0.09090909090909091,0.0,0.05555555555555555,0,0,1,0,0,0,1,1,0.0,0.31,0.0,430146.0
10665959,0,0.0,1.0,0.0,0.0,0.0,1.0,0.0,0.0,0.0,0.0,0.0,0.0,0.0,0.0,0.0,1.0,0.0,0.0,0.08469387755102042,0.09090909090909091,0.09090909090909091,0.0,0.05555555555555555,0,0,1,0,0,0,1,1,0.0,0.31,0.0,445520.0
10665958,0,0.0,1.0,0.0,0.0,0.0,1.0,0.0,0.0,0.0,0.0,0.0,0.0,0.0,0.0,0.0,1.0,0.0,0.0,0.057142857142857155,0.0,0.09090909090909091,0.0,0.05555555555555555,0,0,1,0,0,0,0,1,0.0,0.25,0.0,292906.0
10665961,0,0.0,1.0,0.0,0.0,0.0,1.0,0.0,0.0,0.0,0.0,0.0,0.0,0.0,0.0,0.0,1.0,0.0,0.0,0.07040816326530613,0.09090909090909091,0.09090909090909091,0.0,0.05555555555555555,0,0,1,0,0,0,0,1,0.0,0.27,0.0,415000.0
10665960,0,0.0,1.0,0.0,0.0,0.0,1.0,0.0,0.0,0.0,0.0,0.0,0.0,0.0,0.0,0.0,1.0,0.0,0.0,0.08469387755102042,0.09090909090909091,0.09090909090909091,0.0,0.05555555555555555,0,0,1,0,0,0,1,1,0.0,0.31,0.0,430146.0
10665966,0,0.0,1.0,0.0,0.0,0.0,0.0,0.0,0.0,0.0,0.0,0.0,0.0,0.0,1.0,0.0,0.0,0.0,1.0,0.0816326530612245,0.09090909090909091,0.09090909090909091,0.0,0.05555555555555555,2,3,1,0,0,0,0,1,0.0,0.0,0.0,649000.0
10665969,0,0.0,1.0,0.0,0.0,0.0,0.0,0.0,0.0,0.0,0.0,0.0,0.0,0.0,1.0,0.0,0.0,0.0,1.0,0.08775510204081632,0.1818181818181818,0.09090909090909091,0.0,0.0,1,3,1,0,0,0,0,1,0.0,0.0,0.0,395000.0
10665968,0,0.0,1.0,0.0,0.0,0.0,0.0,0.0,0.0,0.0,0.0,0.0,0.0,0.0,1.0,0.0,0.0,0.0,1.0,0.05306122448979592,0.09090909090909091,0.09090909090909091,0.0,0.05555555555555555,1,2,1,0,0,0,0,1,0.0,0.0,0.0,289000.0
10665967,0,0.0,1.0,0.0,0.0,0.0,0.0,0.0,0.0,0.0,0.0,0.0,0.0,0.0,1.0,0.0,0.0,0.0,1.0,0.06836734693877553,0.09090909090909091,0.18181818181818182,0.0,0.1111111111111111,1,3,1,0,0,0,0,1,0.0,0.0,0.0,470000.0
10665976,0,0.0,1.0,0.0,0.0,0.0,0.0,0.0,0.0,0.0,0.0,0.0,0.0,0.0,1.0,1.0,0.0,0.0,0.0,0.08061224489795918,0.09090909090909091,0.09090909090909091,0.0,0.0,1,1,1,0,0,0,0,0,0.0,0.0,0.0,335000.0
10665977,0,0.0,1.0,0.0,0.0,0.0,0.0,0.0,0.0,0.0,0.0,0.0,0.0,0.0,1.0,1.0,0.0,0.0,0.0,0.06632653061224492,0.09090909090909091,0.09090909090909091,0.0,0.0,1,1,1,0,0,0,0,0,0.0,0.0,0.0,398000.0
10665993,1,0.0,1.0,0.0,0.0,0.0,0.0,0.0,0.0,0.0,0.0,0.0,0.0,0.0,1.0,0.0,0.0,1.0,0.0,0.1306122448979592,0.1818181818181818,0.09090909090909091,0.0,0.05555555555555555,4,4,0,0,0,0,1,0,0.0,0.0,0.0001724009863537283,225000.0
10666002,1,0.0,0.0,1.0,0.0,0.0,0.0,0.0,1.0,0.0,0.0,0.0,0.0,0.0,0.0,0.0,0.0,0.0,1.0,0.20408163265306126,0.2727272727272727,0.18181818181818182,0.0,0.0,0,0,0,0,0,0,1,1,0.625,0.15,0.000687769892368597,385000.0
10666003,1,0.0,0.0,1.0,0.0,0.0,0.0,0.0,0.0,0.0,0.0,0.0,1.0,0.0,0.0,1.0,0.0,0.0,0.0,0.1510204081632653,0.1818181818181818,0.09090909090909091,0.0,0.05555555555555555,1,4,0,1,0,0,1,1,0.2,0.1,0.0002475971612526949,310000.0
10666009,1,0.0,1.0,0.0,1.0,0.0,0.0,0.0,0.0,0.0,0.0,0.0,0.0,0.0,0.0,0.0,0.0,0.0,1.0,0.1489795918367347,0.09090909090909091,0.09090909090909091,0.0,0.0,5,5,0,0,0,0,0,0,0.0,0.0,0.0004658494737643297,199000.0
10666007,0,0.0,1.0,0.0,0.0,0.0,0.0,0.0,0.0,1.0,0.0,0.0,0.0,0.0,0.0,0.0,0.0,1.0,0.0,0.08673469387755103,0.1818181818181818,0.09090909090909091,0.0,0.0,3,1,1,0,0,0,0,1,0.0,0.01,0.0,229000.0
10666008,1,0.0,1.0,0.0,0.0,0.0,0.0,1.0,0.0,0.0,0.0,0.0,0.0,0.0,0.0,0.0,0.0,0.0,1.0,0.3622448979591837,0.2727272727272727,0.18181818181818182,0.0,0.0,3,3,0,0,0,0,0,1,0.0,0.32,0.0023375006075300716,895000.0
10666011,1,0.0,1.0,0.0,0.0,0.0,0.0,0.0,0.0,0.0,0.0,0.0,0.0,0.0,1.0,0.0,0.0,0.0,1.0,0.12244897959183676,0.1818181818181818,0.09090909090909091,0.0,0.0,3,5,0,0,0,0,0,0,0.0,0.0,0.0008042322608096794,349000.0
10666015,0,0.0,1.0,0.0,0.0,0.0,1.0,0.0,0.0,0.0,0.0,0.0,0.0,0.0,0.0,0.0,0.0,0.0,1.0,0.08673469387755103,0.09090909090909091,0.09090909090909091,0.0,0.0,3,2,1,0,0,0,0,0,0.0,0.0,0.0,279900.0
10666014,0,1.0,0.0,0.0,0.0,1.0,0.0,0.0,0.0,0.0,0.0,0.0,0.0,0.0,0.0,0.0,1.0,0.0,0.0,0.07653061224489796,0.09090909090909091,0.09090909090909091,0.0,0.0,2,2,1,0,0,0,0,1,0.0,0.18,0.0,269000.0
10666016,1,1.0,0.0,0.0,0.0,1.0,0.0,0.0,0.0,0.0,0.0,0.0,0.0,0.0,0.0,1.0,0.0,0.0,0.0,0.5163265306122449,0.36363636363636365,0.18181818181818182,0.0,0.0,0,7,0,0,0,0,0,1,0.0,0.16,9.628778493160358e-05,1290000.0
10666012,1,0.0,1.0,0.0,0.0,0.0,0.0,0.0,0.0,0.0,0.0,0.0,0.0,0.0,1.0,0.0,0.0,0.0,1.0,0.23877551020408164,0.1818181818181818,0.09090909090909091,0.0,0.0,3,4,0,0,0,0,0,0,0.0,0.0,0.00030536983221165706,269000.0
10666020,1,0.0,1.0,0.0,0.0,0.0,1.0,0.0,0.0,0.0,0.0,0.0,0.0,0.0,0.0,0.0,0.0,0.0,1.0,0.15408163265306124,0.1818181818181818,0.09090909090909091,0.0,0.05555555555555555,5,5,0,0,0,0,0,0,0.0,0.0,0.0007574639081286148,425000.0
10666019,1,0.0,1.0,0.0,0.0,0.0,1.0,0.0,0.0,0.0,0.0,0.0,0.0,0.0,0.0,0.0,0.0,0.0,1.0,0.10408163265306122,0.1818181818181818,0.0,0.0,0.05555555555555555,5,6,0,0,0,0,1,0,0.0,0.0,0.0007959790221012563,145000.0
10666017,1,0.0,1.0,0.0,0.0,0.0,0.0,0.0,0.0,0.0,0.0,0.0,0.0,0.0,1.0,0.0,0.0,0.0,1.0,0.213265306122449,0.36363636363636365,0.09090909090909091,0.0,0.0,5,6,0,0,0,0,0,1,0.0,0.0,0.000518119985584343,335000.0
10666032,0,0.0,1.0,0.0,0.0,0.0,1.0,0.0,0.0,0.0,0.0,0.0,0.0,0.0,0.0,0.0,0.0,0.0,1.0,0.09183673469387757,0.09090909090909091,0.09090909090909091,0.0,0.05555555555555555,0,1,1,0,0,0,0,1,0.0,0.0,0.0,334000.0
10666035,1,0.0,1.0,0.0,1.0,0.0,0.0,0.0,0.0,0.0,0.0,0.0,0.0,0.0,0.0,0.0,0.0,1.0,0.0,0.17040816326530614,0.2727272727272727,0.18181818181818182,0.0,0.1111111111111111,3,6,0,0,0,0,1,1,0.0,0.0,0.0,289000.0
10666038,0,0.0,1.0,0.0,0.0,0.0,1.0,0.0,0.0,0.0,0.0,0.0,0.0,0.0,0.0,1.0,0.0,0.0,0.0,0.018367346938775515,0.0,0.09090909090909091,0.0,0.05555555555555555,2,2,0,0,0,0,0,0,0.0,0.0,0.0,199000.0
10666059,1,0.0,1.0,0.0,0.0,0.0,0.0,0.0,0.0,0.0,0.0,0.0,0.0,0.0,1.0,0.0,1.0,0.0,0.0,0.1928571428571429,0.2727272727272727,0.09090909090909091,0.0,0.1111111111111111,0,0,0,0,0,0,0,1,0.0,0.0,0.0009051051783570737,535000.0
10666060,1,0.0,1.0,0.0,0.0,0.0,0.0,0.0,0.0,0.0,0.0,0.0,0.0,0.0,1.0,0.0,0.0,0.0,1.0,0.1469387755102041,0.1818181818181818,0.09090909090909091,0.0,0.1111111111111111,0,0,0,0,0,0,1,1,0.0,0.0,0.0003934043784348375,285000.0
10666063,0,0.0,1.0,0.0,0.0,0.0,1.0,0.0,0.0,0.0,0.0,0.0,0.0,0.0,0.0,1.0,0.0,0.0,0.0,0.07959183673469389,0.09090909090909091,0.09090909090909091,0.0,0.05555555555555555,1,1,0,0,0,0,0,0,0.0,0.0,0.0,289000.0
10666067,1,0.0,1.0,0.0,0.0,0.0,1.0,0.0,0.0,0.0,0.0,0.0,0.0,0.0,0.0,0.0,0.0,1.0,0.0,0.1653061224489796,0.1818181818181818,0.09090909090909091,0.0,0.0,5,6,0,0,0,0,0,0,0.0,0.0,0.009228954929063414,779000.0
10666068,1,0.0,1.0,0.0,0.0,0.0,1.0,0.0,0.0,0.0,0.0,0.0,0.0,0.0,0.0,0.0,0.0,0.0,1.0,0.1653061224489796,0.1818181818181818,0.09090909090909091,0.0,0.0,5,6,0,0,0,0,0,0,0.0,0.0,0.009228954929063414,779000.0
10666064,1,0.0,1.0,0.0,0.0,0.0,1.0,0.0,0.0,0.0,0.0,0.0,0.0,0.0,0.0,0.0,1.0,0.0,0.0,0.18673469387755104,0.2727272727272727,0.09090909090909091,0.0,0.1111111111111111,3,2,0,0,0,0,0,0,0.0,0.0,0.000446591916778009,479000.0
10666061,0,0.0,1.0,0.0,0.0,0.0,1.0,0.0,0.0,0.0,0.0,0.0,0.0,0.0,0.0,0.0,1.0,0.0,0.0,0.04693877551020408,0.09090909090909091,0.09090909090909091,0.0,0.05555555555555555,3,5,0,0,0,0,0,0,0.0,0.0,0.0,299900.0
10666073,0,0.0,1.0,0.0,0.0,0.0,0.0,0.0,0.0,0.0,0.0,0.0,0.0,0.0,1.0,0.0,0.0,0.0,1.0,0.13571428571428573,0.0,0.09090909090909091,0.0,0.05555555555555555,1,2,1,0,0,0,0,0,0.0,0.0,0.0,285000.0
10666070,1,0.0,1.0,0.0,0.0,0.0,0.0,0.0,0.0,0.0,0.0,0.0,0.0,0.0,1.0,0.0,0.0,1.0,0.0,0.1326530612244898,0.1818181818181818,0.09090909090909091,0.0,0.1111111111111111,2,3,0,0,0,0,1,1,0.0,0.0,0.00010545805016318488,235000.0
10666083,0,0.0,1.0,0.0,1.0,0.0,0.0,0.0,0.0,0.0,0.0,0.0,0.0,0.0,0.0,0.0,0.0,0.0,1.0,0.2785714285714286,0.4545454545454545,0.2727272727272727,0.0,0.0,3,2,0,1,0,0,0,0,0.0,0.0,0.0,581000.0
10666089,1,0.0,1.0,0.0,0.0,0.0,0.0,0.0,0.0,0.0,0.0,0.0,0.0,0.0,1.0,0.0,0.0,0.0,1.0,0.1326530612244898,0.1818181818181818,0.09090909090909091,0.0,0.0,1,4,0,0,0,0,1,0,0.605,0.0,0.0005548010465106682,219000.0
10666099,1,0.0,1.0,0.0,0.0,0.0,1.0,0.0,0.0,0.0,0.0,0.0,0.0,0.0,0.0,0.0,1.0,0.0,0.0,0.13877551020408166,0.1818181818181818,0.09090909090909091,0.0,0.05555555555555555,0,6,0,0,0,0,1,0,0.08,0.0,0.000134802898904245,267000.0
10666095,0,0.0,0.0,1.0,0.0,0.0,0.0,0.0,0.0,0.0,0.0,0.0,1.0,0.0,0.0,0.0,0.0,1.0,0.0,0.1326530612244898,0.09090909090909091,0.0,0.0,0.05555555555555555,0,3,0,0,0,0,0,0,0.0,0.0,0.0,195000.0
10666090,1,0.0,1.0,0.0,0.0,0.0,0.0,0.0,0.0,0.0,0.0,0.0,0.0,0.0,1.0,0.0,0.0,0.0,1.0,0.15612244897959185,0.1818181818181818,0.09090909090909091,0.0,0.0,2,0,0,0,0,0,1,0,0.0,0.0,0.00016323072112214702,264000.0
10666097,1,0.0,1.0,0.0,0.0,0.0,1.0,0.0,0.0,0.0,0.0,0.0,0.0,0.0,0.0,0.0,0.0,0.0,1.0,0.06326530612244899,0.09090909090909091,0.0,0.0,0.0,1,4,0,0,0,0,0,0,0.0,0.0,0.000708861502401234,349000.0
10666100,1,0.0,1.0,0.0,0.0,0.0,0.0,0.0,0.0,1.0,0.0,0.0,0.0,0.0,0.0,0.0,0.0,0.0,1.0,0.1795918367346939,0.36363636363636365,0.18181818181818182,0.0,0.1111111111111111,0,3,0,0,0,0,1,0,0.43,0.0,0.0007354552715728198,410000.0
10666102,0,0.0,1.0,0.0,0.0,0.0,0.0,0.0,0.0,0.0,0.0,0.0,0.0,0.0,1.0,0.0,0.0,1.0,0.0,0.1275510204081633,0.1818181818181818,0.2727272727272727,0.0,0.16666666666666666,1,0,1,0,0,0,1,1,0.0,0.0,0.0,1350000.0
10666106,1,0.0,0.0,1.0,0.0,0.0,0.0,0.0,1.0,0.0,0.0,0.0,0.0,0.0,0.0,0.0,0.0,1.0,0.0,0.051020408163265314,0.1818181818181818,0.09090909090909091,0.0,0.05555555555555555,4,4,0,0,0,0,0,0,0.0,0.0,0.0,135000.0
10666111,1,0.0,0.0,1.0,0.0,0.0,0.0,0.0,0.0,0.0,0.0,0.0,0.0,1.0,0.0,0.0,0.0,0.0,1.0,0.12244897959183676,0.36363636363636365,0.18181818181818182,0.14285714285714285,0.1111111111111111,4,5,0,0,0,0,1,1,0.7000000000000001,0.0,0.0010380740242150023,498000.0
10666113,1,0.0,1.0,0.0,0.0,0.0,1.0,0.0,0.0,0.0,0.0,0.0,0.0,0.0,0.0,0.0,1.0,0.0,0.0,0.45204081632653065,0.36363636363636365,0.18181818181818182,0.0,0.1111111111111111,1,2,0,1,0,0,1,1,0.0,0.0,0.004366880303279012,799000.0
10666110,1,0.0,1.0,0.0,0.0,0.0,0.0,0.0,0.0,1.0,0.0,0.0,0.0,0.0,0.0,0.0,0.0,0.0,1.0,0.10816326530612247,0.1818181818181818,0.09090909090909091,0.07142857142857142,0.1111111111111111,1,1,0,0,0,0,1,0,0.0,0.0,0.0002971165935032339,450000.0
10666114,1,0.0,1.0,0.0,0.0,0.0,1.0,0.0,0.0,0.0,0.0,0.0,0.0,0.0,0.0,1.0,0.0,0.0,0.0,0.07551020408163267,0.09090909090909091,0.09090909090909091,0.0,0.0,1,2,0,0,0,0,1,0,0.0,0.0,4.310024658843208e-05,255000.0
10666118,0,0.0,1.0,0.0,1.0,0.0,0.0,0.0,0.0,0.0,0.0,0.0,0.0,0.0,0.0,0.0,0.0,1.0,0.0,0.07857142857142857,0.09090909090909091,0.09090909090909091,0.0,0.0,4,3,1,0,0,0,1,1,0.0,0.02,0.0,194000.0
10666117,1,0.0,1.0,0.0,1.0,0.0,0.0,0.0,0.0,0.0,0.0,0.0,0.0,0.0,0.0,0.0,0.0,0.0,1.0,0.42653061224489797,0.2727272727272727,0.4545454545454546,0.0,0.1111111111111111,0,2,0,0,1,0,1,0,1.0,0.0,0.0026190277501396174,1750000.0
10666119,1,0.0,1.0,0.0,0.0,0.0,1.0,0.0,0.0,0.0,0.0,0.0,0.0,0.0,0.0,0.0,0.0,0.0,1.0,0.10306122448979593,0.1818181818181818,0.09090909090909091,0.0,0.05555555555555555,5,6,0,0,0,0,0,0,0.0,0.0,0.0005969842665759421,199000.0
10666116,0,0.0,1.0,0.0,1.0,0.0,0.0,0.0,0.0,0.0,0.0,0.0,0.0,0.0,0.0,0.0,0.0,0.0,1.0,0.07653061224489796,0.09090909090909091,0.09090909090909091,0.0,0.0,1,2,1,0,0,0,1,0,0.0,0.0,0.0,249000.0
10666115,0,0.0,1.0,0.0,1.0,0.0,0.0,0.0,0.0,0.0,0.0,0.0,0.0,0.0,0.0,0.0,0.0,0.0,1.0,0.14081632653061227,0.1818181818181818,0.2727272727272727,0.0,0.0,0,0,0,0,0,0,0,1,0.0,0.05,0.0,439000.0
10666121,1,0.0,1.0,0.0,0.0,0.0,0.0,0.0,0.0,1.0,0.0,0.0,0.0,0.0,0.0,0.0,0.0,0.0,1.0,0.176530612244898,0.2727272727272727,0.09090909090909091,0.07142857142857142,0.1111111111111111,4,3,0,0,0,0,1,0,0.0,0.0,0.000758380934651773,299000.0
10666126,0,0.0,1.0,0.0,0.0,0.0,0.0,0.0,0.0,0.0,0.0,0.0,0.0,0.0,1.0,0.0,0.0,0.0,1.0,0.08469387755102042,0.09090909090909091,0.09090909090909091,0.0,0.05555555555555555,3,2,0,0,0,0,1,0,0.008,0.0,0.0,275000.0
10666122,1,0.0,1.0,0.0,1.0,0.0,0.0,0.0,0.0,0.0,0.0,0.0,0.0,0.0,0.0,0.0,0.0,0.0,1.0,0.176530612244898,0.1818181818181818,0.09090909090909091,0.0,0.05555555555555555,5,4,0,0,0,0,1,0,0.0,0.0,0.0003695616888327261,349000.0
10666125,0,0.0,1.0,0.0,0.0,0.0,1.0,0.0,0.0,0.0,0.0,0.0,0.0,0.0,0.0,1.0,0.0,0.0,0.0,0.1285714285714286,0.1818181818181818,0.18181818181818182,0.0,0.0,1,2,1,0,0,0,0,1,0.0,0.0,0.0,425000.0
10666134,1,0.0,1.0,0.0,0.0,0.0,1.0,0.0,0.0,0.0,0.0,0.0,0.0,0.0,0.0,0.0,1.0,0.0,0.0,0.10714285714285715,0.1818181818181818,0.09090909090909091,0.0,0.05555555555555555,5,4,0,0,0,0,0,1,0.0,0.0,0.00015497748241372387,287500.0
10666139,1,0.0,0.0,1.0,0.0,0.0,0.0,0.0,0.0,0.0,0.0,0.0,0.0,1.0,0.0,0.0,0.0,0.0,1.0,0.2857142857142857,0.4545454545454545,0.18181818181818182,0.07142857142857142,0.05555555555555555,6,7,0,0,0,0,0,0,0.0,0.0,0.01341701506032659,995000.0
10666143,1,0.0,0.0,1.0,0.0,0.0,0.0,0.0,0.0,0.0,0.0,0.0,0.0,1.0,0.0,0.0,0.0,0.0,1.0,0.07551020408163267,0.1818181818181818,0.09090909090909091,0.0,0.05555555555555555,5,7,0,0,0,0,1,0,0.0,0.0,0.0006520058579654299,225000.0
10666138,1,0.0,1.0,0.0,0.0,0.0,0.0,0.0,0.0,0.0,0.0,0.0,0.0,0.0,1.0,0.0,0.0,0.0,1.0,0.1653061224489796,0.1818181818181818,0.09090909090909091,0.0,0.1111111111111111,4,3,0,0,0,0,1,1,0.0,0.0,0.000489692163366441,299000.0
10666140,1,0.0,0.0,1.0,0.0,0.0,0.0,0.0,0.0,0.0,0.0,0.0,0.0,1.0,0.0,0.0,0.0,0.0,1.0,0.3469387755102041,0.36363636363636365,0.0,0.14285714285714285,0.2777777777777778,1,5,0,0,0,0,1,1,1.0,0.0,0.0012609114693424277,1475000.0
10666137,1,0.0,1.0,0.0,1.0,0.0,0.0,0.0,0.0,0.0,0.0,0.0,0.0,0.0,0.0,0.0,0.0,0.0,1.0,0.09081632653061225,0.1818181818181818,0.09090909090909091,0.0,0.0,5,6,0,0,0,0,1,0,0.0,0.0,0.0004979454020748643,264000.0
10666154,1,0.0,1.0,0.0,0.0,0.0,1.0,0.0,0.0,0.0,0.0,0.0,0.0,0.0,0.0,1.0,0.0,0.0,0.0,0.22346938775510206,0.2727272727272727,0.0,0.0,0.0,0,4,0,0,0,0,1,0,0.0,0.0,0.00015406045589056572,635000.0
10666145,1,0.0,1.0,0.0,0.0,0.0,1.0,0.0,0.0,0.0,0.0,0.0,0.0,0.0,0.0,0.0,0.0,0.0,1.0,0.15306122448979595,0.1818181818181818,0.09090909090909091,0.0,0.05555555555555555,0,0,0,0,0,0,1,0,0.0,0.0,0.0003429679196611404,340000.0
10666147,1,0.0,1.0,0.0,0.0,0.0,0.0,0.0,0.0,0.0,0.0,0.0,0.0,0.0,1.0,0.0,0.0,1.0,0.0,0.15306122448979595,0.2727272727272727,0.09090909090909091,0.0,0.1111111111111111,1,4,0,0,0,0,0,1,0.0,0.0,0.00018340530463162587,279000.0
10666150,1,0.0,1.0,0.0,1.0,0.0,0.0,0.0,0.0,0.0,0.0,0.0,0.0,0.0,0.0,0.0,0.0,1.0,0.0,0.163265306122449,0.1818181818181818,0.09090909090909091,0.0,0.0,5,6,0,0,0,0,1,1,0.06,0.2,0.0001467242437053007,299900.0
10535090,1,0.0,1.0,0.0,1.0,0.0,0.0,0.0,0.0,0.0,0.0,0.0,0.0,0.0,0.0,0.0,0.0,1.0,0.0,0.1785714285714286,0.1818181818181818,0.0,0.0,0.0,4,6,0,0,0,0,0,0,0.0,0.0,0.0004585132615790647,234000.0
10666163,0,0.0,1.0,0.0,0.0,0.0,0.0,0.0,0.0,0.0,0.0,0.0,0.0,0.0,1.0,0.0,0.0,1.0,0.0,0.05612244897959184,0.0,0.0,0.0,0.05555555555555555,2,4,0,0,0,0,0,1,0.0,0.3,0.0,229900.0
10666174,0,0.0,1.0,0.0,0.0,0.0,0.0,1.0,0.0,0.0,0.0,0.0,0.0,0.0,0.0,1.0,0.0,0.0,0.0,0.00816326530612245,0.0,0.09090909090909091,0.0,0.05555555555555555,0,0,1,0,0,0,0,0,0.0,0.0,0.0,190000.0
10666175,1,0.0,1.0,0.0,0.0,0.0,0.0,0.0,0.0,0.0,0.0,0.0,0.0,0.0,1.0,0.0,1.0,0.0,0.0,0.3836734693877551,0.1818181818181818,0.09090909090909091,0.0,0.0,5,5,0,0,0,0,0,0,0.0,0.0,0.002734573092057542,439000.0
10666162,1,0.0,1.0,0.0,1.0,0.0,0.0,0.0,0.0,0.0,0.0,0.0,0.0,0.0,0.0,0.0,0.0,0.0,1.0,0.12244897959183676,0.1818181818181818,0.09090909090909091,0.0,0.1111111111111111,1,3,0,0,0,0,1,1,0.0,0.24,0.0,369000.0
10666176,1,0.0,1.0,0.0,0.0,0.0,1.0,0.0,0.0,0.0,0.0,0.0,0.0,0.0,0.0,0.0,0.0,0.0,1.0,0.16836734693877553,0.36363636363636365,0.18181818181818182,0.0,0.0,0,1,0,0,0,0,0,1,0.0,0.0,0.0002155012329421604,375000.0
10666179,1,0.0,1.0,0.0,1.0,0.0,0.0,0.0,0.0,0.0,0.0,0.0,0.0,0.0,0.0,0.0,0.0,0.0,1.0,0.18673469387755104,0.1818181818181818,0.09090909090909091,0.0,0.1111111111111111,0,1,0,0,0,0,1,0,0.0,0.0,0.00045484515548643216,625000.0
10666178,0,0.0,1.0,0.0,1.0,0.0,0.0,0.0,0.0,0.0,0.0,0.0,0.0,0.0,0.0,0.0,0.0,0.0,1.0,0.13367346938775512,0.1818181818181818,0.09090909090909091,0.0,0.1111111111111111,0,2,0,0,0,0,1,1,0.0,0.0,0.0,348000.0
10666180,1,0.0,1.0,0.0,1.0,0.0,0.0,0.0,0.0,0.0,0.0,0.0,0.0,0.0,0.0,0.0,0.0,0.0,1.0,0.2163265306122449,0.1818181818181818,0.09090909090909091,0.0,0.05555555555555555,5,6,0,0,0,0,0,1,0.0,0.0,0.0008574197991528509,365000.0
10666177,1,0.0,1.0,0.0,0.0,0.0,1.0,0.0,0.0,0.0,0.0,0.0,0.0,0.0,0.0,0.0,0.0,0.0,1.0,0.16836734693877553,0.36363636363636365,0.18181818181818182,0.0,0.1111111111111111,0,1,0,0,0,0,1,0,0.0,0.0,0.0002155012329421604,445000.0
10666182,1,0.0,1.0,0.0,0.0,0.0,0.0,0.0,0.0,1.0,0.0,0.0,0.0,0.0,0.0,0.0,0.0,1.0,0.0,0.15306122448979595,0.1818181818181818,0.09090909090909091,0.0,0.0,0,2,0,0,0,0,0,1,0.0,0.0,0.018395552054552074,285000.0
10666183,1,0.0,1.0,0.0,0.0,0.0,0.0,0.0,0.0,1.0,0.0,0.0,0.0,0.0,0.0,0.0,0.0,1.0,0.0,0.3948979591836735,0.09090909090909091,0.09090909090909091,0.0,0.1111111111111111,0,2,0,0,0,0,0,1,0.0,0.0,0.0001971607024789978,699000.0
10666184,1,0.0,1.0,0.0,0.0,0.0,0.0,0.0,0.0,1.0,0.0,0.0,0.0,0.0,0.0,0.0,0.0,1.0,0.0,0.2663265306122449,0.1818181818181818,0.09090909090909091,0.0,0.0,0,3,0,0,0,0,0,1,0.0,0.0,0.00020174583509478846,524900.0
10666188,0,0.0,1.0,0.0,0.0,0.0,0.0,0.0,0.0,1.0,0.0,0.0,0.0,0.0,0.0,0.0,0.0,1.0,0.0,0.1275510204081633,0.1818181818181818,0.09090909090909091,0.0,0.0,0,0,1,0,0,0,0,0,0.0,0.0,0.0,385000.0
10666186,1,0.0,1.0,0.0,0.0,0.0,0.0,0.0,0.0,1.0,0.0,0.0,0.0,0.0,0.0,0.0,0.0,1.0,0.0,0.1785714285714286,0.09090909090909091,0.09090909090909091,0.0,0.05555555555555555,5,4,0,0,0,0,0,1,0.0,0.0,7.794725446844099e-05,239000.0
10666187,1,0.0,1.0,0.0,0.0,0.0,0.0,1.0,0.0,0.0,0.0,0.0,0.0,0.0,0.0,0.0,0.0,0.0,1.0,0.1642857142857143,0.1818181818181818,0.09090909090909091,0.0,0.0,5,6,0,0,0,0,0,0,0.0,0.0,0.0004126619354211582,149000.0
10666192,0,0.0,1.0,0.0,0.0,0.0,0.0,0.0,0.0,0.0,0.0,0.0,0.0,0.0,1.0,0.0,0.0,0.0,1.0,0.07551020408163267,0.09090909090909091,0.09090909090909091,0.0,0.05555555555555555,0,1,0,0,0,0,0,1,0.0,0.0,0.0,235000.0
10666194,1,0.0,1.0,0.0,0.0,0.0,0.0,0.0,0.0,0.0,0.0,0.0,0.0,0.0,1.0,0.0,0.0,0.0,1.0,0.15612244897959185,0.1818181818181818,0.18181818181818182,0.0,0.1111111111111111,4,4,0,0,0,0,0,1,0.0,0.0,0.0002613525591000669,249000.0
10666196,0,0.0,1.0,0.0,1.0,0.0,0.0,0.0,0.0,0.0,0.0,0.0,0.0,0.0,0.0,0.0,0.0,1.0,0.0,0.05816326530612246,0.09090909090909091,0.0,0.0,0.0,3,0,1,0,0,0,0,1,0.0,0.0,0.0,180000.0
10666193,1,0.0,1.0,0.0,0.0,0.0,0.0,0.0,0.0,0.0,0.0,0.0,0.0,0.0,1.0,0.0,0.0,0.0,1.0,0.1142857142857143,0.09090909090909091,0.09090909090909091,0.0,0.05555555555555555,0,6,0,1,0,0,0,0,0.0,0.0,0.003708455259651475,470000.0
10666198,1,0.0,1.0,0.0,0.0,0.0,1.0,0.0,0.0,0.0,0.0,0.0,0.0,0.0,0.0,0.0,0.0,1.0,0.0,0.2836734693877551,0.2727272727272727,0.09090909090909091,0.0,0.1111111111111111,0,4,0,0,0,0,0,1,0.0,0.0,0.0002879463282716526,435000.0
10666203,1,0.0,0.0,1.0,0.0,0.0,0.0,0.0,1.0,0.0,0.0,0.0,0.0,0.0,0.0,0.0,0.0,0.0,1.0,0.1969387755102041,0.1818181818181818,0.18181818181818182,0.0,0.1111111111111111,0,0,0,0,0,0,0,0,0.0,0.0,0.0002751079569474388,469272.0
10666204,1,0.0,0.0,1.0,0.0,0.0,0.0,0.0,1.0,0.0,0.0,0.0,0.0,0.0,0.0,0.0,1.0,0.0,0.0,0.1479591836734694,0.1818181818181818,0.09090909090909091,0.0,0.1111111111111111,0,0,0,0,0,0,0,0,0.0,0.0,0.0018569787093952119,454777.0
10666202,1,0.0,0.0,1.0,0.0,0.0,0.0,0.0,1.0,0.0,0.0,0.0,0.0,0.0,0.0,0.0,0.0,0.0,1.0,0.1785714285714286,0.1818181818181818,0.09090909090909091,0.0,0.1111111111111111,0,0,0,0,0,0,0,0,0.0,0.0,0.0007207828472022897,454945.0
10666205,1,0.0,0.0,1.0,0.0,0.0,0.0,0.0,1.0,0.0,0.0,0.0,0.0,0.0,0.0,0.0,1.0,0.0,0.0,0.15816326530612246,0.1818181818181818,0.09090909090909091,0.0,0.1111111111111111,0,0,0,0,0,0,0,0,0.0,0.0,0.0008473325073981115,460970.0
10666206,1,0.0,1.0,0.0,0.0,0.0,1.0,0.0,0.0,0.0,0.0,0.0,0.0,0.0,0.0,0.0,0.0,0.0,1.0,0.1489795918367347,0.1818181818181818,0.09090909090909091,0.0,0.1111111111111111,0,0,0,0,0,0,0,0,0.0,0.0,0.0011288596500076571,479414.0
10666207,1,0.0,1.0,0.0,0.0,0.0,1.0,0.0,0.0,0.0,0.0,0.0,0.0,0.0,0.0,0.0,0.0,1.0,0.0,0.19183673469387758,0.1818181818181818,0.09090909090909091,0.0,0.1111111111111111,0,0,0,0,0,0,0,0,0.0,0.0,0.0008601708787223253,534415.0
10666208,1,0.0,1.0,0.0,0.0,0.0,0.0,0.0,0.0,0.0,0.0,0.0,0.0,0.0,1.0,0.0,0.0,1.0,0.0,0.1653061224489796,0.2727272727272727,0.18181818181818182,0.0,0.1111111111111111,0,0,0,0,0,0,0,0,0.0,0.0,0.00035122115836956353,491357.0
10666209,1,0.0,1.0,0.0,0.0,0.0,0.0,0.0,0.0,0.0,0.0,0.0,0.0,0.0,1.0,0.0,0.0,0.0,1.0,0.1785714285714286,0.1818181818181818,0.09090909090909091,0.0,0.1111111111111111,0,0,0,0,0,0,0,0,0.0,0.0,0.0007262850063412384,507661.0
10666210,1,0.0,1.0,0.0,0.0,0.0,0.0,1.0,0.0,0.0,0.0,0.0,0.0,0.0,0.0,0.0,0.0,1.0,0.0,0.1469387755102041,0.1818181818181818,0.09090909090909091,0.0,0.1111111111111111,0,0,0,0,0,0,0,0,0.0,0.0,0.0013920462621540403,754339.0
10666214,1,0.0,1.0,0.0,0.0,0.0,0.0,1.0,0.0,0.0,0.0,0.0,0.0,0.0,0.0,0.0,0.0,0.0,1.0,0.14285714285714288,0.1818181818181818,0.09090909090909091,0.0,0.1111111111111111,0,0,0,0,0,0,0,0,0.0,0.0,0.00036681060926325174,597319.0
10666213,1,0.0,1.0,0.0,0.0,0.0,1.0,0.0,0.0,0.0,0.0,0.0,0.0,0.0,0.0,0.0,0.0,0.0,1.0,0.1653061224489796,0.2727272727272727,0.18181818181818182,0.0,0.1111111111111111,0,0,0,0,0,0,1,0,0.0,0.0,0.0013012606363613855,674717.0
10666211,1,0.0,1.0,0.0,0.0,0.0,0.0,0.0,0.0,0.0,0.0,0.0,0.0,0.0,1.0,0.0,0.0,0.0,1.0,0.19081632653061226,0.1818181818181818,0.09090909090909091,0.0,0.1111111111111111,0,0,0,0,0,0,0,0,0.0,0.0,0.0009188605762044456,596531.0
10666212,1,0.0,1.0,0.0,0.0,0.0,1.0,0.0,0.0,0.0,0.0,0.0,0.0,0.0,0.0,0.0,0.0,0.0,1.0,0.2428571428571429,0.1818181818181818,0.09090909090909091,0.0,0.1111111111111111,0,0,0,0,0,0,0,0,0.0,0.0,0.0016809096169488511,790088.0
10666215,1,0.0,1.0,0.0,0.0,0.0,0.0,1.0,0.0,0.0,0.0,0.0,0.0,0.0,0.0,0.0,0.0,0.0,1.0,0.22959183673469388,0.2727272727272727,0.09090909090909091,0.0,0.1111111111111111,0,0,0,0,0,0,0,0,0.0,0.0,0.0007317871654801872,845769.0
10666217,1,0.0,1.0,0.0,0.0,0.0,0.0,1.0,0.0,0.0,0.0,0.0,0.0,0.0,0.0,0.0,0.0,0.0,1.0,0.2428571428571429,0.1818181818181818,0.09090909090909091,0.0,0.1111111111111111,0,0,0,0,0,0,0,0,0.0,0.0,0.0005043645877369712,578078.0
10666216,1,0.0,1.0,0.0,0.0,0.0,0.0,1.0,0.0,0.0,0.0,0.0,0.0,0.0,0.0,0.0,0.0,1.0,0.0,0.16734693877551024,0.1818181818181818,0.09090909090909091,0.0,0.1111111111111111,0,0,0,0,0,0,0,0,0.0,0.0,0.00038515113972641433,606576.0
10666219,1,0.0,1.0,0.0,0.0,0.0,0.0,1.0,0.0,0.0,0.0,0.0,0.0,0.0,0.0,0.0,0.0,0.0,1.0,0.16734693877551024,0.1818181818181818,0.09090909090909091,0.0,0.1111111111111111,0,0,0,0,0,0,0,0,0.0,0.0,0.00019440962290952343,504582.0
10666218,1,0.0,1.0,0.0,0.0,0.0,0.0,1.0,0.0,0.0,0.0,0.0,0.0,0.0,0.0,0.0,0.0,0.0,1.0,0.15816326530612246,0.1818181818181818,0.09090909090909091,0.0,0.1111111111111111,0,0,0,0,0,0,0,0,0.0,0.0,0.0004154130149906326,518270.0
10666220,1,0.0,0.0,1.0,0.0,0.0,0.0,0.0,1.0,0.0,0.0,0.0,0.0,0.0,0.0,0.0,0.0,0.0,1.0,0.17244897959183675,0.1818181818181818,0.09090909090909091,0.0,0.1111111111111111,0,0,0,0,0,0,0,0,0.0,0.0,0.0008253238708423164,504420.0
10666221,1,0.0,0.0,1.0,0.0,0.0,0.0,0.0,1.0,0.0,0.0,0.0,0.0,0.0,0.0,0.0,0.0,0.0,1.0,0.25612244897959185,0.1818181818181818,0.18181818181818182,0.0,0.16666666666666666,0,0,0,0,0,0,0,0,0.0,0.0,0.0026107745114311944,670948.0
10666222,1,0.0,0.0,1.0,0.0,0.0,0.0,0.0,1.0,0.0,0.0,0.0,0.0,0.0,0.0,0.0,0.0,1.0,0.0,0.1969387755102041,0.1818181818181818,0.18181818181818182,0.0,0.1111111111111111,0,0,0,0,0,0,0,0,0.0,0.0,0.001375539784737194,572412.0
10666223,1,0.0,0.0,1.0,0.0,0.0,0.0,0.0,1.0,0.0,0.0,0.0,0.0,0.0,0.0,0.0,0.0,0.0,1.0,0.17244897959183675,0.1818181818181818,0.09090909090909091,0.0,0.1111111111111111,0,0,0,0,0,0,0,0,0.0,0.0,0.002409028676336406,518745.0
10666227,1,0.0,1.0,0.0,0.0,0.0,0.0,0.0,0.0,0.0,0.0,0.0,0.0,0.0,1.0,0.0,0.0,0.0,1.0,0.09183673469387757,0.1818181818181818,0.09090909090909091,0.0,0.05555555555555555,4,6,0,0,0,0,1,0,0.0,0.0,0.0,225000.0
10666224,1,0.0,0.0,1.0,0.0,0.0,0.0,0.0,1.0,0.0,0.0,0.0,0.0,0.0,0.0,0.0,0.0,0.0,1.0,0.11224489795918369,0.1818181818181818,0.09090909090909091,0.0,0.1111111111111111,0,0,0,0,0,0,0,0,0.0,0.0,0.0006272461418401604,441493.0
10666226,0,0.0,1.0,0.0,0.0,0.0,0.0,0.0,0.0,0.0,0.0,0.0,0.0,0.0,1.0,0.0,0.0,0.0,1.0,0.25918367346938775,0.1818181818181818,0.18181818181818182,0.0,0.16666666666666666,1,3,1,0,0,0,0,1,0.0,0.0,0.0,3095000.0
10666228,1,0.0,1.0,0.0,0.0,0.0,0.0,0.0,0.0,0.0,0.0,0.0,0.0,0.0,1.0,0.0,0.0,1.0,0.0,0.22142857142857145,0.36363636363636365,0.36363636363636365,0.0,0.2222222222222222,0,2,0,0,0,0,0,1,0.0,0.0,0.00021733528598847667,439000.0
10666241,0,0.0,1.0,0.0,0.0,0.0,0.0,1.0,0.0,0.0,0.0,0.0,0.0,0.0,0.0,1.0,0.0,0.0,0.0,0.04489795918367347,0.09090909090909091,0.09090909090909091,0.0,0.05555555555555555,3,3,1,0,0,0,0,0,0.0,0.0,0.0,280000.0
10666239,0,0.0,1.0,0.0,1.0,0.0,0.0,0.0,0.0,0.0,0.0,0.0,0.0,0.0,0.0,0.0,0.0,1.0,0.0,0.0979591836734694,0.09090909090909091,0.09090909090909091,0.0,0.1111111111111111,1,2,0,0,0,0,0,1,0.0,0.0,0.0,265000.0
10666242,0,0.0,1.0,0.0,0.0,0.0,0.0,1.0,0.0,0.0,0.0,0.0,0.0,0.0,0.0,1.0,0.0,0.0,0.0,0.034693877551020415,0.0,0.09090909090909091,0.0,0.0,0,2,1,0,0,0,0,1,0.0,0.05,0.0,298000.0
10666243,0,0.0,1.0,0.0,0.0,0.0,0.0,0.0,0.0,0.0,0.0,0.0,0.0,0.0,1.0,0.0,0.0,0.0,1.0,0.07959183673469389,0.1818181818181818,0.09090909090909091,0.0,0.05555555555555555,1,2,0,0,0,0,1,1,0.0,0.0,0.0,180000.0
10666244,1,0.0,0.0,1.0,0.0,0.0,0.0,0.0,0.0,0.0,0.0,0.0,0.0,1.0,0.0,0.0,0.0,0.0,1.0,0.1836734693877551,0.2727272727272727,0.09090909090909091,0.0,0.0,4,5,0,0,0,0,1,0,0.0,0.0,0.000893183833556018,265000.0
10666254,1,0.0,1.0,0.0,1.0,0.0,0.0,0.0,0.0,0.0,0.0,0.0,0.0,0.0,0.0,0.0,0.0,0.0,1.0,0.25204081632653064,0.36363636363636365,0.09090909090909091,0.0,0.0,0,4,0,0,0,0,1,0,0.0,0.0,0.0002503482408221693,397000.0
10666253,0,0.0,1.0,0.0,1.0,0.0,0.0,0.0,0.0,0.0,0.0,0.0,0.0,0.0,0.0,0.0,0.0,0.0,1.0,0.05204081632653062,0.09090909090909091,0.0,0.0,0.0,0,2,0,0,0,0,0,0,0.0,0.0,0.0,155000.0
10666257,1,0.0,1.0,0.0,0.0,0.0,0.0,0.0,0.0,0.0,0.0,0.0,0.0,0.0,1.0,0.0,0.0,1.0,0.0,0.21020408163265308,0.2727272727272727,0.09090909090909091,0.0,0.0,0,4,0,0,0,0,1,0,0.0,0.0,0.006162418235622629,845000.0
10666261,1,0.0,1.0,0.0,0.0,0.0,0.0,0.0,0.0,1.0,0.0,0.0,0.0,0.0,0.0,0.0,0.0,0.0,1.0,0.1326530612244898,0.1818181818181818,0.09090909090909091,0.0,0.0,0,5,0,0,0,0,1,1,0.0,0.21,0.0,269950.0
10666255,1,0.0,1.0,0.0,0.0,0.0,1.0,0.0,0.0,0.0,0.0,0.0,0.0,0.0,0.0,0.0,0.0,0.0,1.0,0.18469387755102043,0.1818181818181818,0.09090909090909091,0.0,0.05555555555555555,5,6,0,0,0,0,1,1,0.0,0.0,0.0013067627955003344,419000.0
10666266,0,0.0,1.0,0.0,0.0,0.0,1.0,0.0,0.0,0.0,0.0,0.0,0.0,0.0,0.0,1.0,0.0,0.0,0.0,0.0673469387755102,0.09090909090909091,0.09090909090909091,0.0,0.0,4,4,0,0,0,0,0,0,0.0,0.0,0.0,199000.0
10666265,1,0.0,1.0,0.0,0.0,0.0,1.0,0.0,0.0,0.0,0.0,0.0,0.0,0.0,0.0,0.0,1.0,0.0,0.0,0.16632653061224492,0.36363636363636365,0.09090909090909091,0.0,0.0,4,3,0,0,0,0,0,0,0.0,0.0,6.419185662106905e-05,339000.0
10666262,1,0.0,1.0,0.0,0.0,0.0,0.0,1.0,0.0,0.0,0.0,0.0,0.0,0.0,0.0,0.0,0.0,1.0,0.0,0.18775510204081636,0.09090909090909091,0.09090909090909091,0.0,0.05555555555555555,5,4,0,0,0,0,0,0,0.0,0.0,0.00015956261502951451,235000.0
10666278,0,1.0,0.0,0.0,0.0,1.0,0.0,0.0,0.0,0.0,0.0,0.0,0.0,0.0,0.0,0.0,0.0,0.0,1.0,0.14285714285714288,0.09090909090909091,0.09090909090909091,0.0,0.1111111111111111,1,2,1,0,0,0,0,1,0.0,0.4,0.0,620000.0
10666277,0,1.0,0.0,0.0,0.0,1.0,0.0,0.0,0.0,0.0,0.0,0.0,0.0,0.0,0.0,0.0,1.0,0.0,0.0,0.07653061224489796,0.09090909090909091,0.09090909090909091,0.0,0.05555555555555555,1,5,1,0,0,0,0,1,0.0,0.08,0.0,245000.0
10666267,0,0.0,1.0,0.0,0.0,0.0,1.0,0.0,0.0,0.0,0.0,0.0,0.0,0.0,0.0,0.0,1.0,0.0,0.0,0.0673469387755102,0.09090909090909091,0.09090909090909091,0.0,0.0,4,4,0,0,0,0,0,0,0.0,0.0,0.0,199000.0
10666282,1,0.0,0.0,1.0,0.0,0.0,0.0,0.0,0.0,0.0,0.0,0.0,1.0,0.0,0.0,1.0,0.0,0.0,0.0,0.10204081632653061,0.1818181818181818,0.09090909090909091,0.07142857142857142,0.1111111111111111,5,0,0,1,0,0,1,1,1.0,0.4,0.001190300427059252,145000.0
10666289,1,0.0,0.0,1.0,0.0,0.0,0.0,0.0,0.0,0.0,0.0,0.0,1.0,0.0,0.0,0.0,0.0,0.0,1.0,0.20408163265306126,0.2727272727272727,0.18181818181818182,0.0,0.1111111111111111,4,4,0,1,0,0,1,1,1.0,0.6,0.004585132615790646,399000.0
10666283,1,0.0,0.0,1.0,0.0,0.0,0.0,0.0,0.0,0.0,0.0,0.0,1.0,0.0,0.0,0.0,1.0,0.0,0.0,0.19387755102040818,0.1818181818181818,0.09090909090909091,0.07142857142857142,0.1111111111111111,0,3,0,1,0,0,1,1,1.0,0.8,0.011690254117219833,700000.0
10666290,1,0.0,0.0,1.0,0.0,0.0,0.0,0.0,0.0,0.0,0.0,0.0,1.0,0.0,0.0,0.0,0.0,1.0,0.0,0.18775510204081636,0.1818181818181818,0.18181818181818182,0.0,0.16666666666666666,0,5,0,1,0,0,1,1,1.0,0.4,0.004708931196416994,425000.0
10666284,1,0.0,0.0,1.0,0.0,0.0,0.0,0.0,0.0,0.0,0.0,0.0,1.0,0.0,0.0,0.0,1.0,0.0,0.0,0.14489795918367349,0.1818181818181818,0.09090909090909091,0.0,0.05555555555555555,3,7,0,1,0,0,0,1,0.0,0.27,0.0,189000.0
10666292,1,0.0,0.0,1.0,0.0,0.0,0.0,0.0,0.0,0.0,0.0,0.0,1.0,0.0,0.0,0.0,0.0,0.0,1.0,0.11734693877551022,0.2727272727272727,0.09090909090909091,0.0,0.1111111111111111,4,7,0,1,0,0,1,1,1.0,0.3,0.0015140107897340716,250000.0
10666296,1,0.0,0.0,1.0,0.0,0.0,0.0,0.0,0.0,0.0,0.0,0.0,1.0,0.0,0.0,0.0,0.0,0.0,1.0,0.11734693877551022,0.2727272727272727,0.09090909090909091,0.0,0.1111111111111111,4,7,0,1,0,0,1,1,1.0,0.3,0.0015140107897340716,250000.0
10666291,1,0.0,0.0,1.0,0.0,0.0,0.0,0.0,0.0,0.0,0.0,0.0,1.0,0.0,0.0,0.0,1.0,0.0,0.0,0.10408163265306122,0.1818181818181818,0.09090909090909091,0.0,0.1111111111111111,0,0,0,1,0,0,1,0,0.81,0.0,0.0008069833403791538,259000.0
10666298,1,0.0,0.0,1.0,0.0,0.0,0.0,0.0,0.0,0.0,0.0,0.0,1.0,0.0,0.0,0.0,1.0,0.0,0.0,0.19387755102040818,0.1818181818181818,0.09090909090909091,0.07142857142857142,0.1111111111111111,0,3,0,1,0,0,1,1,1.0,0.8,0.011690254117219833,700000.0
10666299,1,0.0,0.0,1.0,0.0,0.0,0.0,0.0,0.0,0.0,0.0,0.0,1.0,0.0,0.0,0.0,1.0,0.0,0.0,0.19387755102040818,0.1818181818181818,0.09090909090909091,0.07142857142857142,0.1111111111111111,0,3,0,1,0,0,1,1,1.0,0.8,0.011690254117219833,700000.0
10666293,1,0.0,0.0,1.0,0.0,0.0,0.0,0.0,0.0,0.0,0.0,0.0,1.0,0.0,0.0,0.0,0.0,0.0,1.0,0.2142857142857143,0.4545454545454545,0.2727272727272727,0.0,0.16666666666666666,0,3,0,1,0,0,1,1,1.0,0.2,0.0026694642089133145,375000.0
10666307,0,1.0,0.0,0.0,0.0,1.0,0.0,0.0,0.0,0.0,0.0,0.0,0.0,0.0,0.0,0.0,0.0,0.0,1.0,0.2285714285714286,0.36363636363636365,0.2727272727272727,0.0,0.2222222222222222,1,6,0,0,0,0,0,1,0.0,0.05,0.0,840000.0
10666300,1,0.0,0.0,1.0,0.0,0.0,0.0,0.0,0.0,0.0,0.0,0.0,1.0,0.0,0.0,0.0,1.0,0.0,0.0,0.14489795918367349,0.1818181818181818,0.09090909090909091,0.0,0.05555555555555555,3,7,0,1,0,0,0,1,0.0,0.27,0.0,189000.0
10666308,0,1.0,0.0,0.0,0.0,1.0,0.0,0.0,0.0,0.0,0.0,0.0,0.0,0.0,0.0,0.0,1.0,0.0,0.0,0.08673469387755103,0.09090909090909091,0.09090909090909091,0.0,0.1111111111111111,2,7,1,0,0,0,0,1,0.0,0.08,0.0,570000.0
10666312,1,1.0,0.0,0.0,0.0,1.0,0.0,0.0,0.0,0.0,0.0,0.0,0.0,0.0,0.0,0.0,0.0,0.0,1.0,0.2285714285714286,0.36363636363636365,0.2727272727272727,0.21428571428571427,0.2222222222222222,1,6,0,0,0,0,0,1,0.0,0.05,0.0,840000.0
10666309,1,1.0,0.0,0.0,0.0,1.0,0.0,0.0,0.0,0.0,0.0,0.0,0.0,0.0,0.0,0.0,1.0,0.0,0.0,0.4775510204081633,0.6363636363636364,0.36363636363636365,1.0,0.1111111111111111,3,5,0,0,0,0,1,1,0.128,0.0,0.00027969308956322947,1400000.0
10666301,1,0.0,0.0,1.0,0.0,0.0,0.0,0.0,0.0,0.0,0.0,0.0,1.0,0.0,0.0,0.0,0.0,1.0,0.0,0.25510204081632654,0.1818181818181818,0.0,0.14285714285714285,0.2222222222222222,0,3,0,1,0,0,0,1,0.0,0.5,0.0,525000.0
10666304,1,0.0,0.0,1.0,0.0,0.0,0.0,0.0,0.0,0.0,0.0,0.0,0.0,1.0,0.0,0.0,0.0,0.0,1.0,0.22448979591836737,0.36363636363636365,0.18181818181818182,0.07142857142857142,0.16666666666666666,3,4,0,1,0,0,1,1,0.47500000000000003,0.3,0.0009170265231581294,599999.0
10666333,1,0.0,1.0,0.0,0.0,0.0,1.0,0.0,0.0,0.0,0.0,0.0,0.0,0.0,0.0,0.0,0.0,0.0,1.0,0.09387755102040818,0.09090909090909091,0.09090909090909091,0.0,0.05555555555555555,4,5,0,0,0,0,0,0,0.0,0.0,0.00023842689602111364,175000.0
10666335,1,0.0,1.0,0.0,0.0,0.0,0.0,1.0,0.0,0.0,0.0,0.0,0.0,0.0,0.0,0.0,0.0,0.0,1.0,0.13367346938775512,0.1818181818181818,0.09090909090909091,0.0,0.1111111111111111,1,0,0,0,0,0,0,1,0.0,0.0,0.0005162859325380268,426974.0
10666313,1,0.0,0.0,1.0,0.0,0.0,0.0,0.0,0.0,0.0,0.0,0.0,1.0,0.0,0.0,0.0,0.0,0.0,1.0,0.21938775510204084,0.36363636363636365,0.18181818181818182,0.14285714285714285,0.1111111111111111,1,3,0,0,1,0,1,1,1.0,1.0,0.022326844759330975,950000.0
10666336,1,0.0,1.0,0.0,0.0,0.0,0.0,1.0,0.0,0.0,0.0,0.0,0.0,0.0,0.0,0.0,0.0,1.0,0.0,0.17448979591836736,0.1818181818181818,0.09090909090909091,0.0,0.1111111111111111,1,0,0,0,0,0,0,1,0.0,0.0,0.0004493429963474834,508496.0
10666334,0,1.0,0.0,0.0,0.0,1.0,0.0,0.0,0.0,0.0,0.0,0.0,0.0,0.0,0.0,0.0,1.0,0.0,0.0,0.07653061224489796,0.09090909090909091,0.09090909090909091,0.07142857142857142,0.0,5,5,1,0,0,0,0,1,0.0,0.05,0.0,200000.0
10666349,1,0.0,1.0,0.0,0.0,0.0,0.0,1.0,0.0,0.0,0.0,0.0,0.0,0.0,0.0,0.0,0.0,1.0,0.0,0.14489795918367349,0.2727272727272727,0.09090909090909091,0.07142857142857142,0.1111111111111111,1,3,0,0,0,0,1,1,0.171,0.4,0.00031454009744323835,469000.0
10666348,0,1.0,0.0,0.0,0.0,1.0,0.0,0.0,0.0,0.0,0.0,0.0,0.0,0.0,0.0,0.0,0.0,1.0,0.0,0.05510204081632653,0.09090909090909091,0.09090909090909091,0.07142857142857142,0.05555555555555555,5,5,1,0,0,0,0,1,0.0,0.17,0.0,240000.0
10666347,0,1.0,0.0,0.0,0.0,1.0,0.0,0.0,0.0,0.0,0.0,0.0,0.0,0.0,0.0,0.0,0.0,1.0,0.0,0.09693877551020408,0.1818181818181818,0.09090909090909091,0.0,0.05555555555555555,5,4,1,0,0,0,0,1,0.0,0.09,0.0,299000.0
10666352,1,1.0,0.0,0.0,0.0,1.0,0.0,0.0,0.0,0.0,0.0,0.0,0.0,0.0,0.0,0.0,1.0,0.0,0.0,0.14489795918367349,0.2727272727272727,0.09090909090909091,0.07142857142857142,0.1111111111111111,1,6,0,0,0,0,1,1,0.171,0.4,0.00031454009744323835,469000.0
10666354,1,0.0,1.0,0.0,0.0,0.0,1.0,0.0,0.0,0.0,0.0,0.0,0.0,0.0,0.0,0.0,0.0,1.0,0.0,0.11224489795918369,0.2727272727272727,0.09090909090909091,0.0,0.0,3,3,0,0,0,0,0,1,0.0,0.0,0.00020357988814110472,325000.0
10666355,1,0.0,1.0,0.0,1.0,0.0,0.0,0.0,0.0,0.0,0.0,0.0,0.0,0.0,0.0,0.0,0.0,0.0,1.0,0.17346938775510207,0.2727272727272727,0.18181818181818182,0.0,0.0,1,3,0,0,0,0,0,1,0.0,0.0,0.00030536983221165706,595000.0
10666356,0,1.0,0.0,0.0,0.0,1.0,0.0,0.0,0.0,0.0,0.0,0.0,0.0,0.0,0.0,0.0,1.0,0.0,0.0,0.08673469387755103,0.1818181818181818,0.09090909090909091,0.0,0.05555555555555555,1,5,0,0,0,0,0,1,0.0,0.04,0.0,285000.0
10666360,0,0.0,1.0,0.0,0.0,0.0,0.0,0.0,0.0,1.0,0.0,0.0,0.0,0.0,0.0,0.0,0.0,1.0,0.0,0.05612244897959184,0.0,0.09090909090909091,0.0,0.0,0,0,1,0,0,0,0,1,0.0,0.07,0.0,278887.0
10666361,1,0.0,1.0,0.0,0.0,0.0,0.0,0.0,0.0,1.0,0.0,0.0,0.0,0.0,0.0,0.0,0.0,1.0,0.0,0.10714285714285715,0.09090909090909091,0.09090909090909091,0.0,0.0,1,0,0,0,0,0,0,1,0.0,0.4,0.0,570000.0
10666365,1,0.0,1.0,0.0,0.0,0.0,0.0,0.0,0.0,1.0,0.0,0.0,0.0,0.0,0.0,0.0,0.0,0.0,1.0,0.1142857142857143,0.09090909090909091,0.18181818181818182,0.0,0.0,1,0,0,0,0,0,0,1,0.0,0.32,0.00024576310820637867,341850.0
10666367,1,0.0,1.0,0.0,1.0,0.0,0.0,0.0,0.0,0.0,0.0,0.0,0.0,0.0,0.0,0.0,0.0,0.0,1.0,0.3795918367346939,0.36363636363636365,0.18181818181818182,0.0,0.0,1,3,0,0,0,0,1,1,1.0,0.0,0.0024851418777585305,1295000.0
10666366,1,0.0,1.0,0.0,0.0,0.0,0.0,0.0,0.0,1.0,0.0,0.0,0.0,0.0,0.0,0.0,0.0,0.0,1.0,0.12244897959183676,0.1818181818181818,0.09090909090909091,0.0,0.0,1,0,0,0,0,0,1,0,0.442,0.0,0.00040532572323589316,314936.0
10666371,1,0.0,0.0,1.0,0.0,0.0,0.0,0.0,0.0,0.0,1.0,0.0,0.0,0.0,0.0,0.0,0.0,0.0,1.0,0.17346938775510207,0.1818181818181818,0.09090909090909091,0.0,0.1111111111111111,1,3,0,0,1,0,1,1,1.0,0.0,0.0029253146088744327,700000.0
10666381,0,1.0,0.0,0.0,0.0,1.0,0.0,0.0,0.0,0.0,0.0,0.0,0.0,0.0,0.0,0.0,0.0,1.0,0.0,0.12244897959183676,0.1818181818181818,0.18181818181818182,0.07142857142857142,0.1111111111111111,3,4,1,0,0,0,0,1,0.0,0.07,0.0,595000.0
10666368,1,0.0,1.0,0.0,1.0,0.0,0.0,0.0,0.0,0.0,0.0,0.0,0.0,0.0,0.0,0.0,0.0,0.0,1.0,0.40816326530612246,0.36363636363636365,0.18181818181818182,0.0,0.0,3,2,0,0,0,0,0,1,0.0,0.0,0.0019679389186973454,875000.0
10666382,1,1.0,0.0,0.0,0.0,1.0,0.0,0.0,0.0,0.0,0.0,0.0,0.0,0.0,0.0,0.0,0.0,0.0,1.0,0.2857142857142857,0.36363636363636365,0.2727272727272727,0.07142857142857142,0.2777777777777778,1,1,0,0,1,0,0,1,0.0,0.4,0.001085759403419225,1990000.0
10666383,0,0.0,0.0,1.0,0.0,0.0,0.0,0.0,1.0,0.0,0.0,0.0,0.0,0.0,0.0,0.0,0.0,1.0,0.0,0.08877551020408164,0.1818181818181818,0.09090909090909091,0.0,0.0,1,2,0,0,0,0,0,0,0.0,0.0,0.0,195000.0
10666384,1,0.0,1.0,0.0,0.0,0.0,1.0,0.0,0.0,0.0,0.0,0.0,0.0,0.0,0.0,0.0,0.0,1.0,0.0,0.1479591836734694,0.2727272727272727,0.09090909090909091,0.0,0.05555555555555555,0,3,0,0,0,0,1,1,0.08,0.0,0.0001375539784737194,259000.0
10666393,1,1.0,0.0,0.0,0.0,1.0,0.0,0.0,0.0,0.0,0.0,0.0,0.0,0.0,0.0,0.0,0.0,0.0,1.0,0.42346938775510207,0.4545454545454545,0.36363636363636365,0.0,0.2777777777777778,1,4,0,0,0,0,1,1,0.8,1.0,0.0016506477416846329,2950000.0
10666397,0,0.0,0.0,1.0,0.0,0.0,0.0,0.0,1.0,0.0,0.0,0.0,0.0,0.0,0.0,0.0,0.0,0.0,1.0,0.025510204081632654,0.0,0.09090909090909091,0.07142857142857142,0.05555555555555555,1,2,1,0,1,0,0,1,0.0,0.08,0.0,170000.0
10666390,1,0.0,1.0,0.0,0.0,0.0,0.0,0.0,0.0,1.0,0.0,0.0,0.0,0.0,0.0,0.0,0.0,0.0,1.0,0.10714285714285715,0.1818181818181818,0.09090909090909091,0.0,0.0,0,2,0,0,0,0,0,1,0.0,0.0,0.0005153689060148687,297000.0
10666396,1,0.0,1.0,0.0,0.0,0.0,1.0,0.0,0.0,0.0,0.0,0.0,0.0,0.0,0.0,0.0,0.0,1.0,0.0,0.12346938775510205,0.1818181818181818,0.09090909090909091,0.0,0.0,3,2,0,0,0,0,0,1,0.0,0.08,5.502159138948776e-05,310000.0
10666385,1,0.0,1.0,0.0,1.0,0.0,0.0,0.0,0.0,0.0,0.0,0.0,0.0,0.0,0.0,0.0,0.0,1.0,0.0,0.08775510204081632,0.1818181818181818,0.09090909090909091,0.0,0.05555555555555555,2,2,0,0,0,0,1,0,0.082,0.0,0.00014764127022845884,395000.0
10666409,1,0.0,0.0,1.0,0.0,0.0,0.0,0.0,0.0,0.0,1.0,0.0,0.0,0.0,0.0,0.0,1.0,0.0,0.0,0.1836734693877551,0.2727272727272727,0.18181818181818182,0.07142857142857142,0.1111111111111111,3,4,0,0,0,0,1,1,1.0,1.0,0.0020018689000541965,480000.0
10666405,1,0.0,1.0,0.0,0.0,0.0,1.0,0.0,0.0,0.0,0.0,0.0,0.0,0.0,0.0,0.0,0.0,1.0,0.0,0.13469387755102044,0.1818181818181818,0.09090909090909091,0.0,0.0,3,6,0,0,0,0,0,1,0.0,0.0,0.00012104750105687307,239000.0
10666402,1,0.0,1.0,0.0,1.0,0.0,0.0,0.0,0.0,0.0,0.0,0.0,0.0,0.0,0.0,0.0,0.0,0.0,1.0,0.10204081632653061,0.1818181818181818,0.09090909090909091,0.0,0.0,5,5,0,0,0,0,0,0,0.0,0.0,0.00027969308956322947,215000.0
10666411,1,0.0,0.0,1.0,0.0,0.0,0.0,0.0,0.0,0.0,1.0,0.0,0.0,0.0,0.0,0.0,0.0,0.0,1.0,0.1326530612244898,0.1818181818181818,0.18181818181818182,0.0,0.1111111111111111,3,3,0,0,0,0,0,1,0.0,0.0,0.0006721804414749088,275000.0
10666410,1,0.0,1.0,0.0,0.0,0.0,0.0,1.0,0.0,0.0,0.0,0.0,0.0,0.0,0.0,0.0,0.0,0.0,1.0,0.10204081632653061,0.1818181818181818,0.09090909090909091,0.0,0.1111111111111111,3,4,0,0,0,0,0,0,0.0,0.0,0.00010545805016318488,269000.0
10666418,1,0.0,0.0,1.0,0.0,0.0,0.0,0.0,0.0,0.0,1.0,0.0,0.0,0.0,0.0,0.0,0.0,0.0,1.0,0.1795918367346939,0.2727272727272727,0.09090909090909091,0.0,0.0,4,3,0,0,1,0,0,1,0.0,0.0,0.000971131088024459,399999.0
10666421,0,0.0,1.0,0.0,0.0,0.0,1.0,0.0,0.0,0.0,0.0,0.0,0.0,0.0,0.0,0.0,0.0,0.0,1.0,0.0816326530612245,0.09090909090909091,0.09090909090909091,0.0,0.05555555555555555,3,0,0,0,0,0,0,1,0.0,0.0,0.0,725000.0
10666417,1,0.0,1.0,0.0,1.0,0.0,0.0,0.0,0.0,0.0,0.0,0.0,0.0,0.0,0.0,0.0,0.0,0.0,1.0,0.18877551020408165,0.1818181818181818,0.09090909090909091,0.0,0.16666666666666666,3,3,0,0,0,0,0,1,0.0,0.0,5.960672400527841e-05,324000.0
10666416,1,0.0,1.0,0.0,1.0,0.0,0.0,0.0,0.0,0.0,0.0,0.0,0.0,0.0,0.0,0.0,0.0,0.0,1.0,0.18877551020408165,0.1818181818181818,0.09090909090909091,0.0,0.16666666666666666,3,3,0,0,0,0,0,1,0.0,0.0,5.960672400527841e-05,324000.0
10666419,1,0.0,0.0,1.0,0.0,0.0,0.0,0.0,0.0,0.0,1.0,0.0,0.0,0.0,0.0,0.0,0.0,0.0,1.0,0.09387755102040818,0.09090909090909091,0.09090909090909091,0.0,0.0,3,5,0,0,0,0,0,1,0.0,0.0,0.00033012954833692656,189000.0
10666422,0,0.0,1.0,0.0,1.0,0.0,0.0,0.0,0.0,0.0,0.0,0.0,0.0,0.0,0.0,1.0,0.0,0.0,0.0,0.0979591836734694,0.09090909090909091,0.09090909090909091,0.0,0.0,1,3,1,0,0,0,0,1,0.0,0.04,0.0,425000.0
10666428,1,0.0,1.0,0.0,1.0,0.0,0.0,0.0,0.0,0.0,0.0,0.0,0.0,0.0,0.0,0.0,0.0,0.0,1.0,0.16836734693877553,0.1818181818181818,0.09090909090909091,0.0,0.1111111111111111,0,4,0,0,0,0,0,1,0.0,0.0,0.0006969401576001783,469000.0
10666426,1,0.0,0.0,1.0,0.0,0.0,0.0,0.0,0.0,0.0,0.0,0.0,0.0,1.0,0.0,0.0,0.0,1.0,0.0,0.4316326530612245,0.36363636363636365,0.18181818181818182,0.21428571428571427,0.2222222222222222,3,3,0,0,1,0,1,1,1.0,0.6,0.0059313275517867805,1395000.0
10666423,1,0.0,0.0,1.0,0.0,0.0,0.0,0.0,0.0,0.0,0.0,1.0,0.0,0.0,0.0,0.0,0.0,1.0,0.0,0.12653061224489798,0.09090909090909091,0.18181818181818182,0.0,0.1111111111111111,3,4,0,1,0,0,0,0,0.0,0.0,0.0,285000.0
10666424,0,0.0,0.0,1.0,0.0,0.0,0.0,0.0,0.0,0.0,0.0,1.0,0.0,0.0,0.0,0.0,0.0,1.0,0.0,0.12653061224489798,0.09090909090909091,0.18181818181818182,0.0,0.1111111111111111,3,4,0,1,0,0,0,0,0.0,0.0,0.0,285000.0
10666430,0,1.0,0.0,0.0,0.0,1.0,0.0,0.0,0.0,0.0,0.0,0.0,0.0,0.0,0.0,0.0,0.0,0.0,1.0,0.06428571428571428,0.09090909090909091,0.09090909090909091,0.07142857142857142,0.05555555555555555,1,4,0,0,0,0,0,1,0.0,0.0,0.0,330000.0
10666429,0,0.0,1.0,0.0,1.0,0.0,0.0,0.0,0.0,0.0,0.0,0.0,0.0,0.0,0.0,0.0,0.0,1.0,0.0,0.18877551020408165,0.2727272727272727,0.09090909090909091,0.0,0.1111111111111111,1,3,1,0,0,0,0,1,0.0,0.3,0.0,485000.0
10666431,0,0.0,1.0,0.0,1.0,0.0,0.0,0.0,0.0,0.0,0.0,0.0,0.0,0.0,0.0,0.0,0.0,0.0,1.0,0.08469387755102042,0.09090909090909091,0.0,0.0,0.0,0,0,0,1,0,0,0,1,0.0,0.22,0.0,299000.0
10666435,1,0.0,1.0,0.0,1.0,0.0,0.0,0.0,0.0,0.0,0.0,0.0,0.0,0.0,0.0,0.0,0.0,0.0,1.0,0.17244897959183675,0.1818181818181818,0.09090909090909091,0.0,0.1111111111111111,0,0,0,1,0,0,1,1,0.0,0.19,0.00038056600711062366,395000.0
10666433,1,0.0,0.0,1.0,0.0,0.0,0.0,0.0,0.0,0.0,0.0,0.0,0.0,1.0,0.0,0.0,0.0,1.0,0.0,0.163265306122449,0.1818181818181818,0.2727272727272727,0.0,0.16666666666666666,1,2,0,0,0,0,0,1,0.0,0.0,0.0012820030793750648,695000.0
10666437,0,0.0,1.0,0.0,1.0,0.0,0.0,0.0,0.0,0.0,0.0,0.0,0.0,0.0,0.0,0.0,0.0,0.0,1.0,0.14183673469387756,0.1818181818181818,0.0,0.0,0.0,0,0,0,1,0,0,0,1,0.0,0.18,0.0,405000.0
10666434,1,0.0,0.0,1.0,0.0,0.0,0.0,0.0,0.0,0.0,0.0,0.0,0.0,1.0,0.0,0.0,0.0,1.0,0.0,0.25,0.2727272727272727,0.18181818181818182,0.0,0.1111111111111111,1,2,0,0,0,0,0,1,0.0,0.0,0.001184798267920303,895000.0
10666436,1,0.0,1.0,0.0,1.0,0.0,0.0,0.0,0.0,0.0,0.0,0.0,0.0,0.0,0.0,0.0,0.0,0.0,1.0,0.17244897959183675,0.1818181818181818,0.09090909090909091,0.0,0.1111111111111111,0,0,0,1,0,0,1,1,0.0,0.19,0.0004062427497590513,395000.0
10666461,1,0.0,0.0,1.0,0.0,0.0,0.0,0.0,0.0,0.0,0.0,0.0,0.0,1.0,0.0,0.0,0.0,0.0,1.0,0.6428571428571429,0.4545454545454545,0.4545454545454546,0.0,0.0,0,6,0,1,0,0,1,0,0.0,0.0,0.010256941661523676,1560000.0
10666444,1,0.0,1.0,0.0,0.0,0.0,0.0,1.0,0.0,0.0,0.0,0.0,0.0,0.0,0.0,0.0,0.0,0.0,1.0,0.3193877551020408,0.36363636363636365,0.18181818181818182,0.0,0.1111111111111111,1,1,0,0,0,0,0,1,0.0,0.0,0.0008023982077633632,850000.0
10666466,1,0.0,0.0,1.0,0.0,0.0,0.0,0.0,0.0,0.0,0.0,0.0,0.0,1.0,0.0,0.0,0.0,0.0,1.0,0.6428571428571429,0.4545454545454545,0.4545454545454546,0.0,0.0,5,6,1,1,0,0,1,0,0.0,0.0,0.0258436414756424,3900000.0
10666470,0,0.0,0.0,1.0,0.0,0.0,0.0,0.0,0.0,0.0,0.0,0.0,0.0,1.0,0.0,0.0,0.0,0.0,1.0,0.04795918367346939,0.09090909090909091,0.09090909090909091,0.0,0.0,0,4,1,1,0,0,0,0,0.0,0.0,0.0,215000.0
10666467,0,1.0,0.0,0.0,0.0,1.0,0.0,0.0,0.0,0.0,0.0,0.0,0.0,0.0,0.0,0.0,0.0,0.0,1.0,0.08673469387755103,0.09090909090909091,0.09090909090909091,0.0,0.05555555555555555,0,7,1,1,0,0,0,1,0.0,0.09,0.0,215000.0
10666471,0,0.0,0.0,1.0,0.0,0.0,0.0,0.0,0.0,0.0,0.0,0.0,0.0,1.0,0.0,0.0,0.0,0.0,1.0,0.04795918367346939,0.09090909090909091,0.09090909090909091,0.0,0.05555555555555555,0,2,1,1,0,0,0,0,0.0,0.0,0.0,225000.0
10666474,0,1.0,0.0,0.0,0.0,1.0,0.0,0.0,0.0,0.0,0.0,0.0,0.0,0.0,0.0,1.0,0.0,0.0,0.0,0.04591836734693878,0.0,0.0,0.07142857142857142,0.05555555555555555,0,4,1,1,0,0,0,0,0.0,0.0,0.0,199000.0
10666476,1,0.0,0.0,1.0,0.0,0.0,0.0,0.0,0.0,0.0,0.0,0.0,0.0,1.0,0.0,0.0,0.0,0.0,1.0,0.1836734693877551,0.2727272727272727,0.2727272727272727,0.0,0.2222222222222222,0,5,0,1,0,0,1,0,0.443,0.0,0.0004062427497590513,349000.0
10666468,1,0.0,0.0,1.0,0.0,0.0,0.0,0.0,0.0,0.0,0.0,0.0,0.0,1.0,0.0,0.0,0.0,0.0,1.0,0.14081632653061227,0.1818181818181818,0.18181818181818182,0.0,0.1111111111111111,0,3,0,1,0,0,1,1,0.712,0.3,0.0006529228844885881,499000.0
10666482,1,0.0,1.0,0.0,0.0,0.0,0.0,1.0,0.0,0.0,0.0,0.0,0.0,0.0,0.0,0.0,1.0,0.0,0.0,0.11224489795918369,0.1818181818181818,0.09090909090909091,0.0,0.1111111111111111,4,6,0,1,0,0,1,0,0.768,0.0,0.0007042763697854434,349000.0
10666481,1,0.0,0.0,1.0,0.0,0.0,0.0,0.0,0.0,0.0,0.0,0.0,0.0,1.0,0.0,0.0,0.0,0.0,1.0,0.11224489795918369,0.1818181818181818,0.09090909090909091,0.0,0.1111111111111111,4,6,0,1,0,0,1,0,0.768,0.0,0.0007042763697854434,349000.0
10666479,1,0.0,0.0,1.0,0.0,0.0,0.0,0.0,0.0,0.0,0.0,0.0,0.0,1.0,0.0,0.0,0.0,0.0,1.0,0.1642857142857143,0.2727272727272727,0.18181818181818182,0.0,0.16666666666666666,0,2,0,1,0,0,1,1,0.887,0.4,0.0008134025260412608,543000.0
10666492,0,0.0,0.0,1.0,0.0,0.0,0.0,0.0,0.0,0.0,0.0,0.0,0.0,1.0,0.0,0.0,0.0,1.0,0.0,0.08775510204081632,0.09090909090909091,0.18181818181818182,0.0,0.05555555555555555,5,0,0,1,0,0,1,1,0.0,0.0,0.0,200000.0
10666485,1,0.0,1.0,0.0,0.0,0.0,0.0,1.0,0.0,0.0,0.0,0.0,0.0,0.0,0.0,0.0,1.0,0.0,0.0,0.11224489795918369,0.1818181818181818,0.09090909090909091,0.0,0.1111111111111111,4,6,0,1,0,0,1,0,0.768,0.0,0.0007042763697854434,349000.0
10666484,1,0.0,0.0,1.0,0.0,0.0,0.0,0.0,0.0,0.0,0.0,0.0,0.0,1.0,0.0,0.0,0.0,0.0,1.0,0.2142857142857143,0.36363636363636365,0.2727272727272727,0.0,0.16666666666666666,0,3,0,1,0,0,1,0,1.0,0.0,0.0011517853130866105,699000.0
10666493,1,0.0,0.0,1.0,0.0,0.0,0.0,0.0,0.0,0.0,0.0,0.0,0.0,1.0,0.0,0.0,0.0,1.0,0.0,0.16734693877551024,0.1818181818181818,0.2727272727272727,0.0,0.1111111111111111,5,0,0,1,0,0,1,1,0.0,0.0,0.00033012954833692656,315000.0
10666491,0,0.0,0.0,1.0,0.0,0.0,0.0,0.0,0.0,0.0,0.0,0.0,0.0,1.0,0.0,0.0,0.0,1.0,0.0,0.059183673469387764,0.0,0.09090909090909091,0.0,0.05555555555555555,5,0,0,1,0,0,1,1,0.0,0.0,0.0,165000.0
10666500,1,0.0,0.0,1.0,0.0,0.0,0.0,0.0,0.0,0.0,0.0,0.0,0.0,1.0,0.0,0.0,0.0,1.0,0.0,0.40816326530612246,0.36363636363636365,0.0,0.0,0.2777777777777778,0,2,0,1,0,0,1,1,0.0,0.6,0.0007336212185265035,895000.0
10666495,1,0.0,0.0,1.0,0.0,0.0,0.0,0.0,0.0,0.0,0.0,0.0,0.0,1.0,0.0,0.0,0.0,0.0,1.0,0.17346938775510207,0.1818181818181818,0.09090909090909091,0.07142857142857142,0.16666666666666666,0,1,0,1,0,0,1,1,0.0,0.0,0.00017606909244636084,595000.0
10666499,1,0.0,0.0,1.0,0.0,0.0,0.0,0.0,0.0,0.0,0.0,0.0,0.0,1.0,0.0,0.0,0.0,0.0,1.0,0.2091836734693878,0.2727272727272727,0.09090909090909091,0.14285714285714285,0.16666666666666666,5,7,0,1,0,0,0,1,0.0,0.46,0.0009628778493160358,475000.0
10666501,1,0.0,0.0,1.0,0.0,0.0,0.0,0.0,0.0,0.0,0.0,0.0,0.0,1.0,0.0,0.0,0.0,0.0,1.0,0.163265306122449,0.2727272727272727,0.18181818181818182,0.0,0.1111111111111111,2,3,0,1,0,0,1,1,0.0,0.4,0.0013947973417235146,695000.0
10666505,0,0.0,1.0,0.0,1.0,0.0,0.0,0.0,0.0,0.0,0.0,0.0,0.0,0.0,0.0,0.0,0.0,1.0,0.0,0.023469387755102045,0.0,0.09090909090909091,0.0,0.0,3,2,1,0,0,0,0,1,0.0,0.08,0.0,195000.0
10666502,0,0.0,0.0,1.0,0.0,0.0,0.0,0.0,0.0,0.0,0.0,0.0,0.0,1.0,0.0,0.0,0.0,1.0,0.0,0.10816326530612247,0.1818181818181818,0.18181818181818182,0.0,0.1111111111111111,5,2,1,1,0,0,0,0,0.0,0.0,0.0,295000.0
10666507,0,0.0,1.0,0.0,0.0,0.0,0.0,1.0,0.0,0.0,0.0,0.0,0.0,0.0,0.0,0.0,0.0,1.0,0.0,0.08673469387755103,0.09090909090909091,0.09090909090909091,0.0,0.05555555555555555,3,2,0,0,0,0,1,1,0.06,0.05,0.0,285000.0
10666503,1,0.0,0.0,1.0,0.0,0.0,0.0,0.0,0.0,0.0,0.0,0.0,0.0,1.0,0.0,0.0,0.0,1.0,0.0,0.1326530612244898,0.1818181818181818,0.09090909090909091,0.0,0.1111111111111111,4,4,0,1,0,0,0,1,0.0,0.35000000000000003,9.170265231581294e-05,299900.0
10666509,1,0.0,0.0,1.0,0.0,0.0,0.0,0.0,0.0,0.0,0.0,0.0,0.0,1.0,0.0,0.0,0.0,0.0,1.0,0.18571428571428575,0.2727272727272727,0.18181818181818182,0.0,0.1111111111111111,0,1,0,1,0,0,1,0,0.0,0.0,0.002360426270609025,750000.0
10666514,1,0.0,0.0,1.0,0.0,0.0,0.0,0.0,0.0,0.0,0.0,0.0,0.0,1.0,0.0,0.0,0.0,0.0,1.0,0.1326530612244898,0.1818181818181818,0.0,0.0,0.0,5,0,0,1,0,0,1,0,0.0,0.0,0.0007886428099159913,225000.0
10666512,0,0.0,0.0,1.0,0.0,0.0,0.0,0.0,0.0,0.0,0.0,0.0,0.0,1.0,0.0,0.0,0.0,0.0,1.0,0.04387755102040817,0.0,0.09090909090909091,0.0,0.05555555555555555,0,5,0,1,0,0,1,1,0.0,0.12,0.0,265000.0
10666516,0,1.0,0.0,0.0,0.0,1.0,0.0,0.0,0.0,0.0,0.0,0.0,0.0,0.0,0.0,0.0,1.0,0.0,0.0,0.07244897959183674,0.09090909090909091,0.09090909090909091,0.0,0.05555555555555555,1,2,1,0,0,0,0,1,0.0,0.07,0.0,275000.0
10666515,1,0.0,0.0,1.0,0.0,0.0,0.0,0.0,0.0,0.0,0.0,0.0,0.0,1.0,0.0,0.0,0.0,0.0,1.0,0.25510204081632654,0.1818181818181818,0.0,0.0,0.0,5,0,0,1,0,0,1,0,0.0,0.0,0.001736848234861497,335000.0
10142228,1,0.0,1.0,0.0,1.0,0.0,0.0,0.0,0.0,0.0,0.0,0.0,0.0,0.0,0.0,0.0,0.0,0.0,1.0,0.1326530612244898,0.09090909090909091,0.0,0.0,0.0,4,6,0,0,0,0,0,0,0.0,0.0,0.002090820472800535,239000.0
10666511,1,0.0,0.0,1.0,0.0,0.0,0.0,0.0,0.0,0.0,0.0,0.0,0.0,1.0,0.0,0.0,0.0,0.0,1.0,0.1479591836734694,0.2727272727272727,0.18181818181818182,0.0,0.0,2,5,0,1,0,0,0,1,0.0,0.25,0.0009261967883897106,760000.0
10666517,1,0.0,0.0,1.0,0.0,0.0,0.0,0.0,0.0,0.0,0.0,0.0,0.0,1.0,0.0,0.0,0.0,0.0,1.0,0.2857142857142857,0.4545454545454545,0.0,0.0,0.0,5,0,0,1,0,0,1,0,0.0,0.0,0.002525491044777488,530000.0
10666521,0,0.0,0.0,1.0,0.0,0.0,0.0,0.0,0.0,0.0,0.0,0.0,0.0,1.0,0.0,0.0,0.0,0.0,1.0,0.09489795918367347,0.1818181818181818,0.18181818181818182,0.0,0.05555555555555555,0,1,1,1,0,0,0,1,0.0,0.34,0.0,435000.0
10666519,1,0.0,0.0,1.0,0.0,0.0,0.0,0.0,0.0,0.0,0.0,0.0,0.0,1.0,0.0,0.0,0.0,0.0,1.0,0.1510204081632653,0.1818181818181818,0.09090909090909091,0.0,0.1111111111111111,0,4,0,1,0,0,1,0,0.0,0.0,0.000758380934651773,495000.0
10666522,0,1.0,0.0,0.0,0.0,1.0,0.0,0.0,0.0,0.0,0.0,0.0,0.0,0.0,0.0,1.0,0.0,0.0,0.0,0.06938775510204082,0.09090909090909091,0.18181818181818182,0.07142857142857142,0.05555555555555555,3,2,1,0,0,0,0,1,0.0,0.16,0.0,385000.0
10666525,1,0.0,1.0,0.0,0.0,0.0,1.0,0.0,0.0,0.0,0.0,0.0,0.0,0.0,0.0,0.0,0.0,0.0,1.0,0.20102040816326533,0.2727272727272727,0.18181818181818182,0.07142857142857142,0.05555555555555555,4,2,0,0,0,0,0,1,0.0,0.0,0.0004062427497590513,349000.0
10666524,1,0.0,1.0,0.0,0.0,0.0,0.0,1.0,0.0,0.0,0.0,0.0,0.0,0.0,0.0,0.0,1.0,0.0,0.0,0.4142857142857143,0.2727272727272727,0.18181818181818182,0.0,0.3333333333333333,0,0,0,1,0,0,0,0,0.0,0.0,0.0,750000.0
10666529,0,0.0,1.0,0.0,1.0,0.0,0.0,0.0,0.0,0.0,0.0,0.0,0.0,0.0,0.0,0.0,0.0,0.0,1.0,0.06836734693877553,0.09090909090909091,0.09090909090909091,0.0,0.05555555555555555,0,0,1,0,0,0,0,1,0.0,0.0,0.0,230000.0
10666530,0,0.0,1.0,0.0,1.0,0.0,0.0,0.0,0.0,0.0,0.0,0.0,0.0,0.0,0.0,0.0,0.0,0.0,1.0,0.05612244897959184,0.09090909090909091,0.09090909090909091,0.0,0.0,3,2,1,1,0,0,0,1,0.0,0.0,0.0,185000.0
10666531,0,1.0,0.0,0.0,0.0,1.0,0.0,0.0,0.0,0.0,0.0,0.0,0.0,0.0,0.0,0.0,0.0,1.0,0.0,0.1326530612244898,0.09090909090909091,0.2727272727272727,0.0,0.0,3,0,0,0,0,0,1,1,0.04,0.05,0.0,545000.0
10666535,0,1.0,0.0,0.0,0.0,1.0,0.0,0.0,0.0,0.0,0.0,0.0,0.0,0.0,0.0,0.0,1.0,0.0,0.0,0.07653061224489796,0.0,0.09090909090909091,0.0,0.05555555555555555,3,6,1,1,0,0,0,1,0.0,0.03,0.0,345000.0
10666532,0,1.0,0.0,0.0,0.0,1.0,0.0,0.0,0.0,0.0,0.0,0.0,0.0,0.0,0.0,0.0,1.0,0.0,0.0,0.07448979591836735,0.1818181818181818,0.09090909090909091,0.0,0.05555555555555555,1,6,1,0,0,0,0,1,0.0,0.13,0.0,229000.0
10666536,0,1.0,0.0,0.0,0.0,1.0,0.0,0.0,0.0,0.0,0.0,0.0,0.0,0.0,0.0,0.0,1.0,0.0,0.0,0.07653061224489796,0.09090909090909091,0.09090909090909091,0.0,0.05555555555555555,3,6,1,1,0,0,0,1,0.0,0.03,0.0,345000.0
10666534,1,0.0,0.0,1.0,0.0,0.0,0.0,0.0,1.0,0.0,0.0,0.0,0.0,0.0,0.0,0.0,0.0,0.0,1.0,0.10816326530612247,0.1818181818181818,0.09090909090909091,0.07142857142857142,0.1111111111111111,1,0,0,0,0,0,1,1,0.458,0.25,0.00047960487161170166,182500.0
10666533,0,0.0,1.0,0.0,1.0,0.0,0.0,0.0,0.0,0.0,0.0,0.0,0.0,0.0,0.0,0.0,0.0,0.0,1.0,0.0979591836734694,0.09090909090909091,0.09090909090909091,0.0,0.05555555555555555,2,3,0,1,0,0,0,1,0.0,0.03,0.0,315000.0
10666539,1,0.0,1.0,0.0,0.0,0.0,1.0,0.0,0.0,0.0,0.0,0.0,0.0,0.0,0.0,0.0,0.0,0.0,1.0,0.11224489795918369,0.1818181818181818,0.09090909090909091,0.0,0.05555555555555555,4,4,0,0,0,0,1,0,0.20700000000000002,0.0,0.000518119985584343,350000.0
10666540,1,0.0,1.0,0.0,0.0,0.0,0.0,1.0,0.0,0.0,0.0,0.0,0.0,0.0,0.0,0.0,0.0,0.0,1.0,0.20612244897959187,0.1818181818181818,0.18181818181818182,0.0,0.16666666666666666,4,4,0,0,0,0,0,1,0.0,0.0,0.0,274000.0
10666543,1,0.0,1.0,0.0,1.0,0.0,0.0,0.0,0.0,0.0,0.0,0.0,0.0,0.0,0.0,0.0,0.0,0.0,1.0,0.626530612244898,0.5454545454545454,0.5454545454545454,0.0,0.0,0,1,0,1,0,0,0,0,0.0,0.0,0.0,1100000.0
10666544,1,0.0,1.0,0.0,1.0,0.0,0.0,0.0,0.0,0.0,0.0,0.0,0.0,0.0,0.0,0.0,0.0,0.0,1.0,0.6153061224489796,0.2727272727272727,0.18181818181818182,0.0,0.2222222222222222,3,2,0,0,1,0,0,1,0.0,1.0,0.005451722680175079,1950000.0
10666546,1,0.0,1.0,0.0,0.0,0.0,0.0,1.0,0.0,0.0,0.0,0.0,0.0,0.0,0.0,0.0,0.0,1.0,0.0,0.32448979591836735,0.36363636363636365,0.09090909090909091,0.0,0.0,3,5,0,0,0,0,0,1,0.0,0.0,0.00018340530463162587,285000.0
10666551,1,0.0,1.0,0.0,0.0,0.0,0.0,1.0,0.0,0.0,0.0,0.0,0.0,0.0,0.0,0.0,0.0,0.0,1.0,0.18877551020408165,0.1818181818181818,0.09090909090909091,0.0,0.1111111111111111,3,6,0,0,0,0,0,1,0.0,0.0,0.0008986859926949668,340000.0
10666550,1,0.0,1.0,0.0,0.0,0.0,0.0,1.0,0.0,0.0,0.0,0.0,0.0,0.0,0.0,0.0,0.0,1.0,0.0,0.09693877551020408,0.09090909090909091,0.09090909090909091,0.0,0.05555555555555555,2,2,0,0,0,0,0,1,0.0,0.0,0.0,315000.0
10666553,0,0.0,1.0,0.0,0.0,0.0,1.0,0.0,0.0,0.0,0.0,0.0,0.0,0.0,0.0,0.0,0.0,1.0,0.0,0.1836734693877551,0.2727272727272727,0.18181818181818182,0.0,0.0,1,2,1,0,0,0,0,1,0.0,0.0,0.0,495000.0
10666573,1,0.0,1.0,0.0,0.0,0.0,1.0,0.0,0.0,0.0,0.0,0.0,0.0,0.0,0.0,0.0,0.0,1.0,0.0,0.1785714285714286,0.2727272727272727,0.18181818181818182,0.07142857142857142,0.1111111111111111,5,6,0,0,0,0,1,1,0.38,0.68,0.0006318312744559511,290000.0
10666575,0,0.0,1.0,0.0,0.0,0.0,1.0,0.0,0.0,0.0,0.0,0.0,0.0,0.0,0.0,0.0,0.0,1.0,0.0,0.2306122448979592,0.1818181818181818,0.09090909090909091,0.0,0.1111111111111111,3,2,1,0,0,0,0,1,0.0,0.27,0.0,625000.0
10666591,1,0.0,1.0,0.0,0.0,0.0,1.0,0.0,0.0,0.0,0.0,0.0,0.0,0.0,0.0,0.0,1.0,0.0,0.0,0.11734693877551022,0.1818181818181818,0.09090909090909091,0.0,0.1111111111111111,0,0,0,0,0,0,1,1,0.23,0.0,0.00028978038131796885,540000.0
10535505,1,0.0,0.0,1.0,0.0,0.0,0.0,0.0,0.0,0.0,1.0,0.0,0.0,0.0,0.0,1.0,0.0,0.0,0.0,0.07857142857142857,0.1818181818181818,0.0,0.07142857142857142,0.1111111111111111,3,4,0,1,0,0,1,0,0.03,0.0,7.427914837580848e-05,165000.0
10666592,1,0.0,1.0,0.0,0.0,0.0,1.0,0.0,0.0,0.0,0.0,0.0,0.0,0.0,0.0,0.0,1.0,0.0,0.0,0.11836734693877551,0.1818181818181818,0.09090909090909091,0.0,0.1111111111111111,0,0,0,0,0,0,1,1,0.177,0.0,0.00024209500211374614,535000.0
10666594,1,0.0,1.0,0.0,0.0,0.0,1.0,0.0,0.0,0.0,0.0,0.0,0.0,0.0,0.0,0.0,1.0,0.0,0.0,0.11836734693877551,0.1818181818181818,0.09090909090909091,0.0,0.1111111111111111,0,0,0,0,0,0,1,1,0.177,0.0,0.00024117797559058802,535000.0
10666593,1,0.0,1.0,0.0,0.0,0.0,1.0,0.0,0.0,0.0,0.0,0.0,0.0,0.0,0.0,0.0,1.0,0.0,0.0,0.11734693877551022,0.1818181818181818,0.09090909090909091,0.0,0.1111111111111111,0,0,0,0,0,0,1,1,0.177,0.0,0.00024117797559058802,535000.0
10666600,1,0.0,1.0,0.0,0.0,0.0,0.0,1.0,0.0,0.0,0.0,0.0,0.0,0.0,0.0,0.0,0.0,0.0,1.0,0.13979591836734695,0.2727272727272727,0.09090909090909091,0.0,0.05555555555555555,3,4,0,0,0,0,1,1,0.4,0.0,0.0005502159138948776,339000.0
10666604,1,0.0,1.0,0.0,0.0,0.0,1.0,0.0,0.0,0.0,0.0,0.0,0.0,0.0,0.0,0.0,0.0,1.0,0.0,0.15918367346938778,0.1818181818181818,0.09090909090909091,0.0,0.1111111111111111,1,0,0,0,0,0,0,1,0.0,0.0,0.00034847007880008915,329000.0
10666605,1,0.0,1.0,0.0,0.0,0.0,1.0,0.0,0.0,0.0,0.0,0.0,0.0,0.0,0.0,0.0,0.0,1.0,0.0,0.15918367346938778,0.1818181818181818,0.09090909090909091,0.07142857142857142,0.1111111111111111,1,0,0,0,0,0,0,1,0.0,0.0,0.0003493871053232473,329000.0
10666606,1,0.0,1.0,0.0,0.0,0.0,1.0,0.0,0.0,0.0,0.0,0.0,0.0,0.0,0.0,0.0,0.0,1.0,0.0,0.15918367346938778,0.1818181818181818,0.09090909090909091,0.0,0.1111111111111111,1,0,0,0,0,0,0,1,0.0,0.0,0.0003503041318464054,329000.0
10666607,0,0.0,1.0,0.0,0.0,0.0,1.0,0.0,0.0,0.0,0.0,0.0,0.0,0.0,0.0,0.0,1.0,0.0,0.0,0.1,0.09090909090909091,0.18181818181818182,0.0,0.1111111111111111,3,2,1,0,0,0,0,1,0.0,0.09,0.0,349000.0
10666612,1,0.0,1.0,0.0,0.0,0.0,0.0,1.0,0.0,0.0,0.0,0.0,0.0,0.0,0.0,0.0,0.0,0.0,1.0,0.15714285714285717,0.36363636363636365,0.09090909090909091,0.0,0.0,3,4,0,0,0,0,0,0,0.0,0.0,0.0005208710651538175,359000.0
10666615,1,0.0,1.0,0.0,0.0,0.0,1.0,0.0,0.0,0.0,0.0,0.0,0.0,0.0,0.0,0.0,0.0,0.0,1.0,0.21836734693877555,0.2727272727272727,0.09090909090909091,0.07142857142857142,0.1111111111111111,0,1,0,0,0,0,1,1,0.024,0.3,0.0001568115354600401,485000.0
10666617,1,0.0,1.0,0.0,0.0,0.0,1.0,0.0,0.0,0.0,0.0,0.0,0.0,0.0,0.0,0.0,0.0,0.0,1.0,0.12653061224489798,0.1818181818181818,0.09090909090909091,0.07142857142857142,0.1111111111111111,0,1,0,0,0,0,0,1,0.0,0.22,0.0002283396042663742,390000.0
10666619,1,0.0,1.0,0.0,0.0,0.0,1.0,0.0,0.0,0.0,0.0,0.0,0.0,0.0,0.0,0.0,0.0,0.0,1.0,0.12653061224489798,0.1818181818181818,0.09090909090909091,0.07142857142857142,0.1111111111111111,0,1,0,0,0,0,0,1,0.0,0.2,0.00017973719853899334,385000.0
10666618,1,0.0,1.0,0.0,0.0,0.0,1.0,0.0,0.0,0.0,0.0,0.0,0.0,0.0,0.0,0.0,0.0,0.0,1.0,0.1306122448979592,0.1818181818181818,0.09090909090909091,0.07142857142857142,0.1111111111111111,0,1,0,0,0,0,0,1,0.0,0.2,0.00019624367595583967,375000.0
10666616,1,0.0,1.0,0.0,0.0,0.0,1.0,0.0,0.0,0.0,0.0,0.0,0.0,0.0,0.0,0.0,0.0,0.0,1.0,0.20612244897959187,0.1818181818181818,0.09090909090909091,0.07142857142857142,0.1111111111111111,0,1,0,0,0,0,0,1,0.0,0.22,0.0002155012329421604,465000.0
10666627,1,0.0,1.0,0.0,0.0,0.0,1.0,0.0,0.0,0.0,0.0,0.0,0.0,0.0,0.0,0.0,1.0,0.0,0.0,0.15816326530612246,0.2727272727272727,0.18181818181818182,0.0,0.1111111111111111,1,1,0,0,0,0,1,1,0.05,0.22,0.00018707341072425837,524400.0
10666626,1,0.0,1.0,0.0,0.0,0.0,1.0,0.0,0.0,0.0,0.0,0.0,0.0,0.0,0.0,0.0,1.0,0.0,0.0,0.15918367346938778,0.2727272727272727,0.18181818181818182,0.0,0.1111111111111111,1,1,0,0,0,0,1,1,0.05,0.22,0.00018799043724741652,524400.0
10666625,1,0.0,1.0,0.0,0.0,0.0,1.0,0.0,0.0,0.0,0.0,0.0,0.0,0.0,0.0,0.0,1.0,0.0,0.0,0.15918367346938778,0.2727272727272727,0.18181818181818182,0.0,0.1111111111111111,1,1,0,0,0,0,1,1,0.05,0.22,0.00018890746377057464,524400.0
10666628,1,0.0,0.0,1.0,0.0,0.0,0.0,0.0,1.0,0.0,0.0,0.0,0.0,0.0,0.0,0.0,0.0,1.0,0.0,0.17346938775510207,0.1818181818181818,0.09090909090909091,0.0,0.1111111111111111,1,1,0,0,0,0,0,1,0.0,0.0,0.00021458420641900226,330000.0
10666633,1,0.0,0.0,1.0,0.0,0.0,0.0,0.0,1.0,0.0,0.0,0.0,0.0,0.0,0.0,0.0,0.0,0.0,1.0,0.1326530612244898,0.2727272727272727,0.18181818181818182,0.14285714285714285,0.0,1,3,0,0,0,0,1,1,0.3,0.0,0.0005254561977696081,399000.0
10666632,1,0.0,0.0,1.0,0.0,0.0,0.0,0.0,1.0,0.0,0.0,0.0,0.0,0.0,0.0,0.0,0.0,0.0,1.0,0.1112244897959184,0.1818181818181818,0.09090909090909091,0.07142857142857142,0.0,3,3,0,0,0,0,1,1,0.11,0.0,0.00022100339208110917,189000.0
10666635,1,0.0,0.0,1.0,0.0,0.0,0.0,0.0,1.0,0.0,0.0,0.0,0.0,0.0,0.0,0.0,1.0,0.0,0.0,0.1326530612244898,0.09090909090909091,0.09090909090909091,0.07142857142857142,0.05555555555555555,5,5,0,0,0,0,1,1,0.155,0.0,0.0,149000.0
10666640,0,0.0,1.0,0.0,0.0,0.0,1.0,0.0,0.0,0.0,0.0,0.0,0.0,0.0,0.0,0.0,0.0,0.0,1.0,0.09183673469387757,0.1818181818181818,0.09090909090909091,0.0,0.0,2,2,1,0,0,0,0,0,0.0,0.0,0.0,395000.0
10666644,1,0.0,0.0,1.0,0.0,0.0,0.0,0.0,0.0,0.0,0.0,0.0,1.0,0.0,0.0,0.0,1.0,0.0,0.0,0.12244897959183676,0.1818181818181818,0.09090909090909091,0.07142857142857142,0.05555555555555555,5,0,0,0,0,0,1,1,0.8,0.1,0.0009032711253107574,210000.0
10666665,1,0.0,0.0,1.0,0.0,0.0,0.0,0.0,0.0,0.0,0.0,1.0,0.0,0.0,0.0,0.0,0.0,1.0,0.0,0.2510204081632653,0.1818181818181818,0.18181818181818182,0.14285714285714285,0.16666666666666666,3,3,0,0,0,0,0,1,0.0,0.2,0.0002567674264842762,515000.0
10666692,1,0.0,0.0,1.0,0.0,0.0,0.0,0.0,0.0,0.0,0.0,1.0,0.0,0.0,0.0,0.0,0.0,0.0,1.0,0.1836734693877551,0.1818181818181818,0.09090909090909091,0.07142857142857142,0.05555555555555555,4,4,0,0,0,0,1,1,1.0,0.3,0.001155453419179243,265000.0
10666669,0,0.0,0.0,1.0,0.0,0.0,0.0,0.0,0.0,0.0,0.0,0.0,0.0,1.0,0.0,0.0,0.0,0.0,1.0,0.10714285714285715,0.09090909090909091,0.18181818181818182,0.14285714285714285,0.05555555555555555,1,1,1,0,0,0,0,1,0.0,0.46,0.0,565000.0
10666704,1,0.0,1.0,0.0,0.0,0.0,0.0,1.0,0.0,0.0,0.0,0.0,0.0,0.0,0.0,0.0,0.0,0.0,1.0,0.21938775510204084,0.36363636363636365,0.2727272727272727,0.0,0.16666666666666666,3,2,0,1,0,0,0,1,0.0,0.0,0.0006620931497201694,649000.0
10666697,0,0.0,1.0,0.0,0.0,0.0,0.0,1.0,0.0,0.0,0.0,0.0,0.0,0.0,0.0,0.0,0.0,1.0,0.0,0.26326530612244897,0.1818181818181818,0.18181818181818182,0.07142857142857142,0.1111111111111111,1,2,1,0,0,0,0,1,0.0,0.0,0.0,860000.0
10666714,1,0.0,0.0,1.0,0.0,0.0,0.0,0.0,0.0,0.0,1.0,0.0,0.0,0.0,0.0,0.0,0.0,0.0,1.0,0.10816326530612247,0.1818181818181818,0.09090909090909091,0.07142857142857142,0.1111111111111111,1,1,0,0,0,0,1,1,0.093,0.25,0.0,354000.0
10666707,1,0.0,0.0,1.0,0.0,0.0,0.0,0.0,1.0,0.0,0.0,0.0,0.0,0.0,0.0,0.0,0.0,0.0,1.0,0.23469387755102042,0.4545454545454545,0.18181818181818182,0.07142857142857142,0.1111111111111111,3,5,0,0,0,0,0,1,0.0,0.0,0.0007143636615401827,335000.0
10666715,1,0.0,0.0,1.0,0.0,0.0,0.0,0.0,0.0,0.0,1.0,0.0,0.0,0.0,0.0,0.0,0.0,0.0,1.0,0.11224489795918369,0.1818181818181818,0.09090909090909091,0.07142857142857142,0.1111111111111111,1,1,0,0,0,0,1,1,0.108,0.26,0.0,380000.0
10666718,1,0.0,1.0,0.0,0.0,0.0,0.0,1.0,0.0,0.0,0.0,0.0,0.0,0.0,0.0,0.0,0.0,0.0,1.0,0.1285714285714286,0.1818181818181818,0.09090909090909091,0.0,0.05555555555555555,5,6,0,0,0,0,0,1,0.0,0.0,0.00037414682144851674,279000.0
10666723,1,0.0,0.0,1.0,0.0,0.0,0.0,0.0,0.0,0.0,0.0,0.0,0.0,1.0,0.0,0.0,0.0,0.0,1.0,0.10918367346938776,0.1818181818181818,0.09090909090909091,0.07142857142857142,0.1111111111111111,1,0,0,0,0,0,1,1,0.718,0.0,0.0006584250436275368,385000.0
10666731,0,1.0,0.0,0.0,0.0,1.0,0.0,0.0,0.0,0.0,0.0,0.0,0.0,0.0,0.0,0.0,0.0,1.0,0.0,0.10204081632653061,0.1818181818181818,0.18181818181818182,0.0,0.1111111111111111,0,0,1,0,0,0,0,1,0.0,0.11,0.0,545000.0
10666729,1,0.0,0.0,1.0,0.0,0.0,0.0,0.0,0.0,0.0,0.0,0.0,0.0,1.0,0.0,0.0,0.0,0.0,1.0,0.10918367346938776,0.1818181818181818,0.09090909090909091,0.07142857142857142,0.1111111111111111,1,0,0,0,0,0,1,1,0.76,0.0,0.0006969401576001783,390000.0
10666732,0,1.0,0.0,0.0,0.0,1.0,0.0,0.0,0.0,0.0,0.0,0.0,0.0,0.0,0.0,0.0,0.0,1.0,0.0,0.10204081632653061,0.09090909090909091,0.18181818181818182,0.0,0.1111111111111111,0,0,1,0,0,0,0,1,0.0,0.1,0.0,545000.0
10666730,0,1.0,0.0,0.0,0.0,1.0,0.0,0.0,0.0,0.0,0.0,0.0,0.0,0.0,0.0,0.0,0.0,1.0,0.0,0.15306122448979595,0.1818181818181818,0.2727272727272727,0.0,0.16666666666666666,0,0,1,0,0,0,0,1,0.0,0.16,0.0,805000.0
10666734,0,1.0,0.0,0.0,0.0,1.0,0.0,0.0,0.0,0.0,0.0,0.0,0.0,0.0,0.0,0.0,0.0,1.0,0.0,0.10204081632653061,0.09090909090909091,0.18181818181818182,0.0,0.1111111111111111,0,0,1,0,0,0,0,1,0.0,0.1,0.0,540000.0
10666733,0,1.0,0.0,0.0,0.0,1.0,0.0,0.0,0.0,0.0,0.0,0.0,0.0,0.0,0.0,0.0,0.0,1.0,0.0,0.11020408163265308,0.1818181818181818,0.18181818181818182,0.0,0.1111111111111111,0,0,1,0,0,0,0,1,0.0,0.13,0.0,575000.0
10666737,0,1.0,0.0,0.0,0.0,1.0,0.0,0.0,0.0,0.0,0.0,0.0,0.0,0.0,0.0,0.0,1.0,0.0,0.0,0.1459183673469388,0.1818181818181818,0.2727272727272727,0.0,0.1111111111111111,1,1,1,0,0,0,0,1,0.0,0.28,0.0,1245000.0
10666736,0,1.0,0.0,0.0,0.0,1.0,0.0,0.0,0.0,0.0,0.0,0.0,0.0,0.0,0.0,0.0,0.0,1.0,0.0,0.10204081632653061,0.1818181818181818,0.18181818181818182,0.0,0.1111111111111111,0,0,1,0,0,0,0,1,0.0,0.1,0.0,540000.0
10666735,0,1.0,0.0,0.0,0.0,1.0,0.0,0.0,0.0,0.0,0.0,0.0,0.0,0.0,0.0,0.0,0.0,1.0,0.0,0.10204081632653061,0.09090909090909091,0.18181818181818182,0.0,0.1111111111111111,0,0,1,0,0,0,0,1,0.0,0.1,0.0,540000.0
10666738,0,1.0,0.0,0.0,0.0,1.0,0.0,0.0,0.0,0.0,0.0,0.0,0.0,0.0,0.0,0.0,1.0,0.0,0.0,0.1459183673469388,0.1818181818181818,0.2727272727272727,0.0,0.16666666666666666,1,1,1,0,0,0,1,1,0.25,0.28,0.0,1350000.0
10666739,0,1.0,0.0,0.0,0.0,1.0,0.0,0.0,0.0,0.0,0.0,0.0,0.0,0.0,0.0,0.0,0.0,0.0,1.0,0.1622448979591837,0.1818181818181818,0.2727272727272727,0.0,0.16666666666666666,1,0,1,0,0,0,0,1,0.0,0.37,0.0,1350000.0
10666745,1,0.0,1.0,0.0,0.0,0.0,0.0,1.0,0.0,0.0,0.0,0.0,0.0,0.0,0.0,0.0,0.0,0.0,1.0,0.12448979591836737,0.1818181818181818,0.09090909090909091,0.07142857142857142,0.1111111111111111,1,0,0,0,0,0,1,1,0.059000000000000004,0.22,0.0,489470.0
10666742,0,0.0,1.0,0.0,1.0,0.0,0.0,0.0,0.0,0.0,0.0,0.0,0.0,0.0,0.0,1.0,0.0,0.0,0.0,0.0979591836734694,0.09090909090909091,0.09090909090909091,0.0,0.0,3,3,1,0,0,0,0,1,0.0,0.0,0.0,425000.0
10666740,1,0.0,1.0,0.0,1.0,0.0,0.0,0.0,0.0,0.0,0.0,0.0,0.0,0.0,0.0,0.0,0.0,0.0,1.0,0.163265306122449,0.1818181818181818,0.09090909090909091,0.0,0.0,5,0,0,0,0,0,1,1,0.64,0.0,0.0005868969748212028,395000.0
10666743,1,0.0,0.0,1.0,0.0,0.0,0.0,0.0,1.0,0.0,0.0,0.0,0.0,0.0,0.0,0.0,0.0,0.0,1.0,0.1,0.1818181818181818,0.09090909090909091,0.07142857142857142,0.05555555555555555,6,7,0,0,0,0,0,1,0.0,0.0,0.00017423503940004458,80000.0
10666751,1,0.0,1.0,0.0,0.0,0.0,0.0,1.0,0.0,0.0,0.0,0.0,0.0,0.0,0.0,0.0,0.0,0.0,1.0,0.19183673469387758,0.2727272727272727,0.09090909090909091,0.0,0.1111111111111111,1,2,0,0,0,0,0,1,0.0,0.0,0.00038240006015693995,380000.0
10666747,1,0.0,1.0,0.0,0.0,0.0,0.0,1.0,0.0,0.0,0.0,0.0,0.0,0.0,0.0,0.0,0.0,0.0,1.0,0.13877551020408166,0.1818181818181818,0.09090909090909091,0.07142857142857142,0.1111111111111111,1,0,0,0,0,0,1,1,0.06,0.19,0.0,500113.0
10666749,0,0.0,1.0,0.0,1.0,0.0,0.0,0.0,0.0,0.0,0.0,0.0,0.0,0.0,0.0,1.0,0.0,0.0,0.0,0.13775510204081634,0.09090909090909091,0.18181818181818182,0.07142857142857142,0.1111111111111111,0,2,1,0,0,0,0,1,0.0,0.0,0.0,370000.0
10666748,1,0.0,1.0,0.0,1.0,0.0,0.0,0.0,0.0,0.0,0.0,0.0,0.0,0.0,0.0,1.0,0.0,0.0,0.0,0.4061224489795919,0.09090909090909091,0.09090909090909091,0.07142857142857142,0.0,0,0,1,0,0,0,0,1,0.0,0.0,0.0,1300000.0
10666753,0,0.0,0.0,1.0,0.0,0.0,0.0,0.0,0.0,0.0,0.0,0.0,0.0,1.0,0.0,0.0,0.0,0.0,1.0,0.042857142857142864,0.0,0.09090909090909091,0.0,0.05555555555555555,3,5,0,0,0,0,0,0,0.0,0.0,0.0,170000.0
10666754,1,0.0,0.0,1.0,0.0,0.0,0.0,0.0,0.0,0.0,0.0,0.0,0.0,1.0,0.0,0.0,0.0,0.0,1.0,0.5040816326530613,0.8181818181818182,0.9090909090909092,0.14285714285714285,0.2222222222222222,1,4,0,0,0,0,1,1,1.0,0.59,0.0037827344080272837,1495000.0
10666756,1,0.0,0.0,1.0,0.0,0.0,0.0,0.0,0.0,0.0,0.0,0.0,0.0,1.0,0.0,0.0,0.0,0.0,1.0,0.5040816326530613,0.8181818181818182,0.9090909090909092,0.14285714285714285,0.2222222222222222,1,4,0,0,0,0,1,1,1.0,0.59,0.0037827344080272837,1495000.0
10666752,1,0.0,1.0,0.0,0.0,0.0,0.0,0.0,0.0,1.0,0.0,0.0,0.0,0.0,0.0,0.0,0.0,0.0,1.0,0.17448979591836736,0.1818181818181818,0.09090909090909091,0.0,0.0,0,1,0,0,0,0,0,1,0.0,0.0,0.0003649765562169355,415000.0
10666760,1,1.0,0.0,0.0,0.0,1.0,0.0,0.0,0.0,0.0,0.0,0.0,0.0,0.0,0.0,0.0,1.0,0.0,0.0,0.663265306122449,0.9090909090909091,0.6363636363636364,0.0,0.611111111111111,3,7,0,0,0,0,0,0,0.0,0.0,0.00017423503940004458,1450000.0
10666761,1,0.0,1.0,0.0,0.0,0.0,1.0,0.0,0.0,0.0,0.0,0.0,0.0,0.0,0.0,0.0,0.0,1.0,0.0,0.22244897959183677,0.1818181818181818,0.09090909090909091,0.07142857142857142,0.1111111111111111,1,3,0,0,1,0,0,1,0.0,0.0,0.00033929981356850786,419000.0
10666762,1,0.0,1.0,0.0,0.0,0.0,1.0,0.0,0.0,0.0,0.0,0.0,0.0,0.0,0.0,0.0,0.0,0.0,1.0,0.17244897959183675,0.1818181818181818,0.09090909090909091,0.0,0.0,1,3,0,0,0,0,0,1,0.0,0.0,0.0004768537920422273,359000.0
10666766,1,0.0,0.0,1.0,0.0,0.0,0.0,0.0,1.0,0.0,0.0,0.0,0.0,0.0,0.0,0.0,0.0,0.0,1.0,0.1285714285714286,0.1818181818181818,0.09090909090909091,0.0,0.1111111111111111,0,0,0,0,0,0,1,1,0.19,0.0,0.00023842689602111364,315000.0
10666768,1,0.0,0.0,1.0,0.0,0.0,0.0,0.0,1.0,0.0,0.0,0.0,0.0,0.0,0.0,0.0,1.0,0.0,0.0,0.07142857142857142,0.09090909090909091,0.09090909090909091,0.0,0.05555555555555555,3,5,0,0,0,0,0,1,0.0,0.0,0.00010820912973265926,160000.0
10666767,1,0.0,0.0,1.0,0.0,0.0,0.0,0.0,1.0,0.0,0.0,0.0,0.0,0.0,0.0,0.0,0.0,0.0,1.0,0.15816326530612246,0.1818181818181818,0.09090909090909091,0.0,0.05555555555555555,0,0,0,0,0,0,1,1,0.17,0.0,0.00022558852469689982,260000.0
10666769,0,0.0,1.0,0.0,0.0,0.0,1.0,0.0,0.0,0.0,0.0,0.0,0.0,0.0,0.0,0.0,0.0,0.0,1.0,0.08979591836734696,0.09090909090909091,0.09090909090909091,0.0,0.05555555555555555,3,5,0,0,0,0,0,0,0.0,0.0,0.0,199000.0
10666770,1,1.0,0.0,0.0,0.0,1.0,0.0,0.0,0.0,0.0,0.0,0.0,0.0,0.0,0.0,0.0,1.0,0.0,0.0,0.2448979591836735,0.2727272727272727,0.2727272727272727,0.0,0.2222222222222222,5,0,0,0,0,0,0,1,0.0,0.08,4.860240572738086e-05,750000.0
10666781,1,0.0,1.0,0.0,0.0,0.0,0.0,1.0,0.0,0.0,0.0,0.0,0.0,0.0,0.0,0.0,0.0,0.0,1.0,0.07653061224489796,0.09090909090909091,0.09090909090909091,0.0,0.05555555555555555,3,3,0,0,0,0,0,1,0.0,0.0,0.00019257556986320717,340000.0
10666778,0,1.0,0.0,0.0,0.0,1.0,0.0,0.0,0.0,0.0,0.0,0.0,0.0,0.0,0.0,0.0,0.0,0.0,1.0,0.10102040816326532,0.1818181818181818,0.18181818181818182,0.14285714285714285,0.1111111111111111,1,3,1,0,0,0,0,1,0.0,0.44,0.0,599000.0
10666775,1,0.0,1.0,0.0,0.0,0.0,1.0,0.0,0.0,0.0,0.0,0.0,0.0,0.0,0.0,0.0,1.0,0.0,0.0,0.32142857142857145,0.5454545454545454,0.18181818181818182,0.14285714285714285,0.16666666666666666,5,4,0,0,0,0,1,1,0.75,0.4,0.001240736885832949,640000.0
10666779,1,0.0,1.0,0.0,0.0,0.0,1.0,0.0,0.0,0.0,0.0,0.0,0.0,0.0,0.0,0.0,0.0,0.0,1.0,0.12244897959183676,0.2727272727272727,0.18181818181818182,0.0,0.1111111111111111,3,2,0,0,0,0,0,1,0.0,0.21,0.0001467242437053007,320000.0
10666783,1,0.0,1.0,0.0,0.0,0.0,0.0,1.0,0.0,0.0,0.0,0.0,0.0,0.0,0.0,0.0,0.0,0.0,1.0,0.12244897959183676,0.1818181818181818,0.09090909090909091,0.0,0.1111111111111111,3,3,0,0,0,0,0,1,0.0,0.0,0.0003374657605221916,440000.0
10666785,0,0.0,1.0,0.0,0.0,0.0,0.0,1.0,0.0,0.0,0.0,0.0,0.0,0.0,0.0,0.0,0.0,0.0,1.0,0.07653061224489796,0.09090909090909091,0.09090909090909091,0.0,0.05555555555555555,3,3,0,0,0,0,0,1,0.0,0.0,0.0,340000.0
10666786,1,0.0,1.0,0.0,1.0,0.0,0.0,0.0,0.0,0.0,0.0,0.0,0.0,0.0,0.0,0.0,0.0,0.0,1.0,0.09489795918367347,0.09090909090909091,0.09090909090909091,0.0,0.0,0,6,0,0,0,0,0,1,0.0,0.0,0.0,155000.0
10666794,1,0.0,1.0,0.0,0.0,0.0,1.0,0.0,0.0,0.0,0.0,0.0,0.0,0.0,0.0,0.0,0.0,0.0,1.0,0.09183673469387757,0.09090909090909091,0.09090909090909091,0.0,0.1111111111111111,3,4,0,0,0,0,0,1,0.0,0.0,0.0005685564443580402,249000.0
10666795,1,0.0,1.0,0.0,0.0,0.0,0.0,1.0,0.0,0.0,0.0,0.0,0.0,0.0,0.0,0.0,0.0,0.0,1.0,0.23469387755102042,0.2727272727272727,0.0,0.0,0.0,4,6,0,0,0,0,0,0,0.0,0.0,0.001531434293674076,350000.0
10666802,1,0.0,1.0,0.0,1.0,0.0,0.0,0.0,0.0,0.0,0.0,0.0,0.0,0.0,0.0,0.0,0.0,0.0,1.0,0.23469387755102042,0.2727272727272727,0.09090909090909091,0.07142857142857142,0.0,1,4,0,0,0,0,0,1,0.0,0.1,8.161536056107351e-05,465000.0
10666797,1,0.0,1.0,0.0,0.0,0.0,0.0,1.0,0.0,0.0,0.0,0.0,0.0,0.0,0.0,0.0,0.0,0.0,1.0,0.25,0.09090909090909091,0.09090909090909091,0.07142857142857142,0.16666666666666666,5,0,0,0,0,0,0,0,0.0,0.0,0.0001714839598305702,195000.0
10666801,0,0.0,1.0,0.0,1.0,0.0,0.0,0.0,0.0,0.0,0.0,0.0,0.0,0.0,0.0,0.0,1.0,0.0,0.0,0.02959183673469388,0.0,0.09090909090909091,0.0,0.0,3,3,0,0,0,0,0,1,0.0,0.1,0.0,139000.0
10666803,0,0.0,1.0,0.0,1.0,0.0,0.0,0.0,0.0,0.0,0.0,0.0,0.0,0.0,0.0,1.0,0.0,0.0,0.0,0.10204081632653061,0.09090909090909091,0.09090909090909091,0.0,0.05555555555555555,3,5,1,0,0,0,0,0,0.0,0.0,0.0,369000.0
10666804,1,0.0,0.0,1.0,0.0,0.0,0.0,0.0,0.0,0.0,0.0,1.0,0.0,0.0,0.0,0.0,0.0,1.0,0.0,0.10510204081632654,0.2727272727272727,0.09090909090909091,0.0,0.05555555555555555,5,0,0,0,0,0,1,1,0.856,0.2,0.0007849747038233587,249000.0
10666816,1,0.0,1.0,0.0,1.0,0.0,0.0,0.0,0.0,0.0,0.0,0.0,0.0,0.0,0.0,0.0,0.0,1.0,0.0,0.35714285714285715,0.2727272727272727,0.18181818181818182,0.0,0.16666666666666666,1,2,0,0,1,0,0,1,0.0,0.0,0.0018340530463162588,2200000.0
10666814,0,1.0,0.0,0.0,0.0,1.0,0.0,0.0,0.0,0.0,0.0,0.0,0.0,0.0,0.0,1.0,0.0,0.0,0.0,0.3693877551020408,0.2727272727272727,0.2727272727272727,0.14285714285714285,0.0,2,4,1,0,0,0,0,1,0.0,0.06,0.0,1490000.0
10666807,0,1.0,0.0,0.0,0.0,1.0,0.0,0.0,0.0,0.0,0.0,0.0,0.0,0.0,0.0,0.0,0.0,0.0,1.0,0.1326530612244898,0.09090909090909091,0.09090909090909091,0.07142857142857142,0.1111111111111111,1,3,1,0,1,0,0,1,0.0,0.1,0.0,825000.0
10666825,1,0.0,1.0,0.0,1.0,0.0,0.0,0.0,0.0,0.0,0.0,0.0,0.0,0.0,0.0,0.0,0.0,0.0,1.0,0.17551020408163268,0.1818181818181818,0.09090909090909091,0.0,0.1111111111111111,3,2,0,0,0,0,1,1,0.25,0.0,0.0004814389246580179,549000.0
10666822,0,0.0,0.0,1.0,0.0,0.0,0.0,0.0,0.0,0.0,0.0,0.0,0.0,1.0,0.0,0.0,0.0,0.0,1.0,0.10816326530612247,0.1818181818181818,0.18181818181818182,0.0,0.1111111111111111,0,2,1,0,0,0,0,1,0.0,0.14,0.0,430000.0
10666824,1,0.0,1.0,0.0,0.0,0.0,0.0,1.0,0.0,0.0,0.0,0.0,0.0,0.0,0.0,1.0,0.0,0.0,0.0,0.17346938775510207,0.2727272727272727,0.09090909090909091,0.0,0.1111111111111111,1,1,0,0,0,0,0,1,0.0,0.0,0.00047410271247275284,640000.0
10666826,1,0.0,1.0,0.0,0.0,0.0,0.0,1.0,0.0,0.0,0.0,0.0,0.0,0.0,0.0,0.0,0.0,0.0,1.0,0.43367346938775514,0.2727272727272727,0.18181818181818182,0.14285714285714285,0.16666666666666666,3,2,0,0,0,0,1,1,1.0,0.0,0.0015250151080119692,795000.0
10666831,1,0.0,1.0,0.0,0.0,0.0,0.0,1.0,0.0,0.0,0.0,0.0,0.0,0.0,0.0,0.0,1.0,0.0,0.0,0.2142857142857143,0.1818181818181818,0.09090909090909091,0.07142857142857142,0.1111111111111111,0,0,0,0,0,0,0,1,0.0,0.16,0.00031912523005902903,610000.0
10666832,1,0.0,1.0,0.0,0.0,0.0,0.0,1.0,0.0,0.0,0.0,0.0,0.0,0.0,0.0,0.0,1.0,0.0,0.0,0.23673469387755106,0.1818181818181818,0.09090909090909091,0.07142857142857142,0.1111111111111111,0,0,0,0,0,0,1,1,0.369,0.16,0.0003383827870453497,620000.0
10666827,0,1.0,0.0,0.0,0.0,1.0,0.0,0.0,0.0,0.0,0.0,0.0,0.0,0.0,0.0,0.0,1.0,0.0,0.0,0.09693877551020408,0.09090909090909091,0.09090909090909091,0.07142857142857142,0.1111111111111111,1,5,1,0,0,0,0,0,0.0,0.0,0.0,245000.0
10666834,0,0.0,1.0,0.0,0.0,0.0,0.0,0.0,0.0,0.0,0.0,0.0,0.0,0.0,1.0,0.0,0.0,0.0,1.0,0.06632653061224492,0.09090909090909091,0.09090909090909091,0.0,0.05555555555555555,3,3,1,1,0,0,0,1,0.0,0.0,0.0,295000.0
10666833,1,1.0,0.0,0.0,0.0,1.0,0.0,0.0,0.0,0.0,0.0,0.0,0.0,0.0,0.0,0.0,1.0,0.0,0.0,0.163265306122449,0.36363636363636365,0.18181818181818182,0.0,0.16666666666666666,3,6,0,0,0,0,0,1,0.0,0.28,9.170265231581294e-05,435000.0
10666836,1,0.0,1.0,0.0,0.0,0.0,0.0,1.0,0.0,0.0,0.0,0.0,0.0,0.0,0.0,0.0,0.0,0.0,1.0,0.15000000000000002,0.09090909090909091,0.09090909090909091,0.0,0.1111111111111111,4,5,0,1,0,0,0,0,0.0,0.0,0.000368644662309568,329000.0
10666844,1,0.0,0.0,1.0,0.0,0.0,0.0,0.0,1.0,0.0,0.0,0.0,0.0,0.0,0.0,0.0,1.0,0.0,0.0,0.09693877551020408,0.1818181818181818,0.09090909090909091,0.0,0.0,4,6,0,0,0,0,0,0,0.0,0.0,0.00037139574187904236,129000.0
10666843,0,1.0,0.0,0.0,0.0,1.0,0.0,0.0,0.0,0.0,0.0,0.0,0.0,0.0,0.0,1.0,0.0,0.0,0.0,0.030612244897959183,0.0,0.09090909090909091,0.0,0.05555555555555555,2,0,0,0,0,0,0,0,0.0,0.0,0.0,179000.0
10666848,0,1.0,0.0,0.0,0.0,1.0,0.0,0.0,0.0,0.0,0.0,0.0,0.0,0.0,0.0,0.0,1.0,0.0,0.0,0.12244897959183676,0.1818181818181818,0.2727272727272727,0.21428571428571427,0.16666666666666666,1,0,1,0,0,0,0,1,0.0,0.27,0.0,775000.0
10666854,1,0.0,0.0,1.0,0.0,0.0,0.0,0.0,0.0,0.0,1.0,0.0,0.0,0.0,0.0,0.0,0.0,1.0,0.0,0.2826530612244898,0.36363636363636365,0.4545454545454546,0.3571428571428571,0.2777777777777778,3,4,0,0,0,0,0,1,0.0,0.86,0.00021091610032636975,299000.0
10666853,1,0.0,0.0,1.0,0.0,0.0,0.0,0.0,0.0,0.0,1.0,0.0,0.0,0.0,0.0,0.0,0.0,0.0,1.0,0.17755102040816328,0.1818181818181818,0.09090909090909091,0.07142857142857142,0.1111111111111111,1,2,0,0,0,0,1,1,0.082,0.34,0.0001806542250621515,319000.0
10666852,1,0.0,1.0,0.0,0.0,0.0,0.0,1.0,0.0,0.0,0.0,0.0,0.0,0.0,0.0,0.0,1.0,0.0,0.0,0.17346938775510207,0.2727272727272727,0.18181818181818182,0.0,0.1111111111111111,5,5,0,0,0,0,1,0,0.23,0.0,0.0005135348529685524,640000.0
10666856,0,0.0,1.0,0.0,0.0,0.0,0.0,1.0,0.0,0.0,0.0,0.0,0.0,0.0,0.0,0.0,0.0,1.0,0.0,0.09693877551020408,0.09090909090909091,0.09090909090909091,0.07142857142857142,0.05555555555555555,1,2,1,0,0,0,0,1,0.0,0.12,0.0,269000.0
10666851,1,0.0,0.0,1.0,0.0,0.0,0.0,0.0,0.0,0.0,1.0,0.0,0.0,0.0,0.0,0.0,1.0,0.0,0.0,0.163265306122449,0.2727272727272727,0.09090909090909091,0.0,0.1111111111111111,1,3,0,0,1,0,0,1,0.0,1.0,0.0011921344801055682,569000.0
10666857,1,0.0,0.0,1.0,0.0,0.0,0.0,0.0,1.0,0.0,0.0,0.0,0.0,0.0,0.0,0.0,0.0,0.0,1.0,0.3622448979591837,0.2727272727272727,0.09090909090909091,0.0,0.1111111111111111,5,7,0,0,0,0,0,1,0.0,0.0,0.029978514068562407,695000.0
10666860,1,0.0,1.0,0.0,0.0,0.0,1.0,0.0,0.0,0.0,0.0,0.0,0.0,0.0,0.0,0.0,0.0,1.0,0.0,0.15000000000000002,0.09090909090909091,0.0,0.0,0.05555555555555555,0,6,0,0,0,0,0,1,0.0,0.0,0.0001467242437053007,150000.0
10666861,0,0.0,0.0,1.0,0.0,0.0,0.0,0.0,0.0,0.0,1.0,0.0,0.0,0.0,0.0,1.0,0.0,0.0,0.0,0.04081632653061225,0.0,0.09090909090909091,0.0,0.05555555555555555,3,2,1,0,0,0,0,1,0.0,0.02,0.0,175000.0
10666862,1,0.0,0.0,1.0,0.0,0.0,0.0,0.0,1.0,0.0,0.0,0.0,0.0,0.0,0.0,0.0,0.0,0.0,1.0,0.20612244897959187,0.36363636363636365,0.18181818181818182,0.07142857142857142,0.1111111111111111,3,6,0,0,0,0,1,0,0.465,0.0,0.0008143195525644189,279999.0
10666865,1,0.0,0.0,1.0,0.0,0.0,0.0,0.0,1.0,0.0,0.0,0.0,0.0,0.0,0.0,0.0,0.0,0.0,1.0,0.09183673469387757,0.1818181818181818,0.09090909090909091,0.07142857142857142,0.05555555555555555,4,5,0,0,0,0,0,1,0.0,0.07,0.0,140000.0
10666867,1,0.0,1.0,0.0,0.0,0.0,0.0,1.0,0.0,0.0,0.0,0.0,0.0,0.0,0.0,0.0,0.0,0.0,1.0,0.22653061224489798,0.1818181818181818,0.09090909090909091,0.0,0.1111111111111111,0,3,0,0,0,0,1,0,1.0,0.0,0.002242129849121626,599000.0
10666863,1,0.0,0.0,1.0,0.0,0.0,0.0,0.0,1.0,0.0,0.0,0.0,0.0,0.0,0.0,0.0,0.0,0.0,1.0,0.23571428571428574,0.36363636363636365,0.2727272727272727,0.21428571428571427,0.16666666666666666,4,4,0,0,0,0,0,0,0.0,0.0,8.803454622318042e-05,279000.0
10666869,1,0.0,1.0,0.0,0.0,0.0,0.0,1.0,0.0,0.0,0.0,0.0,0.0,0.0,0.0,0.0,0.0,0.0,1.0,0.29591836734693877,0.36363636363636365,0.09090909090909091,0.0,0.0,1,3,0,0,0,0,0,0,0.0,0.0,0.0033223870934019025,685000.0
10666876,1,0.0,0.0,1.0,0.0,0.0,0.0,0.0,0.0,0.0,0.0,0.0,0.0,1.0,0.0,0.0,0.0,0.0,1.0,0.2642857142857143,0.2727272727272727,0.36363636363636365,0.14285714285714285,0.2222222222222222,1,2,0,0,0,0,1,1,1.0,1.0,0.0012242304084161026,599000.0
10666879,0,1.0,0.0,0.0,0.0,1.0,0.0,0.0,0.0,0.0,0.0,0.0,0.0,0.0,0.0,1.0,0.0,0.0,0.0,0.1163265306122449,0.36363636363636365,0.09090909090909091,0.07142857142857142,0.05555555555555555,3,7,0,0,0,0,0,0,0.0,0.0,0.0,365000.0
10666877,1,0.0,1.0,0.0,0.0,0.0,0.0,0.0,0.0,0.0,0.0,0.0,0.0,0.0,1.0,0.0,0.0,0.0,1.0,0.07448979591836735,0.09090909090909091,0.09090909090909091,0.0,0.0,2,3,0,0,0,0,0,1,0.0,0.75,0.00014122208456635192,285000.0
10666878,0,1.0,0.0,0.0,0.0,1.0,0.0,0.0,0.0,0.0,0.0,0.0,0.0,0.0,0.0,1.0,0.0,0.0,0.0,0.06020408163265307,0.09090909090909091,0.09090909090909091,0.07142857142857142,0.05555555555555555,3,5,0,0,0,0,0,0,0.0,0.0,0.0,245000.0
10666880,1,0.0,1.0,0.0,0.0,0.0,0.0,1.0,0.0,0.0,0.0,0.0,0.0,0.0,0.0,0.0,0.0,0.0,1.0,0.3,0.2727272727272727,0.09090909090909091,0.0,0.0,5,6,0,0,0,0,0,0,0.0,0.0,0.000843664401305479,349000.0
10666881,1,0.0,0.0,1.0,0.0,0.0,0.0,0.0,0.0,0.0,1.0,0.0,0.0,0.0,0.0,0.0,0.0,0.0,1.0,0.10408163265306122,0.1818181818181818,0.09090909090909091,0.07142857142857142,0.05555555555555555,3,4,0,0,0,0,0,0,0.0,0.0,9.445373188528732e-05,150000.0
10666864,1,0.0,0.0,1.0,0.0,0.0,0.0,0.0,1.0,0.0,0.0,0.0,0.0,0.0,0.0,0.0,0.0,0.0,1.0,0.23571428571428574,0.36363636363636365,0.2727272727272727,0.21428571428571427,0.16666666666666666,4,4,0,0,0,0,0,0,0.0,0.0,8.803454622318042e-05,279000.0
10666887,1,0.0,1.0,0.0,0.0,0.0,0.0,0.0,0.0,1.0,0.0,0.0,0.0,0.0,0.0,0.0,0.0,0.0,1.0,0.1979591836734694,0.1818181818181818,0.09090909090909091,0.0,0.1111111111111111,3,4,0,0,0,0,0,1,0.0,0.0,0.00093628408014445,379000.0
10666886,1,0.0,1.0,0.0,0.0,0.0,0.0,1.0,0.0,0.0,0.0,0.0,0.0,0.0,0.0,0.0,0.0,0.0,1.0,0.22040816326530616,0.1818181818181818,0.18181818181818182,0.0,0.16666666666666666,2,3,0,0,0,0,0,0,0.0,0.0,0.0009702140615013009,449000.0
10666890,1,0.0,0.0,1.0,0.0,0.0,0.0,0.0,0.0,0.0,0.0,0.0,0.0,1.0,0.0,0.0,0.0,0.0,1.0,0.10204081632653061,0.09090909090909091,0.09090909090909091,0.0,0.05555555555555555,3,6,0,0,1,0,1,1,1.0,0.42,0.0020174583509478847,495000.0
10666895,1,0.0,1.0,0.0,1.0,0.0,0.0,0.0,0.0,0.0,0.0,0.0,0.0,0.0,0.0,0.0,0.0,0.0,1.0,0.2122448979591837,0.2727272727272727,0.09090909090909091,0.0,0.1111111111111111,5,6,0,0,0,0,0,0,0.0,0.0,0.0004585132615790647,270000.0
10666891,0,0.0,1.0,0.0,1.0,0.0,0.0,0.0,0.0,0.0,0.0,0.0,0.0,0.0,0.0,0.0,0.0,0.0,1.0,0.0673469387755102,0.09090909090909091,0.09090909090909091,0.0,0.05555555555555555,3,4,1,0,0,0,1,1,0.02,0.0,0.0,180000.0
10666893,1,0.0,1.0,0.0,1.0,0.0,0.0,0.0,0.0,0.0,0.0,0.0,0.0,0.0,0.0,0.0,0.0,0.0,1.0,0.19897959183673472,0.1818181818181818,0.09090909090909091,0.0,0.05555555555555555,4,6,0,0,0,0,0,0,0.0,0.0,0.0003585573705548286,298000.0
10666892,1,0.0,1.0,0.0,1.0,0.0,0.0,0.0,0.0,0.0,0.0,0.0,0.0,0.0,0.0,0.0,0.0,0.0,1.0,0.10204081632653061,0.09090909090909091,0.09090909090909091,0.07142857142857142,0.1111111111111111,3,3,0,0,0,0,0,1,0.0,0.0,0.0008427473747823209,268500.0
10666898,0,0.0,1.0,0.0,0.0,0.0,1.0,0.0,0.0,0.0,0.0,0.0,0.0,0.0,0.0,0.0,0.0,0.0,1.0,0.09387755102040818,0.1818181818181818,0.09090909090909091,0.0,0.05555555555555555,1,1,1,0,0,0,0,1,0.0,0.06,0.0,279000.0
10666899,0,0.0,1.0,0.0,0.0,0.0,1.0,0.0,0.0,0.0,0.0,0.0,0.0,0.0,0.0,0.0,0.0,0.0,1.0,0.1142857142857143,0.1818181818181818,0.09090909090909091,0.0,0.05555555555555555,1,1,1,0,0,0,0,1,0.0,0.1,0.0,354000.0
10666903,1,0.0,0.0,1.0,0.0,0.0,0.0,0.0,0.0,0.0,0.0,0.0,1.0,0.0,0.0,0.0,0.0,0.0,1.0,0.3193877551020408,0.6363636363636364,0.36363636363636365,0.2857142857142857,0.2222222222222222,3,5,0,0,0,0,0,1,0.0,0.0,0.0012746668671897998,450000.0
10666904,0,1.0,0.0,0.0,0.0,1.0,0.0,0.0,0.0,0.0,0.0,0.0,0.0,0.0,0.0,0.0,0.0,0.0,1.0,0.05612244897959184,0.09090909090909091,0.09090909090909091,0.07142857142857142,0.05555555555555555,3,0,1,0,0,0,0,1,0.0,0.18,0.0,325000.0
10666906,1,0.0,0.0,1.0,0.0,0.0,0.0,0.0,1.0,0.0,0.0,0.0,0.0,0.0,0.0,0.0,0.0,0.0,1.0,0.1306122448979592,0.09090909090909091,0.09090909090909091,0.07142857142857142,0.16666666666666666,3,4,0,0,1,0,1,1,1.0,1.0,0.001190300427059252,299000.0
10666900,1,0.0,1.0,0.0,0.0,0.0,0.0,0.0,0.0,0.0,0.0,0.0,0.0,0.0,1.0,0.0,0.0,1.0,0.0,0.2653061224489796,0.2727272727272727,0.0,0.0,0.0,2,6,0,0,0,0,0,0,0.0,0.0,0.02751079569474388,1250000.0
10666907,0,1.0,0.0,0.0,0.0,1.0,0.0,0.0,0.0,0.0,0.0,0.0,0.0,0.0,0.0,0.0,1.0,0.0,0.0,0.05306122448979592,0.09090909090909091,0.09090909090909091,0.0,0.05555555555555555,1,4,1,0,0,0,0,1,0.0,0.05,0.0,295000.0
10666914,0,1.0,0.0,0.0,0.0,1.0,0.0,0.0,0.0,0.0,0.0,0.0,0.0,0.0,0.0,0.0,1.0,0.0,0.0,0.08061224489795918,0.09090909090909091,0.09090909090909091,0.0,0.1111111111111111,1,4,1,0,0,0,0,1,0.0,0.06,0.0,269500.0
10666917,1,0.0,1.0,0.0,0.0,0.0,0.0,0.0,0.0,0.0,0.0,0.0,0.0,0.0,1.0,0.0,0.0,1.0,0.0,0.1785714285714286,0.1818181818181818,0.09090909090909091,0.0,0.0,5,6,0,0,0,0,0,0,0.0,0.0,0.0002861122752253364,275000.0
10666923,1,0.0,1.0,0.0,0.0,0.0,0.0,0.0,0.0,1.0,0.0,0.0,0.0,0.0,0.0,0.0,0.0,0.0,1.0,0.16122448979591839,0.1818181818181818,0.18181818181818182,0.0,0.1111111111111111,1,0,0,0,0,0,0,0,0.0,0.0,0.00039157032538852124,427000.0
10666927,0,1.0,0.0,0.0,0.0,1.0,0.0,0.0,0.0,0.0,0.0,0.0,0.0,0.0,0.0,0.0,0.0,0.0,1.0,0.07551020408163267,0.09090909090909091,0.09090909090909091,0.07142857142857142,0.05555555555555555,1,3,1,0,0,0,0,1,0.0,0.18,0.0,450000.0
10666926,1,0.0,1.0,0.0,0.0,0.0,0.0,0.0,0.0,1.0,0.0,0.0,0.0,0.0,0.0,0.0,0.0,0.0,1.0,0.19183673469387758,0.1818181818181818,0.18181818181818182,0.0,0.1111111111111111,1,0,0,0,0,0,0,0,0.0,0.0,0.00043283651893063704,469000.0
10666925,0,1.0,0.0,0.0,0.0,1.0,0.0,0.0,0.0,0.0,0.0,0.0,0.0,0.0,0.0,0.0,1.0,0.0,0.0,0.020408163265306124,0.0,0.09090909090909091,0.0,0.05555555555555555,0,0,0,0,0,0,0,0,0.0,0.0,0.0,138000.0
10666931,1,0.0,1.0,0.0,0.0,0.0,0.0,0.0,0.0,1.0,0.0,0.0,0.0,0.0,0.0,0.0,0.0,0.0,1.0,0.19183673469387758,0.1818181818181818,0.18181818181818182,0.0,0.1111111111111111,1,0,0,0,0,0,0,0,0.0,0.0,0.00042550030674537204,473000.0
10666942,0,0.0,1.0,0.0,0.0,0.0,0.0,0.0,0.0,0.0,0.0,0.0,0.0,0.0,1.0,0.0,0.0,0.0,1.0,0.07040816326530613,0.09090909090909091,0.0,0.0,0.0,1,0,1,0,0,0,0,1,0.0,0.08,0.0,232500.0
10666938,1,0.0,1.0,0.0,0.0,0.0,0.0,1.0,0.0,0.0,0.0,0.0,0.0,0.0,0.0,0.0,0.0,0.0,1.0,0.08061224489795918,0.1818181818181818,0.09090909090909091,0.0,0.0,0,6,0,0,0,0,0,0,0.0,0.0,0.0009170265231581294,275000.0
10666944,1,0.0,0.0,1.0,0.0,0.0,0.0,0.0,0.0,0.0,0.0,1.0,0.0,0.0,0.0,0.0,0.0,1.0,0.0,0.16836734693877553,0.1818181818181818,0.18181818181818182,0.0,0.16666666666666666,1,2,0,1,0,0,1,1,0.15,0.3,0.00028336119565586194,599000.0
10666947,1,0.0,0.0,1.0,0.0,0.0,0.0,0.0,0.0,0.0,1.0,0.0,0.0,0.0,0.0,0.0,0.0,0.0,1.0,0.163265306122449,0.1818181818181818,0.0,0.0,0.1111111111111111,3,0,0,0,0,0,0,0,0.0,0.0,0.0,225000.0
10666943,1,0.0,0.0,1.0,0.0,0.0,0.0,0.0,0.0,0.0,0.0,1.0,0.0,0.0,0.0,0.0,0.0,1.0,0.0,0.49081632653061225,0.5454545454545454,0.18181818181818182,0.0,0.0,3,3,0,1,0,0,0,1,0.0,0.0,0.0013452779094729756,950000.0
10666949,1,0.0,1.0,0.0,0.0,0.0,0.0,0.0,0.0,0.0,0.0,0.0,0.0,0.0,1.0,0.0,0.0,0.0,1.0,0.47244897959183674,0.5454545454545454,0.0,0.0,0.1111111111111111,3,5,0,0,0,0,1,1,0.135,0.0,0.0004310024658843208,370000.0
10666953,1,0.0,0.0,1.0,0.0,0.0,0.0,0.0,0.0,0.0,1.0,0.0,0.0,0.0,0.0,0.0,0.0,0.0,1.0,0.1836734693877551,0.4545454545454545,0.09090909090909091,0.0,0.1111111111111111,0,7,0,0,0,0,1,1,0.7000000000000001,0.3,0.0011004318277897552,365000.0
10666955,0,0.0,1.0,0.0,0.0,0.0,0.0,0.0,0.0,0.0,0.0,0.0,0.0,0.0,1.0,0.0,0.0,1.0,0.0,0.05306122448979592,0.09090909090909091,0.09090909090909091,0.0,0.05555555555555555,1,0,1,0,0,0,0,1,0.0,0.04,0.0,325000.0
10666954,1,0.0,0.0,1.0,0.0,0.0,0.0,0.0,0.0,0.0,1.0,0.0,0.0,0.0,0.0,0.0,0.0,0.0,1.0,0.05612244897959184,0.09090909090909091,0.09090909090909091,0.0,0.05555555555555555,0,7,0,0,0,0,0,1,0.0,0.5,0.0007427914837580847,255000.0
10666945,1,0.0,0.0,1.0,0.0,0.0,0.0,0.0,0.0,0.0,0.0,1.0,0.0,0.0,0.0,0.0,0.0,1.0,0.0,0.213265306122449,0.2727272727272727,0.09090909090909091,0.0,0.1111111111111111,1,3,0,1,0,0,0,1,0.0,0.25,0.0008124854995181026,578000.0
10666957,1,0.0,0.0,1.0,0.0,0.0,0.0,0.0,0.0,0.0,0.0,0.0,1.0,0.0,0.0,0.0,0.0,1.0,0.0,0.04081632653061225,0.0,0.0,0.07142857142857142,0.05555555555555555,3,2,0,1,0,0,0,0,0.0,0.0,0.0,99000.0
10666958,0,0.0,1.0,0.0,0.0,0.0,0.0,0.0,0.0,0.0,0.0,0.0,0.0,0.0,1.0,0.0,0.0,0.0,1.0,0.07857142857142857,0.1818181818181818,0.0,0.14285714285714285,0.1111111111111111,1,0,1,0,0,0,0,1,0.0,0.01,0.0,495000.0
10666959,1,0.0,1.0,0.0,0.0,0.0,0.0,0.0,0.0,0.0,0.0,0.0,0.0,0.0,1.0,0.0,0.0,0.0,1.0,0.6826530612244899,0.5454545454545454,0.0,0.0,0.05555555555555555,1,0,0,0,1,0,1,1,0.0,0.0,0.005752507379770945,1495000.0
10666960,1,0.0,1.0,0.0,0.0,0.0,0.0,1.0,0.0,0.0,0.0,0.0,0.0,0.0,0.0,0.0,0.0,1.0,0.0,0.12244897959183676,0.1818181818181818,0.0,0.0,0.1111111111111111,1,2,0,0,0,0,0,0,0.0,0.0,0.00011646236844108242,315000.0
10666968,1,0.0,1.0,0.0,1.0,0.0,0.0,0.0,0.0,0.0,0.0,0.0,0.0,0.0,0.0,0.0,0.0,1.0,0.0,0.28061224489795916,0.4545454545454545,0.18181818181818182,0.0,0.16666666666666666,4,2,0,1,0,0,1,1,0.7000000000000001,0.35000000000000003,0.0008739262765696973,399000.0
10666969,1,0.0,1.0,0.0,1.0,0.0,0.0,0.0,0.0,0.0,0.0,0.0,0.0,0.0,0.0,0.0,0.0,0.0,1.0,0.17448979591836736,0.1818181818181818,0.09090909090909091,0.0,0.0,3,6,0,0,0,0,1,0,0.22,0.0,0.00033929981356850786,298000.0
10666971,1,0.0,0.0,1.0,0.0,0.0,0.0,0.0,1.0,0.0,0.0,0.0,0.0,0.0,0.0,0.0,0.0,0.0,1.0,0.10102040816326532,0.09090909090909091,0.0,0.07142857142857142,0.1111111111111111,3,7,0,0,0,0,1,0,0.392,0.0,0.0004126619354211582,179000.0
10535891,0,0.0,1.0,0.0,0.0,0.0,0.0,0.0,0.0,0.0,0.0,0.0,0.0,0.0,1.0,0.0,0.0,1.0,0.0,0.051020408163265314,0.09090909090909091,0.18181818181818182,0.0,0.0,0,0,0,0,0,0,0,0,0.0,0.0,0.0,949000.0
10666970,1,0.0,1.0,0.0,1.0,0.0,0.0,0.0,0.0,0.0,0.0,0.0,0.0,0.0,0.0,0.0,0.0,0.0,1.0,0.20714285714285716,0.1818181818181818,0.09090909090909091,0.0,0.0,3,5,0,0,0,0,0,0,0.0,0.0,0.00015589450893688199,419000.0
10666972,1,0.0,1.0,0.0,1.0,0.0,0.0,0.0,0.0,0.0,0.0,0.0,0.0,0.0,0.0,0.0,0.0,0.0,1.0,0.3673469387755102,0.1818181818181818,0.09090909090909091,0.0,0.2222222222222222,3,2,0,0,0,0,0,0,0.0,0.0,0.0011306937030539734,415000.0
10666973,1,0.0,1.0,0.0,0.0,0.0,0.0,1.0,0.0,0.0,0.0,0.0,0.0,0.0,0.0,0.0,0.0,0.0,1.0,0.49591836734693884,0.6363636363636364,0.7272727272727273,0.0,0.5555555555555556,3,0,0,1,1,1,0,1,0.0,0.0,0.01458438982430689,2575000.0
10666975,1,0.0,0.0,1.0,0.0,0.0,0.0,0.0,0.0,0.0,0.0,0.0,0.0,1.0,0.0,0.0,0.0,0.0,1.0,0.09183673469387757,0.1818181818181818,0.09090909090909091,0.0,0.05555555555555555,3,6,0,1,0,0,1,1,0.08,0.2,0.0003438849461842985,240000.0
10666982,0,0.0,0.0,1.0,0.0,0.0,0.0,0.0,0.0,0.0,1.0,0.0,0.0,0.0,0.0,0.0,0.0,1.0,0.0,0.014285714285714284,0.0,0.09090909090909091,0.0,0.0,0,1,1,0,0,0,0,0,0.0,0.0,0.0,135000.0
10666978,1,0.0,1.0,0.0,0.0,0.0,0.0,0.0,0.0,0.0,0.0,0.0,0.0,0.0,1.0,0.0,0.0,0.0,1.0,0.17244897959183675,0.1818181818181818,0.0,0.0,0.1111111111111111,4,3,0,0,0,0,0,0,0.0,0.0,0.0003429679196611404,349000.0
10666977,0,1.0,0.0,0.0,0.0,1.0,0.0,0.0,0.0,0.0,0.0,0.0,0.0,0.0,0.0,0.0,0.0,0.0,1.0,0.07857142857142857,0.09090909090909091,0.09090909090909091,0.0,0.0,3,5,0,0,0,0,0,1,0.0,0.0,0.0,299000.0
10666984,1,0.0,0.0,1.0,0.0,0.0,0.0,0.0,0.0,0.0,0.0,0.0,1.0,0.0,0.0,0.0,0.0,0.0,1.0,0.37244897959183676,0.4545454545454545,0.18181818181818182,0.0,0.16666666666666666,1,4,0,1,0,0,0,0,0.0,0.0,0.0030261875264218268,599000.0
10666986,1,0.0,1.0,0.0,0.0,0.0,0.0,0.0,0.0,0.0,0.0,0.0,0.0,0.0,1.0,0.0,0.0,0.0,1.0,0.6346938775510205,0.1818181818181818,0.0,0.0,0.05555555555555555,3,6,0,0,0,0,1,1,0.0,0.0,0.005432465123188758,1245000.0
10666985,1,0.0,1.0,0.0,1.0,0.0,0.0,0.0,0.0,0.0,0.0,0.0,0.0,0.0,0.0,0.0,0.0,0.0,1.0,0.22448979591836737,0.2727272727272727,0.0,0.0,0.1111111111111111,1,3,0,0,0,0,0,1,0.0,0.2,0.002297151440511114,649000.0
10666990,1,0.0,1.0,0.0,1.0,0.0,0.0,0.0,0.0,0.0,0.0,0.0,0.0,0.0,0.0,0.0,0.0,0.0,1.0,0.12551020408163266,0.1818181818181818,0.09090909090909091,0.0,0.1111111111111111,3,2,0,1,0,0,0,1,0.0,0.15,0.0002842782221790201,409000.0
10666992,1,0.0,0.0,1.0,0.0,0.0,0.0,0.0,1.0,0.0,0.0,0.0,0.0,0.0,0.0,0.0,1.0,0.0,0.0,0.1836734693877551,0.2727272727272727,0.18181818181818182,0.0,0.1111111111111111,0,7,0,0,0,0,1,0,0.16,0.0,0.00031178901787376397,220000.0
10666996,1,0.0,1.0,0.0,0.0,0.0,0.0,0.0,0.0,1.0,0.0,0.0,0.0,0.0,0.0,0.0,0.0,0.0,1.0,0.1806122448979592,0.1818181818181818,0.09090909090909091,0.0,0.1111111111111111,1,0,0,0,0,0,0,0,0.0,0.0,0.00046676650028748784,315000.0
10666998,0,0.0,1.0,0.0,1.0,0.0,0.0,0.0,0.0,0.0,0.0,0.0,0.0,0.0,0.0,0.0,0.0,1.0,0.0,0.06836734693877553,0.09090909090909091,0.09090909090909091,0.0,0.0,3,2,1,0,0,0,0,1,0.0,0.14,0.0,249000.0
10667005,1,0.0,0.0,1.0,0.0,0.0,0.0,0.0,1.0,0.0,0.0,0.0,0.0,0.0,0.0,0.0,0.0,1.0,0.0,0.09693877551020408,0.1818181818181818,0.09090909090909091,0.0,0.05555555555555555,3,3,0,0,0,0,0,1,0.0,0.0,0.00017423503940004458,165000.0
10666999,0,0.0,1.0,0.0,0.0,0.0,0.0,0.0,0.0,0.0,0.0,0.0,0.0,0.0,1.0,0.0,0.0,0.0,1.0,0.1326530612244898,0.09090909090909091,0.09090909090909091,0.0,0.0,3,2,0,0,0,0,0,1,0.0,0.0,0.0,300000.0
10667003,1,0.0,0.0,1.0,0.0,0.0,0.0,0.0,0.0,0.0,0.0,0.0,0.0,1.0,0.0,0.0,0.0,0.0,1.0,0.10714285714285715,0.1818181818181818,0.0,0.0,0.0,0,0,0,0,0,0,1,0,0.0,0.0,0.0011939685331518843,301119.0
10667011,0,0.0,0.0,1.0,0.0,0.0,0.0,0.0,0.0,0.0,1.0,0.0,0.0,0.0,0.0,0.0,0.0,0.0,1.0,0.09183673469387757,0.09090909090909091,0.09090909090909091,0.07142857142857142,0.1111111111111111,0,2,0,0,0,0,1,0,0.113,0.0,0.0,185000.0
10667020,1,0.0,1.0,0.0,0.0,0.0,0.0,0.0,0.0,1.0,0.0,0.0,0.0,0.0,0.0,0.0,0.0,0.0,1.0,0.1785714285714286,0.1818181818181818,0.09090909090909091,0.0,0.1111111111111111,1,0,0,0,0,0,0,0,0.0,0.0,0.0004154130149906326,305000.0
10667022,0,1.0,0.0,0.0,0.0,1.0,0.0,0.0,0.0,0.0,0.0,0.0,0.0,0.0,0.0,0.0,0.0,0.0,1.0,0.163265306122449,0.1818181818181818,0.18181818181818182,0.0,0.0,5,5,1,0,0,0,0,0,0.0,0.0,0.0,595000.0
10667013,0,0.0,1.0,0.0,0.0,0.0,1.0,0.0,0.0,0.0,0.0,0.0,0.0,0.0,0.0,0.0,0.0,1.0,0.0,0.06632653061224492,0.1818181818181818,0.09090909090909091,0.0,0.0,3,3,1,0,0,0,0,1,0.0,0.0,0.0,185000.0
10667023,1,0.0,1.0,0.0,1.0,0.0,0.0,0.0,0.0,0.0,0.0,0.0,0.0,0.0,0.0,0.0,0.0,1.0,0.0,0.18469387755102043,0.2727272727272727,0.0,0.0,0.1111111111111111,3,4,0,0,0,0,0,1,0.0,0.0,0.0005245391712464499,325000.0
10667032,1,0.0,0.0,1.0,0.0,0.0,0.0,0.0,1.0,0.0,0.0,0.0,0.0,0.0,0.0,0.0,0.0,0.0,1.0,0.0653061224489796,0.09090909090909091,0.0,0.07142857142857142,0.0,3,7,0,0,0,0,0,1,0.0,0.07,8.620049317686416e-05,160000.0
10667036,0,0.0,1.0,0.0,1.0,0.0,0.0,0.0,0.0,0.0,0.0,0.0,0.0,0.0,0.0,0.0,0.0,0.0,1.0,0.09387755102040818,0.09090909090909091,0.09090909090909091,0.0,0.0,3,0,1,0,0,0,0,1,0.0,0.12,0.0,315000.0
10667024,0,0.0,0.0,1.0,0.0,0.0,0.0,0.0,0.0,0.0,1.0,0.0,0.0,0.0,0.0,0.0,1.0,0.0,0.0,0.051020408163265314,0.0,0.09090909090909091,0.0,0.05555555555555555,3,3,0,0,0,0,0,0,0.0,0.0,0.0,169000.0
10536020,0,0.0,1.0,0.0,0.0,0.0,0.0,0.0,0.0,0.0,0.0,0.0,0.0,0.0,1.0,0.0,0.0,0.0,1.0,0.07959183673469389,0.09090909090909091,0.0,0.0,0.0,3,0,1,0,0,0,0,1,0.0,0.0,0.0,268500.0
10667054,1,0.0,1.0,0.0,0.0,0.0,0.0,0.0,0.0,1.0,0.0,0.0,0.0,0.0,0.0,0.0,0.0,0.0,1.0,0.17551020408163268,0.1818181818181818,0.09090909090909091,0.0,0.1111111111111111,1,0,0,0,0,0,0,0,0.0,0.0,0.0003594743970779867,393500.0
10536019,0,0.0,1.0,0.0,0.0,0.0,0.0,0.0,0.0,0.0,0.0,0.0,0.0,0.0,1.0,0.0,0.0,0.0,1.0,0.08469387755102042,0.09090909090909091,0.0,0.0,0.0,3,0,1,0,0,0,0,1,0.0,0.0,0.0,269500.0
10404956,1,0.0,0.0,1.0,0.0,0.0,0.0,0.0,0.0,0.0,1.0,0.0,0.0,0.0,0.0,0.0,0.0,0.0,1.0,0.1489795918367347,0.1818181818181818,0.09090909090909091,0.0,0.0,0,6,0,0,0,0,1,1,0.0,0.21,0.000999558910242361,319000.0
10667108,1,0.0,1.0,0.0,0.0,0.0,0.0,0.0,0.0,1.0,0.0,0.0,0.0,0.0,0.0,0.0,0.0,0.0,1.0,0.1806122448979592,0.1818181818181818,0.09090909090909091,0.0,0.1111111111111111,1,0,0,0,0,0,0,0,0.0,0.0,0.00031454009744323835,381000.0
10536037,1,0.0,1.0,0.0,0.0,0.0,1.0,0.0,0.0,0.0,0.0,0.0,0.0,0.0,0.0,0.0,0.0,0.0,1.0,0.2163265306122449,0.1818181818181818,0.09090909090909091,0.0,0.05555555555555555,1,3,0,1,0,0,1,1,0.0,0.0,0.0008023982077633632,624000.0
10667113,0,0.0,0.0,1.0,0.0,0.0,0.0,0.0,0.0,0.0,1.0,0.0,0.0,0.0,0.0,1.0,0.0,0.0,0.0,0.07653061224489796,0.09090909090909091,0.09090909090909091,0.0,0.0,4,4,0,0,0,0,0,0,0.0,0.0,0.0,145000.0
10667114,1,0.0,0.0,1.0,0.0,0.0,0.0,0.0,1.0,0.0,0.0,0.0,0.0,0.0,0.0,0.0,0.0,0.0,1.0,0.1479591836734694,0.1818181818181818,0.0,0.07142857142857142,0.1111111111111111,3,3,0,0,0,0,1,1,0.0,0.16,0.00015589450893688199,159500.0
10667115,1,0.0,1.0,0.0,0.0,0.0,0.0,1.0,0.0,0.0,0.0,0.0,0.0,0.0,0.0,0.0,0.0,0.0,1.0,0.163265306122449,0.2727272727272727,0.18181818181818182,0.0,0.1111111111111111,1,1,0,0,0,1,0,0,0.0,0.0,0.0004502600228706415,545000.0
10404970,0,0.0,0.0,1.0,0.0,0.0,0.0,0.0,0.0,0.0,1.0,0.0,0.0,0.0,0.0,0.0,0.0,1.0,0.0,0.09183673469387757,0.1818181818181818,0.18181818181818182,0.0,0.1111111111111111,4,2,1,0,0,0,0,1,0.0,0.23,0.0,210000.0
10667121,1,0.0,1.0,0.0,0.0,0.0,0.0,0.0,0.0,1.0,0.0,0.0,0.0,0.0,0.0,0.0,0.0,0.0,1.0,0.1806122448979592,0.1818181818181818,0.09090909090909091,0.0,0.1111111111111111,1,0,0,0,0,0,0,0,0.0,0.0,0.0004227492271758976,399500.0
10667127,1,0.0,1.0,0.0,0.0,0.0,1.0,0.0,0.0,0.0,0.0,0.0,0.0,0.0,0.0,0.0,0.0,0.0,1.0,0.1316326530612245,0.09090909090909091,0.09090909090909091,0.0,0.0,3,5,0,0,0,0,0,0,0.0,0.0,0.0007409574307117685,575000.0
10667147,1,0.0,1.0,0.0,0.0,0.0,0.0,0.0,0.0,0.0,0.0,0.0,0.0,0.0,1.0,0.0,0.0,0.0,1.0,0.08877551020408164,0.09090909090909091,0.09090909090909091,0.0,0.0,0,0,0,0,0,0,0,0,0.0,0.0,0.00016414774764530516,248565.0
10667148,0,0.0,1.0,0.0,0.0,0.0,1.0,0.0,0.0,0.0,0.0,0.0,0.0,0.0,0.0,0.0,0.0,0.0,1.0,0.20408163265306126,0.09090909090909091,0.09090909090909091,0.0,0.0,5,4,0,0,0,0,0,1,0.0,0.12,0.0,349000.0
10667156,1,0.0,1.0,0.0,0.0,0.0,0.0,1.0,0.0,0.0,0.0,0.0,0.0,0.0,0.0,0.0,0.0,0.0,1.0,0.23979591836734696,0.1818181818181818,0.09090909090909091,0.14285714285714285,0.1111111111111111,0,2,0,0,1,0,0,1,0.0,0.0,0.0012526582306340048,850000.0
10667154,1,1.0,0.0,0.0,0.0,1.0,0.0,0.0,0.0,0.0,0.0,0.0,0.0,0.0,0.0,0.0,1.0,0.0,0.0,0.2091836734693878,0.2727272727272727,0.18181818181818182,0.0,0.16666666666666666,0,6,0,0,0,0,1,1,0.112,0.11,0.0,539000.0
10667149,0,0.0,1.0,0.0,1.0,0.0,0.0,0.0,0.0,0.0,0.0,0.0,0.0,0.0,0.0,0.0,0.0,0.0,1.0,0.113265306122449,0.09090909090909091,0.09090909090909091,0.0,0.0,3,0,1,0,0,0,0,1,0.0,0.2,0.0,399000.0
10667152,0,0.0,1.0,0.0,1.0,0.0,0.0,0.0,0.0,0.0,0.0,0.0,0.0,0.0,0.0,0.0,0.0,0.0,1.0,0.113265306122449,0.09090909090909091,0.09090909090909091,0.0,0.0,3,0,1,0,0,0,0,1,0.0,0.2,0.0,399000.0
10667161,0,1.0,0.0,0.0,0.0,1.0,0.0,0.0,0.0,0.0,0.0,0.0,0.0,0.0,0.0,0.0,1.0,0.0,0.0,0.0816326530612245,0.09090909090909091,0.09090909090909091,0.07142857142857142,0.05555555555555555,3,5,1,0,0,0,0,1,0.0,0.09,0.0,295000.0
10667165,1,0.0,0.0,1.0,0.0,0.0,0.0,0.0,1.0,0.0,0.0,0.0,0.0,0.0,0.0,0.0,0.0,0.0,1.0,0.11224489795918369,0.09090909090909091,0.09090909090909091,0.0,0.05555555555555555,0,3,0,0,0,0,1,1,0.9,0.2,0.0009949737776265702,395000.0
10667166,1,0.0,0.0,1.0,0.0,0.0,0.0,0.0,1.0,0.0,0.0,0.0,0.0,0.0,0.0,0.0,0.0,0.0,1.0,0.163265306122449,0.1818181818181818,0.09090909090909091,0.0,0.05555555555555555,0,3,0,0,0,0,1,1,0.005,0.4,0.00018340530463162587,238000.0
10667167,1,0.0,0.0,1.0,0.0,0.0,0.0,0.0,0.0,0.0,0.0,0.0,1.0,0.0,0.0,0.0,0.0,0.0,1.0,0.10918367346938776,0.1818181818181818,0.09090909090909091,0.07142857142857142,0.1111111111111111,0,6,0,1,0,0,0,0,0.0,0.0,0.00012746668671897998,88000.0
10667164,1,0.0,1.0,0.0,0.0,0.0,0.0,0.0,0.0,0.0,0.0,0.0,0.0,0.0,1.0,0.0,0.0,0.0,1.0,0.23877551020408164,0.1818181818181818,0.0,0.0,0.05555555555555555,4,5,0,0,0,0,0,0,0.0,0.0,0.00028702930174849447,229000.0
10667169,1,1.0,0.0,0.0,0.0,1.0,0.0,0.0,0.0,0.0,0.0,0.0,0.0,0.0,0.0,0.0,1.0,0.0,0.0,0.21734693877551023,0.36363636363636365,0.09090909090909091,0.14285714285714285,0.16666666666666666,4,6,0,0,0,0,1,1,0.033,0.03,9.170265231581294e-05,780000.0
10667172,0,0.0,1.0,0.0,1.0,0.0,0.0,0.0,0.0,0.0,0.0,0.0,0.0,0.0,0.0,0.0,0.0,0.0,1.0,0.13673469387755105,0.09090909090909091,0.18181818181818182,0.0,0.0,3,0,1,0,0,0,0,1,0.0,0.14,0.0,435000.0
10667177,0,1.0,0.0,0.0,0.0,1.0,0.0,0.0,0.0,0.0,0.0,0.0,0.0,0.0,0.0,0.0,1.0,0.0,0.0,0.06326530612244899,0.09090909090909091,0.09090909090909091,0.07142857142857142,0.05555555555555555,3,5,1,0,0,0,1,1,0.005,0.0,0.0,199000.0
10667173,0,0.0,1.0,0.0,1.0,0.0,0.0,0.0,0.0,0.0,0.0,0.0,0.0,0.0,0.0,0.0,0.0,0.0,1.0,0.13673469387755105,0.09090909090909091,0.18181818181818182,0.0,0.0,3,0,1,0,0,0,0,1,0.0,0.14,0.0,435000.0
10667192,1,0.0,1.0,0.0,0.0,0.0,1.0,0.0,0.0,0.0,0.0,0.0,0.0,0.0,0.0,0.0,0.0,1.0,0.0,0.21530612244897962,0.09090909090909091,0.09090909090909091,0.07142857142857142,0.1111111111111111,0,3,0,0,0,0,0,1,0.0,0.0,0.00017331801287688646,295000.0
10667191,1,0.0,1.0,0.0,0.0,0.0,0.0,1.0,0.0,0.0,0.0,0.0,0.0,0.0,0.0,0.0,1.0,0.0,0.0,0.23469387755102042,0.36363636363636365,0.18181818181818182,0.07142857142857142,0.1111111111111111,3,0,0,1,0,0,1,1,0.7000000000000001,0.35000000000000003,0.0007336212185265035,695000.0
10667193,1,0.0,1.0,0.0,0.0,0.0,0.0,0.0,0.0,0.0,0.0,0.0,0.0,0.0,1.0,1.0,0.0,0.0,0.0,0.13469387755102044,0.2727272727272727,0.09090909090909091,0.0,0.1111111111111111,5,4,0,0,0,0,1,1,0.074,0.25,0.00013296884585792875,215000.0
10667196,0,1.0,0.0,0.0,0.0,1.0,0.0,0.0,0.0,0.0,0.0,0.0,0.0,0.0,0.0,1.0,0.0,0.0,0.0,0.14285714285714288,0.1818181818181818,0.18181818181818182,0.0,0.0,0,5,0,0,0,0,0,0,0.0,0.0,0.0,485000.0
10667201,1,0.0,1.0,0.0,0.0,0.0,0.0,0.0,0.0,0.0,0.0,0.0,0.0,0.0,1.0,0.0,0.0,0.0,1.0,0.21734693877551023,0.36363636363636365,0.0,0.0,0.05555555555555555,3,6,0,0,1,0,1,0,0.0,0.0,0.0009564586636539289,659000.0
10667205,0,0.0,0.0,1.0,0.0,0.0,0.0,0.0,0.0,0.0,0.0,0.0,1.0,0.0,0.0,0.0,1.0,0.0,0.0,0.0816326530612245,0.1818181818181818,0.09090909090909091,0.0,0.1111111111111111,0,2,0,1,0,0,1,1,0.043000000000000003,0.42,0.0,325000.0
10667204,0,0.0,0.0,1.0,0.0,0.0,0.0,0.0,0.0,0.0,0.0,0.0,1.0,0.0,0.0,0.0,1.0,0.0,0.0,0.07551020408163267,0.1818181818181818,0.09090909090909091,0.0,0.1111111111111111,0,2,0,1,0,0,1,1,0.043000000000000003,0.02,0.0,285000.0
10667206,1,0.0,0.0,1.0,0.0,0.0,0.0,0.0,0.0,0.0,0.0,1.0,0.0,0.0,0.0,0.0,0.0,1.0,0.0,0.22142857142857145,0.2727272727272727,0.09090909090909091,0.0,0.1111111111111111,1,3,0,1,0,0,0,1,0.0,0.12,0.0011737939496424055,559000.0
10667219,1,0.0,0.0,1.0,0.0,0.0,0.0,0.0,0.0,0.0,1.0,0.0,0.0,0.0,0.0,0.0,0.0,1.0,0.0,0.1326530612244898,0.1818181818181818,0.09090909090909091,0.0,0.05555555555555555,6,7,0,1,0,0,0,0,0.0,0.0,0.0001219645275800312,169000.0
10667221,1,0.0,1.0,0.0,0.0,0.0,0.0,0.0,0.0,0.0,0.0,0.0,0.0,0.0,1.0,0.0,0.0,0.0,1.0,0.5244897959183674,0.36363636363636365,0.09090909090909091,0.0,0.05555555555555555,1,3,0,0,0,0,0,1,0.0,0.0,0.0006052375052843654,749000.0
10667222,1,0.0,1.0,0.0,0.0,0.0,1.0,0.0,0.0,0.0,0.0,0.0,0.0,0.0,0.0,0.0,0.0,1.0,0.0,0.13775510204081634,0.1818181818181818,0.09090909090909091,0.0,0.1111111111111111,3,0,0,0,0,0,0,1,0.0,0.0,0.0002475971612526949,409000.0
10667223,1,0.0,1.0,0.0,0.0,0.0,1.0,0.0,0.0,0.0,0.0,0.0,0.0,0.0,0.0,0.0,0.0,0.0,1.0,0.18775510204081636,0.2727272727272727,0.09090909090909091,0.0,0.1111111111111111,3,5,0,0,0,0,0,1,0.0,0.0,0.001595626150295145,498000.0
10667224,1,0.0,1.0,0.0,0.0,0.0,1.0,0.0,0.0,0.0,0.0,0.0,0.0,0.0,0.0,0.0,0.0,0.0,1.0,0.18775510204081636,0.2727272727272727,0.09090909090909091,0.0,0.1111111111111111,3,5,0,0,0,0,0,1,0.0,0.0,0.001595626150295145,498000.0
10667243,1,0.0,1.0,0.0,0.0,0.0,0.0,1.0,0.0,0.0,0.0,0.0,0.0,0.0,0.0,0.0,1.0,0.0,0.0,0.1642857142857143,0.1818181818181818,0.18181818181818182,0.0,0.1111111111111111,4,6,0,1,0,0,1,0,0.151,0.0,0.0002430120286369043,370000.0
10667238,1,0.0,0.0,1.0,0.0,0.0,0.0,0.0,1.0,0.0,0.0,0.0,0.0,0.0,0.0,0.0,0.0,0.0,1.0,0.07755102040816328,0.09090909090909091,0.09090909090909091,0.0,0.0,0,4,0,1,0,0,0,0,0.0,0.0,0.00022925663078953234,165000.0
10667242,1,0.0,1.0,0.0,1.0,0.0,0.0,0.0,0.0,0.0,0.0,0.0,0.0,0.0,0.0,0.0,0.0,0.0,1.0,0.2142857142857143,0.36363636363636365,0.09090909090909091,0.0,0.0,0,5,0,0,0,0,0,0,0.0,0.0,0.001213226090138205,398000.0
10667244,1,0.0,0.0,1.0,0.0,0.0,0.0,0.0,0.0,0.0,0.0,0.0,1.0,0.0,0.0,0.0,0.0,0.0,1.0,0.11836734693877551,0.1818181818181818,0.09090909090909091,0.0,0.05555555555555555,0,4,0,1,0,0,0,1,0.0,0.0,0.0,165000.0
10667245,1,0.0,0.0,1.0,0.0,0.0,0.0,0.0,0.0,0.0,0.0,0.0,1.0,0.0,0.0,0.0,1.0,0.0,0.0,0.10408163265306122,0.1818181818181818,0.09090909090909091,0.0,0.05555555555555555,0,4,0,1,0,0,0,1,0.0,0.0,0.0004218322006527395,190000.0
10667246,1,0.0,0.0,1.0,0.0,0.0,0.0,0.0,0.0,0.0,0.0,0.0,1.0,0.0,0.0,0.0,0.0,0.0,1.0,0.2816326530612245,0.2727272727272727,0.09090909090909091,0.07142857142857142,0.1111111111111111,0,0,0,1,1,0,0,1,0.0,0.0,0.0010729210320950112,475000.0
10667247,1,0.0,0.0,1.0,0.0,0.0,0.0,0.0,0.0,0.0,0.0,0.0,1.0,0.0,0.0,0.0,0.0,0.0,1.0,0.2816326530612245,0.2727272727272727,0.09090909090909091,0.07142857142857142,0.1111111111111111,0,0,0,1,1,0,0,1,0.0,0.0,0.0010729210320950112,475000.0
10667248,1,0.0,1.0,0.0,0.0,0.0,0.0,0.0,0.0,0.0,0.0,0.0,0.0,0.0,1.0,0.0,0.0,0.0,1.0,0.08673469387755103,0.1818181818181818,0.09090909090909091,0.0,0.05555555555555555,3,4,0,1,0,0,0,0,0.0,0.0,0.0004557621820095903,265000.0
10667249,1,0.0,1.0,0.0,0.0,0.0,0.0,0.0,0.0,0.0,0.0,0.0,0.0,0.0,1.0,0.0,0.0,0.0,1.0,0.5918367346938775,0.36363636363636365,0.0,0.0,0.0,4,4,0,1,0,0,0,1,0.0,0.0,0.0006180758766085792,475000.0
10667258,0,0.0,1.0,0.0,1.0,0.0,0.0,0.0,0.0,0.0,0.0,0.0,0.0,0.0,0.0,0.0,0.0,0.0,1.0,0.10408163265306122,0.09090909090909091,0.09090909090909091,0.0,0.05555555555555555,2,3,1,1,0,0,0,1,0.0,0.04,0.0,335000.0
10667263,1,0.0,0.0,1.0,0.0,0.0,0.0,0.0,0.0,0.0,0.0,1.0,0.0,0.0,0.0,0.0,0.0,0.0,1.0,0.18673469387755104,0.2727272727272727,0.09090909090909091,0.0,0.05555555555555555,1,2,0,1,0,0,0,1,0.0,0.21,0.0,370000.0
10667262,1,0.0,0.0,1.0,0.0,0.0,0.0,0.0,0.0,0.0,0.0,1.0,0.0,0.0,0.0,0.0,0.0,0.0,1.0,0.1326530612244898,0.2727272727272727,0.0,0.07142857142857142,0.05555555555555555,5,5,0,1,0,0,0,0,0.0,0.0,0.0019532664943268155,269000.0
10667266,1,0.0,0.0,1.0,0.0,0.0,0.0,0.0,0.0,0.0,0.0,1.0,0.0,0.0,0.0,0.0,0.0,0.0,1.0,0.1275510204081633,0.2727272727272727,0.09090909090909091,0.07142857142857142,0.05555555555555555,5,5,0,1,0,0,0,0,0.0,0.0,0.0006419185662106905,295000.0
10667280,1,0.0,0.0,1.0,0.0,0.0,0.0,0.0,0.0,0.0,0.0,1.0,0.0,0.0,0.0,0.0,0.0,0.0,1.0,0.21530612244897962,0.36363636363636365,0.09090909090909091,0.07142857142857142,0.05555555555555555,3,5,0,1,0,0,0,0,0.0,0.0,0.0005502159138948776,310000.0
10667273,1,0.0,0.0,1.0,0.0,0.0,0.0,0.0,0.0,0.0,0.0,1.0,0.0,0.0,0.0,0.0,0.0,0.0,1.0,0.1489795918367347,0.09090909090909091,0.09090909090909091,0.0,0.1111111111111111,0,4,0,0,0,0,0,0,0.0,0.0,0.0002191693390347929,229000.0
10667282,1,0.0,1.0,0.0,0.0,0.0,0.0,0.0,0.0,0.0,0.0,0.0,0.0,0.0,1.0,0.0,0.0,0.0,1.0,0.09693877551020408,0.2727272727272727,0.0,0.0,0.1111111111111111,1,5,0,0,0,0,0,0,0.0,0.0,8.43664401305479e-05,169000.0
10667286,1,0.0,0.0,1.0,0.0,0.0,0.0,0.0,0.0,0.0,0.0,0.0,1.0,0.0,0.0,0.0,0.0,1.0,0.0,0.2448979591836735,0.6363636363636364,0.18181818181818182,0.0,0.1111111111111111,5,4,0,1,0,0,0,0,0.0,0.0,0.0007602149876980893,336000.0
10667285,1,0.0,0.0,1.0,0.0,0.0,0.0,0.0,0.0,0.0,0.0,0.0,1.0,0.0,0.0,0.0,0.0,1.0,0.0,0.6938775510204082,0.8181818181818182,0.4545454545454546,0.0,0.3333333333333333,3,4,0,1,0,0,1,0,0.0,0.0,0.013236360835264438,1195000.0
10667297,1,0.0,1.0,0.0,0.0,0.0,1.0,0.0,0.0,0.0,0.0,0.0,0.0,0.0,0.0,1.0,0.0,0.0,0.0,0.13673469387755105,0.1818181818181818,0.09090909090909091,0.0,0.05555555555555555,4,4,0,0,0,0,1,0,0.008,0.0,5.0436458773697115e-05,319000.0
10667287,1,0.0,0.0,1.0,0.0,0.0,0.0,0.0,0.0,0.0,0.0,0.0,1.0,0.0,0.0,0.0,0.0,1.0,0.0,0.08571428571428572,0.09090909090909091,0.09090909090909091,0.0,0.0,3,5,0,0,0,0,0,0,0.0,0.0,0.0009757162206402496,209000.0
10667295,0,0.0,1.0,0.0,0.0,0.0,0.0,0.0,0.0,0.0,0.0,0.0,0.0,0.0,1.0,0.0,0.0,0.0,1.0,0.04897959183673469,0.09090909090909091,0.09090909090909091,0.0,0.05555555555555555,3,3,0,0,0,0,0,0,0.0,0.0,0.0,129500.0
10667294,1,0.0,0.0,1.0,0.0,0.0,0.0,0.0,0.0,0.0,1.0,0.0,0.0,0.0,0.0,0.0,0.0,1.0,0.0,0.1510204081632653,0.2727272727272727,0.18181818181818182,0.07142857142857142,0.1111111111111111,3,4,0,0,1,0,1,1,0.5,0.3,0.0010151483611360492,399000.0
10667288,0,1.0,0.0,0.0,0.0,1.0,0.0,0.0,0.0,0.0,0.0,0.0,0.0,0.0,0.0,0.0,1.0,0.0,0.0,0.06326530612244899,0.09090909090909091,0.09090909090909091,0.0,0.05555555555555555,3,5,1,0,0,0,0,1,0.0,0.0,0.0,239000.0
10667304,0,0.0,1.0,0.0,0.0,0.0,0.0,0.0,0.0,0.0,0.0,0.0,0.0,0.0,1.0,0.0,0.0,0.0,1.0,0.07755102040816328,0.09090909090909091,0.09090909090909091,0.0,0.1111111111111111,3,1,0,0,0,0,1,0,0.0,0.0,0.0,325000.0
10667305,1,0.0,1.0,0.0,1.0,0.0,0.0,0.0,0.0,0.0,0.0,0.0,0.0,0.0,0.0,0.0,0.0,0.0,1.0,0.12448979591836737,0.1818181818181818,0.09090909090909091,0.0,0.05555555555555555,5,6,0,1,0,0,1,1,0.0,0.0,0.0008344941360738977,265000.0
10667303,1,0.0,1.0,0.0,1.0,0.0,0.0,0.0,0.0,0.0,0.0,0.0,0.0,0.0,0.0,0.0,0.0,0.0,1.0,0.08775510204081632,0.1818181818181818,0.09090909090909091,0.0,0.1111111111111111,0,0,0,1,0,0,0,0,0.0,0.0,0.000885847621370753,420000.0
10667306,0,0.0,1.0,0.0,0.0,0.0,0.0,0.0,0.0,0.0,0.0,0.0,0.0,0.0,1.0,1.0,0.0,0.0,0.0,0.03877551020408163,0.0,0.09090909090909091,0.0,0.05555555555555555,3,2,1,0,0,0,0,0,0.0,0.0,0.0,195000.0
10667312,0,0.0,1.0,0.0,0.0,0.0,0.0,0.0,0.0,0.0,0.0,0.0,0.0,0.0,1.0,0.0,0.0,1.0,0.0,0.07551020408163267,0.09090909090909091,0.18181818181818182,0.0,0.1111111111111111,0,2,0,0,0,0,0,0,0.0,0.0,0.0,750000.0
10667311,0,0.0,1.0,0.0,0.0,0.0,0.0,0.0,0.0,0.0,0.0,0.0,0.0,0.0,1.0,0.0,0.0,0.0,1.0,0.07040816326530613,0.09090909090909091,0.09090909090909091,0.0,0.1111111111111111,3,4,1,0,0,0,0,1,0.0,0.68,0.0,360000.0
10667313,1,0.0,1.0,0.0,0.0,0.0,1.0,0.0,0.0,0.0,0.0,0.0,0.0,0.0,0.0,0.0,0.0,0.0,1.0,0.16836734693877553,0.1818181818181818,0.09090909090909091,0.0,0.05555555555555555,3,4,0,0,0,0,1,0,0.0,0.0,0.0006584250436275368,339000.0
10667316,1,0.0,1.0,0.0,0.0,0.0,1.0,0.0,0.0,0.0,0.0,0.0,0.0,0.0,0.0,0.0,0.0,0.0,1.0,0.12346938775510205,0.0,0.09090909090909091,0.0,0.05555555555555555,4,5,0,0,0,0,1,1,0.0,0.0,8.253238708423164e-05,269000.0
10667315,0,0.0,1.0,0.0,0.0,0.0,1.0,0.0,0.0,0.0,0.0,0.0,0.0,0.0,0.0,0.0,0.0,0.0,1.0,0.07040816326530613,0.09090909090909091,0.09090909090909091,0.0,0.05555555555555555,3,2,1,0,0,0,0,1,0.0,0.0,0.0,379500.0
10667317,0,0.0,1.0,0.0,0.0,0.0,1.0,0.0,0.0,0.0,0.0,0.0,0.0,0.0,0.0,0.0,0.0,0.0,1.0,0.1816326530612245,0.09090909090909091,0.09090909090909091,0.0,0.1111111111111111,1,2,1,0,0,0,1,0,0.0,0.0,0.0,1490000.0
10667321,0,0.0,1.0,0.0,1.0,0.0,0.0,0.0,0.0,0.0,0.0,0.0,0.0,0.0,0.0,0.0,0.0,1.0,0.0,0.07142857142857142,0.09090909090909091,0.09090909090909091,0.0,0.05555555555555555,4,3,1,1,0,0,0,1,0.0,0.05,0.0,195000.0
10667324,0,0.0,1.0,0.0,0.0,0.0,1.0,0.0,0.0,0.0,0.0,0.0,0.0,0.0,0.0,0.0,0.0,0.0,1.0,0.6244897959183674,0.2727272727272727,0.18181818181818182,0.0,0.1111111111111111,2,1,0,0,0,1,1,1,0.34,0.1,0.0,570000.0
10667319,0,0.0,1.0,0.0,1.0,0.0,0.0,0.0,0.0,0.0,0.0,0.0,0.0,0.0,0.0,0.0,0.0,1.0,0.0,0.07040816326530613,0.09090909090909091,0.09090909090909091,0.0,0.05555555555555555,3,2,1,1,0,0,0,1,0.0,0.13,0.0,229000.0
10536253,1,0.0,0.0,1.0,0.0,0.0,0.0,0.0,1.0,0.0,0.0,0.0,0.0,0.0,0.0,0.0,0.0,0.0,1.0,0.1295918367346939,0.0,0.0,0.0,0.0,5,0,0,0,0,0,0,0,0.0,0.0,0.00020724799423373723,90000.0
10667327,1,0.0,0.0,1.0,0.0,0.0,0.0,0.0,0.0,0.0,1.0,0.0,0.0,0.0,0.0,0.0,0.0,0.0,1.0,0.1,0.1818181818181818,0.18181818181818182,0.0,0.1111111111111111,2,2,0,0,0,0,1,0,0.145,0.0,0.0002063309677105791,275000.0
10667330,0,0.0,0.0,1.0,0.0,0.0,0.0,0.0,0.0,0.0,1.0,0.0,0.0,0.0,0.0,0.0,1.0,0.0,0.0,0.023469387755102045,0.0,0.09090909090909091,0.07142857142857142,0.05555555555555555,1,2,1,0,0,0,0,0,0.0,0.0,0.0,99900.0
10667328,1,0.0,0.0,1.0,0.0,0.0,0.0,0.0,0.0,0.0,1.0,0.0,0.0,0.0,0.0,0.0,0.0,0.0,1.0,0.1,0.1818181818181818,0.18181818181818182,0.0,0.1111111111111111,2,2,0,0,0,0,1,0,0.145,0.0,0.0002063309677105791,275000.0
10667325,0,0.0,1.0,0.0,0.0,0.0,0.0,0.0,0.0,0.0,0.0,0.0,0.0,0.0,1.0,0.0,0.0,0.0,1.0,0.06122448979591837,0.09090909090909091,0.09090909090909091,0.0,0.05555555555555555,1,3,1,0,0,0,0,1,0.0,0.2,0.0,249000.0
10667333,0,1.0,0.0,0.0,0.0,1.0,0.0,0.0,0.0,0.0,0.0,0.0,0.0,0.0,0.0,0.0,1.0,0.0,0.0,0.12244897959183676,0.09090909090909091,0.09090909090909091,0.14285714285714285,0.1111111111111111,0,0,0,0,0,0,0,0,0.0,0.0,0.0,299000.0
10667336,0,1.0,0.0,0.0,0.0,1.0,0.0,0.0,0.0,0.0,0.0,0.0,0.0,0.0,0.0,0.0,1.0,0.0,0.0,0.0816326530612245,0.1818181818181818,0.09090909090909091,0.0,0.05555555555555555,0,6,1,0,0,0,0,1,0.0,0.03,0.0,239000.0
10667339,1,0.0,1.0,0.0,1.0,0.0,0.0,0.0,0.0,0.0,0.0,0.0,0.0,0.0,0.0,0.0,0.0,0.0,1.0,0.11734693877551022,0.1818181818181818,0.09090909090909091,0.0,0.05555555555555555,3,5,0,1,0,0,0,0,0.0,0.0,5.0436458773697115e-05,225000.0
10667352,1,0.0,1.0,0.0,1.0,0.0,0.0,0.0,0.0,0.0,0.0,0.0,0.0,0.0,0.0,0.0,0.0,0.0,1.0,0.1653061224489796,0.1818181818181818,0.09090909090909091,0.0,0.16666666666666666,3,3,0,0,0,0,0,0,0.0,0.0,0.0005630542852190914,539000.0
10667355,0,1.0,0.0,0.0,0.0,1.0,0.0,0.0,0.0,0.0,0.0,0.0,0.0,0.0,0.0,0.0,1.0,0.0,0.0,0.0836734693877551,0.09090909090909091,0.09090909090909091,0.0,0.05555555555555555,2,5,1,0,0,0,1,1,0.45,0.09,0.0,274000.0
10667358,0,0.0,1.0,0.0,0.0,0.0,0.0,1.0,0.0,0.0,0.0,0.0,0.0,0.0,0.0,0.0,1.0,0.0,0.0,0.07142857142857142,0.09090909090909091,0.09090909090909091,0.0,0.05555555555555555,3,2,0,0,0,0,0,0,0.0,0.0,0.0,324000.0
10667354,0,1.0,0.0,0.0,0.0,1.0,0.0,0.0,0.0,0.0,0.0,0.0,0.0,0.0,0.0,0.0,0.0,0.0,1.0,0.09183673469387757,0.09090909090909091,0.09090909090909091,0.0,0.1111111111111111,0,0,1,0,0,0,0,1,0.0,0.05,0.0,345000.0
10667359,1,0.0,0.0,1.0,0.0,0.0,0.0,0.0,0.0,0.0,0.0,0.0,0.0,1.0,0.0,0.0,0.0,0.0,1.0,0.28061224489795916,0.2727272727272727,0.18181818181818182,0.14285714285714285,0.16666666666666666,1,3,0,0,0,0,0,1,0.0,0.0,0.0012379858062634746,925000.0
10667360,0,0.0,1.0,0.0,0.0,0.0,0.0,0.0,0.0,1.0,0.0,0.0,0.0,0.0,0.0,0.0,0.0,0.0,1.0,0.2122448979591837,0.09090909090909091,0.09090909090909091,0.0,0.05555555555555555,3,4,0,1,0,0,0,1,0.0,0.06,0.0,245000.0
10667357,0,0.0,1.0,0.0,0.0,0.0,1.0,0.0,0.0,0.0,0.0,0.0,0.0,0.0,0.0,1.0,0.0,0.0,0.0,0.06428571428571428,0.0,0.09090909090909091,0.0,0.05555555555555555,3,0,1,0,0,0,1,0,0.012,0.0,0.0,338000.0
10667368,1,0.0,0.0,1.0,0.0,0.0,0.0,0.0,0.0,0.0,1.0,0.0,0.0,0.0,0.0,0.0,0.0,0.0,1.0,0.1642857142857143,0.2727272727272727,0.09090909090909091,0.07142857142857142,0.1111111111111111,0,4,0,1,0,0,1,1,0.0,0.46,0.0012315666206013677,375000.0
10667369,1,0.0,0.0,1.0,0.0,0.0,0.0,0.0,0.0,0.0,1.0,0.0,0.0,0.0,0.0,0.0,0.0,0.0,1.0,0.1642857142857143,0.2727272727272727,0.09090909090909091,0.07142857142857142,0.1111111111111111,0,4,0,1,0,0,1,1,0.0,0.46,0.0012315666206013677,375000.0
10667370,1,0.0,1.0,0.0,0.0,0.0,1.0,0.0,0.0,0.0,0.0,0.0,0.0,0.0,0.0,0.0,0.0,0.0,1.0,0.2724489795918367,0.2727272727272727,0.09090909090909091,0.0,0.1111111111111111,3,5,0,0,0,0,0,0,0.0,0.0,0.001360867360366664,695000.0
10667374,1,0.0,0.0,1.0,0.0,0.0,0.0,0.0,0.0,0.0,0.0,1.0,0.0,0.0,0.0,0.0,0.0,1.0,0.0,0.12653061224489798,0.09090909090909091,0.09090909090909091,0.0,0.05555555555555555,0,7,0,0,0,0,0,0,0.0,0.0,0.0007336212185265035,249000.0
10667372,1,0.0,1.0,0.0,0.0,0.0,0.0,1.0,0.0,0.0,0.0,0.0,0.0,0.0,0.0,0.0,0.0,0.0,1.0,0.11734693877551022,0.09090909090909091,0.09090909090909091,0.0,0.05555555555555555,3,3,0,0,0,0,0,1,0.0,0.0,0.0001283837132421381,180000.0
10667384,1,0.0,1.0,0.0,0.0,0.0,1.0,0.0,0.0,0.0,0.0,0.0,0.0,0.0,0.0,0.0,0.0,0.0,1.0,0.2255102040816327,0.1818181818181818,0.09090909090909091,0.0,0.05555555555555555,4,5,0,1,0,0,1,1,0.75,0.25,0.005687398496626718,469000.0
10667380,1,0.0,1.0,0.0,1.0,0.0,0.0,0.0,0.0,0.0,0.0,0.0,0.0,0.0,0.0,0.0,0.0,0.0,1.0,0.27346938775510204,0.2727272727272727,0.18181818181818182,0.07142857142857142,0.16666666666666666,0,0,0,0,0,0,0,0,0.0,0.0,0.0006538399110117462,661588.0
10667376,1,0.0,0.0,1.0,0.0,0.0,0.0,0.0,1.0,0.0,0.0,0.0,0.0,0.0,0.0,1.0,0.0,0.0,0.0,0.17142857142857146,0.5454545454545454,0.0,0.07142857142857142,0.1111111111111111,0,6,0,0,0,0,0,1,0.0,0.12,0.0,195000.0
10667378,1,0.0,0.0,1.0,0.0,0.0,0.0,0.0,0.0,0.0,0.0,1.0,0.0,0.0,0.0,0.0,0.0,0.0,1.0,0.03877551020408163,0.09090909090909091,0.09090909090909091,0.0,0.05555555555555555,0,4,0,1,0,0,0,0,0.0,0.0,0.002292566307895323,165000.0
10667379,1,1.0,0.0,0.0,0.0,1.0,0.0,0.0,0.0,0.0,0.0,0.0,0.0,0.0,0.0,0.0,0.0,0.0,1.0,0.16632653061224492,0.2727272727272727,0.18181818181818182,0.14285714285714285,0.1111111111111111,4,0,0,0,0,0,1,1,0.15,0.0,0.0001375539784737194,710000.0
10667385,1,0.0,1.0,0.0,0.0,0.0,1.0,0.0,0.0,0.0,0.0,0.0,0.0,0.0,0.0,0.0,0.0,0.0,1.0,0.1489795918367347,0.1818181818181818,0.09090909090909091,0.0,0.05555555555555555,3,6,0,1,0,0,1,1,0.185,1.0,0.0,249000.0
10667391,0,0.0,1.0,0.0,1.0,0.0,0.0,0.0,0.0,0.0,0.0,0.0,0.0,0.0,0.0,0.0,0.0,1.0,0.0,0.06020408163265307,0.09090909090909091,0.09090909090909091,0.0,0.05555555555555555,3,3,0,1,0,0,0,0,0.0,0.0,0.0,149000.0
10667393,0,1.0,0.0,0.0,0.0,1.0,0.0,0.0,0.0,0.0,0.0,0.0,0.0,0.0,0.0,0.0,0.0,0.0,1.0,0.07244897959183674,0.0,0.09090909090909091,0.0,0.0,3,7,0,0,0,0,0,1,0.0,0.0,0.0,299000.0
10667397,1,0.0,1.0,0.0,1.0,0.0,0.0,0.0,0.0,0.0,0.0,0.0,0.0,0.0,0.0,0.0,0.0,0.0,1.0,0.13775510204081634,0.2727272727272727,0.09090909090909091,0.0,0.0,3,5,0,0,0,0,0,0,0.0,0.0,0.0007758044385917774,398000.0
10667398,1,0.0,1.0,0.0,0.0,0.0,0.0,0.0,0.0,0.0,0.0,0.0,0.0,0.0,1.0,0.0,0.0,0.0,1.0,0.14081632653061227,0.2727272727272727,0.0,0.0,0.0,5,6,0,0,0,0,0,1,0.0,0.0,0.0008840135683244367,295000.0
10667399,1,0.0,0.0,1.0,0.0,0.0,0.0,0.0,0.0,0.0,0.0,1.0,0.0,0.0,0.0,0.0,0.0,0.0,1.0,0.5826530612244898,0.2727272727272727,0.18181818181818182,0.14285714285714285,0.2222222222222222,0,1,1,1,0,0,1,1,1.0,1.0,0.005336177338257155,1290000.0
10667400,1,0.0,1.0,0.0,0.0,0.0,1.0,0.0,0.0,0.0,0.0,0.0,0.0,0.0,0.0,0.0,0.0,1.0,0.0,0.08775510204081632,0.09090909090909091,0.09090909090909091,0.0,0.0,4,6,0,0,0,0,0,0,0.0,0.0,7.336212185265035e-05,149000.0
10667405,1,0.0,0.0,1.0,0.0,0.0,0.0,0.0,1.0,0.0,0.0,0.0,0.0,0.0,0.0,0.0,0.0,1.0,0.0,0.2795918367346939,0.2727272727272727,0.09090909090909091,0.0,0.05555555555555555,3,4,0,1,1,0,0,1,0.0,0.0,0.0036919487822346287,650000.0
10667408,1,0.0,0.0,1.0,0.0,0.0,0.0,0.0,1.0,0.0,0.0,0.0,0.0,0.0,0.0,0.0,0.0,1.0,0.0,0.2795918367346939,0.2727272727272727,0.09090909090909091,0.0,0.05555555555555555,3,4,0,1,1,0,0,1,0.0,0.0,0.0036919487822346287,650000.0
10667406,0,0.0,0.0,1.0,0.0,0.0,0.0,0.0,0.0,0.0,0.0,0.0,0.0,1.0,0.0,0.0,0.0,1.0,0.0,0.09183673469387757,0.0,0.09090909090909091,0.0,0.05555555555555555,3,5,0,1,0,0,0,0,0.0,0.0,0.0,172500.0
10667411,1,1.0,0.0,0.0,0.0,1.0,0.0,0.0,0.0,0.0,0.0,0.0,0.0,0.0,0.0,1.0,0.0,0.0,0.0,0.23469387755102042,0.36363636363636365,0.36363636363636365,0.07142857142857142,0.2222222222222222,4,0,0,1,0,0,0,1,0.0,0.12,8.803454622318042e-05,490000.0
10667412,0,1.0,0.0,0.0,0.0,1.0,0.0,0.0,0.0,0.0,0.0,0.0,0.0,0.0,0.0,0.0,1.0,0.0,0.0,0.1785714285714286,0.2727272727272727,0.18181818181818182,0.0,0.16666666666666666,0,7,0,1,0,0,0,0,0.0,0.0,0.0,425000.0
10667410,0,1.0,0.0,0.0,0.0,1.0,0.0,0.0,0.0,0.0,0.0,0.0,0.0,0.0,0.0,0.0,1.0,0.0,0.0,0.1785714285714286,0.2727272727272727,0.18181818181818182,0.0,0.16666666666666666,0,7,0,1,0,0,0,0,0.0,0.0,0.0,425000.0
10667413,1,1.0,0.0,0.0,0.0,1.0,0.0,0.0,0.0,0.0,0.0,0.0,0.0,0.0,0.0,1.0,0.0,0.0,0.0,0.23469387755102042,0.36363636363636365,0.36363636363636365,0.07142857142857142,0.2222222222222222,4,0,0,1,0,0,0,1,0.0,0.12,8.803454622318042e-05,490000.0
10405269,0,0.0,0.0,1.0,0.0,0.0,0.0,0.0,0.0,0.0,0.0,1.0,0.0,0.0,0.0,0.0,0.0,1.0,0.0,0.022448979591836733,0.0,0.09090909090909091,0.07142857142857142,0.05555555555555555,3,2,1,0,0,0,0,1,0.0,0.0,0.0,109000.0
10667415,0,1.0,0.0,0.0,0.0,1.0,0.0,0.0,0.0,0.0,0.0,0.0,0.0,0.0,0.0,0.0,1.0,0.0,0.0,0.051020408163265314,0.0,0.09090909090909091,0.0,0.05555555555555555,3,6,1,0,0,0,0,1,0.0,0.03,0.0,189000.0
10667427,0,1.0,0.0,0.0,0.0,1.0,0.0,0.0,0.0,0.0,0.0,0.0,0.0,0.0,0.0,0.0,1.0,0.0,0.0,0.1479591836734694,0.09090909090909091,0.09090909090909091,0.07142857142857142,0.05555555555555555,3,7,1,1,0,0,0,0,0.0,0.0,0.0,349000.0
10667424,0,0.0,0.0,1.0,0.0,0.0,0.0,0.0,1.0,0.0,0.0,0.0,0.0,0.0,0.0,0.0,0.0,1.0,0.0,0.0816326530612245,0.09090909090909091,0.09090909090909091,0.0,0.0,1,3,0,0,0,0,0,0,0.0,0.0,0.0,190000.0
10667430,0,0.0,0.0,1.0,0.0,0.0,0.0,0.0,1.0,0.0,0.0,0.0,0.0,0.0,0.0,0.0,0.0,1.0,0.0,0.07857142857142857,0.1818181818181818,0.09090909090909091,0.0,0.05555555555555555,1,2,1,1,0,0,0,1,0.0,0.5,0.0,235000.0
10667416,1,0.0,1.0,0.0,0.0,0.0,0.0,0.0,0.0,1.0,0.0,0.0,0.0,0.0,0.0,0.0,0.0,0.0,1.0,0.3040816326530612,0.2727272727272727,0.18181818181818182,0.0,0.0,5,4,0,0,0,0,1,0,0.0,0.0,0.0014901681001319603,450000.0
10667417,1,0.0,1.0,0.0,0.0,0.0,0.0,0.0,0.0,1.0,0.0,0.0,0.0,0.0,0.0,0.0,0.0,1.0,0.0,0.20204081632653065,0.1818181818181818,0.18181818181818182,0.0,0.0,3,6,0,0,0,0,0,1,0.0,0.0,0.0012572433632497954,349000.0
10667432,0,0.0,0.0,1.0,0.0,0.0,0.0,0.0,1.0,0.0,0.0,0.0,0.0,0.0,0.0,0.0,0.0,1.0,0.0,0.07857142857142857,0.1818181818181818,0.09090909090909091,0.0,0.05555555555555555,1,2,1,1,0,0,0,1,0.0,0.5,0.0,235000.0
10667436,0,0.0,1.0,0.0,0.0,0.0,0.0,1.0,0.0,0.0,0.0,0.0,0.0,0.0,0.0,0.0,0.0,1.0,0.0,0.07653061224489796,0.09090909090909091,0.09090909090909091,0.0,0.05555555555555555,3,2,0,1,0,0,1,1,0.0,0.06,0.0,325000.0
10667431,1,0.0,0.0,1.0,0.0,0.0,0.0,0.0,0.0,0.0,1.0,0.0,0.0,0.0,0.0,0.0,0.0,0.0,1.0,0.1112244897959184,0.09090909090909091,0.09090909090909091,0.0,0.1111111111111111,3,3,0,1,0,0,1,1,0.05,0.13,0.00015130937632109134,289000.0
10667438,0,0.0,0.0,1.0,0.0,0.0,0.0,0.0,1.0,0.0,0.0,0.0,0.0,0.0,0.0,1.0,0.0,0.0,0.0,0.0336734693877551,0.0,0.09090909090909091,0.0,0.05555555555555555,3,2,1,1,0,0,0,1,0.0,0.03,0.0,120000.0
10667443,1,0.0,0.0,1.0,0.0,0.0,0.0,0.0,1.0,0.0,0.0,0.0,0.0,0.0,0.0,0.0,1.0,0.0,0.0,0.14285714285714288,0.1818181818181818,0.09090909090909091,0.0,0.05555555555555555,3,5,0,0,0,0,0,0,0.0,0.0,0.00035764034403167045,180000.0
10667447,0,1.0,0.0,0.0,0.0,1.0,0.0,0.0,0.0,0.0,0.0,0.0,0.0,0.0,0.0,0.0,1.0,0.0,0.0,0.11734693877551022,0.1818181818181818,0.09090909090909091,0.07142857142857142,0.05555555555555555,3,6,1,0,0,0,0,1,0.0,0.05,0.0,349000.0
10667448,0,0.0,1.0,0.0,0.0,0.0,0.0,1.0,0.0,0.0,0.0,0.0,0.0,0.0,0.0,0.0,0.0,0.0,1.0,0.05510204081632653,0.09090909090909091,0.09090909090909091,0.0,0.05555555555555555,0,0,0,0,0,0,0,1,0.0,0.03,0.0,185000.0
10667452,0,1.0,0.0,0.0,0.0,1.0,0.0,0.0,0.0,0.0,0.0,0.0,0.0,0.0,0.0,0.0,0.0,0.0,1.0,0.0816326530612245,0.09090909090909091,0.09090909090909091,0.0,0.05555555555555555,1,4,1,0,0,0,0,1,0.0,0.0,0.0,369000.0
10667455,0,1.0,0.0,0.0,0.0,1.0,0.0,0.0,0.0,0.0,0.0,0.0,0.0,0.0,0.0,0.0,1.0,0.0,0.0,0.06122448979591837,0.09090909090909091,0.09090909090909091,0.0,0.0,4,4,1,1,0,0,0,0,0.0,0.0,0.0,215000.0
10667461,1,0.0,1.0,0.0,1.0,0.0,0.0,0.0,0.0,0.0,0.0,0.0,0.0,0.0,0.0,0.0,0.0,0.0,1.0,0.18877551020408165,0.2727272727272727,0.18181818181818182,0.0,0.0,1,2,0,0,0,0,0,1,0.0,0.0,0.00020174583509478846,650000.0
10667464,1,0.0,1.0,0.0,0.0,0.0,1.0,0.0,0.0,0.0,0.0,0.0,0.0,0.0,0.0,0.0,0.0,1.0,0.0,0.07142857142857142,0.09090909090909091,0.09090909090909091,0.0,0.0,5,6,0,0,0,0,0,0,0.0,0.0,0.00011921344801055682,138000.0
10667460,0,0.0,0.0,1.0,0.0,0.0,0.0,0.0,0.0,0.0,1.0,0.0,0.0,0.0,0.0,0.0,0.0,0.0,1.0,0.1642857142857143,0.1818181818181818,0.18181818181818182,0.0,0.05555555555555555,3,2,1,0,0,0,0,1,0.0,0.11,0.0,265000.0
10667458,1,0.0,0.0,1.0,0.0,0.0,0.0,0.0,1.0,0.0,0.0,0.0,0.0,0.0,0.0,0.0,1.0,0.0,0.0,0.15816326530612246,0.09090909090909091,0.09090909090909091,0.0,0.1111111111111111,3,6,0,0,0,0,0,0,0.0,0.0,0.0,249000.0
10667468,0,1.0,0.0,0.0,0.0,1.0,0.0,0.0,0.0,0.0,0.0,0.0,0.0,0.0,0.0,0.0,0.0,0.0,1.0,0.12244897959183676,0.09090909090909091,0.09090909090909091,0.07142857142857142,0.1111111111111111,3,4,1,1,0,0,1,1,0.4,0.14,0.0,395000.0
10667469,1,0.0,1.0,0.0,1.0,0.0,0.0,0.0,0.0,0.0,0.0,0.0,0.0,0.0,0.0,0.0,0.0,0.0,1.0,0.08469387755102042,0.09090909090909091,0.09090909090909091,0.0,0.0,0,5,0,0,0,0,0,0,0.0,0.0,0.00019899475552531408,210000.0
10667470,0,0.0,1.0,0.0,1.0,0.0,0.0,0.0,0.0,0.0,0.0,0.0,0.0,0.0,0.0,0.0,0.0,0.0,1.0,0.10204081632653061,0.1818181818181818,0.09090909090909091,0.0,0.05555555555555555,0,5,0,1,0,0,0,1,0.0,0.06,0.0,248000.0
10667473,1,0.0,0.0,1.0,0.0,0.0,0.0,0.0,0.0,0.0,0.0,0.0,1.0,0.0,0.0,0.0,0.0,0.0,1.0,0.08673469387755103,0.1818181818181818,0.09090909090909091,0.0,0.1111111111111111,2,4,0,1,0,0,0,0,0.0,0.0,0.0002063309677105791,115000.0
10667479,1,0.0,0.0,1.0,0.0,0.0,0.0,0.0,0.0,0.0,0.0,1.0,0.0,0.0,0.0,0.0,0.0,0.0,1.0,0.6418367346938776,0.4545454545454545,0.18181818181818182,0.0,0.16666666666666666,0,0,0,1,0,0,0,1,0.0,0.0,0.0,774000.0
10667480,1,0.0,0.0,1.0,0.0,0.0,0.0,0.0,0.0,0.0,1.0,0.0,0.0,0.0,0.0,0.0,0.0,0.0,1.0,0.15816326530612246,0.2727272727272727,0.18181818181818182,0.07142857142857142,0.16666666666666666,4,6,0,1,0,0,1,1,0.0,0.0,0.00039248735191167933,205000.0
10667482,1,0.0,1.0,0.0,0.0,0.0,0.0,1.0,0.0,0.0,0.0,0.0,0.0,0.0,0.0,0.0,0.0,1.0,0.0,0.23775510204081637,0.2727272727272727,0.18181818181818182,0.0,0.0,2,2,0,1,0,0,1,1,0.55,0.0,0.0010729210320950112,845000.0
10667476,1,0.0,1.0,0.0,0.0,0.0,0.0,1.0,0.0,0.0,0.0,0.0,0.0,0.0,0.0,0.0,0.0,0.0,1.0,0.2693877551020408,0.4545454545454545,0.36363636363636365,0.0,0.2222222222222222,6,0,0,0,0,0,0,1,0.0,0.76,0.0,227000.0
10667490,1,0.0,1.0,0.0,0.0,0.0,0.0,1.0,0.0,0.0,0.0,0.0,0.0,0.0,0.0,0.0,0.0,0.0,1.0,0.15510204081632656,0.2727272727272727,0.0,0.0,0.0,4,6,0,1,0,0,0,0,0.0,0.0,0.0004768537920422273,529000.0
10667491,1,0.0,1.0,0.0,0.0,0.0,0.0,1.0,0.0,0.0,0.0,0.0,0.0,0.0,0.0,0.0,0.0,0.0,1.0,0.15510204081632656,0.2727272727272727,0.0,0.0,0.0,4,6,0,1,0,0,0,0,0.0,0.0,0.0004768537920422273,529000.0
10667492,1,0.0,1.0,0.0,0.0,0.0,0.0,1.0,0.0,0.0,0.0,0.0,0.0,0.0,0.0,0.0,0.0,0.0,1.0,0.15510204081632656,0.2727272727272727,0.0,0.0,0.0,4,6,0,1,0,0,0,0,0.0,0.0,0.0004768537920422273,529000.0
10667493,1,0.0,1.0,0.0,0.0,0.0,0.0,1.0,0.0,0.0,0.0,0.0,0.0,0.0,0.0,0.0,0.0,1.0,0.0,0.17346938775510207,0.1818181818181818,0.09090909090909091,0.0,0.1111111111111111,4,0,0,1,0,0,0,0,0.0,0.0,0.0,299000.0
10667496,1,0.0,1.0,0.0,0.0,0.0,0.0,1.0,0.0,0.0,0.0,0.0,0.0,0.0,0.0,0.0,0.0,0.0,1.0,0.14285714285714288,0.2727272727272727,0.18181818181818182,0.0,0.1111111111111111,5,6,0,1,0,0,0,1,0.0,0.0,0.000829909003458107,299000.0
10667506,1,0.0,1.0,0.0,0.0,0.0,0.0,1.0,0.0,0.0,0.0,0.0,0.0,0.0,0.0,0.0,0.0,0.0,1.0,0.14285714285714288,0.2727272727272727,0.18181818181818182,0.0,0.1111111111111111,5,6,0,1,0,0,0,1,0.0,0.0,0.000829909003458107,299000.0
10667513,1,0.0,0.0,1.0,0.0,0.0,0.0,0.0,0.0,0.0,0.0,0.0,0.0,1.0,0.0,0.0,0.0,0.0,1.0,0.1836734693877551,0.36363636363636365,0.18181818181818182,0.0,0.1111111111111111,4,5,0,0,1,0,1,1,1.0,0.3,0.002787760630400713,785000.0
10667523,1,0.0,1.0,0.0,0.0,0.0,0.0,1.0,0.0,0.0,0.0,0.0,0.0,0.0,0.0,0.0,0.0,0.0,1.0,0.1326530612244898,0.1818181818181818,0.09090909090909091,0.0,0.0,0,6,0,0,0,0,1,0,1.0,0.0,0.0010765891381876438,250000.0
10667522,1,0.0,1.0,0.0,0.0,0.0,0.0,1.0,0.0,0.0,0.0,0.0,0.0,0.0,0.0,0.0,0.0,0.0,1.0,0.18979591836734697,0.2727272727272727,0.18181818181818182,0.0,0.1111111111111111,1,2,0,0,0,1,0,1,0.0,0.0,0.001383793023445617,645000.0
10667525,1,0.0,0.0,1.0,0.0,0.0,0.0,0.0,0.0,0.0,0.0,0.0,1.0,0.0,0.0,1.0,0.0,0.0,0.0,0.14285714285714288,0.1818181818181818,0.09090909090909091,0.0,0.0,5,7,0,0,0,0,0,1,0.0,0.04,0.0005612202321727751,245000.0
10667527,1,0.0,1.0,0.0,0.0,0.0,0.0,0.0,0.0,1.0,0.0,0.0,0.0,0.0,0.0,0.0,0.0,1.0,0.0,0.04795918367346939,0.0,0.09090909090909091,0.0,0.05555555555555555,3,2,0,1,0,0,0,0,0.0,0.0,0.0,215000.0
10667542,1,0.0,1.0,0.0,0.0,0.0,1.0,0.0,0.0,0.0,0.0,0.0,0.0,0.0,0.0,0.0,0.0,1.0,0.0,0.2142857142857143,0.1818181818181818,0.09090909090909091,0.0,0.1111111111111111,3,6,0,1,0,0,1,1,0.0,0.3,0.0012379858062634746,447000.0
10667532,0,0.0,0.0,1.0,0.0,0.0,0.0,0.0,0.0,0.0,1.0,0.0,0.0,0.0,0.0,0.0,1.0,0.0,0.0,0.12653061224489798,0.1818181818181818,0.09090909090909091,0.07142857142857142,0.05555555555555555,4,1,0,0,0,0,0,1,0.0,0.0,0.0,250000.0
10667530,1,0.0,0.0,1.0,0.0,0.0,0.0,0.0,0.0,0.0,1.0,0.0,0.0,0.0,0.0,0.0,0.0,0.0,1.0,0.0326530612244898,0.09090909090909091,0.0,0.07142857142857142,0.05555555555555555,5,7,0,1,0,0,1,0,0.0,0.0,0.00016781585373793766,65000.0
10667528,1,0.0,1.0,0.0,0.0,0.0,0.0,0.0,0.0,1.0,0.0,0.0,0.0,0.0,0.0,0.0,0.0,1.0,0.0,0.20612244897959187,0.2727272727272727,0.18181818181818182,0.0,0.16666666666666666,0,2,0,1,0,0,0,0,0.0,0.0,0.0,749000.0
10667541,1,0.0,1.0,0.0,0.0,0.0,1.0,0.0,0.0,0.0,0.0,0.0,0.0,0.0,0.0,0.0,0.0,1.0,0.0,0.2142857142857143,0.1818181818181818,0.09090909090909091,0.0,0.1111111111111111,3,6,0,1,0,0,1,1,0.0,0.3,0.0012379858062634746,447000.0
10667539,0,0.0,0.0,1.0,0.0,0.0,0.0,0.0,0.0,0.0,1.0,0.0,0.0,0.0,0.0,0.0,0.0,0.0,1.0,0.05306122448979592,0.0,0.0,0.07142857142857142,0.05555555555555555,3,2,1,1,0,0,0,1,0.0,0.03,0.0,190000.0
10667565,0,1.0,0.0,0.0,0.0,1.0,0.0,0.0,0.0,0.0,0.0,0.0,0.0,0.0,0.0,0.0,1.0,0.0,0.0,0.09183673469387757,0.1818181818181818,0.09090909090909091,0.0,0.0,0,0,0,0,0,0,0,0,0.0,0.0,0.0,145000.0
10667557,1,0.0,0.0,1.0,0.0,0.0,0.0,0.0,0.0,0.0,0.0,0.0,0.0,1.0,0.0,0.0,0.0,0.0,1.0,0.1326530612244898,0.2727272727272727,0.09090909090909091,0.07142857142857142,0.1111111111111111,0,2,0,1,0,0,1,1,0.0,0.7000000000000001,0.0007262850063412384,375000.0
10667558,1,0.0,1.0,0.0,0.0,0.0,1.0,0.0,0.0,0.0,0.0,0.0,0.0,0.0,0.0,0.0,0.0,0.0,1.0,0.20408163265306126,0.2727272727272727,0.09090909090909091,0.07142857142857142,0.1111111111111111,4,6,0,1,0,0,1,1,1.0,0.3,0.0010820912973265927,575000.0
10667572,1,0.0,1.0,0.0,1.0,0.0,0.0,0.0,0.0,0.0,0.0,0.0,0.0,0.0,0.0,0.0,0.0,0.0,1.0,0.1489795918367347,0.2727272727272727,0.09090909090909091,0.0,0.1111111111111111,2,2,0,0,0,0,1,1,0.083,0.24,0.00016047964155267263,435000.0
10667560,1,0.0,0.0,1.0,0.0,0.0,0.0,0.0,0.0,0.0,0.0,1.0,0.0,0.0,0.0,0.0,0.0,0.0,1.0,0.15816326530612246,0.1818181818181818,0.09090909090909091,0.07142857142857142,0.05555555555555555,1,3,0,0,0,0,1,1,0.47500000000000003,0.3,0.0006914379984612295,375000.0
10667546,1,0.0,0.0,1.0,0.0,0.0,0.0,0.0,0.0,0.0,0.0,0.0,1.0,0.0,0.0,1.0,0.0,0.0,0.0,0.10204081632653061,0.2727272727272727,0.2727272727272727,0.21428571428571427,0.16666666666666666,3,4,0,0,0,0,0,1,0.0,0.6,6.419185662106905e-05,319000.0
10667571,1,0.0,1.0,0.0,1.0,0.0,0.0,0.0,0.0,0.0,0.0,0.0,0.0,0.0,0.0,0.0,0.0,0.0,1.0,0.20408163265306126,0.1818181818181818,0.09090909090909091,0.0,0.16666666666666666,4,4,0,1,0,0,1,0,0.0,0.0,0.0012517412041108465,540000.0
10667543,1,0.0,1.0,0.0,0.0,0.0,1.0,0.0,0.0,0.0,0.0,0.0,0.0,0.0,0.0,0.0,0.0,1.0,0.0,0.2142857142857143,0.1818181818181818,0.09090909090909091,0.0,0.1111111111111111,3,6,0,1,0,0,1,1,0.0,0.3,0.0012379858062634746,447000.0
10667563,0,1.0,0.0,0.0,0.0,1.0,0.0,0.0,0.0,0.0,0.0,0.0,0.0,0.0,0.0,0.0,1.0,0.0,0.0,0.07142857142857142,0.09090909090909091,0.09090909090909091,0.0,0.05555555555555555,0,0,0,0,0,0,0,1,0.0,0.09,0.0,239000.0
10667544,1,0.0,1.0,0.0,0.0,0.0,1.0,0.0,0.0,0.0,0.0,0.0,0.0,0.0,0.0,0.0,0.0,0.0,1.0,0.22040816326530616,0.1818181818181818,0.18181818181818182,0.0,0.1111111111111111,0,4,0,1,0,0,0,1,0.0,0.0,0.0005135348529685524,462000.0
10667575,0,0.0,0.0,1.0,0.0,0.0,0.0,0.0,0.0,0.0,1.0,0.0,0.0,0.0,0.0,0.0,0.0,0.0,1.0,0.07653061224489796,0.09090909090909091,0.0,0.07142857142857142,0.05555555555555555,2,3,0,1,0,0,0,1,0.0,0.25,0.0,169000.0
10667577,1,0.0,0.0,1.0,0.0,0.0,0.0,0.0,0.0,0.0,0.0,0.0,1.0,0.0,0.0,0.0,1.0,0.0,0.0,0.12653061224489798,0.1818181818181818,0.09090909090909091,0.0,0.05555555555555555,0,5,0,1,0,0,1,1,0.2,0.12,0.00036681060926325174,255000.0
10667576,1,0.0,1.0,0.0,0.0,0.0,0.0,0.0,0.0,0.0,0.0,0.0,0.0,0.0,1.0,0.0,0.0,0.0,1.0,0.15612244897959185,0.1818181818181818,0.0,0.07142857142857142,0.1111111111111111,4,6,0,0,0,0,1,1,0.0,0.0,0.0011086850664981784,325000.0
10667582,0,0.0,1.0,0.0,0.0,0.0,1.0,0.0,0.0,0.0,0.0,0.0,0.0,0.0,0.0,0.0,0.0,1.0,0.0,0.09081632653061225,0.09090909090909091,0.09090909090909091,0.0,0.05555555555555555,1,0,1,0,0,0,0,0,0.0,0.0,0.0,598242.0
10667574,1,0.0,1.0,0.0,0.0,0.0,0.0,0.0,0.0,1.0,0.0,0.0,0.0,0.0,0.0,0.0,0.0,0.0,1.0,0.12244897959183676,0.1818181818181818,0.09090909090909091,0.0,0.1111111111111111,0,0,0,0,0,0,0,0,0.0,0.0,0.0004906091898895992,334144.0
10667585,1,0.0,0.0,1.0,0.0,0.0,0.0,0.0,0.0,0.0,0.0,0.0,0.0,1.0,0.0,0.0,0.0,0.0,1.0,0.11224489795918369,0.0,0.0,0.0,0.05555555555555555,5,7,0,0,0,0,1,0,0.15,0.0,0.00022925663078953234,135000.0
10667586,1,1.0,0.0,0.0,0.0,1.0,0.0,0.0,0.0,0.0,0.0,0.0,0.0,0.0,0.0,0.0,1.0,0.0,0.0,0.6938775510204082,0.36363636363636365,0.0,0.0,0.3333333333333333,1,4,0,0,1,0,0,1,0.0,0.0,0.0005190370121075012,3790000.0
10667588,1,0.0,0.0,1.0,0.0,0.0,0.0,0.0,0.0,0.0,1.0,0.0,0.0,0.0,0.0,0.0,0.0,0.0,1.0,0.05612244897959184,0.0,0.0,0.0,0.0,3,6,0,1,0,0,0,1,0.0,0.0,6.419185662106905e-05,99000.0
10667584,1,0.0,0.0,1.0,0.0,0.0,0.0,0.0,1.0,0.0,0.0,0.0,0.0,0.0,0.0,0.0,0.0,0.0,1.0,0.07857142857142857,0.09090909090909091,0.09090909090909091,0.0,0.05555555555555555,4,6,0,0,0,0,1,1,0.272,0.09,0.00028886335479481076,159900.0
10667587,1,1.0,0.0,0.0,0.0,1.0,0.0,0.0,0.0,0.0,0.0,0.0,0.0,0.0,0.0,0.0,1.0,0.0,0.0,1.0,0.6363636363636364,0.0,0.0,0.5555555555555556,1,4,0,0,1,0,0,1,0.0,0.0,0.0006006523726685747,4790000.0
10667592,1,0.0,0.0,1.0,0.0,0.0,0.0,0.0,0.0,0.0,1.0,0.0,0.0,0.0,0.0,0.0,0.0,0.0,1.0,0.10204081632653061,0.09090909090909091,0.09090909090909091,0.0,0.1111111111111111,3,7,0,1,0,0,1,1,0.0,0.0,0.0003466360257537729,299000.0
10667595,1,0.0,0.0,1.0,0.0,0.0,0.0,0.0,1.0,0.0,0.0,0.0,0.0,0.0,0.0,0.0,0.0,0.0,1.0,0.1459183673469388,0.09090909090909091,0.09090909090909091,0.0,0.05555555555555555,0,5,0,0,0,0,0,1,0.0,0.11,0.0,157000.0
10667604,1,0.0,0.0,1.0,0.0,0.0,0.0,0.0,1.0,0.0,0.0,0.0,0.0,0.0,0.0,0.0,0.0,0.0,1.0,0.13877551020408166,0.2727272727272727,0.18181818181818182,0.0,0.16666666666666666,3,3,0,0,0,0,0,0,0.0,0.0,0.0,175000.0
10667608,0,0.0,1.0,0.0,0.0,0.0,0.0,0.0,0.0,0.0,0.0,0.0,0.0,0.0,1.0,0.0,0.0,1.0,0.0,0.05204081632653062,0.09090909090909091,0.0,0.0,0.05555555555555555,3,2,1,0,0,0,0,0,0.0,0.0,0.0,210000.0
10667600,0,0.0,0.0,1.0,0.0,0.0,0.0,0.0,0.0,0.0,0.0,0.0,1.0,0.0,0.0,0.0,0.0,1.0,0.0,0.0326530612244898,0.0,0.0,0.07142857142857142,0.05555555555555555,0,3,0,1,0,0,1,1,0.1,0.2,0.0,225000.0
10667607,0,0.0,1.0,0.0,0.0,0.0,0.0,0.0,0.0,1.0,0.0,0.0,0.0,0.0,0.0,0.0,0.0,0.0,1.0,0.07040816326530613,0.09090909090909091,0.09090909090909091,0.0,0.0,3,2,0,0,0,0,0,1,0.0,0.0,0.0,195000.0
9881180,0,0.0,1.0,0.0,0.0,0.0,0.0,0.0,0.0,0.0,0.0,0.0,0.0,0.0,1.0,0.0,0.0,1.0,0.0,0.11224489795918369,0.1818181818181818,0.18181818181818182,0.07142857142857142,0.1111111111111111,1,5,0,0,0,0,0,0,0.0,0.0,0.0,645000.0
10667613,1,0.0,0.0,1.0,0.0,0.0,0.0,0.0,1.0,0.0,0.0,0.0,0.0,0.0,0.0,0.0,0.0,0.0,1.0,0.0816326530612245,0.09090909090909091,0.0,0.07142857142857142,0.0,0,5,0,0,0,0,0,1,0.0,0.5,0.0,170000.0
10667614,1,0.0,0.0,1.0,0.0,0.0,0.0,0.0,1.0,0.0,0.0,0.0,0.0,0.0,0.0,1.0,0.0,0.0,0.0,0.12448979591836737,0.1818181818181818,0.09090909090909091,0.0,0.0,0,5,0,0,0,0,1,1,0.038,0.21,0.0,199000.0
10667615,0,1.0,0.0,0.0,0.0,1.0,0.0,0.0,0.0,0.0,0.0,0.0,0.0,0.0,0.0,0.0,0.0,0.0,1.0,0.11530612244897961,0.09090909090909091,0.09090909090909091,0.07142857142857142,0.05555555555555555,0,0,0,0,0,0,0,1,0.0,0.03,0.0,435000.0
10667617,0,1.0,0.0,0.0,0.0,1.0,0.0,0.0,0.0,0.0,0.0,0.0,0.0,0.0,0.0,0.0,1.0,0.0,0.0,0.07040816326530613,0.09090909090909091,0.18181818181818182,0.0,0.0,3,2,1,0,0,0,0,1,0.0,0.08,0.0,415000.0
10667620,1,0.0,0.0,1.0,0.0,0.0,0.0,0.0,1.0,0.0,0.0,0.0,0.0,0.0,0.0,0.0,1.0,0.0,0.0,0.15408163265306124,0.2727272727272727,0.09090909090909091,0.07142857142857142,0.1111111111111111,4,5,0,0,0,0,0,1,0.0,0.22,0.00010545805016318488,99000.0
10667616,1,1.0,0.0,0.0,0.0,1.0,0.0,0.0,0.0,0.0,0.0,0.0,0.0,0.0,0.0,0.0,0.0,0.0,1.0,0.0816326530612245,0.1818181818181818,0.09090909090909091,0.0,0.1111111111111111,0,7,0,0,0,0,1,1,0.05,0.1,0.0001283837132421381,535000.0
10667621,1,1.0,0.0,0.0,0.0,1.0,0.0,0.0,0.0,0.0,0.0,0.0,0.0,0.0,0.0,0.0,0.0,0.0,1.0,0.1510204081632653,0.2727272727272727,0.18181818181818182,0.0,0.1111111111111111,0,4,0,0,0,0,1,1,0.15,0.18,0.0002971165935032339,795000.0
10667622,0,0.0,0.0,1.0,0.0,0.0,0.0,0.0,0.0,0.0,0.0,0.0,0.0,1.0,0.0,0.0,0.0,0.0,1.0,0.051020408163265314,0.09090909090909091,0.09090909090909091,0.0,0.05555555555555555,0,2,0,0,0,0,0,0,0.0,0.0,0.0,190000.0
10667624,0,0.0,0.0,1.0,0.0,0.0,0.0,0.0,0.0,0.0,1.0,0.0,0.0,0.0,0.0,0.0,1.0,0.0,0.0,0.09489795918367347,0.1818181818181818,0.0,0.07142857142857142,0.05555555555555555,0,4,0,0,0,0,0,1,0.0,0.08,0.0,269000.0
10667623,1,0.0,0.0,1.0,0.0,0.0,0.0,0.0,0.0,0.0,0.0,0.0,0.0,1.0,0.0,0.0,0.0,0.0,1.0,0.19387755102040818,0.1818181818181818,0.09090909090909091,0.0,0.1111111111111111,3,4,0,0,0,0,1,1,0.8,0.4,0.0009124413905423386,565000.0
10667630,0,1.0,0.0,0.0,0.0,1.0,0.0,0.0,0.0,0.0,0.0,0.0,0.0,0.0,0.0,0.0,0.0,0.0,1.0,0.030612244897959183,0.0,0.09090909090909091,0.0,0.05555555555555555,0,4,0,0,0,0,0,0,0.0,0.0,0.0,239000.0
10667626,1,0.0,0.0,1.0,0.0,0.0,0.0,0.0,0.0,0.0,0.0,0.0,0.0,1.0,0.0,0.0,0.0,0.0,1.0,0.16122448979591839,0.1818181818181818,0.18181818181818182,0.07142857142857142,0.1111111111111111,1,4,0,0,0,0,1,1,0.607,0.2,0.0006905209719380714,450000.0
10667632,1,0.0,0.0,1.0,0.0,0.0,0.0,0.0,0.0,0.0,0.0,1.0,0.0,0.0,0.0,0.0,0.0,0.0,1.0,0.0816326530612245,0.1818181818181818,0.09090909090909091,0.0,0.05555555555555555,3,6,0,1,0,0,1,0,0.0,0.0,0.0002530993203916437,189000.0
10667635,1,0.0,1.0,0.0,0.0,0.0,0.0,0.0,0.0,0.0,0.0,0.0,0.0,0.0,1.0,0.0,0.0,1.0,0.0,0.21530612244897962,0.2727272727272727,0.09090909090909091,0.0,0.1111111111111111,2,2,0,1,0,0,0,1,0.0,0.0,0.0006015693991917329,599000.0
10667629,1,0.0,0.0,1.0,0.0,0.0,0.0,0.0,0.0,0.0,0.0,0.0,0.0,1.0,0.0,0.0,0.0,0.0,1.0,0.1836734693877551,0.5454545454545454,0.09090909090909091,0.07142857142857142,0.1111111111111111,0,3,0,1,0,0,1,1,0.0,0.1,0.0002430120286369043,395000.0
10667642,0,1.0,0.0,0.0,0.0,1.0,0.0,0.0,0.0,0.0,0.0,0.0,0.0,0.0,0.0,0.0,1.0,0.0,0.0,0.10204081632653061,0.1818181818181818,0.09090909090909091,0.0,0.05555555555555555,3,4,1,1,0,0,0,1,0.0,0.0,0.0,319000.0
10667644,1,0.0,1.0,0.0,0.0,0.0,0.0,0.0,0.0,0.0,0.0,0.0,0.0,0.0,1.0,1.0,0.0,0.0,0.0,0.20306122448979594,0.36363636363636365,0.18181818181818182,0.0,0.16666666666666666,3,2,0,0,0,0,0,1,0.0,0.0,0.0003860681662495725,460000.0
10667659,0,0.0,1.0,0.0,1.0,0.0,0.0,0.0,0.0,0.0,0.0,0.0,0.0,0.0,0.0,0.0,0.0,1.0,0.0,0.1275510204081633,0.1818181818181818,0.09090909090909091,0.0,0.1111111111111111,0,0,1,1,0,0,0,1,0.0,0.02,0.0,355000.0
10667658,1,0.0,0.0,1.0,0.0,0.0,0.0,0.0,0.0,0.0,1.0,0.0,0.0,0.0,0.0,0.0,0.0,0.0,1.0,0.1,0.09090909090909091,0.09090909090909091,0.0,0.05555555555555555,3,3,0,1,0,0,1,1,0.04,0.05,0.00015589450893688199,229000.0
10667661,1,0.0,0.0,1.0,0.0,0.0,0.0,0.0,0.0,0.0,1.0,0.0,0.0,0.0,0.0,0.0,0.0,1.0,0.0,0.06122448979591837,0.09090909090909091,0.09090909090909091,0.0,0.05555555555555555,4,6,0,1,0,0,1,1,0.095,0.08,0.0002347587899284811,155000.0
10667656,1,0.0,1.0,0.0,1.0,0.0,0.0,0.0,0.0,0.0,0.0,0.0,0.0,0.0,0.0,0.0,0.0,0.0,1.0,0.15816326530612246,0.2727272727272727,0.09090909090909091,0.0,0.1111111111111111,3,5,0,0,0,0,0,0,0.0,0.0,0.0003044528056884989,439000.0
10667663,1,0.0,0.0,1.0,0.0,0.0,0.0,0.0,1.0,0.0,0.0,0.0,0.0,0.0,0.0,0.0,0.0,0.0,1.0,0.1602040816326531,0.1818181818181818,0.09090909090909091,0.0,0.05555555555555555,4,6,0,0,0,0,1,0,0.063,0.0,0.00013847100499687754,85000.0
10667655,1,0.0,1.0,0.0,1.0,0.0,0.0,0.0,0.0,0.0,0.0,0.0,0.0,0.0,0.0,0.0,0.0,0.0,1.0,0.2142857142857143,0.36363636363636365,0.09090909090909091,0.0,0.0,0,5,0,0,0,0,0,0,0.0,0.0,0.0026786344741448957,458000.0
10667666,0,0.0,1.0,0.0,0.0,0.0,1.0,0.0,0.0,0.0,0.0,0.0,0.0,0.0,0.0,1.0,0.0,0.0,0.0,0.0653061224489796,0.09090909090909091,0.09090909090909091,0.0,0.05555555555555555,0,4,0,0,0,0,0,0,0.0,0.0,0.0,395000.0
10667668,1,0.0,1.0,0.0,1.0,0.0,0.0,0.0,0.0,0.0,0.0,0.0,0.0,0.0,0.0,0.0,0.0,0.0,1.0,0.163265306122449,0.1818181818181818,0.09090909090909091,0.0,0.05555555555555555,5,6,0,1,0,0,1,1,0.0,0.0,0.0016368923438372608,448500.0
10667669,0,1.0,0.0,0.0,0.0,1.0,0.0,0.0,0.0,0.0,0.0,0.0,0.0,0.0,0.0,0.0,1.0,0.0,0.0,0.09183673469387757,0.1818181818181818,0.09090909090909091,0.0,0.05555555555555555,3,7,0,0,0,0,0,0,0.0,0.0,0.0,249000.0
10667682,1,0.0,1.0,0.0,1.0,0.0,0.0,0.0,0.0,0.0,0.0,0.0,0.0,0.0,0.0,0.0,0.0,1.0,0.0,0.09897959183673471,0.09090909090909091,0.09090909090909091,0.0,0.05555555555555555,5,6,0,1,0,0,1,1,0.0,0.0,0.0002613525591000669,165000.0
10667688,1,0.0,0.0,1.0,0.0,0.0,0.0,0.0,0.0,0.0,1.0,0.0,0.0,0.0,0.0,0.0,0.0,0.0,1.0,0.14285714285714288,0.2727272727272727,0.0,0.0,0.0,0,0,0,0,0,0,0,1,0.0,0.25,0.000729953112433871,360000.0
10667678,1,0.0,1.0,0.0,0.0,0.0,0.0,0.0,0.0,0.0,0.0,0.0,0.0,0.0,1.0,1.0,0.0,0.0,0.0,0.10714285714285715,0.2727272727272727,0.09090909090909091,0.0,0.1111111111111111,3,3,0,0,0,0,0,1,0.0,0.0,8.069833403791538e-05,345000.0
10667689,1,0.0,1.0,0.0,0.0,0.0,1.0,0.0,0.0,0.0,0.0,0.0,0.0,0.0,0.0,0.0,0.0,1.0,0.0,0.07244897959183674,0.1818181818181818,0.09090909090909091,0.0,0.05555555555555555,5,4,0,1,0,0,0,0,0.0,0.0,3.668106092632517e-05,99000.0
10667690,1,0.0,1.0,0.0,1.0,0.0,0.0,0.0,0.0,0.0,0.0,0.0,0.0,0.0,0.0,0.0,0.0,0.0,1.0,0.23979591836734696,0.1818181818181818,0.09090909090909091,0.0,0.16666666666666666,2,2,0,1,0,0,1,1,0.0,0.0,0.0009647119023623521,479000.0
10667694,1,0.0,1.0,0.0,1.0,0.0,0.0,0.0,0.0,0.0,0.0,0.0,0.0,0.0,0.0,0.0,0.0,0.0,1.0,0.17551020408163268,0.1818181818181818,0.09090909090909091,0.0,0.1111111111111111,0,0,0,1,0,0,1,1,0.0,0.3,0.00044842596982432525,395000.0
10667691,0,1.0,0.0,0.0,0.0,1.0,0.0,0.0,0.0,0.0,0.0,0.0,0.0,0.0,0.0,0.0,0.0,0.0,1.0,0.09897959183673471,0.09090909090909091,0.09090909090909091,0.0,0.1111111111111111,2,3,0,0,0,0,0,0,0.0,0.0,0.0,495000.0
10667695,1,0.0,1.0,0.0,1.0,0.0,0.0,0.0,0.0,0.0,0.0,0.0,0.0,0.0,0.0,0.0,0.0,0.0,1.0,0.17551020408163268,0.1818181818181818,0.09090909090909091,0.0,0.1111111111111111,0,0,0,1,0,0,1,1,0.0,0.3,0.00046676650028748784,395000.0
10667704,1,0.0,1.0,0.0,1.0,0.0,0.0,0.0,0.0,0.0,0.0,0.0,0.0,0.0,0.0,0.0,0.0,0.0,1.0,0.19081632653061226,0.09090909090909091,0.09090909090909091,0.0,0.1111111111111111,3,4,0,0,0,0,0,1,0.0,0.55,0.0018615638420110025,579000.0
10667703,0,0.0,1.0,0.0,1.0,0.0,0.0,0.0,0.0,0.0,0.0,0.0,0.0,0.0,0.0,0.0,0.0,0.0,1.0,0.08571428571428572,0.09090909090909091,0.09090909090909091,0.0,0.05555555555555555,3,2,0,0,0,0,0,1,0.0,0.0,0.0,239000.0
10667705,1,0.0,1.0,0.0,1.0,0.0,0.0,0.0,0.0,0.0,0.0,0.0,0.0,0.0,0.0,0.0,0.0,0.0,1.0,0.1326530612244898,0.1818181818181818,0.09090909090909091,0.0,0.1111111111111111,0,0,0,0,0,1,1,1,0.08,0.12,0.0,429500.0
10667706,0,0.0,1.0,0.0,0.0,0.0,0.0,0.0,0.0,0.0,0.0,0.0,0.0,0.0,1.0,0.0,0.0,0.0,1.0,0.0326530612244898,0.09090909090909091,0.09090909090909091,0.0,0.0,1,3,0,0,0,0,0,0,0.0,0.0,0.0,139000.0
10667710,1,0.0,1.0,0.0,0.0,0.0,0.0,0.0,0.0,0.0,0.0,0.0,0.0,0.0,1.0,0.0,0.0,0.0,1.0,0.176530612244898,0.2727272727272727,0.09090909090909091,0.0,0.1111111111111111,3,2,0,0,0,0,0,0,0.0,0.0,0.0005016135081674967,385000.0
10667708,1,0.0,1.0,0.0,0.0,0.0,0.0,0.0,0.0,0.0,0.0,0.0,0.0,0.0,1.0,0.0,0.0,1.0,0.0,0.38979591836734695,0.36363636363636365,0.18181818181818182,0.0,0.16666666666666666,3,3,0,0,0,0,0,1,0.0,0.0,0.00204405212011947,630000.0
10667711,1,0.0,1.0,0.0,0.0,0.0,1.0,0.0,0.0,0.0,0.0,0.0,0.0,0.0,0.0,1.0,0.0,0.0,0.0,0.10714285714285715,0.1818181818181818,0.09090909090909091,0.0,0.05555555555555555,1,2,0,0,0,0,1,0,0.045,0.0,0.00011096020930213364,450000.0
10667714,1,0.0,0.0,1.0,0.0,0.0,0.0,0.0,1.0,0.0,0.0,0.0,0.0,0.0,0.0,0.0,1.0,0.0,0.0,0.16836734693877553,0.2727272727272727,0.09090909090909091,0.0,0.05555555555555555,3,3,0,0,0,0,0,1,0.0,0.0,0.00012563263367266372,249000.0
10667716,0,1.0,0.0,0.0,0.0,1.0,0.0,0.0,0.0,0.0,0.0,0.0,0.0,0.0,0.0,0.0,0.0,0.0,1.0,0.08673469387755103,0.1818181818181818,0.09090909090909091,0.0,0.1111111111111111,4,5,1,0,0,0,0,1,0.0,0.13,0.0,285000.0
10667721,0,1.0,0.0,0.0,0.0,1.0,0.0,0.0,0.0,0.0,0.0,0.0,0.0,0.0,0.0,0.0,0.0,0.0,1.0,0.163265306122449,0.1818181818181818,0.0,0.07142857142857142,0.1111111111111111,3,3,1,0,0,0,0,1,0.0,0.12,0.0,715000.0
10667742,1,0.0,1.0,0.0,1.0,0.0,0.0,0.0,0.0,0.0,0.0,0.0,0.0,0.0,0.0,0.0,0.0,0.0,1.0,0.19387755102040818,0.2727272727272727,0.09090909090909091,0.0,0.1111111111111111,2,2,0,1,0,0,1,1,0.0,0.0,0.0006520058579654299,524900.0
10667740,1,0.0,1.0,0.0,1.0,0.0,0.0,0.0,0.0,0.0,0.0,0.0,0.0,0.0,0.0,0.0,0.0,0.0,1.0,0.09183673469387757,0.1818181818181818,0.09090909090909091,0.0,0.1111111111111111,3,4,0,1,0,0,1,0,0.2,0.0,0.000361308450124303,329900.0
10667744,1,0.0,1.0,0.0,0.0,0.0,0.0,0.0,0.0,0.0,0.0,0.0,0.0,0.0,1.0,0.0,0.0,1.0,0.0,0.10204081632653061,0.1818181818181818,0.0,0.0,0.1111111111111111,3,5,0,0,0,0,1,1,0.0,0.0,0.00018340530463162587,275000.0
10667773,1,0.0,1.0,0.0,0.0,0.0,0.0,0.0,0.0,0.0,0.0,0.0,0.0,0.0,1.0,0.0,0.0,0.0,1.0,0.20408163265306126,0.1818181818181818,0.18181818181818182,0.0,0.1111111111111111,0,0,0,0,0,0,1,0,0.0,0.0,0.0006391674866412161,675000.0
10667772,1,0.0,1.0,0.0,0.0,0.0,0.0,0.0,0.0,0.0,0.0,0.0,0.0,0.0,1.0,0.0,0.0,0.0,1.0,0.13979591836734695,0.1818181818181818,0.09090909090909091,0.0,0.0,4,6,0,0,0,0,0,0,0.0,0.0,0.00033929981356850786,257000.0
10667775,1,0.0,0.0,1.0,0.0,0.0,0.0,0.0,0.0,0.0,1.0,0.0,0.0,0.0,0.0,1.0,0.0,0.0,0.0,0.04081632653061225,0.0,0.0,0.0,0.05555555555555555,3,0,0,0,0,0,0,1,0.0,0.0,5.135348529685524e-05,59000.0
10667776,1,0.0,0.0,1.0,0.0,0.0,0.0,0.0,0.0,0.0,0.0,0.0,0.0,1.0,0.0,0.0,0.0,0.0,1.0,0.15816326530612246,0.36363636363636365,0.18181818181818182,0.0,0.0,3,3,0,0,0,0,1,0,1.0,0.0,0.0009830524328255147,545000.0
10667786,1,0.0,0.0,1.0,0.0,0.0,0.0,0.0,1.0,0.0,0.0,0.0,0.0,0.0,0.0,0.0,0.0,0.0,1.0,0.23265306122448984,0.2727272727272727,0.09090909090909091,0.0,0.1111111111111111,4,5,0,0,0,0,0,0,0.0,0.0,0.0006144077705159467,259000.0
10667777,1,0.0,1.0,0.0,0.0,0.0,0.0,0.0,0.0,0.0,0.0,0.0,0.0,0.0,1.0,0.0,0.0,0.0,1.0,0.163265306122449,0.1818181818181818,0.09090909090909091,0.0,0.0,5,5,0,0,0,0,0,1,0.0,0.0,0.00019807772900215593,185000.0
10667785,1,1.0,0.0,0.0,0.0,1.0,0.0,0.0,0.0,0.0,0.0,0.0,0.0,0.0,0.0,0.0,1.0,0.0,0.0,0.16836734693877553,0.2727272727272727,0.09090909090909091,0.0,0.1111111111111111,4,5,0,0,0,0,0,1,0.0,0.3,0.00011921344801055682,325000.0
10667792,1,0.0,1.0,0.0,1.0,0.0,0.0,0.0,0.0,0.0,0.0,0.0,0.0,0.0,0.0,0.0,0.0,0.0,1.0,0.14489795918367349,0.1818181818181818,0.09090909090909091,0.0,0.0,3,6,0,0,0,0,0,0,0.0,0.0,0.0011004318277897552,315000.0
10667794,1,0.0,1.0,0.0,0.0,0.0,0.0,1.0,0.0,0.0,0.0,0.0,0.0,0.0,0.0,1.0,0.0,0.0,0.0,0.1469387755102041,0.2727272727272727,0.18181818181818182,0.0,0.16666666666666666,2,1,0,0,0,0,1,1,0.0,0.01,0.00016506477416846328,689000.0
10667802,1,0.0,0.0,1.0,0.0,0.0,0.0,0.0,0.0,0.0,0.0,0.0,1.0,0.0,0.0,0.0,0.0,0.0,1.0,0.22448979591836737,0.2727272727272727,0.0,0.07142857142857142,0.1111111111111111,3,3,0,1,0,0,1,1,0.0,0.4,0.00894100860079176,775000.0
10667805,0,0.0,1.0,0.0,0.0,0.0,0.0,0.0,0.0,0.0,0.0,0.0,0.0,0.0,1.0,0.0,0.0,0.0,1.0,0.06122448979591837,0.09090909090909091,0.0,0.0,0.05555555555555555,1,3,0,0,0,0,0,0,0.0,0.0,0.0,209000.0
10667809,1,0.0,1.0,0.0,0.0,0.0,0.0,1.0,0.0,0.0,0.0,0.0,0.0,0.0,0.0,0.0,0.0,0.0,1.0,0.10204081632653061,0.1818181818181818,0.09090909090909091,0.07142857142857142,0.1111111111111111,1,0,0,0,0,0,1,1,0.2,0.21,0.0003723127684022005,298700.0
10667814,1,0.0,0.0,1.0,0.0,0.0,0.0,0.0,0.0,0.0,0.0,0.0,0.0,1.0,0.0,0.0,0.0,0.0,1.0,0.2857142857142857,0.4545454545454545,0.2727272727272727,0.0,0.16666666666666666,1,4,0,1,0,0,1,0,0.9,0.0,0.0010087291754739423,695000.0
10667819,1,0.0,0.0,1.0,0.0,0.0,0.0,0.0,0.0,0.0,0.0,0.0,0.0,1.0,0.0,0.0,0.0,0.0,1.0,0.06938775510204082,0.1818181818181818,0.09090909090909091,0.07142857142857142,0.1111111111111111,3,5,0,0,0,0,1,1,0.25,0.2,0.00037139574187904236,320000.0
10667813,1,0.0,0.0,1.0,0.0,0.0,0.0,0.0,1.0,0.0,0.0,0.0,0.0,0.0,0.0,1.0,0.0,0.0,0.0,0.3877551020408163,0.2727272727272727,0.36363636363636365,0.0,0.2222222222222222,2,2,0,0,0,0,0,0,0.0,0.0,4.585132615790647e-05,440000.0
10667811,0,0.0,1.0,0.0,0.0,0.0,0.0,0.0,0.0,1.0,0.0,0.0,0.0,0.0,0.0,0.0,0.0,1.0,0.0,0.06224489795918368,0.0,0.09090909090909091,0.0,0.0,3,2,1,0,0,0,0,1,0.0,0.0,0.0,224000.0
10667816,0,0.0,1.0,0.0,0.0,0.0,0.0,0.0,0.0,0.0,0.0,0.0,0.0,0.0,1.0,0.0,0.0,0.0,1.0,0.0816326530612245,0.09090909090909091,0.09090909090909091,0.0,0.0,3,2,0,0,0,0,0,1,0.0,0.0,0.0,219000.0
10667817,1,0.0,1.0,0.0,0.0,0.0,1.0,0.0,0.0,0.0,0.0,0.0,0.0,0.0,0.0,0.0,0.0,0.0,1.0,0.15306122448979595,0.09090909090909091,0.09090909090909091,0.0,0.1111111111111111,2,2,0,0,0,0,0,1,0.0,0.0,0.0006052375052843654,485000.0
10667823,0,0.0,1.0,0.0,1.0,0.0,0.0,0.0,0.0,0.0,0.0,0.0,0.0,0.0,0.0,1.0,0.0,0.0,0.0,0.08571428571428572,0.09090909090909091,0.09090909090909091,0.0,0.0,1,0,1,0,0,0,0,1,0.0,0.0,0.0,425000.0
10667831,0,1.0,0.0,0.0,0.0,1.0,0.0,0.0,0.0,0.0,0.0,0.0,0.0,0.0,0.0,0.0,0.0,1.0,0.0,0.10816326530612247,0.1818181818181818,0.09090909090909091,0.0,0.1111111111111111,1,2,1,0,0,0,0,0,0.0,0.0,0.0,495000.0
10667834,0,0.0,0.0,1.0,0.0,0.0,0.0,0.0,0.0,0.0,1.0,0.0,0.0,0.0,0.0,0.0,0.0,0.0,1.0,0.05612244897959184,0.09090909090909091,0.09090909090909091,0.0,0.05555555555555555,3,2,1,0,0,0,0,1,0.0,0.18,0.0,189000.0
10667837,1,0.0,0.0,1.0,0.0,0.0,0.0,0.0,1.0,0.0,0.0,0.0,0.0,0.0,0.0,0.0,1.0,0.0,0.0,0.2448979591836735,0.4545454545454545,0.36363636363636365,0.0,0.2222222222222222,5,7,0,1,0,0,0,0,0.0,0.0,0.0,290000.0
10667835,0,0.0,1.0,0.0,0.0,0.0,0.0,0.0,0.0,0.0,0.0,0.0,0.0,0.0,1.0,0.0,0.0,1.0,0.0,0.17040816326530614,0.09090909090909091,0.18181818181818182,0.0,0.05555555555555555,4,6,1,0,0,0,0,1,0.0,0.0,0.0,399000.0
10667842,0,0.0,1.0,0.0,0.0,0.0,1.0,0.0,0.0,0.0,0.0,0.0,0.0,0.0,0.0,1.0,0.0,0.0,0.0,0.12244897959183676,0.09090909090909091,0.09090909090909091,0.0,0.0,1,1,0,0,0,0,0,1,0.0,0.0,0.0,399000.0
10667844,1,0.0,1.0,0.0,0.0,0.0,0.0,0.0,0.0,0.0,0.0,0.0,0.0,0.0,1.0,0.0,0.0,0.0,1.0,0.07142857142857142,0.09090909090909091,0.0,0.0,0.0,0,6,0,0,0,0,0,1,0.0,0.0,7.794725446844099e-05,157900.0
10667866,0,1.0,0.0,0.0,0.0,1.0,0.0,0.0,0.0,0.0,0.0,0.0,0.0,0.0,0.0,0.0,1.0,0.0,0.0,0.0816326530612245,0.09090909090909091,0.09090909090909091,0.07142857142857142,0.05555555555555555,1,7,1,0,0,0,0,1,0.0,0.0,0.0,265000.0
10667861,1,0.0,0.0,1.0,0.0,0.0,0.0,0.0,0.0,0.0,1.0,0.0,0.0,0.0,0.0,0.0,0.0,0.0,1.0,0.336734693877551,0.4545454545454545,0.18181818181818182,0.0,0.16666666666666666,2,4,0,1,0,0,0,1,0.0,0.0,0.0021330036928658086,499000.0
10667856,0,0.0,0.0,1.0,0.0,0.0,0.0,0.0,1.0,0.0,0.0,0.0,0.0,0.0,0.0,0.0,0.0,0.0,1.0,0.0010204081632653045,0.0,0.0,0.07142857142857142,0.05555555555555555,0,0,0,0,0,0,0,1,0.0,0.07,0.0,150000.0
10667863,0,0.0,1.0,0.0,0.0,0.0,1.0,0.0,0.0,0.0,0.0,0.0,0.0,0.0,0.0,1.0,0.0,0.0,0.0,0.06632653061224492,0.09090909090909091,0.09090909090909091,0.0,0.0,1,1,0,0,0,0,0,0,0.0,0.0,0.0,340000.0
10667858,1,0.0,0.0,1.0,0.0,0.0,0.0,0.0,1.0,0.0,0.0,0.0,0.0,0.0,0.0,0.0,0.0,0.0,1.0,0.09693877551020408,0.1818181818181818,0.09090909090909091,0.07142857142857142,0.1111111111111111,0,2,0,0,0,0,0,1,0.0,0.3,0.00010087291754739423,260000.0
10667873,1,1.0,0.0,0.0,0.0,1.0,0.0,0.0,0.0,0.0,0.0,0.0,0.0,0.0,0.0,0.0,0.0,0.0,1.0,0.15510204081632656,0.2727272727272727,0.18181818181818182,0.07142857142857142,0.1111111111111111,3,5,0,0,0,0,1,1,0.09,0.13,0.00016506477416846328,780000.0
10667869,0,0.0,1.0,0.0,0.0,0.0,0.0,1.0,0.0,0.0,0.0,0.0,0.0,0.0,0.0,0.0,1.0,0.0,0.0,0.09183673469387757,0.1818181818181818,0.0,0.0,0.1111111111111111,1,3,0,0,0,0,0,1,0.0,0.05,0.0,355000.0
10667870,1,1.0,0.0,0.0,0.0,1.0,0.0,0.0,0.0,0.0,0.0,0.0,0.0,0.0,0.0,0.0,1.0,0.0,0.0,0.163265306122449,0.2727272727272727,0.09090909090909091,0.0,0.1111111111111111,2,7,0,1,0,0,1,1,0.12,0.3,0.0,785000.0
10667874,1,0.0,0.0,1.0,0.0,0.0,0.0,0.0,0.0,0.0,0.0,1.0,0.0,0.0,0.0,0.0,0.0,0.0,1.0,0.40816326530612246,0.4545454545454545,0.09090909090909091,0.0,0.1111111111111111,5,5,0,1,0,0,1,0,0.189,0.0,0.00017331801287688646,295000.0
10667876,0,0.0,0.0,1.0,0.0,0.0,0.0,0.0,0.0,0.0,0.0,0.0,0.0,1.0,0.0,0.0,0.0,0.0,1.0,0.07755102040816328,0.09090909090909091,0.09090909090909091,0.07142857142857142,0.05555555555555555,1,1,1,0,0,1,0,1,0.0,0.4,0.0,429000.0
10667885,1,0.0,0.0,1.0,0.0,0.0,0.0,0.0,1.0,0.0,0.0,0.0,0.0,0.0,0.0,0.0,0.0,1.0,0.0,0.113265306122449,0.1818181818181818,0.09090909090909091,0.07142857142857142,0.0,3,6,0,0,0,0,1,1,0.1,0.0,0.00023292473688216485,215000.0
10667886,0,0.0,1.0,0.0,0.0,0.0,0.0,1.0,0.0,0.0,0.0,0.0,0.0,0.0,0.0,0.0,0.0,1.0,0.0,0.04897959183673469,0.09090909090909091,0.0,0.0,0.05555555555555555,0,2,0,1,0,0,0,0,0.0,0.0,0.0,209000.0
10667887,0,0.0,0.0,1.0,0.0,0.0,0.0,0.0,0.0,0.0,0.0,1.0,0.0,0.0,0.0,0.0,0.0,1.0,0.0,0.08877551020408164,0.1818181818181818,0.18181818181818182,0.07142857142857142,0.1111111111111111,3,2,1,1,0,0,1,1,1.0,0.74,0.0,369000.0
10667890,1,0.0,1.0,0.0,1.0,0.0,0.0,0.0,0.0,0.0,0.0,0.0,0.0,0.0,0.0,0.0,0.0,1.0,0.0,0.07142857142857142,0.09090909090909091,0.09090909090909091,0.0,0.05555555555555555,5,6,0,0,0,0,1,0,0.025,0.0,0.00011554534191792429,225000.0
10667881,1,0.0,0.0,1.0,0.0,0.0,0.0,0.0,1.0,0.0,0.0,0.0,0.0,0.0,0.0,0.0,0.0,0.0,1.0,0.1275510204081633,0.1818181818181818,0.09090909090909091,0.0,0.05555555555555555,3,3,0,1,0,0,0,1,0.0,0.0,0.00017331801287688646,195000.0
10667889,1,0.0,1.0,0.0,0.0,0.0,1.0,0.0,0.0,0.0,0.0,0.0,0.0,0.0,0.0,0.0,0.0,1.0,0.0,0.10408163265306122,0.09090909090909091,0.09090909090909091,0.0,0.0,4,6,0,0,0,0,0,1,0.0,0.33,8.253238708423164e-05,210000.0
10667883,0,0.0,0.0,1.0,0.0,0.0,0.0,0.0,0.0,0.0,0.0,0.0,1.0,0.0,0.0,0.0,1.0,0.0,0.0,0.0816326530612245,0.09090909090909091,0.09090909090909091,0.0,0.05555555555555555,3,4,0,0,0,0,0,0,0.0,0.0,0.0,165000.0
10667888,0,1.0,0.0,0.0,0.0,1.0,0.0,0.0,0.0,0.0,0.0,0.0,0.0,0.0,0.0,0.0,1.0,0.0,0.0,0.07755102040816328,0.09090909090909091,0.09090909090909091,0.0,0.05555555555555555,0,5,1,1,0,0,0,1,0.0,0.02,0.0,349000.0
10667891,1,0.0,1.0,0.0,0.0,0.0,1.0,0.0,0.0,0.0,0.0,0.0,0.0,0.0,0.0,0.0,0.0,0.0,1.0,0.2653061224489796,0.1818181818181818,0.18181818181818182,0.0,0.0,3,4,0,0,0,0,1,1,1.0,1.0,0.0022540511939226817,795000.0
10667895,0,1.0,0.0,0.0,0.0,1.0,0.0,0.0,0.0,0.0,0.0,0.0,0.0,0.0,0.0,0.0,0.0,0.0,1.0,0.04591836734693878,0.0,0.09090909090909091,0.0,0.05555555555555555,3,6,0,0,0,0,1,1,0.085,0.1,0.0,325000.0
10667892,1,0.0,0.0,1.0,0.0,0.0,0.0,0.0,0.0,0.0,1.0,0.0,0.0,0.0,0.0,0.0,0.0,0.0,1.0,0.3877551020408163,0.4545454545454545,0.36363636363636365,0.2857142857142857,0.16666666666666666,3,4,0,0,0,1,1,1,0.0,0.01,0.006419185662106906,750000.0
10667897,0,1.0,0.0,0.0,0.0,1.0,0.0,0.0,0.0,0.0,0.0,0.0,0.0,0.0,0.0,0.0,0.0,0.0,1.0,0.08673469387755103,0.1818181818181818,0.18181818181818182,0.0,0.1111111111111111,3,7,0,0,0,0,0,0,0.0,0.0,0.0,395000.0
10667896,0,1.0,0.0,0.0,0.0,1.0,0.0,0.0,0.0,0.0,0.0,0.0,0.0,0.0,0.0,0.0,0.0,0.0,1.0,0.05612244897959184,0.09090909090909091,0.09090909090909091,0.0,0.05555555555555555,3,4,0,0,0,0,0,0,0.0,0.0,0.0,325000.0
10668045,1,0.0,1.0,0.0,0.0,0.0,0.0,1.0,0.0,0.0,0.0,0.0,0.0,0.0,0.0,0.0,0.0,0.0,1.0,0.17346938775510207,0.36363636363636365,0.2727272727272727,0.21428571428571427,0.16666666666666666,1,3,0,0,0,0,1,1,0.1,0.2,0.00019899475552531408,479000.0
10536978,1,0.0,1.0,0.0,0.0,0.0,1.0,0.0,0.0,0.0,0.0,0.0,0.0,0.0,0.0,0.0,0.0,1.0,0.0,0.5102040816326531,0.4545454545454545,0.18181818181818182,0.07142857142857142,0.2222222222222222,1,2,0,0,0,0,1,1,0.8,1.0,0.001184798267920303,715000.0
10668048,0,0.0,1.0,0.0,1.0,0.0,0.0,0.0,0.0,0.0,0.0,0.0,0.0,0.0,0.0,0.0,0.0,0.0,1.0,0.09591836734693879,0.09090909090909091,0.09090909090909091,0.0,0.05555555555555555,3,3,0,0,0,1,1,1,0.008,0.06,0.0,260000.0
10668081,1,0.0,1.0,0.0,0.0,0.0,0.0,1.0,0.0,0.0,0.0,0.0,0.0,0.0,0.0,0.0,1.0,0.0,0.0,0.23469387755102042,0.36363636363636365,0.2727272727272727,0.21428571428571427,0.16666666666666666,3,0,0,0,0,0,1,0,0.3,0.0,0.0002751079569474388,595000.0
10668077,0,0.0,1.0,0.0,1.0,0.0,0.0,0.0,0.0,0.0,0.0,0.0,0.0,0.0,0.0,0.0,0.0,0.0,1.0,0.1479591836734694,0.09090909090909091,0.0,0.0,0.1111111111111111,1,4,1,0,0,0,1,1,1.0,0.2,0.0,899000.0
10668057,0,0.0,1.0,0.0,0.0,0.0,0.0,0.0,0.0,0.0,0.0,0.0,0.0,0.0,1.0,0.0,0.0,0.0,1.0,0.08775510204081632,0.09090909090909091,0.09090909090909091,0.0,0.05555555555555555,3,2,1,0,0,0,0,0,0.0,0.0,0.0,375000.0
10668080,1,0.0,0.0,1.0,0.0,0.0,0.0,0.0,0.0,0.0,1.0,0.0,0.0,0.0,0.0,0.0,0.0,0.0,1.0,0.42653061224489797,0.4545454545454545,0.18181818181818182,0.14285714285714285,0.2777777777777778,0,5,0,0,1,0,0,1,0.0,0.56,0.0020174583509478847,619000.0
10668083,1,0.0,1.0,0.0,0.0,0.0,1.0,0.0,0.0,0.0,0.0,0.0,0.0,0.0,0.0,0.0,0.0,0.0,1.0,0.13877551020408166,0.2727272727272727,0.09090909090909091,0.0,0.16666666666666666,1,0,0,0,0,0,0,1,0.0,0.0,0.00019440962290952343,265000.0
10668085,1,1.0,0.0,0.0,0.0,1.0,0.0,0.0,0.0,0.0,0.0,0.0,0.0,0.0,0.0,0.0,1.0,0.0,0.0,0.22448979591836737,0.4545454545454545,0.18181818181818182,0.0,0.16666666666666666,5,7,0,1,0,0,1,0,0.0,0.0,0.0,675000.0
10668089,1,0.0,0.0,1.0,0.0,0.0,0.0,0.0,1.0,0.0,0.0,0.0,0.0,0.0,0.0,0.0,0.0,0.0,1.0,0.1112244897959184,0.09090909090909091,0.09090909090909091,0.0,0.0,0,6,0,1,0,0,0,1,0.0,0.0,0.0,199000.0
10668090,1,0.0,0.0,1.0,0.0,0.0,0.0,0.0,0.0,0.0,0.0,0.0,1.0,0.0,0.0,0.0,0.0,0.0,1.0,0.11530612244897961,0.1818181818181818,0.09090909090909091,0.0,0.0,0,4,0,1,0,0,0,1,0.0,0.0,0.0005603032056496171,250000.0
10668092,1,0.0,1.0,0.0,0.0,0.0,0.0,1.0,0.0,0.0,0.0,0.0,0.0,0.0,0.0,0.0,0.0,0.0,1.0,0.12653061224489798,0.1818181818181818,0.09090909090909091,0.0,0.0,5,6,0,0,0,0,0,0,0.0,0.0,0.00037047871535588427,275000.0
10668091,1,0.0,1.0,0.0,0.0,0.0,0.0,1.0,0.0,0.0,0.0,0.0,0.0,0.0,0.0,0.0,0.0,1.0,0.0,0.0816326530612245,0.09090909090909091,0.09090909090909091,0.0,0.0,4,3,0,0,0,0,0,0,0.0,0.0,0.00015589450893688199,285000.0
10668094,1,0.0,1.0,0.0,0.0,0.0,0.0,1.0,0.0,0.0,0.0,0.0,0.0,0.0,0.0,0.0,0.0,0.0,1.0,0.09183673469387757,0.09090909090909091,0.18181818181818182,0.0,0.0,2,6,0,0,0,0,0,1,0.0,0.0,0.00027052282433164817,299000.0
10668096,1,0.0,1.0,0.0,0.0,0.0,0.0,0.0,0.0,0.0,0.0,0.0,0.0,0.0,1.0,0.0,0.0,0.0,1.0,0.1326530612244898,0.2727272727272727,0.09090909090909091,0.0,0.05555555555555555,5,6,0,1,0,0,0,1,0.0,0.0,0.00017698611896951896,189000.0
10668097,1,0.0,1.0,0.0,0.0,0.0,0.0,0.0,0.0,0.0,0.0,0.0,0.0,0.0,1.0,0.0,0.0,0.0,1.0,0.22448979591836737,0.36363636363636365,0.18181818181818182,0.0,0.1111111111111111,1,0,0,1,0,0,0,0,0.0,0.0,0.0003127060443969221,490500.0
10668095,0,0.0,1.0,0.0,0.0,0.0,0.0,0.0,0.0,0.0,0.0,0.0,0.0,0.0,1.0,0.0,0.0,0.0,1.0,0.051020408163265314,0.0,0.09090909090909091,0.07142857142857142,0.05555555555555555,1,0,0,0,0,0,0,1,0.0,0.03,0.0,269000.0
10668099,1,0.0,1.0,0.0,0.0,0.0,0.0,0.0,0.0,0.0,0.0,0.0,0.0,0.0,1.0,0.0,0.0,0.0,1.0,0.22448979591836737,0.36363636363636365,0.18181818181818182,0.0,0.1111111111111111,1,0,0,1,0,0,0,0,0.0,0.0,0.0,490500.0
10668102,0,0.0,1.0,0.0,1.0,0.0,0.0,0.0,0.0,0.0,0.0,0.0,0.0,0.0,0.0,1.0,0.0,0.0,0.0,0.0979591836734694,0.09090909090909091,0.09090909090909091,0.0,0.05555555555555555,3,2,1,1,0,0,0,0,0.0,0.0,0.0,384000.0
10668101,1,0.0,1.0,0.0,1.0,0.0,0.0,0.0,0.0,0.0,0.0,0.0,0.0,0.0,0.0,0.0,0.0,0.0,1.0,0.1602040816326531,0.1818181818181818,0.09090909090909091,0.07142857142857142,0.16666666666666666,3,4,0,1,1,0,1,0,0.2,0.0,0.00039707248452747,625000.0
10668103,1,0.0,1.0,0.0,1.0,0.0,0.0,0.0,0.0,0.0,0.0,0.0,0.0,0.0,0.0,0.0,0.0,0.0,1.0,0.10918367346938776,0.09090909090909091,0.09090909090909091,0.0,0.05555555555555555,4,3,0,1,0,0,1,0,0.025,0.0,0.0,219900.0
10668127,1,0.0,1.0,0.0,0.0,0.0,0.0,0.0,0.0,0.0,0.0,0.0,0.0,0.0,1.0,0.0,0.0,0.0,1.0,0.1326530612244898,0.1818181818181818,0.09090909090909091,0.0,0.05555555555555555,3,2,0,1,0,0,0,0,0.0,0.0,0.00020357988814110472,285000.0
10668126,1,0.0,0.0,1.0,0.0,0.0,0.0,0.0,1.0,0.0,0.0,0.0,0.0,0.0,0.0,0.0,1.0,0.0,0.0,0.07448979591836735,0.09090909090909091,0.09090909090909091,0.0,0.0,0,7,0,1,0,0,0,0,0.0,0.0,0.00031178901787376397,180000.0
10668130,0,0.0,1.0,0.0,0.0,0.0,1.0,0.0,0.0,0.0,0.0,0.0,0.0,0.0,0.0,0.0,0.0,0.0,1.0,0.04591836734693878,0.0,0.09090909090909091,0.0,0.0,3,2,1,1,0,0,0,1,0.0,0.09,0.0,165000.0
10668131,1,0.0,1.0,0.0,0.0,0.0,0.0,1.0,0.0,0.0,0.0,0.0,0.0,0.0,0.0,1.0,0.0,0.0,0.0,0.17346938775510207,0.2727272727272727,0.09090909090909091,0.0,0.1111111111111111,3,6,0,1,0,0,1,1,0.223,0.25,0.00020449691466426284,579000.0
10668132,1,0.0,1.0,0.0,1.0,0.0,0.0,0.0,0.0,0.0,0.0,0.0,0.0,0.0,0.0,0.0,1.0,0.0,0.0,0.19387755102040818,0.4545454545454545,0.5454545454545454,0.0,0.3333333333333333,3,0,0,1,0,0,1,0,0.023,0.0,0.0,459000.0
10668143,1,0.0,1.0,0.0,1.0,0.0,0.0,0.0,0.0,0.0,0.0,0.0,0.0,0.0,0.0,0.0,0.0,0.0,1.0,0.1785714285714286,0.2727272727272727,0.09090909090909091,0.0,0.1111111111111111,4,4,0,1,0,0,1,0,0.0,0.0,0.00018248827810846775,230000.0
10668144,1,0.0,1.0,0.0,1.0,0.0,0.0,0.0,0.0,0.0,0.0,0.0,0.0,0.0,0.0,0.0,0.0,0.0,1.0,0.1479591836734694,0.1818181818181818,0.09090909090909091,0.0,0.05555555555555555,4,6,0,1,0,0,1,0,0.0,0.0,0.00013938803152003566,179000.0
10668149,1,0.0,0.0,1.0,0.0,0.0,0.0,0.0,0.0,0.0,0.0,0.0,1.0,0.0,0.0,0.0,0.0,1.0,0.0,0.22448979591836737,0.2727272727272727,0.18181818181818182,0.0,0.1111111111111111,2,4,0,1,0,0,0,1,0.0,0.0,0.00015589450893688199,240000.0
10668150,1,0.0,1.0,0.0,1.0,0.0,0.0,0.0,0.0,0.0,0.0,0.0,0.0,0.0,0.0,0.0,0.0,1.0,0.0,0.18673469387755104,0.4545454545454545,0.09090909090909091,0.0,0.1111111111111111,5,5,0,1,0,0,0,1,0.0,0.25,0.00013021776628845437,629000.0
10668165,0,0.0,1.0,0.0,1.0,0.0,0.0,0.0,0.0,0.0,0.0,0.0,0.0,0.0,0.0,0.0,0.0,1.0,0.0,0.06428571428571428,0.09090909090909091,0.09090909090909091,0.0,0.05555555555555555,3,4,0,1,0,0,0,1,0.0,0.03,0.0,195000.0
10668162,0,0.0,1.0,0.0,1.0,0.0,0.0,0.0,0.0,0.0,0.0,0.0,0.0,0.0,0.0,0.0,0.0,1.0,0.0,0.07551020408163267,0.09090909090909091,0.09090909090909091,0.0,0.05555555555555555,1,6,1,1,0,0,0,0,0.0,0.0,0.0,179000.0
10668167,1,0.0,1.0,0.0,0.0,0.0,1.0,0.0,0.0,0.0,0.0,0.0,0.0,0.0,0.0,0.0,0.0,1.0,0.0,0.326530612244898,0.6363636363636364,0.18181818181818182,0.0,0.16666666666666666,3,3,0,1,0,0,1,1,0.0,0.0,0.00036681060926325174,499750.0
10668166,0,0.0,1.0,0.0,1.0,0.0,0.0,0.0,0.0,0.0,0.0,0.0,0.0,0.0,0.0,0.0,0.0,1.0,0.0,0.05816326530612246,0.0,0.09090909090909091,0.0,0.05555555555555555,0,1,0,1,0,0,1,0,0.049,0.0,0.0,254000.0
10668168,1,0.0,1.0,0.0,0.0,0.0,1.0,0.0,0.0,0.0,0.0,0.0,0.0,0.0,0.0,0.0,0.0,1.0,0.0,0.1275510204081633,0.09090909090909091,0.09090909090909091,0.0,0.05555555555555555,3,4,0,1,0,0,0,1,0.0,0.0,0.0002567674264842762,225000.0
10668170,1,0.0,1.0,0.0,0.0,0.0,0.0,1.0,0.0,0.0,0.0,0.0,0.0,0.0,0.0,0.0,0.0,0.0,1.0,0.1510204081632653,0.1818181818181818,0.09090909090909091,0.0,0.1111111111111111,1,2,0,0,0,0,1,0,0.184,0.0,0.00024117797559058802,434000.0
10668172,1,0.0,0.0,1.0,0.0,0.0,0.0,0.0,1.0,0.0,0.0,0.0,0.0,0.0,0.0,0.0,1.0,0.0,0.0,0.163265306122449,0.1818181818181818,0.09090909090909091,0.0,0.0,0,0,0,0,0,0,0,0,0.0,0.0,0.0,135000.0
10668174,0,0.0,1.0,0.0,1.0,0.0,0.0,0.0,0.0,0.0,0.0,0.0,0.0,0.0,0.0,0.0,0.0,0.0,1.0,0.06632653061224492,0.09090909090909091,0.09090909090909091,0.0,0.05555555555555555,2,2,0,1,0,0,0,1,0.0,0.0,0.0,259000.0
10668173,1,0.0,1.0,0.0,1.0,0.0,0.0,0.0,0.0,0.0,0.0,0.0,0.0,0.0,0.0,0.0,0.0,0.0,1.0,0.15000000000000002,0.1818181818181818,0.09090909090909091,0.0,0.1111111111111111,3,3,0,1,0,0,0,1,0.0,0.0,0.00011096020930213364,355000.0
10668177,1,1.0,0.0,0.0,0.0,1.0,0.0,0.0,0.0,0.0,0.0,0.0,0.0,0.0,0.0,0.0,1.0,0.0,0.0,0.2142857142857143,0.4545454545454545,0.18181818181818182,0.21428571428571427,0.16666666666666666,5,7,0,0,0,0,1,1,0.03,0.1,9.628778493160358e-05,425000.0
10668178,0,1.0,0.0,0.0,0.0,1.0,0.0,0.0,0.0,0.0,0.0,0.0,0.0,0.0,0.0,0.0,1.0,0.0,0.0,0.12346938775510205,0.1818181818181818,0.18181818181818182,0.07142857142857142,0.1111111111111111,3,4,1,0,0,0,0,0,0.0,0.0,0.0,645000.0
10668179,0,0.0,1.0,0.0,1.0,0.0,0.0,0.0,0.0,0.0,0.0,0.0,0.0,0.0,0.0,0.0,0.0,0.0,1.0,0.05612244897959184,0.09090909090909091,0.09090909090909091,0.0,0.05555555555555555,2,2,0,0,0,0,0,1,0.0,0.03,0.0,265000.0
10668176,1,1.0,0.0,0.0,0.0,1.0,0.0,0.0,0.0,0.0,0.0,0.0,0.0,0.0,0.0,0.0,1.0,0.0,0.0,0.2122448979591837,0.36363636363636365,0.18181818181818182,0.14285714285714285,0.16666666666666666,3,7,0,0,0,0,0,1,0.0,0.0,9.07856257926548e-05,995000.0
10668181,1,0.0,1.0,0.0,0.0,0.0,0.0,0.0,0.0,0.0,0.0,0.0,0.0,0.0,1.0,0.0,0.0,1.0,0.0,0.11836734693877551,0.1818181818181818,0.09090909090909091,0.0,0.1111111111111111,3,2,0,1,0,0,0,1,0.0,0.2,0.00015222640284424946,249000.0
10668180,1,0.0,0.0,1.0,0.0,0.0,0.0,0.0,0.0,0.0,1.0,0.0,0.0,0.0,0.0,0.0,0.0,0.0,1.0,0.09183673469387757,0.09090909090909091,0.09090909090909091,0.0,0.05555555555555555,3,7,0,1,0,0,1,0,0.0,0.0,0.001036239971168686,199000.0
10668182,1,0.0,1.0,0.0,1.0,0.0,0.0,0.0,0.0,0.0,0.0,0.0,0.0,0.0,0.0,0.0,0.0,0.0,1.0,0.4653061224489796,0.5454545454545454,0.2727272727272727,0.0,0.2222222222222222,3,4,0,1,0,0,0,0,0.0,0.0,0.003120641258307114,2385000.0
10668184,1,0.0,1.0,0.0,0.0,0.0,1.0,0.0,0.0,0.0,0.0,0.0,0.0,0.0,0.0,0.0,0.0,0.0,1.0,0.17551020408163268,0.2727272727272727,0.09090909090909091,0.0,0.1111111111111111,2,4,0,1,0,0,1,0,0.0,0.0,0.0005685564443580402,395000.0
10668189,0,1.0,0.0,0.0,0.0,1.0,0.0,0.0,0.0,0.0,0.0,0.0,0.0,0.0,0.0,0.0,1.0,0.0,0.0,0.0816326530612245,0.09090909090909091,0.09090909090909091,0.07142857142857142,0.05555555555555555,3,4,1,0,0,0,0,1,0.0,0.12,0.0,249000.0
10668175,1,0.0,0.0,1.0,0.0,0.0,0.0,0.0,0.0,0.0,0.0,0.0,0.0,1.0,0.0,0.0,0.0,0.0,1.0,0.15816326530612246,0.36363636363636365,0.18181818181818182,0.0,0.0,3,3,0,0,0,0,1,0,1.0,0.0,0.0009830524328255147,545000.0
10668196,1,0.0,1.0,0.0,1.0,0.0,0.0,0.0,0.0,0.0,0.0,0.0,0.0,0.0,0.0,0.0,0.0,1.0,0.0,0.15510204081632656,0.2727272727272727,0.09090909090909091,0.0,0.1111111111111111,3,3,0,1,0,0,1,1,0.0,0.0,0.00016323072112214702,497000.0
10668195,0,0.0,1.0,0.0,1.0,0.0,0.0,0.0,0.0,0.0,0.0,0.0,0.0,0.0,0.0,0.0,0.0,1.0,0.0,0.22142857142857145,0.09090909090909091,0.18181818181818182,0.0,0.1111111111111111,0,0,0,1,0,0,1,1,0.0,1.0,0.0,865000.0
10668199,1,0.0,1.0,0.0,1.0,0.0,0.0,0.0,0.0,0.0,0.0,0.0,0.0,0.0,0.0,0.0,0.0,1.0,0.0,0.11224489795918369,0.4545454545454545,0.5454545454545454,0.0,0.3333333333333333,3,2,0,1,0,0,1,0,0.0,0.0,5.685564443580402e-05,575000.0
10668203,1,0.0,1.0,0.0,0.0,0.0,0.0,0.0,0.0,0.0,0.0,0.0,0.0,0.0,1.0,0.0,0.0,0.0,1.0,0.11020408163265308,0.09090909090909091,0.09090909090909091,0.0,0.05555555555555555,2,2,0,1,0,0,0,1,0.0,0.0,0.00028886335479481076,269000.0
10668202,1,0.0,1.0,0.0,1.0,0.0,0.0,0.0,0.0,0.0,0.0,0.0,0.0,0.0,0.0,0.0,0.0,1.0,0.0,0.20408163265306126,0.1818181818181818,0.09090909090909091,0.0,0.1111111111111111,3,4,0,1,0,0,1,1,0.0,0.0,0.00044567489025485087,479000.0
10668215,1,0.0,1.0,0.0,0.0,0.0,0.0,0.0,0.0,0.0,0.0,0.0,0.0,0.0,1.0,0.0,0.0,1.0,0.0,0.36836734693877554,0.1818181818181818,0.09090909090909091,0.0,0.1111111111111111,1,2,0,1,0,0,1,1,0.0,0.0,0.0006556739640580625,500000.0
10668205,1,0.0,0.0,1.0,0.0,0.0,0.0,0.0,0.0,0.0,0.0,0.0,1.0,0.0,0.0,0.0,1.0,0.0,0.0,0.2306122448979592,0.2727272727272727,0.0,0.07142857142857142,0.0,3,3,0,1,0,0,0,1,0.0,0.0,0.0012563263367266371,395000.0
10668208,1,0.0,1.0,0.0,1.0,0.0,0.0,0.0,0.0,0.0,0.0,0.0,0.0,0.0,0.0,0.0,0.0,0.0,1.0,0.18877551020408165,0.1818181818181818,0.09090909090909091,0.0,0.1111111111111111,4,6,0,1,0,0,1,0,0.05,0.0,0.00022375447165058355,295000.0
10668217,1,0.0,1.0,0.0,0.0,0.0,0.0,0.0,0.0,0.0,0.0,0.0,0.0,0.0,1.0,0.0,0.0,1.0,0.0,0.20102040816326533,0.2727272727272727,0.18181818181818182,0.0,0.1111111111111111,4,5,0,0,0,0,0,0,0.0,0.0,0.000453928128963274,429000.0
10668222,1,0.0,0.0,1.0,0.0,0.0,0.0,0.0,0.0,0.0,0.0,1.0,0.0,0.0,0.0,0.0,0.0,0.0,1.0,0.15612244897959185,0.2727272727272727,0.09090909090909091,0.07142857142857142,0.16666666666666666,0,2,0,1,0,0,0,1,0.0,0.0,0.0013571992542740314,360000.0
10668219,1,0.0,0.0,1.0,0.0,0.0,0.0,0.0,0.0,0.0,1.0,0.0,0.0,0.0,0.0,0.0,0.0,1.0,0.0,0.1326530612244898,0.2727272727272727,0.09090909090909091,0.0,0.1111111111111111,4,4,0,1,1,0,1,0,0.382,0.0,0.0,359900.0
10668216,0,0.0,1.0,0.0,0.0,0.0,0.0,0.0,0.0,0.0,0.0,0.0,0.0,0.0,1.0,0.0,0.0,1.0,0.0,0.051020408163265314,0.09090909090909091,0.09090909090909091,0.0,0.05555555555555555,0,2,1,0,0,0,0,1,0.0,0.0,0.0,650000.0
10668226,1,0.0,1.0,0.0,0.0,0.0,0.0,0.0,0.0,0.0,0.0,0.0,0.0,0.0,1.0,0.0,0.0,1.0,0.0,0.13571428571428573,0.1818181818181818,0.09090909090909091,0.0,0.1111111111111111,1,2,0,0,0,0,1,1,0.08,0.25,0.00016506477416846328,339000.0
10668237,0,0.0,1.0,0.0,0.0,0.0,0.0,0.0,0.0,1.0,0.0,0.0,0.0,0.0,0.0,0.0,0.0,1.0,0.0,0.09693877551020408,0.09090909090909091,0.09090909090909091,0.0,0.05555555555555555,3,0,1,0,0,0,0,1,0.0,0.0,0.0,250000.0
10537163,1,0.0,0.0,1.0,0.0,0.0,0.0,0.0,0.0,0.0,0.0,0.0,0.0,1.0,0.0,0.0,0.0,0.0,1.0,0.23163265306122452,0.36363636363636365,0.18181818181818182,0.0,0.1111111111111111,0,4,0,0,0,0,0,0,0.0,0.0,0.0003585573705548286,350000.0
10668248,1,0.0,1.0,0.0,0.0,0.0,1.0,0.0,0.0,0.0,0.0,0.0,0.0,0.0,0.0,1.0,0.0,0.0,0.0,0.23469387755102042,0.2727272727272727,0.18181818181818182,0.0,0.1111111111111111,3,6,0,0,0,0,1,0,0.0,0.0,0.0006134907439927886,399000.0
10668227,1,0.0,0.0,1.0,0.0,0.0,0.0,0.0,1.0,0.0,0.0,0.0,0.0,0.0,0.0,0.0,0.0,0.0,1.0,0.10204081632653061,0.09090909090909091,0.09090909090909091,0.0,0.05555555555555555,3,6,0,1,0,0,0,0,0.0,0.0,0.0007886428099159913,156500.0
10668247,1,0.0,1.0,0.0,0.0,0.0,1.0,0.0,0.0,0.0,0.0,0.0,0.0,0.0,0.0,0.0,1.0,0.0,0.0,0.23469387755102042,0.2727272727272727,0.18181818181818182,0.0,0.1111111111111111,3,6,0,0,0,0,1,0,0.0,0.0,0.0006134907439927886,399000.0
10668251,1,0.0,1.0,0.0,0.0,0.0,0.0,0.0,0.0,0.0,0.0,0.0,0.0,0.0,1.0,1.0,0.0,0.0,0.0,0.18775510204081636,0.1818181818181818,0.09090909090909091,0.0,0.05555555555555555,3,2,0,0,0,0,0,0,0.0,0.0,0.00015222640284424946,495000.0
10668252,1,0.0,1.0,0.0,0.0,0.0,0.0,0.0,0.0,0.0,0.0,0.0,0.0,0.0,1.0,0.0,0.0,0.0,1.0,0.1969387755102041,0.2727272727272727,0.09090909090909091,0.0,0.16666666666666666,0,3,0,0,0,0,1,0,0.0,0.0,0.0005337094364780313,295000.0
10668255,0,0.0,1.0,0.0,0.0,0.0,0.0,1.0,0.0,0.0,0.0,0.0,0.0,0.0,0.0,0.0,1.0,0.0,0.0,0.14285714285714288,0.09090909090909091,0.09090909090909091,0.0,0.05555555555555555,0,4,0,0,0,0,0,0,0.0,0.0,0.0,320000.0
10668254,0,0.0,1.0,0.0,0.0,0.0,0.0,1.0,0.0,0.0,0.0,0.0,0.0,0.0,0.0,0.0,1.0,0.0,0.0,0.08877551020408164,0.09090909090909091,0.09090909090909091,0.0,0.05555555555555555,3,3,0,0,0,0,1,0,0.233,0.0,0.0,315000.0
10668259,1,0.0,1.0,0.0,0.0,0.0,0.0,0.0,0.0,1.0,0.0,0.0,0.0,0.0,0.0,0.0,0.0,1.0,0.0,0.23673469387755106,0.09090909090909091,0.09090909090909091,0.0,0.1111111111111111,4,3,0,0,0,0,1,1,0.006,0.35000000000000003,0.00015772856198319825,349000.0
10668258,1,0.0,1.0,0.0,0.0,0.0,0.0,0.0,0.0,1.0,0.0,0.0,0.0,0.0,0.0,0.0,0.0,0.0,1.0,0.20000000000000004,0.2727272727272727,0.0,0.0,0.0,0,0,0,1,0,0,1,0,0.0,0.0,0.00046218136767169716,259000.0
10668253,1,0.0,1.0,0.0,0.0,0.0,0.0,0.0,0.0,0.0,0.0,0.0,0.0,0.0,1.0,0.0,0.0,0.0,1.0,0.06326530612244899,0.09090909090909091,0.09090909090909091,0.0,0.05555555555555555,0,6,0,0,0,0,1,0,0.0,0.0,0.0002934484874106014,189000.0
10668262,1,0.0,1.0,0.0,0.0,0.0,0.0,0.0,0.0,1.0,0.0,0.0,0.0,0.0,0.0,0.0,0.0,0.0,1.0,0.213265306122449,0.2727272727272727,0.0,0.0,0.0,0,2,0,1,0,0,0,0,0.0,0.0,0.0008234898177960001,419000.0
10668260,1,0.0,1.0,0.0,0.0,0.0,0.0,0.0,0.0,1.0,0.0,0.0,0.0,0.0,0.0,0.0,0.0,0.0,1.0,0.15918367346938778,0.1818181818181818,0.09090909090909091,0.0,0.05555555555555555,5,5,0,0,0,0,1,0,1.0,0.0,0.0029170613701660093,335000.0
10668261,1,0.0,1.0,0.0,0.0,0.0,0.0,0.0,0.0,1.0,0.0,0.0,0.0,0.0,0.0,0.0,0.0,1.0,0.0,0.3051020408163265,0.2727272727272727,0.09090909090909091,0.07142857142857142,0.1111111111111111,3,3,0,0,0,0,1,0,0.493,0.0,0.0005731415769738308,279000.0
10668266,0,0.0,1.0,0.0,0.0,0.0,1.0,0.0,0.0,0.0,0.0,0.0,0.0,0.0,0.0,0.0,0.0,1.0,0.0,0.06632653061224492,0.09090909090909091,0.09090909090909091,0.0,0.05555555555555555,0,3,0,0,0,0,0,0,0.0,0.0,0.0,169000.0
10668271,0,0.0,1.0,0.0,0.0,0.0,1.0,0.0,0.0,0.0,0.0,0.0,0.0,0.0,0.0,0.0,0.0,0.0,1.0,0.06428571428571428,0.09090909090909091,0.09090909090909091,0.0,0.05555555555555555,0,1,1,1,0,0,0,1,0.0,0.21,0.0,284000.0
10668272,0,0.0,1.0,0.0,0.0,0.0,1.0,0.0,0.0,0.0,0.0,0.0,0.0,0.0,0.0,0.0,0.0,0.0,1.0,0.07040816326530613,0.09090909090909091,0.09090909090909091,0.0,0.05555555555555555,0,1,1,1,0,0,0,1,0.0,0.09,0.0,295000.0
10668267,1,0.0,1.0,0.0,0.0,0.0,1.0,0.0,0.0,0.0,0.0,0.0,0.0,0.0,0.0,0.0,0.0,1.0,0.0,0.06632653061224492,0.09090909090909091,0.09090909090909091,0.0,0.05555555555555555,0,3,0,0,0,0,0,0,0.0,0.0,0.0,169000.0
10668273,0,0.0,1.0,0.0,0.0,0.0,1.0,0.0,0.0,0.0,0.0,0.0,0.0,0.0,0.0,0.0,0.0,0.0,1.0,0.06632653061224492,0.09090909090909091,0.09090909090909091,0.0,0.05555555555555555,0,1,1,1,0,0,0,1,0.0,0.16,0.0,294000.0
10668268,1,0.0,1.0,0.0,0.0,0.0,1.0,0.0,0.0,0.0,0.0,0.0,0.0,0.0,0.0,1.0,0.0,0.0,0.0,0.13367346938775512,0.1818181818181818,0.09090909090909091,0.0,0.05555555555555555,0,3,0,0,0,0,1,0,0.027,0.0,0.00010362399711686861,359000.0
10668274,0,0.0,1.0,0.0,0.0,0.0,1.0,0.0,0.0,0.0,0.0,0.0,0.0,0.0,0.0,0.0,0.0,0.0,1.0,0.06224489795918368,0.09090909090909091,0.09090909090909091,0.0,0.05555555555555555,2,1,1,1,0,0,0,1,0.0,0.12,0.0,285000.0
10668276,1,0.0,1.0,0.0,1.0,0.0,0.0,0.0,0.0,0.0,0.0,0.0,0.0,0.0,0.0,0.0,0.0,0.0,1.0,0.163265306122449,0.2727272727272727,0.09090909090909091,0.0,0.1111111111111111,4,2,0,0,0,0,1,0,0.075,0.0,0.0001375539784737194,248000.0
10668277,1,0.0,1.0,0.0,1.0,0.0,0.0,0.0,0.0,0.0,0.0,0.0,0.0,0.0,0.0,0.0,0.0,1.0,0.0,0.16836734693877553,0.2727272727272727,0.09090909090909091,0.0,0.1111111111111111,3,3,0,0,0,0,1,1,0.06,0.09,0.00013296884585792875,318000.0
10668280,1,0.0,1.0,0.0,0.0,0.0,1.0,0.0,0.0,0.0,0.0,0.0,0.0,0.0,0.0,0.0,0.0,0.0,1.0,0.17346938775510207,0.2727272727272727,0.09090909090909091,0.0,0.1111111111111111,3,2,0,1,0,0,1,0,0.0,0.0,0.0007519617489896661,469000.0
10668281,1,0.0,0.0,1.0,0.0,0.0,0.0,0.0,1.0,0.0,0.0,0.0,0.0,0.0,0.0,0.0,1.0,0.0,0.0,0.23469387755102042,0.2727272727272727,0.18181818181818182,0.0,0.0,0,7,0,0,0,0,0,1,0.0,1.0,0.0005584691526033008,250000.0
10668289,1,0.0,0.0,1.0,0.0,0.0,0.0,0.0,0.0,0.0,1.0,0.0,0.0,0.0,0.0,0.0,0.0,0.0,1.0,0.15714285714285717,0.1818181818181818,0.09090909090909091,0.0,0.1111111111111111,0,0,0,1,0,0,1,1,0.0,0.0,0.00043283651893063704,326945.0
10668288,1,0.0,0.0,1.0,0.0,0.0,0.0,0.0,0.0,0.0,1.0,0.0,0.0,0.0,0.0,0.0,0.0,0.0,1.0,0.1979591836734694,0.1818181818181818,0.18181818181818182,0.0,0.16666666666666666,1,4,0,1,0,0,0,1,0.0,0.47000000000000003,0.00020082880857163031,299000.0
10668286,0,0.0,0.0,1.0,0.0,0.0,0.0,0.0,0.0,0.0,1.0,0.0,0.0,0.0,0.0,0.0,0.0,1.0,0.0,0.5408163265306123,0.5454545454545454,0.09090909090909091,0.0,0.05555555555555555,3,3,0,1,0,0,0,1,0.0,0.0,0.0,595000.0
10668293,1,0.0,1.0,0.0,0.0,0.0,0.0,0.0,0.0,0.0,0.0,0.0,0.0,0.0,1.0,0.0,0.0,1.0,0.0,0.1836734693877551,0.1818181818181818,0.09090909090909091,0.0,0.0,3,0,0,0,0,0,0,0,0.0,0.0,0.00022283744512742543,469000.0
10668294,1,0.0,1.0,0.0,0.0,0.0,0.0,0.0,0.0,1.0,0.0,0.0,0.0,0.0,0.0,0.0,0.0,1.0,0.0,0.326530612244898,0.36363636363636365,0.2727272727272727,0.0,0.16666666666666666,0,0,0,1,0,0,0,1,0.0,0.0,0.0007602149876980893,575000.0
10668287,1,0.0,1.0,0.0,0.0,0.0,0.0,0.0,0.0,0.0,0.0,0.0,0.0,0.0,1.0,0.0,0.0,0.0,1.0,0.1285714285714286,0.1818181818181818,0.09090909090909091,0.0,0.1111111111111111,1,0,0,0,0,0,1,1,0.0,0.2,0.00038515113972641433,335000.0
10668295,1,0.0,1.0,0.0,1.0,0.0,0.0,0.0,0.0,0.0,0.0,0.0,0.0,0.0,0.0,0.0,0.0,0.0,1.0,0.1285714285714286,0.1818181818181818,0.09090909090909091,0.0,0.0,3,4,0,1,0,0,1,1,0.0,0.0,0.000233841763405323,289000.0
10668301,1,0.0,1.0,0.0,1.0,0.0,0.0,0.0,0.0,0.0,0.0,0.0,0.0,0.0,0.0,0.0,0.0,0.0,1.0,0.12653061224489798,0.1818181818181818,0.09090909090909091,0.0,0.1111111111111111,4,2,0,1,0,0,1,0,0.138,0.0,0.00019257556986320717,339000.0
10668303,0,0.0,1.0,0.0,1.0,0.0,0.0,0.0,0.0,0.0,0.0,0.0,0.0,0.0,0.0,0.0,0.0,0.0,1.0,0.0816326530612245,0.1818181818181818,0.09090909090909091,0.0,0.05555555555555555,2,2,0,1,0,0,0,0,0.0,0.0,0.0,349000.0
10668302,1,0.0,1.0,0.0,1.0,0.0,0.0,0.0,0.0,0.0,0.0,0.0,0.0,0.0,0.0,0.0,0.0,0.0,1.0,0.1469387755102041,0.2727272727272727,0.09090909090909091,0.0,0.1111111111111111,0,4,0,1,0,0,1,0,0.042,0.0,0.00010637507668634301,274000.0
10668306,1,0.0,0.0,1.0,0.0,0.0,0.0,0.0,0.0,0.0,1.0,0.0,0.0,0.0,0.0,1.0,0.0,0.0,0.0,0.10204081632653061,0.2727272727272727,0.36363636363636365,0.0,0.2222222222222222,5,5,0,1,0,0,1,0,0.062,0.0,0.0001430561376126682,345000.0
10668305,1,0.0,1.0,0.0,0.0,0.0,1.0,0.0,0.0,0.0,0.0,0.0,0.0,0.0,0.0,0.0,0.0,0.0,1.0,0.326530612244898,0.36363636363636365,0.18181818181818182,0.0,0.16666666666666666,5,3,0,1,0,0,0,0,0.0,0.0,0.0022412128225984683,685000.0
10668365,0,1.0,0.0,0.0,0.0,1.0,0.0,0.0,0.0,0.0,0.0,0.0,0.0,0.0,0.0,0.0,0.0,0.0,1.0,0.06428571428571428,0.09090909090909091,0.09090909090909091,0.0,0.0,3,3,1,1,0,0,0,1,0.0,0.19,0.0,280000.0
10668314,0,1.0,0.0,0.0,0.0,1.0,0.0,0.0,0.0,0.0,0.0,0.0,0.0,0.0,0.0,0.0,1.0,0.0,0.0,0.05510204081632653,0.0,0.09090909090909091,0.0,0.05555555555555555,0,1,0,1,0,0,0,1,0.0,0.15,0.0,252000.0
10668309,0,1.0,0.0,0.0,0.0,1.0,0.0,0.0,0.0,0.0,0.0,0.0,0.0,0.0,0.0,0.0,1.0,0.0,0.0,0.10102040816326532,0.1818181818181818,0.18181818181818182,0.0,0.05555555555555555,0,1,0,1,0,0,0,1,0.0,0.16,0.0,352500.0
10537248,1,0.0,0.0,1.0,0.0,0.0,0.0,0.0,0.0,0.0,1.0,0.0,0.0,0.0,0.0,0.0,1.0,0.0,0.0,0.06632653061224492,0.09090909090909091,0.09090909090909091,0.0,0.05555555555555555,3,5,0,0,0,0,0,1,0.0,0.12,0.0,169000.0
10668376,1,0.0,1.0,0.0,0.0,0.0,0.0,0.0,0.0,0.0,0.0,0.0,0.0,0.0,1.0,0.0,0.0,0.0,1.0,0.10714285714285715,0.1818181818181818,0.09090909090909091,0.0,0.0,5,5,0,1,0,0,0,0,0.0,0.0,0.00019807772900215593,185000.0
10668368,1,0.0,1.0,0.0,1.0,0.0,0.0,0.0,0.0,0.0,0.0,0.0,0.0,0.0,0.0,0.0,0.0,0.0,1.0,0.17551020408163268,0.2727272727272727,0.09090909090909091,0.14285714285714285,0.1111111111111111,4,6,0,0,0,0,1,0,0.2,0.0,0.00042641733326853013,390000.0
10668373,1,0.0,1.0,0.0,0.0,0.0,0.0,1.0,0.0,0.0,0.0,0.0,0.0,0.0,0.0,0.0,0.0,1.0,0.0,0.19387755102040818,0.2727272727272727,0.09090909090909091,0.0,0.05555555555555555,4,6,0,1,0,0,0,0,0.0,0.0,0.0002521822938684856,227000.0
10668386,0,1.0,0.0,0.0,0.0,1.0,0.0,0.0,0.0,0.0,0.0,0.0,0.0,0.0,0.0,0.0,1.0,0.0,0.0,0.13571428571428573,0.2727272727272727,0.18181818181818182,0.07142857142857142,0.1111111111111111,2,0,1,1,0,0,1,1,0.189,0.71,0.0,650000.0
10668385,0,1.0,0.0,0.0,0.0,1.0,0.0,0.0,0.0,0.0,0.0,0.0,0.0,0.0,0.0,0.0,0.0,0.0,1.0,0.11224489795918369,0.09090909090909091,0.09090909090909091,0.0,0.05555555555555555,3,0,1,1,0,0,0,1,0.0,0.09,0.0,540000.0
10668387,0,1.0,0.0,0.0,0.0,1.0,0.0,0.0,0.0,0.0,0.0,0.0,0.0,0.0,0.0,0.0,1.0,0.0,0.0,0.0816326530612245,0.09090909090909091,0.09090909090909091,0.0,0.1111111111111111,2,0,1,1,0,0,1,1,0.0,0.9,0.0,550000.0
10668384,0,1.0,0.0,0.0,0.0,1.0,0.0,0.0,0.0,0.0,0.0,0.0,0.0,0.0,0.0,0.0,0.0,0.0,1.0,0.11224489795918369,0.09090909090909091,0.09090909090909091,0.0,0.05555555555555555,3,0,1,1,0,0,0,1,0.0,0.09,0.0,540000.0
10668390,1,0.0,1.0,0.0,0.0,0.0,1.0,0.0,0.0,0.0,0.0,0.0,0.0,0.0,0.0,0.0,0.0,0.0,1.0,0.08469387755102042,0.09090909090909091,0.09090909090909091,0.0,0.05555555555555555,5,6,0,1,0,0,1,0,0.09,0.0,0.00014213911108951004,175000.0
10668391,0,0.0,1.0,0.0,1.0,0.0,0.0,0.0,0.0,0.0,0.0,0.0,0.0,0.0,0.0,0.0,0.0,0.0,1.0,0.08673469387755103,0.0,0.18181818181818182,0.0,0.05555555555555555,0,1,0,1,0,0,0,1,0.0,0.14,0.0,329000.0
10668392,1,0.0,0.0,1.0,0.0,0.0,0.0,0.0,0.0,0.0,0.0,0.0,1.0,0.0,0.0,0.0,0.0,1.0,0.0,0.163265306122449,0.36363636363636365,0.09090909090909091,0.07142857142857142,0.16666666666666666,0,7,0,1,0,0,0,1,0.0,0.16,0.00011737939496424056,275000.0
10668393,0,0.0,1.0,0.0,1.0,0.0,0.0,0.0,0.0,0.0,0.0,0.0,0.0,0.0,0.0,0.0,0.0,0.0,1.0,0.12551020408163266,0.09090909090909091,0.18181818181818182,0.0,0.05555555555555555,0,1,0,1,0,0,0,1,0.0,0.19,0.0,449000.0
10668394,1,0.0,1.0,0.0,1.0,0.0,0.0,0.0,0.0,0.0,0.0,0.0,0.0,0.0,0.0,0.0,0.0,0.0,1.0,0.15816326530612246,0.2727272727272727,0.09090909090909091,0.0,0.05555555555555555,3,4,0,1,0,0,1,0,0.13,0.0,0.00022925663078953234,324000.0
10668398,1,0.0,1.0,0.0,1.0,0.0,0.0,0.0,0.0,0.0,0.0,0.0,0.0,0.0,0.0,0.0,0.0,0.0,1.0,0.5020408163265306,0.2727272727272727,0.09090909090909091,0.0,0.2222222222222222,3,3,0,1,1,0,1,0,0.0,0.0,0.011029077994022822,1195000.0
10668404,0,0.0,1.0,0.0,0.0,0.0,0.0,0.0,0.0,0.0,0.0,0.0,0.0,0.0,1.0,0.0,0.0,1.0,0.0,0.05306122448979592,0.09090909090909091,0.0,0.0,0.05555555555555555,0,0,1,0,0,0,0,1,0.0,0.0,0.0,335000.0
10668408,0,0.0,1.0,0.0,0.0,0.0,0.0,0.0,0.0,0.0,0.0,0.0,0.0,0.0,1.0,1.0,0.0,0.0,0.0,0.18571428571428575,0.09090909090909091,0.18181818181818182,0.0,0.16666666666666666,2,2,0,0,0,0,1,1,0.0,0.0,0.0,1295000.0
10668395,0,0.0,1.0,0.0,1.0,0.0,0.0,0.0,0.0,0.0,0.0,0.0,0.0,0.0,0.0,0.0,0.0,1.0,0.0,0.06122448979591837,0.09090909090909091,0.09090909090909091,0.0,0.05555555555555555,2,2,0,1,0,0,0,0,0.0,0.0,0.0,239000.0
10668420,1,0.0,1.0,0.0,0.0,0.0,1.0,0.0,0.0,0.0,0.0,0.0,0.0,0.0,0.0,0.0,0.0,1.0,0.0,0.20612244897959187,0.2727272727272727,0.09090909090909091,0.0,0.1111111111111111,0,6,0,0,0,0,1,1,0.0,0.0,0.0,495000.0
10668418,1,0.0,1.0,0.0,0.0,0.0,1.0,0.0,0.0,0.0,0.0,0.0,0.0,0.0,0.0,0.0,0.0,1.0,0.0,0.10306122448979593,0.09090909090909091,0.09090909090909091,0.0,0.05555555555555555,5,4,0,0,0,0,1,0,0.022,0.0,0.00011096020930213364,120000.0
10668421,0,0.0,1.0,0.0,0.0,0.0,1.0,0.0,0.0,0.0,0.0,0.0,0.0,0.0,0.0,0.0,0.0,1.0,0.0,0.09387755102040818,0.0,0.09090909090909091,0.0,0.05555555555555555,0,2,0,0,0,0,1,1,0.0,0.0,0.0,235000.0
10668422,1,0.0,1.0,0.0,0.0,0.0,0.0,0.0,0.0,0.0,0.0,0.0,0.0,0.0,1.0,0.0,0.0,0.0,1.0,0.07142857142857142,0.1818181818181818,0.18181818181818182,0.0,0.1111111111111111,1,2,0,0,0,0,0,0,0.0,0.0,8.253238708423164e-05,345000.0
10668426,1,0.0,1.0,0.0,0.0,0.0,1.0,0.0,0.0,0.0,0.0,0.0,0.0,0.0,0.0,0.0,0.0,0.0,1.0,0.13469387755102044,0.09090909090909091,0.09090909090909091,0.0,0.05555555555555555,0,6,0,0,0,0,0,0,0.0,0.0,0.00022008636555795105,275000.0
10668424,1,0.0,1.0,0.0,0.0,0.0,1.0,0.0,0.0,0.0,0.0,0.0,0.0,0.0,0.0,0.0,0.0,1.0,0.0,0.12244897959183676,0.1818181818181818,0.09090909090909091,0.0,0.1111111111111111,4,5,0,0,0,0,0,0,0.0,0.0,0.00040165761714326063,299900.0
10668427,1,0.0,1.0,0.0,0.0,0.0,1.0,0.0,0.0,0.0,0.0,0.0,0.0,0.0,0.0,0.0,1.0,0.0,0.0,0.09183673469387757,0.09090909090909091,0.09090909090909091,0.0,0.05555555555555555,4,6,0,0,0,0,1,0,0.0,0.0,0.0006767655740906994,335000.0
10668428,0,0.0,1.0,0.0,1.0,0.0,0.0,0.0,0.0,0.0,0.0,0.0,0.0,0.0,0.0,0.0,0.0,0.0,1.0,0.06122448979591837,0.09090909090909091,0.09090909090909091,0.0,0.05555555555555555,0,0,1,0,0,0,1,0,0.0,0.0,0.0,295000.0
10668430,1,0.0,1.0,0.0,0.0,0.0,0.0,1.0,0.0,0.0,0.0,0.0,0.0,0.0,0.0,0.0,0.0,0.0,1.0,0.17448979591836736,0.1818181818181818,0.09090909090909091,0.0,0.0,0,4,0,0,0,0,0,0,0.0,0.0,0.0011022658808360715,548000.0
10668443,1,0.0,1.0,0.0,1.0,0.0,0.0,0.0,0.0,0.0,0.0,0.0,0.0,0.0,0.0,0.0,0.0,0.0,1.0,0.2122448979591837,0.1818181818181818,0.09090909090909091,0.0,0.1111111111111111,0,0,0,0,0,0,1,1,0.053,0.0,0.00011646236844108242,429000.0
10668450,0,0.0,1.0,0.0,1.0,0.0,0.0,0.0,0.0,0.0,0.0,0.0,0.0,0.0,0.0,0.0,0.0,0.0,1.0,0.036734693877551024,0.0,0.09090909090909091,0.0,0.05555555555555555,0,0,1,0,0,0,0,1,0.0,0.0,0.0,219000.0
10668451,0,0.0,1.0,0.0,1.0,0.0,0.0,0.0,0.0,0.0,0.0,0.0,0.0,0.0,0.0,0.0,0.0,0.0,1.0,0.03775510204081633,0.0,0.09090909090909091,0.0,0.05555555555555555,0,0,1,0,0,0,0,1,0.0,0.0,0.0,224000.0
10668452,0,0.0,1.0,0.0,1.0,0.0,0.0,0.0,0.0,0.0,0.0,0.0,0.0,0.0,0.0,0.0,0.0,0.0,1.0,0.07551020408163267,0.09090909090909091,0.09090909090909091,0.0,0.05555555555555555,0,0,1,0,0,0,0,1,0.0,0.0,0.0,329000.0
10668455,0,0.0,1.0,0.0,1.0,0.0,0.0,0.0,0.0,0.0,0.0,0.0,0.0,0.0,0.0,0.0,0.0,0.0,1.0,0.09183673469387757,0.09090909090909091,0.09090909090909091,0.0,0.05555555555555555,0,0,1,0,0,0,0,1,0.0,0.0,0.0,389000.0
10668454,0,0.0,1.0,0.0,1.0,0.0,0.0,0.0,0.0,0.0,0.0,0.0,0.0,0.0,0.0,0.0,0.0,0.0,1.0,0.0816326530612245,0.09090909090909091,0.09090909090909091,0.0,0.05555555555555555,0,0,1,0,0,0,0,1,0.0,0.0,0.0,359000.0
10668453,0,0.0,1.0,0.0,1.0,0.0,0.0,0.0,0.0,0.0,0.0,0.0,0.0,0.0,0.0,0.0,0.0,0.0,1.0,0.07857142857142857,0.09090909090909091,0.09090909090909091,0.0,0.05555555555555555,0,0,1,0,0,0,0,1,0.0,0.0,0.0,349000.0
10668456,1,0.0,1.0,0.0,0.0,0.0,0.0,0.0,0.0,0.0,0.0,0.0,0.0,0.0,1.0,0.0,0.0,0.0,1.0,0.176530612244898,0.1818181818181818,0.09090909090909091,0.0,0.05555555555555555,1,4,0,0,0,0,1,1,0.0,0.0,0.0009188605762044456,545000.0
10668457,1,0.0,1.0,0.0,1.0,0.0,0.0,0.0,0.0,0.0,0.0,0.0,0.0,0.0,0.0,0.0,0.0,0.0,1.0,0.23775510204081637,0.1818181818181818,0.09090909090909091,0.0,0.1111111111111111,3,2,0,1,0,0,1,0,1.0,0.0,0.0011077680399750203,629000.0
10668459,0,0.0,1.0,0.0,0.0,0.0,0.0,0.0,0.0,0.0,0.0,0.0,0.0,0.0,1.0,0.0,0.0,0.0,1.0,0.0836734693877551,0.1818181818181818,0.09090909090909091,0.0,0.1111111111111111,1,1,1,0,0,0,0,1,0.0,0.0,0.0,299000.0
10668460,1,0.0,1.0,0.0,0.0,0.0,0.0,0.0,0.0,1.0,0.0,0.0,0.0,0.0,0.0,0.0,0.0,0.0,1.0,0.20408163265306126,0.2727272727272727,0.09090909090909091,0.0,0.0,1,3,0,0,0,0,1,1,0.0,0.01,0.0,465000.0
10668458,1,0.0,1.0,0.0,1.0,0.0,0.0,0.0,0.0,0.0,0.0,0.0,0.0,0.0,0.0,0.0,0.0,0.0,1.0,0.10510204081632654,0.1818181818181818,0.09090909090909091,0.0,0.1111111111111111,0,0,0,1,0,0,1,1,0.105,0.15,0.0001971607024789978,425000.0
10668464,0,0.0,1.0,0.0,0.0,0.0,0.0,0.0,0.0,0.0,0.0,0.0,0.0,0.0,1.0,0.0,0.0,0.0,1.0,0.0336734693877551,0.0,0.09090909090909091,0.0,0.05555555555555555,1,0,1,0,0,0,0,0,0.0,0.0,0.0,185000.0
10668466,1,0.0,0.0,1.0,0.0,0.0,0.0,0.0,1.0,0.0,0.0,0.0,0.0,0.0,0.0,0.0,0.0,1.0,0.0,0.17142857142857146,0.2727272727272727,0.09090909090909091,0.0,0.1111111111111111,0,3,0,0,0,0,1,1,0.165,0.15,0.00015130937632109134,229900.0
10668475,1,0.0,1.0,0.0,0.0,0.0,0.0,0.0,0.0,0.0,0.0,0.0,0.0,0.0,1.0,1.0,0.0,0.0,0.0,0.07040816326530613,0.09090909090909091,0.09090909090909091,0.0,0.05555555555555555,0,2,0,0,0,0,0,0,0.0,0.0,3.4847007880008915e-05,299000.0
10668497,0,0.0,1.0,0.0,1.0,0.0,0.0,0.0,0.0,0.0,0.0,0.0,0.0,0.0,0.0,0.0,0.0,1.0,0.0,0.04795918367346939,0.0,0.09090909090909091,0.0,0.05555555555555555,1,0,1,0,0,0,0,1,0.0,0.09,0.0,265000.0
10668498,1,0.0,1.0,0.0,1.0,0.0,0.0,0.0,0.0,0.0,0.0,0.0,0.0,0.0,0.0,0.0,0.0,1.0,0.0,0.19183673469387758,0.2727272727272727,0.09090909090909091,0.0,0.05555555555555555,1,4,0,0,0,0,1,0,1.0,0.0,0.0014571551452982675,515000.0
10668502,1,0.0,1.0,0.0,0.0,0.0,0.0,0.0,0.0,0.0,0.0,0.0,0.0,0.0,1.0,0.0,0.0,1.0,0.0,0.0816326530612245,0.09090909090909091,0.09090909090909091,0.0,0.0,5,6,0,0,0,0,1,0,0.0,0.0,8.711751970002229e-05,115000.0
10668528,1,0.0,1.0,0.0,0.0,0.0,0.0,0.0,0.0,0.0,0.0,0.0,0.0,0.0,1.0,0.0,0.0,0.0,1.0,0.10612244897959186,0.1818181818181818,0.09090909090909091,0.0,0.1111111111111111,1,3,0,0,0,0,1,1,0.0,0.0,0.0002650206651926994,395000.0
10668540,0,1.0,0.0,0.0,0.0,1.0,0.0,0.0,0.0,0.0,0.0,0.0,0.0,0.0,0.0,0.0,1.0,0.0,0.0,0.07142857142857142,0.09090909090909091,0.18181818181818182,0.14285714285714285,0.1111111111111111,0,4,0,1,0,0,0,1,0.0,0.0,0.0,270000.0
10668541,0,1.0,0.0,0.0,0.0,1.0,0.0,0.0,0.0,0.0,0.0,0.0,0.0,0.0,0.0,0.0,1.0,0.0,0.0,0.07142857142857142,0.09090909090909091,0.18181818181818182,0.14285714285714285,0.1111111111111111,0,7,0,1,0,0,0,0,0.0,0.0,0.0,280000.0
10668549,1,0.0,1.0,0.0,0.0,0.0,0.0,0.0,0.0,0.0,0.0,0.0,0.0,0.0,1.0,0.0,0.0,1.0,0.0,0.10816326530612247,0.1818181818181818,0.09090909090909091,0.0,0.1111111111111111,1,2,0,0,0,0,1,1,0.0,1.0,0.00025768445300743435,325000.0
10668552,0,0.0,1.0,0.0,1.0,0.0,0.0,0.0,0.0,0.0,0.0,0.0,0.0,0.0,0.0,0.0,0.0,1.0,0.0,0.036734693877551024,0.0,0.09090909090909091,0.0,0.0,0,3,1,0,0,0,0,0,0.0,0.0,0.0,175000.0
10668550,1,0.0,1.0,0.0,1.0,0.0,0.0,0.0,0.0,0.0,0.0,0.0,0.0,0.0,0.0,0.0,0.0,0.0,1.0,0.16122448979591839,0.1818181818181818,0.09090909090909091,0.0,0.1111111111111111,1,1,0,1,0,0,1,1,0.0,0.0,0.0006089056113769978,495000.0
10668553,1,0.0,1.0,0.0,0.0,0.0,0.0,0.0,0.0,0.0,0.0,0.0,0.0,0.0,1.0,0.0,0.0,0.0,1.0,0.2091836734693878,0.36363636363636365,0.09090909090909091,0.0,0.1111111111111111,5,4,0,0,0,0,1,0,0.0,0.0,0.0002558503999611181,224000.0
10668555,1,0.0,1.0,0.0,1.0,0.0,0.0,0.0,0.0,0.0,0.0,0.0,0.0,0.0,0.0,0.0,0.0,0.0,1.0,0.30714285714285716,0.2727272727272727,0.18181818181818182,0.0,0.16666666666666666,1,0,0,1,1,0,1,1,0.0,0.0,0.0013553652012277151,795000.0
10668554,1,0.0,1.0,0.0,1.0,0.0,0.0,0.0,0.0,0.0,0.0,0.0,0.0,0.0,0.0,0.0,0.0,0.0,1.0,0.17040816326530614,0.2727272727272727,0.09090909090909091,0.07142857142857142,0.05555555555555555,3,4,0,1,0,0,1,1,0.0,0.0,0.0006905209719380714,435000.0
10668556,0,0.0,1.0,0.0,0.0,0.0,1.0,0.0,0.0,0.0,0.0,0.0,0.0,0.0,0.0,0.0,0.0,0.0,1.0,0.0816326530612245,0.09090909090909091,0.09090909090909091,0.0,0.0,0,1,1,0,0,0,1,1,0.0,0.36,0.0,395000.0
10668557,0,0.0,1.0,0.0,0.0,0.0,1.0,0.0,0.0,0.0,0.0,0.0,0.0,0.0,0.0,0.0,0.0,0.0,1.0,0.14285714285714288,0.1818181818181818,0.09090909090909091,0.0,0.0,0,1,1,0,0,0,1,1,0.0,0.13,0.0,510000.0
10668558,0,0.0,1.0,0.0,0.0,0.0,1.0,0.0,0.0,0.0,0.0,0.0,0.0,0.0,0.0,0.0,0.0,0.0,1.0,0.1,0.1818181818181818,0.09090909090909091,0.0,0.0,0,1,1,0,0,0,1,1,0.0,0.4,0.0,470000.0
10668559,0,0.0,1.0,0.0,0.0,0.0,1.0,0.0,0.0,0.0,0.0,0.0,0.0,0.0,0.0,0.0,0.0,0.0,1.0,0.11530612244897961,0.09090909090909091,0.09090909090909091,0.0,0.0,0,1,1,0,0,0,1,1,0.0,0.13,0.0,455000.0
10668563,1,0.0,1.0,0.0,0.0,0.0,0.0,0.0,0.0,0.0,0.0,0.0,0.0,0.0,1.0,0.0,0.0,0.0,1.0,0.11836734693877551,0.1818181818181818,0.09090909090909091,0.0,0.0,0,0,0,0,0,0,0,0,0.0,0.0,0.0,275000.0
10668560,0,0.0,1.0,0.0,0.0,0.0,1.0,0.0,0.0,0.0,0.0,0.0,0.0,0.0,0.0,0.0,0.0,0.0,1.0,0.08061224489795918,0.09090909090909091,0.09090909090909091,0.0,0.0,0,1,1,0,0,0,1,1,0.0,0.31,0.0,410000.0
10668561,0,0.0,1.0,0.0,0.0,0.0,0.0,0.0,0.0,0.0,0.0,0.0,0.0,0.0,1.0,0.0,0.0,0.0,1.0,0.0326530612244898,0.0,0.09090909090909091,0.0,0.0,0,2,1,0,0,0,1,1,0.0,0.0,0.0,275000.0
10668572,1,0.0,1.0,0.0,0.0,0.0,1.0,0.0,0.0,0.0,0.0,0.0,0.0,0.0,0.0,0.0,0.0,0.0,1.0,0.1469387755102041,0.1818181818181818,0.09090909090909091,0.0,0.0,1,3,0,0,0,0,1,1,0.0,0.0,0.000518119985584343,295000.0
10668573,0,1.0,0.0,0.0,0.0,1.0,0.0,0.0,0.0,0.0,0.0,0.0,0.0,0.0,0.0,0.0,0.0,1.0,0.0,0.07755102040816328,0.09090909090909091,0.09090909090909091,0.0,0.05555555555555555,3,0,1,1,0,0,0,1,0.0,0.3,0.0,380000.0
10668574,0,1.0,0.0,0.0,0.0,1.0,0.0,0.0,0.0,0.0,0.0,0.0,0.0,0.0,0.0,0.0,1.0,0.0,0.0,0.11836734693877551,0.09090909090909091,0.09090909090909091,0.07142857142857142,0.16666666666666666,5,0,1,1,0,0,0,1,0.0,0.09,0.0,430000.0
10668576,0,1.0,0.0,0.0,0.0,1.0,0.0,0.0,0.0,0.0,0.0,0.0,0.0,0.0,0.0,0.0,1.0,0.0,0.0,0.14489795918367349,0.1818181818181818,0.09090909090909091,0.07142857142857142,0.1111111111111111,5,0,1,1,0,0,0,1,0.0,0.13,0.0,495000.0
10668575,0,1.0,0.0,0.0,0.0,1.0,0.0,0.0,0.0,0.0,0.0,0.0,0.0,0.0,0.0,0.0,1.0,0.0,0.0,0.10204081632653061,0.09090909090909091,0.09090909090909091,0.0,0.1111111111111111,5,0,1,1,0,0,0,1,0.0,0.08,0.0,380000.0
10668584,0,1.0,0.0,0.0,0.0,1.0,0.0,0.0,0.0,0.0,0.0,0.0,0.0,0.0,0.0,0.0,1.0,0.0,0.0,0.015306122448979595,0.0,0.09090909090909091,0.0,0.05555555555555555,3,7,1,0,0,0,0,1,0.0,0.1,0.0,129000.0
10668577,0,1.0,0.0,0.0,0.0,1.0,0.0,0.0,0.0,0.0,0.0,0.0,0.0,0.0,0.0,0.0,1.0,0.0,0.0,0.1326530612244898,0.09090909090909091,0.09090909090909091,0.07142857142857142,0.16666666666666666,5,0,1,1,0,0,0,1,0.0,0.11,0.0,465000.0
10668583,1,0.0,1.0,0.0,0.0,0.0,0.0,1.0,0.0,0.0,0.0,0.0,0.0,0.0,0.0,0.0,0.0,1.0,0.0,0.17551020408163268,0.1818181818181818,0.09090909090909091,0.0,0.1111111111111111,2,3,0,1,0,0,1,1,0.03,0.3,0.00011829642148739869,415000.0
10668582,1,0.0,1.0,0.0,0.0,0.0,0.0,1.0,0.0,0.0,0.0,0.0,0.0,0.0,0.0,0.0,0.0,0.0,1.0,0.10204081632653061,0.1818181818181818,0.09090909090909091,0.0,0.0,4,5,0,1,0,0,1,1,0.0,0.0,0.0005355434895243476,195000.0
10668585,0,0.0,1.0,0.0,0.0,0.0,1.0,0.0,0.0,0.0,0.0,0.0,0.0,0.0,0.0,0.0,0.0,0.0,1.0,0.09693877551020408,0.09090909090909091,0.09090909090909091,0.0,0.0,1,3,1,0,0,0,1,1,0.024,0.24,0.0,315000.0
10668589,1,0.0,1.0,0.0,0.0,0.0,1.0,0.0,0.0,0.0,0.0,0.0,0.0,0.0,0.0,0.0,0.0,0.0,1.0,0.12244897959183676,0.09090909090909091,0.09090909090909091,0.0,0.05555555555555555,5,6,0,0,0,0,1,0,0.0,0.0,0.0004401727311159021,235000.0
10668594,1,1.0,0.0,0.0,0.0,1.0,0.0,0.0,0.0,0.0,0.0,0.0,0.0,0.0,0.0,0.0,1.0,0.0,0.0,0.19897959183673472,0.36363636363636365,0.09090909090909091,0.0,0.0,5,6,0,0,0,0,0,0,0.0,0.0,8.711751970002229e-05,415000.0
10668588,1,0.0,1.0,0.0,0.0,0.0,1.0,0.0,0.0,0.0,0.0,0.0,0.0,0.0,0.0,0.0,0.0,0.0,1.0,0.12244897959183676,0.09090909090909091,0.09090909090909091,0.0,0.05555555555555555,5,6,0,0,0,0,1,0,0.0,0.0,0.0004401727311159021,235000.0
10668595,1,1.0,0.0,0.0,0.0,1.0,0.0,0.0,0.0,0.0,0.0,0.0,0.0,0.0,0.0,0.0,1.0,0.0,0.0,0.4142857142857143,0.5454545454545454,0.2727272727272727,0.0,0.0,4,5,0,0,0,0,0,1,0.0,0.09,0.0002475971612526949,895000.0
10668592,0,0.0,1.0,0.0,0.0,0.0,0.0,0.0,0.0,0.0,0.0,0.0,0.0,0.0,1.0,0.0,0.0,1.0,0.0,0.08469387755102042,0.09090909090909091,0.0,0.0,0.05555555555555555,0,3,1,0,0,0,0,1,0.0,0.0,0.0,289000.0
10668591,0,0.0,1.0,0.0,0.0,0.0,1.0,0.0,0.0,0.0,0.0,0.0,0.0,0.0,0.0,0.0,0.0,0.0,1.0,0.07448979591836735,0.09090909090909091,0.09090909090909091,0.0,0.05555555555555555,0,0,0,0,0,0,1,1,0.0,0.23,0.0,320000.0
10668590,0,0.0,1.0,0.0,0.0,0.0,1.0,0.0,0.0,0.0,0.0,0.0,0.0,0.0,0.0,0.0,0.0,0.0,1.0,0.0673469387755102,0.09090909090909091,0.09090909090909091,0.0,0.05555555555555555,0,0,0,0,0,0,1,1,0.0,0.1,0.0,305000.0
10668599,1,0.0,1.0,0.0,0.0,0.0,1.0,0.0,0.0,0.0,0.0,0.0,0.0,0.0,0.0,0.0,0.0,1.0,0.0,0.12040816326530615,0.1818181818181818,0.09090909090909091,0.0,0.05555555555555555,4,3,0,0,0,0,0,0,0.0,0.0,0.00037414682144851674,195000.0
10668600,1,0.0,1.0,0.0,0.0,0.0,0.0,1.0,0.0,0.0,0.0,0.0,0.0,0.0,0.0,0.0,0.0,1.0,0.0,0.1469387755102041,0.2727272727272727,0.0,0.0,0.0,6,6,0,0,0,0,0,0,0.0,0.0,0.00015589450893688199,249000.0
10668601,1,0.0,1.0,0.0,0.0,0.0,1.0,0.0,0.0,0.0,0.0,0.0,0.0,0.0,0.0,0.0,1.0,0.0,0.0,0.0979591836734694,0.2727272727272727,0.09090909090909091,0.0,0.05555555555555555,1,4,0,0,0,0,0,0,0.0,0.0,5.685564443580402e-05,295000.0
10668603,1,0.0,1.0,0.0,0.0,0.0,1.0,0.0,0.0,0.0,0.0,0.0,0.0,0.0,0.0,0.0,0.0,0.0,1.0,0.07551020408163267,0.09090909090909091,0.09090909090909091,0.0,0.0,5,6,0,0,0,0,0,0,0.0,0.0,0.00035764034403167045,199000.0
10668605,0,0.0,1.0,0.0,0.0,0.0,0.0,0.0,0.0,0.0,0.0,0.0,0.0,0.0,1.0,0.0,0.0,0.0,1.0,0.04897959183673469,0.09090909090909091,0.09090909090909091,0.0,0.05555555555555555,3,2,1,1,0,0,0,1,0.0,0.0,0.0,289000.0
10668604,0,0.0,1.0,0.0,0.0,0.0,1.0,0.0,0.0,0.0,0.0,0.0,0.0,0.0,0.0,0.0,1.0,0.0,0.0,0.07653061224489796,0.09090909090909091,0.09090909090909091,0.0,0.0,1,2,0,0,0,0,0,1,0.0,0.0,0.0,279000.0
10668610,0,0.0,1.0,0.0,1.0,0.0,0.0,0.0,0.0,0.0,0.0,0.0,0.0,0.0,0.0,0.0,0.0,1.0,0.0,0.0836734693877551,0.09090909090909091,0.09090909090909091,0.0,0.05555555555555555,1,4,0,0,0,0,1,1,0.0,0.0,0.0,348000.0
10668621,1,0.0,1.0,0.0,0.0,0.0,1.0,0.0,0.0,0.0,0.0,0.0,0.0,0.0,0.0,0.0,0.0,1.0,0.0,0.1306122448979592,0.2727272727272727,0.0,0.0,0.0,5,3,0,0,0,0,0,0,0.0,0.0,0.0,173000.0
10668617,1,0.0,1.0,0.0,1.0,0.0,0.0,0.0,0.0,0.0,0.0,0.0,0.0,0.0,0.0,0.0,0.0,0.0,1.0,0.23673469387755106,0.2727272727272727,0.0,0.0,0.0,1,4,0,1,0,0,0,1,0.0,0.0,0.0017744463223109803,565000.0
10668623,0,0.0,1.0,0.0,0.0,0.0,0.0,0.0,0.0,0.0,0.0,0.0,0.0,0.0,1.0,0.0,0.0,1.0,0.0,0.0673469387755102,0.09090909090909091,0.09090909090909091,0.0,0.0,1,0,1,0,0,0,0,1,0.0,0.0,0.0,1190000.0
10668625,1,0.0,1.0,0.0,0.0,0.0,1.0,0.0,0.0,0.0,0.0,0.0,0.0,0.0,0.0,0.0,0.0,1.0,0.0,0.1306122448979592,0.2727272727272727,0.0,0.0,0.0,5,3,0,0,0,0,0,0,0.0,0.0,0.0,173000.0
10668624,1,0.0,1.0,0.0,0.0,0.0,1.0,0.0,0.0,0.0,0.0,0.0,0.0,0.0,0.0,0.0,0.0,1.0,0.0,0.09591836734693879,0.09090909090909091,0.09090909090909091,0.0,0.05555555555555555,4,3,0,0,0,0,0,0,0.0,0.0,0.00011004318277897552,195000.0
10668627,1,0.0,1.0,0.0,0.0,0.0,1.0,0.0,0.0,0.0,0.0,0.0,0.0,0.0,0.0,0.0,1.0,0.0,0.0,0.1816326530612245,0.1818181818181818,0.09090909090909091,0.0,0.0,5,6,0,0,0,0,0,0,0.0,0.0,0.00035305521141587977,249000.0
10668626,1,0.0,1.0,0.0,0.0,0.0,1.0,0.0,0.0,0.0,0.0,0.0,0.0,0.0,0.0,1.0,0.0,0.0,0.0,0.1948979591836735,0.36363636363636365,0.09090909090909091,0.0,0.1111111111111111,0,1,0,0,0,0,0,1,0.0,0.2,8.620049317686416e-05,595000.0
10668628,0,0.0,1.0,0.0,0.0,0.0,1.0,0.0,0.0,0.0,0.0,0.0,0.0,0.0,0.0,1.0,0.0,0.0,0.0,0.03775510204081633,0.0,0.09090909090909091,0.0,0.05555555555555555,1,3,1,0,0,0,0,1,0.0,0.0,0.0,210000.0
10668629,1,0.0,1.0,0.0,0.0,0.0,0.0,0.0,0.0,1.0,0.0,0.0,0.0,0.0,0.0,0.0,0.0,0.0,1.0,0.21938775510204084,0.1818181818181818,0.0,0.0,0.0,0,0,0,0,0,0,1,0,0.0,0.0,0.0006969401576001783,229000.0
10668639,1,0.0,1.0,0.0,1.0,0.0,0.0,0.0,0.0,0.0,0.0,0.0,0.0,0.0,0.0,0.0,0.0,0.0,1.0,0.18877551020408165,0.1818181818181818,0.09090909090909091,0.0,0.05555555555555555,1,2,0,0,0,0,1,0,0.0,0.0,0.00027602498347059694,424000.0
10668636,0,0.0,1.0,0.0,0.0,0.0,1.0,0.0,0.0,0.0,0.0,0.0,0.0,0.0,0.0,0.0,1.0,0.0,0.0,0.023469387755102045,0.0,0.0,0.0,0.0,0,3,0,0,0,0,0,0,0.0,0.0,0.0,189000.0
10537578,0,0.0,1.0,0.0,1.0,0.0,0.0,0.0,0.0,0.0,0.0,0.0,0.0,0.0,0.0,0.0,0.0,0.0,1.0,0.0653061224489796,0.09090909090909091,0.09090909090909091,0.0,0.05555555555555555,1,2,0,0,0,0,1,1,0.0,0.0,0.0,310000.0
10668640,1,0.0,1.0,0.0,1.0,0.0,0.0,0.0,0.0,0.0,0.0,0.0,0.0,0.0,0.0,0.0,0.0,0.0,1.0,0.20306122448979594,0.09090909090909091,0.09090909090909091,0.0,0.1111111111111111,0,4,0,0,0,0,0,0,0.0,0.0,0.00022558852469689982,345000.0
10668652,0,0.0,1.0,0.0,0.0,0.0,0.0,0.0,0.0,0.0,0.0,0.0,0.0,0.0,1.0,0.0,0.0,0.0,1.0,0.07653061224489796,0.09090909090909091,0.0,0.0,0.05555555555555555,1,1,0,0,0,0,0,1,0.0,0.0,0.0,274500.0
10668657,1,0.0,1.0,0.0,0.0,0.0,1.0,0.0,0.0,0.0,0.0,0.0,0.0,0.0,0.0,0.0,1.0,0.0,0.0,0.05612244897959184,0.0,0.09090909090909091,0.0,0.0,2,2,0,0,0,0,1,1,0.0,0.0,9.353670536212919e-05,249000.0
10668654,0,0.0,1.0,0.0,0.0,0.0,0.0,0.0,0.0,0.0,0.0,0.0,0.0,0.0,1.0,0.0,0.0,1.0,0.0,0.06122448979591837,0.09090909090909091,0.09090909090909091,0.0,0.0,1,3,1,0,0,0,0,0,0.0,0.0,0.0,460000.0
10668658,1,0.0,1.0,0.0,0.0,0.0,1.0,0.0,0.0,0.0,0.0,0.0,0.0,0.0,0.0,0.0,1.0,0.0,0.0,0.06224489795918368,0.0,0.0,0.0,0.0,5,6,0,0,0,0,0,0,0.0,0.0,0.0001439731641358263,149000.0
10668659,1,0.0,1.0,0.0,0.0,0.0,1.0,0.0,0.0,0.0,0.0,0.0,0.0,0.0,0.0,0.0,1.0,0.0,0.0,0.10102040816326532,0.1818181818181818,0.18181818181818182,0.0,0.05555555555555555,2,2,0,0,0,0,0,1,0.0,0.0,0.00011187723582529178,349000.0
10668660,0,0.0,1.0,0.0,0.0,0.0,0.0,0.0,0.0,0.0,0.0,0.0,0.0,0.0,1.0,0.0,0.0,1.0,0.0,0.07857142857142857,0.09090909090909091,0.18181818181818182,0.0,0.05555555555555555,0,2,1,0,0,0,1,1,0.0,0.0,0.0,770000.0
10668661,0,0.0,1.0,0.0,0.0,0.0,1.0,0.0,0.0,0.0,0.0,0.0,0.0,0.0,0.0,0.0,0.0,1.0,0.0,0.04591836734693878,0.0,0.09090909090909091,0.0,0.0,4,4,0,0,0,0,1,0,0.0,0.0,0.0,149000.0
10668666,0,0.0,0.0,1.0,0.0,0.0,0.0,0.0,0.0,0.0,1.0,0.0,0.0,0.0,0.0,0.0,0.0,0.0,1.0,0.5642857142857143,0.9999999999999999,0.4545454545454546,0.0,0.38888888888888884,0,2,1,0,0,0,0,1,0.0,0.16,0.0,350000.0
10668670,1,0.0,1.0,0.0,0.0,0.0,1.0,0.0,0.0,0.0,0.0,0.0,0.0,0.0,0.0,0.0,0.0,0.0,1.0,0.1642857142857143,0.2727272727272727,0.09090909090909091,0.0,0.0,4,6,0,0,0,0,0,0,0.0,0.0,0.0008354111625970558,399000.0
10668671,0,0.0,1.0,0.0,0.0,0.0,1.0,0.0,0.0,0.0,0.0,0.0,0.0,0.0,0.0,0.0,0.0,1.0,0.0,0.05408163265306123,0.0,0.09090909090909091,0.0,0.0,0,2,0,0,0,0,0,1,0.0,0.0,0.0,279000.0
10668669,1,0.0,1.0,0.0,0.0,0.0,0.0,0.0,0.0,0.0,0.0,0.0,0.0,0.0,1.0,0.0,0.0,0.0,1.0,0.14183673469387756,0.1818181818181818,0.09090909090909091,0.0,0.1111111111111111,0,1,0,0,0,0,1,1,0.0,0.0,0.0001806542250621515,260000.0
10668667,0,0.0,1.0,0.0,1.0,0.0,0.0,0.0,0.0,0.0,0.0,0.0,0.0,0.0,0.0,0.0,1.0,0.0,0.0,0.09693877551020408,0.09090909090909091,0.09090909090909091,0.0,0.05555555555555555,0,4,1,0,0,0,0,1,0.0,0.05,0.0,330000.0
10668674,1,0.0,1.0,0.0,0.0,0.0,0.0,0.0,0.0,0.0,0.0,0.0,0.0,0.0,1.0,0.0,0.0,1.0,0.0,0.1142857142857143,0.09090909090909091,0.09090909090909091,0.0,0.05555555555555555,0,6,0,1,0,0,0,0,0.0,0.0,0.003708455259651475,470000.0
10668673,0,0.0,1.0,0.0,0.0,0.0,0.0,0.0,0.0,0.0,0.0,0.0,0.0,0.0,1.0,0.0,0.0,1.0,0.0,0.07551020408163267,0.09090909090909091,0.09090909090909091,0.0,0.05555555555555555,0,1,0,0,0,0,0,1,0.0,0.0,0.0,235000.0
10668677,1,0.0,1.0,0.0,1.0,0.0,0.0,0.0,0.0,0.0,0.0,0.0,0.0,0.0,0.0,0.0,0.0,0.0,1.0,0.12551020408163266,0.1818181818181818,0.09090909090909091,0.0,0.1111111111111111,4,6,0,0,0,0,1,0,0.0,0.0,0.0008665900643844322,435000.0
10668675,1,0.0,1.0,0.0,1.0,0.0,0.0,0.0,0.0,0.0,0.0,0.0,0.0,0.0,0.0,0.0,0.0,1.0,0.0,0.16836734693877553,0.36363636363636365,0.18181818181818182,0.0,0.1111111111111111,0,3,0,0,0,0,0,0,0.0,0.0,5.960672400527841e-05,375000.0
10668681,1,0.0,1.0,0.0,0.0,0.0,0.0,0.0,0.0,1.0,0.0,0.0,0.0,0.0,0.0,0.0,0.0,0.0,1.0,0.0836734693877551,0.1818181818181818,0.09090909090909091,0.0,0.05555555555555555,1,2,0,0,0,0,1,0,0.0,0.0,0.00013938803152003566,229000.0
10668679,1,0.0,1.0,0.0,0.0,0.0,0.0,0.0,0.0,1.0,0.0,0.0,0.0,0.0,0.0,0.0,0.0,0.0,1.0,0.113265306122449,0.1818181818181818,0.09090909090909091,0.0,0.05555555555555555,0,6,0,0,0,0,0,0,0.0,0.0,0.0008051492873328375,259000.0
10668682,1,0.0,1.0,0.0,0.0,0.0,0.0,0.0,0.0,1.0,0.0,0.0,0.0,0.0,0.0,0.0,0.0,1.0,0.0,0.11224489795918369,0.1818181818181818,0.0,0.0,0.0,0,5,0,0,0,0,0,0,0.0,0.0,0.0,239000.0
10668684,1,0.0,1.0,0.0,0.0,0.0,1.0,0.0,0.0,0.0,0.0,0.0,0.0,0.0,0.0,0.0,0.0,0.0,1.0,0.17755102040816328,0.36363636363636365,0.18181818181818182,0.0,0.1111111111111111,2,3,0,0,0,0,1,0,0.48,0.0,0.0004401727311159021,425000.0
10668683,1,0.0,1.0,0.0,0.0,0.0,0.0,0.0,0.0,1.0,0.0,0.0,0.0,0.0,0.0,0.0,0.0,1.0,0.0,0.16836734693877553,0.1818181818181818,0.0,0.0,0.0,1,3,0,0,0,0,0,0,0.0,0.0,0.0,429000.0
10668690,1,0.0,1.0,0.0,0.0,0.0,0.0,0.0,0.0,0.0,0.0,0.0,0.0,0.0,1.0,0.0,0.0,1.0,0.0,0.10306122448979593,0.1818181818181818,0.18181818181818182,0.0,0.16666666666666666,1,3,0,0,0,0,1,1,0.0,0.0,8.253238708423164e-05,259000.0
10668687,1,0.0,1.0,0.0,0.0,0.0,1.0,0.0,0.0,0.0,0.0,0.0,0.0,0.0,0.0,0.0,0.0,0.0,1.0,0.2795918367346939,0.1818181818181818,0.18181818181818182,0.0,0.1111111111111111,0,0,0,0,0,0,1,1,0.0,0.0,0.0010490783424928999,594909.0
10668694,1,0.0,1.0,0.0,0.0,0.0,1.0,0.0,0.0,0.0,0.0,0.0,0.0,0.0,0.0,0.0,0.0,0.0,1.0,0.163265306122449,0.1818181818181818,0.09090909090909091,0.0,0.1111111111111111,0,1,0,0,0,0,1,1,0.0,0.0,0.00031729117701271274,459000.0
10668699,1,0.0,1.0,0.0,0.0,0.0,0.0,0.0,0.0,0.0,0.0,0.0,0.0,0.0,1.0,0.0,0.0,0.0,1.0,0.07755102040816328,0.09090909090909091,0.0,0.0,0.05555555555555555,0,6,0,0,0,0,0,1,0.0,0.0,0.0009188605762044456,195000.0
10668691,1,0.0,1.0,0.0,0.0,0.0,0.0,0.0,0.0,1.0,0.0,0.0,0.0,0.0,0.0,0.0,0.0,0.0,1.0,0.1469387755102041,0.1818181818181818,0.09090909090909091,0.0,0.05555555555555555,0,0,0,0,0,0,1,0,0.0,0.0,0.0,345000.0
10668697,0,0.0,1.0,0.0,0.0,0.0,0.0,0.0,0.0,0.0,0.0,0.0,0.0,0.0,1.0,0.0,0.0,0.0,1.0,0.06224489795918368,0.09090909090909091,0.09090909090909091,0.0,0.1111111111111111,0,0,0,0,0,0,1,1,0.0,0.0,0.0,515000.0
10668702,1,0.0,1.0,0.0,0.0,0.0,0.0,0.0,0.0,1.0,0.0,0.0,0.0,0.0,0.0,0.0,0.0,0.0,1.0,0.10204081632653061,0.09090909090909091,0.18181818181818182,0.0,0.05555555555555555,0,1,0,0,0,0,1,0,0.0,0.0,0.00027419093042428065,299000.0
10668700,1,0.0,1.0,0.0,0.0,0.0,0.0,1.0,0.0,0.0,0.0,0.0,0.0,0.0,0.0,0.0,0.0,0.0,1.0,0.18673469387755104,0.1818181818181818,0.18181818181818182,0.0,0.05555555555555555,0,2,0,0,0,0,1,1,1.0,0.2,0.001494753232747751,595000.0
10668704,1,0.0,1.0,0.0,0.0,0.0,1.0,0.0,0.0,0.0,0.0,0.0,0.0,0.0,0.0,0.0,0.0,0.0,1.0,0.1489795918367347,0.2727272727272727,0.18181818181818182,0.0,0.1111111111111111,1,4,0,0,0,0,0,0,0.0,0.0,0.0001375539784737194,252500.0
10668703,1,0.0,1.0,0.0,1.0,0.0,0.0,0.0,0.0,0.0,0.0,0.0,0.0,0.0,0.0,0.0,0.0,0.0,1.0,0.08061224489795918,0.1818181818181818,0.09090909090909091,0.0,0.0,0,3,0,0,0,0,0,1,0.0,0.11,5.7772670958962145e-05,229000.0
10668707,1,0.0,1.0,0.0,0.0,0.0,0.0,0.0,0.0,1.0,0.0,0.0,0.0,0.0,0.0,0.0,0.0,1.0,0.0,0.21530612244897962,0.1818181818181818,0.09090909090909091,0.0,0.0,0,3,0,0,0,0,1,0,0.0,0.0,0.0023750986949795548,525000.0
10668708,0,0.0,1.0,0.0,0.0,0.0,0.0,0.0,0.0,0.0,0.0,0.0,0.0,0.0,1.0,0.0,0.0,0.0,1.0,0.05612244897959184,0.09090909090909091,0.09090909090909091,0.0,0.05555555555555555,1,1,0,0,0,0,0,1,0.0,0.0,0.0,209000.0
10668705,1,0.0,1.0,0.0,0.0,0.0,1.0,0.0,0.0,0.0,0.0,0.0,0.0,0.0,0.0,0.0,0.0,1.0,0.0,0.12244897959183676,0.1818181818181818,0.09090909090909091,0.0,0.1111111111111111,1,3,0,0,0,0,1,0,0.0,0.0,6.419185662106905e-05,269000.0
10668709,0,0.0,1.0,0.0,1.0,0.0,0.0,0.0,0.0,0.0,0.0,0.0,0.0,0.0,0.0,1.0,0.0,0.0,0.0,0.20306122448979594,0.09090909090909091,0.18181818181818182,0.0,0.16666666666666666,1,2,1,0,0,0,0,1,0.0,0.34,0.0,1195000.0
10668711,0,0.0,1.0,0.0,0.0,0.0,0.0,0.0,0.0,0.0,0.0,0.0,0.0,0.0,1.0,0.0,0.0,1.0,0.0,0.06224489795918368,0.09090909090909091,0.09090909090909091,0.0,0.05555555555555555,0,2,1,0,0,0,0,0,0.0,0.0,0.0,375000.0
10668712,1,0.0,1.0,0.0,0.0,0.0,0.0,1.0,0.0,0.0,0.0,0.0,0.0,0.0,0.0,0.0,0.0,1.0,0.0,0.16836734693877553,0.2727272727272727,0.09090909090909091,0.0,0.1111111111111111,4,4,0,0,0,0,1,1,0.0,0.12,0.0009106073374960225,335000.0
10668713,1,0.0,1.0,0.0,0.0,0.0,0.0,1.0,0.0,0.0,0.0,0.0,0.0,0.0,0.0,1.0,0.0,0.0,0.0,0.1469387755102041,0.6363636363636364,0.18181818181818182,0.0,0.05555555555555555,0,4,0,0,0,0,0,1,0.0,0.06,5.960672400527841e-05,710000.0
10668714,1,0.0,1.0,0.0,0.0,0.0,0.0,1.0,0.0,0.0,0.0,0.0,0.0,0.0,0.0,1.0,0.0,0.0,0.0,0.1275510204081633,0.1818181818181818,0.0,0.0,0.0,0,3,0,0,0,0,0,0,0.0,0.0,5.7772670958962145e-05,580000.0
10668715,0,0.0,1.0,0.0,0.0,0.0,0.0,1.0,0.0,0.0,0.0,0.0,0.0,0.0,0.0,1.0,0.0,0.0,0.0,0.09183673469387757,0.09090909090909091,0.09090909090909091,0.0,0.0,0,2,1,0,0,0,1,1,0.0,0.12,0.0,515000.0
10668719,1,0.0,1.0,0.0,0.0,0.0,0.0,0.0,0.0,0.0,0.0,0.0,0.0,0.0,1.0,0.0,1.0,0.0,0.0,0.6418367346938776,0.36363636363636365,0.36363636363636365,0.0,0.2777777777777778,1,2,0,1,0,0,1,1,0.0,0.0,0.0038478432911715106,1595000.0
10668727,1,0.0,1.0,0.0,0.0,0.0,0.0,0.0,0.0,0.0,0.0,0.0,0.0,0.0,1.0,0.0,0.0,0.0,1.0,0.10816326530612247,0.36363636363636365,0.2727272727272727,0.0,0.1111111111111111,2,3,0,0,0,0,0,0,0.0,0.0,0.00012288155410318933,459000.0
10668720,0,0.0,1.0,0.0,0.0,0.0,0.0,0.0,0.0,0.0,0.0,0.0,0.0,0.0,1.0,0.0,0.0,0.0,1.0,0.07448979591836735,0.09090909090909091,0.0,0.0,0.05555555555555555,0,1,0,0,0,0,0,0,0.0,0.0,0.0,165000.0
10668726,0,0.0,0.0,1.0,0.0,0.0,0.0,0.0,1.0,0.0,0.0,0.0,0.0,0.0,0.0,0.0,0.0,1.0,0.0,0.07244897959183674,0.09090909090909091,0.09090909090909091,0.0,0.05555555555555555,0,2,0,0,0,0,0,0,0.0,0.0,0.0,149000.0
10668730,1,0.0,1.0,0.0,0.0,0.0,1.0,0.0,0.0,0.0,0.0,0.0,0.0,0.0,0.0,0.0,0.0,1.0,0.0,0.07040816326530613,0.1818181818181818,0.0,0.0,0.0,5,6,0,0,0,0,1,0,0.0,0.0,9.903886450107797e-05,145000.0
10668729,0,0.0,1.0,0.0,0.0,0.0,1.0,0.0,0.0,0.0,0.0,0.0,0.0,0.0,0.0,0.0,0.0,1.0,0.0,0.07040816326530613,0.09090909090909091,0.0,0.0,0.05555555555555555,1,3,0,0,0,0,1,1,0.0,0.04,0.0,198500.0
10668735,0,0.0,1.0,0.0,0.0,0.0,1.0,0.0,0.0,0.0,0.0,0.0,0.0,0.0,0.0,0.0,0.0,0.0,1.0,0.05612244897959184,0.0,0.09090909090909091,0.0,0.05555555555555555,0,1,1,0,0,0,0,0,0.0,0.0,0.0,263668.0
10668740,0,0.0,1.0,0.0,0.0,0.0,1.0,0.0,0.0,0.0,0.0,0.0,0.0,0.0,0.0,0.0,0.0,0.0,1.0,0.14081632653061227,0.1818181818181818,0.18181818181818182,0.0,0.1111111111111111,0,1,0,0,0,0,0,1,0.0,0.84,0.0,596315.0
10668773,0,0.0,1.0,0.0,0.0,0.0,0.0,0.0,0.0,0.0,0.0,0.0,0.0,0.0,1.0,0.0,0.0,1.0,0.0,0.09693877551020408,0.1818181818181818,0.0,0.0,0.0,1,3,0,0,0,0,0,0,0.0,0.0,0.0,365000.0
10668776,1,0.0,1.0,0.0,0.0,0.0,0.0,0.0,0.0,0.0,0.0,0.0,0.0,0.0,1.0,0.0,0.0,0.0,1.0,0.12448979591836737,0.1818181818181818,0.09090909090909091,0.0,0.0,1,6,0,0,0,0,1,1,0.0,0.0,0.0003567233175085123,219000.0
10668781,0,0.0,1.0,0.0,0.0,0.0,0.0,0.0,0.0,0.0,0.0,0.0,0.0,0.0,1.0,0.0,0.0,1.0,0.0,0.20204081632653065,0.1818181818181818,0.2727272727272727,0.0,0.05555555555555555,0,0,1,0,0,0,0,1,0.0,0.0,0.0,3595000.0
10668782,0,0.0,1.0,0.0,0.0,0.0,0.0,0.0,0.0,0.0,0.0,0.0,0.0,0.0,1.0,0.0,0.0,1.0,0.0,0.2683673469387755,0.1818181818181818,0.2727272727272727,0.0,0.05555555555555555,0,0,1,0,0,0,0,1,0.0,0.0,0.0,5995000.0
10668786,1,0.0,1.0,0.0,0.0,0.0,0.0,1.0,0.0,0.0,0.0,0.0,0.0,0.0,0.0,0.0,0.0,1.0,0.0,0.25816326530612244,0.2727272727272727,0.09090909090909091,0.0,0.16666666666666666,4,4,0,0,0,0,1,0,0.15,0.0,0.0003539722379390379,350000.0
10668796,0,0.0,1.0,0.0,0.0,0.0,0.0,0.0,0.0,0.0,0.0,0.0,0.0,0.0,1.0,0.0,0.0,1.0,0.0,0.0326530612244898,0.0,0.09090909090909091,0.0,0.05555555555555555,0,4,1,0,0,0,0,0,0.0,0.0,0.0,205000.0
10668798,1,0.0,1.0,0.0,1.0,0.0,0.0,0.0,0.0,0.0,0.0,0.0,0.0,0.0,0.0,0.0,0.0,0.0,1.0,0.1306122448979592,0.1818181818181818,0.09090909090909091,0.0,0.05555555555555555,5,6,0,0,0,0,1,0,0.0,0.0,0.0006327483009791093,249000.0
10668797,0,0.0,1.0,0.0,1.0,0.0,0.0,0.0,0.0,0.0,0.0,0.0,0.0,0.0,0.0,0.0,0.0,0.0,1.0,0.08877551020408164,0.1818181818181818,0.09090909090909091,0.0,0.1111111111111111,1,2,0,0,0,0,0,1,0.0,0.0,0.0,259000.0
10668784,0,0.0,1.0,0.0,0.0,0.0,0.0,0.0,0.0,1.0,0.0,0.0,0.0,0.0,0.0,0.0,0.0,0.0,1.0,0.5448979591836735,0.09090909090909091,0.0,0.0,0.0,0,3,0,0,0,0,0,0,0.0,0.0,0.0,890000.0
10668805,0,0.0,1.0,0.0,0.0,0.0,0.0,0.0,0.0,0.0,0.0,0.0,0.0,0.0,1.0,0.0,0.0,1.0,0.0,0.06632653061224492,0.1818181818181818,0.18181818181818182,0.14285714285714285,0.0,0,2,1,0,0,0,0,1,0.0,0.0,0.0,695000.0
10668806,0,0.0,1.0,0.0,1.0,0.0,0.0,0.0,0.0,0.0,0.0,0.0,0.0,0.0,0.0,0.0,0.0,1.0,0.0,0.07653061224489796,0.09090909090909091,0.09090909090909091,0.0,0.05555555555555555,0,2,1,0,0,0,0,1,0.0,0.05,0.0,249000.0
10668807,1,0.0,1.0,0.0,0.0,0.0,0.0,0.0,0.0,0.0,0.0,0.0,0.0,0.0,1.0,0.0,0.0,0.0,1.0,0.08673469387755103,0.1818181818181818,0.09090909090909091,0.0,0.05555555555555555,5,4,0,0,0,0,0,1,0.0,0.0,0.0005795607626359377,695000.0
10668810,0,0.0,1.0,0.0,1.0,0.0,0.0,0.0,0.0,0.0,0.0,0.0,0.0,0.0,0.0,0.0,1.0,0.0,0.0,0.051020408163265314,0.0,0.09090909090909091,0.0,0.05555555555555555,2,4,0,1,0,0,0,1,0.0,0.01,0.0,169000.0
10668811,1,0.0,1.0,0.0,1.0,0.0,0.0,0.0,0.0,0.0,0.0,0.0,0.0,0.0,0.0,1.0,0.0,0.0,0.0,0.0816326530612245,0.0,0.09090909090909091,0.0,0.1111111111111111,3,4,0,1,0,0,0,0,0.0,0.0,0.0,275000.0
10668816,1,1.0,0.0,0.0,0.0,1.0,0.0,0.0,0.0,0.0,0.0,0.0,0.0,0.0,0.0,0.0,1.0,0.0,0.0,0.27346938775510204,0.36363636363636365,0.18181818181818182,0.0,0.1111111111111111,1,5,0,0,0,0,1,1,0.075,0.21,0.0,749000.0
10668812,1,0.0,1.0,0.0,1.0,0.0,0.0,0.0,0.0,0.0,0.0,0.0,0.0,0.0,0.0,1.0,0.0,0.0,0.0,0.0816326530612245,0.0,0.09090909090909091,0.0,0.1111111111111111,3,4,0,1,0,0,0,0,0.0,0.0,0.0,275000.0
10668818,1,1.0,0.0,0.0,0.0,1.0,0.0,0.0,0.0,0.0,0.0,0.0,0.0,0.0,0.0,0.0,1.0,0.0,0.0,0.27346938775510204,0.36363636363636365,0.18181818181818182,0.0,0.1111111111111111,1,5,0,0,0,0,1,1,0.075,0.21,0.0,749000.0
10668820,0,1.0,0.0,0.0,0.0,1.0,0.0,0.0,0.0,0.0,0.0,0.0,0.0,0.0,0.0,1.0,0.0,0.0,0.0,0.06122448979591837,0.09090909090909091,0.09090909090909091,0.07142857142857142,0.05555555555555555,3,7,0,0,0,0,0,0,0.0,0.0,0.0,290000.0
10668817,1,1.0,0.0,0.0,0.0,1.0,0.0,0.0,0.0,0.0,0.0,0.0,0.0,0.0,0.0,1.0,0.0,0.0,0.0,0.27346938775510204,0.36363636363636365,0.18181818181818182,0.0,0.1111111111111111,1,5,0,0,0,0,1,1,0.075,0.21,0.0,749000.0
10668821,0,1.0,0.0,0.0,0.0,1.0,0.0,0.0,0.0,0.0,0.0,0.0,0.0,0.0,0.0,0.0,1.0,0.0,0.0,0.1836734693877551,0.1818181818181818,0.2727272727272727,0.21428571428571427,0.0,3,0,1,0,0,0,1,1,0.08700000000000001,1.0,0.0,850000.0
10537750,0,0.0,1.0,0.0,0.0,0.0,0.0,0.0,0.0,0.0,0.0,0.0,0.0,0.0,1.0,0.0,0.0,0.0,1.0,0.05306122448979592,0.09090909090909091,0.09090909090909091,0.0,0.0,2,0,0,0,0,0,0,1,0.0,0.07,0.0,244000.0
10537749,0,0.0,1.0,0.0,0.0,0.0,0.0,0.0,0.0,0.0,0.0,0.0,0.0,0.0,1.0,0.0,0.0,0.0,1.0,0.05306122448979592,0.09090909090909091,0.09090909090909091,0.0,0.0,2,0,0,0,0,0,0,1,0.0,0.07,0.0,246500.0
10537748,0,0.0,1.0,0.0,0.0,0.0,0.0,0.0,0.0,0.0,0.0,0.0,0.0,0.0,1.0,0.0,0.0,0.0,1.0,0.05306122448979592,0.09090909090909091,0.09090909090909091,0.0,0.0,2,0,0,0,0,0,0,1,0.0,0.07,0.0,249000.0
10668826,1,0.0,0.0,1.0,0.0,0.0,0.0,0.0,0.0,0.0,0.0,0.0,1.0,0.0,0.0,0.0,0.0,0.0,1.0,0.2602040816326531,0.36363636363636365,0.18181818181818182,0.14285714285714285,0.16666666666666666,3,7,0,0,0,0,1,1,1.0,0.2,0.0015497748241372386,470000.0
10668835,0,1.0,0.0,0.0,0.0,1.0,0.0,0.0,0.0,0.0,0.0,0.0,0.0,0.0,0.0,0.0,1.0,0.0,0.0,0.08265306122448982,0.09090909090909091,0.09090909090909091,0.0,0.05555555555555555,0,4,1,0,0,0,0,1,0.0,0.1,0.0,257000.0
10668832,0,1.0,0.0,0.0,0.0,1.0,0.0,0.0,0.0,0.0,0.0,0.0,0.0,0.0,0.0,0.0,1.0,0.0,0.0,0.06938775510204082,0.09090909090909091,0.09090909090909091,0.07142857142857142,0.1111111111111111,1,1,1,0,0,0,1,1,1.0,0.0,0.0,355000.0
10668834,0,1.0,0.0,0.0,0.0,1.0,0.0,0.0,0.0,0.0,0.0,0.0,0.0,0.0,0.0,0.0,1.0,0.0,0.0,0.10306122448979593,0.2727272727272727,0.18181818181818182,0.14285714285714285,0.1111111111111111,1,1,1,0,0,0,0,1,0.0,0.24,0.0,480000.0
10668833,0,1.0,0.0,0.0,0.0,1.0,0.0,0.0,0.0,0.0,0.0,0.0,0.0,0.0,0.0,0.0,1.0,0.0,0.0,0.08571428571428572,0.1818181818181818,0.18181818181818182,0.14285714285714285,0.1111111111111111,1,1,1,0,0,0,1,1,1.0,0.0,0.0,399000.0
10668836,1,1.0,0.0,0.0,0.0,1.0,0.0,0.0,0.0,0.0,0.0,0.0,0.0,0.0,0.0,1.0,0.0,0.0,0.0,0.5918367346938775,0.8181818181818182,0.8181818181818182,0.0,0.0,1,3,1,0,0,0,0,1,0.0,0.15,0.00021091610032636975,2400000.0
10668837,0,0.0,1.0,0.0,0.0,0.0,0.0,0.0,0.0,0.0,0.0,0.0,0.0,0.0,1.0,0.0,0.0,0.0,1.0,0.0653061224489796,0.09090909090909091,0.09090909090909091,0.0,0.05555555555555555,1,2,1,0,0,0,0,1,0.0,0.0,0.0,219000.0
10668838,1,0.0,1.0,0.0,0.0,0.0,1.0,0.0,0.0,0.0,0.0,0.0,0.0,0.0,0.0,0.0,0.0,0.0,1.0,0.14081632653061227,0.1818181818181818,0.0,0.0,0.0,5,6,0,1,0,0,1,0,0.0,0.0,0.0002861122752253364,218000.0
10668844,1,0.0,0.0,1.0,0.0,0.0,0.0,0.0,0.0,0.0,1.0,0.0,0.0,0.0,0.0,0.0,0.0,0.0,1.0,0.3316326530612245,0.4545454545454545,0.2727272727272727,0.0,0.1111111111111111,3,3,0,0,1,0,0,1,0.0,0.0,0.004034916701895769,975000.0
10668845,1,0.0,0.0,1.0,0.0,0.0,0.0,0.0,0.0,0.0,1.0,0.0,0.0,0.0,0.0,0.0,1.0,0.0,0.0,0.23469387755102042,0.2727272727272727,0.18181818181818182,0.0,0.1111111111111111,3,4,0,0,0,0,0,1,0.0,0.0,0.0023842689602111364,350000.0
10668842,1,0.0,1.0,0.0,1.0,0.0,0.0,0.0,0.0,0.0,0.0,0.0,0.0,0.0,0.0,0.0,0.0,0.0,1.0,0.1836734693877551,0.2727272727272727,0.09090909090909091,0.0,0.1111111111111111,1,1,0,0,0,0,0,1,0.0,0.4,0.0008546687195833766,459000.0
10668848,1,0.0,1.0,0.0,1.0,0.0,0.0,0.0,0.0,0.0,0.0,0.0,0.0,0.0,0.0,0.0,0.0,0.0,1.0,0.15714285714285717,0.1818181818181818,0.09090909090909091,0.0,0.0,5,3,0,0,0,0,0,0,0.0,0.0,0.0004291684128380045,295000.0
10668860,1,0.0,1.0,0.0,0.0,0.0,0.0,0.0,0.0,0.0,0.0,0.0,0.0,0.0,1.0,0.0,0.0,0.0,1.0,0.21836734693877555,0.2727272727272727,0.09090909090909091,0.0,0.1111111111111111,1,1,0,0,0,0,0,1,0.0,0.0,0.00028061011608638756,549000.0
10668846,1,1.0,0.0,0.0,0.0,1.0,0.0,0.0,0.0,0.0,0.0,0.0,0.0,0.0,0.0,0.0,1.0,0.0,0.0,0.22959183673469388,0.36363636363636365,0.2727272727272727,0.21428571428571427,0.16666666666666666,4,0,0,0,0,0,1,0,0.032,0.0,0.0001283837132421381,434000.0
10668849,0,1.0,0.0,0.0,0.0,1.0,0.0,0.0,0.0,0.0,0.0,0.0,0.0,0.0,0.0,0.0,0.0,0.0,1.0,0.07142857142857142,0.1818181818181818,0.18181818181818182,0.14285714285714285,0.1111111111111111,3,5,0,0,0,0,0,0,0.0,0.0,0.0,350000.0
10668864,1,1.0,0.0,0.0,0.0,1.0,0.0,0.0,0.0,0.0,0.0,0.0,0.0,0.0,0.0,0.0,0.0,1.0,0.0,0.1959183673469388,0.2727272727272727,0.09090909090909091,0.07142857142857142,0.2222222222222222,5,7,0,0,0,0,0,0,0.0,0.0,0.00016047964155267263,559000.0
10668871,1,0.0,0.0,1.0,0.0,0.0,0.0,0.0,0.0,0.0,1.0,0.0,0.0,0.0,0.0,0.0,0.0,1.0,0.0,0.1459183673469388,0.2727272727272727,0.09090909090909091,0.0,0.0,0,7,0,0,0,0,0,0,0.0,0.0,0.0005447137547559288,295000.0
10668870,1,0.0,0.0,1.0,0.0,0.0,0.0,0.0,0.0,0.0,1.0,0.0,0.0,0.0,0.0,0.0,1.0,0.0,0.0,0.1326530612244898,0.2727272727272727,0.18181818181818182,0.07142857142857142,0.16666666666666666,1,3,0,0,0,0,0,1,0.0,0.62,0.00011004318277897552,279000.0
10668869,1,0.0,0.0,1.0,0.0,0.0,0.0,0.0,0.0,0.0,1.0,0.0,0.0,0.0,0.0,0.0,0.0,1.0,0.0,0.1459183673469388,0.2727272727272727,0.09090909090909091,0.0,0.0,0,7,0,0,0,0,0,0,0.0,0.0,0.0005447137547559288,295000.0
10668873,1,0.0,1.0,0.0,0.0,0.0,0.0,1.0,0.0,0.0,0.0,0.0,0.0,0.0,0.0,0.0,0.0,0.0,1.0,0.17755102040816328,0.1818181818181818,0.09090909090909091,0.0,0.1111111111111111,0,3,0,0,0,0,0,0,0.0,0.0,0.0005006964816443386,476000.0
10668874,1,0.0,1.0,0.0,0.0,0.0,0.0,1.0,0.0,0.0,0.0,0.0,0.0,0.0,0.0,0.0,1.0,0.0,0.0,0.39285714285714285,0.2727272727272727,0.2727272727272727,0.14285714285714285,0.16666666666666666,0,3,0,0,0,0,0,1,0.0,0.48,0.0010197334937518399,845000.0
10668872,1,1.0,0.0,0.0,0.0,1.0,0.0,0.0,0.0,0.0,0.0,0.0,0.0,0.0,0.0,0.0,0.0,0.0,1.0,0.13469387755102044,0.1818181818181818,0.09090909090909091,0.0,0.1111111111111111,3,4,0,0,0,0,0,1,0.0,0.25,9.812183797791983e-05,595000.0
10668881,1,0.0,0.0,1.0,0.0,0.0,0.0,0.0,0.0,0.0,0.0,0.0,1.0,0.0,0.0,0.0,0.0,1.0,0.0,0.12040816326530615,0.1818181818181818,0.2727272727272727,0.0,0.0,3,7,0,0,0,0,0,0,0.0,0.0,0.0,180000.0
10668875,1,0.0,1.0,0.0,0.0,0.0,0.0,1.0,0.0,0.0,0.0,0.0,0.0,0.0,0.0,0.0,1.0,0.0,0.0,0.16632653061224492,0.1818181818181818,0.18181818181818182,0.0,0.1111111111111111,0,4,0,0,0,0,0,1,0.0,0.2,0.0005731415769738308,439000.0
10668883,1,0.0,1.0,0.0,0.0,0.0,0.0,1.0,0.0,0.0,0.0,0.0,0.0,0.0,0.0,0.0,0.0,0.0,1.0,0.1438775510204082,0.1818181818181818,0.09090909090909091,0.0,0.1111111111111111,3,6,0,1,0,0,0,1,0.0,0.0,0.0002778590365169132,495000.0
10668882,1,0.0,1.0,0.0,1.0,0.0,0.0,0.0,0.0,0.0,0.0,0.0,0.0,0.0,0.0,0.0,0.0,1.0,0.0,0.10918367346938776,0.1818181818181818,0.09090909090909091,0.0,0.1111111111111111,3,3,0,0,0,0,0,1,0.0,0.0,0.00011462831539476617,299000.0
10668885,0,0.0,1.0,0.0,1.0,0.0,0.0,0.0,0.0,0.0,0.0,0.0,0.0,0.0,0.0,1.0,0.0,0.0,0.0,0.08979591836734696,0.1818181818181818,0.09090909090909091,0.0,0.05555555555555555,3,2,1,0,0,0,0,1,0.0,0.1,0.0,425000.0
10668884,1,0.0,0.0,1.0,0.0,0.0,0.0,0.0,0.0,0.0,1.0,0.0,0.0,0.0,0.0,0.0,0.0,0.0,1.0,0.1836734693877551,0.2727272727272727,0.18181818181818182,0.0,0.0,1,1,0,0,1,0,0,1,0.0,0.0,0.0015020894449330158,490000.0
10668886,1,0.0,1.0,0.0,1.0,0.0,0.0,0.0,0.0,0.0,0.0,0.0,0.0,0.0,0.0,1.0,0.0,0.0,0.0,0.2612244897959184,0.36363636363636365,0.2727272727272727,0.0,0.0,1,2,0,0,0,0,1,1,0.062,0.62,0.0001283837132421381,1095000.0
10668891,1,0.0,0.0,1.0,0.0,0.0,0.0,0.0,0.0,0.0,1.0,0.0,0.0,0.0,0.0,0.0,0.0,0.0,1.0,0.19387755102040818,0.1818181818181818,0.18181818181818182,0.0,0.0,3,5,0,0,0,0,1,1,0.869,0.0,0.000907856257926548,450000.0
10668892,1,0.0,0.0,1.0,0.0,0.0,0.0,0.0,0.0,0.0,1.0,0.0,0.0,0.0,0.0,0.0,0.0,0.0,1.0,0.10714285714285715,0.2727272727272727,0.09090909090909091,0.0,0.1111111111111111,3,4,0,0,0,0,0,0,0.0,0.0,8.069833403791538e-05,177500.0
10668898,1,0.0,0.0,1.0,0.0,0.0,0.0,0.0,0.0,0.0,1.0,0.0,0.0,0.0,0.0,0.0,0.0,1.0,0.0,0.2448979591836735,0.36363636363636365,0.18181818181818182,0.0,0.16666666666666666,3,6,0,0,0,0,1,1,1.0,0.38,0.0014479848800666862,234000.0
10668894,1,0.0,0.0,1.0,0.0,0.0,0.0,0.0,0.0,0.0,1.0,0.0,0.0,0.0,0.0,0.0,1.0,0.0,0.0,0.24387755102040817,0.36363636363636365,0.2727272727272727,0.0,0.16666666666666666,3,3,0,0,0,0,1,1,0.05,0.5,0.0002567674264842762,265000.0
10668899,1,0.0,1.0,0.0,1.0,0.0,0.0,0.0,0.0,0.0,0.0,0.0,0.0,0.0,0.0,0.0,0.0,0.0,1.0,0.09897959183673471,0.1818181818181818,0.09090909090909091,0.0,0.1111111111111111,4,5,0,1,0,0,1,0,0.0,0.0,0.0,329000.0
10406763,1,0.0,0.0,1.0,0.0,0.0,0.0,0.0,0.0,0.0,0.0,0.0,0.0,1.0,0.0,0.0,0.0,0.0,1.0,0.15306122448979595,0.1818181818181818,0.09090909090909091,0.0,0.1111111111111111,0,0,0,0,0,0,0,0,0.0,0.0,0.0005658053647885658,494771.0
10668910,0,0.0,1.0,0.0,1.0,0.0,0.0,0.0,0.0,0.0,0.0,0.0,0.0,0.0,0.0,1.0,0.0,0.0,0.0,0.15306122448979595,0.09090909090909091,0.09090909090909091,0.0,0.1111111111111111,3,2,1,0,0,0,0,1,0.0,0.06,0.0,655000.0
10668890,0,0.0,1.0,0.0,1.0,0.0,0.0,0.0,0.0,0.0,0.0,0.0,0.0,0.0,0.0,0.0,1.0,0.0,0.0,0.051020408163265314,0.0,0.09090909090909091,0.07142857142857142,0.05555555555555555,1,2,1,0,0,0,0,1,0.0,0.06,0.0,339000.0
10668902,1,0.0,1.0,0.0,0.0,0.0,1.0,0.0,0.0,0.0,0.0,0.0,0.0,0.0,0.0,0.0,0.0,0.0,1.0,0.17040816326530614,0.2727272727272727,0.09090909090909091,0.0,0.16666666666666666,0,6,0,0,0,0,0,0,0.0,0.0,0.0007427914837580847,315000.0
10668906,0,0.0,1.0,0.0,1.0,0.0,0.0,0.0,0.0,0.0,0.0,0.0,0.0,0.0,0.0,0.0,0.0,1.0,0.0,0.05000000000000001,0.0,0.09090909090909091,0.0,0.05555555555555555,2,2,0,0,0,0,0,0,0.0,0.0,0.0,199000.0
10668911,0,0.0,1.0,0.0,1.0,0.0,0.0,0.0,0.0,0.0,0.0,0.0,0.0,0.0,0.0,1.0,0.0,0.0,0.0,0.051020408163265314,0.09090909090909091,0.09090909090909091,0.0,0.05555555555555555,0,4,0,0,0,0,0,0,0.0,0.0,0.0,279000.0
10668912,0,0.0,1.0,0.0,1.0,0.0,0.0,0.0,0.0,0.0,0.0,0.0,0.0,0.0,0.0,0.0,1.0,0.0,0.0,0.13877551020408166,0.1818181818181818,0.09090909090909091,0.0,0.05555555555555555,2,2,1,0,0,0,0,1,0.0,0.03,0.0,399000.0
10668920,1,0.0,1.0,0.0,1.0,0.0,0.0,0.0,0.0,0.0,0.0,0.0,0.0,0.0,0.0,0.0,0.0,1.0,0.0,0.3040816326530612,0.36363636363636365,0.18181818181818182,0.0,0.0,4,6,0,0,0,0,0,1,0.0,0.0,0.00014122208456635192,325000.0
10668916,1,0.0,0.0,1.0,0.0,0.0,0.0,0.0,0.0,0.0,0.0,0.0,0.0,1.0,0.0,0.0,0.0,0.0,1.0,0.20204081632653065,0.2727272727272727,0.18181818181818182,0.07142857142857142,0.1111111111111111,3,3,0,0,0,0,1,1,0.9,0.0,0.000935367053621292,495000.0
10668913,0,0.0,1.0,0.0,1.0,0.0,0.0,0.0,0.0,0.0,0.0,0.0,0.0,0.0,0.0,1.0,0.0,0.0,0.0,0.10204081632653061,0.1818181818181818,0.09090909090909091,0.0,0.05555555555555555,3,3,1,0,0,0,0,1,0.0,0.05,0.0,299000.0
10668923,1,0.0,1.0,0.0,0.0,0.0,0.0,1.0,0.0,0.0,0.0,0.0,0.0,0.0,0.0,0.0,0.0,0.0,1.0,0.12244897959183676,0.1818181818181818,0.09090909090909091,0.0,0.1111111111111111,3,3,0,0,0,0,1,1,0.11,0.3,0.00023017365731269046,595000.0
10668932,1,0.0,0.0,1.0,0.0,0.0,0.0,0.0,0.0,0.0,1.0,0.0,0.0,0.0,0.0,0.0,0.0,1.0,0.0,0.2530612244897959,0.1818181818181818,0.18181818181818182,0.07142857142857142,0.1111111111111111,3,3,0,0,0,0,0,1,0.0,0.0,0.000780389571207568,385000.0
10668931,1,0.0,0.0,1.0,0.0,0.0,0.0,0.0,0.0,0.0,1.0,0.0,0.0,0.0,0.0,0.0,0.0,1.0,0.0,0.2448979591836735,0.1818181818181818,0.09090909090909091,0.0,0.0,4,5,0,0,0,0,0,1,0.0,0.0,0.0002475971612526949,240000.0
10668933,1,0.0,1.0,0.0,1.0,0.0,0.0,0.0,0.0,0.0,0.0,0.0,0.0,0.0,0.0,0.0,0.0,0.0,1.0,0.28061224489795916,0.2727272727272727,0.09090909090909091,0.0,0.1111111111111111,1,1,0,0,0,0,0,1,0.0,0.0,0.0010509123955392162,750000.0
10668930,1,0.0,0.0,1.0,0.0,0.0,0.0,0.0,0.0,0.0,1.0,0.0,0.0,0.0,0.0,0.0,0.0,0.0,1.0,0.1836734693877551,0.2727272727272727,0.18181818181818182,0.0,0.0,1,1,0,0,1,0,0,1,0.0,0.0,0.0015020894449330158,490000.0
10668928,0,0.0,1.0,0.0,0.0,0.0,0.0,0.0,0.0,0.0,0.0,0.0,0.0,0.0,1.0,0.0,0.0,1.0,0.0,0.06326530612244899,0.1818181818181818,0.18181818181818182,0.14285714285714285,0.1111111111111111,2,3,1,0,0,0,0,1,0.0,0.0,0.0,1085000.0
10668940,0,0.0,0.0,1.0,0.0,0.0,0.0,0.0,1.0,0.0,0.0,0.0,0.0,0.0,0.0,0.0,0.0,0.0,1.0,0.07857142857142857,0.09090909090909091,0.09090909090909091,0.07142857142857142,0.05555555555555555,1,2,1,0,0,0,0,0,0.0,0.0,0.0,198000.0
10668934,1,0.0,1.0,0.0,0.0,0.0,0.0,0.0,0.0,0.0,0.0,0.0,0.0,0.0,1.0,0.0,0.0,0.0,1.0,0.07346938775510206,0.09090909090909091,0.09090909090909091,0.07142857142857142,0.0,4,6,0,0,0,0,1,1,0.45,0.0,0.00053921159561698,115000.0
10668939,1,0.0,0.0,1.0,0.0,0.0,0.0,0.0,0.0,0.0,0.0,0.0,0.0,1.0,0.0,0.0,0.0,0.0,1.0,0.1326530612244898,0.1818181818181818,0.18181818181818182,0.07142857142857142,0.1111111111111111,1,2,0,0,0,0,0,1,0.0,0.17,0.0,329000.0
10668944,1,0.0,1.0,0.0,0.0,0.0,0.0,1.0,0.0,0.0,0.0,0.0,0.0,0.0,0.0,0.0,0.0,0.0,1.0,0.32040816326530613,0.2727272727272727,0.09090909090909091,0.0,0.0,0,3,0,0,0,0,0,1,0.0,0.0,0.010245020316722621,795000.0
10668949,0,1.0,0.0,0.0,0.0,1.0,0.0,0.0,0.0,0.0,0.0,0.0,0.0,0.0,0.0,0.0,1.0,0.0,0.0,0.06326530612244899,0.09090909090909091,0.09090909090909091,0.07142857142857142,0.05555555555555555,1,5,0,0,0,0,0,0,0.0,0.0,0.0,239000.0
10668941,0,1.0,0.0,0.0,0.0,1.0,0.0,0.0,0.0,0.0,0.0,0.0,0.0,0.0,0.0,0.0,1.0,0.0,0.0,0.09183673469387757,0.1818181818181818,0.09090909090909091,0.0,0.05555555555555555,1,5,0,0,0,0,1,1,0.04,0.2,0.0,599000.0
10668947,1,0.0,1.0,0.0,1.0,0.0,0.0,0.0,0.0,0.0,0.0,0.0,0.0,0.0,0.0,0.0,0.0,0.0,1.0,0.15918367346938778,0.1818181818181818,0.09090909090909091,0.0,0.0,1,3,0,0,0,0,0,1,0.0,0.0,0.0002540163469148018,510000.0
10668942,1,0.0,0.0,1.0,0.0,0.0,0.0,0.0,1.0,0.0,0.0,0.0,0.0,0.0,0.0,0.0,0.0,0.0,1.0,0.09387755102040818,0.1818181818181818,0.09090909090909091,0.0,0.0,1,2,0,0,0,0,0,1,0.0,0.0,0.00021733528598847667,205000.0
10668953,0,0.0,1.0,0.0,0.0,0.0,0.0,0.0,0.0,1.0,0.0,0.0,0.0,0.0,0.0,0.0,0.0,1.0,0.0,0.07448979591836735,0.09090909090909091,0.09090909090909091,0.0,0.0,0,1,1,0,0,0,0,1,0.0,0.07,0.0,347896.0
10668952,0,0.0,1.0,0.0,0.0,0.0,0.0,0.0,0.0,1.0,0.0,0.0,0.0,0.0,0.0,0.0,0.0,1.0,0.0,0.163265306122449,0.1818181818181818,0.18181818181818182,0.0,0.0,0,0,0,0,0,0,0,1,0.0,0.55,0.0,1172941.0
10668951,1,0.0,1.0,0.0,0.0,0.0,1.0,0.0,0.0,0.0,0.0,0.0,0.0,0.0,0.0,0.0,0.0,0.0,1.0,0.2091836734693878,0.1818181818181818,0.09090909090909091,0.0,0.1111111111111111,4,6,0,0,0,0,1,1,0.23,0.76,0.0005804777891590959,370000.0
10668954,0,0.0,1.0,0.0,0.0,0.0,0.0,0.0,0.0,1.0,0.0,0.0,0.0,0.0,0.0,0.0,0.0,1.0,0.0,0.08979591836734696,0.09090909090909091,0.09090909090909091,0.0,0.0,0,1,1,0,0,0,0,1,0.0,0.23,0.0,497750.0
10668958,1,1.0,0.0,0.0,0.0,1.0,0.0,0.0,0.0,0.0,0.0,0.0,0.0,0.0,0.0,0.0,1.0,0.0,0.0,0.1275510204081633,0.2727272727272727,0.36363636363636365,0.0,0.2222222222222222,3,7,0,0,0,0,0,0,0.0,0.0,4.585132615790647e-05,575000.0
10668957,0,0.0,1.0,0.0,0.0,0.0,0.0,0.0,0.0,1.0,0.0,0.0,0.0,0.0,0.0,0.0,0.0,1.0,0.0,0.1326530612244898,0.09090909090909091,0.18181818181818182,0.0,0.0,0,0,1,0,0,0,0,1,0.0,0.41000000000000003,0.0,864469.0
10668962,0,0.0,1.0,0.0,1.0,0.0,0.0,0.0,0.0,0.0,0.0,0.0,0.0,0.0,0.0,0.0,0.0,0.0,1.0,0.05816326530612246,0.0,0.09090909090909091,0.0,0.0,1,0,1,0,0,0,0,1,0.0,0.19,0.0,234970.0
10668959,0,0.0,1.0,0.0,0.0,0.0,0.0,0.0,0.0,1.0,0.0,0.0,0.0,0.0,0.0,0.0,0.0,1.0,0.0,0.1285714285714286,0.09090909090909091,0.18181818181818182,0.0,0.0,0,1,1,0,0,0,0,1,0.0,0.68,0.0,862500.0
10668963,0,0.0,1.0,0.0,1.0,0.0,0.0,0.0,0.0,0.0,0.0,0.0,0.0,0.0,0.0,0.0,0.0,0.0,1.0,0.08265306122448982,0.09090909090909091,0.09090909090909091,0.0,0.0,1,0,1,0,0,0,0,1,0.0,0.2,0.0,313140.0
10668955,0,0.0,1.0,0.0,0.0,0.0,0.0,0.0,0.0,1.0,0.0,0.0,0.0,0.0,0.0,0.0,0.0,1.0,0.0,0.08979591836734696,0.09090909090909091,0.09090909090909091,0.0,0.0,0,1,1,0,0,0,0,1,0.0,0.21,0.0,508250.0
10668966,0,0.0,1.0,0.0,0.0,0.0,0.0,0.0,0.0,1.0,0.0,0.0,0.0,0.0,0.0,0.0,0.0,0.0,1.0,0.07755102040816328,0.09090909090909091,0.09090909090909091,0.0,0.0,0,0,1,0,0,0,1,1,0.111,0.14,0.0,343156.0
10668965,0,0.0,1.0,0.0,0.0,0.0,0.0,0.0,0.0,1.0,0.0,0.0,0.0,0.0,0.0,0.0,0.0,0.0,1.0,0.08469387755102042,0.09090909090909091,0.09090909090909091,0.0,0.0,0,0,1,0,0,0,0,1,0.0,0.12,0.0,342231.0
10668977,1,0.0,0.0,1.0,0.0,0.0,0.0,0.0,0.0,0.0,1.0,0.0,0.0,0.0,0.0,0.0,0.0,1.0,0.0,0.08673469387755103,0.09090909090909091,0.09090909090909091,0.07142857142857142,0.05555555555555555,3,6,0,0,0,0,1,1,0.025,0.0,9.628778493160358e-05,149000.0
10668964,0,0.0,1.0,0.0,0.0,0.0,0.0,0.0,0.0,0.0,0.0,0.0,0.0,0.0,1.0,0.0,0.0,1.0,0.0,0.22448979591836737,0.2727272727272727,0.2727272727272727,0.14285714285714285,0.16666666666666666,3,2,1,0,0,0,0,0,0.0,0.0,0.0,3795000.0
10668970,0,0.0,1.0,0.0,0.0,0.0,0.0,0.0,0.0,1.0,0.0,0.0,0.0,0.0,0.0,0.0,0.0,0.0,1.0,0.05510204081632653,0.0,0.09090909090909091,0.0,0.0,1,0,1,0,0,0,0,1,0.0,0.08,0.0,242335.0
10668971,0,0.0,1.0,0.0,0.0,0.0,0.0,0.0,0.0,1.0,0.0,0.0,0.0,0.0,0.0,0.0,0.0,0.0,1.0,0.10102040816326532,0.09090909090909091,0.09090909090909091,0.0,0.0,1,0,1,0,0,0,0,1,0.0,0.6,0.0,424331.0
10668984,1,0.0,1.0,0.0,1.0,0.0,0.0,0.0,0.0,0.0,0.0,0.0,0.0,0.0,0.0,0.0,0.0,0.0,1.0,0.12653061224489798,0.1818181818181818,0.09090909090909091,0.0,0.05555555555555555,5,6,0,0,0,0,0,0,0.0,0.0,0.00037964898058746556,195000.0
10537916,0,1.0,0.0,0.0,0.0,1.0,0.0,0.0,0.0,0.0,0.0,0.0,0.0,0.0,0.0,0.0,1.0,0.0,0.0,0.06122448979591837,0.0,0.09090909090909091,0.0,0.0,3,7,1,0,0,0,0,1,0.0,0.2,0.0,320000.0
10668985,1,0.0,0.0,1.0,0.0,0.0,0.0,0.0,1.0,0.0,0.0,0.0,0.0,0.0,0.0,0.0,0.0,0.0,1.0,0.14285714285714288,0.09090909090909091,0.09090909090909091,0.0,0.1111111111111111,3,4,0,0,0,0,1,1,0.68,0.0,0.0007061104228317595,179000.0
10668986,0,0.0,1.0,0.0,0.0,0.0,0.0,1.0,0.0,0.0,0.0,0.0,0.0,0.0,0.0,0.0,0.0,0.0,1.0,0.06122448979591837,0.09090909090909091,0.09090909090909091,0.0,0.05555555555555555,3,2,1,0,0,0,0,1,0.0,0.08,0.0,279000.0
10668989,1,0.0,0.0,1.0,0.0,0.0,0.0,0.0,1.0,0.0,0.0,0.0,0.0,0.0,0.0,0.0,0.0,0.0,1.0,0.1795918367346939,0.1818181818181818,0.09090909090909091,0.0,0.05555555555555555,3,4,0,0,0,0,0,1,0.0,0.0,0.0022347936369363614,320000.0
10668993,0,0.0,1.0,0.0,0.0,0.0,1.0,0.0,0.0,0.0,0.0,0.0,0.0,0.0,0.0,0.0,0.0,0.0,1.0,0.06224489795918368,0.09090909090909091,0.09090909090909091,0.07142857142857142,0.05555555555555555,1,1,1,0,0,0,0,1,0.0,0.09,0.0,279000.0
10668996,0,1.0,0.0,0.0,0.0,1.0,0.0,0.0,0.0,0.0,0.0,0.0,0.0,0.0,0.0,0.0,0.0,0.0,1.0,0.0816326530612245,0.09090909090909091,0.18181818181818182,0.07142857142857142,0.05555555555555555,1,3,1,0,0,0,0,1,0.0,0.05,0.0,385000.0
10668990,1,0.0,0.0,1.0,0.0,0.0,0.0,0.0,1.0,0.0,0.0,0.0,0.0,0.0,0.0,1.0,0.0,0.0,0.0,0.23469387755102042,0.4545454545454545,0.5454545454545454,0.42857142857142855,0.4444444444444444,3,4,0,0,0,0,0,1,0.0,0.5,0.0002475971612526949,580000.0
10669000,0,1.0,0.0,0.0,0.0,1.0,0.0,0.0,0.0,0.0,0.0,0.0,0.0,0.0,0.0,0.0,1.0,0.0,0.0,0.20000000000000004,0.1818181818181818,0.09090909090909091,0.07142857142857142,0.1111111111111111,1,5,1,0,0,0,0,0,0.0,0.0,0.0,650000.0
10668994,1,0.0,1.0,0.0,1.0,0.0,0.0,0.0,0.0,0.0,0.0,0.0,0.0,0.0,0.0,0.0,0.0,1.0,0.0,0.1438775510204082,0.2727272727272727,0.09090909090909091,0.0,0.0,0,6,0,0,0,0,1,1,0.185,0.0,0.00029253146088744324,355000.0
10668997,1,0.0,0.0,1.0,0.0,0.0,0.0,0.0,0.0,0.0,0.0,0.0,0.0,1.0,0.0,0.0,0.0,0.0,1.0,0.7142857142857143,0.2727272727272727,0.36363636363636365,0.0,0.0,1,2,0,0,1,0,1,1,1.0,1.0,0.0011334447826234478,1275000.0
10669001,0,0.0,1.0,0.0,0.0,0.0,0.0,1.0,0.0,0.0,0.0,0.0,0.0,0.0,0.0,0.0,0.0,1.0,0.0,0.11836734693877551,0.1818181818181818,0.18181818181818182,0.0,0.2222222222222222,4,2,0,0,0,0,0,1,0.0,0.13,0.0,449000.0
10669020,0,0.0,1.0,0.0,1.0,0.0,0.0,0.0,0.0,0.0,0.0,0.0,0.0,0.0,0.0,0.0,0.0,0.0,1.0,0.05612244897959184,0.09090909090909091,0.09090909090909091,0.0,0.05555555555555555,0,4,0,0,0,0,0,1,0.0,0.0,0.0,257000.0
10669019,1,0.0,0.0,1.0,0.0,0.0,0.0,0.0,1.0,0.0,0.0,0.0,0.0,0.0,0.0,0.0,0.0,0.0,1.0,0.13469387755102044,0.1818181818181818,0.18181818181818182,0.14285714285714285,0.1111111111111111,3,4,0,0,0,0,1,1,0.7000000000000001,0.2,0.0007180317676328152,265000.0
10537938,0,0.0,1.0,0.0,0.0,0.0,0.0,0.0,0.0,0.0,0.0,0.0,0.0,0.0,1.0,0.0,0.0,1.0,0.0,0.06122448979591837,0.09090909090909091,0.18181818181818182,0.0,0.1111111111111111,2,1,1,0,0,0,0,1,0.0,0.0,0.0,995000.0
10669024,1,0.0,1.0,0.0,0.0,0.0,1.0,0.0,0.0,0.0,0.0,0.0,0.0,0.0,0.0,0.0,0.0,1.0,0.0,0.16836734693877553,0.1818181818181818,0.09090909090909091,0.0,0.0,3,3,0,0,0,0,0,1,0.0,0.0,0.00018615638420110025,319000.0
10669022,1,0.0,1.0,0.0,1.0,0.0,0.0,0.0,0.0,0.0,0.0,0.0,0.0,0.0,0.0,0.0,1.0,0.0,0.0,0.1489795918367347,0.1818181818181818,0.09090909090909091,0.0,0.05555555555555555,5,6,0,0,0,0,0,0,0.0,0.0,0.00020449691466426284,199000.0
10669023,1,0.0,1.0,0.0,1.0,0.0,0.0,0.0,0.0,0.0,0.0,0.0,0.0,0.0,0.0,0.0,0.0,0.0,1.0,0.12653061224489798,0.1818181818181818,0.09090909090909091,0.0,0.1111111111111111,3,4,0,0,0,0,0,1,0.0,0.0,0.00041724706803694884,349000.0
10669026,1,0.0,0.0,1.0,0.0,0.0,0.0,0.0,0.0,0.0,0.0,0.0,0.0,1.0,0.0,0.0,0.0,0.0,1.0,0.1928571428571429,0.2727272727272727,0.18181818181818182,0.0,0.16666666666666666,3,3,0,0,0,0,1,1,1.0,1.0,0.002292566307895323,845000.0
10669027,1,0.0,0.0,1.0,0.0,0.0,0.0,0.0,0.0,0.0,0.0,0.0,0.0,1.0,0.0,0.0,0.0,0.0,1.0,0.326530612244898,0.36363636363636365,0.2727272727272727,0.0,0.16666666666666666,3,5,0,0,0,0,1,1,1.0,1.0,0.002312740891404802,875000.0
10669028,1,1.0,0.0,0.0,0.0,1.0,0.0,0.0,0.0,0.0,0.0,0.0,0.0,0.0,0.0,0.0,1.0,0.0,0.0,0.1602040816326531,0.2727272727272727,0.18181818181818182,0.0,0.16666666666666666,3,5,0,0,0,0,0,0,0.0,0.0,0.0,429000.0
10669029,0,1.0,0.0,0.0,0.0,1.0,0.0,0.0,0.0,0.0,0.0,0.0,0.0,0.0,0.0,0.0,1.0,0.0,0.0,0.07755102040816328,0.09090909090909091,0.09090909090909091,0.0,0.05555555555555555,1,5,1,0,0,0,0,1,0.0,0.0,0.0,219000.0
10669031,0,0.0,1.0,0.0,0.0,0.0,1.0,0.0,0.0,0.0,0.0,0.0,0.0,0.0,0.0,0.0,1.0,0.0,0.0,0.12346938775510205,0.1818181818181818,0.09090909090909091,0.0,0.05555555555555555,4,3,1,1,0,0,0,0,0.0,0.0,0.0,435000.0
10669035,1,0.0,0.0,1.0,0.0,0.0,0.0,0.0,1.0,0.0,0.0,0.0,0.0,0.0,0.0,0.0,0.0,0.0,1.0,0.336734693877551,0.36363636363636365,0.09090909090909091,0.0,0.1111111111111111,4,7,0,0,1,0,1,1,1.0,0.0,0.0023842689602111364,450000.0
10669037,1,0.0,1.0,0.0,0.0,0.0,1.0,0.0,0.0,0.0,0.0,0.0,0.0,0.0,0.0,0.0,0.0,0.0,1.0,0.13469387755102044,0.1818181818181818,0.09090909090909091,0.07142857142857142,0.05555555555555555,5,6,0,0,0,0,0,0,0.0,0.0,0.0008803454622318042,279000.0
10669039,1,0.0,1.0,0.0,1.0,0.0,0.0,0.0,0.0,0.0,0.0,0.0,0.0,0.0,0.0,0.0,0.0,1.0,0.0,0.10204081632653061,0.1818181818181818,0.09090909090909091,0.0,0.05555555555555555,1,2,0,0,0,0,0,1,0.0,0.32,6.419185662106905e-05,332500.0
10669043,0,0.0,1.0,0.0,0.0,0.0,1.0,0.0,0.0,0.0,0.0,0.0,0.0,0.0,0.0,0.0,0.0,0.0,1.0,0.11224489795918369,0.09090909090909091,0.09090909090909091,0.0,0.05555555555555555,1,1,1,0,0,0,1,1,0.45,0.35000000000000003,0.0,440000.0
10669045,0,0.0,1.0,0.0,0.0,0.0,1.0,0.0,0.0,0.0,0.0,0.0,0.0,0.0,0.0,0.0,0.0,0.0,1.0,0.11530612244897961,0.1818181818181818,0.18181818181818182,0.0,0.1111111111111111,1,1,1,0,0,0,1,1,0.45,0.4,0.0,470000.0
10669036,1,0.0,1.0,0.0,0.0,0.0,1.0,0.0,0.0,0.0,0.0,0.0,0.0,0.0,0.0,0.0,0.0,0.0,1.0,0.13469387755102044,0.1818181818181818,0.09090909090909091,0.07142857142857142,0.05555555555555555,5,6,0,0,0,0,0,0,0.0,0.0,0.0008803454622318042,279000.0
10669033,1,0.0,0.0,1.0,0.0,0.0,0.0,0.0,1.0,0.0,0.0,0.0,0.0,0.0,0.0,0.0,0.0,0.0,1.0,0.20408163265306126,0.36363636363636365,0.09090909090909091,0.0,0.1111111111111111,1,4,0,0,0,0,0,1,0.0,0.0,0.0,230000.0
10669085,0,0.0,1.0,0.0,0.0,0.0,1.0,0.0,0.0,0.0,0.0,0.0,0.0,0.0,0.0,0.0,0.0,0.0,1.0,0.06122448979591837,0.0,0.09090909090909091,0.0,0.05555555555555555,1,0,1,0,0,0,0,1,0.0,0.15,0.0,295000.0
10538014,1,0.0,1.0,0.0,0.0,0.0,0.0,0.0,0.0,0.0,0.0,0.0,0.0,0.0,1.0,0.0,0.0,0.0,1.0,0.1316326530612245,0.1818181818181818,0.09090909090909091,0.0,0.1111111111111111,0,1,0,0,0,0,0,0,0.0,0.0,0.0004520940759169578,353090.0
10538016,1,0.0,1.0,0.0,0.0,0.0,0.0,0.0,0.0,0.0,0.0,0.0,0.0,0.0,1.0,0.0,0.0,0.0,1.0,0.1306122448979592,0.1818181818181818,0.09090909090909091,0.0,0.1111111111111111,0,1,0,0,0,0,0,0,0.0,0.0,0.0003246273891979778,313910.0
10538015,1,0.0,1.0,0.0,0.0,0.0,0.0,0.0,0.0,0.0,0.0,0.0,0.0,0.0,1.0,0.0,0.0,0.0,1.0,0.13367346938775512,0.1818181818181818,0.09090909090909091,0.0,0.1111111111111111,0,1,0,0,0,0,0,0,0.0,0.0,0.00024209500211374614,292060.0
10669086,0,0.0,1.0,0.0,0.0,0.0,1.0,0.0,0.0,0.0,0.0,0.0,0.0,0.0,0.0,0.0,0.0,0.0,1.0,0.08469387755102042,0.09090909090909091,0.09090909090909091,0.0,0.1111111111111111,1,0,1,0,0,0,0,1,0.0,0.21,0.0,360000.0
10538018,1,0.0,1.0,0.0,0.0,0.0,0.0,0.0,0.0,0.0,0.0,0.0,0.0,0.0,1.0,0.0,0.0,0.0,1.0,0.1316326530612245,0.1818181818181818,0.09090909090909091,0.0,0.1111111111111111,0,1,0,0,0,0,0,0,0.0,0.0,0.0003723127684022005,330580.0
10538019,1,0.0,1.0,0.0,0.0,0.0,0.0,0.0,0.0,0.0,0.0,0.0,0.0,0.0,1.0,0.0,0.0,0.0,1.0,0.1316326530612245,0.1818181818181818,0.09090909090909091,0.0,0.1111111111111111,0,1,0,0,0,0,0,0,0.0,0.0,0.00029161443436428514,306420.0
10538020,1,0.0,1.0,0.0,0.0,0.0,0.0,0.0,0.0,0.0,0.0,0.0,0.0,0.0,1.0,0.0,0.0,0.0,1.0,0.13367346938775512,0.1818181818181818,0.09090909090909091,0.0,0.1111111111111111,0,1,0,0,0,0,0,0,0.0,0.0,0.00026685471823901564,302910.0
10538021,1,0.0,0.0,1.0,0.0,0.0,0.0,0.0,1.0,0.0,0.0,0.0,0.0,0.0,0.0,0.0,0.0,1.0,0.0,0.0979591836734694,0.1818181818181818,0.09090909090909091,0.0,0.1111111111111111,0,0,0,0,0,0,0,0,0.0,0.0,0.00039523843148115377,256410.0
10538023,1,0.0,0.0,1.0,0.0,0.0,0.0,0.0,1.0,0.0,0.0,0.0,0.0,0.0,0.0,0.0,0.0,1.0,0.0,0.16632653061224492,0.2727272727272727,0.09090909090909091,0.0,0.1111111111111111,0,0,0,0,0,0,0,0,0.0,0.0,0.00021641825946531852,260328.0
10538024,1,0.0,0.0,1.0,0.0,0.0,0.0,0.0,1.0,0.0,0.0,0.0,0.0,0.0,0.0,0.0,0.0,1.0,0.0,0.15816326530612246,0.2727272727272727,0.09090909090909091,0.0,0.1111111111111111,0,0,0,0,0,0,0,0,0.0,0.0,0.0004108278823748419,293236.0
10538026,1,0.0,0.0,1.0,0.0,0.0,0.0,0.0,1.0,0.0,0.0,0.0,0.0,0.0,0.0,0.0,0.0,1.0,0.0,0.16632653061224492,0.2727272727272727,0.09090909090909091,0.0,0.1111111111111111,0,0,0,0,0,0,0,0,0.0,0.0,0.00020174583509478846,269865.0
10538025,1,0.0,0.0,1.0,0.0,0.0,0.0,0.0,1.0,0.0,0.0,0.0,0.0,0.0,0.0,0.0,0.0,1.0,0.0,0.15816326530612246,0.2727272727272727,0.09090909090909091,0.0,0.1111111111111111,0,0,0,0,0,0,0,0,0.0,0.0,0.00040807680280536754,292867.0
10538022,1,0.0,0.0,1.0,0.0,0.0,0.0,0.0,1.0,0.0,0.0,0.0,0.0,0.0,0.0,0.0,0.0,1.0,0.0,0.11020408163265308,0.1818181818181818,0.09090909090909091,0.0,0.1111111111111111,0,0,0,0,0,0,0,0,0.0,0.0,0.0002723568773779644,254465.0
10538027,1,0.0,0.0,1.0,0.0,0.0,0.0,0.0,1.0,0.0,0.0,0.0,0.0,0.0,0.0,0.0,0.0,1.0,0.0,0.15816326530612246,0.2727272727272727,0.09090909090909091,0.0,0.1111111111111111,0,0,0,0,0,0,0,0,0.0,0.0,0.0008510006134907441,313452.0
10669091,0,0.0,1.0,0.0,0.0,0.0,1.0,0.0,0.0,0.0,0.0,0.0,0.0,0.0,0.0,0.0,0.0,0.0,1.0,0.05204081632653062,0.0,0.09090909090909091,0.0,0.05555555555555555,1,0,1,0,0,0,0,1,0.0,0.1,0.0,255000.0
10669092,0,0.0,1.0,0.0,0.0,0.0,1.0,0.0,0.0,0.0,0.0,0.0,0.0,0.0,0.0,0.0,0.0,0.0,1.0,0.07857142857142857,0.0,0.09090909090909091,0.0,0.05555555555555555,1,0,1,0,0,0,0,1,0.0,0.74,0.0,395000.0
10669093,0,0.0,1.0,0.0,0.0,0.0,1.0,0.0,0.0,0.0,0.0,0.0,0.0,0.0,0.0,0.0,0.0,0.0,1.0,0.10408163265306122,0.09090909090909091,0.09090909090909091,0.0,0.1111111111111111,1,0,1,0,0,0,0,1,0.0,0.48,0.0,445000.0
10669095,0,0.0,1.0,0.0,0.0,0.0,1.0,0.0,0.0,0.0,0.0,0.0,0.0,0.0,0.0,0.0,0.0,0.0,1.0,0.05612244897959184,0.0,0.09090909090909091,0.0,0.05555555555555555,1,0,1,0,0,0,0,1,0.0,0.17,0.0,300000.0
10669098,0,0.0,1.0,0.0,0.0,0.0,1.0,0.0,0.0,0.0,0.0,0.0,0.0,0.0,0.0,0.0,0.0,0.0,1.0,0.05612244897959184,0.0,0.09090909090909091,0.0,0.05555555555555555,1,0,1,0,0,0,0,1,0.0,0.17,0.0,295000.0
10669094,0,0.0,1.0,0.0,0.0,0.0,1.0,0.0,0.0,0.0,0.0,0.0,0.0,0.0,0.0,0.0,0.0,0.0,1.0,0.08877551020408164,0.09090909090909091,0.09090909090909091,0.0,0.1111111111111111,1,0,1,0,0,0,0,1,0.0,0.16,0.0,380000.0
10669097,0,0.0,1.0,0.0,0.0,0.0,1.0,0.0,0.0,0.0,0.0,0.0,0.0,0.0,0.0,0.0,0.0,0.0,1.0,0.09489795918367347,0.09090909090909091,0.09090909090909091,0.0,0.05555555555555555,1,0,1,0,0,0,0,1,0.0,0.09,0.0,375000.0
10669099,0,0.0,1.0,0.0,0.0,0.0,1.0,0.0,0.0,0.0,0.0,0.0,0.0,0.0,0.0,0.0,0.0,0.0,1.0,0.05000000000000001,0.0,0.09090909090909091,0.0,0.05555555555555555,1,0,1,0,0,0,0,1,0.0,0.09,0.0,255000.0
10669100,0,0.0,1.0,0.0,0.0,0.0,1.0,0.0,0.0,0.0,0.0,0.0,0.0,0.0,0.0,0.0,0.0,0.0,1.0,0.07448979591836735,0.09090909090909091,0.09090909090909091,0.0,0.05555555555555555,1,0,1,0,0,0,0,1,0.0,0.14,0.0,320000.0
10669101,0,0.0,1.0,0.0,0.0,0.0,1.0,0.0,0.0,0.0,0.0,0.0,0.0,0.0,0.0,0.0,0.0,0.0,1.0,0.07142857142857142,0.09090909090909091,0.09090909090909091,0.0,0.05555555555555555,1,0,1,0,0,0,0,1,0.0,0.09,0.0,310000.0
10669102,0,0.0,1.0,0.0,0.0,0.0,1.0,0.0,0.0,0.0,0.0,0.0,0.0,0.0,0.0,0.0,0.0,0.0,1.0,0.05000000000000001,0.0,0.09090909090909091,0.0,0.05555555555555555,1,0,1,0,0,0,0,1,0.0,0.09,0.0,260000.0
10669103,0,0.0,1.0,0.0,0.0,0.0,1.0,0.0,0.0,0.0,0.0,0.0,0.0,0.0,0.0,0.0,0.0,0.0,1.0,0.07448979591836735,0.09090909090909091,0.09090909090909091,0.0,0.05555555555555555,1,0,1,0,0,0,0,1,0.0,0.14,0.0,330000.0
10669105,0,0.0,1.0,0.0,0.0,0.0,1.0,0.0,0.0,0.0,0.0,0.0,0.0,0.0,0.0,0.0,0.0,0.0,1.0,0.07142857142857142,0.09090909090909091,0.09090909090909091,0.0,0.05555555555555555,1,0,1,0,0,0,0,1,0.0,0.09,0.0,440000.0
10669107,0,0.0,1.0,0.0,0.0,0.0,1.0,0.0,0.0,0.0,0.0,0.0,0.0,0.0,0.0,0.0,0.0,0.0,1.0,0.08469387755102042,0.09090909090909091,0.09090909090909091,0.0,0.1111111111111111,1,0,1,0,0,0,0,1,0.0,0.36,0.0,360000.0
10669104,0,0.0,1.0,0.0,0.0,0.0,1.0,0.0,0.0,0.0,0.0,0.0,0.0,0.0,0.0,0.0,0.0,0.0,1.0,0.07142857142857142,0.09090909090909091,0.09090909090909091,0.0,0.05555555555555555,1,0,1,0,0,0,0,1,0.0,0.09,0.0,320000.0
10669106,0,0.0,1.0,0.0,0.0,0.0,1.0,0.0,0.0,0.0,0.0,0.0,0.0,0.0,0.0,0.0,0.0,0.0,1.0,0.1285714285714286,0.1818181818181818,0.09090909090909091,0.0,0.1111111111111111,1,0,1,0,0,0,0,1,0.0,0.29,0.0,410000.0
10669118,0,0.0,1.0,0.0,0.0,0.0,1.0,0.0,0.0,0.0,0.0,0.0,0.0,0.0,0.0,0.0,1.0,0.0,0.0,0.08979591836734696,0.09090909090909091,0.09090909090909091,0.0,0.05555555555555555,1,0,1,0,0,0,0,1,0.0,0.04,0.0,459000.0
10669119,0,0.0,1.0,0.0,0.0,0.0,1.0,0.0,0.0,0.0,0.0,0.0,0.0,0.0,0.0,0.0,1.0,0.0,0.0,0.06632653061224492,0.09090909090909091,0.09090909090909091,0.0,0.05555555555555555,1,0,1,0,0,0,0,1,0.0,0.08,0.0,370000.0
10669120,0,0.0,1.0,0.0,0.0,0.0,1.0,0.0,0.0,0.0,0.0,0.0,0.0,0.0,0.0,0.0,1.0,0.0,0.0,0.07653061224489796,0.09090909090909091,0.09090909090909091,0.0,0.05555555555555555,1,0,1,0,0,0,0,1,0.0,0.03,0.0,398000.0
10669121,0,0.0,1.0,0.0,0.0,0.0,1.0,0.0,0.0,0.0,0.0,0.0,0.0,0.0,0.0,0.0,1.0,0.0,0.0,0.06632653061224492,0.09090909090909091,0.09090909090909091,0.0,0.05555555555555555,1,0,1,0,0,0,0,1,0.0,0.05,0.0,369000.0
10669122,0,0.0,1.0,0.0,0.0,0.0,1.0,0.0,0.0,0.0,0.0,0.0,0.0,0.0,0.0,0.0,1.0,0.0,0.0,0.07551020408163267,0.09090909090909091,0.09090909090909091,0.0,0.05555555555555555,1,0,1,0,0,0,0,1,0.0,0.04,0.0,398000.0
10669125,0,0.0,1.0,0.0,0.0,0.0,1.0,0.0,0.0,0.0,0.0,0.0,0.0,0.0,0.0,0.0,1.0,0.0,0.0,0.07244897959183674,0.09090909090909091,0.09090909090909091,0.0,0.05555555555555555,4,2,1,0,0,0,0,1,0.0,0.15,0.0,325000.0
10669126,1,0.0,1.0,0.0,0.0,0.0,1.0,0.0,0.0,0.0,0.0,0.0,0.0,0.0,0.0,0.0,0.0,0.0,1.0,0.1479591836734694,0.2727272727272727,0.09090909090909091,0.07142857142857142,0.1111111111111111,1,1,0,0,0,0,1,1,0.11,0.25,0.00017973719853899334,435000.0
10669123,0,0.0,1.0,0.0,0.0,0.0,1.0,0.0,0.0,0.0,0.0,0.0,0.0,0.0,0.0,0.0,1.0,0.0,0.0,0.11938775510204083,0.09090909090909091,0.09090909090909091,0.0,0.05555555555555555,1,0,1,0,0,0,1,1,0.08700000000000001,0.03,0.0,490000.0
10669130,1,0.0,0.0,1.0,0.0,0.0,0.0,0.0,1.0,0.0,0.0,0.0,0.0,0.0,0.0,0.0,0.0,0.0,1.0,0.0816326530612245,0.1818181818181818,0.09090909090909091,0.07142857142857142,0.0,3,5,0,0,0,0,1,1,0.18,0.0,0.0002246714981737417,175000.0
10669134,1,0.0,0.0,1.0,0.0,0.0,0.0,0.0,1.0,0.0,0.0,0.0,0.0,0.0,0.0,0.0,1.0,0.0,0.0,0.12653061224489798,0.1818181818181818,0.09090909090909091,0.0,0.0,4,0,0,0,0,0,1,1,0.063,0.06,0.0001375539784737194,179000.0
10669133,1,0.0,0.0,1.0,0.0,0.0,0.0,0.0,1.0,0.0,0.0,0.0,0.0,0.0,0.0,0.0,0.0,0.0,1.0,0.10408163265306122,0.1818181818181818,0.09090909090909091,0.07142857142857142,0.1111111111111111,3,0,0,0,0,0,1,1,0.033,0.11,0.000134802898904245,189900.0
10669135,1,0.0,0.0,1.0,0.0,0.0,0.0,0.0,1.0,0.0,0.0,0.0,0.0,0.0,0.0,0.0,1.0,0.0,0.0,0.0816326530612245,0.09090909090909091,0.09090909090909091,0.0,0.0,3,5,0,0,0,0,1,1,0.075,0.09,0.00016506477416846328,199000.0
10669129,1,0.0,0.0,1.0,0.0,0.0,0.0,0.0,0.0,0.0,0.0,0.0,1.0,0.0,0.0,0.0,0.0,0.0,1.0,0.19387755102040818,0.2727272727272727,0.09090909090909091,0.07142857142857142,0.05555555555555555,3,5,0,0,0,0,1,1,0.975,0.0,0.0011829642148739868,235000.0
10669136,1,0.0,0.0,1.0,0.0,0.0,0.0,0.0,1.0,0.0,0.0,0.0,0.0,0.0,0.0,0.0,1.0,0.0,0.0,0.08673469387755103,0.2727272727272727,0.18181818181818182,0.0,0.0,3,7,0,0,0,0,1,0,0.2,0.0,0.0005043645877369712,139900.0
10669138,1,0.0,0.0,1.0,0.0,0.0,0.0,0.0,1.0,0.0,0.0,0.0,0.0,0.0,0.0,0.0,1.0,0.0,0.0,0.07959183673469389,0.09090909090909091,0.09090909090909091,0.07142857142857142,0.05555555555555555,3,7,0,0,0,0,0,0,0.0,0.0,0.0,95000.0
10669137,1,0.0,0.0,1.0,0.0,0.0,0.0,0.0,0.0,0.0,0.0,0.0,1.0,0.0,0.0,0.0,0.0,0.0,1.0,0.06428571428571428,0.1818181818181818,0.09090909090909091,0.07142857142857142,0.05555555555555555,3,4,0,0,0,0,1,1,0.005,0.0,4.126619354211582e-05,105000.0
10669139,1,0.0,0.0,1.0,0.0,0.0,0.0,0.0,1.0,0.0,0.0,0.0,0.0,0.0,0.0,0.0,1.0,0.0,0.0,0.1836734693877551,0.36363636363636365,0.2727272727272727,0.0,0.0,2,5,0,0,0,0,0,0,0.0,0.0,0.0,269000.0
10669145,0,0.0,1.0,0.0,0.0,0.0,0.0,1.0,0.0,0.0,0.0,0.0,0.0,0.0,0.0,0.0,0.0,0.0,1.0,0.03775510204081633,0.0,0.09090909090909091,0.0,0.0,3,2,0,0,0,0,0,1,0.0,0.1,0.0,230000.0
10669140,1,0.0,0.0,1.0,0.0,0.0,0.0,0.0,1.0,0.0,0.0,0.0,0.0,0.0,0.0,0.0,0.0,1.0,0.0,0.9,0.4545454545454545,0.2727272727272727,0.21428571428571427,0.0,1,2,0,0,1,0,0,1,0.0,0.0,0.0017359312083383388,1900000.0
10669150,1,0.0,1.0,0.0,0.0,0.0,0.0,0.0,0.0,1.0,0.0,0.0,0.0,0.0,0.0,0.0,0.0,0.0,1.0,0.1326530612244898,0.1818181818181818,0.09090909090909091,0.07142857142857142,0.1111111111111111,4,6,0,0,0,0,1,1,1.0,0.0,0.001987196475683666,295000.0
10669148,0,0.0,1.0,0.0,0.0,0.0,0.0,0.0,0.0,1.0,0.0,0.0,0.0,0.0,0.0,0.0,0.0,0.0,1.0,0.04081632653061225,0.0,0.09090909090909091,0.0,0.0,0,0,1,0,0,0,0,1,0.0,0.06,0.0,209500.0
10669149,0,0.0,1.0,0.0,0.0,0.0,0.0,0.0,0.0,1.0,0.0,0.0,0.0,0.0,0.0,0.0,0.0,0.0,1.0,0.051020408163265314,0.09090909090909091,0.09090909090909091,0.0,0.0,0,0,1,0,0,0,0,1,0.0,0.06,0.0,252500.0
10669151,1,0.0,1.0,0.0,0.0,0.0,0.0,0.0,0.0,1.0,0.0,0.0,0.0,0.0,0.0,0.0,0.0,0.0,1.0,0.1326530612244898,0.09090909090909091,0.09090909090909091,0.0,0.05555555555555555,3,6,0,0,0,0,0,1,0.0,0.0,0.003345312756480856,310000.0
10669159,1,0.0,0.0,1.0,0.0,0.0,0.0,0.0,1.0,0.0,0.0,0.0,0.0,0.0,0.0,0.0,0.0,0.0,1.0,0.2122448979591837,0.1818181818181818,0.18181818181818182,0.0,0.1111111111111111,1,1,0,0,0,0,0,0,0.0,0.0,0.0009619608227928777,518444.0
10669156,1,0.0,0.0,1.0,0.0,0.0,0.0,0.0,1.0,0.0,0.0,0.0,0.0,0.0,0.0,0.0,0.0,0.0,1.0,0.17244897959183675,0.1818181818181818,0.09090909090909091,0.0,0.1111111111111111,1,1,0,0,0,0,0,0,0.0,0.0,0.0014094697660940448,353661.0
10669160,1,1.0,0.0,0.0,0.0,1.0,0.0,0.0,0.0,0.0,0.0,0.0,0.0,0.0,0.0,0.0,0.0,0.0,1.0,0.163265306122449,0.36363636363636365,0.18181818181818182,0.0,0.16666666666666666,3,7,0,0,0,0,1,1,0.55,0.2,0.0007336212185265035,1295000.0
10669157,1,0.0,0.0,1.0,0.0,0.0,0.0,0.0,1.0,0.0,0.0,0.0,0.0,0.0,0.0,0.0,0.0,0.0,1.0,0.17244897959183675,0.1818181818181818,0.09090909090909091,0.0,0.1111111111111111,1,1,0,0,0,0,0,0,0.0,0.0,0.001020650520274998,371161.0
10669161,1,0.0,0.0,1.0,0.0,0.0,0.0,0.0,0.0,0.0,1.0,0.0,0.0,0.0,0.0,0.0,1.0,0.0,0.0,0.2602040816326531,0.36363636363636365,0.18181818181818182,0.07142857142857142,0.16666666666666666,3,3,0,0,0,0,1,1,0.11,0.55,0.0003585573705548286,560000.0
10669162,1,0.0,1.0,0.0,0.0,0.0,1.0,0.0,0.0,0.0,0.0,0.0,0.0,0.0,0.0,0.0,0.0,0.0,1.0,0.1479591836734694,0.1818181818181818,0.09090909090909091,0.0,0.0,3,4,0,0,0,0,0,1,0.0,0.0,0.00036681060926325174,375000.0
10669158,1,0.0,0.0,1.0,0.0,0.0,0.0,0.0,1.0,0.0,0.0,0.0,0.0,0.0,0.0,0.0,0.0,0.0,1.0,0.1295918367346939,0.2727272727272727,0.09090909090909091,0.0,0.1111111111111111,1,1,0,0,0,0,0,0,0.0,0.0,0.0007253679798180803,341016.0
10669163,1,0.0,1.0,0.0,0.0,0.0,1.0,0.0,0.0,0.0,0.0,0.0,0.0,0.0,0.0,0.0,0.0,0.0,1.0,0.0816326530612245,0.09090909090909091,0.09090909090909091,0.0,0.0,5,6,0,0,0,0,0,1,0.0,0.0,8.344941360738977e-05,175000.0
10669165,1,0.0,1.0,0.0,0.0,0.0,0.0,1.0,0.0,0.0,0.0,0.0,0.0,0.0,0.0,0.0,0.0,0.0,1.0,0.17346938775510207,0.36363636363636365,0.18181818181818182,0.0,0.0,3,5,0,0,0,0,0,1,0.0,0.0,0.0003310465748600847,375000.0
10669177,1,0.0,1.0,0.0,0.0,0.0,1.0,0.0,0.0,0.0,0.0,0.0,0.0,0.0,0.0,0.0,0.0,0.0,1.0,0.23469387755102042,0.1818181818181818,0.09090909090909091,0.07142857142857142,0.1111111111111111,3,5,0,0,0,0,0,1,0.0,0.0,0.0010976807482202808,395000.0
10669178,1,0.0,1.0,0.0,0.0,0.0,1.0,0.0,0.0,0.0,0.0,0.0,0.0,0.0,0.0,0.0,0.0,1.0,0.0,0.23469387755102042,0.1818181818181818,0.09090909090909091,0.07142857142857142,0.1111111111111111,3,5,0,0,0,0,0,1,0.0,0.0,0.0010976807482202808,395000.0
10669179,1,0.0,1.0,0.0,0.0,0.0,1.0,0.0,0.0,0.0,0.0,0.0,0.0,0.0,0.0,0.0,0.0,1.0,0.0,0.15306122448979595,0.2727272727272727,0.09090909090909091,0.07142857142857142,0.05555555555555555,0,4,0,0,0,0,0,1,0.0,0.0,0.0006006523726685747,375000.0
10669171,1,0.0,1.0,0.0,0.0,0.0,1.0,0.0,0.0,0.0,0.0,0.0,0.0,0.0,0.0,0.0,0.0,1.0,0.0,0.12244897959183676,0.09090909090909091,0.09090909090909091,0.0,0.0,0,6,0,0,0,0,1,1,1.0,0.0,0.0016497307151614746,299000.0
10669169,1,0.0,1.0,0.0,1.0,0.0,0.0,0.0,0.0,0.0,0.0,0.0,0.0,0.0,0.0,0.0,0.0,0.0,1.0,0.17551020408163268,0.1818181818181818,0.09090909090909091,0.0,0.0,0,3,0,0,0,0,0,1,0.0,0.0,0.000517202959061185,575000.0
10538108,0,0.0,0.0,1.0,0.0,0.0,0.0,0.0,0.0,0.0,0.0,0.0,1.0,0.0,0.0,0.0,0.0,0.0,1.0,0.10204081632653061,0.1818181818181818,0.0,0.07142857142857142,0.05555555555555555,3,3,0,1,0,0,0,0,0.0,0.0,0.0,199000.0
10669181,1,0.0,1.0,0.0,0.0,0.0,1.0,0.0,0.0,0.0,0.0,0.0,0.0,0.0,0.0,0.0,0.0,0.0,1.0,0.20102040816326533,0.1818181818181818,0.09090909090909091,0.07142857142857142,0.1111111111111111,5,5,0,0,0,0,0,1,0.0,0.08,0.0001439731641358263,279000.0
10669183,1,0.0,1.0,0.0,0.0,0.0,1.0,0.0,0.0,0.0,0.0,0.0,0.0,0.0,0.0,0.0,0.0,1.0,0.0,0.16836734693877553,0.2727272727272727,0.09090909090909091,0.0,0.05555555555555555,3,2,0,0,0,0,0,1,0.0,0.16,0.0002567674264842762,205000.0
10669185,1,0.0,1.0,0.0,1.0,0.0,0.0,0.0,0.0,0.0,0.0,0.0,0.0,0.0,0.0,0.0,0.0,1.0,0.0,0.1142857142857143,0.2727272727272727,0.09090909090909091,0.07142857142857142,0.05555555555555555,5,5,0,0,0,0,0,0,0.0,0.0,0.00010178994407055236,299000.0
10669180,1,0.0,1.0,0.0,0.0,0.0,1.0,0.0,0.0,0.0,0.0,0.0,0.0,0.0,0.0,0.0,0.0,0.0,1.0,0.15306122448979595,0.2727272727272727,0.09090909090909091,0.07142857142857142,0.05555555555555555,0,4,0,0,0,0,0,1,0.0,0.0,0.0006006523726685747,375000.0
10669186,1,1.0,0.0,0.0,0.0,1.0,0.0,0.0,0.0,0.0,0.0,0.0,0.0,0.0,0.0,0.0,0.0,0.0,1.0,0.336734693877551,0.4545454545454545,0.18181818181818182,0.14285714285714285,0.3333333333333333,3,7,0,0,0,0,1,1,0.232,0.0,0.00039157032538852124,1590000.0
10669191,1,0.0,1.0,0.0,0.0,0.0,1.0,0.0,0.0,0.0,0.0,0.0,0.0,0.0,0.0,0.0,0.0,0.0,1.0,0.15714285714285717,0.1818181818181818,0.09090909090909091,0.0,0.05555555555555555,0,5,0,0,0,0,0,1,0.0,0.0,0.000772136332499145,299000.0
10669184,1,0.0,1.0,0.0,0.0,0.0,1.0,0.0,0.0,0.0,0.0,0.0,0.0,0.0,0.0,0.0,0.0,1.0,0.0,0.18571428571428575,0.36363636363636365,0.18181818181818182,0.0,0.1111111111111111,1,2,0,0,0,0,0,1,0.0,0.0,0.0004126619354211582,395000.0
10669189,1,0.0,1.0,0.0,1.0,0.0,0.0,0.0,0.0,0.0,0.0,0.0,0.0,0.0,0.0,0.0,0.0,0.0,1.0,0.23367346938775516,0.1818181818181818,0.18181818181818182,0.07142857142857142,0.1111111111111111,1,2,0,0,0,0,0,1,0.0,0.0,0.0008555857461065347,684000.0
10669192,1,0.0,0.0,1.0,0.0,0.0,0.0,0.0,1.0,0.0,0.0,0.0,0.0,0.0,0.0,1.0,0.0,0.0,0.0,0.6479591836734694,0.8181818181818182,0.9090909090909092,0.7142857142857142,0.5555555555555556,3,3,0,0,0,0,0,0,0.0,0.0,0.0,1500000.0
10669193,0,0.0,0.0,1.0,0.0,0.0,0.0,0.0,0.0,0.0,1.0,0.0,0.0,0.0,0.0,1.0,0.0,0.0,0.0,0.030612244897959183,0.0,0.09090909090909091,0.07142857142857142,0.05555555555555555,3,4,0,0,0,0,0,1,0.0,0.03,0.0,155000.0
10669194,0,0.0,1.0,0.0,1.0,0.0,0.0,0.0,0.0,0.0,0.0,0.0,0.0,0.0,0.0,0.0,0.0,1.0,0.0,0.11224489795918369,0.1818181818181818,0.09090909090909091,0.0,0.05555555555555555,1,2,0,0,0,0,0,1,0.0,0.0,0.0,297000.0
10669190,1,0.0,1.0,0.0,1.0,0.0,0.0,0.0,0.0,0.0,0.0,0.0,0.0,0.0,0.0,0.0,0.0,1.0,0.0,0.0836734693877551,0.09090909090909091,0.09090909090909091,0.0,0.05555555555555555,3,5,0,0,0,0,1,1,0.035,0.0,0.00010820912973265926,347500.0
10669196,0,0.0,1.0,0.0,1.0,0.0,0.0,0.0,0.0,0.0,0.0,0.0,0.0,0.0,0.0,0.0,0.0,0.0,1.0,0.05510204081632653,0.09090909090909091,0.09090909090909091,0.0,0.05555555555555555,1,1,1,0,0,0,0,1,0.0,0.12,0.0,249000.0
10669198,1,0.0,1.0,0.0,1.0,0.0,0.0,0.0,0.0,0.0,0.0,0.0,0.0,0.0,0.0,0.0,0.0,0.0,1.0,0.163265306122449,0.1818181818181818,0.09090909090909091,0.0,0.1111111111111111,3,4,0,0,0,0,0,1,0.0,0.0,0.0002246714981737417,325000.0
10669200,1,0.0,1.0,0.0,0.0,0.0,0.0,1.0,0.0,0.0,0.0,0.0,0.0,0.0,0.0,0.0,0.0,1.0,0.0,0.336734693877551,0.4545454545454545,0.2727272727272727,0.14285714285714285,0.2222222222222222,1,0,0,0,0,0,1,0,0.26,0.0,0.0,599000.0
10669199,1,1.0,0.0,0.0,0.0,1.0,0.0,0.0,0.0,0.0,0.0,0.0,0.0,0.0,0.0,0.0,1.0,0.0,0.0,0.3979591836734694,0.8181818181818182,0.6363636363636364,0.5,0.4444444444444444,3,7,0,0,0,0,0,0,0.0,0.0,0.00011921344801055682,599000.0
10669203,1,0.0,1.0,0.0,0.0,0.0,1.0,0.0,0.0,0.0,0.0,0.0,0.0,0.0,0.0,0.0,0.0,0.0,1.0,0.15816326530612246,0.09090909090909091,0.09090909090909091,0.0,0.05555555555555555,0,4,0,0,0,0,1,1,0.24,0.12,0.000418164094560107,399000.0
10669221,0,0.0,1.0,0.0,1.0,0.0,0.0,0.0,0.0,0.0,0.0,0.0,0.0,0.0,0.0,0.0,0.0,0.0,1.0,0.10204081632653061,0.0,0.09090909090909091,0.0,0.05555555555555555,3,3,0,0,0,0,0,0,0.0,0.0,0.0,225000.0
10669227,0,0.0,1.0,0.0,1.0,0.0,0.0,0.0,0.0,0.0,0.0,0.0,0.0,0.0,0.0,1.0,0.0,0.0,0.0,0.20000000000000004,0.1818181818181818,0.18181818181818182,0.0,0.0,1,2,0,0,0,0,0,1,0.0,0.0,0.0,1125000.0
10669225,1,0.0,0.0,1.0,0.0,0.0,0.0,0.0,1.0,0.0,0.0,0.0,0.0,0.0,0.0,0.0,0.0,0.0,1.0,0.3112244897959184,0.36363636363636365,0.18181818181818182,0.14285714285714285,0.1111111111111111,3,4,0,0,0,0,1,1,0.75,0.0,0.0009812183797791984,315000.0
10669226,0,0.0,1.0,0.0,1.0,0.0,0.0,0.0,0.0,0.0,0.0,0.0,0.0,0.0,0.0,0.0,1.0,0.0,0.0,0.05510204081632653,0.0,0.09090909090909091,0.0,0.0,3,4,0,0,0,0,0,1,0.0,0.09,0.0,315000.0
10669228,1,0.0,0.0,1.0,0.0,0.0,0.0,0.0,1.0,0.0,0.0,0.0,0.0,0.0,0.0,0.0,1.0,0.0,0.0,0.10816326530612247,0.1818181818181818,0.09090909090909091,0.07142857142857142,0.05555555555555555,5,7,0,0,0,0,1,0,0.427,0.0,0.0004997794551211805,124000.0
10669232,0,0.0,1.0,0.0,0.0,0.0,0.0,0.0,0.0,1.0,0.0,0.0,0.0,0.0,0.0,0.0,0.0,0.0,1.0,0.08979591836734696,0.09090909090909091,0.09090909090909091,0.0,0.05555555555555555,3,2,1,0,0,0,0,1,0.0,0.09,0.0,239000.0
10669243,0,0.0,1.0,0.0,1.0,0.0,0.0,0.0,0.0,0.0,0.0,0.0,0.0,0.0,0.0,0.0,0.0,0.0,1.0,0.07346938775510206,0.09090909090909091,0.09090909090909091,0.0,0.05555555555555555,2,1,0,0,0,0,0,1,0.0,0.08,0.0,339000.0
10669238,1,0.0,0.0,1.0,0.0,0.0,0.0,0.0,0.0,0.0,1.0,0.0,0.0,0.0,0.0,0.0,0.0,0.0,1.0,0.1275510204081633,0.1818181818181818,0.09090909090909091,0.0,0.0,0,5,0,0,0,0,0,1,0.0,0.0,0.0007152806880633409,310000.0
10669230,1,0.0,1.0,0.0,0.0,0.0,0.0,1.0,0.0,0.0,0.0,0.0,0.0,0.0,0.0,0.0,0.0,0.0,1.0,0.163265306122449,0.2727272727272727,0.18181818181818182,0.0,0.0,2,3,0,0,0,0,0,1,0.0,0.2,0.00038698519277273057,449500.0
10669329,0,0.0,0.0,1.0,0.0,0.0,0.0,0.0,0.0,0.0,0.0,0.0,1.0,0.0,0.0,0.0,0.0,1.0,0.0,0.0673469387755102,0.09090909090909091,0.0,0.0,0.0,1,0,1,0,0,0,0,1,0.0,0.05,0.0,239000.0
10538235,1,0.0,0.0,1.0,0.0,0.0,0.0,0.0,0.0,0.0,0.0,0.0,1.0,0.0,0.0,0.0,0.0,0.0,1.0,0.17244897959183675,0.2727272727272727,0.09090909090909091,0.0,0.05555555555555555,3,4,0,1,0,0,1,1,0.0,0.0,0.0,370000.0
10669250,0,0.0,1.0,0.0,1.0,0.0,0.0,0.0,0.0,0.0,0.0,0.0,0.0,0.0,0.0,0.0,1.0,0.0,0.0,0.09693877551020408,0.09090909090909091,0.09090909090909091,0.0,0.05555555555555555,0,3,1,0,0,1,0,1,0.0,0.08,0.0,365000.0
10669331,0,0.0,0.0,1.0,0.0,0.0,0.0,0.0,0.0,0.0,0.0,0.0,1.0,0.0,0.0,1.0,0.0,0.0,0.0,0.07551020408163267,0.09090909090909091,0.0,0.0,0.0,1,0,1,0,0,0,0,1,0.0,0.05,0.0,275000.0
10669330,0,0.0,0.0,1.0,0.0,0.0,0.0,0.0,0.0,0.0,0.0,0.0,1.0,0.0,0.0,0.0,0.0,1.0,0.0,0.07551020408163267,0.09090909090909091,0.0,0.0,0.0,1,0,1,0,0,0,0,1,0.0,0.07,0.0,260000.0
10669408,0,0.0,0.0,1.0,0.0,0.0,0.0,0.0,0.0,0.0,0.0,0.0,1.0,0.0,0.0,0.0,0.0,1.0,0.0,0.07142857142857142,0.09090909090909091,0.0,0.0,0.0,1,0,1,0,0,0,0,1,0.0,0.07,0.0,249000.0
10669409,0,0.0,0.0,1.0,0.0,0.0,0.0,0.0,0.0,0.0,0.0,0.0,1.0,0.0,0.0,0.0,0.0,1.0,0.0,0.05408163265306123,0.0,0.0,0.0,0.0,1,0,1,0,0,0,0,1,0.0,0.1,0.0,213000.0
10669410,1,0.0,1.0,0.0,0.0,0.0,0.0,1.0,0.0,0.0,0.0,0.0,0.0,0.0,0.0,0.0,0.0,0.0,1.0,0.10204081632653061,0.1818181818181818,0.09090909090909091,0.0,0.05555555555555555,1,6,0,0,0,0,1,1,0.25,0.3,0.0007336212185265035,380000.0
10669412,1,0.0,1.0,0.0,1.0,0.0,0.0,0.0,0.0,0.0,0.0,0.0,0.0,0.0,0.0,0.0,0.0,1.0,0.0,0.1142857142857143,0.1818181818181818,0.09090909090909091,0.07142857142857142,0.05555555555555555,0,6,0,0,0,0,1,1,0.1,0.08,0.00015589450893688199,215000.0
10669411,1,0.0,1.0,0.0,0.0,0.0,0.0,1.0,0.0,0.0,0.0,0.0,0.0,0.0,0.0,0.0,0.0,0.0,1.0,0.23469387755102042,0.36363636363636365,0.18181818181818182,0.07142857142857142,0.16666666666666666,1,4,0,0,0,0,1,1,0.728,0.25,0.0007501276959433498,849000.0
10407272,1,0.0,0.0,1.0,0.0,0.0,0.0,0.0,0.0,0.0,1.0,0.0,0.0,0.0,0.0,0.0,0.0,0.0,1.0,0.15000000000000002,0.2727272727272727,0.18181818181818182,0.14285714285714285,0.16666666666666666,3,4,0,0,0,0,0,1,0.0,0.12,0.00011462831539476617,229000.0
10669418,0,1.0,0.0,0.0,0.0,1.0,0.0,0.0,0.0,0.0,0.0,0.0,0.0,0.0,0.0,0.0,1.0,0.0,0.0,0.07142857142857142,0.09090909090909091,0.09090909090909091,0.0,0.05555555555555555,3,4,1,0,0,0,0,1,0.0,0.07,0.0,225000.0
10669417,1,0.0,0.0,1.0,0.0,0.0,0.0,0.0,0.0,0.0,0.0,0.0,0.0,1.0,0.0,0.0,0.0,1.0,0.0,0.22959183673469388,0.2727272727272727,0.18181818181818182,0.07142857142857142,0.16666666666666666,3,4,1,0,0,0,1,1,0.936,0.2,0.000858336825676009,495000.0
10669420,1,0.0,1.0,0.0,0.0,0.0,1.0,0.0,0.0,0.0,0.0,0.0,0.0,0.0,0.0,0.0,0.0,1.0,0.0,0.17040816326530614,0.1818181818181818,0.09090909090909091,0.0,0.0,4,6,0,0,0,0,0,0,0.0,0.0,0.0005236221447232919,339000.0
10669421,0,0.0,1.0,0.0,0.0,0.0,1.0,0.0,0.0,0.0,0.0,0.0,0.0,0.0,0.0,0.0,0.0,0.0,1.0,0.1979591836734694,0.09090909090909091,0.18181818181818182,0.0,0.0,1,2,1,0,0,0,0,1,0.0,1.0,0.0,1595000.0
10669422,0,0.0,1.0,0.0,0.0,0.0,0.0,1.0,0.0,0.0,0.0,0.0,0.0,0.0,0.0,0.0,0.0,0.0,1.0,0.07857142857142857,0.09090909090909091,0.09090909090909091,0.0,0.1111111111111111,1,3,0,0,0,0,0,1,0.0,0.0,0.0,269000.0
10669423,1,0.0,1.0,0.0,0.0,0.0,0.0,1.0,0.0,0.0,0.0,0.0,0.0,0.0,0.0,0.0,0.0,0.0,1.0,0.19387755102040818,0.36363636363636365,0.09090909090909091,0.0,0.1111111111111111,3,3,0,0,0,0,0,1,0.0,0.0,0.0013058457689771761,535000.0
10669424,1,0.0,1.0,0.0,0.0,0.0,0.0,1.0,0.0,0.0,0.0,0.0,0.0,0.0,0.0,0.0,0.0,0.0,1.0,0.21836734693877555,0.1818181818181818,0.09090909090909091,0.0,0.1111111111111111,1,6,0,0,0,0,0,1,0.0,0.0,0.000687769892368597,485000.0
10669430,1,0.0,1.0,0.0,0.0,0.0,1.0,0.0,0.0,0.0,0.0,0.0,0.0,0.0,0.0,0.0,1.0,0.0,0.0,0.09897959183673471,0.1818181818181818,0.09090909090909091,0.07142857142857142,0.05555555555555555,5,6,0,0,0,0,1,1,0.055,0.25,0.00015589450893688199,220000.0
10669432,0,0.0,1.0,0.0,0.0,0.0,0.0,1.0,0.0,0.0,0.0,0.0,0.0,0.0,0.0,0.0,0.0,1.0,0.0,0.0836734693877551,0.09090909090909091,0.09090909090909091,0.0,0.05555555555555555,3,2,0,0,0,0,0,1,0.0,0.45,0.0,319000.0
10669434,0,0.0,1.0,0.0,1.0,0.0,0.0,0.0,0.0,0.0,0.0,0.0,0.0,0.0,0.0,0.0,0.0,1.0,0.0,0.059183673469387764,0.09090909090909091,0.09090909090909091,0.0,0.05555555555555555,3,3,0,0,0,0,0,1,0.0,0.03,0.0,235000.0
10669435,1,0.0,0.0,1.0,0.0,0.0,0.0,0.0,0.0,0.0,0.0,0.0,1.0,0.0,0.0,0.0,0.0,0.0,1.0,0.11836734693877551,0.1818181818181818,0.09090909090909091,0.0,0.1111111111111111,0,2,0,0,0,0,0,1,0.0,0.0,0.0019074151681689091,339000.0
10669438,1,0.0,1.0,0.0,0.0,0.0,1.0,0.0,0.0,0.0,0.0,0.0,0.0,0.0,0.0,0.0,0.0,0.0,1.0,0.12244897959183676,0.1818181818181818,0.09090909090909091,0.0,0.0,3,4,0,0,0,0,0,1,0.0,0.0,0.0004447578637316927,319000.0
10669444,0,1.0,0.0,0.0,0.0,1.0,0.0,0.0,0.0,0.0,0.0,0.0,0.0,0.0,0.0,0.0,0.0,0.0,1.0,0.0816326530612245,0.09090909090909091,0.09090909090909091,0.0,0.05555555555555555,5,5,1,0,0,0,0,1,0.0,0.12,0.0,395000.0
10669443,1,0.0,0.0,1.0,0.0,0.0,0.0,0.0,0.0,0.0,0.0,0.0,0.0,1.0,0.0,0.0,0.0,0.0,1.0,0.10204081632653061,0.09090909090909091,0.18181818181818182,0.07142857142857142,0.1111111111111111,3,7,0,0,0,0,1,1,0.53,0.0,0.0004860240572738086,475000.0
10669440,1,0.0,0.0,1.0,0.0,0.0,0.0,0.0,0.0,0.0,1.0,0.0,0.0,0.0,0.0,0.0,0.0,1.0,0.0,0.0979591836734694,0.1818181818181818,0.09090909090909091,0.07142857142857142,0.1111111111111111,4,3,0,0,0,0,1,1,0.5670000000000001,0.21,0.0005731415769738308,275000.0
10669439,1,0.0,1.0,0.0,0.0,0.0,1.0,0.0,0.0,0.0,0.0,0.0,0.0,0.0,0.0,0.0,1.0,0.0,0.0,0.19183673469387758,0.2727272727272727,0.09090909090909091,0.0,0.1111111111111111,1,3,0,0,0,0,0,1,0.0,0.3,0.000765717146837038,658000.0
10669445,1,0.0,1.0,0.0,0.0,0.0,1.0,0.0,0.0,0.0,0.0,0.0,0.0,0.0,0.0,1.0,0.0,0.0,0.0,0.2989795918367347,0.09090909090909091,0.09090909090909091,0.0,0.0,5,0,0,0,0,0,0,1,0.0,0.0,0.00011737939496424056,930000.0
10669448,0,0.0,1.0,0.0,0.0,0.0,0.0,1.0,0.0,0.0,0.0,0.0,0.0,0.0,0.0,0.0,0.0,1.0,0.0,0.06224489795918368,0.09090909090909091,0.09090909090909091,0.07142857142857142,0.05555555555555555,3,2,0,0,0,0,0,0,0.0,0.0,0.0,245000.0
10669447,1,1.0,0.0,0.0,0.0,1.0,0.0,0.0,0.0,0.0,0.0,0.0,0.0,0.0,0.0,0.0,1.0,0.0,0.0,0.3877551020408163,0.5454545454545454,0.4545454545454546,0.3571428571428571,0.4444444444444444,1,3,0,0,0,0,1,1,0.025,0.08,9.261967883897107e-05,1050000.0
10669449,0,0.0,1.0,0.0,0.0,0.0,0.0,1.0,0.0,0.0,0.0,0.0,0.0,0.0,0.0,0.0,0.0,1.0,0.0,0.06224489795918368,0.09090909090909091,0.09090909090909091,0.07142857142857142,0.0,3,2,0,0,0,0,0,0,0.0,0.0,0.0,245000.0
10669446,0,1.0,0.0,0.0,0.0,1.0,0.0,0.0,0.0,0.0,0.0,0.0,0.0,0.0,0.0,0.0,1.0,0.0,0.0,0.10612244897959186,0.09090909090909091,0.18181818181818182,0.14285714285714285,0.16666666666666666,1,4,0,0,0,0,1,0,0.025,0.0,0.0,450000.0
10669451,1,0.0,1.0,0.0,0.0,0.0,0.0,1.0,0.0,0.0,0.0,0.0,0.0,0.0,0.0,0.0,0.0,0.0,1.0,0.30714285714285716,0.2727272727272727,0.2727272727272727,0.14285714285714285,0.16666666666666666,2,2,0,0,0,0,0,1,0.0,0.0,0.00040074059062010254,715000.0
10669450,0,0.0,1.0,0.0,0.0,0.0,0.0,1.0,0.0,0.0,0.0,0.0,0.0,0.0,0.0,0.0,0.0,1.0,0.0,0.07142857142857142,0.09090909090909091,0.09090909090909091,0.07142857142857142,0.05555555555555555,1,2,0,0,0,0,0,0,0.0,0.0,0.0,259000.0
10669454,1,0.0,0.0,1.0,0.0,0.0,0.0,0.0,0.0,0.0,0.0,1.0,0.0,0.0,0.0,0.0,0.0,1.0,0.0,0.11734693877551022,0.1818181818181818,0.09090909090909091,0.07142857142857142,0.1111111111111111,3,5,0,0,0,0,1,1,0.3,0.51,0.0002659376917158575,389000.0
10669452,1,0.0,1.0,0.0,0.0,0.0,1.0,0.0,0.0,0.0,0.0,0.0,0.0,0.0,0.0,0.0,0.0,0.0,1.0,0.19897959183673472,0.2727272727272727,0.18181818181818182,0.14285714285714285,0.1111111111111111,3,4,0,0,0,0,0,1,0.0,0.0,0.0008014811812402051,409000.0
10669456,1,0.0,0.0,1.0,0.0,0.0,0.0,0.0,0.0,0.0,0.0,1.0,0.0,0.0,0.0,0.0,0.0,1.0,0.0,0.11734693877551022,0.1818181818181818,0.09090909090909091,0.07142857142857142,0.1111111111111111,3,5,0,0,0,0,1,1,0.3,0.51,0.0002659376917158575,389000.0
10669458,1,0.0,1.0,0.0,0.0,0.0,0.0,1.0,0.0,0.0,0.0,0.0,0.0,0.0,0.0,0.0,0.0,1.0,0.0,0.1479591836734694,0.0,0.09090909090909091,0.0,0.05555555555555555,6,6,0,0,0,0,0,0,0.0,0.0,0.0001283837132421381,239000.0
10669460,0,0.0,1.0,0.0,0.0,0.0,0.0,1.0,0.0,0.0,0.0,0.0,0.0,0.0,0.0,0.0,0.0,1.0,0.0,0.07142857142857142,0.09090909090909091,0.09090909090909091,0.0,0.0,3,2,1,0,0,0,0,1,0.0,0.0,0.0,239000.0
10669459,0,0.0,1.0,0.0,0.0,0.0,0.0,1.0,0.0,0.0,0.0,0.0,0.0,0.0,0.0,0.0,0.0,1.0,0.0,0.09693877551020408,0.1818181818181818,0.09090909090909091,0.0,0.05555555555555555,1,1,0,0,0,0,0,1,0.0,0.06,0.0,399500.0
10669461,0,1.0,0.0,0.0,0.0,1.0,0.0,0.0,0.0,0.0,0.0,0.0,0.0,0.0,0.0,0.0,0.0,0.0,1.0,0.1326530612244898,0.1818181818181818,0.18181818181818182,0.0,0.1111111111111111,1,0,1,0,0,0,0,1,0.0,0.18,0.0,595000.0
10669463,1,0.0,1.0,0.0,0.0,0.0,0.0,1.0,0.0,0.0,0.0,0.0,0.0,0.0,0.0,0.0,0.0,1.0,0.0,0.2448979591836735,0.36363636363636365,0.18181818181818182,0.0,0.1111111111111111,4,6,0,1,0,0,1,1,0.0,0.3,0.00040807680280536754,279000.0
10669469,1,0.0,0.0,1.0,0.0,0.0,0.0,0.0,1.0,0.0,0.0,0.0,0.0,0.0,0.0,0.0,1.0,0.0,0.0,0.16836734693877553,0.1818181818181818,0.09090909090909091,0.0,0.0,3,5,0,0,0,0,0,1,0.0,0.0,0.0,265000.0
10669477,0,1.0,0.0,0.0,0.0,1.0,0.0,0.0,0.0,0.0,0.0,0.0,0.0,0.0,0.0,0.0,1.0,0.0,0.0,0.051020408163265314,0.0,0.09090909090909091,0.0,0.05555555555555555,3,0,0,0,0,0,0,1,0.0,0.07,0.0,285000.0
10669481,1,0.0,0.0,1.0,0.0,0.0,0.0,0.0,1.0,0.0,0.0,0.0,0.0,0.0,0.0,1.0,0.0,0.0,0.0,0.05000000000000001,0.0,0.09090909090909091,0.07142857142857142,0.05555555555555555,3,5,0,0,0,0,0,1,0.0,0.0,0.0,160000.0
10669485,1,0.0,0.0,1.0,0.0,0.0,0.0,0.0,1.0,0.0,0.0,0.0,0.0,0.0,0.0,0.0,1.0,0.0,0.0,0.30612244897959184,0.2727272727272727,0.2727272727272727,0.2857142857142857,0.16666666666666666,1,5,0,0,1,0,0,1,0.0,0.0,0.0016506477416846329,445000.0
10669483,0,1.0,0.0,0.0,0.0,1.0,0.0,0.0,0.0,0.0,0.0,0.0,0.0,0.0,0.0,0.0,1.0,0.0,0.0,0.15816326530612246,0.2727272727272727,0.18181818181818182,0.14285714285714285,0.1111111111111111,1,0,0,0,0,0,0,0,0.0,0.0,0.0,425000.0
10669482,1,0.0,0.0,1.0,0.0,0.0,0.0,0.0,1.0,0.0,0.0,0.0,0.0,0.0,0.0,0.0,1.0,0.0,0.0,0.1602040816326531,0.1818181818181818,0.09090909090909091,0.07142857142857142,0.1111111111111111,5,3,0,0,0,0,1,1,1.0,0.35000000000000003,0.0010087291754739423,345000.0
10669493,1,0.0,0.0,1.0,0.0,0.0,0.0,0.0,1.0,0.0,0.0,0.0,0.0,0.0,0.0,1.0,0.0,0.0,0.0,0.2857142857142857,0.4545454545454545,0.2727272727272727,0.21428571428571427,0.16666666666666666,4,5,0,0,0,0,1,0,0.123,0.0,0.00011279426234844991,329999.0
10669486,0,0.0,0.0,1.0,0.0,0.0,0.0,0.0,0.0,0.0,1.0,0.0,0.0,0.0,0.0,1.0,0.0,0.0,0.0,0.02142857142857143,0.0,0.09090909090909091,0.0,0.05555555555555555,3,5,1,0,0,0,0,1,0.0,0.18,0.0,179000.0
10669494,0,0.0,0.0,1.0,0.0,0.0,0.0,0.0,1.0,0.0,0.0,0.0,0.0,0.0,0.0,1.0,0.0,0.0,0.0,0.09183673469387757,0.09090909090909091,0.09090909090909091,0.07142857142857142,0.05555555555555555,3,5,1,0,0,0,0,1,0.0,0.34,0.0,189000.0
10669505,1,0.0,0.0,1.0,0.0,0.0,0.0,0.0,0.0,0.0,0.0,0.0,0.0,1.0,0.0,0.0,0.0,1.0,0.0,0.16836734693877553,0.2727272727272727,0.0,0.21428571428571427,0.1111111111111111,3,4,0,0,0,0,1,1,0.526,0.3,0.0006859358393222808,435000.0
10669499,0,0.0,0.0,1.0,0.0,0.0,0.0,0.0,1.0,0.0,0.0,0.0,0.0,0.0,0.0,0.0,0.0,0.0,1.0,0.04081632653061225,0.09090909090909091,0.09090909090909091,0.07142857142857142,0.05555555555555555,3,5,0,0,0,0,0,1,0.0,0.33,0.0,155000.0
10669498,0,0.0,0.0,1.0,0.0,0.0,0.0,0.0,1.0,0.0,0.0,0.0,0.0,0.0,0.0,0.0,0.0,0.0,1.0,0.06428571428571428,0.09090909090909091,0.09090909090909091,0.07142857142857142,0.1111111111111111,3,3,0,0,0,0,0,0,0.0,0.0,0.0,155000.0
10669507,1,1.0,0.0,0.0,0.0,1.0,0.0,0.0,0.0,0.0,0.0,0.0,0.0,0.0,0.0,0.0,1.0,0.0,0.0,0.3877551020408163,0.4545454545454545,0.18181818181818182,0.07142857142857142,0.16666666666666666,1,4,0,0,0,0,1,1,0.29,0.4,0.000999558910242361,960000.0
10669506,1,1.0,0.0,0.0,0.0,1.0,0.0,0.0,0.0,0.0,0.0,0.0,0.0,0.0,0.0,0.0,1.0,0.0,0.0,0.15306122448979595,0.2727272727272727,0.18181818181818182,0.07142857142857142,0.1111111111111111,4,6,0,0,0,0,1,1,0.14,0.1,0.00019257556986320717,399000.0
10669508,1,1.0,0.0,0.0,0.0,1.0,0.0,0.0,0.0,0.0,0.0,0.0,0.0,0.0,0.0,1.0,0.0,0.0,0.0,0.3877551020408163,0.4545454545454545,0.18181818181818182,0.07142857142857142,0.16666666666666666,1,4,0,0,0,0,1,1,0.29,0.4,0.000999558910242361,960000.0
10669509,1,0.0,1.0,0.0,0.0,0.0,0.0,0.0,0.0,0.0,0.0,0.0,0.0,0.0,1.0,0.0,0.0,1.0,0.0,0.2857142857142857,0.2727272727272727,0.18181818181818182,0.0,0.0,1,1,0,0,1,0,1,1,0.63,0.5,0.0008060663138559957,2195000.0
10669519,1,0.0,0.0,1.0,0.0,0.0,0.0,0.0,0.0,0.0,1.0,0.0,0.0,0.0,0.0,0.0,1.0,0.0,0.0,0.05612244897959184,0.09090909090909091,0.09090909090909091,0.07142857142857142,0.05555555555555555,3,6,0,0,0,0,0,0,0.0,0.0,3.301295483369266e-05,105000.0
10669518,1,0.0,0.0,1.0,0.0,0.0,0.0,0.0,0.0,0.0,1.0,0.0,0.0,0.0,0.0,0.0,1.0,0.0,0.0,0.04081632653061225,0.0,0.09090909090909091,0.07142857142857142,0.1111111111111111,3,5,0,0,0,0,0,0,0.0,0.0,6.419185662106905e-05,129000.0
10669520,1,0.0,0.0,1.0,0.0,0.0,0.0,0.0,0.0,0.0,1.0,0.0,0.0,0.0,0.0,0.0,0.0,1.0,0.0,0.10918367346938776,0.2727272727272727,0.09090909090909091,0.07142857142857142,0.05555555555555555,4,5,0,0,0,0,1,1,0.025,0.1,8.43664401305479e-05,169900.0
10669515,1,0.0,0.0,1.0,0.0,0.0,0.0,0.0,1.0,0.0,0.0,0.0,0.0,0.0,0.0,0.0,0.0,0.0,1.0,0.3040816326530612,0.2727272727272727,0.18181818181818182,0.07142857142857142,0.1111111111111111,3,0,0,0,0,0,1,1,0.043000000000000003,0.2,0.0001999117820484722,295000.0
10669521,1,0.0,1.0,0.0,0.0,0.0,1.0,0.0,0.0,0.0,0.0,0.0,0.0,0.0,0.0,0.0,0.0,0.0,1.0,0.41836734693877553,0.36363636363636365,0.18181818181818182,0.0,0.1111111111111111,3,3,0,0,0,0,1,1,1.0,1.0,0.001467242437053007,999000.0
10669524,1,0.0,1.0,0.0,0.0,0.0,1.0,0.0,0.0,0.0,0.0,0.0,0.0,0.0,0.0,0.0,0.0,0.0,1.0,0.41836734693877553,0.36363636363636365,0.18181818181818182,0.0,0.1111111111111111,3,3,0,0,0,0,1,1,1.0,1.0,0.001467242437053007,999000.0
10669522,1,0.0,1.0,0.0,0.0,0.0,1.0,0.0,0.0,0.0,0.0,0.0,0.0,0.0,0.0,0.0,0.0,0.0,1.0,0.41836734693877553,0.36363636363636365,0.18181818181818182,0.0,0.1111111111111111,3,3,0,0,0,0,1,1,1.0,1.0,0.001467242437053007,999000.0
10669546,1,0.0,1.0,0.0,1.0,0.0,0.0,0.0,0.0,0.0,0.0,0.0,0.0,0.0,0.0,0.0,0.0,1.0,0.0,0.1142857142857143,0.1818181818181818,0.09090909090909091,0.0,0.0,1,2,0,0,0,0,0,0,0.0,0.0,8.253238708423164e-05,275000.0
10669544,1,0.0,0.0,1.0,0.0,0.0,0.0,0.0,0.0,0.0,0.0,0.0,0.0,1.0,0.0,0.0,0.0,0.0,1.0,0.163265306122449,0.36363636363636365,0.18181818181818182,0.0,0.16666666666666666,3,5,0,0,0,0,0,1,0.0,0.0,0.0,429000.0
10669545,1,0.0,1.0,0.0,1.0,0.0,0.0,0.0,0.0,0.0,0.0,0.0,0.0,0.0,0.0,0.0,0.0,1.0,0.0,0.11734693877551022,0.2727272727272727,0.09090909090909091,0.0,0.05555555555555555,4,0,0,0,0,0,0,1,0.0,0.0,0.00010362399711686861,209000.0
10669550,0,0.0,1.0,0.0,0.0,0.0,0.0,0.0,0.0,0.0,0.0,0.0,0.0,0.0,1.0,0.0,0.0,1.0,0.0,0.11734693877551022,0.1818181818181818,0.0,0.0,0.0,0,6,0,0,0,0,0,0,0.0,0.0,0.0,225000.0
10669549,1,0.0,1.0,0.0,0.0,0.0,0.0,0.0,0.0,0.0,0.0,0.0,0.0,0.0,1.0,0.0,0.0,1.0,0.0,0.46938775510204084,0.36363636363636365,0.18181818181818182,0.0,0.05555555555555555,4,5,0,0,0,0,0,1,0.0,0.0,0.0006584250436275368,799000.0
10669553,0,0.0,0.0,1.0,0.0,0.0,0.0,0.0,1.0,0.0,0.0,0.0,0.0,0.0,0.0,0.0,0.0,1.0,0.0,0.0979591836734694,0.09090909090909091,0.09090909090909091,0.0,0.0,3,4,0,0,0,0,0,0,0.0,0.0,0.0,159000.0
10669552,0,0.0,0.0,1.0,0.0,0.0,0.0,0.0,0.0,0.0,0.0,0.0,1.0,0.0,0.0,0.0,1.0,0.0,0.0,0.0816326530612245,0.09090909090909091,0.09090909090909091,0.0,0.05555555555555555,3,5,0,0,0,0,0,0,0.0,0.0,0.0,170000.0
10669555,1,0.0,1.0,0.0,0.0,0.0,0.0,0.0,0.0,0.0,0.0,0.0,0.0,0.0,1.0,0.0,0.0,0.0,1.0,0.15918367346938778,0.2727272727272727,0.0,0.0,0.05555555555555555,3,5,0,0,0,1,0,1,0.0,0.0,0.0008730092500465391,330000.0
10669560,1,0.0,1.0,0.0,1.0,0.0,0.0,0.0,0.0,0.0,0.0,0.0,0.0,0.0,0.0,0.0,0.0,0.0,1.0,0.29183673469387755,0.2727272727272727,0.2727272727272727,0.0,0.0,1,3,0,1,1,0,1,1,0.0,0.0,0.0010609996872939557,1845000.0
10669562,1,0.0,0.0,1.0,0.0,0.0,0.0,0.0,1.0,0.0,0.0,0.0,0.0,0.0,0.0,0.0,0.0,1.0,0.0,0.07346938775510206,0.09090909090909091,0.0,0.07142857142857142,0.05555555555555555,0,7,0,0,0,0,1,1,0.03,0.15,0.00019257556986320717,65000.0
10669568,0,0.0,0.0,1.0,0.0,0.0,0.0,0.0,0.0,0.0,0.0,0.0,1.0,0.0,0.0,0.0,0.0,1.0,0.0,0.030612244897959183,0.0,0.0,0.07142857142857142,0.05555555555555555,6,4,1,0,0,0,0,0,0.0,0.0,0.0,120000.0
10669563,0,0.0,0.0,1.0,0.0,0.0,0.0,0.0,0.0,0.0,0.0,0.0,1.0,0.0,0.0,0.0,0.0,0.0,1.0,0.04591836734693878,0.09090909090909091,0.0,0.07142857142857142,0.05555555555555555,3,2,0,0,0,1,0,0,0.0,0.0,0.0,140000.0
10669569,1,0.0,0.0,1.0,0.0,0.0,0.0,0.0,0.0,0.0,0.0,0.0,1.0,0.0,0.0,0.0,0.0,0.0,1.0,0.12244897959183676,0.1818181818181818,0.0,0.07142857142857142,0.1111111111111111,5,7,0,1,0,0,1,0,0.05,0.0,9.170265231581294e-05,150000.0
10669571,1,0.0,0.0,1.0,0.0,0.0,0.0,0.0,0.0,0.0,0.0,0.0,1.0,0.0,0.0,0.0,0.0,0.0,1.0,0.15306122448979595,0.1818181818181818,0.09090909090909091,0.07142857142857142,0.1111111111111111,3,6,0,1,0,0,1,1,0.5660000000000001,0.86,0.0005190370121075012,275000.0
10669573,1,0.0,0.0,1.0,0.0,0.0,0.0,0.0,0.0,0.0,0.0,0.0,1.0,0.0,0.0,0.0,0.0,0.0,1.0,0.11224489795918369,0.09090909090909091,0.09090909090909091,0.0,0.05555555555555555,3,6,0,0,0,0,1,1,0.13,0.15,0.00011921344801055682,149000.0
10669576,1,0.0,0.0,1.0,0.0,0.0,0.0,0.0,0.0,0.0,0.0,0.0,1.0,0.0,0.0,0.0,0.0,0.0,1.0,0.1785714285714286,0.2727272727272727,0.09090909090909091,0.0,0.1111111111111111,3,4,0,0,0,0,1,1,0.686,0.15,0.0006290801948864767,299000.0
10669572,1,0.0,0.0,1.0,0.0,0.0,0.0,0.0,0.0,0.0,0.0,0.0,1.0,0.0,0.0,0.0,0.0,1.0,0.0,0.12653061224489798,0.2727272727272727,0.09090909090909091,0.0,0.05555555555555555,5,5,0,1,0,0,1,1,0.65,0.18,0.0005960672400527841,149000.0
10669575,1,0.0,0.0,1.0,0.0,0.0,0.0,0.0,0.0,0.0,0.0,0.0,1.0,0.0,0.0,0.0,0.0,0.0,1.0,0.025510204081632654,0.0,0.09090909090909091,0.0,0.05555555555555555,5,0,0,0,0,0,1,0,0.203,0.0,0.00018615638420110025,35000.0
10669577,1,0.0,0.0,1.0,0.0,0.0,0.0,0.0,0.0,0.0,0.0,0.0,1.0,0.0,0.0,0.0,0.0,0.0,1.0,0.06122448979591837,0.1818181818181818,0.0,0.07142857142857142,0.05555555555555555,3,5,0,0,0,0,1,1,0.6,1.0,0.0005502159138948776,179000.0
10669580,1,0.0,0.0,1.0,0.0,0.0,0.0,0.0,0.0,0.0,0.0,0.0,1.0,0.0,0.0,0.0,0.0,0.0,1.0,0.5510204081632654,0.36363636363636365,0.2727272727272727,0.0,0.2222222222222222,3,3,0,0,0,0,0,1,0.0,0.0,0.0002751079569474388,299000.0
10669582,1,0.0,0.0,1.0,0.0,0.0,0.0,0.0,0.0,0.0,0.0,0.0,1.0,0.0,0.0,0.0,0.0,0.0,1.0,0.012244897959183675,0.09090909090909091,0.0,0.0,0.05555555555555555,6,0,0,0,1,0,1,1,0.2,0.12,0.00018340530463162587,49000.0
10669581,1,0.0,0.0,1.0,0.0,0.0,0.0,0.0,0.0,0.0,0.0,0.0,1.0,0.0,0.0,0.0,0.0,0.0,1.0,0.163265306122449,0.36363636363636365,0.09090909090909091,0.0,0.1111111111111111,3,4,0,0,0,0,1,1,1.0,0.0,0.007703022794528286,325000.0
10669588,0,0.0,0.0,1.0,0.0,0.0,0.0,0.0,0.0,0.0,0.0,0.0,1.0,0.0,0.0,0.0,0.0,1.0,0.0,0.06632653061224492,0.09090909090909091,0.09090909090909091,0.0,0.05555555555555555,3,3,0,0,0,0,0,0,0.0,0.0,0.0,155000.0
10669583,1,0.0,0.0,1.0,0.0,0.0,0.0,0.0,0.0,0.0,0.0,0.0,1.0,0.0,0.0,0.0,0.0,1.0,0.0,0.43367346938775514,0.1818181818181818,0.2727272727272727,0.0,0.2222222222222222,3,3,0,0,0,0,1,1,0.245,0.55,0.0002246714981737417,420000.0
10669586,1,0.0,0.0,1.0,0.0,0.0,0.0,0.0,0.0,0.0,0.0,0.0,1.0,0.0,0.0,0.0,0.0,0.0,1.0,0.6020408163265306,0.4545454545454545,0.4545454545454546,0.0,0.5555555555555556,3,2,0,0,0,0,1,1,1.0,0.6,0.0027969308956322944,620000.0
10669585,1,0.0,0.0,1.0,0.0,0.0,0.0,0.0,0.0,0.0,0.0,0.0,1.0,0.0,0.0,0.0,0.0,1.0,0.0,0.4642857142857143,0.2727272727272727,0.09090909090909091,0.0,0.1111111111111111,6,4,0,0,0,0,0,0,0.0,0.0,0.00012379858062634745,345000.0
10669589,0,1.0,0.0,0.0,0.0,1.0,0.0,0.0,0.0,0.0,0.0,0.0,0.0,0.0,0.0,0.0,1.0,0.0,0.0,0.14285714285714288,0.09090909090909091,0.18181818181818182,0.0,0.1111111111111111,0,0,0,0,0,0,1,1,0.18,0.15,0.0,625000.0
10669591,1,0.0,0.0,1.0,0.0,0.0,0.0,0.0,0.0,0.0,0.0,0.0,1.0,0.0,0.0,0.0,0.0,0.0,1.0,0.05612244897959184,0.09090909090909091,0.09090909090909091,0.0,0.05555555555555555,3,7,0,1,0,1,1,1,0.8,0.23,0.0006721804414749088,160000.0
10669592,1,0.0,0.0,1.0,0.0,0.0,0.0,0.0,0.0,0.0,0.0,0.0,1.0,0.0,0.0,0.0,0.0,0.0,1.0,0.22448979591836737,0.36363636363636365,0.09090909090909091,0.0,0.05555555555555555,6,4,0,0,0,0,1,1,1.0,0.0,0.0010472442894465838,160000.0
10669594,1,0.0,0.0,1.0,0.0,0.0,0.0,0.0,0.0,0.0,0.0,0.0,1.0,0.0,0.0,0.0,0.0,1.0,0.0,0.051020408163265314,0.09090909090909091,0.09090909090909091,0.0,0.05555555555555555,3,4,0,0,0,0,1,1,0.136,0.25,0.0001247156071495056,135000.0
10669593,0,0.0,0.0,1.0,0.0,0.0,0.0,0.0,0.0,0.0,0.0,0.0,1.0,0.0,0.0,0.0,0.0,0.0,1.0,0.04591836734693878,0.09090909090909091,0.0,0.07142857142857142,0.05555555555555555,5,0,0,0,0,0,0,0,0.0,0.0,0.0,85000.0
10538539,1,0.0,1.0,0.0,1.0,0.0,0.0,0.0,0.0,0.0,0.0,0.0,0.0,0.0,0.0,0.0,0.0,0.0,1.0,0.15918367346938778,0.09090909090909091,0.09090909090909091,0.07142857142857142,0.05555555555555555,5,0,0,0,0,0,1,1,0.46,0.2,0.0005859799482980446,289000.0
10669631,1,0.0,1.0,0.0,1.0,0.0,0.0,0.0,0.0,0.0,0.0,0.0,0.0,0.0,0.0,0.0,0.0,0.0,1.0,0.20000000000000004,0.1818181818181818,0.09090909090909091,0.0,0.0,3,2,0,0,0,0,0,0,0.0,0.0,0.000659342070150695,379000.0
10669632,0,1.0,0.0,0.0,0.0,1.0,0.0,0.0,0.0,0.0,0.0,0.0,0.0,0.0,0.0,0.0,0.0,0.0,1.0,0.04081632653061225,0.0,0.09090909090909091,0.0,0.0,1,0,0,0,0,0,1,0,0.03,0.0,0.0,270000.0
10669634,1,0.0,0.0,1.0,0.0,0.0,0.0,0.0,0.0,0.0,1.0,0.0,0.0,0.0,0.0,0.0,0.0,0.0,1.0,0.1326530612244898,0.1818181818181818,0.0,0.0,0.0,0,0,0,0,0,0,1,0,0.0,0.0,0.0017826995610194035,399127.0
10669654,0,0.0,1.0,0.0,1.0,0.0,0.0,0.0,0.0,0.0,0.0,0.0,0.0,0.0,0.0,0.0,0.0,1.0,0.0,0.07142857142857142,0.09090909090909091,0.09090909090909091,0.0,0.0,1,2,1,0,0,0,1,1,0.06,0.2,0.0,289000.0
10669661,1,0.0,0.0,1.0,0.0,0.0,0.0,0.0,1.0,0.0,0.0,0.0,0.0,0.0,0.0,0.0,1.0,0.0,0.0,0.17346938775510207,0.36363636363636365,0.2727272727272727,0.0,0.1111111111111111,3,4,0,1,0,0,0,0,0.0,0.0,0.0,159000.0
10669663,1,0.0,1.0,0.0,0.0,0.0,0.0,0.0,0.0,1.0,0.0,0.0,0.0,0.0,0.0,0.0,0.0,0.0,1.0,0.12653061224489798,0.1818181818181818,0.09090909090909091,0.0,0.1111111111111111,0,0,0,0,0,0,0,0,0.0,0.0,0.0004291684128380045,351774.0
10669651,1,0.0,1.0,0.0,0.0,0.0,0.0,1.0,0.0,0.0,0.0,0.0,0.0,0.0,0.0,0.0,0.0,0.0,1.0,0.2530612244897959,0.36363636363636365,0.18181818181818182,0.0,0.0,3,0,0,0,0,0,0,0,0.0,0.0,0.0001338858723810869,360000.0
10669664,1,0.0,1.0,0.0,1.0,0.0,0.0,0.0,0.0,0.0,0.0,0.0,0.0,0.0,0.0,0.0,0.0,0.0,1.0,0.21734693877551023,0.1818181818181818,0.09090909090909091,0.0,0.1111111111111111,1,0,0,0,0,0,0,0,0.0,0.0,0.0003182082035358709,330000.0
10669670,1,0.0,0.0,1.0,0.0,0.0,0.0,0.0,0.0,0.0,1.0,0.0,0.0,0.0,0.0,0.0,0.0,0.0,1.0,0.113265306122449,0.2727272727272727,0.09090909090909091,0.0,0.1111111111111111,0,1,0,1,0,0,1,0,0.0,0.0,0.0002475971612526949,295000.0
10669671,1,1.0,0.0,0.0,0.0,1.0,0.0,0.0,0.0,0.0,0.0,0.0,0.0,0.0,0.0,0.0,0.0,0.0,1.0,0.9877551020408164,0.5454545454545454,0.4545454545454546,0.0,0.38888888888888884,4,7,0,0,1,0,1,1,1.0,0.8300000000000001,0.0056259577195751235,3500000.0
10669675,1,0.0,1.0,0.0,0.0,0.0,0.0,1.0,0.0,0.0,0.0,0.0,0.0,0.0,0.0,0.0,0.0,0.0,1.0,0.22040816326530616,0.2727272727272727,0.09090909090909091,0.0,0.1111111111111111,3,6,0,1,0,0,1,1,0.0,0.3,0.0006602590966738531,345000.0
10669676,0,0.0,1.0,0.0,0.0,0.0,1.0,0.0,0.0,0.0,0.0,0.0,0.0,0.0,0.0,0.0,0.0,0.0,1.0,0.0836734693877551,0.09090909090909091,0.09090909090909091,0.0,0.05555555555555555,3,4,0,1,0,0,0,0,0.0,0.0,0.0,199999.0
10669679,1,0.0,1.0,0.0,0.0,0.0,1.0,0.0,0.0,0.0,0.0,0.0,0.0,0.0,0.0,0.0,0.0,1.0,0.0,0.14183673469387756,0.1818181818181818,0.18181818181818182,0.0,0.1111111111111111,3,2,0,1,0,0,0,1,0.0,0.25,0.00010087291754739423,275000.0
10669674,1,0.0,1.0,0.0,0.0,0.0,1.0,0.0,0.0,0.0,0.0,0.0,0.0,0.0,0.0,0.0,0.0,1.0,0.0,0.2683673469387755,0.2727272727272727,0.18181818181818182,0.0,0.16666666666666666,5,6,0,1,0,0,0,0,0.0,0.0,0.00023017365731269046,175000.0
10669677,1,0.0,1.0,0.0,0.0,0.0,1.0,0.0,0.0,0.0,0.0,0.0,0.0,0.0,0.0,0.0,0.0,0.0,1.0,0.10204081632653061,0.1818181818181818,0.09090909090909091,0.0,0.1111111111111111,3,2,0,1,0,0,1,0,0.0,0.0,0.00022375447165058355,399000.0
10669680,1,0.0,1.0,0.0,0.0,0.0,1.0,0.0,0.0,0.0,0.0,0.0,0.0,0.0,0.0,0.0,0.0,1.0,0.0,0.1326530612244898,0.2727272727272727,0.09090909090909091,0.0,0.1111111111111111,2,2,0,1,0,0,1,1,0.0,0.21,0.0002439290551600624,300000.0
10669681,1,0.0,1.0,0.0,0.0,0.0,1.0,0.0,0.0,0.0,0.0,0.0,0.0,0.0,0.0,0.0,0.0,1.0,0.0,0.2142857142857143,0.2727272727272727,0.09090909090909091,0.0,0.1111111111111111,5,5,0,1,0,0,1,0,0.0,0.0,0.0020449691466426284,319000.0
10669683,1,0.0,1.0,0.0,0.0,0.0,1.0,0.0,0.0,0.0,0.0,0.0,0.0,0.0,0.0,0.0,0.0,1.0,0.0,0.2683673469387755,0.2727272727272727,0.18181818181818182,0.0,0.16666666666666666,5,6,0,1,0,0,0,0,0.0,0.0,0.00023017365731269046,175000.0
10669685,1,0.0,1.0,0.0,0.0,0.0,0.0,1.0,0.0,0.0,0.0,0.0,0.0,0.0,0.0,0.0,0.0,0.0,1.0,0.22040816326530616,0.2727272727272727,0.09090909090909091,0.0,0.1111111111111111,3,6,0,1,0,0,1,1,0.0,0.3,0.0006602590966738531,345000.0
10669686,1,0.0,1.0,0.0,0.0,0.0,0.0,1.0,0.0,0.0,0.0,0.0,0.0,0.0,0.0,0.0,0.0,0.0,1.0,0.22040816326530616,0.2727272727272727,0.09090909090909091,0.0,0.1111111111111111,3,6,0,1,0,0,1,1,0.0,0.3,0.0006602590966738531,345000.0
10669690,1,0.0,1.0,0.0,0.0,0.0,1.0,0.0,0.0,0.0,0.0,0.0,0.0,0.0,0.0,0.0,0.0,0.0,1.0,0.10204081632653061,0.1818181818181818,0.09090909090909091,0.0,0.1111111111111111,3,2,0,1,0,0,1,0,0.0,0.0,0.00022375447165058355,399000.0
10669689,1,0.0,1.0,0.0,0.0,0.0,1.0,0.0,0.0,0.0,0.0,0.0,0.0,0.0,0.0,0.0,0.0,0.0,1.0,0.0836734693877551,0.09090909090909091,0.09090909090909091,0.0,0.05555555555555555,3,4,0,1,0,0,0,0,0.0,0.0,6.144077705159467e-05,199999.0
10669687,0,0.0,1.0,0.0,0.0,0.0,1.0,0.0,0.0,0.0,0.0,0.0,0.0,0.0,0.0,0.0,0.0,0.0,1.0,0.0836734693877551,0.09090909090909091,0.09090909090909091,0.0,0.05555555555555555,3,4,0,1,0,0,0,0,0.0,0.0,0.0,199999.0
10669692,1,0.0,1.0,0.0,0.0,0.0,1.0,0.0,0.0,0.0,0.0,0.0,0.0,0.0,0.0,0.0,0.0,1.0,0.0,0.1326530612244898,0.2727272727272727,0.09090909090909091,0.0,0.1111111111111111,2,2,0,1,0,0,1,1,0.0,0.21,0.0002439290551600624,300000.0
10669691,1,0.0,1.0,0.0,0.0,0.0,1.0,0.0,0.0,0.0,0.0,0.0,0.0,0.0,0.0,0.0,0.0,1.0,0.0,0.14183673469387756,0.1818181818181818,0.18181818181818182,0.0,0.1111111111111111,3,2,0,1,0,0,0,1,0.0,0.25,0.00010087291754739423,275000.0
10669693,1,0.0,1.0,0.0,0.0,0.0,1.0,0.0,0.0,0.0,0.0,0.0,0.0,0.0,0.0,0.0,0.0,1.0,0.0,0.2142857142857143,0.2727272727272727,0.09090909090909091,0.0,0.1111111111111111,5,5,0,1,0,0,1,0,0.0,0.0,0.0020449691466426284,319000.0
10669700,0,0.0,1.0,0.0,0.0,0.0,0.0,0.0,0.0,0.0,0.0,0.0,0.0,0.0,1.0,0.0,0.0,0.0,1.0,0.05306122448979592,0.09090909090909091,0.0,0.0,0.05555555555555555,1,1,0,0,0,0,0,1,0.0,0.18,0.0,270000.0
10669707,1,0.0,0.0,1.0,0.0,0.0,0.0,0.0,0.0,0.0,0.0,0.0,1.0,0.0,0.0,0.0,1.0,0.0,0.0,0.3877551020408163,0.4545454545454545,0.18181818181818182,0.0,0.2222222222222222,5,5,0,1,0,0,1,1,1.0,0.15,0.004951943225053899,575000.0
10669711,1,0.0,1.0,0.0,0.0,0.0,0.0,0.0,0.0,1.0,0.0,0.0,0.0,0.0,0.0,0.0,0.0,1.0,0.0,0.19897959183673472,0.2727272727272727,0.09090909090909091,0.0,0.0,3,3,0,0,0,0,0,1,0.0,0.0,0.0008253238708423164,429000.0
10669709,1,0.0,1.0,0.0,0.0,0.0,1.0,0.0,0.0,0.0,0.0,0.0,0.0,0.0,0.0,0.0,1.0,0.0,0.0,0.3642857142857143,0.2727272727272727,0.18181818181818182,0.0,0.0,3,2,0,0,0,0,0,1,0.0,0.0,0.002444792710739573,3200000.0
10669714,1,0.0,0.0,1.0,0.0,0.0,0.0,0.0,1.0,0.0,0.0,0.0,0.0,0.0,0.0,0.0,1.0,0.0,0.0,0.11530612244897961,0.36363636363636365,0.09090909090909091,0.0,0.05555555555555555,3,7,0,0,0,0,0,0,0.0,0.0,7.336212185265035e-05,97500.0
10669724,1,0.0,1.0,0.0,0.0,0.0,0.0,1.0,0.0,0.0,0.0,0.0,0.0,0.0,0.0,0.0,1.0,0.0,0.0,0.2448979591836735,0.36363636363636365,0.2727272727272727,0.0,0.0,3,3,0,0,0,0,0,1,0.0,0.0,0.002851035460498624,1095000.0
10669725,1,0.0,1.0,0.0,0.0,0.0,0.0,0.0,0.0,0.0,0.0,0.0,0.0,0.0,1.0,0.0,0.0,0.0,1.0,0.34285714285714286,0.4545454545454545,0.2727272727272727,0.0,0.0,3,0,0,0,0,0,0,0,0.0,0.0,0.019954497143920894,1200000.0
10669726,1,0.0,1.0,0.0,0.0,0.0,1.0,0.0,0.0,0.0,0.0,0.0,0.0,0.0,0.0,0.0,0.0,1.0,0.0,0.10714285714285715,0.09090909090909091,0.09090909090909091,0.0,0.0,4,6,0,0,0,0,0,0,0.0,0.0,0.0004951943225053898,249000.0
10669730,1,0.0,0.0,1.0,0.0,0.0,0.0,0.0,0.0,0.0,0.0,0.0,0.0,1.0,0.0,0.0,0.0,0.0,1.0,0.1785714285714286,0.2727272727272727,0.18181818181818182,0.0,0.0,4,6,0,1,0,0,1,1,0.0,0.4,0.00080881739342547,650000.0
10669733,1,0.0,1.0,0.0,0.0,0.0,0.0,0.0,0.0,0.0,0.0,0.0,0.0,0.0,1.0,0.0,0.0,1.0,0.0,0.12448979591836737,0.1818181818181818,0.0,0.0,0.05555555555555555,3,2,0,0,0,0,1,1,0.0,0.0,0.00015039234979793322,265000.0
10669728,1,0.0,0.0,1.0,0.0,0.0,0.0,0.0,0.0,0.0,0.0,1.0,0.0,0.0,0.0,0.0,0.0,0.0,1.0,0.14489795918367349,0.1818181818181818,0.09090909090909091,0.0,0.1111111111111111,3,7,0,1,0,0,1,1,0.0,0.06,0.0009096903109728643,246000.0
10669731,1,0.0,1.0,0.0,0.0,0.0,0.0,0.0,0.0,0.0,0.0,0.0,0.0,0.0,1.0,0.0,0.0,0.0,1.0,0.1285714285714286,0.2727272727272727,0.0,0.0,0.0,6,6,0,0,0,0,0,0,0.0,0.0,0.014756790810660617,550000.0
10669729,1,0.0,0.0,1.0,0.0,0.0,0.0,0.0,0.0,0.0,0.0,1.0,0.0,0.0,0.0,0.0,0.0,0.0,1.0,0.14489795918367349,0.1818181818181818,0.09090909090909091,0.0,0.1111111111111111,3,7,0,1,0,0,1,1,0.0,0.06,0.0009096903109728643,246000.0
10538656,0,0.0,1.0,0.0,0.0,0.0,0.0,0.0,0.0,0.0,0.0,0.0,0.0,0.0,1.0,0.0,0.0,1.0,0.0,0.06122448979591837,0.09090909090909091,0.0,0.07142857142857142,0.05555555555555555,3,3,0,0,0,0,0,1,0.0,0.05,0.0,219000.0
10669732,0,0.0,1.0,0.0,0.0,0.0,0.0,0.0,0.0,0.0,0.0,0.0,0.0,0.0,1.0,0.0,0.0,0.0,1.0,0.030612244897959183,0.0,0.0,0.0,0.05555555555555555,1,3,1,0,0,0,0,0,0.0,0.0,0.0,265000.0
10669735,1,0.0,0.0,1.0,0.0,0.0,0.0,0.0,0.0,0.0,0.0,0.0,0.0,1.0,0.0,0.0,0.0,0.0,1.0,0.2857142857142857,0.2727272727272727,0.09090909090909091,0.0,0.1111111111111111,0,7,0,0,0,0,1,1,0.0,0.0,0.0004585132615790647,319000.0
10669736,0,0.0,0.0,1.0,0.0,0.0,0.0,0.0,0.0,0.0,0.0,0.0,1.0,0.0,0.0,1.0,0.0,0.0,0.0,0.005102040816326529,0.0,0.0,0.0,0.0,0,0,0,0,0,0,0,0,0.0,0.0,0.0,35000.0
10669737,0,1.0,0.0,0.0,0.0,1.0,0.0,0.0,0.0,0.0,0.0,0.0,0.0,0.0,0.0,0.0,1.0,0.0,0.0,0.11020408163265308,0.09090909090909091,0.18181818181818182,0.07142857142857142,0.05555555555555555,5,7,0,0,0,0,0,1,0.0,0.04,0.0,335000.0
10669739,0,1.0,0.0,0.0,0.0,1.0,0.0,0.0,0.0,0.0,0.0,0.0,0.0,0.0,0.0,0.0,0.0,0.0,1.0,0.036734693877551024,0.0,0.09090909090909091,0.07142857142857142,0.05555555555555555,3,4,0,0,0,0,0,1,0.0,0.02,0.0,230000.0
10669742,0,1.0,0.0,0.0,0.0,1.0,0.0,0.0,0.0,0.0,0.0,0.0,0.0,0.0,0.0,0.0,0.0,0.0,1.0,0.036734693877551024,0.0,0.09090909090909091,0.07142857142857142,0.05555555555555555,3,4,0,0,0,0,0,1,0.0,0.02,0.0,230000.0
10669740,0,1.0,0.0,0.0,0.0,1.0,0.0,0.0,0.0,0.0,0.0,0.0,0.0,0.0,0.0,0.0,0.0,0.0,1.0,0.036734693877551024,0.0,0.09090909090909091,0.07142857142857142,0.05555555555555555,5,4,0,0,0,0,0,1,0.0,0.02,0.0,215000.0
10669741,0,1.0,0.0,0.0,0.0,1.0,0.0,0.0,0.0,0.0,0.0,0.0,0.0,0.0,0.0,0.0,0.0,0.0,1.0,0.030612244897959183,0.0,0.09090909090909091,0.07142857142857142,0.05555555555555555,5,4,0,0,0,0,1,1,0.02,0.02,0.0,215000.0
10669738,0,1.0,0.0,0.0,0.0,1.0,0.0,0.0,0.0,0.0,0.0,0.0,0.0,0.0,0.0,0.0,1.0,0.0,0.0,0.04693877551020408,0.0,0.09090909090909091,0.07142857142857142,0.05555555555555555,5,7,0,0,0,0,0,0,0.0,0.0,0.0,229000.0
10669748,1,0.0,1.0,0.0,0.0,0.0,0.0,0.0,0.0,1.0,0.0,0.0,0.0,0.0,0.0,0.0,0.0,0.0,1.0,0.17244897959183675,0.1818181818181818,0.09090909090909091,0.0,0.1111111111111111,0,0,0,0,0,0,0,0,0.0,0.0,0.0007501276959433498,491807.0
10669751,0,1.0,0.0,0.0,0.0,1.0,0.0,0.0,0.0,0.0,0.0,0.0,0.0,0.0,0.0,0.0,0.0,0.0,1.0,0.4642857142857143,0.1818181818181818,0.09090909090909091,0.14285714285714285,0.2222222222222222,0,5,1,0,0,0,0,1,0.0,1.0,0.0,3400000.0
10669747,0,1.0,0.0,0.0,0.0,1.0,0.0,0.0,0.0,0.0,0.0,0.0,0.0,0.0,0.0,0.0,1.0,0.0,0.0,0.11734693877551022,0.1818181818181818,0.09090909090909091,0.0,0.1111111111111111,1,3,0,0,0,0,0,1,0.0,0.0,0.0,649000.0
10669758,1,0.0,1.0,0.0,0.0,0.0,1.0,0.0,0.0,0.0,0.0,0.0,0.0,0.0,0.0,0.0,1.0,0.0,0.0,0.1836734693877551,0.1818181818181818,0.0,0.0,0.0,3,3,0,0,0,0,1,0,0.0,0.0,0.0002952825404569177,459000.0
10669764,0,0.0,1.0,0.0,0.0,0.0,1.0,0.0,0.0,0.0,0.0,0.0,0.0,0.0,0.0,0.0,0.0,0.0,1.0,0.04795918367346939,0.09090909090909091,0.09090909090909091,0.0,0.05555555555555555,1,1,1,0,0,0,0,1,0.0,0.0,0.0,210000.0
10669761,0,0.0,0.0,1.0,0.0,0.0,0.0,0.0,0.0,0.0,1.0,0.0,0.0,0.0,0.0,0.0,0.0,0.0,1.0,0.11836734693877551,0.1818181818181818,0.09090909090909091,0.07142857142857142,0.1111111111111111,0,2,0,0,0,0,0,1,0.0,0.24,0.0,375000.0
10669754,1,0.0,1.0,0.0,1.0,0.0,0.0,0.0,0.0,0.0,0.0,0.0,0.0,0.0,0.0,0.0,0.0,0.0,1.0,0.6428571428571429,0.36363636363636365,0.18181818181818182,0.0,0.2222222222222222,3,3,0,0,1,0,0,0,0.0,0.0,0.002588765874875399,1150000.0
10669765,1,0.0,1.0,0.0,0.0,0.0,1.0,0.0,0.0,0.0,0.0,0.0,0.0,0.0,0.0,0.0,0.0,0.0,1.0,0.1142857142857143,0.09090909090909091,0.09090909090909091,0.0,0.0,3,3,0,0,0,0,0,1,0.0,0.0,0.0001375539784737194,229000.0
10669774,1,1.0,0.0,0.0,0.0,1.0,0.0,0.0,0.0,0.0,0.0,0.0,0.0,0.0,0.0,0.0,0.0,0.0,1.0,0.9877551020408164,0.5454545454545454,0.4545454545454546,0.3571428571428571,0.38888888888888884,3,7,0,0,1,0,0,1,0.0,0.8,0.0056259577195751235,3500000.0
10669778,1,0.0,1.0,0.0,1.0,0.0,0.0,0.0,0.0,0.0,0.0,0.0,0.0,0.0,0.0,0.0,0.0,1.0,0.0,0.2459183673469388,0.2727272727272727,0.09090909090909091,0.07142857142857142,0.1111111111111111,1,0,0,0,1,0,1,1,0.0,0.01,0.002295317387464798,1099000.0
10669780,1,0.0,1.0,0.0,0.0,0.0,0.0,0.0,0.0,0.0,0.0,0.0,0.0,0.0,1.0,0.0,0.0,0.0,1.0,0.19897959183673472,0.1818181818181818,0.09090909090909091,0.0,0.0,1,3,0,0,0,0,0,0,0.0,0.0,0.00045117704939379963,475000.0
10669777,1,0.0,0.0,1.0,0.0,0.0,0.0,0.0,1.0,0.0,0.0,0.0,0.0,0.0,0.0,0.0,0.0,1.0,0.0,0.14081632653061227,0.1818181818181818,0.09090909090909091,0.0,0.1111111111111111,3,4,0,1,0,0,1,1,0.28,0.44,0.00036681060926325174,199000.0
10669782,1,0.0,1.0,0.0,0.0,0.0,1.0,0.0,0.0,0.0,0.0,0.0,0.0,0.0,0.0,0.0,0.0,0.0,1.0,0.1602040816326531,0.2727272727272727,0.09090909090909091,0.0,0.05555555555555555,3,4,0,0,0,0,1,0,0.332,0.0,0.00046126434114853907,350000.0
10669786,1,0.0,1.0,0.0,0.0,0.0,0.0,0.0,0.0,0.0,0.0,0.0,0.0,0.0,1.0,0.0,0.0,1.0,0.0,0.10306122448979593,0.1818181818181818,0.09090909090909091,0.07142857142857142,0.1111111111111111,1,1,0,0,0,0,1,1,0.0,0.01,0.00014947532327477507,319000.0
10669787,0,0.0,1.0,0.0,0.0,0.0,1.0,0.0,0.0,0.0,0.0,0.0,0.0,0.0,0.0,1.0,0.0,0.0,0.0,0.04081632653061225,0.0,0.09090909090909091,0.0,0.0,0,0,0,0,0,0,0,0,0.0,0.0,0.0,177000.0
10669789,0,0.0,0.0,1.0,0.0,0.0,0.0,0.0,1.0,0.0,0.0,0.0,0.0,0.0,0.0,1.0,0.0,0.0,0.0,0.06122448979591837,0.09090909090909091,0.09090909090909091,0.0,0.0,0,2,0,0,0,0,0,1,0.0,0.04,0.0,215000.0
10669792,0,0.0,0.0,1.0,0.0,0.0,0.0,0.0,1.0,0.0,0.0,0.0,0.0,0.0,0.0,1.0,0.0,0.0,0.0,0.06122448979591837,0.09090909090909091,0.09090909090909091,0.0,0.0,0,2,0,0,0,0,0,1,0.0,0.04,0.0,215000.0
10669790,0,0.0,0.0,1.0,0.0,0.0,0.0,0.0,1.0,0.0,0.0,0.0,0.0,0.0,0.0,1.0,0.0,0.0,0.0,0.06122448979591837,0.09090909090909091,0.09090909090909091,0.0,0.0,0,2,0,0,0,0,0,1,0.0,0.04,0.0,215000.0
10538727,1,0.0,0.0,1.0,0.0,0.0,0.0,0.0,1.0,0.0,0.0,0.0,0.0,0.0,0.0,0.0,0.0,0.0,1.0,0.336734693877551,0.1818181818181818,0.18181818181818182,0.0,0.1111111111111111,1,2,0,0,0,0,1,1,0.0,0.54,0.0008803454622318042,475000.0
10669803,0,1.0,0.0,0.0,0.0,1.0,0.0,0.0,0.0,0.0,0.0,0.0,0.0,0.0,0.0,0.0,0.0,0.0,1.0,0.036734693877551024,0.0,0.09090909090909091,0.0,0.05555555555555555,3,7,0,1,0,0,0,1,0.0,0.02,0.0,215000.0
10669801,1,0.0,0.0,1.0,0.0,0.0,0.0,0.0,0.0,0.0,0.0,1.0,0.0,0.0,0.0,0.0,0.0,1.0,0.0,0.11734693877551022,0.1818181818181818,0.09090909090909091,0.0,0.05555555555555555,3,5,0,0,0,0,1,0,1.0,0.0,0.0013929632886771986,350000.0
10669804,0,1.0,0.0,0.0,0.0,1.0,0.0,0.0,0.0,0.0,0.0,0.0,0.0,0.0,0.0,0.0,0.0,0.0,1.0,0.036734693877551024,0.0,0.09090909090909091,0.0,0.05555555555555555,3,4,0,1,0,0,0,1,0.0,0.02,0.0,230000.0
10669806,0,1.0,0.0,0.0,0.0,1.0,0.0,0.0,0.0,0.0,0.0,0.0,0.0,0.0,0.0,0.0,0.0,0.0,1.0,0.036734693877551024,0.0,0.09090909090909091,0.0,0.05555555555555555,3,7,0,1,0,0,0,1,0.0,0.02,0.0,230000.0
10669807,0,1.0,0.0,0.0,0.0,1.0,0.0,0.0,0.0,0.0,0.0,0.0,0.0,0.0,0.0,0.0,0.0,0.0,1.0,0.028571428571428574,0.0,0.09090909090909091,0.0,0.05555555555555555,3,7,0,1,0,0,0,1,0.0,0.02,0.0,215000.0
10669808,1,0.0,0.0,1.0,0.0,0.0,0.0,0.0,0.0,0.0,1.0,0.0,0.0,0.0,0.0,0.0,0.0,0.0,1.0,0.20612244897959187,0.2727272727272727,0.18181818181818182,0.0,0.1111111111111111,3,4,0,0,1,0,1,1,1.0,0.7000000000000001,0.0039147862273620545,580000.0
10669809,1,0.0,1.0,0.0,0.0,0.0,1.0,0.0,0.0,0.0,0.0,0.0,0.0,0.0,0.0,0.0,0.0,0.0,1.0,0.16836734693877553,0.1818181818181818,0.09090909090909091,0.0,0.05555555555555555,5,6,0,0,0,0,0,0,0.0,0.0,0.00015039234979793322,169000.0
10669812,1,0.0,0.0,1.0,0.0,0.0,0.0,0.0,0.0,0.0,1.0,0.0,0.0,0.0,0.0,1.0,0.0,0.0,0.0,0.16938775510204085,0.1818181818181818,0.09090909090909091,0.07142857142857142,0.1111111111111111,1,3,0,0,0,0,1,1,0.6,0.0,0.0006235780357475279,399000.0
10669810,1,0.0,0.0,1.0,0.0,0.0,0.0,0.0,0.0,0.0,1.0,0.0,0.0,0.0,0.0,0.0,1.0,0.0,0.0,0.16938775510204085,0.1818181818181818,0.09090909090909091,0.07142857142857142,0.1111111111111111,1,3,0,0,0,0,1,1,0.6,0.0,0.0006235780357475279,399000.0
10669813,1,0.0,0.0,1.0,0.0,0.0,0.0,0.0,0.0,0.0,1.0,0.0,0.0,0.0,0.0,0.0,1.0,0.0,0.0,0.16938775510204085,0.1818181818181818,0.09090909090909091,0.07142857142857142,0.1111111111111111,1,3,0,0,0,0,1,1,0.6,0.0,0.0006235780357475279,399000.0
10669814,1,0.0,0.0,1.0,0.0,0.0,0.0,0.0,0.0,0.0,1.0,0.0,0.0,0.0,0.0,0.0,0.0,1.0,0.0,0.20714285714285716,0.36363636363636365,0.09090909090909091,0.07142857142857142,0.05555555555555555,0,4,0,0,0,0,0,1,0.0,0.0,0.0002934484874106014,175000.0
10538743,0,0.0,1.0,0.0,0.0,0.0,0.0,0.0,0.0,0.0,0.0,0.0,0.0,0.0,1.0,0.0,0.0,1.0,0.0,0.015306122448979595,0.0,0.09090909090909091,0.0,0.05555555555555555,4,5,1,0,0,0,0,0,0.0,0.0,0.0,120000.0
10669829,0,0.0,0.0,1.0,0.0,0.0,0.0,0.0,0.0,0.0,0.0,0.0,1.0,0.0,0.0,1.0,0.0,0.0,0.0,0.059183673469387764,0.09090909090909091,0.0,0.07142857142857142,0.05555555555555555,4,3,1,0,0,0,0,0,0.0,0.0,0.0,220000.0
10669825,1,0.0,0.0,1.0,0.0,0.0,0.0,0.0,0.0,0.0,1.0,0.0,0.0,0.0,0.0,0.0,1.0,0.0,0.0,0.18673469387755104,0.09090909090909091,0.09090909090909091,0.0,0.0,4,5,0,1,0,0,0,0,0.0,0.0,0.0015589450893688198,465000.0
10669841,1,0.0,0.0,1.0,0.0,0.0,0.0,0.0,0.0,0.0,1.0,0.0,0.0,0.0,0.0,0.0,0.0,1.0,0.0,0.07244897959183674,0.09090909090909091,0.09090909090909091,0.0,0.0,4,7,0,0,0,0,0,0,0.0,0.0,0.00011829642148739869,128000.0
10669837,0,0.0,0.0,1.0,0.0,0.0,0.0,0.0,0.0,0.0,0.0,1.0,0.0,0.0,0.0,0.0,0.0,0.0,1.0,0.10306122448979593,0.09090909090909091,0.0,0.07142857142857142,0.05555555555555555,3,1,0,0,0,0,0,0,0.0,0.0,0.0,285000.0
10669844,1,0.0,1.0,0.0,0.0,0.0,0.0,0.0,0.0,0.0,0.0,0.0,0.0,0.0,1.0,0.0,0.0,0.0,1.0,0.15306122448979595,0.2727272727272727,0.09090909090909091,0.07142857142857142,0.1111111111111111,1,0,0,1,0,0,1,1,0.0,0.01,0.0001999117820484722,284000.0
10669847,0,0.0,0.0,1.0,0.0,0.0,0.0,0.0,0.0,0.0,0.0,1.0,0.0,0.0,0.0,0.0,0.0,0.0,1.0,0.08877551020408164,0.09090909090909091,0.0,0.07142857142857142,0.05555555555555555,3,1,0,0,0,0,0,0,0.0,0.0,0.0,259500.0
10669850,0,0.0,0.0,1.0,0.0,0.0,0.0,0.0,0.0,0.0,0.0,1.0,0.0,0.0,0.0,0.0,0.0,0.0,1.0,0.0816326530612245,0.09090909090909091,0.0,0.07142857142857142,0.05555555555555555,3,1,0,0,0,0,0,0,0.0,0.0,0.0,254000.0
10669859,0,0.0,0.0,1.0,0.0,0.0,0.0,0.0,0.0,0.0,0.0,1.0,0.0,0.0,0.0,0.0,0.0,0.0,1.0,0.08877551020408164,0.09090909090909091,0.0,0.07142857142857142,0.05555555555555555,3,1,0,0,0,0,0,0,0.0,0.0,0.0,259500.0
10669861,0,0.0,0.0,1.0,0.0,0.0,0.0,0.0,0.0,0.0,0.0,1.0,0.0,0.0,0.0,0.0,0.0,0.0,1.0,0.14183673469387756,0.1818181818181818,0.0,0.14285714285714285,0.05555555555555555,3,2,0,0,0,0,0,1,0.0,0.53,0.0,379000.0
10538786,0,0.0,1.0,0.0,1.0,0.0,0.0,0.0,0.0,0.0,0.0,0.0,0.0,0.0,0.0,0.0,1.0,0.0,0.0,0.05000000000000001,0.0,0.09090909090909091,0.0,0.0,3,2,1,1,0,0,0,1,0.0,0.0,0.0,135000.0
10669862,1,0.0,0.0,1.0,0.0,0.0,0.0,0.0,1.0,0.0,0.0,0.0,0.0,0.0,0.0,0.0,0.0,0.0,1.0,0.10204081632653061,0.0,0.09090909090909091,0.0,0.0,2,3,0,0,0,0,0,1,0.0,0.0,0.00033929981356850786,129000.0
10669863,0,0.0,1.0,0.0,0.0,0.0,1.0,0.0,0.0,0.0,0.0,0.0,0.0,0.0,0.0,0.0,0.0,0.0,1.0,0.09489795918367347,0.09090909090909091,0.09090909090909091,0.0,0.0,1,0,1,1,0,1,1,1,0.13,0.24,0.0,399000.0
10669860,0,1.0,0.0,0.0,0.0,1.0,0.0,0.0,0.0,0.0,0.0,0.0,0.0,0.0,0.0,0.0,0.0,0.0,1.0,0.09183673469387757,0.09090909090909091,0.0,0.07142857142857142,0.1111111111111111,5,6,0,0,0,0,0,0,0.0,0.0,0.0,300000.0
10669886,1,0.0,0.0,1.0,0.0,0.0,0.0,0.0,0.0,0.0,1.0,0.0,0.0,0.0,0.0,0.0,1.0,0.0,0.0,0.1326530612244898,0.1818181818181818,0.09090909090909091,0.07142857142857142,0.1111111111111111,3,3,0,1,0,0,1,1,0.72,0.16,0.0007886428099159913,499000.0
10669889,0,1.0,0.0,0.0,0.0,1.0,0.0,0.0,0.0,0.0,0.0,0.0,0.0,0.0,0.0,0.0,1.0,0.0,0.0,0.039795918367346944,0.0,0.0,0.07142857142857142,0.0,1,0,0,0,0,0,0,0,0.0,0.0,0.0,159000.0
10669893,1,0.0,1.0,0.0,0.0,0.0,0.0,1.0,0.0,0.0,0.0,0.0,0.0,0.0,0.0,0.0,1.0,0.0,0.0,0.20510204081632655,0.2727272727272727,0.09090909090909091,0.07142857142857142,0.1111111111111111,1,0,0,0,0,0,1,1,0.06,0.18,0.0,625000.0
10669897,0,0.0,0.0,1.0,0.0,0.0,0.0,0.0,0.0,0.0,0.0,0.0,0.0,1.0,0.0,0.0,0.0,0.0,1.0,0.09693877551020408,0.09090909090909091,0.0,0.07142857142857142,0.05555555555555555,0,1,1,1,0,0,0,1,0.0,0.1,0.0,270000.0
10669895,0,1.0,0.0,0.0,0.0,1.0,0.0,0.0,0.0,0.0,0.0,0.0,0.0,0.0,0.0,0.0,1.0,0.0,0.0,0.07653061224489796,0.09090909090909091,0.09090909090909091,0.0,0.05555555555555555,1,3,1,0,0,0,0,1,0.0,0.06,0.0,275000.0
10669898,1,1.0,0.0,0.0,0.0,1.0,0.0,0.0,0.0,0.0,0.0,0.0,0.0,0.0,0.0,0.0,1.0,0.0,0.0,0.2142857142857143,0.2727272727272727,0.09090909090909091,0.21428571428571427,0.2777777777777778,3,6,0,0,0,0,1,1,0.075,0.0,0.00016964990678425393,495000.0
10669899,1,0.0,0.0,1.0,0.0,0.0,0.0,0.0,0.0,0.0,0.0,0.0,0.0,1.0,0.0,0.0,0.0,0.0,1.0,0.3673469387755102,0.4545454545454545,0.18181818181818182,0.21428571428571427,0.2222222222222222,3,4,0,1,0,0,1,0,1.0,0.0,0.009078562579265481,1170000.0
10669903,1,0.0,0.0,1.0,0.0,0.0,0.0,0.0,0.0,0.0,0.0,0.0,0.0,1.0,0.0,0.0,0.0,0.0,1.0,0.5602040816326531,0.36363636363636365,0.36363636363636365,0.0,0.2777777777777778,1,4,0,1,1,0,1,1,0.0,0.0,0.0030261875264218268,1595000.0
10669900,1,1.0,0.0,0.0,0.0,1.0,0.0,0.0,0.0,0.0,0.0,0.0,0.0,0.0,0.0,0.0,1.0,0.0,0.0,0.2142857142857143,0.2727272727272727,0.09090909090909091,0.21428571428571427,0.2777777777777778,3,6,0,0,0,0,1,1,0.075,0.0,0.00016964990678425393,495000.0
10669905,0,0.0,0.0,1.0,0.0,0.0,0.0,0.0,0.0,0.0,1.0,0.0,0.0,0.0,0.0,0.0,0.0,1.0,0.0,0.08673469387755103,0.09090909090909091,0.09090909090909091,0.0,0.0,1,2,1,0,0,0,0,1,0.0,0.26,0.0,327500.0
10669908,1,1.0,0.0,0.0,0.0,1.0,0.0,0.0,0.0,0.0,0.0,0.0,0.0,0.0,0.0,0.0,0.0,0.0,1.0,0.15918367346938778,0.2727272727272727,0.0,0.07142857142857142,0.0,5,6,0,1,0,0,0,0,0.0,0.0,0.00019257556986320717,700000.0
10669909,1,1.0,0.0,0.0,0.0,1.0,0.0,0.0,0.0,0.0,0.0,0.0,0.0,0.0,0.0,0.0,0.0,0.0,1.0,0.35306122448979593,0.36363636363636365,0.36363636363636365,0.0,0.16666666666666666,3,4,0,0,0,0,0,0,0.0,0.0,0.00018799043724741652,1240000.0
10669907,1,0.0,0.0,1.0,0.0,0.0,0.0,0.0,0.0,0.0,0.0,1.0,0.0,0.0,0.0,0.0,0.0,1.0,0.0,0.610204081632653,0.2727272727272727,0.09090909090909091,0.0,0.0,3,5,0,0,0,0,0,1,0.0,0.0,0.000979384326732882,475000.0
10669910,1,0.0,1.0,0.0,0.0,0.0,1.0,0.0,0.0,0.0,0.0,0.0,0.0,0.0,0.0,0.0,0.0,0.0,1.0,0.3010204081632653,0.1818181818181818,0.0,0.0,0.05555555555555555,3,6,0,0,0,0,1,1,0.0,0.0,0.0004108278823748419,249000.0
10669923,1,0.0,0.0,1.0,0.0,0.0,0.0,0.0,0.0,0.0,1.0,0.0,0.0,0.0,0.0,0.0,0.0,0.0,1.0,0.2857142857142857,0.2727272727272727,0.09090909090909091,0.07142857142857142,0.1111111111111111,1,0,0,0,1,0,1,1,0.3,0.5,0.0007336212185265035,430000.0
10669913,1,0.0,1.0,0.0,0.0,0.0,1.0,0.0,0.0,0.0,0.0,0.0,0.0,0.0,0.0,0.0,0.0,0.0,1.0,0.19897959183673472,0.2727272727272727,0.0,0.0,0.05555555555555555,3,3,0,0,0,0,1,1,0.33,0.3,0.0004603473146253809,459000.0
10669929,0,1.0,0.0,0.0,0.0,1.0,0.0,0.0,0.0,0.0,0.0,0.0,0.0,0.0,0.0,0.0,1.0,0.0,0.0,0.11020408163265308,0.09090909090909091,0.0,0.14285714285714285,0.05555555555555555,5,7,0,1,0,0,0,1,0.0,0.03,0.0,335000.0
10669933,0,1.0,0.0,0.0,0.0,1.0,0.0,0.0,0.0,0.0,0.0,0.0,0.0,0.0,0.0,0.0,0.0,0.0,1.0,0.06428571428571428,0.09090909090909091,0.09090909090909091,0.07142857142857142,0.1111111111111111,3,3,1,0,0,0,1,1,0.2,0.06,0.0,450000.0
10669930,0,1.0,0.0,0.0,0.0,1.0,0.0,0.0,0.0,0.0,0.0,0.0,0.0,0.0,0.0,0.0,1.0,0.0,0.0,0.04693877551020408,0.0,0.0,0.07142857142857142,0.05555555555555555,5,7,0,1,0,0,0,0,0.0,0.0,0.0,229000.0
10669937,0,1.0,0.0,0.0,0.0,1.0,0.0,0.0,0.0,0.0,0.0,0.0,0.0,0.0,0.0,0.0,1.0,0.0,0.0,0.08673469387755103,0.1818181818181818,0.09090909090909091,0.07142857142857142,0.05555555555555555,3,3,1,1,0,0,0,1,0.0,0.26,0.0,249000.0
10669940,1,0.0,0.0,1.0,0.0,0.0,0.0,0.0,1.0,0.0,0.0,0.0,0.0,0.0,0.0,0.0,0.0,0.0,1.0,0.15000000000000002,0.1818181818181818,0.09090909090909091,0.0,0.1111111111111111,3,3,0,1,0,0,1,0,0.0,0.0,0.000872092223523381,285000.0
10669941,1,0.0,0.0,1.0,0.0,0.0,0.0,0.0,0.0,0.0,0.0,0.0,1.0,0.0,0.0,0.0,0.0,0.0,1.0,0.15816326530612246,0.09090909090909091,0.09090909090909091,0.0,0.0,3,6,0,0,0,0,0,0,0.0,0.0,0.0005364605160475056,125000.0
10669951,0,1.0,0.0,0.0,0.0,1.0,0.0,0.0,0.0,0.0,0.0,0.0,0.0,0.0,0.0,0.0,1.0,0.0,0.0,0.026530612244897965,0.0,0.09090909090909091,0.0,0.05555555555555555,0,7,0,0,0,0,0,1,0.0,0.1,0.0,210000.0
10669942,1,0.0,0.0,1.0,0.0,0.0,0.0,0.0,1.0,0.0,0.0,0.0,0.0,0.0,0.0,0.0,0.0,0.0,1.0,0.3469387755102041,0.2727272727272727,0.09090909090909091,0.0,0.1111111111111111,3,7,0,0,0,0,1,1,1.0,0.3,0.0021577634089910785,285000.0
10669948,1,0.0,0.0,1.0,0.0,0.0,0.0,0.0,1.0,0.0,0.0,0.0,0.0,0.0,0.0,0.0,1.0,0.0,0.0,0.11224489795918369,0.2727272727272727,0.0,0.07142857142857142,0.05555555555555555,0,0,0,0,0,0,0,1,0.0,0.0,0.0002155012329421604,260000.0
10669963,0,0.0,1.0,0.0,0.0,0.0,0.0,0.0,0.0,0.0,0.0,0.0,0.0,0.0,1.0,0.0,0.0,1.0,0.0,0.0816326530612245,0.09090909090909091,0.09090909090909091,0.07142857142857142,0.1111111111111111,3,2,1,1,0,0,0,1,0.0,0.0,0.0,299500.0
10669952,0,0.0,1.0,0.0,1.0,0.0,0.0,0.0,0.0,0.0,0.0,0.0,0.0,0.0,0.0,0.0,0.0,0.0,1.0,0.06836734693877553,0.1818181818181818,0.09090909090909091,0.0,0.0,3,3,1,0,0,0,0,1,0.0,0.05,0.0,220000.0
10669954,1,0.0,0.0,1.0,0.0,0.0,0.0,0.0,1.0,0.0,0.0,0.0,0.0,0.0,0.0,0.0,0.0,0.0,1.0,0.1836734693877551,0.1818181818181818,0.09090909090909091,0.0,0.1111111111111111,0,0,0,1,0,0,0,1,0.0,0.0,0.0014901681001319603,435000.0
10669956,1,0.0,0.0,1.0,0.0,0.0,0.0,0.0,1.0,0.0,0.0,0.0,0.0,0.0,0.0,0.0,0.0,0.0,1.0,0.1836734693877551,0.1818181818181818,0.09090909090909091,0.0,0.1111111111111111,0,0,0,1,0,0,0,1,0.0,0.0,0.0014901681001319603,435000.0
10669965,1,0.0,1.0,0.0,0.0,0.0,1.0,0.0,0.0,0.0,0.0,0.0,0.0,0.0,0.0,0.0,0.0,1.0,0.0,0.14489795918367349,0.1818181818181818,0.09090909090909091,0.0,0.05555555555555555,4,3,0,1,0,0,1,0,0.0,0.0,0.003587407758594602,399000.0
10669964,1,0.0,1.0,0.0,0.0,0.0,1.0,0.0,0.0,0.0,0.0,0.0,0.0,0.0,0.0,0.0,0.0,1.0,0.0,0.10816326530612247,0.1818181818181818,0.09090909090909091,0.0,0.05555555555555555,3,3,0,1,0,0,1,1,0.0,0.0,0.00018340530463162587,195000.0
10669966,1,0.0,1.0,0.0,0.0,0.0,1.0,0.0,0.0,0.0,0.0,0.0,0.0,0.0,0.0,0.0,0.0,1.0,0.0,0.10816326530612247,0.1818181818181818,0.09090909090909091,0.0,0.05555555555555555,3,3,0,1,0,0,1,1,0.0,0.0,0.00018340530463162587,195000.0
10669972,1,0.0,1.0,0.0,0.0,0.0,0.0,0.0,0.0,0.0,0.0,0.0,0.0,0.0,1.0,0.0,0.0,0.0,1.0,0.10714285714285715,0.09090909090909091,0.09090909090909091,0.0,0.05555555555555555,3,2,0,1,0,0,0,1,0.0,0.0,7.703022794528286e-05,199500.0
10669967,1,0.0,1.0,0.0,0.0,0.0,1.0,0.0,0.0,0.0,0.0,0.0,0.0,0.0,0.0,0.0,0.0,1.0,0.0,0.14489795918367349,0.1818181818181818,0.09090909090909091,0.0,0.05555555555555555,4,3,0,1,0,0,1,0,0.0,0.0,0.003587407758594602,399000.0
10669974,1,0.0,1.0,0.0,0.0,0.0,0.0,0.0,0.0,0.0,0.0,0.0,0.0,0.0,1.0,0.0,0.0,0.0,1.0,0.12346938775510205,0.1818181818181818,0.09090909090909091,0.14285714285714285,0.16666666666666666,3,2,0,1,0,0,0,1,0.0,0.0,0.0,419000.0
10669975,1,0.0,1.0,0.0,1.0,0.0,0.0,0.0,0.0,0.0,0.0,0.0,0.0,0.0,0.0,0.0,0.0,1.0,0.0,0.1489795918367347,0.09090909090909091,0.09090909090909091,0.0,0.1111111111111111,3,2,0,1,0,0,1,1,0.0,0.16,0.0,610000.0
10669976,1,0.0,1.0,0.0,1.0,0.0,0.0,0.0,0.0,0.0,0.0,0.0,0.0,0.0,0.0,0.0,0.0,0.0,1.0,0.45204081632653065,0.4545454545454545,0.36363636363636365,0.0,0.0,3,2,0,1,0,0,0,1,0.0,0.0,0.015772856198319824,1580000.0
10669977,1,0.0,0.0,1.0,0.0,0.0,0.0,0.0,0.0,0.0,0.0,0.0,1.0,0.0,0.0,0.0,0.0,1.0,0.0,0.19387755102040818,0.36363636363636365,0.09090909090909091,0.0,0.1111111111111111,4,5,0,0,0,0,0,1,0.0,0.0,0.00015039234979793322,150000.0
10669993,1,0.0,0.0,1.0,0.0,0.0,0.0,0.0,1.0,0.0,0.0,0.0,0.0,0.0,0.0,0.0,0.0,0.0,1.0,0.22448979591836737,0.36363636363636365,0.18181818181818182,0.07142857142857142,0.16666666666666666,0,3,0,1,0,0,1,1,1.0,0.5,0.003779066301934651,795000.0
10669992,1,0.0,1.0,0.0,0.0,0.0,0.0,1.0,0.0,0.0,0.0,0.0,0.0,0.0,0.0,0.0,0.0,1.0,0.0,0.1326530612244898,0.1818181818181818,0.09090909090909091,0.0,0.05555555555555555,0,0,0,0,0,0,1,1,0.5,0.25,0.0,389000.0
10669987,1,0.0,1.0,0.0,0.0,0.0,0.0,0.0,0.0,1.0,0.0,0.0,0.0,0.0,0.0,0.0,0.0,0.0,1.0,0.22959183673469388,0.2727272727272727,0.09090909090909091,0.0,0.1111111111111111,4,6,0,1,0,0,1,0,0.0,0.0,0.0016011283094340939,347000.0
10669994,1,0.0,0.0,1.0,0.0,0.0,0.0,0.0,0.0,0.0,1.0,0.0,0.0,0.0,0.0,1.0,0.0,0.0,0.0,0.14285714285714288,0.1818181818181818,0.0,0.07142857142857142,0.1111111111111111,2,4,0,1,0,0,0,1,0.0,0.3,0.00041633004151379074,449000.0
10669983,1,0.0,1.0,0.0,0.0,0.0,0.0,0.0,0.0,1.0,0.0,0.0,0.0,0.0,0.0,0.0,0.0,0.0,1.0,0.20102040816326533,0.1818181818181818,0.09090909090909091,0.0,0.1111111111111111,1,4,0,1,0,0,1,0,0.0,0.0,0.0019257556986320716,364000.0
10669996,1,0.0,1.0,0.0,0.0,0.0,0.0,0.0,0.0,1.0,0.0,0.0,0.0,0.0,0.0,0.0,0.0,0.0,1.0,0.6938775510204082,0.36363636363636365,0.18181818181818182,0.0,0.2777777777777778,3,2,0,1,0,0,0,1,0.0,1.0,0.0033012954833692657,975000.0
10669997,1,0.0,1.0,0.0,0.0,0.0,0.0,0.0,0.0,1.0,0.0,0.0,0.0,0.0,0.0,0.0,0.0,0.0,1.0,0.15306122448979595,0.2727272727272727,0.09090909090909091,0.0,0.05555555555555555,3,4,0,1,0,0,0,1,0.0,0.0,0.0002521822938684856,315000.0
10670013,1,0.0,0.0,1.0,0.0,0.0,0.0,0.0,1.0,0.0,0.0,0.0,0.0,0.0,0.0,0.0,0.0,0.0,1.0,0.11734693877551022,0.1818181818181818,0.09090909090909091,0.0,0.1111111111111111,2,4,0,1,0,0,0,0,0.0,0.0,0.0,280000.0
10669978,1,0.0,0.0,1.0,0.0,0.0,0.0,0.0,0.0,0.0,0.0,0.0,0.0,1.0,0.0,0.0,0.0,1.0,0.0,0.2663265306122449,0.4545454545454545,0.18181818181818182,0.07142857142857142,0.1111111111111111,0,0,0,0,0,0,0,0,0.0,0.0,0.0014158889517561517,860000.0
10670002,1,0.0,1.0,0.0,1.0,0.0,0.0,0.0,0.0,0.0,0.0,0.0,0.0,0.0,0.0,0.0,0.0,0.0,1.0,0.17755102040816328,0.1818181818181818,0.18181818181818182,0.0,0.16666666666666666,3,2,0,1,0,0,1,1,0.0,0.0,0.0,549000.0
10670015,1,0.0,1.0,0.0,1.0,0.0,0.0,0.0,0.0,0.0,0.0,0.0,0.0,0.0,0.0,0.0,0.0,0.0,1.0,0.1510204081632653,0.09090909090909091,0.18181818181818182,0.0,0.1111111111111111,0,5,0,0,0,0,1,0,0.11800000000000001,0.0,0.0001971607024789978,244000.0
10669999,0,0.0,0.0,1.0,0.0,0.0,0.0,0.0,0.0,0.0,0.0,0.0,1.0,0.0,0.0,1.0,0.0,0.0,0.0,0.030612244897959183,0.09090909090909091,0.09090909090909091,0.0,0.05555555555555555,3,3,1,1,0,0,0,0,0.0,0.0,0.0,149500.0
10670019,1,0.0,1.0,0.0,0.0,0.0,0.0,0.0,0.0,0.0,0.0,0.0,0.0,0.0,1.0,0.0,0.0,0.0,1.0,0.15918367346938778,0.2727272727272727,0.0,0.0,0.1111111111111111,3,2,0,0,0,0,0,1,0.0,0.0,0.0007152806880633409,495000.0
10670027,0,0.0,1.0,0.0,1.0,0.0,0.0,0.0,0.0,0.0,0.0,0.0,0.0,0.0,0.0,0.0,0.0,1.0,0.0,0.07142857142857142,0.09090909090909091,0.09090909090909091,0.0,0.05555555555555555,3,5,1,1,0,0,1,1,0.051000000000000004,0.04,0.0,265000.0
10670025,0,0.0,1.0,0.0,1.0,0.0,0.0,0.0,0.0,0.0,0.0,0.0,0.0,0.0,0.0,0.0,0.0,1.0,0.0,0.05510204081632653,0.09090909090909091,0.09090909090909091,0.0,0.05555555555555555,3,3,1,1,0,0,0,1,0.0,0.12,0.0,189000.0
10670001,1,0.0,0.0,1.0,0.0,0.0,0.0,0.0,0.0,0.0,0.0,1.0,0.0,0.0,0.0,0.0,0.0,0.0,1.0,0.4030612244897959,0.5454545454545454,0.18181818181818182,0.0,0.0,5,4,0,1,0,0,0,1,0.0,0.0,0.0010729210320950112,399000.0
10670032,0,0.0,1.0,0.0,0.0,0.0,0.0,0.0,0.0,0.0,0.0,0.0,0.0,0.0,1.0,0.0,0.0,0.0,1.0,0.028571428571428574,0.0,0.0,0.07142857142857142,0.05555555555555555,3,5,0,0,0,0,0,0,0.0,0.0,0.0,170000.0
10670036,0,0.0,0.0,1.0,0.0,0.0,0.0,0.0,0.0,0.0,0.0,1.0,0.0,0.0,0.0,0.0,0.0,0.0,1.0,0.07040816326530613,0.09090909090909091,0.0,0.07142857142857142,0.05555555555555555,1,5,0,0,0,0,0,0,0.0,0.0,0.0,249000.0
10538970,1,0.0,1.0,0.0,0.0,0.0,0.0,1.0,0.0,0.0,0.0,0.0,0.0,0.0,0.0,0.0,0.0,0.0,1.0,0.22448979591836737,0.36363636363636365,0.18181818181818182,0.0,0.16666666666666666,3,5,0,0,0,0,1,1,0.25,0.5,0.00046126434114853907,895000.0
10670042,1,0.0,1.0,0.0,0.0,0.0,0.0,1.0,0.0,0.0,0.0,0.0,0.0,0.0,0.0,0.0,0.0,0.0,1.0,0.1479591836734694,0.1818181818181818,0.0,0.0,0.1111111111111111,3,4,0,0,0,0,0,0,0.0,0.0,0.0017973719853899336,379000.0
10670034,1,0.0,1.0,0.0,0.0,0.0,0.0,0.0,0.0,1.0,0.0,0.0,0.0,0.0,0.0,0.0,0.0,0.0,1.0,0.13673469387755105,0.1818181818181818,0.09090909090909091,0.0,0.1111111111111111,1,0,0,0,0,0,1,1,0.0,0.0,0.0005979012930991003,401300.0
10670030,1,0.0,1.0,0.0,1.0,0.0,0.0,0.0,0.0,0.0,0.0,0.0,0.0,0.0,0.0,0.0,0.0,0.0,1.0,0.2428571428571429,0.2727272727272727,0.18181818181818182,0.0,0.16666666666666666,3,4,0,1,1,0,1,1,0.515,0.0,0.0005713075239275146,895000.0
10670044,1,0.0,1.0,0.0,0.0,0.0,0.0,0.0,0.0,0.0,0.0,0.0,0.0,0.0,1.0,0.0,0.0,0.0,1.0,0.43775510204081636,0.36363636363636365,0.4545454545454546,0.0,0.2777777777777778,3,3,0,0,0,0,0,1,0.0,0.0,0.00158828993810988,1345000.0
10670047,0,0.0,1.0,0.0,0.0,0.0,0.0,0.0,0.0,0.0,0.0,0.0,0.0,0.0,1.0,0.0,0.0,1.0,0.0,0.0816326530612245,0.09090909090909091,0.09090909090909091,0.0,0.1111111111111111,0,1,0,0,0,0,0,0,0.0,0.0,0.0,660000.0
10670049,1,0.0,1.0,0.0,1.0,0.0,0.0,0.0,0.0,0.0,0.0,0.0,0.0,0.0,0.0,0.0,0.0,0.0,1.0,0.16632653061224492,0.1818181818181818,0.09090909090909091,0.0,0.1111111111111111,3,0,0,0,0,0,1,0,0.862,0.0,0.0008748433030928554,682000.0
10670061,1,0.0,1.0,0.0,0.0,0.0,0.0,0.0,0.0,0.0,0.0,0.0,0.0,0.0,1.0,0.0,0.0,0.0,1.0,0.12653061224489798,0.09090909090909091,0.09090909090909091,0.0,0.1111111111111111,4,5,0,0,0,0,1,0,0.481,0.0,0.000545630781279087,359000.0
10670056,1,0.0,1.0,0.0,0.0,0.0,1.0,0.0,0.0,0.0,0.0,0.0,0.0,0.0,0.0,0.0,0.0,1.0,0.0,0.1836734693877551,0.09090909090909091,0.09090909090909091,0.0,0.1111111111111111,3,3,0,1,0,0,0,1,0.0,0.0,0.0008473325073981115,299000.0
10145773,0,0.0,0.0,1.0,0.0,0.0,0.0,0.0,1.0,0.0,0.0,0.0,0.0,0.0,0.0,0.0,0.0,1.0,0.0,0.2142857142857143,0.09090909090909091,0.09090909090909091,0.0,0.0,0,2,1,1,0,0,0,1,0.0,0.15,0.0,595000.0
10670059,0,0.0,1.0,0.0,0.0,0.0,0.0,0.0,0.0,0.0,0.0,0.0,0.0,0.0,1.0,0.0,0.0,1.0,0.0,0.06020408163265307,0.0,0.09090909090909091,0.0,0.05555555555555555,3,3,0,0,0,0,0,1,0.0,0.09,0.0,229000.0
10670069,1,0.0,1.0,0.0,0.0,0.0,0.0,0.0,0.0,1.0,0.0,0.0,0.0,0.0,0.0,0.0,0.0,0.0,1.0,0.2091836734693878,0.1818181818181818,0.09090909090909091,0.0,0.1111111111111111,3,1,0,0,0,0,1,0,0.0,0.0,0.0007327041920033453,589000.0
10670088,1,0.0,1.0,0.0,0.0,0.0,1.0,0.0,0.0,0.0,0.0,0.0,0.0,0.0,0.0,0.0,1.0,0.0,0.0,0.11224489795918369,0.2727272727272727,0.09090909090909091,0.0,0.05555555555555555,0,0,0,0,0,0,1,0,0.0,0.0,5.502159138948776e-05,209000.0
10670074,1,0.0,1.0,0.0,0.0,0.0,1.0,0.0,0.0,0.0,0.0,0.0,0.0,0.0,0.0,0.0,0.0,0.0,1.0,0.10204081632653061,0.1818181818181818,0.09090909090909091,0.0,0.0,3,4,0,0,0,0,1,1,0.0,0.0,0.0005960672400527841,449000.0
10670084,0,0.0,1.0,0.0,0.0,0.0,0.0,0.0,0.0,0.0,0.0,0.0,0.0,0.0,1.0,0.0,0.0,0.0,1.0,0.0816326530612245,0.09090909090909091,0.09090909090909091,0.0,0.05555555555555555,1,2,1,0,0,0,0,0,0.0,0.0,0.0,255000.0
10670082,1,0.0,1.0,0.0,0.0,0.0,0.0,0.0,0.0,0.0,0.0,0.0,0.0,0.0,1.0,0.0,0.0,1.0,0.0,0.11224489795918369,0.2727272727272727,0.09090909090909091,0.0,0.05555555555555555,3,2,0,0,0,0,1,0,0.0,0.0,0.00011921344801055682,255000.0
10670095,1,1.0,0.0,0.0,0.0,1.0,0.0,0.0,0.0,0.0,0.0,0.0,0.0,0.0,0.0,0.0,1.0,0.0,0.0,0.47959183673469385,0.1818181818181818,0.0,0.0,0.0,5,0,0,1,0,0,1,1,0.06,0.0,0.0001375539784737194,495000.0
10539031,1,0.0,1.0,0.0,1.0,0.0,0.0,0.0,0.0,0.0,0.0,0.0,0.0,0.0,0.0,0.0,0.0,0.0,1.0,0.25612244897959185,0.1818181818181818,0.18181818181818182,0.0,0.1111111111111111,2,2,0,0,1,0,1,1,0.5,0.0,0.001375539784737194,749000.0
10670106,1,0.0,1.0,0.0,0.0,0.0,0.0,0.0,0.0,0.0,0.0,0.0,0.0,0.0,1.0,0.0,0.0,0.0,1.0,0.2653061224489796,0.1818181818181818,0.18181818181818182,0.0,0.1111111111111111,3,2,0,0,1,0,0,1,0.0,0.0,0.000971131088024459,639000.0
10670108,0,0.0,1.0,0.0,0.0,0.0,0.0,0.0,0.0,0.0,0.0,0.0,0.0,0.0,1.0,0.0,0.0,1.0,0.0,0.07653061224489796,0.09090909090909091,0.09090909090909091,0.0,0.1111111111111111,3,1,0,0,0,0,0,0,0.0,0.0,0.0,220000.0
10670109,1,0.0,1.0,0.0,0.0,0.0,0.0,0.0,0.0,1.0,0.0,0.0,0.0,0.0,0.0,0.0,0.0,0.0,1.0,0.1326530612244898,0.1818181818181818,0.09090909090909091,0.0,0.05555555555555555,4,5,0,1,0,0,1,0,0.0,0.0,0.0003337976544295591,245000.0
10670114,1,0.0,1.0,0.0,1.0,0.0,0.0,0.0,0.0,0.0,0.0,0.0,0.0,0.0,0.0,0.0,0.0,0.0,1.0,0.25204081632653064,0.2727272727272727,0.18181818181818182,0.0,0.1111111111111111,3,3,0,1,0,0,1,1,0.0,0.0,0.0006785996271370157,499000.0
10670113,0,0.0,0.0,1.0,0.0,0.0,0.0,0.0,0.0,0.0,0.0,0.0,1.0,0.0,0.0,0.0,1.0,0.0,0.0,0.07040816326530613,0.09090909090909091,0.09090909090909091,0.07142857142857142,0.05555555555555555,3,3,0,0,0,0,0,1,0.0,0.04,0.0,78500.0
10670119,1,0.0,1.0,0.0,0.0,0.0,0.0,1.0,0.0,0.0,0.0,0.0,0.0,0.0,0.0,0.0,0.0,0.0,1.0,0.376530612244898,0.2727272727272727,0.18181818181818182,0.0,0.16666666666666666,3,4,0,1,0,0,1,1,1.0,0.25,0.002993174571588134,899000.0
10670122,0,0.0,1.0,0.0,1.0,0.0,0.0,0.0,0.0,0.0,0.0,0.0,0.0,0.0,0.0,0.0,0.0,0.0,1.0,0.07551020408163267,0.1818181818181818,0.09090909090909091,0.0,0.0,3,2,1,1,0,0,0,1,0.0,0.0,0.0,249000.0
10670123,1,0.0,1.0,0.0,1.0,0.0,0.0,0.0,0.0,0.0,0.0,0.0,0.0,0.0,0.0,0.0,0.0,0.0,1.0,0.163265306122449,0.2727272727272727,0.18181818181818182,0.0,0.16666666666666666,3,3,0,1,0,0,0,1,0.0,0.0,7.703022794528286e-05,315000.0
10670125,0,0.0,1.0,0.0,0.0,0.0,1.0,0.0,0.0,0.0,0.0,0.0,0.0,0.0,0.0,0.0,0.0,0.0,1.0,0.07142857142857142,0.09090909090909091,0.09090909090909091,0.0,0.0,0,0,1,1,0,0,0,1,0.0,0.08,0.0,316405.0
10670124,0,0.0,1.0,0.0,0.0,0.0,0.0,0.0,0.0,0.0,0.0,0.0,0.0,0.0,1.0,0.0,0.0,0.0,1.0,0.13571428571428573,0.1818181818181818,0.09090909090909091,0.0,0.1111111111111111,1,0,1,0,0,0,0,1,0.0,0.21,0.0,269000.0
10670131,0,0.0,1.0,0.0,0.0,0.0,1.0,0.0,0.0,0.0,0.0,0.0,0.0,0.0,0.0,0.0,0.0,0.0,1.0,0.07448979591836735,0.09090909090909091,0.09090909090909091,0.0,0.0,0,0,1,1,0,0,0,1,0.0,0.08,0.0,322405.0
10670126,0,0.0,1.0,0.0,0.0,0.0,1.0,0.0,0.0,0.0,0.0,0.0,0.0,0.0,0.0,0.0,0.0,0.0,1.0,0.09387755102040818,0.09090909090909091,0.09090909090909091,0.0,0.0,0,0,1,1,0,0,1,1,0.153,0.17,0.0,386177.0
10670127,0,0.0,1.0,0.0,0.0,0.0,1.0,0.0,0.0,0.0,0.0,0.0,0.0,0.0,0.0,0.0,0.0,0.0,1.0,0.07653061224489796,0.09090909090909091,0.09090909090909091,0.0,0.0,0,0,1,1,0,0,0,1,0.0,0.1,0.0,320405.0
10670133,1,0.0,1.0,0.0,0.0,0.0,1.0,0.0,0.0,0.0,0.0,0.0,0.0,0.0,0.0,0.0,0.0,1.0,0.0,0.19897959183673472,0.2727272727272727,0.0,0.0,0.05555555555555555,3,3,0,0,0,0,1,1,0.33,0.3,0.0004603473146253809,459000.0
10539054,0,0.0,1.0,0.0,0.0,0.0,0.0,0.0,0.0,0.0,0.0,0.0,0.0,0.0,1.0,0.0,0.0,0.0,1.0,0.1,0.1818181818181818,0.0,0.07142857142857142,0.1111111111111111,3,3,1,0,0,0,0,0,0.0,0.0,0.0,425000.0
10670132,0,0.0,1.0,0.0,0.0,0.0,1.0,0.0,0.0,0.0,0.0,0.0,0.0,0.0,0.0,0.0,0.0,0.0,1.0,0.12551020408163266,0.09090909090909091,0.09090909090909091,0.0,0.0,0,0,1,1,0,0,0,1,0.0,0.51,0.0,478741.0
10670163,1,0.0,1.0,0.0,0.0,0.0,1.0,0.0,0.0,0.0,0.0,0.0,0.0,0.0,0.0,0.0,0.0,0.0,1.0,0.19897959183673472,0.1818181818181818,0.09090909090909091,0.0,0.05555555555555555,0,0,0,0,0,0,1,0,0.137,0.0,0.0001971607024789978,230000.0
10670155,0,1.0,0.0,0.0,0.0,1.0,0.0,0.0,0.0,0.0,0.0,0.0,0.0,0.0,0.0,0.0,0.0,0.0,1.0,0.030612244897959183,0.0,0.09090909090909091,0.0,0.05555555555555555,3,5,0,0,0,0,1,1,0.03,0.25,0.0,185000.0
10670152,1,0.0,1.0,0.0,0.0,0.0,1.0,0.0,0.0,0.0,0.0,0.0,0.0,0.0,0.0,0.0,0.0,0.0,1.0,0.17448979591836736,0.36363636363636365,0.18181818181818182,0.0,0.1111111111111111,5,5,0,1,0,0,1,1,0.357,0.0,0.0004630983941948553,298000.0
10670169,1,0.0,0.0,1.0,0.0,0.0,0.0,0.0,1.0,0.0,0.0,0.0,0.0,0.0,0.0,0.0,0.0,0.0,1.0,0.2857142857142857,0.36363636363636365,0.18181818181818182,0.0,0.1111111111111111,3,6,0,1,0,0,1,1,0.38,0.0,0.0005144518794917105,250000.0
10670165,1,0.0,0.0,1.0,0.0,0.0,0.0,0.0,0.0,0.0,0.0,0.0,1.0,0.0,0.0,0.0,1.0,0.0,0.0,0.15816326530612246,0.2727272727272727,0.2727272727272727,0.0,0.16666666666666666,3,5,0,1,0,0,0,1,0.0,0.6,0.0012159771697076796,395000.0
10670171,1,0.0,1.0,0.0,0.0,0.0,1.0,0.0,0.0,0.0,0.0,0.0,0.0,0.0,0.0,0.0,0.0,1.0,0.0,0.08265306122448982,0.09090909090909091,0.09090909090909091,0.0,0.05555555555555555,3,4,0,1,0,0,0,1,0.0,0.0,4.951943225053898e-05,190000.0
10670175,1,0.0,0.0,1.0,0.0,0.0,0.0,0.0,0.0,0.0,0.0,0.0,1.0,0.0,0.0,0.0,0.0,0.0,1.0,0.18673469387755104,0.1818181818181818,0.09090909090909091,0.0,0.05555555555555555,0,2,0,1,0,0,0,1,0.0,0.0,0.0008500835869675859,420000.0
10670170,1,0.0,0.0,1.0,0.0,0.0,0.0,0.0,1.0,0.0,0.0,0.0,0.0,0.0,0.0,0.0,0.0,1.0,0.0,0.2857142857142857,0.36363636363636365,0.18181818181818182,0.0,0.1111111111111111,3,6,0,1,0,0,1,1,0.38,0.0,0.0005144518794917105,250000.0
10670184,0,1.0,0.0,0.0,0.0,1.0,0.0,0.0,0.0,0.0,0.0,0.0,0.0,0.0,0.0,0.0,0.0,1.0,0.0,0.09387755102040818,0.09090909090909091,0.0,0.07142857142857142,0.05555555555555555,1,3,1,1,0,0,0,1,0.0,0.17,0.0,395000.0
10670181,0,0.0,1.0,0.0,1.0,0.0,0.0,0.0,0.0,0.0,0.0,0.0,0.0,0.0,0.0,0.0,0.0,0.0,1.0,0.0326530612244898,0.0,0.09090909090909091,0.0,0.05555555555555555,2,3,1,1,0,0,0,1,0.0,0.18,0.0,189500.0
10670179,1,0.0,1.0,0.0,0.0,0.0,1.0,0.0,0.0,0.0,0.0,0.0,0.0,0.0,0.0,0.0,0.0,0.0,1.0,0.1479591836734694,0.1818181818181818,0.09090909090909091,0.0,0.1111111111111111,3,3,0,1,0,0,1,1,0.0,0.0,0.0003438849461842985,420000.0
10670182,0,0.0,1.0,0.0,1.0,0.0,0.0,0.0,0.0,0.0,0.0,0.0,0.0,0.0,0.0,0.0,0.0,0.0,1.0,0.051020408163265314,0.0,0.09090909090909091,0.0,0.05555555555555555,3,2,0,0,0,0,0,1,0.0,0.12,0.0,159000.0
10670203,0,0.0,1.0,0.0,0.0,0.0,1.0,0.0,0.0,0.0,0.0,0.0,0.0,0.0,0.0,1.0,0.0,0.0,0.0,0.051020408163265314,0.09090909090909091,0.09090909090909091,0.0,0.05555555555555555,5,4,0,1,0,0,0,1,0.0,0.06,0.0,185000.0
10670195,1,0.0,0.0,1.0,0.0,0.0,0.0,0.0,1.0,0.0,0.0,0.0,0.0,0.0,0.0,0.0,1.0,0.0,0.0,0.37857142857142856,0.2727272727272727,0.09090909090909091,0.0,0.0,4,4,0,1,0,0,0,1,0.0,0.0,0.0004768537920422273,170000.0
10670207,0,0.0,0.0,1.0,0.0,0.0,0.0,0.0,0.0,0.0,0.0,1.0,0.0,0.0,0.0,0.0,0.0,0.0,1.0,0.07551020408163267,0.09090909090909091,0.09090909090909091,0.0,0.0,0,1,0,0,0,0,0,1,0.0,0.11,0.0,225000.0
10670191,1,0.0,1.0,0.0,0.0,0.0,0.0,0.0,0.0,0.0,0.0,0.0,0.0,0.0,1.0,0.0,0.0,0.0,1.0,0.2857142857142857,0.36363636363636365,0.09090909090909091,0.07142857142857142,0.1111111111111111,5,6,0,1,0,0,0,0,0.0,0.0,0.0008711751970002228,450000.0
10670200,1,1.0,0.0,0.0,0.0,1.0,0.0,0.0,0.0,0.0,0.0,0.0,0.0,0.0,0.0,0.0,0.0,1.0,0.0,0.19387755102040818,0.1818181818181818,0.09090909090909091,0.07142857142857142,0.1111111111111111,0,6,0,1,0,0,0,0,0.0,0.0,7.427914837580848e-05,599000.0
10670202,1,0.0,1.0,0.0,0.0,0.0,0.0,0.0,0.0,1.0,0.0,0.0,0.0,0.0,0.0,0.0,0.0,0.0,1.0,0.13469387755102044,0.1818181818181818,0.09090909090909091,0.0,0.0,3,2,0,0,0,0,0,0,0.0,0.0,0.0005272902508159244,349000.0
10670211,0,0.0,0.0,1.0,0.0,0.0,0.0,0.0,0.0,0.0,0.0,1.0,0.0,0.0,0.0,0.0,0.0,0.0,1.0,0.07653061224489796,0.09090909090909091,0.09090909090909091,0.0,0.0,0,1,0,0,0,0,0,1,0.0,0.11,0.0,225000.0
10670213,1,0.0,1.0,0.0,0.0,0.0,0.0,0.0,0.0,1.0,0.0,0.0,0.0,0.0,0.0,0.0,0.0,1.0,0.0,0.16836734693877553,0.2727272727272727,0.09090909090909091,0.0,0.1111111111111111,0,4,0,1,0,0,1,0,0.0,0.0,0.00027419093042428065,229000.0
10670216,1,0.0,0.0,1.0,0.0,0.0,0.0,0.0,0.0,0.0,1.0,0.0,0.0,0.0,0.0,0.0,0.0,0.0,1.0,0.06836734693877553,0.0,0.09090909090909091,0.0,0.05555555555555555,0,7,0,1,0,0,0,0,0.0,0.0,0.0,57000.0
10670214,1,0.0,0.0,1.0,0.0,0.0,0.0,0.0,1.0,0.0,0.0,0.0,0.0,0.0,0.0,0.0,0.0,0.0,1.0,0.3469387755102041,0.2727272727272727,0.09090909090909091,0.0,0.1111111111111111,3,7,0,0,0,0,1,1,1.0,0.3,0.0021669336742226597,285000.0
10670217,1,0.0,1.0,0.0,0.0,0.0,0.0,0.0,0.0,1.0,0.0,0.0,0.0,0.0,0.0,0.0,0.0,1.0,0.0,0.12040816326530615,0.1818181818181818,0.0,0.0,0.0,0,0,0,1,0,0,1,0,0.0,0.0,0.00033012954833692656,387716.0
10670218,1,0.0,1.0,0.0,1.0,0.0,0.0,0.0,0.0,0.0,0.0,0.0,0.0,0.0,0.0,0.0,0.0,0.0,1.0,0.12040816326530615,0.2727272727272727,0.09090909090909091,0.0,0.1111111111111111,3,1,0,1,0,0,1,0,0.0,0.0,0.00021091610032636975,339000.0
10670228,1,0.0,1.0,0.0,1.0,0.0,0.0,0.0,0.0,0.0,0.0,0.0,0.0,0.0,0.0,0.0,0.0,0.0,1.0,0.17346938775510207,0.1818181818181818,0.18181818181818182,0.0,0.1111111111111111,3,3,0,1,0,0,1,0,0.0,0.0,0.00011371128887160804,299900.0
10670224,1,0.0,1.0,0.0,0.0,0.0,0.0,0.0,0.0,1.0,0.0,0.0,0.0,0.0,0.0,0.0,0.0,0.0,1.0,0.16938775510204085,0.1818181818181818,0.09090909090909091,0.07142857142857142,0.1111111111111111,1,0,0,0,0,0,1,1,0.0,0.2,0.0006474207253496393,459000.0
10670229,1,0.0,1.0,0.0,1.0,0.0,0.0,0.0,0.0,0.0,0.0,0.0,0.0,0.0,0.0,0.0,0.0,0.0,1.0,0.10612244897959186,0.1818181818181818,0.09090909090909091,0.0,0.1111111111111111,2,3,0,1,0,0,1,1,0.097,0.0,0.00015039234979793322,445000.0
10670234,0,1.0,0.0,0.0,0.0,1.0,0.0,0.0,0.0,0.0,0.0,0.0,0.0,0.0,0.0,0.0,0.0,0.0,1.0,0.017346938775510204,0.0,0.09090909090909091,0.0,0.05555555555555555,3,1,0,0,0,0,0,0,0.0,0.0,0.0,120000.0
10670235,0,1.0,0.0,0.0,0.0,1.0,0.0,0.0,0.0,0.0,0.0,0.0,0.0,0.0,0.0,0.0,0.0,0.0,1.0,0.04183673469387755,0.0,0.09090909090909091,0.0,0.05555555555555555,3,1,0,0,0,0,0,0,0.0,0.0,0.0,279000.0
10277018,0,0.0,1.0,0.0,0.0,0.0,0.0,0.0,0.0,0.0,0.0,0.0,0.0,0.0,1.0,0.0,0.0,0.0,1.0,0.013265306122448979,0.0,0.09090909090909091,0.0,0.05555555555555555,3,3,1,1,0,0,0,0,0.0,0.0,0.0,165000.0
10670240,0,1.0,0.0,0.0,0.0,1.0,0.0,0.0,0.0,0.0,0.0,0.0,0.0,0.0,0.0,0.0,0.0,0.0,1.0,0.06122448979591837,0.09090909090909091,0.09090909090909091,0.0,0.05555555555555555,3,1,0,0,0,0,0,0,0.0,0.0,0.0,295000.0
10408108,0,0.0,1.0,0.0,0.0,0.0,1.0,0.0,0.0,0.0,0.0,0.0,0.0,0.0,0.0,1.0,0.0,0.0,0.0,0.025510204081632654,0.0,0.09090909090909091,0.0,0.05555555555555555,3,2,1,0,0,0,0,1,0.0,0.07,0.0,189000.0
10670241,0,1.0,0.0,0.0,0.0,1.0,0.0,0.0,0.0,0.0,0.0,0.0,0.0,0.0,0.0,1.0,0.0,0.0,0.0,0.02959183673469388,0.0,0.09090909090909091,0.0,0.05555555555555555,3,1,1,0,0,0,0,0,0.0,0.0,0.0,215000.0
10670258,1,1.0,0.0,0.0,0.0,1.0,0.0,0.0,0.0,0.0,0.0,0.0,0.0,0.0,0.0,0.0,0.0,0.0,1.0,0.022448979591836733,0.0,0.09090909090909091,0.0,0.05555555555555555,3,5,1,0,0,0,0,0,0.0,0.0,0.0,199000.0
10670260,1,0.0,0.0,1.0,0.0,0.0,0.0,0.0,1.0,0.0,0.0,0.0,0.0,0.0,0.0,0.0,0.0,1.0,0.0,0.3469387755102041,0.2727272727272727,0.09090909090909091,0.0,0.1111111111111111,3,7,0,0,0,0,1,1,1.0,0.3,0.0021577634089910785,285000.0
10670262,1,0.0,0.0,1.0,0.0,0.0,0.0,0.0,0.0,0.0,0.0,1.0,0.0,0.0,0.0,0.0,0.0,0.0,1.0,0.06836734693877553,0.1818181818181818,0.09090909090909091,0.0,0.05555555555555555,3,7,0,1,0,0,0,0,0.0,0.0,0.0005548010465106682,215000.0
10670270,0,0.0,0.0,1.0,0.0,0.0,0.0,0.0,0.0,0.0,0.0,0.0,0.0,1.0,0.0,0.0,0.0,1.0,0.0,0.08061224489795918,0.1818181818181818,0.09090909090909091,0.0,0.05555555555555555,1,3,1,1,0,0,0,1,0.0,0.11,0.0,260000.0
10670263,0,0.0,1.0,0.0,1.0,0.0,0.0,0.0,0.0,0.0,0.0,0.0,0.0,0.0,0.0,0.0,0.0,1.0,0.0,0.07142857142857142,0.1818181818181818,0.09090909090909091,0.0,0.0,0,0,1,0,0,0,0,1,0.0,0.08,0.0,329000.0
10670264,1,0.0,0.0,1.0,0.0,0.0,0.0,0.0,0.0,0.0,1.0,0.0,0.0,0.0,0.0,0.0,0.0,0.0,1.0,0.10408163265306122,0.2727272727272727,0.09090909090909091,0.0,0.0,2,7,0,0,0,0,0,0,0.0,0.0,7.611320142212473e-05,214000.0
10670289,0,0.0,0.0,1.0,0.0,0.0,0.0,0.0,0.0,0.0,0.0,0.0,1.0,0.0,0.0,0.0,1.0,0.0,0.0,0.07653061224489796,0.09090909090909091,0.09090909090909091,0.0,0.05555555555555555,3,3,1,1,0,0,0,0,0.0,0.0,0.0,235000.0
10670269,1,0.0,0.0,1.0,0.0,0.0,0.0,0.0,0.0,0.0,0.0,0.0,1.0,0.0,0.0,0.0,0.0,0.0,1.0,0.2857142857142857,0.1818181818181818,0.18181818181818182,0.0,0.16666666666666666,1,1,0,0,0,0,0,1,0.0,0.0,0.0013278544055329712,450000.0
10670301,0,0.0,0.0,1.0,0.0,0.0,0.0,0.0,0.0,0.0,1.0,0.0,0.0,0.0,0.0,0.0,0.0,1.0,0.0,0.05204081632653062,0.09090909090909091,0.09090909090909091,0.0,0.05555555555555555,3,2,1,0,0,0,0,0,0.0,0.0,0.0,139500.0
10670303,1,0.0,0.0,1.0,0.0,0.0,0.0,0.0,0.0,0.0,0.0,0.0,0.0,1.0,0.0,0.0,0.0,0.0,1.0,0.18571428571428575,0.2727272727272727,0.09090909090909091,0.07142857142857142,0.16666666666666666,0,0,0,0,0,0,1,1,0.18,0.27,0.0007794725446844099,450000.0
10670304,1,0.0,0.0,1.0,0.0,0.0,0.0,0.0,1.0,0.0,0.0,0.0,0.0,0.0,0.0,0.0,1.0,0.0,0.0,0.18571428571428575,0.2727272727272727,0.09090909090909091,0.07142857142857142,0.16666666666666666,0,0,0,0,0,0,1,1,0.18,0.27,0.0007794725446844099,450000.0
10670309,1,0.0,0.0,1.0,0.0,0.0,0.0,0.0,0.0,0.0,0.0,0.0,0.0,1.0,0.0,0.0,0.0,0.0,1.0,0.23367346938775516,0.2727272727272727,0.09090909090909091,0.07142857142857142,0.16666666666666666,0,0,0,0,0,0,1,1,0.18,0.27,0.0007794725446844099,490000.0
10670308,1,0.0,0.0,1.0,0.0,0.0,0.0,0.0,1.0,0.0,0.0,0.0,0.0,0.0,0.0,0.0,1.0,0.0,0.0,0.25,0.2727272727272727,0.09090909090909091,0.07142857142857142,0.16666666666666666,0,0,0,0,0,0,1,1,0.18,0.27,0.0007794725446844099,530000.0
10670311,1,0.0,0.0,1.0,0.0,0.0,0.0,0.0,1.0,0.0,0.0,0.0,0.0,0.0,0.0,0.0,1.0,0.0,0.0,0.29489795918367345,0.2727272727272727,0.09090909090909091,0.07142857142857142,0.16666666666666666,0,0,0,0,0,0,1,1,0.18,0.27,0.0007794725446844099,580000.0
10670307,1,0.0,0.0,1.0,0.0,0.0,0.0,0.0,0.0,0.0,0.0,0.0,0.0,1.0,0.0,0.0,0.0,0.0,1.0,0.25,0.2727272727272727,0.09090909090909091,0.07142857142857142,0.16666666666666666,0,0,0,0,0,0,1,1,0.18,0.27,0.0007794725446844099,530000.0
10670310,1,0.0,0.0,1.0,0.0,0.0,0.0,0.0,1.0,0.0,0.0,0.0,0.0,0.0,0.0,0.0,1.0,0.0,0.0,0.23367346938775516,0.2727272727272727,0.09090909090909091,0.07142857142857142,0.16666666666666666,0,0,0,0,0,0,1,1,0.18,0.27,0.0007794725446844099,490000.0
10670312,1,0.0,0.0,1.0,0.0,0.0,0.0,0.0,0.0,0.0,0.0,0.0,0.0,1.0,0.0,0.0,0.0,0.0,1.0,0.29489795918367345,0.2727272727272727,0.09090909090909091,0.07142857142857142,0.16666666666666666,0,0,0,0,0,0,1,1,0.18,0.27,0.0007794725446844099,659850.0
10670314,1,0.0,0.0,1.0,0.0,0.0,0.0,0.0,1.0,0.0,0.0,0.0,0.0,0.0,0.0,0.0,1.0,0.0,0.0,0.29489795918367345,0.2727272727272727,0.09090909090909091,0.07142857142857142,0.16666666666666666,0,0,0,0,0,0,1,1,0.18,0.27,0.0007794725446844099,580000.0
10670313,1,0.0,0.0,1.0,0.0,0.0,0.0,0.0,0.0,0.0,0.0,0.0,0.0,1.0,0.0,0.0,0.0,0.0,1.0,0.29489795918367345,0.2727272727272727,0.09090909090909091,0.07142857142857142,0.16666666666666666,0,0,0,0,0,0,1,1,0.18,0.27,0.0007794725446844099,580000.0
10670319,1,0.0,0.0,1.0,0.0,0.0,0.0,0.0,1.0,0.0,0.0,0.0,0.0,0.0,0.0,0.0,0.0,0.0,1.0,0.20510204081632655,0.1818181818181818,0.0,0.14285714285714285,0.16666666666666666,2,2,0,0,0,0,1,1,1.0,0.4,0.0011572874722255591,598000.0
10670327,1,0.0,1.0,0.0,0.0,0.0,1.0,0.0,0.0,0.0,0.0,0.0,0.0,0.0,0.0,0.0,0.0,1.0,0.0,0.13673469387755105,0.1818181818181818,0.09090909090909091,0.0,0.1111111111111111,3,4,0,1,0,0,0,0,0.0,0.0,6.419185662106905e-05,224000.0
10670321,1,0.0,0.0,1.0,0.0,0.0,0.0,0.0,0.0,0.0,0.0,0.0,1.0,0.0,0.0,0.0,0.0,1.0,0.0,0.0816326530612245,0.09090909090909091,0.09090909090909091,0.0,0.1111111111111111,0,7,0,0,0,0,1,1,1.0,0.17,0.001545189691521448,200000.0
10670320,1,0.0,0.0,1.0,0.0,0.0,0.0,0.0,0.0,0.0,0.0,0.0,0.0,1.0,0.0,0.0,0.0,0.0,1.0,0.12551020408163266,0.09090909090909091,0.0,0.07142857142857142,0.05555555555555555,3,3,0,0,0,0,1,1,0.43,0.12,0.000467683526810646,330000.0
10670328,1,0.0,1.0,0.0,0.0,0.0,0.0,1.0,0.0,0.0,0.0,0.0,0.0,0.0,0.0,0.0,0.0,1.0,0.0,0.07755102040816328,0.09090909090909091,0.09090909090909091,0.0,0.0,5,4,0,0,0,0,1,0,0.065,0.0,5.960672400527841e-05,135000.0
10670325,0,0.0,1.0,0.0,0.0,0.0,0.0,1.0,0.0,0.0,0.0,0.0,0.0,0.0,0.0,0.0,0.0,0.0,1.0,0.07551020408163267,0.09090909090909091,0.09090909090909091,0.0,0.05555555555555555,1,1,1,0,0,0,1,1,0.063,0.22,0.0,315000.0
10670323,1,0.0,0.0,1.0,0.0,0.0,0.0,0.0,1.0,0.0,0.0,0.0,0.0,0.0,0.0,0.0,0.0,0.0,1.0,0.10204081632653061,0.1818181818181818,0.0,0.07142857142857142,0.05555555555555555,0,5,0,0,0,0,1,1,0.6,0.5,0.0007336212185265035,248000.0
10670330,1,0.0,0.0,1.0,0.0,0.0,0.0,0.0,1.0,0.0,0.0,0.0,0.0,0.0,0.0,0.0,0.0,0.0,1.0,0.13775510204081634,0.09090909090909091,0.18181818181818182,0.07142857142857142,0.1111111111111111,1,4,0,0,0,0,1,0,0.436,0.0,0.0004906091898895992,295000.0
10670337,1,0.0,1.0,0.0,1.0,0.0,0.0,0.0,0.0,0.0,0.0,0.0,0.0,0.0,0.0,0.0,0.0,1.0,0.0,0.163265306122449,0.2727272727272727,0.18181818181818182,0.0,0.1111111111111111,1,2,0,0,0,1,1,1,0.085,0.2,0.00017606909244636084,549000.0
10670331,1,0.0,1.0,0.0,0.0,0.0,0.0,1.0,0.0,0.0,0.0,0.0,0.0,0.0,0.0,0.0,0.0,0.0,1.0,0.22448979591836737,0.36363636363636365,0.18181818181818182,0.07142857142857142,0.16666666666666666,3,5,0,0,0,0,1,1,0.25,0.37,0.00046126434114853907,895000.0
10670339,1,0.0,1.0,0.0,0.0,0.0,0.0,0.0,0.0,0.0,0.0,0.0,0.0,0.0,1.0,0.0,0.0,1.0,0.0,0.15714285714285717,0.2727272727272727,0.0,0.0,0.05555555555555555,3,2,0,0,0,0,0,1,0.0,0.0,0.00021366717989584414,385000.0
10670338,0,0.0,1.0,0.0,0.0,0.0,0.0,0.0,0.0,0.0,0.0,0.0,0.0,0.0,1.0,0.0,0.0,0.0,1.0,0.030612244897959183,0.0,0.0,0.0,0.05555555555555555,1,2,1,0,0,0,0,1,0.0,0.1,0.0,435000.0
10670340,1,0.0,1.0,0.0,0.0,0.0,1.0,0.0,0.0,0.0,0.0,0.0,0.0,0.0,0.0,0.0,0.0,0.0,1.0,0.20510204081632655,0.1818181818181818,0.0,0.0,0.05555555555555555,3,0,0,0,0,0,1,1,0.0,0.0,0.00026410363866954126,525000.0
10670341,0,0.0,1.0,0.0,0.0,0.0,0.0,0.0,0.0,0.0,0.0,0.0,0.0,0.0,1.0,0.0,0.0,0.0,1.0,0.07755102040816328,0.09090909090909091,0.0,0.0,0.05555555555555555,3,2,1,0,0,0,0,1,0.0,0.04,0.0,339000.0
10670346,0,0.0,1.0,0.0,0.0,0.0,0.0,1.0,0.0,0.0,0.0,0.0,0.0,0.0,0.0,0.0,0.0,0.0,1.0,0.07244897959183674,0.09090909090909091,0.09090909090909091,0.0,0.0,1,1,0,0,0,0,0,1,0.0,0.46,0.0,344764.0
10670347,0,0.0,1.0,0.0,0.0,0.0,0.0,1.0,0.0,0.0,0.0,0.0,0.0,0.0,0.0,0.0,0.0,0.0,1.0,0.07244897959183674,0.09090909090909091,0.09090909090909091,0.0,0.0,1,1,0,0,0,0,0,1,0.0,0.38,0.0,340521.0
10670342,1,0.0,1.0,0.0,0.0,0.0,0.0,1.0,0.0,0.0,0.0,0.0,0.0,0.0,0.0,0.0,0.0,0.0,1.0,0.25510204081632654,0.1818181818181818,0.09090909090909091,0.0,0.1111111111111111,3,4,0,1,0,0,1,0,0.0,0.0,0.00042550030674537204,425000.0
10670348,0,0.0,1.0,0.0,0.0,0.0,0.0,1.0,0.0,0.0,0.0,0.0,0.0,0.0,0.0,0.0,0.0,0.0,1.0,0.09285714285714286,0.09090909090909091,0.09090909090909091,0.0,0.0,1,1,0,0,0,0,0,1,0.0,0.5700000000000001,0.0,395780.0
10670349,0,1.0,0.0,0.0,0.0,1.0,0.0,0.0,0.0,0.0,0.0,0.0,0.0,0.0,0.0,0.0,0.0,0.0,1.0,0.07346938775510206,0.09090909090909091,0.09090909090909091,0.07142857142857142,0.05555555555555555,2,3,1,0,0,0,0,1,0.0,0.1,0.0,385000.0
10670351,0,0.0,1.0,0.0,0.0,0.0,0.0,0.0,0.0,0.0,0.0,0.0,0.0,0.0,1.0,0.0,0.0,1.0,0.0,0.10510204081632654,0.09090909090909091,0.09090909090909091,0.0,0.1111111111111111,3,2,1,1,0,0,0,1,0.0,0.19,0.0,369000.0
10670352,0,0.0,1.0,0.0,0.0,0.0,0.0,0.0,0.0,0.0,0.0,0.0,0.0,0.0,1.0,0.0,0.0,1.0,0.0,0.10510204081632654,0.09090909090909091,0.09090909090909091,0.0,0.1111111111111111,3,2,1,1,0,0,0,1,0.0,0.19,0.0,369000.0
10670358,1,0.0,1.0,0.0,0.0,0.0,1.0,0.0,0.0,0.0,0.0,0.0,0.0,0.0,0.0,0.0,0.0,0.0,1.0,0.2285714285714286,0.2727272727272727,0.09090909090909091,0.0,0.16666666666666666,0,0,0,1,0,0,1,1,0.0,0.0,0.0005016135081674967,555250.0
10670360,1,0.0,1.0,0.0,0.0,0.0,0.0,1.0,0.0,0.0,0.0,0.0,0.0,0.0,0.0,0.0,0.0,0.0,1.0,0.3010204081632653,0.36363636363636365,0.09090909090909091,0.0,0.1111111111111111,2,2,0,1,0,0,1,1,0.0,0.0,0.0009344500270981338,555000.0
10670356,1,0.0,1.0,0.0,0.0,0.0,1.0,0.0,0.0,0.0,0.0,0.0,0.0,0.0,0.0,0.0,0.0,0.0,1.0,0.15612244897959185,0.2727272727272727,0.18181818181818182,0.0,0.16666666666666666,0,5,0,1,0,0,1,1,0.0,0.0,0.002354007084946918,525000.0
10670357,1,0.0,1.0,0.0,0.0,0.0,1.0,0.0,0.0,0.0,0.0,0.0,0.0,0.0,0.0,0.0,0.0,0.0,1.0,0.22346938775510206,0.2727272727272727,0.09090909090909091,0.0,0.16666666666666666,0,0,0,1,0,0,1,1,0.0,0.0,0.00035305521141587977,505250.0
10670361,0,1.0,0.0,0.0,0.0,1.0,0.0,0.0,0.0,0.0,0.0,0.0,0.0,0.0,0.0,0.0,1.0,0.0,0.0,0.13571428571428573,0.2727272727272727,0.18181818181818182,0.0,0.05555555555555555,5,6,0,0,0,0,0,1,0.0,0.02,0.0,279000.0
10670367,0,0.0,1.0,0.0,0.0,0.0,0.0,0.0,0.0,0.0,0.0,0.0,0.0,0.0,1.0,0.0,0.0,0.0,1.0,0.051020408163265314,0.0,0.09090909090909091,0.0,0.05555555555555555,0,0,1,1,0,0,0,1,0.0,0.06,0.0,256500.0
10670369,0,1.0,0.0,0.0,0.0,1.0,0.0,0.0,0.0,0.0,0.0,0.0,0.0,0.0,0.0,0.0,0.0,0.0,1.0,0.07142857142857142,0.09090909090909091,0.09090909090909091,0.0,0.05555555555555555,5,5,1,0,0,0,0,1,0.0,0.1,0.0,325000.0
10670372,1,0.0,0.0,1.0,0.0,0.0,0.0,0.0,1.0,0.0,0.0,0.0,0.0,0.0,0.0,0.0,0.0,0.0,1.0,0.1836734693877551,0.2727272727272727,0.18181818181818182,0.14285714285714285,0.1111111111111111,5,3,0,0,0,0,1,1,0.4,0.7000000000000001,0.0005603032056496171,199900.0
10670371,0,0.0,0.0,1.0,0.0,0.0,0.0,0.0,1.0,0.0,0.0,0.0,0.0,0.0,0.0,0.0,0.0,1.0,0.0,0.05612244897959184,0.09090909090909091,0.09090909090909091,0.07142857142857142,0.05555555555555555,1,4,1,0,0,0,0,1,0.0,0.0,0.0,245000.0
10670384,1,0.0,1.0,0.0,0.0,0.0,1.0,0.0,0.0,0.0,0.0,0.0,0.0,0.0,0.0,0.0,0.0,1.0,0.0,0.2459183673469388,0.1818181818181818,0.18181818181818182,0.0,0.1111111111111111,4,4,0,1,0,0,1,1,0.158,0.54,0.0002494312142990112,318000.0
10670376,1,1.0,0.0,0.0,0.0,1.0,0.0,0.0,0.0,0.0,0.0,0.0,0.0,0.0,0.0,0.0,0.0,0.0,1.0,0.5887755102040817,0.4545454545454545,0.18181818181818182,0.0,0.2222222222222222,1,4,0,1,0,1,1,1,0.0,0.0,0.0009399521862370826,1395000.0
10670373,0,0.0,1.0,0.0,1.0,0.0,0.0,0.0,0.0,0.0,0.0,0.0,0.0,0.0,0.0,0.0,0.0,0.0,1.0,0.08673469387755103,0.1818181818181818,0.09090909090909091,0.0,0.16666666666666666,0,3,0,1,0,0,0,1,0.0,0.0,0.0,249000.0
10670380,1,0.0,0.0,1.0,0.0,0.0,0.0,0.0,1.0,0.0,0.0,0.0,0.0,0.0,0.0,0.0,0.0,0.0,1.0,0.1479591836734694,0.2727272727272727,0.09090909090909091,0.0,0.05555555555555555,6,1,0,0,0,0,1,0,0.888,0.0,0.0012590774162961117,275000.0
10670383,1,0.0,1.0,0.0,0.0,0.0,0.0,0.0,0.0,0.0,0.0,0.0,0.0,0.0,1.0,0.0,0.0,0.0,1.0,0.2122448979591837,0.2727272727272727,0.18181818181818182,0.0,0.0,3,6,0,0,0,0,0,0,0.0,0.0,0.00032095928310534527,265000.0
10670377,1,0.0,1.0,0.0,1.0,0.0,0.0,0.0,0.0,0.0,0.0,0.0,0.0,0.0,0.0,0.0,0.0,0.0,1.0,0.07653061224489796,0.09090909090909091,0.09090909090909091,0.0,0.1111111111111111,1,2,0,0,0,0,0,1,0.0,0.1,9.628778493160358e-05,249000.0
10670389,1,0.0,0.0,1.0,0.0,0.0,0.0,0.0,1.0,0.0,0.0,0.0,0.0,0.0,0.0,0.0,0.0,0.0,1.0,0.14285714285714288,0.1818181818181818,0.09090909090909091,0.0,0.05555555555555555,3,5,0,0,0,0,0,0,0.0,0.0,0.0011462831539476616,165000.0
10670385,1,0.0,0.0,1.0,0.0,0.0,0.0,0.0,0.0,0.0,1.0,0.0,0.0,0.0,0.0,0.0,1.0,0.0,0.0,0.06122448979591837,0.09090909090909091,0.18181818181818182,0.0,0.1111111111111111,2,2,0,1,0,0,1,1,0.05,0.5,0.00011279426234844991,179500.0
10670397,1,0.0,1.0,0.0,0.0,0.0,0.0,0.0,0.0,0.0,0.0,0.0,0.0,0.0,1.0,0.0,0.0,0.0,1.0,0.14489795918367349,0.2727272727272727,0.09090909090909091,0.0,0.0,5,5,0,1,0,0,0,0,0.0,0.0,0.0003374657605221916,189000.0
10670409,1,0.0,1.0,0.0,0.0,0.0,0.0,0.0,0.0,0.0,0.0,0.0,0.0,0.0,1.0,0.0,0.0,0.0,1.0,0.13775510204081634,0.1818181818181818,0.09090909090909091,0.0,0.1111111111111111,3,4,0,0,0,0,1,0,0.195,0.0,0.0003879022192958887,298000.0
10670402,1,0.0,1.0,0.0,0.0,0.0,0.0,0.0,0.0,1.0,0.0,0.0,0.0,0.0,0.0,0.0,0.0,0.0,1.0,0.07244897959183674,0.1818181818181818,0.09090909090909091,0.0,0.05555555555555555,3,0,0,0,0,0,1,0,0.14,0.0,0.0002677717447621738,379000.0
10670425,0,0.0,1.0,0.0,0.0,0.0,0.0,0.0,0.0,0.0,0.0,0.0,0.0,0.0,1.0,0.0,0.0,1.0,0.0,0.10918367346938776,0.1818181818181818,0.09090909090909091,0.07142857142857142,0.1111111111111111,0,0,0,1,0,0,0,1,0.0,0.0,0.0,1100000.0
10670422,1,0.0,1.0,0.0,0.0,0.0,0.0,0.0,0.0,1.0,0.0,0.0,0.0,0.0,0.0,0.0,0.0,0.0,1.0,0.40510204081632656,0.2727272727272727,0.09090909090909091,0.0,0.0,3,6,0,0,0,0,0,0,0.0,0.0,0.011802131353045125,489000.0
10670419,0,0.0,0.0,1.0,0.0,0.0,0.0,0.0,0.0,0.0,1.0,0.0,0.0,0.0,0.0,1.0,0.0,0.0,0.0,0.07448979591836735,0.09090909090909091,0.09090909090909091,0.0,0.0,3,2,0,0,0,0,0,0,0.0,0.0,0.0,185000.0
10670426,0,0.0,1.0,0.0,0.0,0.0,1.0,0.0,0.0,0.0,0.0,0.0,0.0,0.0,0.0,0.0,0.0,0.0,1.0,0.07142857142857142,0.09090909090909091,0.09090909090909091,0.0,0.05555555555555555,1,0,1,0,0,0,0,1,0.0,0.08,0.0,316405.0
10670427,0,0.0,1.0,0.0,0.0,0.0,1.0,0.0,0.0,0.0,0.0,0.0,0.0,0.0,0.0,0.0,0.0,0.0,1.0,0.07755102040816328,0.09090909090909091,0.09090909090909091,0.0,0.05555555555555555,1,0,1,0,0,0,0,1,0.0,0.1,0.0,320405.0
10670428,0,0.0,1.0,0.0,0.0,0.0,1.0,0.0,0.0,0.0,0.0,0.0,0.0,0.0,0.0,0.0,0.0,0.0,1.0,0.07346938775510206,0.09090909090909091,0.09090909090909091,0.0,0.05555555555555555,1,0,1,0,0,0,0,1,0.0,0.08,0.0,322405.0
10670429,0,0.0,1.0,0.0,0.0,0.0,1.0,0.0,0.0,0.0,0.0,0.0,0.0,0.0,0.0,0.0,0.0,0.0,1.0,0.1,0.09090909090909091,0.18181818181818182,0.0,0.05555555555555555,1,0,1,0,0,0,1,1,0.17,0.17,0.0,386177.0
10670432,1,0.0,0.0,1.0,0.0,0.0,0.0,0.0,1.0,0.0,0.0,0.0,0.0,0.0,0.0,0.0,1.0,0.0,0.0,0.09183673469387757,0.09090909090909091,0.09090909090909091,0.0,0.1111111111111111,1,0,0,0,0,0,0,1,0.0,0.0,0.0,195000.0
10670438,0,0.0,1.0,0.0,0.0,0.0,1.0,0.0,0.0,0.0,0.0,0.0,0.0,0.0,0.0,1.0,0.0,0.0,0.0,0.07857142857142857,0.1818181818181818,0.09090909090909091,0.0,0.05555555555555555,0,3,1,1,0,0,0,1,0.0,0.0,0.0,348000.0
10670435,0,0.0,1.0,0.0,0.0,0.0,0.0,0.0,0.0,0.0,0.0,0.0,0.0,0.0,1.0,0.0,0.0,0.0,1.0,0.08571428571428572,0.09090909090909091,0.09090909090909091,0.0,0.0,3,2,1,0,0,0,0,1,0.0,0.0,0.0,340000.0
10670439,1,0.0,1.0,0.0,1.0,0.0,0.0,0.0,0.0,0.0,0.0,0.0,0.0,0.0,0.0,0.0,0.0,0.0,1.0,0.1489795918367347,0.1818181818181818,0.09090909090909091,0.0,0.0,5,6,0,0,0,0,0,0,0.0,0.0,0.00047135163290327846,238000.0
10670440,0,1.0,0.0,0.0,0.0,1.0,0.0,0.0,0.0,0.0,0.0,0.0,0.0,0.0,0.0,0.0,1.0,0.0,0.0,0.0653061224489796,0.09090909090909091,0.09090909090909091,0.0,0.05555555555555555,5,7,1,1,0,0,0,1,0.0,0.23,0.0,195000.0
10670444,0,1.0,0.0,0.0,0.0,1.0,0.0,0.0,0.0,0.0,0.0,0.0,0.0,0.0,0.0,0.0,1.0,0.0,0.0,0.05306122448979592,0.0,0.09090909090909091,0.0,0.05555555555555555,1,3,1,0,0,0,0,1,0.0,0.08,0.0,298000.0
10670442,1,0.0,0.0,1.0,0.0,0.0,0.0,0.0,1.0,0.0,0.0,0.0,0.0,0.0,0.0,0.0,0.0,0.0,1.0,0.46938775510204084,0.2727272727272727,0.18181818181818182,0.07142857142857142,0.1111111111111111,1,5,0,1,0,1,1,1,0.4,0.8,0.004585132615790646,845000.0
10670446,1,0.0,0.0,1.0,0.0,0.0,0.0,0.0,0.0,0.0,0.0,0.0,0.0,1.0,0.0,0.0,0.0,0.0,1.0,0.2857142857142857,0.2727272727272727,0.18181818181818182,0.0,0.16666666666666666,0,3,0,1,0,0,1,1,0.0,0.0,0.0010096462019971004,775000.0
10670448,1,0.0,0.0,1.0,0.0,0.0,0.0,0.0,0.0,0.0,1.0,0.0,0.0,0.0,0.0,0.0,0.0,1.0,0.0,0.20408163265306126,0.2727272727272727,0.18181818181818182,0.0,0.0,1,3,0,0,0,0,1,0,0.0,0.0,0.0010087291754739423,750000.0
10670447,1,1.0,0.0,0.0,0.0,1.0,0.0,0.0,0.0,0.0,0.0,0.0,0.0,0.0,0.0,0.0,1.0,0.0,0.0,0.1622448979591837,0.36363636363636365,0.4545454545454546,0.0,0.2777777777777778,4,0,0,0,0,0,0,0,0.0,0.0,4.585132615790647e-05,449000.0
10670449,0,1.0,0.0,0.0,0.0,1.0,0.0,0.0,0.0,0.0,0.0,0.0,0.0,0.0,0.0,0.0,1.0,0.0,0.0,0.03877551020408163,0.09090909090909091,0.09090909090909091,0.0,0.05555555555555555,3,7,0,0,0,0,0,1,0.0,0.01,0.0,199000.0
10670476,1,0.0,1.0,0.0,0.0,0.0,0.0,0.0,0.0,0.0,0.0,0.0,0.0,0.0,1.0,0.0,0.0,0.0,1.0,0.14489795918367349,0.2727272727272727,0.09090909090909091,0.0,0.0,3,2,0,0,0,0,0,0,0.0,0.0,0.00037598087449483304,480000.0
10670469,0,1.0,0.0,0.0,0.0,1.0,0.0,0.0,0.0,0.0,0.0,0.0,0.0,0.0,0.0,0.0,1.0,0.0,0.0,0.23571428571428574,0.2727272727272727,0.18181818181818182,0.0,0.1111111111111111,3,5,1,0,0,0,0,1,0.0,0.06,0.0,1250000.0
10670483,0,1.0,0.0,0.0,0.0,1.0,0.0,0.0,0.0,0.0,0.0,0.0,0.0,0.0,0.0,0.0,0.0,1.0,0.0,0.1163265306122449,0.1818181818181818,0.09090909090909091,0.07142857142857142,0.1111111111111111,0,0,0,0,0,0,0,1,0.0,0.03,0.0,545000.0
10670474,1,1.0,0.0,0.0,0.0,1.0,0.0,0.0,0.0,0.0,0.0,0.0,0.0,0.0,0.0,0.0,0.0,0.0,1.0,0.15306122448979595,0.09090909090909091,0.09090909090909091,0.07142857142857142,0.05555555555555555,3,7,0,0,0,0,1,1,0.02,0.02,7.794725446844099e-05,585000.0
10670484,1,0.0,1.0,0.0,1.0,0.0,0.0,0.0,0.0,0.0,0.0,0.0,0.0,0.0,0.0,0.0,0.0,0.0,1.0,0.45102040816326533,0.2727272727272727,0.18181818181818182,0.0,0.16666666666666666,3,3,0,0,1,0,0,0,0.0,0.0,0.0021201653215415952,875000.0
10670486,0,1.0,0.0,0.0,0.0,1.0,0.0,0.0,0.0,0.0,0.0,0.0,0.0,0.0,0.0,0.0,1.0,0.0,0.0,0.04795918367346939,0.0,0.09090909090909091,0.0,0.05555555555555555,3,2,1,0,0,0,0,0,0.0,0.0,0.0,340000.0
10670485,1,0.0,0.0,1.0,0.0,0.0,0.0,0.0,1.0,0.0,0.0,0.0,0.0,0.0,0.0,0.0,0.0,0.0,1.0,0.1306122448979592,0.1818181818181818,0.09090909090909091,0.0,0.05555555555555555,4,7,0,1,0,0,1,1,0.2,0.0,0.00043008543936116266,165000.0
10670490,1,0.0,1.0,0.0,0.0,0.0,0.0,0.0,0.0,0.0,0.0,0.0,0.0,0.0,1.0,1.0,0.0,0.0,0.0,0.28061224489795916,0.2727272727272727,0.09090909090909091,0.0,0.1111111111111111,4,6,0,0,0,0,0,1,0.0,0.0,0.0001999117820484722,349000.0
10670491,1,0.0,1.0,0.0,0.0,0.0,0.0,0.0,0.0,0.0,0.0,0.0,0.0,0.0,1.0,0.0,0.0,0.0,1.0,0.13673469387755105,0.1818181818181818,0.09090909090909091,0.0,0.05555555555555555,1,2,0,0,0,0,1,0,0.09,0.0,0.00021366717989584414,360000.0
10670493,1,0.0,1.0,0.0,0.0,0.0,0.0,0.0,0.0,0.0,0.0,0.0,0.0,0.0,1.0,0.0,0.0,0.0,1.0,0.22959183673469388,0.2727272727272727,0.09090909090909091,0.0,0.0,3,3,0,0,0,0,1,1,0.25,0.0,0.0015616961689382943,495000.0
10670494,0,0.0,1.0,0.0,0.0,0.0,0.0,0.0,0.0,0.0,0.0,0.0,0.0,0.0,1.0,0.0,0.0,1.0,0.0,0.06428571428571428,0.09090909090909091,0.09090909090909091,0.0,0.05555555555555555,3,3,1,0,0,0,0,1,0.0,0.0,0.0,130000.0
10670498,1,0.0,1.0,0.0,1.0,0.0,0.0,0.0,0.0,0.0,0.0,0.0,0.0,0.0,0.0,0.0,0.0,0.0,1.0,0.12244897959183676,0.09090909090909091,0.09090909090909091,0.0,0.1111111111111111,2,3,0,0,0,0,1,0,0.15,0.0,0.0003182082035358709,349000.0
10670496,0,0.0,1.0,0.0,0.0,0.0,0.0,0.0,0.0,0.0,0.0,0.0,0.0,0.0,1.0,0.0,0.0,1.0,0.0,0.06938775510204082,0.1818181818181818,0.09090909090909091,0.0,0.05555555555555555,3,4,1,0,0,0,0,1,0.0,0.06,0.0,185000.0
10670492,1,0.0,1.0,0.0,0.0,0.0,0.0,0.0,0.0,0.0,0.0,0.0,0.0,0.0,1.0,0.0,0.0,0.0,1.0,0.23163265306122452,0.2727272727272727,0.09090909090909091,0.0,0.05555555555555555,3,3,0,0,0,0,0,0,0.0,0.0,0.0003282954952906103,349000.0
10670503,1,0.0,1.0,0.0,0.0,0.0,1.0,0.0,0.0,0.0,0.0,0.0,0.0,0.0,0.0,0.0,0.0,1.0,0.0,0.09387755102040818,0.1818181818181818,0.0,0.0,0.1111111111111111,3,3,0,0,0,0,0,1,0.0,0.0,0.0,230000.0
10670504,0,1.0,0.0,0.0,0.0,1.0,0.0,0.0,0.0,0.0,0.0,0.0,0.0,0.0,0.0,0.0,0.0,0.0,1.0,0.12244897959183676,0.09090909090909091,0.09090909090909091,0.07142857142857142,0.1111111111111111,0,3,0,0,0,0,0,1,0.0,1.0,0.0,450000.0
10670511,1,0.0,1.0,0.0,0.0,0.0,0.0,0.0,0.0,0.0,0.0,0.0,0.0,0.0,1.0,0.0,0.0,0.0,1.0,0.11530612244897961,0.1818181818181818,0.09090909090909091,0.0,0.0,3,3,0,0,0,0,0,0,0.0,0.0,0.0011600385517950337,499000.0
10539441,0,0.0,1.0,0.0,0.0,0.0,0.0,1.0,0.0,0.0,0.0,0.0,0.0,0.0,0.0,0.0,0.0,0.0,1.0,0.18571428571428575,0.1818181818181818,0.2727272727272727,0.0,0.2222222222222222,0,3,1,1,0,0,0,1,0.0,0.22,0.0,895000.0
10670515,1,0.0,1.0,0.0,1.0,0.0,0.0,0.0,0.0,0.0,0.0,0.0,0.0,0.0,0.0,0.0,0.0,1.0,0.0,0.10204081632653061,0.1818181818181818,0.09090909090909091,0.0,0.0,3,4,0,1,0,0,1,0,0.0,0.0,0.0007437085102812429,395000.0
10670519,0,0.0,1.0,0.0,1.0,0.0,0.0,0.0,0.0,0.0,0.0,0.0,0.0,0.0,0.0,0.0,0.0,0.0,1.0,0.10510204081632654,0.1818181818181818,0.09090909090909091,0.0,0.05555555555555555,1,6,0,0,0,0,1,0,0.17300000000000001,0.0,0.0,286000.0
10670522,0,0.0,0.0,1.0,0.0,0.0,0.0,0.0,0.0,0.0,0.0,1.0,0.0,0.0,0.0,0.0,0.0,0.0,1.0,0.014285714285714284,0.0,0.09090909090909091,0.0,0.05555555555555555,6,4,0,1,0,0,0,0,0.0,0.0,0.0,80000.0
10670524,1,0.0,0.0,1.0,0.0,0.0,0.0,0.0,1.0,0.0,0.0,0.0,0.0,0.0,0.0,0.0,0.0,0.0,1.0,0.12244897959183676,0.09090909090909091,0.09090909090909091,0.07142857142857142,0.05555555555555555,3,6,0,0,0,0,0,1,0.0,0.0,0.00037598087449483304,279900.0
10670523,1,0.0,1.0,0.0,1.0,0.0,0.0,0.0,0.0,0.0,0.0,0.0,0.0,0.0,0.0,0.0,1.0,0.0,0.0,0.12653061224489798,0.2727272727272727,0.09090909090909091,0.0,0.1111111111111111,1,3,0,0,0,0,1,0,0.0,0.0,0.0003429679196611404,415000.0
10670520,0,0.0,0.0,1.0,0.0,0.0,0.0,0.0,0.0,0.0,0.0,1.0,0.0,0.0,0.0,0.0,0.0,0.0,1.0,0.04183673469387755,0.0,0.09090909090909091,0.0,0.05555555555555555,2,3,1,1,0,0,0,1,0.0,0.06,0.0,225000.0
10670526,1,0.0,0.0,1.0,0.0,0.0,0.0,0.0,0.0,0.0,0.0,1.0,0.0,0.0,0.0,0.0,0.0,0.0,1.0,0.35714285714285715,0.4545454545454545,0.18181818181818182,0.0,0.16666666666666666,2,2,0,1,0,0,1,1,1.0,0.0,0.0010389910507381606,398500.0
10670530,1,0.0,1.0,0.0,1.0,0.0,0.0,0.0,0.0,0.0,0.0,0.0,0.0,0.0,0.0,0.0,0.0,1.0,0.0,0.1326530612244898,0.1818181818181818,0.09090909090909091,0.0,0.1111111111111111,1,2,0,0,0,0,1,0,0.12,0.0,0.00019257556986320717,345000.0
10670528,1,0.0,0.0,1.0,0.0,0.0,0.0,0.0,1.0,0.0,0.0,0.0,0.0,0.0,0.0,0.0,0.0,0.0,1.0,0.1326530612244898,0.1818181818181818,0.0,0.0,0.0,0,0,0,0,0,0,1,0,0.0,0.0,0.0006520058579654299,296724.0
10670529,1,0.0,0.0,1.0,0.0,0.0,0.0,0.0,0.0,0.0,0.0,1.0,0.0,0.0,0.0,0.0,0.0,1.0,0.0,0.26326530612244897,0.4545454545454545,0.18181818181818182,0.0,0.1111111111111111,6,7,0,1,0,0,1,1,1.0,0.28,0.0018762362663815326,349000.0
10670531,1,0.0,0.0,1.0,0.0,0.0,0.0,0.0,0.0,0.0,1.0,0.0,0.0,0.0,0.0,0.0,0.0,0.0,1.0,0.1836734693877551,0.36363636363636365,0.09090909090909091,0.0,0.1111111111111111,5,7,0,1,0,0,1,0,0.425,0.0,0.00038973627234220495,245000.0
10670532,1,0.0,0.0,1.0,0.0,0.0,0.0,0.0,0.0,0.0,0.0,1.0,0.0,0.0,0.0,0.0,0.0,1.0,0.0,0.27040816326530615,0.36363636363636365,0.18181818181818182,0.0,0.1111111111111111,3,5,0,1,0,0,0,1,0.0,0.0,0.003365487339990335,460000.0
10670533,1,0.0,0.0,1.0,0.0,0.0,0.0,0.0,0.0,0.0,0.0,1.0,0.0,0.0,0.0,0.0,0.0,1.0,0.0,0.1275510204081633,0.1818181818181818,0.18181818181818182,0.0,0.1111111111111111,3,6,0,1,0,0,1,1,0.534,0.52,0.000489692163366441,265000.0
10670537,1,0.0,1.0,0.0,1.0,0.0,0.0,0.0,0.0,0.0,0.0,0.0,0.0,0.0,0.0,0.0,0.0,1.0,0.0,0.1489795918367347,0.09090909090909091,0.09090909090909091,0.0,0.0,3,3,0,1,0,0,0,0,0.0,0.0,0.0002677717447621738,499000.0
10670548,1,0.0,0.0,1.0,0.0,0.0,0.0,0.0,0.0,0.0,0.0,0.0,1.0,0.0,0.0,0.0,0.0,0.0,1.0,0.2428571428571429,0.2727272727272727,0.09090909090909091,0.0,0.05555555555555555,5,6,0,1,0,0,1,1,1.0,0.0,0.0012471560714950559,420000.0
10670550,1,0.0,0.0,1.0,0.0,0.0,0.0,0.0,0.0,0.0,0.0,0.0,1.0,0.0,0.0,0.0,0.0,0.0,1.0,0.49693877551020416,0.5454545454545454,0.36363636363636365,0.0,0.3333333333333333,3,4,0,1,1,0,1,1,1.0,0.32,0.008270662212363169,1125000.0
10670547,1,0.0,1.0,0.0,1.0,0.0,0.0,0.0,0.0,0.0,0.0,0.0,0.0,0.0,0.0,0.0,0.0,1.0,0.0,0.09081632653061225,0.09090909090909091,0.09090909090909091,0.0,0.05555555555555555,5,6,0,1,0,0,0,1,0.0,0.0,0.0,165000.0
10670552,1,0.0,0.0,1.0,0.0,0.0,0.0,0.0,0.0,0.0,0.0,0.0,1.0,0.0,0.0,0.0,0.0,0.0,1.0,0.1836734693877551,0.36363636363636365,0.18181818181818182,0.0,0.16666666666666666,3,4,0,1,0,0,1,1,1.0,0.35000000000000003,0.0333229097985201,845000.0
10670558,1,0.0,0.0,1.0,0.0,0.0,0.0,0.0,0.0,0.0,0.0,0.0,1.0,0.0,0.0,0.0,0.0,0.0,1.0,0.14285714285714288,0.2727272727272727,0.09090909090909091,0.0,0.1111111111111111,3,7,0,1,0,0,1,1,0.727,0.0,0.00066667828233596,245000.0
10670553,1,0.0,0.0,1.0,0.0,0.0,0.0,0.0,0.0,0.0,0.0,1.0,0.0,0.0,0.0,0.0,0.0,0.0,1.0,0.1836734693877551,0.36363636363636365,0.18181818181818182,0.0,0.16666666666666666,3,4,0,1,0,0,1,1,1.0,0.35000000000000003,0.0333229097985201,845000.0
10670555,1,0.0,0.0,1.0,0.0,0.0,0.0,0.0,0.0,0.0,0.0,1.0,0.0,0.0,0.0,0.0,0.0,0.0,1.0,0.35714285714285715,0.4545454545454545,0.18181818181818182,0.0,0.16666666666666666,2,2,0,1,0,0,1,1,1.0,0.0,0.0010389910507381606,398500.0
10670551,1,0.0,0.0,1.0,0.0,0.0,0.0,0.0,0.0,0.0,0.0,1.0,0.0,0.0,0.0,0.0,0.0,0.0,1.0,0.03571428571428572,0.09090909090909091,0.09090909090909091,0.0,0.05555555555555555,3,7,0,1,0,0,1,0,0.41000000000000003,0.0,0.00037598087449483304,85000.0
10670561,1,0.0,0.0,1.0,0.0,0.0,0.0,0.0,0.0,0.0,0.0,1.0,0.0,0.0,0.0,0.0,0.0,1.0,0.0,0.1836734693877551,0.36363636363636365,0.09090909090909091,0.0,0.1111111111111111,3,3,0,1,0,0,1,1,1.0,0.0,0.041133224696257895,395000.0
10670563,0,0.0,0.0,1.0,0.0,0.0,0.0,0.0,0.0,0.0,0.0,1.0,0.0,0.0,0.0,0.0,0.0,0.0,1.0,0.015306122448979595,0.0,0.09090909090909091,0.0,0.05555555555555555,3,3,1,1,0,1,0,0,0.0,0.0,0.0,99000.0
10670568,1,0.0,1.0,0.0,0.0,0.0,0.0,0.0,0.0,1.0,0.0,0.0,0.0,0.0,0.0,0.0,0.0,0.0,1.0,0.15816326530612246,0.1818181818181818,0.09090909090909091,0.0,0.05555555555555555,5,6,0,0,0,0,1,0,0.643,0.0,0.0067740749265691015,243000.0
10670569,1,0.0,0.0,1.0,0.0,0.0,0.0,0.0,1.0,0.0,0.0,0.0,0.0,0.0,0.0,0.0,1.0,0.0,0.0,0.09183673469387757,0.2727272727272727,0.09090909090909091,0.0,0.05555555555555555,3,0,0,0,0,0,0,1,0.0,0.0,0.0,129000.0
10670570,1,0.0,1.0,0.0,0.0,0.0,1.0,0.0,0.0,0.0,0.0,0.0,0.0,0.0,0.0,0.0,0.0,0.0,1.0,0.2091836734693878,0.1818181818181818,0.0,0.0,0.05555555555555555,3,5,0,0,0,0,1,1,0.0,0.0,0.0017891187466815104,345000.0
10670575,1,1.0,0.0,0.0,0.0,1.0,0.0,0.0,0.0,0.0,0.0,0.0,0.0,0.0,0.0,0.0,0.0,1.0,0.0,0.21836734693877555,0.36363636363636365,0.18181818181818182,0.14285714285714285,0.2222222222222222,0,0,0,0,0,0,0,1,0.0,0.14,0.0,645000.0
10670573,1,0.0,0.0,1.0,0.0,0.0,0.0,0.0,1.0,0.0,0.0,0.0,0.0,0.0,0.0,0.0,0.0,0.0,1.0,0.326530612244898,0.4545454545454545,0.0,0.0,0.2222222222222222,0,5,0,0,0,0,0,0,0.0,0.0,0.00038698519277273057,425000.0
10670577,0,0.0,1.0,0.0,1.0,0.0,0.0,0.0,0.0,0.0,0.0,0.0,0.0,0.0,0.0,0.0,0.0,0.0,1.0,0.07959183673469389,0.09090909090909091,0.09090909090909091,0.0,0.0,1,2,0,0,0,0,0,1,0.0,0.0,0.0,299000.0
10670574,1,0.0,0.0,1.0,0.0,0.0,0.0,0.0,1.0,0.0,0.0,0.0,0.0,0.0,0.0,0.0,0.0,0.0,1.0,0.326530612244898,0.4545454545454545,0.0,0.0,0.2222222222222222,0,5,0,0,0,0,0,0,0.0,0.0,0.00038698519277273057,425000.0
10670580,1,0.0,0.0,1.0,0.0,0.0,0.0,0.0,0.0,0.0,1.0,0.0,0.0,0.0,0.0,1.0,0.0,0.0,0.0,0.1306122448979592,0.2727272727272727,0.09090909090909091,0.0,0.1111111111111111,1,5,0,0,0,0,1,1,0.037,0.14,9.537075840844545e-05,249500.0
10670581,1,0.0,0.0,1.0,0.0,0.0,0.0,0.0,0.0,0.0,1.0,0.0,0.0,0.0,0.0,1.0,0.0,0.0,0.0,0.0816326530612245,0.1818181818181818,0.09090909090909091,0.0,0.1111111111111111,4,6,0,0,0,0,1,1,0.165,0.0,0.00021641825946531852,160000.0
10539509,0,0.0,0.0,1.0,0.0,0.0,0.0,0.0,0.0,0.0,1.0,0.0,0.0,0.0,0.0,0.0,0.0,0.0,1.0,0.07448979591836735,0.09090909090909091,0.09090909090909091,0.0,0.05555555555555555,0,2,0,1,0,0,0,1,0.0,0.15,0.0,197000.0
10670564,1,0.0,0.0,1.0,0.0,0.0,0.0,0.0,0.0,0.0,0.0,0.0,1.0,0.0,0.0,0.0,0.0,0.0,1.0,0.10408163265306122,0.1818181818181818,0.18181818181818182,0.0,0.1111111111111111,3,5,0,0,0,0,1,0,0.716,0.0,0.0006565909905812206,245000.0
10670585,1,0.0,0.0,1.0,0.0,0.0,0.0,0.0,0.0,0.0,1.0,0.0,0.0,0.0,0.0,0.0,0.0,1.0,0.0,0.11530612244897961,0.1818181818181818,0.09090909090909091,0.0,0.1111111111111111,5,7,0,0,0,0,0,1,0.0,0.85,0.00015406045589056572,129000.0
10670587,0,0.0,0.0,1.0,0.0,0.0,0.0,0.0,0.0,0.0,1.0,0.0,0.0,0.0,0.0,0.0,0.0,0.0,1.0,0.0673469387755102,0.09090909090909091,0.0,0.07142857142857142,0.05555555555555555,1,2,1,0,0,0,0,1,0.0,0.0,0.0,225000.0
10670589,1,0.0,1.0,0.0,0.0,0.0,0.0,1.0,0.0,0.0,0.0,0.0,0.0,0.0,0.0,0.0,0.0,0.0,1.0,0.34285714285714286,0.2727272727272727,0.18181818181818182,0.14285714285714285,0.1111111111111111,1,2,0,0,0,0,0,1,0.0,0.0,0.003851511397264143,920000.0
10670605,1,0.0,0.0,1.0,0.0,0.0,0.0,0.0,0.0,0.0,0.0,0.0,0.0,1.0,0.0,0.0,0.0,0.0,1.0,0.2448979591836735,0.36363636363636365,0.0,0.0,0.05555555555555555,0,7,0,0,0,0,1,1,1.0,0.3,0.00141680597827931,395000.0
10670608,1,0.0,0.0,1.0,0.0,0.0,0.0,0.0,0.0,0.0,0.0,0.0,1.0,0.0,0.0,0.0,0.0,1.0,0.0,0.17346938775510207,0.36363636363636365,0.09090909090909091,0.0,0.05555555555555555,4,0,0,1,0,0,0,0,0.0,0.0,6.0523750528436535e-05,285000.0
10670615,0,1.0,0.0,0.0,0.0,1.0,0.0,0.0,0.0,0.0,0.0,0.0,0.0,0.0,0.0,0.0,1.0,0.0,0.0,0.10102040816326532,0.1818181818181818,0.09090909090909091,0.07142857142857142,0.1111111111111111,2,3,1,1,0,0,0,1,0.0,0.5700000000000001,0.0,495000.0
10670614,0,1.0,0.0,0.0,0.0,1.0,0.0,0.0,0.0,0.0,0.0,0.0,0.0,0.0,0.0,0.0,1.0,0.0,0.0,0.10102040816326532,0.1818181818181818,0.09090909090909091,0.07142857142857142,0.1111111111111111,2,3,1,1,0,0,0,1,0.0,0.5700000000000001,0.0,495000.0
10670613,0,1.0,0.0,0.0,0.0,1.0,0.0,0.0,0.0,0.0,0.0,0.0,0.0,0.0,0.0,0.0,1.0,0.0,0.0,0.10102040816326532,0.1818181818181818,0.09090909090909091,0.07142857142857142,0.1111111111111111,2,3,1,1,0,0,0,1,0.0,0.5700000000000001,0.0,495000.0
10670627,1,0.0,0.0,1.0,0.0,0.0,0.0,0.0,1.0,0.0,0.0,0.0,0.0,0.0,0.0,0.0,1.0,0.0,0.0,0.0816326530612245,0.09090909090909091,0.18181818181818182,0.14285714285714285,0.1111111111111111,3,5,0,0,0,0,1,1,0.04,0.1,0.0,210000.0
10670626,0,1.0,0.0,0.0,0.0,1.0,0.0,0.0,0.0,0.0,0.0,0.0,0.0,0.0,0.0,0.0,0.0,0.0,1.0,0.06632653061224492,0.09090909090909091,0.09090909090909091,0.0,0.05555555555555555,0,0,1,1,0,0,0,1,0.0,0.09,0.0,240000.0
10670616,1,0.0,1.0,0.0,0.0,0.0,0.0,0.0,0.0,1.0,0.0,0.0,0.0,0.0,0.0,0.0,0.0,0.0,1.0,0.0816326530612245,0.09090909090909091,0.09090909090909091,0.0,0.05555555555555555,0,4,0,0,0,1,1,1,0.08,0.2,0.00023842689602111364,240000.0
10670631,1,0.0,0.0,1.0,0.0,0.0,0.0,0.0,0.0,0.0,0.0,0.0,0.0,1.0,0.0,0.0,0.0,0.0,1.0,0.20306122448979594,0.36363636363636365,0.18181818181818182,0.0,0.1111111111111111,1,3,0,0,0,0,1,1,0.34,0.5,0.00031178901787376397,495000.0
10670632,1,0.0,0.0,1.0,0.0,0.0,0.0,0.0,0.0,0.0,0.0,1.0,0.0,0.0,0.0,0.0,0.0,1.0,0.0,0.3051020408163265,0.2727272727272727,0.0,0.14285714285714285,0.16666666666666666,3,3,0,0,1,0,1,1,0.53,0.75,0.0010967637216971226,699000.0
10670628,0,0.0,1.0,0.0,0.0,0.0,0.0,0.0,0.0,1.0,0.0,0.0,0.0,0.0,0.0,0.0,0.0,0.0,1.0,0.0836734693877551,0.09090909090909091,0.09090909090909091,0.0,0.0,3,4,0,0,0,0,0,1,0.0,0.04,0.0,164500.0
10670637,1,0.0,0.0,1.0,0.0,0.0,0.0,0.0,1.0,0.0,0.0,0.0,0.0,0.0,0.0,0.0,0.0,0.0,1.0,0.09489795918367347,0.09090909090909091,0.0,0.07142857142857142,0.05555555555555555,0,7,0,1,0,0,0,0,0.0,0.0,0.0,299000.0
10670642,1,0.0,1.0,0.0,0.0,0.0,1.0,0.0,0.0,0.0,0.0,0.0,0.0,0.0,0.0,0.0,0.0,0.0,1.0,0.20102040816326533,0.1818181818181818,0.09090909090909091,0.0,0.1111111111111111,2,2,0,0,0,0,1,1,0.0,0.01,0.0008785114091854879,518500.0
10670638,1,0.0,0.0,1.0,0.0,0.0,0.0,0.0,1.0,0.0,0.0,0.0,0.0,0.0,0.0,0.0,0.0,0.0,1.0,0.09489795918367347,0.09090909090909091,0.0,0.07142857142857142,0.05555555555555555,0,7,0,1,0,0,0,0,0.0,0.0,0.0,299000.0
10670644,0,0.0,0.0,1.0,0.0,0.0,0.0,0.0,0.0,0.0,0.0,0.0,1.0,0.0,0.0,0.0,0.0,1.0,0.0,0.04591836734693878,0.09090909090909091,0.09090909090909091,0.0,0.05555555555555555,5,3,0,1,0,0,0,1,0.0,0.0,0.0,125000.0
10670646,0,1.0,0.0,0.0,0.0,1.0,0.0,0.0,0.0,0.0,0.0,0.0,0.0,0.0,0.0,0.0,1.0,0.0,0.0,0.04897959183673469,0.0,0.09090909090909091,0.0,0.05555555555555555,0,5,0,0,0,0,0,1,0.0,0.04,0.0,299000.0
10670647,1,1.0,0.0,0.0,0.0,1.0,0.0,0.0,0.0,0.0,0.0,0.0,0.0,0.0,0.0,0.0,1.0,0.0,0.0,0.14285714285714288,0.09090909090909091,0.09090909090909091,0.0,0.05555555555555555,0,0,0,0,0,0,0,0,0.0,0.0,0.0,355000.0
10670643,1,0.0,1.0,0.0,0.0,0.0,0.0,1.0,0.0,0.0,0.0,0.0,0.0,0.0,0.0,0.0,0.0,0.0,1.0,0.15408163265306124,0.1818181818181818,0.0,0.0,0.05555555555555555,3,4,0,0,0,0,0,1,0.0,0.0,0.0012508241775876885,525000.0
10670650,1,0.0,1.0,0.0,0.0,0.0,1.0,0.0,0.0,0.0,0.0,0.0,0.0,0.0,0.0,0.0,0.0,0.0,1.0,0.11734693877551022,0.2727272727272727,0.09090909090909091,0.0,0.0,4,5,0,0,0,0,0,0,0.0,0.0,0.0005685564443580402,265000.0
10670652,1,0.0,0.0,1.0,0.0,0.0,0.0,0.0,0.0,0.0,0.0,0.0,0.0,1.0,0.0,0.0,0.0,1.0,0.0,0.15306122448979595,0.1818181818181818,0.09090909090909091,0.0,0.1111111111111111,0,3,0,1,0,0,1,1,0.0,0.0,0.00029803362002639206,365000.0
10670655,1,0.0,0.0,1.0,0.0,0.0,0.0,0.0,1.0,0.0,0.0,0.0,0.0,0.0,0.0,0.0,0.0,1.0,0.0,0.08979591836734696,0.1818181818181818,0.09090909090909091,0.0,0.0,0,7,0,0,0,0,0,1,0.0,0.0,0.0,190000.0
10670653,0,1.0,0.0,0.0,0.0,1.0,0.0,0.0,0.0,0.0,0.0,0.0,0.0,0.0,0.0,0.0,1.0,0.0,0.0,0.03571428571428572,0.0,0.09090909090909091,0.0,0.05555555555555555,5,4,1,0,0,0,0,1,0.0,0.17,0.0,149000.0
10670654,0,0.0,1.0,0.0,1.0,0.0,0.0,0.0,0.0,0.0,0.0,0.0,0.0,0.0,0.0,1.0,0.0,0.0,0.0,0.03571428571428572,0.0,0.09090909090909091,0.0,0.05555555555555555,2,0,0,0,0,0,0,1,0.0,0.2,0.0,249000.0
10670663,0,1.0,0.0,0.0,0.0,1.0,0.0,0.0,0.0,0.0,0.0,0.0,0.0,0.0,0.0,0.0,0.0,0.0,1.0,0.2448979591836735,0.1818181818181818,0.2727272727272727,0.0,0.0,3,4,1,1,0,0,0,1,0.0,0.0,0.0,1690000.0
10670661,1,0.0,1.0,0.0,0.0,0.0,0.0,0.0,0.0,1.0,0.0,0.0,0.0,0.0,0.0,0.0,0.0,0.0,1.0,0.1785714285714286,0.1818181818181818,0.0,0.0,0.0,1,0,0,0,0,0,1,1,0.015,0.18,0.0,399000.0
10670668,1,0.0,1.0,0.0,0.0,0.0,0.0,1.0,0.0,0.0,0.0,0.0,0.0,0.0,0.0,0.0,0.0,0.0,1.0,0.1306122448979592,0.1818181818181818,0.09090909090909091,0.0,0.1111111111111111,0,6,0,0,0,0,1,1,0.22,0.0,0.00028336119565586194,450000.0
10670672,1,0.0,1.0,0.0,0.0,0.0,0.0,0.0,0.0,0.0,0.0,0.0,0.0,0.0,1.0,1.0,0.0,0.0,0.0,0.15918367346938778,0.1818181818181818,0.09090909090909091,0.0,0.05555555555555555,6,5,0,0,0,0,0,1,0.0,0.0,0.00020174583509478846,245000.0
10670673,0,0.0,1.0,0.0,0.0,0.0,0.0,0.0,0.0,0.0,0.0,0.0,0.0,0.0,1.0,0.0,0.0,1.0,0.0,0.07551020408163267,0.09090909090909091,0.0,0.0,0.05555555555555555,3,2,1,0,0,0,0,1,0.0,0.0,0.0,375000.0
10670680,0,1.0,0.0,0.0,0.0,1.0,0.0,0.0,0.0,0.0,0.0,0.0,0.0,0.0,0.0,0.0,1.0,0.0,0.0,0.06632653061224492,0.09090909090909091,0.09090909090909091,0.0,0.05555555555555555,0,5,1,0,0,0,0,1,0.0,0.02,0.0,199000.0
10670675,1,0.0,1.0,0.0,0.0,0.0,0.0,0.0,0.0,0.0,0.0,0.0,0.0,0.0,1.0,0.0,0.0,0.0,1.0,0.11734693877551022,0.09090909090909091,0.09090909090909091,0.0,0.05555555555555555,5,0,0,0,0,0,1,0,0.0,0.0,0.0,235000.0
10670691,0,1.0,0.0,0.0,0.0,1.0,0.0,0.0,0.0,0.0,0.0,0.0,0.0,0.0,0.0,0.0,1.0,0.0,0.0,0.07653061224489796,0.1818181818181818,0.09090909090909091,0.0,0.05555555555555555,0,0,1,0,0,0,0,1,0.0,0.15,0.0,239000.0
10670690,1,1.0,0.0,0.0,0.0,1.0,0.0,0.0,0.0,0.0,0.0,0.0,0.0,0.0,0.0,0.0,1.0,0.0,0.0,0.49591836734693884,0.1818181818181818,0.09090909090909091,0.07142857142857142,0.16666666666666666,0,7,0,0,0,0,0,1,0.0,0.76,0.0003558062909853542,629000.0
10670692,0,1.0,0.0,0.0,0.0,1.0,0.0,0.0,0.0,0.0,0.0,0.0,0.0,0.0,0.0,0.0,1.0,0.0,0.0,0.07653061224489796,0.09090909090909091,0.09090909090909091,0.0,0.05555555555555555,0,7,0,0,0,0,0,1,0.0,0.31,0.0,265000.0
10670695,1,0.0,0.0,1.0,0.0,0.0,0.0,0.0,0.0,0.0,0.0,0.0,0.0,1.0,0.0,0.0,0.0,0.0,1.0,0.09285714285714286,0.1818181818181818,0.09090909090909091,0.0,0.1111111111111111,4,7,0,1,0,0,1,1,0.195,0.3,0.00034847007880008915,475000.0
10670694,0,1.0,0.0,0.0,0.0,1.0,0.0,0.0,0.0,0.0,0.0,0.0,0.0,0.0,0.0,0.0,1.0,0.0,0.0,0.06122448979591837,0.09090909090909091,0.09090909090909091,0.0,0.05555555555555555,0,7,1,0,0,0,1,1,0.13,0.1,0.0,275000.0
10670698,1,0.0,0.0,1.0,0.0,0.0,0.0,0.0,0.0,0.0,1.0,0.0,0.0,0.0,0.0,0.0,0.0,0.0,1.0,0.08979591836734696,0.1818181818181818,0.09090909090909091,0.07142857142857142,0.1111111111111111,0,1,0,0,0,0,1,1,0.1,0.25,0.00026043553257690873,275000.0
10670697,1,0.0,0.0,1.0,0.0,0.0,0.0,0.0,0.0,0.0,0.0,0.0,0.0,1.0,0.0,0.0,0.0,0.0,1.0,0.09285714285714286,0.1818181818181818,0.09090909090909091,0.0,0.1111111111111111,4,7,0,1,0,0,1,1,0.195,0.3,0.00034847007880008915,475000.0
10670704,1,0.0,0.0,1.0,0.0,0.0,0.0,0.0,0.0,0.0,0.0,0.0,0.0,1.0,0.0,0.0,0.0,0.0,1.0,0.15816326530612246,0.36363636363636365,0.0,0.14285714285714285,0.05555555555555555,3,4,0,0,0,0,1,0,1.0,0.0,0.0010408251037844769,620000.0
10670701,1,0.0,0.0,1.0,0.0,0.0,0.0,0.0,0.0,0.0,0.0,0.0,0.0,1.0,0.0,0.0,0.0,0.0,1.0,0.32142857142857145,0.4545454545454545,0.2727272727272727,0.0,0.2222222222222222,0,5,0,0,0,0,0,1,0.0,0.0,0.010560477440689017,1150000.0
10670712,1,0.0,0.0,1.0,0.0,0.0,0.0,0.0,1.0,0.0,0.0,0.0,0.0,0.0,0.0,0.0,0.0,0.0,1.0,0.12244897959183676,0.1818181818181818,0.0,0.0,0.0,0,0,0,0,0,0,0,0,0.0,0.0,0.0,50000.0
10670702,0,0.0,0.0,1.0,0.0,0.0,0.0,0.0,1.0,0.0,0.0,0.0,0.0,0.0,0.0,0.0,0.0,1.0,0.0,0.07142857142857142,0.09090909090909091,0.09090909090909091,0.0,0.0,0,4,1,0,0,0,0,0,0.0,0.0,0.0,149000.0
10670711,1,0.0,0.0,1.0,0.0,0.0,0.0,0.0,0.0,0.0,0.0,0.0,1.0,0.0,0.0,0.0,0.0,0.0,1.0,0.1,0.1818181818181818,0.09090909090909091,0.0,0.05555555555555555,0,6,0,0,0,0,1,1,0.0,0.0,0.00032095928310534527,175000.0
10670717,1,1.0,0.0,0.0,0.0,1.0,0.0,0.0,0.0,0.0,0.0,0.0,0.0,0.0,0.0,0.0,0.0,0.0,1.0,0.10204081632653061,0.1818181818181818,0.09090909090909091,0.0,0.1111111111111111,5,7,0,0,0,0,1,0,0.09,0.0,0.00018340530463162587,425000.0
10670713,0,0.0,1.0,0.0,1.0,0.0,0.0,0.0,0.0,0.0,0.0,0.0,0.0,0.0,0.0,1.0,0.0,0.0,0.0,0.05306122448979592,0.0,0.09090909090909091,0.0,0.0,2,2,0,0,0,0,0,1,0.0,0.35000000000000003,0.0,295000.0
10670723,1,0.0,0.0,1.0,0.0,0.0,0.0,0.0,0.0,0.0,0.0,0.0,1.0,0.0,0.0,1.0,0.0,0.0,0.0,0.16836734693877553,0.2727272727272727,0.36363636363636365,0.0,0.2222222222222222,0,5,0,0,0,0,1,0,0.0,0.0,0.00023842689602111364,585000.0
10670724,1,0.0,0.0,1.0,0.0,0.0,0.0,0.0,0.0,0.0,0.0,0.0,1.0,0.0,0.0,1.0,0.0,0.0,0.0,0.04795918367346939,0.1818181818181818,0.2727272727272727,0.0,0.16666666666666666,0,3,0,0,0,0,0,0,0.0,0.0,9.170265231581294e-05,495000.0
10670732,1,0.0,1.0,0.0,0.0,0.0,0.0,1.0,0.0,0.0,0.0,0.0,0.0,0.0,0.0,0.0,0.0,1.0,0.0,0.20714285714285716,0.2727272727272727,0.18181818181818182,0.0,0.0,3,1,0,0,0,0,0,0,0.0,0.0,0.000531875383431715,625000.0
10670725,1,0.0,0.0,1.0,0.0,0.0,0.0,0.0,1.0,0.0,0.0,0.0,0.0,0.0,0.0,0.0,1.0,0.0,0.0,0.3653061224489796,0.6363636363636364,0.36363636363636365,0.0,0.0,1,4,0,0,0,0,0,1,0.0,0.0,0.0,749000.0
10670729,0,1.0,0.0,0.0,0.0,1.0,0.0,0.0,0.0,0.0,0.0,0.0,0.0,0.0,0.0,0.0,0.0,0.0,1.0,0.030612244897959183,0.0,0.09090909090909091,0.0,0.0,0,7,1,0,0,0,0,1,0.0,0.0,0.0,195000.0
10670733,0,0.0,1.0,0.0,1.0,0.0,0.0,0.0,0.0,0.0,0.0,0.0,0.0,0.0,0.0,1.0,0.0,0.0,0.0,0.05306122448979592,0.0,0.09090909090909091,0.0,0.0,2,2,0,0,0,0,0,1,0.0,0.06,0.0,295000.0
10670736,1,0.0,0.0,1.0,0.0,0.0,0.0,0.0,0.0,0.0,0.0,0.0,0.0,1.0,0.0,0.0,0.0,0.0,1.0,0.163265306122449,0.2727272727272727,0.09090909090909091,0.0,0.1111111111111111,2,4,0,1,0,0,0,1,0.0,0.05,0.0002475971612526949,595000.0
10670739,0,0.0,1.0,0.0,0.0,0.0,0.0,0.0,0.0,0.0,0.0,0.0,0.0,0.0,1.0,0.0,0.0,1.0,0.0,0.09387755102040818,0.09090909090909091,0.0,0.0,0.05555555555555555,0,0,1,0,0,0,0,1,0.0,0.0,0.0,299000.0
10670743,1,0.0,1.0,0.0,1.0,0.0,0.0,0.0,0.0,0.0,0.0,0.0,0.0,0.0,0.0,0.0,0.0,1.0,0.0,0.163265306122449,0.1818181818181818,0.09090909090909091,0.0,0.1111111111111111,0,2,0,0,0,0,1,1,0.24,0.3,0.00028886335479481076,345000.0
10670744,0,0.0,0.0,1.0,0.0,0.0,0.0,0.0,0.0,0.0,1.0,0.0,0.0,0.0,0.0,0.0,0.0,0.0,1.0,0.08775510204081632,0.1818181818181818,0.09090909090909091,0.0,0.05555555555555555,0,3,0,0,0,0,0,0,0.0,0.0,0.0,249000.0
10670745,1,0.0,1.0,0.0,0.0,0.0,0.0,1.0,0.0,0.0,0.0,0.0,0.0,0.0,0.0,0.0,0.0,0.0,1.0,0.12448979591836737,0.1818181818181818,0.0,0.0,0.0,5,6,0,0,0,0,0,0,0.0,0.0,0.0,375000.0
10670746,1,0.0,0.0,1.0,0.0,0.0,0.0,0.0,0.0,0.0,1.0,0.0,0.0,0.0,0.0,0.0,0.0,0.0,1.0,0.1816326530612245,0.1818181818181818,0.09090909090909091,0.0,0.1111111111111111,0,6,0,0,1,0,0,1,0.0,0.19,0.0006841017862759645,365000.0
10670750,0,0.0,1.0,0.0,1.0,0.0,0.0,0.0,0.0,0.0,0.0,0.0,0.0,0.0,0.0,0.0,0.0,0.0,1.0,0.07653061224489796,0.1818181818181818,0.09090909090909091,0.0,0.1111111111111111,3,4,0,0,0,0,0,0,0.0,0.0,0.0,245000.0
10670749,0,0.0,1.0,0.0,1.0,0.0,0.0,0.0,0.0,0.0,0.0,0.0,0.0,0.0,0.0,0.0,0.0,0.0,1.0,0.09693877551020408,0.09090909090909091,0.0,0.0,0.0,3,4,0,0,0,0,0,0,0.0,0.0,0.0,249000.0
10670752,0,1.0,0.0,0.0,0.0,1.0,0.0,0.0,0.0,0.0,0.0,0.0,0.0,0.0,0.0,0.0,0.0,0.0,1.0,0.2448979591836735,0.2727272727272727,0.2727272727272727,0.21428571428571427,0.16666666666666666,1,4,1,0,0,0,0,1,0.0,0.2,0.0,1690000.0
10670755,0,0.0,1.0,0.0,0.0,0.0,0.0,1.0,0.0,0.0,0.0,0.0,0.0,0.0,0.0,0.0,0.0,0.0,1.0,0.08265306122448982,0.09090909090909091,0.09090909090909091,0.0,0.1111111111111111,5,3,1,0,0,0,0,1,0.0,0.11,0.0,250000.0
10670757,1,0.0,1.0,0.0,0.0,0.0,0.0,1.0,0.0,0.0,0.0,0.0,0.0,0.0,0.0,0.0,0.0,0.0,1.0,0.163265306122449,0.1818181818181818,0.09090909090909091,0.07142857142857142,0.05555555555555555,4,6,0,0,0,0,0,1,0.0,0.0,0.00020174583509478846,229000.0
10670753,1,0.0,0.0,1.0,0.0,0.0,0.0,0.0,1.0,0.0,0.0,0.0,0.0,0.0,0.0,0.0,1.0,0.0,0.0,0.2091836734693878,0.2727272727272727,0.18181818181818182,0.07142857142857142,0.1111111111111111,3,4,0,0,0,0,1,0,1.0,0.0,0.0024136138089521962,400000.0
10670774,1,0.0,0.0,1.0,0.0,0.0,0.0,0.0,0.0,0.0,0.0,0.0,1.0,0.0,0.0,0.0,1.0,0.0,0.0,0.18979591836734697,0.2727272727272727,0.09090909090909091,0.0,0.0,0,0,0,1,0,0,0,0,0.0,0.0,0.0,140000.0
10670773,1,0.0,0.0,1.0,0.0,0.0,0.0,0.0,0.0,0.0,0.0,0.0,1.0,0.0,0.0,0.0,1.0,0.0,0.0,0.13571428571428573,0.09090909090909091,0.09090909090909091,0.0,0.0,0,0,0,1,0,0,0,0,0.0,0.0,0.0005896480543906772,185000.0
10670772,1,0.0,0.0,1.0,0.0,0.0,0.0,0.0,1.0,0.0,0.0,0.0,0.0,0.0,0.0,0.0,0.0,0.0,1.0,0.2459183673469388,0.2727272727272727,0.09090909090909091,0.0,0.0,5,6,0,0,0,0,0,0,0.0,0.0,0.000233841763405323,170000.0
10670775,1,0.0,0.0,1.0,0.0,0.0,0.0,0.0,0.0,0.0,0.0,0.0,1.0,0.0,0.0,0.0,1.0,0.0,0.0,0.1510204081632653,0.1818181818181818,0.09090909090909091,0.0,0.0,0,0,0,1,0,0,0,0,0.0,0.0,0.0,125000.0
10670776,1,0.0,1.0,0.0,1.0,0.0,0.0,0.0,0.0,0.0,0.0,0.0,0.0,0.0,0.0,0.0,0.0,0.0,1.0,0.2163265306122449,0.1818181818181818,0.18181818181818182,0.0,0.1111111111111111,3,3,0,1,0,0,1,1,1.0,0.6,0.0010087291754739423,634000.0
10670780,1,0.0,0.0,1.0,0.0,0.0,0.0,0.0,1.0,0.0,0.0,0.0,0.0,0.0,0.0,0.0,0.0,0.0,1.0,0.10204081632653061,0.1818181818181818,0.09090909090909091,0.0,0.05555555555555555,0,4,0,1,0,0,0,1,0.0,0.0,0.0008757603296160135,355000.0
10670778,1,0.0,1.0,0.0,0.0,0.0,0.0,0.0,0.0,0.0,0.0,0.0,0.0,0.0,1.0,0.0,0.0,0.0,1.0,0.11224489795918369,0.1818181818181818,0.09090909090909091,0.0,0.05555555555555555,5,0,0,1,0,0,0,1,0.0,0.0,0.00016506477416846328,199000.0
10670777,0,0.0,1.0,0.0,1.0,0.0,0.0,0.0,0.0,0.0,0.0,0.0,0.0,0.0,0.0,0.0,0.0,0.0,1.0,0.07142857142857142,0.09090909090909091,0.09090909090909091,0.0,0.05555555555555555,3,0,0,0,0,0,0,1,0.0,0.03,0.0,198000.0
10670789,1,0.0,0.0,1.0,0.0,0.0,0.0,0.0,0.0,0.0,1.0,0.0,0.0,0.0,0.0,0.0,0.0,0.0,1.0,0.1489795918367347,0.2727272727272727,0.09090909090909091,0.07142857142857142,0.1111111111111111,5,5,0,1,0,0,0,0,0.0,0.0,0.0008344941360738977,399000.0
10670781,1,0.0,1.0,0.0,0.0,0.0,0.0,0.0,0.0,0.0,0.0,0.0,0.0,0.0,1.0,0.0,0.0,0.0,1.0,0.23469387755102042,0.2727272727272727,0.09090909090909091,0.0,0.1111111111111111,3,3,0,1,0,0,0,1,0.0,0.0,0.0010178994407055236,545000.0
10670788,1,0.0,1.0,0.0,0.0,0.0,0.0,0.0,0.0,0.0,0.0,0.0,0.0,0.0,1.0,0.0,0.0,1.0,0.0,0.1326530612244898,0.09090909090909091,0.09090909090909091,0.0,0.0,1,2,0,1,0,0,0,1,0.0,0.0,0.00025493337343795996,368000.0
10670793,1,0.0,1.0,0.0,1.0,0.0,0.0,0.0,0.0,0.0,0.0,0.0,0.0,0.0,0.0,0.0,0.0,1.0,0.0,0.10918367346938776,0.1818181818181818,0.09090909090909091,0.0,0.1111111111111111,2,1,0,1,0,0,0,1,0.0,0.0,0.00011279426234844991,447000.0
10670795,0,0.0,1.0,0.0,1.0,0.0,0.0,0.0,0.0,0.0,0.0,0.0,0.0,0.0,0.0,0.0,0.0,0.0,1.0,0.0836734693877551,0.09090909090909091,0.09090909090909091,0.0,0.05555555555555555,4,3,0,1,0,0,0,1,0.0,0.2,0.0,175000.0
10670798,1,0.0,1.0,0.0,1.0,0.0,0.0,0.0,0.0,0.0,0.0,0.0,0.0,0.0,0.0,0.0,0.0,0.0,1.0,0.18469387755102043,0.1818181818181818,0.18181818181818182,0.0,0.1111111111111111,4,4,0,1,0,0,0,1,0.0,0.15,8.344941360738977e-05,299000.0
10670794,0,0.0,1.0,0.0,1.0,0.0,0.0,0.0,0.0,0.0,0.0,0.0,0.0,0.0,0.0,1.0,0.0,0.0,0.0,0.012244897959183675,0.0,0.09090909090909091,0.0,0.05555555555555555,3,6,0,1,0,0,0,0,0.0,0.0,0.0,115000.0
10670799,0,0.0,1.0,0.0,1.0,0.0,0.0,0.0,0.0,0.0,0.0,0.0,0.0,0.0,0.0,0.0,0.0,1.0,0.0,0.11020408163265308,0.1818181818181818,0.18181818181818182,0.0,0.1111111111111111,2,2,1,1,0,0,0,1,0.0,0.04,0.0,369000.0
10670801,0,0.0,1.0,0.0,1.0,0.0,0.0,0.0,0.0,0.0,0.0,0.0,0.0,0.0,0.0,0.0,1.0,0.0,0.0,0.1469387755102041,0.09090909090909091,0.18181818181818182,0.0,0.1111111111111111,2,2,1,1,0,0,0,1,0.0,0.74,0.0,569000.0
10670803,1,0.0,1.0,0.0,1.0,0.0,0.0,0.0,0.0,0.0,0.0,0.0,0.0,0.0,0.0,1.0,0.0,0.0,0.0,0.012244897959183675,0.0,0.09090909090909091,0.0,0.05555555555555555,3,6,0,1,0,0,0,0,0.0,0.0,0.0003044528056884989,115000.0
10670800,0,0.0,1.0,0.0,1.0,0.0,0.0,0.0,0.0,0.0,0.0,0.0,0.0,0.0,0.0,0.0,0.0,0.0,1.0,0.11020408163265308,0.1818181818181818,0.18181818181818182,0.0,0.1111111111111111,2,2,1,1,0,0,0,1,0.0,0.04,0.0,369000.0
10670804,1,0.0,1.0,0.0,1.0,0.0,0.0,0.0,0.0,0.0,0.0,0.0,0.0,0.0,0.0,0.0,0.0,0.0,1.0,0.1275510204081633,0.2727272727272727,0.09090909090909091,0.0,0.1111111111111111,5,5,0,1,0,0,0,1,0.0,0.08,5.3187538343171505e-05,299000.0
10670796,1,0.0,1.0,0.0,1.0,0.0,0.0,0.0,0.0,0.0,0.0,0.0,0.0,0.0,0.0,0.0,0.0,0.0,1.0,0.1275510204081633,0.2727272727272727,0.09090909090909091,0.0,0.1111111111111111,5,5,0,1,0,0,0,1,0.0,0.08,5.3187538343171505e-05,299000.0
10670805,0,0.0,1.0,0.0,1.0,0.0,0.0,0.0,0.0,0.0,0.0,0.0,0.0,0.0,0.0,0.0,1.0,0.0,0.0,0.1469387755102041,0.09090909090909091,0.18181818181818182,0.0,0.1111111111111111,2,2,1,1,0,0,0,1,0.0,0.74,0.0,569000.0
10670808,1,0.0,0.0,1.0,0.0,0.0,0.0,0.0,0.0,0.0,0.0,0.0,1.0,0.0,0.0,0.0,0.0,1.0,0.0,0.11224489795918369,0.1818181818181818,0.0,0.14285714285714285,0.1111111111111111,3,5,0,1,0,0,0,1,0.0,0.36,0.0007363722980959778,349000.0
10670809,1,0.0,0.0,1.0,0.0,0.0,0.0,0.0,0.0,0.0,0.0,0.0,1.0,0.0,0.0,0.0,0.0,1.0,0.0,0.11224489795918369,0.1818181818181818,0.0,0.14285714285714285,0.1111111111111111,3,5,0,1,0,0,0,1,0.0,0.36,0.0007363722980959778,349000.0
10670813,1,0.0,1.0,0.0,1.0,0.0,0.0,0.0,0.0,0.0,0.0,0.0,0.0,0.0,0.0,0.0,0.0,1.0,0.0,0.14489795918367349,0.1818181818181818,0.09090909090909091,0.0,0.05555555555555555,2,3,0,1,0,0,1,1,0.25,0.36,0.00033012954833692656,398000.0
10670814,1,0.0,1.0,0.0,0.0,0.0,0.0,0.0,0.0,1.0,0.0,0.0,0.0,0.0,0.0,0.0,0.0,1.0,0.0,0.11020408163265308,0.09090909090909091,0.09090909090909091,0.0,0.05555555555555555,3,3,0,1,0,0,0,0,0.0,0.0,6.327483009791092e-05,198000.0
10670818,0,0.0,1.0,0.0,1.0,0.0,0.0,0.0,0.0,0.0,0.0,0.0,0.0,0.0,0.0,0.0,0.0,1.0,0.0,0.07142857142857142,0.09090909090909091,0.18181818181818182,0.0,0.1111111111111111,5,1,1,1,0,0,0,1,0.0,0.17,0.0,209000.0
10670815,1,0.0,1.0,0.0,0.0,0.0,0.0,0.0,0.0,1.0,0.0,0.0,0.0,0.0,0.0,0.0,0.0,0.0,1.0,0.27040816326530615,0.36363636363636365,0.2727272727272727,0.0,0.2222222222222222,3,4,0,1,0,0,0,0,0.0,0.0,0.0008876816744170691,389000.0
10670821,0,0.0,1.0,0.0,1.0,0.0,0.0,0.0,0.0,0.0,0.0,0.0,0.0,0.0,0.0,0.0,0.0,1.0,0.0,0.05306122448979592,0.09090909090909091,0.09090909090909091,0.0,0.05555555555555555,2,2,1,1,0,0,0,1,0.0,0.16,0.0,289000.0
10670822,0,0.0,1.0,0.0,1.0,0.0,0.0,0.0,0.0,0.0,0.0,0.0,0.0,0.0,0.0,0.0,0.0,1.0,0.0,0.07653061224489796,0.09090909090909091,0.09090909090909091,0.0,0.05555555555555555,3,2,1,1,0,0,0,1,0.0,0.21,0.0,245000.0
10670820,0,0.0,1.0,0.0,1.0,0.0,0.0,0.0,0.0,0.0,0.0,0.0,0.0,0.0,0.0,0.0,0.0,1.0,0.0,0.06122448979591837,0.09090909090909091,0.09090909090909091,0.0,0.05555555555555555,3,2,1,1,0,0,0,1,0.0,0.08,0.0,249000.0
10670824,0,0.0,1.0,0.0,1.0,0.0,0.0,0.0,0.0,0.0,0.0,0.0,0.0,0.0,0.0,0.0,0.0,1.0,0.0,0.07142857142857142,0.09090909090909091,0.09090909090909091,0.0,0.05555555555555555,3,3,1,1,0,0,0,1,0.0,0.02,0.0,249000.0
10670823,1,0.0,1.0,0.0,1.0,0.0,0.0,0.0,0.0,0.0,0.0,0.0,0.0,0.0,0.0,0.0,0.0,0.0,1.0,0.20204081632653065,0.4545454545454545,0.18181818181818182,0.0,0.1111111111111111,3,3,0,1,0,0,0,1,0.0,0.03,0.00015589450893688199,597000.0
10670832,1,0.0,0.0,1.0,0.0,0.0,0.0,0.0,0.0,0.0,0.0,1.0,0.0,0.0,0.0,0.0,0.0,0.0,1.0,0.4897959183673469,0.36363636363636365,0.09090909090909091,0.07142857142857142,0.16666666666666666,3,0,0,1,1,0,1,1,0.5,0.25,0.0,620000.0
10670825,1,0.0,1.0,0.0,0.0,0.0,1.0,0.0,0.0,0.0,0.0,0.0,0.0,0.0,0.0,0.0,0.0,0.0,1.0,0.10204081632653061,0.1818181818181818,0.09090909090909091,0.0,0.05555555555555555,5,0,0,1,0,0,0,0,0.0,0.0,9.170265231581294e-05,125000.0
10670836,1,0.0,1.0,0.0,0.0,0.0,0.0,1.0,0.0,0.0,0.0,0.0,0.0,0.0,0.0,0.0,0.0,0.0,1.0,0.1836734693877551,0.2727272727272727,0.09090909090909091,0.0,0.1111111111111111,4,4,0,0,0,0,1,1,0.435,0.0,0.0004906091898895992,700000.0
10670838,0,0.0,0.0,1.0,0.0,0.0,0.0,0.0,0.0,0.0,0.0,0.0,0.0,1.0,0.0,0.0,0.0,0.0,1.0,0.1326530612244898,0.1818181818181818,0.18181818181818182,0.0,0.1111111111111111,3,2,0,1,0,0,0,1,0.0,0.1,0.0,735000.0
10670835,0,0.0,1.0,0.0,0.0,0.0,0.0,0.0,0.0,1.0,0.0,0.0,0.0,0.0,0.0,0.0,0.0,1.0,0.0,0.1275510204081633,0.09090909090909091,0.09090909090909091,0.0,0.1111111111111111,1,0,0,0,0,0,1,1,0.4,0.3,0.0,319000.0
10670841,0,0.0,1.0,0.0,1.0,0.0,0.0,0.0,0.0,0.0,0.0,0.0,0.0,0.0,0.0,0.0,0.0,0.0,1.0,0.07653061224489796,0.1818181818181818,0.09090909090909091,0.0,0.05555555555555555,3,2,0,0,0,0,1,0,0.09,0.0,0.0,295000.0
10670845,1,0.0,0.0,1.0,0.0,0.0,0.0,0.0,0.0,0.0,0.0,0.0,0.0,1.0,0.0,0.0,0.0,0.0,1.0,0.10612244897959186,0.1818181818181818,0.09090909090909091,0.0,0.05555555555555555,5,6,0,1,0,0,1,0,0.933,0.0,0.0010123972815665747,299000.0
10670849,0,0.0,1.0,0.0,1.0,0.0,0.0,0.0,0.0,0.0,0.0,0.0,0.0,0.0,0.0,0.0,0.0,0.0,1.0,0.07142857142857142,0.0,0.09090909090909091,0.0,0.05555555555555555,1,2,0,1,0,0,0,0,0.0,0.0,0.0,234000.0
10670842,1,0.0,1.0,0.0,0.0,0.0,0.0,0.0,0.0,1.0,0.0,0.0,0.0,0.0,0.0,0.0,0.0,0.0,1.0,0.11224489795918369,0.1818181818181818,0.09090909090909091,0.0,0.05555555555555555,5,6,0,1,0,0,1,0,0.0,0.0,0.0009903886450107796,229000.0
10670848,0,0.0,1.0,0.0,1.0,0.0,0.0,0.0,0.0,0.0,0.0,0.0,0.0,0.0,0.0,0.0,1.0,0.0,0.0,0.08061224489795918,0.09090909090909091,0.18181818181818182,0.0,0.05555555555555555,3,1,1,1,0,0,0,1,0.0,0.0,0.0,368000.0
10670850,0,0.0,1.0,0.0,1.0,0.0,0.0,0.0,0.0,0.0,0.0,0.0,0.0,0.0,0.0,0.0,0.0,0.0,1.0,0.113265306122449,0.1818181818181818,0.09090909090909091,0.0,0.0,3,2,1,1,0,0,0,1,0.0,0.0,0.0,339000.0
10670851,0,0.0,1.0,0.0,1.0,0.0,0.0,0.0,0.0,0.0,0.0,0.0,0.0,0.0,0.0,0.0,0.0,0.0,1.0,0.1275510204081633,0.1818181818181818,0.09090909090909091,0.0,0.0,1,4,0,1,0,0,1,1,0.0,0.0,0.0,395000.0
10670854,1,0.0,1.0,0.0,0.0,0.0,0.0,0.0,0.0,1.0,0.0,0.0,0.0,0.0,0.0,0.0,0.0,0.0,1.0,0.11734693877551022,0.1818181818181818,0.09090909090909091,0.0,0.05555555555555555,5,6,0,1,0,0,1,1,0.0,0.0,0.0032233482289008245,279000.0
10670853,1,0.0,1.0,0.0,0.0,0.0,0.0,1.0,0.0,0.0,0.0,0.0,0.0,0.0,0.0,0.0,0.0,1.0,0.0,0.16122448979591839,0.4545454545454545,0.09090909090909091,0.0,0.1111111111111111,4,4,0,1,0,0,0,0,0.0,0.0,0.0005502159138948776,279000.0
10670856,1,0.0,1.0,0.0,1.0,0.0,0.0,0.0,0.0,0.0,0.0,0.0,0.0,0.0,0.0,0.0,1.0,0.0,0.0,0.15408163265306124,0.09090909090909091,0.18181818181818182,0.0,0.16666666666666666,5,6,0,1,0,0,1,1,0.051000000000000004,0.0,0.00013296884585792875,329000.0
10670859,0,1.0,0.0,0.0,0.0,1.0,0.0,0.0,0.0,0.0,0.0,0.0,0.0,0.0,0.0,0.0,1.0,0.0,0.0,0.07346938775510206,0.09090909090909091,0.09090909090909091,0.0,0.0,0,0,1,0,0,0,0,1,0.0,0.04,0.0,239000.0
10670868,0,0.0,1.0,0.0,0.0,0.0,0.0,1.0,0.0,0.0,0.0,0.0,0.0,0.0,0.0,0.0,0.0,1.0,0.0,0.04693877551020408,0.0,0.0,0.0,0.0,0,0,0,1,0,0,0,0,0.0,0.0,0.0,255000.0
10670867,1,0.0,1.0,0.0,0.0,0.0,0.0,1.0,0.0,0.0,0.0,0.0,0.0,0.0,0.0,0.0,0.0,1.0,0.0,0.04693877551020408,0.0,0.0,0.0,0.0,0,0,0,1,0,0,0,0,0.0,0.0,0.0,255000.0
10670862,1,1.0,0.0,0.0,0.0,1.0,0.0,0.0,0.0,0.0,0.0,0.0,0.0,0.0,0.0,0.0,0.0,0.0,1.0,0.1489795918367347,0.2727272727272727,0.09090909090909091,0.0,0.0,0,0,0,1,0,0,1,0,0.095,0.0,0.0001283837132421381,499000.0
10670874,0,1.0,0.0,0.0,0.0,1.0,0.0,0.0,0.0,0.0,0.0,0.0,0.0,0.0,0.0,0.0,1.0,0.0,0.0,0.06428571428571428,0.09090909090909091,0.0,0.07142857142857142,0.05555555555555555,3,7,0,1,0,0,0,1,0.0,0.09,0.0,239000.0
10670870,1,0.0,1.0,0.0,1.0,0.0,0.0,0.0,0.0,0.0,0.0,0.0,0.0,0.0,0.0,0.0,0.0,0.0,1.0,0.22959183673469388,0.36363636363636365,0.09090909090909091,0.0,0.0,3,3,0,1,0,0,1,0,0.0,0.0,0.0015580280628456618,545000.0
10670871,1,0.0,1.0,0.0,0.0,0.0,0.0,0.0,0.0,1.0,0.0,0.0,0.0,0.0,0.0,0.0,0.0,0.0,1.0,0.1948979591836735,0.1818181818181818,0.09090909090909091,0.0,0.0,3,6,0,1,0,0,1,0,0.0,0.0,0.0007978130751475725,319000.0
10670878,1,0.0,1.0,0.0,1.0,0.0,0.0,0.0,0.0,0.0,0.0,0.0,0.0,0.0,0.0,0.0,0.0,0.0,1.0,0.09897959183673471,0.09090909090909091,0.18181818181818182,0.0,0.0,0,3,0,1,0,0,0,0,0.0,0.0,0.0,265000.0
10670876,1,0.0,1.0,0.0,1.0,0.0,0.0,0.0,0.0,0.0,0.0,0.0,0.0,0.0,0.0,0.0,0.0,0.0,1.0,0.15714285714285717,0.1818181818181818,0.09090909090909091,0.0,0.05555555555555555,4,6,0,1,0,0,0,0,0.0,0.0,0.0006153247970391047,448000.0
10670872,0,0.0,1.0,0.0,1.0,0.0,0.0,0.0,0.0,0.0,0.0,0.0,0.0,0.0,0.0,0.0,1.0,0.0,0.0,0.04387755102040817,0.0,0.09090909090909091,0.0,0.0,5,3,0,1,0,0,0,0,0.0,0.0,0.0,159000.0
10670880,1,0.0,1.0,0.0,1.0,0.0,0.0,0.0,0.0,0.0,0.0,0.0,0.0,0.0,0.0,0.0,0.0,0.0,1.0,0.10510204081632654,0.1818181818181818,0.09090909090909091,0.0,0.0,5,6,0,1,0,0,0,0,0.0,0.0,0.00018615638420110025,225000.0
10670886,0,0.0,0.0,1.0,0.0,0.0,0.0,0.0,0.0,0.0,1.0,0.0,0.0,0.0,0.0,0.0,0.0,1.0,0.0,0.08775510204081632,0.1818181818181818,0.09090909090909091,0.0,0.05555555555555555,4,7,1,1,0,0,0,0,0.0,0.0,0.0,199000.0
10670881,0,0.0,1.0,0.0,1.0,0.0,0.0,0.0,0.0,0.0,0.0,0.0,0.0,0.0,0.0,0.0,0.0,1.0,0.0,0.020408163265306124,0.0,0.09090909090909091,0.0,0.05555555555555555,4,6,1,1,0,0,0,1,0.0,0.12,0.0,99000.0
10670884,1,0.0,1.0,0.0,1.0,0.0,0.0,0.0,0.0,0.0,0.0,0.0,0.0,0.0,0.0,0.0,0.0,1.0,0.0,0.3010204081632653,0.2727272727272727,0.09090909090909091,0.0,0.16666666666666666,1,4,0,1,0,0,0,0,0.0,0.0,9.812183797791983e-05,499000.0
10670887,1,0.0,0.0,1.0,0.0,0.0,0.0,0.0,0.0,0.0,1.0,0.0,0.0,0.0,0.0,0.0,0.0,0.0,1.0,0.12142857142857144,0.1818181818181818,0.09090909090909091,0.0,0.1111111111111111,3,3,0,1,0,0,0,1,0.0,0.45,0.0011316107295771317,369000.0
10670883,1,0.0,1.0,0.0,1.0,0.0,0.0,0.0,0.0,0.0,0.0,0.0,0.0,0.0,0.0,0.0,0.0,1.0,0.0,0.16836734693877553,0.36363636363636365,0.18181818181818182,0.0,0.16666666666666666,2,4,0,1,0,0,0,1,0.0,0.12,0.00012563263367266372,449000.0
10670890,1,0.0,0.0,1.0,0.0,0.0,0.0,0.0,0.0,0.0,0.0,1.0,0.0,0.0,0.0,0.0,0.0,0.0,1.0,0.22959183673469388,0.4545454545454545,0.18181818181818182,0.2857142857142857,0.2222222222222222,1,3,0,1,0,0,1,1,0.0,0.0,0.001283837132421381,480000.0
10670895,0,1.0,0.0,0.0,0.0,1.0,0.0,0.0,0.0,0.0,0.0,0.0,0.0,0.0,0.0,0.0,0.0,0.0,1.0,0.11530612244897961,0.1818181818181818,0.18181818181818182,0.0,0.1111111111111111,3,4,1,1,0,0,0,1,0.0,0.15,0.0,595000.0
10670892,0,1.0,0.0,0.0,0.0,1.0,0.0,0.0,0.0,0.0,0.0,0.0,0.0,0.0,0.0,0.0,1.0,0.0,0.0,0.12346938775510205,0.09090909090909091,0.18181818181818182,0.0,0.1111111111111111,0,4,1,1,0,0,0,1,0.0,0.06,0.0,379000.0
10670891,0,0.0,0.0,1.0,0.0,0.0,0.0,0.0,1.0,0.0,0.0,0.0,0.0,0.0,0.0,0.0,0.0,1.0,0.0,0.07448979591836735,0.09090909090909091,0.09090909090909091,0.0,0.05555555555555555,2,4,1,1,0,0,0,1,0.0,0.12,0.0,195000.0
10670893,1,0.0,1.0,0.0,0.0,0.0,0.0,1.0,0.0,0.0,0.0,0.0,0.0,0.0,0.0,0.0,0.0,0.0,1.0,0.16836734693877553,0.1818181818181818,0.09090909090909091,0.0,0.1111111111111111,0,0,0,1,0,0,1,0,0.8,0.0,0.001127942623484499,549000.0
10670898,1,0.0,1.0,0.0,0.0,0.0,0.0,0.0,0.0,0.0,0.0,0.0,0.0,0.0,1.0,0.0,0.0,0.0,1.0,0.10204081632653061,0.09090909090909091,0.09090909090909091,0.0,0.05555555555555555,0,4,0,0,0,0,1,0,0.255,0.0,0.00028886335479481076,158000.0
10670899,1,0.0,1.0,0.0,0.0,0.0,0.0,0.0,0.0,0.0,0.0,0.0,0.0,0.0,1.0,0.0,0.0,0.0,1.0,0.10102040816326532,0.09090909090909091,0.0,0.0,0.0,1,6,0,0,0,0,0,0,0.0,0.0,6.87769892368597e-05,199000.0
10670902,0,0.0,1.0,0.0,0.0,0.0,0.0,0.0,0.0,0.0,0.0,0.0,0.0,0.0,1.0,0.0,0.0,0.0,1.0,0.015306122448979595,0.0,0.09090909090909091,0.0,0.05555555555555555,0,2,0,0,0,0,0,0,0.0,0.0,0.0,189000.0
10670912,1,0.0,1.0,0.0,0.0,0.0,0.0,0.0,0.0,0.0,0.0,0.0,0.0,0.0,1.0,0.0,0.0,0.0,1.0,0.1438775510204082,0.09090909090909091,0.0,0.0,0.0,0,3,0,0,0,0,1,1,0.0,0.0,0.0006272461418401604,388500.0
10670906,0,0.0,1.0,0.0,0.0,0.0,0.0,0.0,0.0,1.0,0.0,0.0,0.0,0.0,0.0,0.0,0.0,0.0,1.0,0.05204081632653062,0.0,0.09090909090909091,0.0,0.05555555555555555,3,4,0,0,0,0,0,1,0.0,0.0,0.0,149000.0
10670913,0,0.0,1.0,0.0,0.0,0.0,0.0,0.0,0.0,0.0,0.0,0.0,0.0,0.0,1.0,1.0,0.0,0.0,0.0,0.08265306122448982,0.09090909090909091,0.09090909090909091,0.0,0.05555555555555555,0,2,1,0,0,0,1,0,0.0,0.0,0.0,469000.0
10670915,0,0.0,1.0,0.0,0.0,0.0,0.0,0.0,0.0,0.0,0.0,0.0,0.0,0.0,1.0,0.0,0.0,1.0,0.0,0.04591836734693878,0.09090909090909091,0.09090909090909091,0.0,0.05555555555555555,3,0,0,0,0,0,0,0,0.0,0.0,0.0,199800.0
10670916,0,0.0,1.0,0.0,0.0,0.0,0.0,0.0,0.0,0.0,0.0,0.0,0.0,0.0,1.0,0.0,0.0,1.0,0.0,0.06938775510204082,0.1818181818181818,0.18181818181818182,0.0,0.1111111111111111,0,0,1,0,0,0,0,1,0.0,0.22,0.0,885000.0
10670917,0,0.0,1.0,0.0,0.0,0.0,0.0,0.0,0.0,0.0,0.0,0.0,0.0,0.0,1.0,0.0,0.0,1.0,0.0,0.07142857142857142,0.1818181818181818,0.18181818181818182,0.0,0.0,0,3,0,0,0,0,0,0,0.0,0.0,0.0,1295000.0
10670923,1,0.0,1.0,0.0,0.0,0.0,0.0,0.0,0.0,1.0,0.0,0.0,0.0,0.0,0.0,0.0,0.0,1.0,0.0,0.41938775510204085,0.36363636363636365,0.2727272727272727,0.0,0.2777777777777778,0,2,0,0,0,0,0,0,0.0,0.0,0.018253412943462565,895000.0
10670925,0,0.0,1.0,0.0,0.0,0.0,0.0,0.0,0.0,0.0,0.0,0.0,0.0,0.0,1.0,0.0,0.0,1.0,0.0,0.06122448979591837,0.09090909090909091,0.18181818181818182,0.0,0.0,0,0,0,0,0,0,0,0,0.0,0.0,0.0,995000.0
10670928,1,0.0,1.0,0.0,0.0,0.0,0.0,0.0,0.0,0.0,0.0,0.0,0.0,0.0,1.0,0.0,0.0,0.0,1.0,0.163265306122449,0.1818181818181818,0.0,0.0,0.1111111111111111,3,2,0,0,0,0,1,0,0.0,0.0,0.00028886335479481076,295000.0
10670927,1,0.0,1.0,0.0,0.0,0.0,0.0,0.0,0.0,0.0,0.0,0.0,0.0,0.0,1.0,0.0,0.0,0.0,1.0,0.19183673469387758,0.1818181818181818,0.09090909090909091,0.0,0.1111111111111111,3,3,0,0,0,0,1,1,0.0,0.0,0.00026226958562322497,265000.0
10670931,1,0.0,1.0,0.0,0.0,0.0,0.0,0.0,0.0,0.0,0.0,0.0,0.0,0.0,1.0,0.0,0.0,0.0,1.0,0.10918367346938776,0.1818181818181818,0.09090909090909091,0.0,0.05555555555555555,0,5,0,0,0,0,1,0,0.16,0.0,0.0,175000.0
10670932,1,0.0,1.0,0.0,0.0,0.0,0.0,0.0,0.0,0.0,0.0,0.0,0.0,0.0,1.0,0.0,0.0,0.0,1.0,0.18877551020408165,0.2727272727272727,0.0,0.0,0.1111111111111111,0,4,0,0,0,0,1,0,0.0,0.0,0.0008950178866023342,695000.0
10670937,0,0.0,1.0,0.0,0.0,0.0,1.0,0.0,0.0,0.0,0.0,0.0,0.0,0.0,0.0,1.0,0.0,0.0,0.0,0.036734693877551024,0.0,0.0,0.0,0.0,3,2,0,0,0,0,0,0,0.0,0.0,0.0,239000.0
10670934,1,1.0,0.0,0.0,0.0,1.0,0.0,0.0,0.0,0.0,0.0,0.0,0.0,0.0,0.0,0.0,1.0,0.0,0.0,0.163265306122449,0.2727272727272727,0.09090909090909091,0.0,0.1111111111111111,0,7,0,1,0,0,1,0,0.04,0.0,0.00011921344801055682,325000.0
10670943,1,0.0,1.0,0.0,0.0,0.0,0.0,0.0,0.0,0.0,0.0,0.0,0.0,0.0,1.0,0.0,0.0,0.0,1.0,0.15204081632653063,0.1818181818181818,0.09090909090909091,0.0,0.05555555555555555,3,4,0,0,0,0,0,0,0.0,0.0,0.0005538840199875102,385000.0
10670945,1,0.0,1.0,0.0,1.0,0.0,0.0,0.0,0.0,0.0,0.0,0.0,0.0,0.0,0.0,0.0,0.0,1.0,0.0,0.19387755102040818,0.1818181818181818,0.09090909090909091,0.0,0.16666666666666666,3,3,0,0,0,0,0,0,0.0,0.0,0.00021825231251163479,369000.0
10670935,0,0.0,1.0,0.0,0.0,0.0,0.0,0.0,0.0,0.0,0.0,0.0,0.0,0.0,1.0,0.0,0.0,0.0,1.0,0.08775510204081632,0.09090909090909091,0.09090909090909091,0.0,0.05555555555555555,3,2,1,0,0,0,0,1,0.0,0.04,0.0,218000.0
10670951,1,0.0,0.0,1.0,0.0,0.0,0.0,0.0,1.0,0.0,0.0,0.0,0.0,0.0,0.0,0.0,0.0,1.0,0.0,0.113265306122449,0.1818181818181818,0.09090909090909091,0.0,0.1111111111111111,0,6,0,1,0,0,1,0,0.1,0.0,0.00023292473688216485,215000.0
10670953,0,1.0,0.0,0.0,0.0,1.0,0.0,0.0,0.0,0.0,0.0,0.0,0.0,0.0,0.0,0.0,0.0,0.0,1.0,0.04387755102040817,0.0,0.09090909090909091,0.0,0.05555555555555555,3,7,0,1,0,0,0,0,0.0,0.0,0.0,225000.0
10670950,1,0.0,0.0,1.0,0.0,0.0,0.0,0.0,0.0,0.0,0.0,0.0,0.0,1.0,0.0,0.0,0.0,0.0,1.0,0.09183673469387757,0.09090909090909091,0.09090909090909091,0.0,0.0,2,1,0,1,0,0,1,1,0.15,0.22,0.0,375000.0
10670954,1,1.0,0.0,0.0,0.0,1.0,0.0,0.0,0.0,0.0,0.0,0.0,0.0,0.0,0.0,0.0,0.0,0.0,1.0,0.1326530612244898,0.2727272727272727,0.09090909090909091,0.07142857142857142,0.1111111111111111,1,3,0,1,0,0,0,1,0.0,0.2,6.694293619054345e-05,699000.0
10670957,1,0.0,1.0,0.0,1.0,0.0,0.0,0.0,0.0,0.0,0.0,0.0,0.0,0.0,0.0,0.0,0.0,0.0,1.0,0.4306122448979592,0.2727272727272727,0.36363636363636365,0.0,0.0,0,4,0,1,0,0,1,0,0.0,0.0,0.0034507708066440408,1045000.0
10670958,1,0.0,0.0,1.0,0.0,0.0,0.0,0.0,0.0,0.0,0.0,0.0,1.0,0.0,0.0,0.0,0.0,1.0,0.0,0.20714285714285716,0.36363636363636365,0.18181818181818182,0.07142857142857142,0.16666666666666666,0,5,0,1,0,0,0,0,0.0,0.0,0.0010408251037844769,595000.0
10670961,1,0.0,1.0,0.0,0.0,0.0,1.0,0.0,0.0,0.0,0.0,0.0,0.0,0.0,0.0,0.0,0.0,1.0,0.0,0.07653061224489796,0.09090909090909091,0.09090909090909091,0.0,0.05555555555555555,3,5,0,0,0,0,1,0,0.05,0.0,0.00021091610032636975,264500.0
10670964,1,0.0,0.0,1.0,0.0,0.0,0.0,0.0,0.0,0.0,1.0,0.0,0.0,0.0,0.0,1.0,0.0,0.0,0.0,0.25510204081632654,0.2727272727272727,0.18181818181818182,0.0,0.2222222222222222,1,2,0,1,0,0,1,1,0.55,0.75,0.0009271138149128688,585000.0
10670962,1,0.0,1.0,0.0,0.0,0.0,0.0,0.0,0.0,1.0,0.0,0.0,0.0,0.0,0.0,0.0,0.0,1.0,0.0,0.1785714285714286,0.1818181818181818,0.09090909090909091,0.0,0.1111111111111111,0,6,0,1,0,0,0,1,0.0,0.0,0.004585132615790646,325000.0
10670963,1,0.0,0.0,1.0,0.0,0.0,0.0,0.0,0.0,0.0,1.0,0.0,0.0,0.0,0.0,0.0,1.0,0.0,0.0,0.286734693877551,0.4545454545454545,0.2727272727272727,0.0,0.16666666666666666,3,3,0,1,0,0,0,1,0.0,0.4,0.00015222640284424946,289000.0
10670965,1,0.0,1.0,0.0,0.0,0.0,0.0,0.0,0.0,1.0,0.0,0.0,0.0,0.0,0.0,0.0,0.0,0.0,1.0,0.12040816326530615,0.1818181818181818,0.09090909090909091,0.0,0.1111111111111111,4,6,0,1,0,0,1,0,0.0,0.0,0.0004585132615790647,269000.0
10670970,1,0.0,0.0,1.0,0.0,0.0,0.0,0.0,1.0,0.0,0.0,0.0,0.0,0.0,0.0,0.0,0.0,0.0,1.0,0.1326530612244898,0.1818181818181818,0.09090909090909091,0.0,0.05555555555555555,3,4,0,0,0,0,0,1,0.0,0.0,0.0006712634149517507,350000.0
10670972,1,0.0,1.0,0.0,0.0,0.0,0.0,1.0,0.0,0.0,0.0,0.0,0.0,0.0,0.0,0.0,0.0,0.0,1.0,0.06632653061224492,0.1818181818181818,0.09090909090909091,0.0,0.05555555555555555,2,0,0,1,0,0,0,1,0.0,0.0,0.00022925663078953234,339000.0
10670974,1,0.0,0.0,1.0,0.0,0.0,0.0,0.0,1.0,0.0,0.0,0.0,0.0,0.0,0.0,0.0,0.0,0.0,1.0,0.1326530612244898,0.1818181818181818,0.09090909090909091,0.0,0.05555555555555555,3,4,0,0,0,0,0,1,0.0,0.0,0.0006712634149517507,350000.0
9360253,0,0.0,0.0,1.0,0.0,0.0,0.0,0.0,1.0,0.0,0.0,0.0,0.0,0.0,0.0,0.0,0.0,1.0,0.0,0.0816326530612245,0.09090909090909091,0.09090909090909091,0.0,0.05555555555555555,0,3,0,1,0,0,0,0,0.0,0.0,0.0,109000.0
10670976,0,0.0,1.0,0.0,1.0,0.0,0.0,0.0,0.0,0.0,0.0,0.0,0.0,0.0,0.0,0.0,0.0,0.0,1.0,0.11224489795918369,0.1818181818181818,0.09090909090909091,0.0,0.05555555555555555,2,2,1,1,0,0,0,1,0.0,0.21,0.0,379000.0
10670978,0,1.0,0.0,0.0,0.0,1.0,0.0,0.0,0.0,0.0,0.0,0.0,0.0,0.0,0.0,0.0,0.0,0.0,1.0,0.0816326530612245,0.09090909090909091,0.09090909090909091,0.0,0.05555555555555555,3,6,1,0,0,0,0,1,0.0,0.42,0.0,390000.0
10670980,1,0.0,0.0,1.0,0.0,0.0,0.0,0.0,0.0,0.0,1.0,0.0,0.0,0.0,0.0,0.0,0.0,0.0,1.0,0.20408163265306126,0.1818181818181818,0.18181818181818182,0.0,0.1111111111111111,0,1,0,1,0,0,1,0,0.0,0.0,0.0027125644555017468,649000.0
10670983,1,0.0,1.0,0.0,0.0,0.0,1.0,0.0,0.0,0.0,0.0,0.0,0.0,0.0,0.0,0.0,0.0,0.0,1.0,0.22448979591836737,0.1818181818181818,0.09090909090909091,0.0,0.0,0,3,0,1,0,0,1,1,0.0,0.0,0.0013571992542740314,572000.0
10670982,0,0.0,1.0,0.0,0.0,0.0,1.0,0.0,0.0,0.0,0.0,0.0,0.0,0.0,0.0,1.0,0.0,0.0,0.0,0.051020408163265314,0.09090909090909091,0.09090909090909091,0.0,0.1111111111111111,0,1,1,1,0,0,0,0,0.0,0.0,0.0,297000.0
10670985,1,0.0,0.0,1.0,0.0,0.0,0.0,0.0,1.0,0.0,0.0,0.0,0.0,0.0,0.0,0.0,0.0,1.0,0.0,0.14285714285714288,0.1818181818181818,0.0,0.07142857142857142,0.05555555555555555,3,5,0,1,0,0,1,1,0.135,0.23,0.00020174583509478846,190000.0
10670988,1,0.0,0.0,1.0,0.0,0.0,0.0,0.0,0.0,0.0,0.0,0.0,1.0,0.0,0.0,0.0,0.0,0.0,1.0,0.1285714285714286,0.1818181818181818,0.09090909090909091,0.0,0.1111111111111111,3,4,0,1,0,0,1,1,0.0,0.0,0.0004841900042274923,320000.0
10670994,1,0.0,0.0,1.0,0.0,0.0,0.0,0.0,0.0,0.0,0.0,0.0,0.0,1.0,0.0,0.0,0.0,0.0,1.0,0.1326530612244898,0.2727272727272727,0.09090909090909091,0.0,0.1111111111111111,0,6,0,1,0,0,1,0,0.14,0.0,0.0,275000.0
10670991,1,0.0,0.0,1.0,0.0,0.0,0.0,0.0,1.0,0.0,0.0,0.0,0.0,0.0,0.0,0.0,0.0,1.0,0.0,0.21938775510204084,0.36363636363636365,0.09090909090909091,0.0,0.05555555555555555,5,5,0,1,0,0,1,1,0.3,0.0,0.0002751079569474388,175000.0
10670986,1,0.0,0.0,1.0,0.0,0.0,0.0,0.0,1.0,0.0,0.0,0.0,0.0,0.0,0.0,0.0,0.0,1.0,0.0,0.25510204081632654,0.4545454545454545,0.09090909090909091,0.07142857142857142,0.16666666666666666,3,6,0,1,0,0,1,1,0.41000000000000003,0.15,0.0005135348529685524,330000.0
10671005,1,0.0,0.0,1.0,0.0,0.0,0.0,0.0,0.0,0.0,0.0,0.0,0.0,1.0,0.0,0.0,0.0,1.0,0.0,0.1275510204081633,0.36363636363636365,0.0,0.14285714285714285,0.1111111111111111,1,4,0,1,0,0,1,1,0.65,0.25,0.000786808756869675,500000.0
10670997,1,0.0,0.0,1.0,0.0,0.0,0.0,0.0,0.0,0.0,0.0,0.0,0.0,1.0,0.0,0.0,0.0,1.0,0.0,0.13979591836734695,0.1818181818181818,0.18181818181818182,0.0,0.16666666666666666,4,7,0,1,0,0,0,1,0.0,0.06,0.0,525000.0
10670995,1,0.0,0.0,1.0,0.0,0.0,0.0,0.0,0.0,0.0,0.0,0.0,0.0,1.0,0.0,0.0,0.0,0.0,1.0,0.19387755102040818,0.2727272727272727,0.09090909090909091,0.14285714285714285,0.0,3,3,0,1,1,0,1,1,0.0,0.0,0.0008253238708423164,550000.0
10671002,1,0.0,0.0,1.0,0.0,0.0,0.0,0.0,0.0,0.0,0.0,0.0,1.0,0.0,0.0,0.0,0.0,1.0,0.0,0.14285714285714288,0.1818181818181818,0.09090909090909091,0.0,0.1111111111111111,3,2,0,1,0,0,1,1,0.8,1.0,0.0017240098635372832,380000.0
10671009,0,1.0,0.0,0.0,0.0,1.0,0.0,0.0,0.0,0.0,0.0,0.0,0.0,0.0,0.0,0.0,0.0,0.0,1.0,0.07653061224489796,0.1818181818181818,0.18181818181818182,0.0,0.1111111111111111,0,3,1,1,0,0,0,1,0.0,0.0,0.0,450000.0
10671006,1,0.0,0.0,1.0,0.0,0.0,0.0,0.0,0.0,0.0,0.0,0.0,0.0,1.0,0.0,0.0,0.0,1.0,0.0,0.30612244897959184,0.36363636363636365,0.18181818181818182,0.0,0.0,0,2,0,1,0,0,0,1,0.0,0.11,0.0003943214049579956,750000.0
10671008,1,0.0,0.0,1.0,0.0,0.0,0.0,0.0,0.0,0.0,0.0,0.0,0.0,1.0,0.0,0.0,0.0,1.0,0.0,0.23979591836734696,0.2727272727272727,0.09090909090909091,0.07142857142857142,0.1111111111111111,0,0,0,1,0,0,0,0,0.0,0.0,0.002751079569474388,500000.0
10671010,1,0.0,0.0,1.0,0.0,0.0,0.0,0.0,0.0,0.0,0.0,0.0,0.0,1.0,0.0,0.0,0.0,0.0,1.0,0.2653061224489796,0.4545454545454545,0.09090909090909091,0.14285714285714285,0.16666666666666666,4,5,1,1,0,0,1,1,0.4,0.25,0.0005694734708811983,400000.0
10671017,0,0.0,0.0,1.0,0.0,0.0,0.0,0.0,0.0,0.0,0.0,0.0,0.0,1.0,0.0,0.0,0.0,1.0,0.0,0.23979591836734696,0.2727272727272727,0.09090909090909091,0.07142857142857142,0.1111111111111111,0,0,0,1,0,0,0,0,0.0,0.0,0.0,500000.0
10671018,1,0.0,0.0,1.0,0.0,0.0,0.0,0.0,0.0,0.0,0.0,0.0,0.0,1.0,0.0,0.0,0.0,1.0,0.0,0.23979591836734696,0.2727272727272727,0.18181818181818182,0.0,0.16666666666666666,3,3,0,1,0,0,1,0,0.0,0.0,0.0007473766163738755,499000.0
10671023,1,0.0,0.0,1.0,0.0,0.0,0.0,0.0,1.0,0.0,0.0,0.0,0.0,0.0,0.0,0.0,0.0,1.0,0.0,0.14285714285714288,0.09090909090909091,0.09090909090909091,0.07142857142857142,0.1111111111111111,2,5,0,1,0,0,0,1,0.0,0.7000000000000001,0.0013296884585792875,900000.0
10671020,0,0.0,0.0,1.0,0.0,0.0,0.0,0.0,0.0,0.0,0.0,0.0,0.0,1.0,0.0,0.0,0.0,1.0,0.0,0.23979591836734696,0.2727272727272727,0.09090909090909091,0.07142857142857142,0.1111111111111111,0,0,0,1,0,0,0,0,0.0,0.0,0.0,500000.0
10671025,1,0.0,0.0,1.0,0.0,0.0,0.0,0.0,0.0,0.0,0.0,0.0,0.0,1.0,0.0,0.0,0.0,0.0,1.0,0.2653061224489796,0.4545454545454545,0.09090909090909091,0.14285714285714285,0.16666666666666666,4,5,1,1,0,0,1,1,0.4,0.25,0.0005694734708811983,400000.0
10671022,1,0.0,0.0,1.0,0.0,0.0,0.0,0.0,1.0,0.0,0.0,0.0,0.0,0.0,0.0,0.0,0.0,0.0,1.0,0.14285714285714288,0.09090909090909091,0.09090909090909091,0.07142857142857142,0.1111111111111111,2,5,0,1,0,0,0,1,0.0,0.7000000000000001,0.0013296884585792875,900000.0
10671028,1,0.0,0.0,1.0,0.0,0.0,0.0,0.0,0.0,0.0,1.0,0.0,0.0,0.0,0.0,0.0,0.0,0.0,1.0,0.07551020408163267,0.09090909090909091,0.09090909090909091,0.07142857142857142,0.05555555555555555,3,7,0,0,0,0,1,1,0.498,0.33,0.0006299972214096349,295000.0
10671024,1,0.0,0.0,1.0,0.0,0.0,0.0,0.0,0.0,0.0,0.0,0.0,0.0,1.0,0.0,0.0,0.0,0.0,1.0,0.1326530612244898,0.2727272727272727,0.09090909090909091,0.0,0.1111111111111111,0,6,0,1,0,0,1,0,0.14,0.0,0.0,275000.0
10671029,1,0.0,1.0,0.0,0.0,0.0,0.0,0.0,0.0,0.0,0.0,0.0,0.0,0.0,1.0,0.0,0.0,0.0,1.0,0.07346938775510206,0.1818181818181818,0.09090909090909091,0.0,0.05555555555555555,3,6,0,1,0,0,1,1,0.1,0.47000000000000003,0.00015589450893688199,155000.0
10671027,1,0.0,1.0,0.0,0.0,0.0,0.0,1.0,0.0,0.0,0.0,0.0,0.0,0.0,0.0,0.0,1.0,0.0,0.0,0.36122448979591837,0.4545454545454545,0.09090909090909091,0.21428571428571427,0.2777777777777778,3,4,0,1,0,0,1,1,1.0,0.2,0.0013296884585792875,695000.0
10671030,1,0.0,1.0,0.0,0.0,0.0,1.0,0.0,0.0,0.0,0.0,0.0,0.0,0.0,0.0,0.0,0.0,0.0,1.0,0.1469387755102041,0.1818181818181818,0.09090909090909091,0.0,0.1111111111111111,3,4,0,1,0,0,1,1,0.553,0.5,0.0007070274493549177,439000.0
10671032,1,0.0,0.0,1.0,0.0,0.0,0.0,0.0,0.0,0.0,0.0,0.0,0.0,1.0,0.0,0.0,0.0,1.0,0.0,0.2448979591836735,0.4545454545454545,0.0,0.2857142857142857,0.16666666666666666,1,2,0,1,0,0,1,1,0.1,0.4,0.0013480289890424502,950000.0
10671034,0,0.0,0.0,1.0,0.0,0.0,0.0,0.0,0.0,0.0,0.0,0.0,0.0,1.0,0.0,0.0,0.0,1.0,0.0,0.1275510204081633,0.1818181818181818,0.0,0.14285714285714285,0.1111111111111111,1,2,0,1,0,0,1,1,0.1,0.4,0.0,500000.0
10671033,0,0.0,0.0,1.0,0.0,0.0,0.0,0.0,0.0,0.0,0.0,0.0,0.0,1.0,0.0,0.0,0.0,1.0,0.0,0.09183673469387757,0.1818181818181818,0.0,0.14285714285714285,0.1111111111111111,1,3,0,1,0,0,1,1,0.1,0.25,0.0,450000.0
10671039,1,0.0,0.0,1.0,0.0,0.0,0.0,0.0,0.0,0.0,0.0,0.0,0.0,1.0,0.0,0.0,0.0,1.0,0.0,0.3775510204081633,0.4545454545454545,0.0,0.2857142857142857,0.0,1,2,0,1,0,0,0,1,0.0,0.0,0.0,1000000.0
10671038,1,0.0,0.0,1.0,0.0,0.0,0.0,0.0,0.0,0.0,0.0,0.0,0.0,1.0,0.0,0.0,0.0,1.0,0.0,0.2755102040816327,0.36363636363636365,0.2727272727272727,0.0,0.0,1,2,0,1,0,0,0,0,0.0,0.0,0.0,700000.0
10671042,1,0.0,0.0,1.0,0.0,0.0,0.0,0.0,0.0,0.0,0.0,0.0,0.0,1.0,0.0,0.0,0.0,1.0,0.0,0.2448979591836735,0.4545454545454545,0.0,0.2857142857142857,0.16666666666666666,1,2,0,1,0,0,1,1,0.1,0.4,0.0013480289890424502,950000.0
10671044,1,0.0,1.0,0.0,1.0,0.0,0.0,0.0,0.0,0.0,0.0,0.0,0.0,0.0,0.0,0.0,0.0,1.0,0.0,0.15918367346938778,0.2727272727272727,0.18181818181818182,0.0,0.16666666666666666,4,5,0,1,0,0,1,0,0.0,0.0,0.00011004318277897552,289000.0
10671053,0,0.0,1.0,0.0,1.0,0.0,0.0,0.0,0.0,0.0,0.0,0.0,0.0,0.0,0.0,0.0,0.0,0.0,1.0,0.19897959183673472,0.1818181818181818,0.09090909090909091,0.0,0.05555555555555555,0,2,1,1,0,0,0,1,0.0,0.0,0.0,460000.0
10671045,0,0.0,1.0,0.0,1.0,0.0,0.0,0.0,0.0,0.0,0.0,0.0,0.0,0.0,0.0,0.0,0.0,1.0,0.0,0.06326530612244899,0.09090909090909091,0.09090909090909091,0.0,0.05555555555555555,2,1,0,1,0,0,0,1,0.0,0.06,0.0,365000.0
10671060,0,0.0,0.0,1.0,0.0,0.0,0.0,0.0,0.0,0.0,1.0,0.0,0.0,0.0,0.0,0.0,0.0,1.0,0.0,0.07959183673469389,0.1818181818181818,0.09090909090909091,0.07142857142857142,0.05555555555555555,3,4,1,1,0,0,0,1,0.0,0.0,0.0,250000.0
10671058,1,0.0,1.0,0.0,0.0,0.0,0.0,0.0,0.0,0.0,0.0,0.0,0.0,0.0,1.0,0.0,0.0,0.0,1.0,0.17142857142857146,0.2727272727272727,0.0,0.0,0.1111111111111111,1,2,0,0,0,0,1,1,0.25,0.6,0.00046401542071801346,485000.0
10671068,0,1.0,0.0,0.0,0.0,1.0,0.0,0.0,0.0,0.0,0.0,0.0,0.0,0.0,0.0,0.0,0.0,0.0,1.0,0.051020408163265314,0.09090909090909091,0.09090909090909091,0.0,0.05555555555555555,1,4,0,0,0,0,0,1,0.0,0.03,0.0,215000.0
10671069,0,0.0,1.0,0.0,0.0,0.0,0.0,0.0,0.0,0.0,0.0,0.0,0.0,0.0,1.0,0.0,0.0,0.0,1.0,0.036734693877551024,0.0,0.09090909090909091,0.0,0.05555555555555555,3,3,1,0,0,0,1,0,0.0,0.0,0.0,125000.0
10671063,1,0.0,1.0,0.0,0.0,0.0,0.0,0.0,0.0,0.0,0.0,0.0,0.0,0.0,1.0,0.0,0.0,0.0,1.0,0.13877551020408166,0.1818181818181818,0.0,0.0,0.0,3,2,0,0,0,0,0,0,0.0,0.0,0.0003026187526421827,459000.0
10671067,0,1.0,0.0,0.0,0.0,1.0,0.0,0.0,0.0,0.0,0.0,0.0,0.0,0.0,0.0,0.0,0.0,0.0,1.0,0.051020408163265314,0.09090909090909091,0.09090909090909091,0.0,0.05555555555555555,1,4,0,0,0,0,0,1,0.0,0.03,0.0,215000.0
10671072,0,0.0,1.0,0.0,1.0,0.0,0.0,0.0,0.0,0.0,0.0,0.0,0.0,0.0,0.0,0.0,1.0,0.0,0.0,0.051020408163265314,0.0,0.09090909090909091,0.0,0.05555555555555555,0,2,1,1,0,0,0,1,0.0,0.06,0.0,199500.0
10671074,1,0.0,0.0,1.0,0.0,0.0,0.0,0.0,1.0,0.0,0.0,0.0,0.0,0.0,0.0,0.0,0.0,0.0,1.0,0.1836734693877551,0.2727272727272727,0.0,0.0,0.1111111111111111,3,7,0,0,0,0,0,1,0.0,0.0,0.001155453419179243,375000.0
10671077,1,0.0,1.0,0.0,1.0,0.0,0.0,0.0,0.0,0.0,0.0,0.0,0.0,0.0,0.0,0.0,0.0,0.0,1.0,0.1836734693877551,0.1818181818181818,0.09090909090909091,0.07142857142857142,0.1111111111111111,5,0,0,1,0,0,1,1,1.0,0.25,0.0019257556986320716,725000.0
10671079,0,0.0,1.0,0.0,0.0,0.0,0.0,0.0,0.0,1.0,0.0,0.0,0.0,0.0,0.0,0.0,0.0,1.0,0.0,0.059183673469387764,0.1818181818181818,0.09090909090909091,0.0,0.05555555555555555,3,3,0,1,0,0,0,0,0.0,0.0,0.0,219000.0
10671080,1,1.0,0.0,0.0,0.0,1.0,0.0,0.0,0.0,0.0,0.0,0.0,0.0,0.0,0.0,0.0,0.0,0.0,1.0,0.2091836734693878,0.2727272727272727,0.09090909090909091,0.07142857142857142,0.16666666666666666,0,0,0,1,0,0,1,1,0.2,0.25,0.0004310024658843208,1195000.0
10671082,1,0.0,0.0,1.0,0.0,0.0,0.0,0.0,0.0,0.0,0.0,1.0,0.0,0.0,0.0,0.0,0.0,0.0,1.0,0.10510204081632654,0.1818181818181818,0.09090909090909091,0.0,0.0,0,1,0,0,0,0,0,1,0.0,0.11,0.00022283744512742543,294900.0
10671083,1,0.0,0.0,1.0,0.0,0.0,0.0,0.0,0.0,0.0,0.0,1.0,0.0,0.0,0.0,0.0,0.0,0.0,1.0,0.10408163265306122,0.1818181818181818,0.09090909090909091,0.0,0.0,0,1,0,0,0,0,0,1,0.0,0.11,0.00018248827810846775,284900.0
10671081,1,0.0,0.0,1.0,0.0,0.0,0.0,0.0,0.0,0.0,0.0,1.0,0.0,0.0,0.0,0.0,0.0,0.0,1.0,0.10408163265306122,0.1818181818181818,0.09090909090909091,0.0,0.0,0,1,0,0,0,0,0,1,0.0,0.11,0.00021091610032636975,284900.0
10671102,0,0.0,1.0,0.0,0.0,0.0,0.0,0.0,0.0,0.0,0.0,0.0,0.0,0.0,1.0,0.0,0.0,1.0,0.0,0.04591836734693878,0.09090909090909091,0.0,0.07142857142857142,0.05555555555555555,3,3,0,0,0,0,0,0,0.0,0.0,0.0,225000.0
10540013,0,0.0,0.0,1.0,0.0,0.0,0.0,0.0,1.0,0.0,0.0,0.0,0.0,0.0,0.0,0.0,0.0,1.0,0.0,0.1285714285714286,0.1818181818181818,0.09090909090909091,0.07142857142857142,0.05555555555555555,0,4,1,0,0,0,0,1,0.0,0.2,0.0,198000.0
10671084,1,0.0,0.0,1.0,0.0,0.0,0.0,0.0,0.0,0.0,0.0,1.0,0.0,0.0,0.0,0.0,0.0,0.0,1.0,0.10612244897959186,0.1818181818181818,0.09090909090909091,0.0,0.0,0,1,0,0,0,0,0,1,0.0,0.11,0.00017606909244636084,294900.0
10671130,1,0.0,1.0,0.0,0.0,0.0,0.0,0.0,0.0,0.0,0.0,0.0,0.0,0.0,1.0,0.0,0.0,0.0,1.0,0.20306122448979594,0.1818181818181818,0.09090909090909091,0.0,0.1111111111111111,0,4,0,0,0,0,1,1,0.0,0.0,0.0004438408372085346,269000.0
10671113,0,1.0,0.0,0.0,0.0,1.0,0.0,0.0,0.0,0.0,0.0,0.0,0.0,0.0,0.0,0.0,1.0,0.0,0.0,0.0816326530612245,0.1818181818181818,0.18181818181818182,0.0,0.1111111111111111,1,4,1,0,0,0,1,1,0.25,0.6,0.0,379000.0
10671131,0,0.0,1.0,0.0,0.0,0.0,1.0,0.0,0.0,0.0,0.0,0.0,0.0,0.0,0.0,0.0,0.0,1.0,0.0,0.06632653061224492,0.1818181818181818,0.09090909090909091,0.0,0.05555555555555555,1,3,1,0,0,0,1,1,0.0,0.06,0.0,235000.0
10671133,1,0.0,1.0,0.0,0.0,0.0,0.0,1.0,0.0,0.0,0.0,0.0,0.0,0.0,0.0,0.0,0.0,0.0,1.0,0.1785714285714286,0.1818181818181818,0.18181818181818182,0.0,0.1111111111111111,4,6,0,1,0,0,0,0,0.0,0.0,0.0014030505804319378,950000.0
10671132,1,0.0,1.0,0.0,1.0,0.0,0.0,0.0,0.0,0.0,0.0,0.0,0.0,0.0,0.0,0.0,0.0,0.0,1.0,0.30612244897959184,0.4545454545454545,0.09090909090909091,0.0,0.1111111111111111,3,3,0,1,0,0,0,0,0.0,0.0,0.0007565468816054567,429000.0
10671134,0,0.0,1.0,0.0,1.0,0.0,0.0,0.0,0.0,0.0,0.0,0.0,0.0,0.0,0.0,0.0,1.0,0.0,0.0,0.08061224489795918,0.1818181818181818,0.09090909090909091,0.0,0.05555555555555555,1,2,1,0,0,0,1,1,0.0,0.0,0.0,189000.0
10671143,1,0.0,1.0,0.0,0.0,0.0,1.0,0.0,0.0,0.0,0.0,0.0,0.0,0.0,0.0,0.0,0.0,0.0,1.0,0.14285714285714288,0.1818181818181818,0.09090909090909091,0.0,0.1111111111111111,1,0,0,0,0,0,1,1,0.0,0.0,0.0002723568773779644,415000.0
10671144,1,0.0,1.0,0.0,0.0,0.0,1.0,0.0,0.0,0.0,0.0,0.0,0.0,0.0,0.0,0.0,0.0,0.0,1.0,0.2163265306122449,0.1818181818181818,0.09090909090909091,0.0,0.1111111111111111,4,6,0,0,0,0,1,1,0.0,0.0,0.0010261526794139468,439000.0
10671146,1,0.0,1.0,0.0,0.0,0.0,1.0,0.0,0.0,0.0,0.0,0.0,0.0,0.0,0.0,0.0,0.0,0.0,1.0,0.20000000000000004,0.2727272727272727,0.09090909090909091,0.0,0.1111111111111111,1,2,0,0,0,0,1,1,0.0,0.0,0.0002503482408221693,399000.0
10671145,1,0.0,1.0,0.0,0.0,0.0,1.0,0.0,0.0,0.0,0.0,0.0,0.0,0.0,0.0,0.0,0.0,1.0,0.0,0.16836734693877553,0.2727272727272727,0.18181818181818182,0.0,0.16666666666666666,1,3,0,0,0,0,1,1,0.0,0.0,0.0012288155410318934,515000.0
10671147,1,0.0,1.0,0.0,0.0,0.0,1.0,0.0,0.0,0.0,0.0,0.0,0.0,0.0,0.0,0.0,0.0,0.0,1.0,0.04081632653061225,0.09090909090909091,0.09090909090909091,0.0,0.05555555555555555,1,0,0,0,0,0,1,1,0.0,0.0,0.00032095928310534527,118500.0
10671148,1,0.0,1.0,0.0,0.0,0.0,1.0,0.0,0.0,0.0,0.0,0.0,0.0,0.0,0.0,0.0,0.0,1.0,0.0,0.2979591836734694,0.2727272727272727,0.09090909090909091,0.0,0.1111111111111111,4,4,0,1,1,0,0,1,0.0,0.0,0.00245121189640168,599000.0
10671150,1,0.0,1.0,0.0,0.0,0.0,1.0,0.0,0.0,0.0,0.0,0.0,0.0,0.0,0.0,0.0,0.0,1.0,0.0,0.1489795918367347,0.4545454545454545,0.09090909090909091,0.0,0.0,0,6,0,0,0,0,1,1,0.0,0.0,0.0,389000.0
10671153,1,0.0,1.0,0.0,0.0,0.0,0.0,0.0,0.0,0.0,0.0,0.0,0.0,0.0,1.0,0.0,0.0,1.0,0.0,0.11836734693877551,0.2727272727272727,0.09090909090909091,0.0,0.0,0,4,0,0,0,0,1,1,0.0,0.0,0.00013205181933477063,170000.0
10671156,0,0.0,1.0,0.0,1.0,0.0,0.0,0.0,0.0,0.0,0.0,0.0,0.0,0.0,0.0,0.0,0.0,0.0,1.0,0.07142857142857142,0.09090909090909091,0.09090909090909091,0.0,0.05555555555555555,1,3,0,0,0,0,0,1,0.0,0.0,0.0,249500.0
10671160,0,0.0,1.0,0.0,0.0,0.0,1.0,0.0,0.0,0.0,0.0,0.0,0.0,0.0,0.0,1.0,0.0,0.0,0.0,0.04489795918367347,0.09090909090909091,0.09090909090909091,0.0,0.0,5,3,1,0,0,0,0,0,0.0,0.0,0.0,175000.0
10671162,1,0.0,1.0,0.0,0.0,0.0,0.0,0.0,0.0,0.0,0.0,0.0,0.0,0.0,1.0,0.0,0.0,0.0,1.0,0.163265306122449,0.2727272727272727,0.09090909090909091,0.0,0.0,0,6,0,0,0,0,0,1,0.0,0.0,0.0004282513863148464,349000.0
10671167,0,0.0,1.0,0.0,0.0,0.0,0.0,0.0,0.0,0.0,0.0,0.0,0.0,0.0,1.0,0.0,0.0,0.0,1.0,0.051020408163265314,0.09090909090909091,0.09090909090909091,0.0,0.05555555555555555,1,3,1,0,0,0,1,1,0.0,0.0,0.0,390000.0
10671166,0,0.0,1.0,0.0,0.0,0.0,0.0,0.0,0.0,0.0,0.0,0.0,0.0,0.0,1.0,0.0,0.0,0.0,1.0,0.04795918367346939,0.09090909090909091,0.09090909090909091,0.0,0.05555555555555555,1,4,1,0,0,0,1,1,0.0,0.0,0.0,280000.0
10671177,1,0.0,1.0,0.0,0.0,0.0,1.0,0.0,0.0,0.0,0.0,0.0,0.0,0.0,0.0,0.0,0.0,0.0,1.0,0.30612244897959184,0.2727272727272727,0.09090909090909091,0.0,0.1111111111111111,1,3,0,0,0,0,0,0,0.0,0.0,0.000531875383431715,365000.0
10671176,1,0.0,1.0,0.0,0.0,0.0,0.0,1.0,0.0,0.0,0.0,0.0,0.0,0.0,0.0,0.0,0.0,0.0,1.0,0.23877551020408164,0.2727272727272727,0.09090909090909091,0.0,0.1111111111111111,1,1,0,0,0,0,1,1,0.32,0.4,0.0006996912371696527,485000.0
10671179,1,0.0,1.0,0.0,1.0,0.0,0.0,0.0,0.0,0.0,0.0,0.0,0.0,0.0,0.0,0.0,0.0,0.0,1.0,0.22346938775510206,0.1818181818181818,0.09090909090909091,0.0,0.1111111111111111,3,2,0,0,0,0,1,0,0.0,0.0,0.00024576310820637867,479000.0
10671178,1,0.0,1.0,0.0,0.0,0.0,0.0,0.0,0.0,0.0,0.0,0.0,0.0,0.0,1.0,0.0,0.0,0.0,1.0,0.05612244897959184,0.09090909090909091,0.09090909090909091,0.0,0.05555555555555555,0,4,0,0,0,0,0,1,0.0,0.0,9.537075840844545e-05,185000.0
10671186,0,0.0,1.0,0.0,0.0,0.0,0.0,0.0,0.0,0.0,0.0,0.0,0.0,0.0,1.0,0.0,0.0,0.0,1.0,0.06224489795918368,0.09090909090909091,0.09090909090909091,0.0,0.05555555555555555,1,3,1,0,0,0,0,1,0.0,0.0,0.0,225000.0
10671188,0,0.0,1.0,0.0,0.0,0.0,0.0,0.0,0.0,0.0,0.0,0.0,0.0,0.0,1.0,0.0,0.0,0.0,1.0,0.10408163265306122,0.09090909090909091,0.09090909090909091,0.0,0.1111111111111111,1,0,1,0,0,0,0,0,0.0,0.0,0.0,380000.0
10671181,0,0.0,1.0,0.0,0.0,0.0,1.0,0.0,0.0,0.0,0.0,0.0,0.0,0.0,0.0,0.0,0.0,1.0,0.0,0.08571428571428572,0.09090909090909091,0.09090909090909091,0.0,0.05555555555555555,4,6,1,0,0,0,0,1,0.0,0.0,0.0,259000.0
10671189,0,0.0,1.0,0.0,0.0,0.0,0.0,0.0,0.0,0.0,0.0,0.0,0.0,0.0,1.0,0.0,0.0,0.0,1.0,0.09285714285714286,0.09090909090909091,0.09090909090909091,0.0,0.05555555555555555,1,0,1,0,0,0,0,0,0.0,0.0,0.0,349000.0
10671182,0,0.0,1.0,0.0,0.0,0.0,1.0,0.0,0.0,0.0,0.0,0.0,0.0,0.0,0.0,0.0,0.0,0.0,1.0,0.08877551020408164,0.1818181818181818,0.09090909090909091,0.0,0.0,3,2,1,0,0,0,1,1,0.0,0.0,0.0,229000.0
10671191,0,0.0,1.0,0.0,0.0,0.0,0.0,0.0,0.0,0.0,0.0,0.0,0.0,0.0,1.0,0.0,0.0,0.0,1.0,0.10102040816326532,0.09090909090909091,0.09090909090909091,0.0,0.1111111111111111,1,0,1,0,0,0,0,0,0.0,0.0,0.0,373000.0
10671190,0,0.0,1.0,0.0,0.0,0.0,0.0,0.0,0.0,0.0,0.0,0.0,0.0,0.0,1.0,0.0,0.0,0.0,1.0,0.10102040816326532,0.09090909090909091,0.09090909090909091,0.0,0.1111111111111111,1,0,1,0,0,0,0,0,0.0,0.0,0.0,385000.0
10671193,1,0.0,1.0,0.0,0.0,0.0,0.0,0.0,0.0,0.0,0.0,0.0,0.0,0.0,1.0,0.0,0.0,0.0,1.0,0.17346938775510207,0.1818181818181818,0.09090909090909091,0.0,0.05555555555555555,3,6,0,0,0,0,0,0,0.0,0.0,0.0005327924099548731,289000.0
10671198,1,0.0,1.0,0.0,0.0,0.0,0.0,0.0,0.0,0.0,0.0,0.0,0.0,0.0,1.0,0.0,0.0,0.0,1.0,0.21530612244897962,0.2727272727272727,0.18181818181818182,0.0,0.1111111111111111,2,2,0,0,0,0,1,0,0.0,0.0,0.0002751079569474388,420000.0
10671194,1,0.0,1.0,0.0,0.0,0.0,1.0,0.0,0.0,0.0,0.0,0.0,0.0,0.0,0.0,0.0,0.0,0.0,1.0,0.21734693877551023,0.1818181818181818,0.18181818181818182,0.0,0.0,1,3,0,0,0,0,1,0,0.0,0.0,0.0005098667468759199,440000.0
10671205,1,0.0,1.0,0.0,0.0,0.0,0.0,0.0,0.0,0.0,0.0,0.0,0.0,0.0,1.0,0.0,0.0,0.0,1.0,0.07551020408163267,0.09090909090909091,0.09090909090909091,0.0,0.05555555555555555,5,6,0,0,0,0,1,1,0.0,0.0,0.00010270697059371048,150000.0
10671199,0,0.0,1.0,0.0,0.0,0.0,0.0,0.0,0.0,1.0,0.0,0.0,0.0,0.0,0.0,0.0,0.0,1.0,0.0,0.1306122448979592,0.2727272727272727,0.09090909090909091,0.0,0.05555555555555555,3,3,1,0,0,0,0,1,0.0,0.07,0.0,289900.0
10671195,1,0.0,1.0,0.0,0.0,0.0,1.0,0.0,0.0,0.0,0.0,0.0,0.0,0.0,0.0,0.0,0.0,0.0,1.0,0.21734693877551023,0.1818181818181818,0.18181818181818182,0.0,0.0,1,3,0,0,0,0,1,0,0.0,0.0,0.0005098667468759199,440000.0
10671206,0,0.0,1.0,0.0,0.0,0.0,0.0,0.0,0.0,0.0,0.0,0.0,0.0,0.0,1.0,0.0,0.0,0.0,1.0,0.10714285714285715,0.1818181818181818,0.09090909090909091,0.0,0.05555555555555555,1,3,1,0,0,0,0,1,0.0,0.21,0.0,245000.0
10671213,1,0.0,1.0,0.0,0.0,0.0,1.0,0.0,0.0,0.0,0.0,0.0,0.0,0.0,0.0,0.0,0.0,0.0,1.0,0.163265306122449,0.1818181818181818,0.09090909090909091,0.0,0.1111111111111111,5,6,0,0,0,0,1,0,0.0,0.0,0.0007051933963086015,240000.0
10671212,1,0.0,0.0,1.0,0.0,0.0,0.0,0.0,0.0,0.0,0.0,0.0,1.0,0.0,0.0,0.0,1.0,0.0,0.0,0.12244897959183676,0.1818181818181818,0.09090909090909091,0.0,0.1111111111111111,1,5,0,0,0,0,1,1,0.4,0.22,0.0004585132615790647,369000.0
10671221,0,0.0,1.0,0.0,0.0,0.0,1.0,0.0,0.0,0.0,0.0,0.0,0.0,0.0,0.0,1.0,0.0,0.0,0.0,0.08061224489795918,0.09090909090909091,0.09090909090909091,0.0,0.05555555555555555,1,1,0,0,0,0,0,1,0.0,0.06,0.0,399000.0
10671237,1,0.0,1.0,0.0,0.0,0.0,0.0,0.0,0.0,0.0,0.0,0.0,0.0,0.0,1.0,0.0,0.0,0.0,1.0,0.1316326530612245,0.1818181818181818,0.09090909090909091,0.0,0.1111111111111111,0,1,0,0,0,0,0,0,0.0,0.0,0.00027602498347059694,306960.0
10671239,1,0.0,1.0,0.0,0.0,0.0,0.0,0.0,0.0,0.0,0.0,0.0,0.0,0.0,1.0,0.0,0.0,0.0,1.0,0.12551020408163266,0.1818181818181818,0.09090909090909091,0.0,0.1111111111111111,0,1,0,0,0,0,0,0,0.0,0.0,0.00027969308956322947,302415.0
10671240,1,0.0,1.0,0.0,0.0,0.0,0.0,0.0,0.0,0.0,0.0,0.0,0.0,0.0,1.0,0.0,0.0,0.0,1.0,0.1295918367346939,0.1818181818181818,0.09090909090909091,0.0,0.1111111111111111,0,1,0,0,0,0,0,0,0.0,0.0,0.00026960579780849,306815.0
10671238,1,0.0,1.0,0.0,0.0,0.0,0.0,0.0,0.0,0.0,0.0,0.0,0.0,0.0,1.0,0.0,0.0,0.0,1.0,0.1316326530612245,0.1818181818181818,0.09090909090909091,0.0,0.1111111111111111,0,1,0,0,0,0,0,0,0.0,0.0,0.00020082880857163031,277310.0
10671241,1,0.0,1.0,0.0,0.0,0.0,0.0,0.0,0.0,0.0,0.0,0.0,0.0,0.0,1.0,0.0,0.0,0.0,1.0,0.1295918367346939,0.1818181818181818,0.09090909090909091,0.0,0.1111111111111111,0,1,0,0,0,0,0,0,0.0,0.0,0.0002567674264842762,303270.0
10671244,1,0.0,1.0,0.0,0.0,0.0,1.0,0.0,0.0,0.0,0.0,0.0,0.0,0.0,0.0,0.0,0.0,1.0,0.0,0.15612244897959185,0.2727272727272727,0.09090909090909091,0.0,0.1111111111111111,0,1,0,0,0,0,0,0,0.0,0.0,0.00026043553257690873,353100.0
10671242,1,0.0,1.0,0.0,0.0,0.0,0.0,0.0,0.0,0.0,0.0,0.0,0.0,0.0,1.0,0.0,0.0,0.0,1.0,0.1306122448979592,0.1818181818181818,0.09090909090909091,0.0,0.1111111111111111,0,1,0,0,0,0,0,0,0.0,0.0,0.0003182082035358709,408150.0
10671243,1,0.0,1.0,0.0,0.0,0.0,0.0,0.0,0.0,0.0,0.0,0.0,0.0,0.0,1.0,0.0,0.0,0.0,1.0,0.1275510204081633,0.1818181818181818,0.09090909090909091,0.0,0.1111111111111111,0,1,0,0,0,0,0,0,0.0,0.0,0.0002595185060537506,396560.0
10671245,0,0.0,1.0,0.0,0.0,0.0,0.0,0.0,0.0,0.0,0.0,0.0,0.0,0.0,1.0,0.0,0.0,1.0,0.0,0.06122448979591837,0.09090909090909091,0.09090909090909091,0.0,0.05555555555555555,0,1,0,0,0,0,0,1,0.0,0.05,0.0,266434.0
10671247,0,0.0,1.0,0.0,0.0,0.0,0.0,0.0,0.0,0.0,0.0,0.0,0.0,0.0,1.0,0.0,0.0,0.0,1.0,0.07448979591836735,0.09090909090909091,0.09090909090909091,0.0,0.05555555555555555,0,1,0,0,0,0,0,1,0.0,0.18,0.0,295711.0
10671246,0,0.0,1.0,0.0,0.0,0.0,0.0,0.0,0.0,0.0,0.0,0.0,0.0,0.0,1.0,0.0,0.0,0.0,1.0,0.0979591836734694,0.1818181818181818,0.09090909090909091,0.0,0.05555555555555555,0,1,0,0,0,0,0,1,0.0,0.59,0.0,377307.0
10671249,0,0.0,1.0,0.0,0.0,0.0,0.0,0.0,0.0,0.0,0.0,0.0,0.0,0.0,1.0,0.0,0.0,0.0,1.0,0.08979591836734696,0.09090909090909091,0.09090909090909091,0.0,0.05555555555555555,0,1,0,0,0,0,0,1,0.0,0.23,0.0,316950.0
10671248,0,0.0,1.0,0.0,0.0,0.0,0.0,0.0,0.0,0.0,0.0,0.0,0.0,0.0,1.0,0.0,0.0,0.0,1.0,0.05612244897959184,0.0,0.09090909090909091,0.0,0.05555555555555555,0,1,0,0,0,0,0,1,0.0,0.18,0.0,250830.0
10671250,0,0.0,1.0,0.0,0.0,0.0,0.0,0.0,0.0,0.0,0.0,0.0,0.0,0.0,1.0,0.0,0.0,0.0,1.0,0.09591836734693879,0.1818181818181818,0.09090909090909091,0.0,0.05555555555555555,0,1,0,0,0,0,0,1,0.0,0.23,0.0,336443.0
10671251,0,0.0,1.0,0.0,0.0,0.0,0.0,0.0,0.0,0.0,0.0,0.0,0.0,0.0,1.0,0.0,0.0,0.0,1.0,0.07346938775510206,0.09090909090909091,0.09090909090909091,0.0,0.05555555555555555,0,1,0,0,0,0,0,1,0.0,0.28,0.0,282626.0
10671253,0,0.0,1.0,0.0,0.0,0.0,0.0,0.0,0.0,0.0,0.0,0.0,0.0,0.0,1.0,0.0,0.0,0.0,1.0,0.07448979591836735,0.09090909090909091,0.09090909090909091,0.0,0.05555555555555555,0,1,0,0,0,0,0,1,0.0,0.23,0.0,273046.0
10671255,0,0.0,1.0,0.0,0.0,0.0,0.0,0.0,0.0,0.0,0.0,0.0,0.0,0.0,1.0,0.0,0.0,0.0,1.0,0.07346938775510206,0.09090909090909091,0.09090909090909091,0.0,0.05555555555555555,0,1,0,0,0,0,0,1,0.0,0.36,0.0,273193.0
10671254,0,0.0,1.0,0.0,0.0,0.0,0.0,0.0,0.0,0.0,0.0,0.0,0.0,0.0,1.0,0.0,0.0,0.0,1.0,0.034693877551020415,0.0,0.09090909090909091,0.0,0.05555555555555555,0,1,0,0,0,0,0,1,0.0,0.12,0.0,165797.0
10671256,0,0.0,1.0,0.0,0.0,0.0,0.0,0.0,0.0,0.0,0.0,0.0,0.0,0.0,1.0,0.0,0.0,0.0,1.0,0.07653061224489796,0.09090909090909091,0.09090909090909091,0.0,0.05555555555555555,0,1,0,0,0,0,0,1,0.0,0.24,0.0,274977.0
10671257,0,0.0,1.0,0.0,0.0,0.0,0.0,0.0,0.0,0.0,0.0,0.0,0.0,0.0,1.0,0.0,0.0,0.0,1.0,0.06224489795918368,0.09090909090909091,0.09090909090909091,0.0,0.05555555555555555,0,1,0,0,0,0,0,1,0.0,0.27,0.0,278809.0
10671252,0,0.0,1.0,0.0,0.0,0.0,0.0,0.0,0.0,0.0,0.0,0.0,0.0,0.0,1.0,0.0,0.0,0.0,1.0,0.07653061224489796,0.09090909090909091,0.09090909090909091,0.0,0.05555555555555555,0,1,0,0,0,0,0,1,0.0,0.24,0.0,283296.0
10671261,0,0.0,1.0,0.0,0.0,0.0,0.0,0.0,0.0,0.0,0.0,0.0,0.0,0.0,1.0,0.0,0.0,0.0,1.0,0.06326530612244899,0.09090909090909091,0.09090909090909091,0.0,0.05555555555555555,0,1,0,0,0,0,0,1,0.0,0.52,0.0,266211.0
10671258,0,0.0,1.0,0.0,0.0,0.0,0.0,0.0,0.0,0.0,0.0,0.0,0.0,0.0,1.0,0.0,0.0,0.0,1.0,0.07448979591836735,0.09090909090909091,0.09090909090909091,0.0,0.05555555555555555,0,1,0,0,0,0,0,1,0.0,0.18,0.0,293311.0
10671259,0,0.0,1.0,0.0,0.0,0.0,0.0,0.0,0.0,0.0,0.0,0.0,0.0,0.0,1.0,0.0,0.0,0.0,1.0,0.06224489795918368,0.09090909090909091,0.09090909090909091,0.0,0.05555555555555555,0,1,0,0,0,0,0,1,0.0,0.26,0.0,262496.0
10671260,0,0.0,1.0,0.0,0.0,0.0,0.0,0.0,0.0,0.0,0.0,0.0,0.0,0.0,1.0,0.0,0.0,0.0,1.0,0.05612244897959184,0.0,0.09090909090909091,0.0,0.05555555555555555,0,1,0,0,0,0,0,1,0.0,0.18,0.0,245644.0
10671262,0,0.0,1.0,0.0,0.0,0.0,0.0,0.0,0.0,0.0,0.0,0.0,0.0,0.0,1.0,0.0,0.0,0.0,1.0,0.0673469387755102,0.09090909090909091,0.09090909090909091,0.0,0.05555555555555555,0,1,0,0,0,0,0,1,0.0,0.06,0.0,281154.0
10671263,1,0.0,1.0,0.0,0.0,0.0,0.0,0.0,0.0,0.0,0.0,0.0,0.0,0.0,1.0,0.0,0.0,0.0,1.0,0.12653061224489798,0.1818181818181818,0.09090909090909091,0.0,0.1111111111111111,0,1,0,0,0,0,0,0,0.0,0.0,0.0005447137547559288,521268.0
10671268,1,0.0,1.0,0.0,0.0,0.0,1.0,0.0,0.0,0.0,0.0,0.0,0.0,0.0,0.0,0.0,0.0,1.0,0.0,0.13877551020408166,0.2727272727272727,0.09090909090909091,0.0,0.05555555555555555,5,6,0,0,0,0,0,1,0.0,0.23,9.903886450107797e-05,239000.0
10671270,0,0.0,1.0,0.0,0.0,0.0,1.0,0.0,0.0,0.0,0.0,0.0,0.0,0.0,0.0,0.0,0.0,1.0,0.0,0.163265306122449,0.1818181818181818,0.0,0.0,0.05555555555555555,1,2,1,0,0,0,1,1,0.0,0.29,0.0,295000.0
10671276,1,0.0,1.0,0.0,1.0,0.0,0.0,0.0,0.0,0.0,0.0,0.0,0.0,0.0,0.0,0.0,0.0,0.0,1.0,0.11020408163265308,0.1818181818181818,0.09090909090909091,0.0,0.1111111111111111,5,6,0,0,0,0,1,0,0.0,0.0,0.0005162859325380268,389000.0
10671278,1,0.0,1.0,0.0,0.0,0.0,1.0,0.0,0.0,0.0,0.0,0.0,0.0,0.0,0.0,0.0,0.0,1.0,0.0,0.163265306122449,0.1818181818181818,0.0,0.0,0.0,1,3,0,0,0,0,0,0,0.0,0.0,0.0007739703855454611,479000.0
10671281,0,0.0,1.0,0.0,0.0,0.0,1.0,0.0,0.0,0.0,0.0,0.0,0.0,0.0,0.0,0.0,0.0,1.0,0.0,0.04693877551020408,0.0,0.0,0.0,0.0,3,2,1,0,0,0,0,0,0.0,0.0,0.0,239000.0
10671271,1,0.0,1.0,0.0,1.0,0.0,0.0,0.0,0.0,0.0,0.0,0.0,0.0,0.0,0.0,0.0,0.0,0.0,1.0,0.14489795918367349,0.1818181818181818,0.09090909090909091,0.0,0.05555555555555555,3,4,0,1,0,0,1,0,0.0,0.0,0.0008620049317686416,369000.0
10671279,1,0.0,1.0,0.0,1.0,0.0,0.0,0.0,0.0,0.0,0.0,0.0,0.0,0.0,0.0,0.0,0.0,1.0,0.0,0.163265306122449,0.1818181818181818,0.18181818181818182,0.0,0.0,1,3,0,0,0,0,0,0,0.0,0.0,0.00015589450893688199,378000.0
10671282,1,0.0,1.0,0.0,0.0,0.0,1.0,0.0,0.0,0.0,0.0,0.0,0.0,0.0,0.0,0.0,0.0,1.0,0.0,0.12448979591836737,0.2727272727272727,0.09090909090909091,0.0,0.0,5,6,0,0,0,0,0,0,0.0,0.0,0.0008702581704770647,319000.0
10671283,1,0.0,0.0,1.0,0.0,0.0,0.0,0.0,0.0,0.0,1.0,0.0,0.0,0.0,0.0,0.0,0.0,1.0,0.0,0.1816326530612245,0.2727272727272727,0.18181818181818182,0.0,0.0,3,4,0,0,0,0,1,1,0.02,0.13,0.00013847100499687754,209000.0
10671285,1,0.0,1.0,0.0,0.0,0.0,0.0,0.0,0.0,0.0,0.0,0.0,0.0,0.0,1.0,0.0,0.0,0.0,1.0,0.163265306122449,0.1818181818181818,0.09090909090909091,0.0,0.0,0,0,0,0,0,0,0,0,0.0,0.0,0.0004355875985001114,425000.0
10671294,1,0.0,1.0,0.0,0.0,0.0,1.0,0.0,0.0,0.0,0.0,0.0,0.0,0.0,0.0,1.0,0.0,0.0,0.0,0.05816326530612246,0.09090909090909091,0.0,0.0,0.0,0,4,0,0,0,0,1,0,0.0,0.0,5.685564443580402e-05,309000.0
10671293,1,0.0,0.0,1.0,0.0,0.0,0.0,0.0,1.0,0.0,0.0,0.0,0.0,0.0,0.0,0.0,0.0,0.0,1.0,0.26224489795918365,0.2727272727272727,0.18181818181818182,0.0,0.1111111111111111,0,3,0,0,0,0,1,0,0.0,0.0,0.006655778505081702,620000.0
10671295,1,0.0,1.0,0.0,0.0,0.0,0.0,0.0,0.0,0.0,0.0,0.0,0.0,0.0,1.0,0.0,0.0,0.0,1.0,0.09285714285714286,0.1818181818181818,0.09090909090909091,0.0,0.1111111111111111,2,3,0,0,0,0,1,0,0.0,0.0,0.0002952825404569177,319000.0
10671299,0,0.0,1.0,0.0,0.0,0.0,0.0,0.0,0.0,0.0,0.0,0.0,0.0,0.0,1.0,0.0,0.0,0.0,1.0,0.13775510204081634,0.1818181818181818,0.09090909090909091,0.0,0.05555555555555555,1,0,1,0,0,0,1,1,0.0,0.38,0.0,409724.0
10671296,1,0.0,1.0,0.0,0.0,0.0,0.0,0.0,0.0,0.0,0.0,0.0,0.0,0.0,1.0,0.0,0.0,0.0,1.0,0.2836734693877551,0.1818181818181818,0.09090909090909091,0.0,0.05555555555555555,0,5,0,0,0,0,0,1,0.0,0.0,0.0004245832802222139,269000.0
10671300,1,0.0,1.0,0.0,0.0,0.0,1.0,0.0,0.0,0.0,0.0,0.0,0.0,0.0,0.0,0.0,0.0,0.0,1.0,0.19183673469387758,0.1818181818181818,0.09090909090909091,0.0,0.05555555555555555,1,4,0,0,0,0,1,0,0.8,0.0,0.0007336212185265035,330000.0
10671307,1,0.0,0.0,1.0,0.0,0.0,0.0,0.0,0.0,0.0,1.0,0.0,0.0,0.0,0.0,0.0,0.0,1.0,0.0,0.0816326530612245,0.1818181818181818,0.0,0.07142857142857142,0.1111111111111111,1,3,0,0,0,0,1,1,0.05,0.15,0.00015589450893688199,239000.0
10671313,1,0.0,1.0,0.0,0.0,0.0,1.0,0.0,0.0,0.0,0.0,0.0,0.0,0.0,0.0,0.0,1.0,0.0,0.0,0.1,0.09090909090909091,0.09090909090909091,0.0,0.05555555555555555,5,6,0,0,0,0,0,0,0.0,0.0,0.0002494312142990112,269000.0
10671316,1,0.0,1.0,0.0,1.0,0.0,0.0,0.0,0.0,0.0,0.0,0.0,0.0,0.0,0.0,0.0,1.0,0.0,0.0,0.1489795918367347,0.1818181818181818,0.09090909090909091,0.0,0.1111111111111111,0,0,0,0,0,0,1,0,0.642,0.0,0.0005887310278675191,530000.0
10671320,1,0.0,1.0,0.0,0.0,0.0,0.0,0.0,0.0,0.0,0.0,0.0,0.0,0.0,1.0,0.0,0.0,0.0,1.0,0.15306122448979595,0.0,0.09090909090909091,0.0,0.16666666666666666,1,0,0,0,0,0,0,0,0.0,0.0,0.00010362399711686861,120000.0
10671317,1,0.0,1.0,0.0,1.0,0.0,0.0,0.0,0.0,0.0,0.0,0.0,0.0,0.0,0.0,0.0,1.0,0.0,0.0,0.13877551020408166,0.1818181818181818,0.09090909090909091,0.0,0.1111111111111111,0,0,0,0,0,0,1,0,0.516,0.0,0.00047318568594959475,520000.0
10671323,0,1.0,0.0,0.0,0.0,1.0,0.0,0.0,0.0,0.0,0.0,0.0,0.0,0.0,0.0,0.0,1.0,0.0,0.0,0.06122448979591837,0.09090909090909091,0.0,0.07142857142857142,0.05555555555555555,3,3,1,0,0,0,0,1,0.0,0.17,0.0,199990.0
10671319,1,0.0,1.0,0.0,0.0,0.0,0.0,0.0,0.0,0.0,0.0,0.0,0.0,0.0,1.0,0.0,0.0,0.0,1.0,0.15714285714285717,0.1818181818181818,0.18181818181818182,0.0,0.0,1,1,0,0,0,0,1,0,0.0,0.0,0.0004695175798569622,446246.0
10671318,1,0.0,1.0,0.0,0.0,0.0,0.0,0.0,0.0,0.0,0.0,0.0,0.0,0.0,1.0,0.0,0.0,0.0,1.0,0.15714285714285717,0.1818181818181818,0.18181818181818182,0.0,0.0,1,1,0,0,0,0,1,0,0.0,0.0,0.0004695175798569622,446246.0
10671329,1,0.0,1.0,0.0,0.0,0.0,0.0,0.0,0.0,0.0,0.0,0.0,0.0,0.0,1.0,0.0,0.0,0.0,1.0,0.18775510204081636,0.2727272727272727,0.09090909090909091,0.0,0.0,5,6,0,0,0,0,0,0,0.0,0.0,0.0007336212185265035,425000.0
10671330,0,0.0,1.0,0.0,0.0,0.0,1.0,0.0,0.0,0.0,0.0,0.0,0.0,0.0,0.0,0.0,0.0,0.0,1.0,0.051020408163265314,0.09090909090909091,0.09090909090909091,0.0,0.05555555555555555,1,2,1,0,0,0,0,1,0.0,0.0,0.0,345000.0
10671332,1,0.0,1.0,0.0,1.0,0.0,0.0,0.0,0.0,0.0,0.0,0.0,0.0,0.0,0.0,0.0,0.0,1.0,0.0,0.12244897959183676,0.1818181818181818,0.09090909090909091,0.0,0.1111111111111111,0,2,0,0,0,0,1,0,0.027,0.0,7.794725446844099e-05,389000.0
10671331,0,0.0,1.0,0.0,0.0,0.0,1.0,0.0,0.0,0.0,0.0,0.0,0.0,0.0,0.0,0.0,0.0,0.0,1.0,0.08877551020408164,0.09090909090909091,0.09090909090909091,0.0,0.05555555555555555,1,0,1,0,0,0,0,1,0.0,0.0,0.0,322750.0
10671333,1,0.0,0.0,1.0,0.0,0.0,0.0,0.0,0.0,0.0,1.0,0.0,0.0,0.0,0.0,0.0,0.0,1.0,0.0,0.3806122448979592,0.2727272727272727,0.18181818181818182,0.0,0.16666666666666666,3,3,0,0,0,0,1,1,0.25,0.4,0.0005199540386306593,640000.0
10671338,1,0.0,1.0,0.0,0.0,0.0,0.0,0.0,0.0,0.0,0.0,0.0,0.0,0.0,1.0,0.0,1.0,0.0,0.0,0.1948979591836735,0.1818181818181818,0.0,0.0,0.0,0,0,0,0,0,0,0,1,0.0,0.0,0.00010729210320950113,495000.0
10671343,1,0.0,1.0,0.0,0.0,0.0,1.0,0.0,0.0,0.0,0.0,0.0,0.0,0.0,0.0,0.0,0.0,0.0,1.0,0.18979591836734697,0.2727272727272727,0.09090909090909091,0.0,0.05555555555555555,1,3,0,0,0,0,1,0,0.0,0.0,0.000730870138957029,489000.0
10671350,1,0.0,1.0,0.0,0.0,0.0,0.0,1.0,0.0,0.0,0.0,0.0,0.0,0.0,0.0,0.0,0.0,0.0,1.0,0.2091836734693878,0.36363636363636365,0.09090909090909091,0.0,0.1111111111111111,1,0,0,0,0,0,1,1,1.0,0.2,0.001077506164710802,649000.0
10671351,0,0.0,1.0,0.0,1.0,0.0,0.0,0.0,0.0,0.0,0.0,0.0,0.0,0.0,0.0,1.0,0.0,0.0,0.0,0.1836734693877551,0.1818181818181818,0.2727272727272727,0.0,0.1111111111111111,1,4,1,0,1,0,1,1,0.0,0.11,0.0,749000.0
10671352,1,0.0,1.0,0.0,0.0,0.0,1.0,0.0,0.0,0.0,0.0,0.0,0.0,0.0,0.0,1.0,0.0,0.0,0.0,0.23877551020408164,0.36363636363636365,0.09090909090909091,0.0,0.05555555555555555,2,4,0,0,0,0,0,0,0.0,0.0,7.336212185265035e-05,545000.0
10671356,1,0.0,1.0,0.0,1.0,0.0,0.0,0.0,0.0,0.0,0.0,0.0,0.0,0.0,0.0,0.0,0.0,0.0,1.0,0.13877551020408166,0.2727272727272727,0.09090909090909091,0.0,0.05555555555555555,4,6,0,0,0,0,0,0,0.0,0.0,0.0010903445360350159,335000.0
10671355,1,0.0,1.0,0.0,1.0,0.0,0.0,0.0,0.0,0.0,0.0,0.0,0.0,0.0,0.0,0.0,0.0,0.0,1.0,0.15510204081632656,0.2727272727272727,0.18181818181818182,0.0,0.16666666666666666,0,1,0,0,0,0,1,1,0.0,0.0,0.0007180317676328152,549000.0
10671357,1,0.0,1.0,0.0,0.0,0.0,0.0,0.0,0.0,1.0,0.0,0.0,0.0,0.0,0.0,0.0,0.0,1.0,0.0,0.1785714285714286,0.1818181818181818,0.0,0.0,0.0,0,3,0,0,0,0,0,0,0.0,0.0,0.00022558852469689982,429000.0
10671362,0,0.0,1.0,0.0,0.0,0.0,1.0,0.0,0.0,0.0,0.0,0.0,0.0,0.0,0.0,1.0,0.0,0.0,0.0,0.04387755102040817,0.0,0.0,0.0,0.0,1,2,1,0,0,0,0,0,0.0,0.0,0.0,310000.0
10671364,0,0.0,1.0,0.0,0.0,0.0,1.0,0.0,0.0,0.0,0.0,0.0,0.0,0.0,0.0,0.0,1.0,0.0,0.0,0.10204081632653061,0.09090909090909091,0.09090909090909091,0.0,0.05555555555555555,1,2,0,0,0,0,0,1,0.0,0.1,0.0,349000.0
10671358,0,0.0,1.0,0.0,0.0,0.0,1.0,0.0,0.0,0.0,0.0,0.0,0.0,0.0,0.0,0.0,0.0,1.0,0.0,0.05612244897959184,0.0,0.09090909090909091,0.0,0.05555555555555555,2,2,0,0,0,0,0,1,0.0,0.65,0.0,199000.0
10671359,1,0.0,1.0,0.0,0.0,0.0,1.0,0.0,0.0,0.0,0.0,0.0,0.0,0.0,0.0,0.0,0.0,0.0,1.0,0.3224489795918367,0.36363636363636365,0.2727272727272727,0.3571428571428571,0.2222222222222222,3,4,0,1,0,0,1,1,1.0,0.0,0.002884048415332317,1190000.0
10671369,1,0.0,1.0,0.0,0.0,0.0,1.0,0.0,0.0,0.0,0.0,0.0,0.0,0.0,0.0,0.0,1.0,0.0,0.0,0.17040816326530614,0.2727272727272727,0.18181818181818182,0.0,0.1111111111111111,1,2,0,1,0,0,0,0,0.0,0.0,0.0005703904974043565,579000.0
10671370,1,0.0,0.0,1.0,0.0,0.0,0.0,0.0,0.0,0.0,0.0,0.0,1.0,0.0,0.0,0.0,0.0,0.0,1.0,0.13571428571428573,0.1818181818181818,0.09090909090909091,0.0,0.05555555555555555,0,2,0,0,0,0,1,1,0.0,0.0,0.0011811301618276707,355000.0
10671375,0,0.0,1.0,0.0,0.0,0.0,0.0,0.0,0.0,0.0,0.0,0.0,0.0,0.0,1.0,0.0,0.0,1.0,0.0,0.09693877551020408,0.09090909090909091,0.09090909090909091,0.0,0.1111111111111111,1,3,1,0,0,0,0,0,0.0,0.0,0.0,645000.0
10671372,0,1.0,0.0,0.0,0.0,1.0,0.0,0.0,0.0,0.0,0.0,0.0,0.0,0.0,0.0,0.0,0.0,0.0,1.0,0.0816326530612245,0.09090909090909091,0.09090909090909091,0.0,0.05555555555555555,1,3,1,0,0,0,0,1,0.0,0.19,0.0,325000.0
10671378,0,0.0,1.0,0.0,1.0,0.0,0.0,0.0,0.0,0.0,0.0,0.0,0.0,0.0,0.0,0.0,1.0,0.0,0.0,0.05306122448979592,0.09090909090909091,0.09090909090909091,0.0,0.05555555555555555,0,2,0,0,0,0,1,0,0.0,0.0,0.0,220000.0
10671371,1,0.0,0.0,1.0,0.0,0.0,0.0,0.0,0.0,0.0,0.0,0.0,1.0,0.0,0.0,0.0,1.0,0.0,0.0,0.16836734693877553,0.2727272727272727,0.18181818181818182,0.0,0.05555555555555555,0,3,0,0,0,0,1,1,0.0,0.52,0.0026043553257690875,395000.0
10671374,1,0.0,1.0,0.0,0.0,0.0,0.0,0.0,0.0,0.0,0.0,0.0,0.0,0.0,1.0,0.0,0.0,0.0,1.0,0.10408163265306122,0.1818181818181818,0.09090909090909091,0.0,0.05555555555555555,1,5,0,0,0,0,1,0,0.0,0.0,0.00037139574187904236,219000.0
10671383,1,0.0,1.0,0.0,0.0,0.0,0.0,0.0,0.0,1.0,0.0,0.0,0.0,0.0,0.0,0.0,0.0,0.0,1.0,0.2479591836734694,0.2727272727272727,0.18181818181818182,0.0,0.1111111111111111,2,3,0,0,0,0,0,0,0.0,0.0,0.0009170265231581294,319500.0
10671385,0,0.0,1.0,0.0,0.0,0.0,0.0,0.0,0.0,0.0,0.0,0.0,0.0,0.0,1.0,0.0,0.0,0.0,1.0,0.08469387755102042,0.1818181818181818,0.09090909090909091,0.0,0.1111111111111111,1,3,1,0,0,0,0,1,0.0,0.0,0.0,310000.0
10671384,1,0.0,1.0,0.0,0.0,0.0,0.0,0.0,0.0,0.0,0.0,0.0,0.0,0.0,1.0,0.0,0.0,1.0,0.0,0.11938775510204083,0.1818181818181818,0.0,0.0,0.0,0,6,0,0,0,0,1,0,0.0,0.0,0.0008161536056107351,195000.0
10671381,0,0.0,1.0,0.0,1.0,0.0,0.0,0.0,0.0,0.0,0.0,0.0,0.0,0.0,0.0,0.0,1.0,0.0,0.0,0.09693877551020408,0.1818181818181818,0.09090909090909091,0.0,0.05555555555555555,1,0,1,0,0,0,0,0,0.0,0.0,0.0,289000.0
10671382,1,0.0,1.0,0.0,0.0,0.0,0.0,0.0,0.0,0.0,0.0,0.0,0.0,0.0,1.0,0.0,0.0,0.0,1.0,0.13877551020408166,0.2727272727272727,0.09090909090909091,0.0,0.1111111111111111,0,2,0,0,0,0,1,0,0.25,0.0,0.0004227492271758976,415000.0
10671393,0,0.0,1.0,0.0,0.0,0.0,0.0,0.0,0.0,0.0,0.0,0.0,0.0,0.0,1.0,0.0,0.0,0.0,1.0,0.1275510204081633,0.1818181818181818,0.09090909090909091,0.0,0.1111111111111111,1,2,1,0,0,0,1,1,0.0,0.0,0.0,569000.0
10671392,1,0.0,1.0,0.0,0.0,0.0,0.0,0.0,0.0,0.0,0.0,0.0,0.0,0.0,1.0,0.0,0.0,1.0,0.0,0.07346938775510206,0.1818181818181818,0.09090909090909091,0.0,0.0,1,2,0,0,0,0,0,0,0.0,0.0,6.419185662106905e-05,249000.0
10671390,1,0.0,1.0,0.0,0.0,0.0,0.0,0.0,0.0,1.0,0.0,0.0,0.0,0.0,0.0,0.0,0.0,0.0,1.0,0.4387755102040817,0.36363636363636365,0.09090909090909091,0.0,0.1111111111111111,4,6,0,0,0,0,0,0,0.0,0.0,0.001737765261384655,690000.0
10671398,1,0.0,1.0,0.0,0.0,0.0,0.0,0.0,0.0,1.0,0.0,0.0,0.0,0.0,0.0,0.0,0.0,0.0,1.0,0.1479591836734694,0.1818181818181818,0.09090909090909091,0.0,0.1111111111111111,1,2,0,0,0,0,1,1,0.0,0.12,0.0016964990678425393,349000.0
10671402,1,0.0,1.0,0.0,0.0,0.0,1.0,0.0,0.0,0.0,0.0,0.0,0.0,0.0,0.0,0.0,0.0,1.0,0.0,0.13673469387755105,0.2727272727272727,0.18181818181818182,0.0,0.0,5,3,0,0,0,0,0,0,0.0,0.0,7.336212185265035e-05,179000.0
10671394,1,0.0,1.0,0.0,0.0,0.0,0.0,0.0,0.0,0.0,0.0,0.0,0.0,0.0,1.0,0.0,0.0,0.0,1.0,0.28979591836734697,0.1818181818181818,0.18181818181818182,0.0,0.16666666666666666,1,3,0,0,0,0,0,1,0.0,0.0,0.0005740586034969889,1195000.0
10671403,1,0.0,1.0,0.0,0.0,0.0,1.0,0.0,0.0,0.0,0.0,0.0,0.0,0.0,0.0,0.0,0.0,1.0,0.0,0.13979591836734695,0.1818181818181818,0.09090909090909091,0.0,0.05555555555555555,1,3,0,0,0,0,0,1,0.0,0.0,0.0005153689060148687,439000.0
10671397,0,0.0,1.0,0.0,0.0,0.0,0.0,1.0,0.0,0.0,0.0,0.0,0.0,0.0,0.0,1.0,0.0,0.0,0.0,0.06938775510204082,0.09090909090909091,0.0,0.0,0.0,0,5,1,0,0,0,0,0,0.0,0.0,0.0,375000.0
10671405,1,0.0,1.0,0.0,0.0,0.0,0.0,0.0,0.0,1.0,0.0,0.0,0.0,0.0,0.0,0.0,0.0,0.0,1.0,0.21530612244897962,0.36363636363636365,0.09090909090909091,0.0,0.05555555555555555,0,3,0,0,0,0,1,0,0.0,0.0,0.0011004318277897552,460000.0
10671404,1,0.0,1.0,0.0,0.0,0.0,0.0,0.0,0.0,1.0,0.0,0.0,0.0,0.0,0.0,0.0,0.0,0.0,1.0,0.21530612244897962,0.2727272727272727,0.18181818181818182,0.0,0.1111111111111111,1,3,0,0,0,0,1,0,0.0,0.0,0.0005584691526033008,435000.0
10671409,1,0.0,1.0,0.0,0.0,0.0,0.0,0.0,0.0,0.0,0.0,0.0,0.0,0.0,1.0,0.0,0.0,0.0,1.0,0.12653061224489798,0.2727272727272727,0.09090909090909091,0.0,0.0,1,5,0,0,0,0,1,0,0.0,0.0,0.00019807772900215593,223000.0
10671419,1,0.0,1.0,0.0,0.0,0.0,1.0,0.0,0.0,0.0,0.0,0.0,0.0,0.0,0.0,0.0,0.0,0.0,1.0,0.18571428571428575,0.1818181818181818,0.09090909090909091,0.0,0.1111111111111111,0,0,0,0,0,0,1,0,0.0,0.0,0.00019532664943268155,395000.0
10671418,1,0.0,1.0,0.0,0.0,0.0,1.0,0.0,0.0,0.0,0.0,0.0,0.0,0.0,0.0,0.0,0.0,1.0,0.0,0.1438775510204082,0.2727272727272727,0.09090909090909091,0.0,0.05555555555555555,1,4,0,0,0,0,0,0,0.0,0.0,0.0003585573705548286,355000.0
10671420,1,0.0,1.0,0.0,0.0,0.0,1.0,0.0,0.0,0.0,0.0,0.0,0.0,0.0,0.0,0.0,0.0,0.0,1.0,0.1959183673469388,0.1818181818181818,0.09090909090909091,0.0,0.1111111111111111,0,0,0,0,0,0,1,0,0.0,0.0,0.00020174583509478846,405000.0
10671417,1,0.0,1.0,0.0,0.0,0.0,1.0,0.0,0.0,0.0,0.0,0.0,0.0,0.0,0.0,0.0,0.0,0.0,1.0,0.3081632653061225,0.36363636363636365,0.18181818181818182,0.0,0.05555555555555555,0,1,0,0,0,0,0,1,0.0,0.0,0.00026226958562322497,449000.0
10671422,1,0.0,1.0,0.0,0.0,0.0,1.0,0.0,0.0,0.0,0.0,0.0,0.0,0.0,0.0,0.0,0.0,0.0,1.0,0.13673469387755105,0.1818181818181818,0.09090909090909091,0.0,0.1111111111111111,0,0,0,0,0,0,1,0,0.0,0.0,0.0004429238106853765,468203.0
10671425,0,0.0,1.0,0.0,1.0,0.0,0.0,0.0,0.0,0.0,0.0,0.0,0.0,0.0,0.0,1.0,0.0,0.0,0.0,0.10204081632653061,0.1818181818181818,0.09090909090909091,0.0,0.05555555555555555,4,2,1,0,0,0,0,1,0.0,0.0,0.0,464000.0
10671421,1,0.0,1.0,0.0,0.0,0.0,1.0,0.0,0.0,0.0,0.0,0.0,0.0,0.0,0.0,0.0,0.0,0.0,1.0,0.18571428571428575,0.1818181818181818,0.09090909090909091,0.0,0.1111111111111111,0,0,0,0,0,0,1,0,0.0,0.0,0.00019532664943268155,425000.0
10671427,1,0.0,1.0,0.0,1.0,0.0,0.0,0.0,0.0,0.0,0.0,0.0,0.0,0.0,0.0,0.0,0.0,1.0,0.0,0.10204081632653061,0.09090909090909091,0.09090909090909091,0.0,0.0,0,4,0,0,0,0,0,0,0.0,0.0,0.00015772856198319825,249000.0
10278218,1,0.0,0.0,1.0,0.0,0.0,0.0,0.0,0.0,0.0,0.0,1.0,0.0,0.0,0.0,0.0,0.0,0.0,1.0,0.1326530612244898,0.2727272727272727,0.0,0.07142857142857142,0.1111111111111111,3,3,0,1,0,0,1,0,0.0,0.0,0.0011508682865634524,300000.0
10671439,1,0.0,1.0,0.0,1.0,0.0,0.0,0.0,0.0,0.0,0.0,0.0,0.0,0.0,0.0,0.0,0.0,0.0,1.0,0.2755102040816327,0.2727272727272727,0.09090909090909091,0.0,0.1111111111111111,5,4,0,0,0,0,0,0,0.0,0.0,0.0002778590365169132,349000.0
10671461,1,0.0,1.0,0.0,0.0,0.0,0.0,1.0,0.0,0.0,0.0,0.0,0.0,0.0,0.0,0.0,0.0,1.0,0.0,0.11020408163265308,0.1818181818181818,0.09090909090909091,0.0,0.1111111111111111,1,2,0,0,0,0,0,1,0.0,0.22,0.00019899475552531408,475000.0
10671460,1,0.0,1.0,0.0,0.0,0.0,0.0,0.0,0.0,1.0,0.0,0.0,0.0,0.0,0.0,0.0,0.0,1.0,0.0,0.17040816326530614,0.1818181818181818,0.09090909090909091,0.0,0.05555555555555555,5,2,0,1,0,0,0,0,0.0,0.0,0.00028244416913270385,299000.0
10671462,1,0.0,1.0,0.0,1.0,0.0,0.0,0.0,0.0,0.0,0.0,0.0,0.0,0.0,0.0,0.0,0.0,0.0,1.0,0.14081632653061227,0.1818181818181818,0.09090909090909091,0.0,0.0,3,2,0,0,0,0,0,1,0.0,0.0,0.0003374657605221916,395000.0
10671463,1,0.0,1.0,0.0,0.0,0.0,0.0,0.0,0.0,1.0,0.0,0.0,0.0,0.0,0.0,0.0,0.0,0.0,1.0,0.286734693877551,0.1818181818181818,0.09090909090909091,0.07142857142857142,0.2222222222222222,3,0,0,0,0,0,1,1,1.0,1.0,0.0011435320743781873,600000.0
10671464,1,0.0,1.0,0.0,1.0,0.0,0.0,0.0,0.0,0.0,0.0,0.0,0.0,0.0,0.0,0.0,0.0,0.0,1.0,0.15000000000000002,0.09090909090909091,0.09090909090909091,0.0,0.0,0,6,0,0,0,0,0,1,0.0,0.0,0.0,239000.0
10671465,1,0.0,1.0,0.0,0.0,0.0,0.0,0.0,0.0,0.0,0.0,0.0,0.0,0.0,1.0,0.0,0.0,0.0,1.0,0.2857142857142857,0.36363636363636365,0.09090909090909091,0.0,0.0,3,3,0,1,0,0,1,1,0.0,0.0,0.0016075474950962008,419000.0
10671469,0,0.0,1.0,0.0,0.0,0.0,1.0,0.0,0.0,0.0,0.0,0.0,0.0,0.0,0.0,1.0,0.0,0.0,0.0,0.020408163265306124,0.0,0.09090909090909091,0.0,0.05555555555555555,3,2,0,0,0,0,0,0,0.0,0.0,0.0,238000.0
10671473,1,0.0,1.0,0.0,0.0,0.0,0.0,1.0,0.0,0.0,0.0,0.0,0.0,0.0,0.0,0.0,0.0,0.0,1.0,0.2755102040816327,0.4545454545454545,0.18181818181818182,0.14285714285714285,0.1111111111111111,4,6,0,0,0,0,1,1,0.7010000000000001,0.0,0.0006428355927338487,485000.0
10671466,1,0.0,1.0,0.0,0.0,0.0,1.0,0.0,0.0,0.0,0.0,0.0,0.0,0.0,0.0,0.0,0.0,1.0,0.0,0.20102040816326533,0.1818181818181818,0.09090909090909091,0.07142857142857142,0.1111111111111111,5,5,0,0,0,0,0,1,0.0,0.08,0.0001439731641358263,279000.0
10671471,1,0.0,1.0,0.0,0.0,0.0,1.0,0.0,0.0,0.0,0.0,0.0,0.0,0.0,0.0,0.0,0.0,1.0,0.0,0.17346938775510207,0.09090909090909091,0.09090909090909091,0.0,0.16666666666666666,3,3,0,0,0,0,0,1,0.0,0.0,0.0007207828472022897,350000.0
10671467,1,0.0,0.0,1.0,0.0,0.0,0.0,0.0,0.0,0.0,1.0,0.0,0.0,0.0,0.0,0.0,0.0,0.0,1.0,0.8306122448979593,0.2727272727272727,0.0,0.0,0.0,5,6,0,0,0,0,0,1,0.0,0.0,0.0065558226140574665,400000.0
10671477,1,0.0,0.0,1.0,0.0,0.0,0.0,0.0,0.0,0.0,1.0,0.0,0.0,0.0,0.0,0.0,0.0,1.0,0.0,0.08571428571428572,0.1818181818181818,0.09090909090909091,0.07142857142857142,0.05555555555555555,3,4,0,0,0,0,0,1,0.0,0.16,0.00029895064654955015,179000.0
10671468,1,0.0,0.0,1.0,0.0,0.0,0.0,0.0,0.0,0.0,1.0,0.0,0.0,0.0,0.0,0.0,0.0,0.0,1.0,0.14285714285714288,0.1818181818181818,0.09090909090909091,0.14285714285714285,0.1111111111111111,0,6,0,0,0,0,0,0,0.0,0.0,0.00015772856198319825,175000.0
10671474,1,0.0,0.0,1.0,0.0,0.0,0.0,0.0,0.0,0.0,1.0,0.0,0.0,0.0,0.0,1.0,0.0,0.0,0.0,0.3877551020408163,0.5454545454545454,0.6363636363636364,0.0,0.38888888888888884,1,0,0,0,0,0,0,1,0.0,0.0,0.0,1300000.0
10671476,1,0.0,0.0,1.0,0.0,0.0,0.0,0.0,0.0,0.0,1.0,0.0,0.0,0.0,0.0,0.0,1.0,0.0,0.0,0.1469387755102041,0.1818181818181818,0.2727272727272727,0.0,0.16666666666666666,4,5,0,0,0,0,0,1,0.0,0.0,0.0,258000.0
10671478,1,0.0,0.0,1.0,0.0,0.0,0.0,0.0,0.0,0.0,0.0,0.0,1.0,0.0,0.0,0.0,0.0,1.0,0.0,0.12040816326530615,0.1818181818181818,0.09090909090909091,0.0,0.0,3,4,0,0,0,0,1,1,0.035,0.0,0.0,190000.0
10671479,1,0.0,0.0,1.0,0.0,0.0,0.0,0.0,1.0,0.0,0.0,0.0,0.0,0.0,0.0,0.0,0.0,1.0,0.0,0.0979591836734694,0.09090909090909091,0.09090909090909091,0.0,0.0,5,6,0,0,0,0,0,1,0.0,0.0,0.0,85000.0
10671492,0,0.0,0.0,1.0,0.0,0.0,0.0,0.0,1.0,0.0,0.0,0.0,0.0,0.0,0.0,1.0,0.0,0.0,0.0,0.06020408163265307,0.0,0.09090909090909091,0.0,0.0,3,3,0,0,0,0,0,0,0.0,0.0,0.0,128500.0
10671491,1,0.0,0.0,1.0,0.0,0.0,0.0,0.0,1.0,0.0,0.0,0.0,0.0,0.0,0.0,0.0,1.0,0.0,0.0,0.13469387755102044,0.1818181818181818,0.18181818181818182,0.0,0.0,3,2,0,0,0,0,0,1,0.0,0.15,0.0021091610032636975,295000.0
10671497,1,0.0,0.0,1.0,0.0,0.0,0.0,0.0,1.0,0.0,0.0,0.0,0.0,0.0,0.0,0.0,0.0,0.0,1.0,0.17346938775510207,0.1818181818181818,0.09090909090909091,0.07142857142857142,0.1111111111111111,3,6,0,0,0,0,1,1,0.25,0.0,0.00040807680280536754,260000.0
10671502,0,0.0,0.0,1.0,0.0,0.0,0.0,0.0,0.0,0.0,1.0,0.0,0.0,0.0,0.0,0.0,0.0,0.0,1.0,0.04591836734693878,0.09090909090909091,0.09090909090909091,0.07142857142857142,0.05555555555555555,4,7,0,0,0,0,1,1,0.134,0.25,0.0,118900.0
10671499,1,0.0,0.0,1.0,0.0,0.0,0.0,0.0,1.0,0.0,0.0,0.0,0.0,0.0,0.0,1.0,0.0,0.0,0.0,0.1326530612244898,0.09090909090909091,0.09090909090909091,0.0,0.05555555555555555,3,3,0,0,0,0,0,1,0.0,0.0,0.0,173000.0
10671503,1,0.0,0.0,1.0,0.0,0.0,0.0,0.0,0.0,0.0,1.0,0.0,0.0,0.0,0.0,0.0,0.0,0.0,1.0,0.16836734693877553,0.1818181818181818,0.2727272727272727,0.21428571428571427,0.2222222222222222,3,2,0,0,0,0,1,1,0.09,0.14,0.00021275015337268602,398900.0
10671504,0,0.0,0.0,1.0,0.0,0.0,0.0,0.0,0.0,0.0,1.0,0.0,0.0,0.0,0.0,1.0,0.0,0.0,0.0,0.04591836734693878,0.09090909090909091,0.09090909090909091,0.0,0.05555555555555555,4,3,1,0,0,0,0,1,0.0,0.01,0.0,140000.0
10671507,0,0.0,0.0,1.0,0.0,0.0,0.0,0.0,0.0,0.0,1.0,0.0,0.0,0.0,0.0,0.0,0.0,0.0,1.0,0.05612244897959184,0.09090909090909091,0.09090909090909091,0.2857142857142857,0.05555555555555555,4,3,1,0,0,0,0,1,0.0,0.03,0.0,148900.0
10671506,0,0.0,0.0,1.0,0.0,0.0,0.0,0.0,0.0,0.0,1.0,0.0,0.0,0.0,0.0,0.0,0.0,0.0,1.0,0.07653061224489796,0.09090909090909091,0.09090909090909091,0.07142857142857142,0.05555555555555555,3,4,1,0,0,0,0,0,0.0,0.0,0.0,164900.0
10671509,1,0.0,0.0,1.0,0.0,0.0,0.0,0.0,1.0,0.0,0.0,0.0,0.0,0.0,0.0,0.0,0.0,0.0,1.0,0.12551020408163266,0.09090909090909091,0.09090909090909091,0.07142857142857142,0.05555555555555555,2,4,0,0,0,0,0,0,0.0,0.0,0.00010087291754739423,179000.0
10671510,1,0.0,0.0,1.0,0.0,0.0,0.0,0.0,0.0,0.0,1.0,0.0,0.0,0.0,0.0,0.0,0.0,0.0,1.0,0.10918367346938776,0.1818181818181818,0.09090909090909091,0.0,0.0,4,7,0,0,0,0,0,1,0.0,0.0,0.0012728328141434835,250000.0
10671508,1,0.0,1.0,0.0,0.0,0.0,1.0,0.0,0.0,0.0,0.0,0.0,0.0,0.0,0.0,0.0,0.0,1.0,0.0,0.0979591836734694,0.09090909090909091,0.09090909090909091,0.07142857142857142,0.05555555555555555,3,6,0,0,0,0,1,0,0.241,0.0,0.0004502600228706415,179000.0
10671514,1,0.0,1.0,0.0,0.0,0.0,1.0,0.0,0.0,0.0,0.0,0.0,0.0,0.0,0.0,0.0,0.0,1.0,0.0,0.32551020408163267,0.36363636363636365,0.18181818181818182,0.0,0.1111111111111111,4,5,0,0,0,0,0,0,0.0,0.0,0.0001467242437053007,295000.0
10671518,0,1.0,0.0,0.0,0.0,1.0,0.0,0.0,0.0,0.0,0.0,0.0,0.0,0.0,0.0,1.0,0.0,0.0,0.0,0.14285714285714288,0.09090909090909091,0.18181818181818182,0.07142857142857142,0.1111111111111111,1,3,1,0,0,0,0,1,0.0,0.25,0.0,499000.0
10671521,1,1.0,0.0,0.0,0.0,1.0,0.0,0.0,0.0,0.0,0.0,0.0,0.0,0.0,0.0,0.0,1.0,0.0,0.0,0.22448979591836737,0.1818181818181818,0.09090909090909091,0.07142857142857142,0.05555555555555555,3,7,0,0,0,0,1,0,0.04,0.0,0.0,399000.0
10671522,1,0.0,1.0,0.0,0.0,0.0,0.0,1.0,0.0,0.0,0.0,0.0,0.0,0.0,0.0,0.0,0.0,0.0,1.0,0.10204081632653061,0.09090909090909091,0.09090909090909091,0.0,0.0,5,6,0,0,0,0,0,1,0.0,0.0,0.0006785996271370157,245000.0
10671527,1,0.0,1.0,0.0,0.0,0.0,0.0,1.0,0.0,0.0,0.0,0.0,0.0,0.0,0.0,0.0,0.0,0.0,1.0,0.1438775510204082,0.1818181818181818,0.09090909090909091,0.0,0.1111111111111111,3,6,0,1,0,0,0,1,0.0,0.0,0.0002778590365169132,495000.0
10671513,0,0.0,1.0,0.0,0.0,0.0,1.0,0.0,0.0,0.0,0.0,0.0,0.0,0.0,0.0,0.0,0.0,1.0,0.0,0.2653061224489796,0.2727272727272727,0.18181818181818182,0.0,0.1111111111111111,3,3,0,0,0,0,1,1,0.1,0.3,0.0,325000.0
10671528,0,0.0,1.0,0.0,1.0,0.0,0.0,0.0,0.0,0.0,0.0,0.0,0.0,0.0,0.0,0.0,1.0,0.0,0.0,0.09183673469387757,0.1818181818181818,0.09090909090909091,0.0,0.0,0,2,1,0,0,0,0,1,0.0,0.1,0.0,275000.0
10671531,1,0.0,1.0,0.0,0.0,0.0,1.0,0.0,0.0,0.0,0.0,0.0,0.0,0.0,0.0,0.0,0.0,0.0,1.0,0.1479591836734694,0.1818181818181818,0.09090909090909091,0.0,0.1111111111111111,5,6,0,0,0,0,1,1,0.9400000000000001,0.0,0.0011985536657676751,385000.0
10671535,1,0.0,1.0,0.0,1.0,0.0,0.0,0.0,0.0,0.0,0.0,0.0,0.0,0.0,0.0,0.0,0.0,0.0,1.0,0.2142857142857143,0.2727272727272727,0.18181818181818182,0.14285714285714285,0.16666666666666666,1,3,0,0,0,0,0,0,0.0,0.0,0.0009170265231581294,1150000.0
10671529,0,0.0,1.0,0.0,0.0,0.0,0.0,0.0,0.0,0.0,0.0,0.0,0.0,0.0,1.0,0.0,0.0,0.0,1.0,0.05816326530612246,0.09090909090909091,0.09090909090909091,0.07142857142857142,0.05555555555555555,1,0,1,0,0,0,0,1,0.0,0.1,0.0,369000.0
10671532,0,0.0,1.0,0.0,0.0,0.0,0.0,0.0,0.0,0.0,0.0,0.0,0.0,0.0,1.0,0.0,0.0,0.0,1.0,0.12244897959183676,0.1818181818181818,0.09090909090909091,0.0,0.1111111111111111,3,2,1,0,0,0,0,1,0.0,0.88,0.0,395000.0
10671544,0,1.0,0.0,0.0,0.0,1.0,0.0,0.0,0.0,0.0,0.0,0.0,0.0,0.0,0.0,0.0,1.0,0.0,0.0,0.06836734693877553,0.09090909090909091,0.09090909090909091,0.0,0.05555555555555555,5,4,0,0,0,0,0,0,0.0,0.0,0.0,180000.0
10671538,1,0.0,0.0,1.0,0.0,0.0,0.0,0.0,1.0,0.0,0.0,0.0,0.0,0.0,0.0,0.0,0.0,0.0,1.0,0.13469387755102044,0.1818181818181818,0.09090909090909091,0.07142857142857142,0.1111111111111111,2,5,0,0,0,0,1,1,0.746,0.36,0.0008253238708423164,330000.0
10671537,1,0.0,1.0,0.0,0.0,0.0,1.0,0.0,0.0,0.0,0.0,0.0,0.0,0.0,0.0,0.0,0.0,1.0,0.0,0.17551020408163268,0.2727272727272727,0.18181818181818182,0.14285714285714285,0.1111111111111111,5,6,0,0,0,0,0,0,0.0,0.0,0.0005052816142601293,269000.0
10671530,0,0.0,1.0,0.0,0.0,0.0,0.0,0.0,0.0,0.0,0.0,0.0,0.0,0.0,1.0,0.0,0.0,0.0,1.0,0.06224489795918368,0.09090909090909091,0.09090909090909091,0.0,0.05555555555555555,1,0,1,0,0,0,0,1,0.0,0.06,0.0,369000.0
10671542,1,0.0,1.0,0.0,0.0,0.0,0.0,0.0,0.0,1.0,0.0,0.0,0.0,0.0,0.0,0.0,0.0,0.0,1.0,0.09591836734693879,0.1818181818181818,0.09090909090909091,0.0,0.0,0,6,0,0,0,0,0,0,0.0,0.0,0.0010435761833539512,285000.0
10671545,0,0.0,1.0,0.0,0.0,0.0,0.0,1.0,0.0,0.0,0.0,0.0,0.0,0.0,0.0,0.0,0.0,0.0,1.0,0.059183673469387764,0.09090909090909091,0.09090909090909091,0.0,0.05555555555555555,3,2,0,0,0,0,0,1,0.0,0.05,0.0,325000.0
10671563,0,1.0,0.0,0.0,0.0,1.0,0.0,0.0,0.0,0.0,0.0,0.0,0.0,0.0,0.0,0.0,0.0,0.0,1.0,0.07142857142857142,0.09090909090909091,0.09090909090909091,0.0,0.05555555555555555,4,4,1,0,0,0,0,1,0.0,0.0,0.0,345000.0
10671574,1,0.0,1.0,0.0,1.0,0.0,0.0,0.0,0.0,0.0,0.0,0.0,0.0,0.0,0.0,0.0,1.0,0.0,0.0,0.29591836734693877,0.36363636363636365,0.18181818181818182,0.0,0.16666666666666666,3,3,0,0,0,0,1,1,0.131,0.18,0.0002219204186042673,910000.0
10671571,1,0.0,0.0,1.0,0.0,0.0,0.0,0.0,0.0,0.0,1.0,0.0,0.0,0.0,0.0,0.0,0.0,1.0,0.0,0.09591836734693879,0.0,0.09090909090909091,0.07142857142857142,0.05555555555555555,3,4,0,0,0,0,1,1,0.15,0.06,0.00016964990678425393,179000.0
10671566,1,1.0,0.0,0.0,0.0,1.0,0.0,0.0,0.0,0.0,0.0,0.0,0.0,0.0,0.0,1.0,0.0,0.0,0.0,0.30306122448979594,0.2727272727272727,0.4545454545454546,0.42857142857142855,0.3333333333333333,5,7,0,0,0,0,0,1,0.0,0.0,0.0,550000.0
10671567,0,1.0,0.0,0.0,0.0,1.0,0.0,0.0,0.0,0.0,0.0,0.0,0.0,0.0,0.0,0.0,1.0,0.0,0.0,0.03571428571428572,0.09090909090909091,0.09090909090909091,0.0,0.05555555555555555,3,6,0,0,0,0,0,1,0.0,0.04,0.0,245000.0
10671575,1,0.0,1.0,0.0,0.0,0.0,0.0,0.0,0.0,1.0,0.0,0.0,0.0,0.0,0.0,0.0,0.0,0.0,1.0,0.29081632653061223,0.1818181818181818,0.18181818181818182,0.0,0.1111111111111111,4,4,0,0,0,0,1,1,0.834,0.6,0.0009023540987875993,285000.0
10671572,1,0.0,1.0,0.0,1.0,0.0,0.0,0.0,0.0,0.0,0.0,0.0,0.0,0.0,0.0,0.0,0.0,0.0,1.0,0.13775510204081634,0.2727272727272727,0.09090909090909091,0.0,0.0,4,3,0,0,0,0,0,0,0.0,0.0,0.00011096020930213364,360000.0
10671565,1,1.0,0.0,0.0,0.0,1.0,0.0,0.0,0.0,0.0,0.0,0.0,0.0,0.0,0.0,0.0,0.0,0.0,1.0,0.1489795918367347,0.2727272727272727,0.0,0.0,0.0,5,0,0,0,0,0,0,1,0.0,0.0,0.00018799043724741652,499000.0
10671580,1,0.0,1.0,0.0,0.0,0.0,0.0,1.0,0.0,0.0,0.0,0.0,0.0,0.0,0.0,0.0,0.0,1.0,0.0,0.1979591836734694,0.1818181818181818,0.09090909090909091,0.0,0.1111111111111111,0,3,0,0,0,0,1,1,0.49,0.0,0.0005410456486632963,295000.0
10671592,0,0.0,0.0,1.0,0.0,0.0,0.0,0.0,0.0,0.0,0.0,0.0,0.0,1.0,0.0,0.0,0.0,0.0,1.0,0.12244897959183676,0.1818181818181818,0.18181818181818182,0.07142857142857142,0.05555555555555555,1,0,0,0,0,0,0,1,0.0,0.14,0.0,491150.0
10671594,1,0.0,1.0,0.0,0.0,0.0,0.0,1.0,0.0,0.0,0.0,0.0,0.0,0.0,0.0,0.0,0.0,1.0,0.0,0.11734693877551022,0.1818181818181818,0.09090909090909091,0.07142857142857142,0.05555555555555555,1,0,0,0,0,0,0,0,0.0,0.0,0.0,285000.0
10671593,0,0.0,0.0,1.0,0.0,0.0,0.0,0.0,0.0,0.0,0.0,0.0,0.0,1.0,0.0,0.0,0.0,0.0,1.0,0.12244897959183676,0.1818181818181818,0.18181818181818182,0.07142857142857142,0.05555555555555555,1,0,0,0,0,0,0,1,0.0,0.14,0.0,471150.0
10671596,0,0.0,0.0,1.0,0.0,0.0,0.0,0.0,0.0,0.0,0.0,0.0,0.0,1.0,0.0,0.0,0.0,0.0,1.0,0.06122448979591837,0.0,0.09090909090909091,0.07142857142857142,0.05555555555555555,1,2,0,0,0,0,1,1,0.04,0.17,0.0,235000.0
10671597,1,0.0,1.0,0.0,0.0,0.0,0.0,0.0,0.0,1.0,0.0,0.0,0.0,0.0,0.0,0.0,0.0,0.0,1.0,0.1326530612244898,0.1818181818181818,0.09090909090909091,0.0,0.0,0,6,0,0,0,0,0,1,0.0,0.0,0.0016974160943656973,285000.0
10671595,0,0.0,0.0,1.0,0.0,0.0,0.0,0.0,0.0,0.0,0.0,0.0,0.0,1.0,0.0,0.0,0.0,0.0,1.0,0.12142857142857144,0.1818181818181818,0.18181818181818182,0.07142857142857142,0.05555555555555555,1,0,0,0,0,0,1,1,0.272,0.25,0.0,491150.0
10671598,1,0.0,1.0,0.0,0.0,0.0,0.0,0.0,0.0,1.0,0.0,0.0,0.0,0.0,0.0,0.0,0.0,0.0,1.0,0.11224489795918369,0.1818181818181818,0.09090909090909091,0.0,0.0,0,0,0,0,0,0,0,0,0.0,0.0,0.0062568719675079165,395000.0
10671599,1,0.0,1.0,0.0,0.0,0.0,0.0,0.0,0.0,1.0,0.0,0.0,0.0,0.0,0.0,0.0,0.0,0.0,1.0,0.10714285714285715,0.1818181818181818,0.18181818181818182,0.0,0.0,1,0,0,0,0,0,0,1,0.0,0.2,0.00015130937632109134,325750.0
10671610,0,1.0,0.0,0.0,0.0,1.0,0.0,0.0,0.0,0.0,0.0,0.0,0.0,0.0,0.0,0.0,0.0,1.0,0.0,0.07653061224489796,0.09090909090909091,0.09090909090909091,0.07142857142857142,0.1111111111111111,1,2,1,0,0,0,1,1,0.069,0.12,0.0,450000.0
10671616,0,0.0,1.0,0.0,0.0,0.0,0.0,1.0,0.0,0.0,0.0,0.0,0.0,0.0,0.0,0.0,0.0,0.0,1.0,0.0673469387755102,0.0,0.09090909090909091,0.0,0.0,1,1,0,0,0,0,0,1,0.0,0.53,0.0,299600.0
10671612,0,0.0,1.0,0.0,1.0,0.0,0.0,0.0,0.0,0.0,0.0,0.0,0.0,0.0,0.0,1.0,0.0,0.0,0.0,0.04387755102040817,0.0,0.09090909090909091,0.07142857142857142,0.05555555555555555,1,1,1,0,0,0,0,1,0.0,0.06,0.0,299000.0
10671618,0,0.0,1.0,0.0,0.0,0.0,0.0,1.0,0.0,0.0,0.0,0.0,0.0,0.0,0.0,0.0,0.0,0.0,1.0,0.06428571428571428,0.0,0.09090909090909091,0.0,0.0,1,1,0,0,0,0,0,1,0.0,0.35000000000000003,0.0,294404.0
10671615,0,0.0,1.0,0.0,0.0,0.0,0.0,1.0,0.0,0.0,0.0,0.0,0.0,0.0,0.0,0.0,0.0,0.0,1.0,0.10612244897959186,0.09090909090909091,0.09090909090909091,0.0,0.0,1,1,0,0,0,0,0,1,0.0,0.24,0.0,353451.0
10671617,0,0.0,1.0,0.0,0.0,0.0,0.0,1.0,0.0,0.0,0.0,0.0,0.0,0.0,0.0,0.0,0.0,0.0,1.0,0.06428571428571428,0.0,0.09090909090909091,0.0,0.0,1,1,0,0,0,0,0,1,0.0,0.35000000000000003,0.0,294404.0
10671619,0,0.0,1.0,0.0,0.0,0.0,0.0,1.0,0.0,0.0,0.0,0.0,0.0,0.0,0.0,0.0,0.0,0.0,1.0,0.0673469387755102,0.0,0.09090909090909091,0.0,0.0,1,1,0,0,0,0,0,1,0.0,0.63,0.0,304544.0
10671620,0,0.0,1.0,0.0,0.0,0.0,0.0,1.0,0.0,0.0,0.0,0.0,0.0,0.0,0.0,0.0,0.0,0.0,1.0,0.05510204081632653,0.0,0.09090909090909091,0.0,0.0,1,1,0,0,0,0,0,1,0.0,0.44,0.0,288721.0
10671621,0,0.0,1.0,0.0,0.0,0.0,0.0,1.0,0.0,0.0,0.0,0.0,0.0,0.0,0.0,0.0,0.0,0.0,1.0,0.05306122448979592,0.0,0.09090909090909091,0.0,0.0,1,1,0,0,0,0,0,1,0.0,0.3,0.0,275494.0
10671622,0,0.0,1.0,0.0,0.0,0.0,0.0,1.0,0.0,0.0,0.0,0.0,0.0,0.0,0.0,0.0,0.0,0.0,1.0,0.05306122448979592,0.0,0.09090909090909091,0.0,0.0,1,1,0,0,0,0,0,1,0.0,0.3,0.0,275494.0
10671624,1,0.0,1.0,0.0,1.0,0.0,0.0,0.0,0.0,0.0,0.0,0.0,0.0,0.0,0.0,0.0,0.0,1.0,0.0,0.25,0.1818181818181818,0.18181818181818182,0.0,0.16666666666666666,0,4,0,0,0,0,0,1,0.0,0.25,7.244509532949221e-05,699000.0
10671627,1,0.0,1.0,0.0,0.0,0.0,1.0,0.0,0.0,0.0,0.0,0.0,0.0,0.0,0.0,0.0,0.0,0.0,1.0,0.29591836734693877,0.2727272727272727,0.18181818181818182,0.0,0.16666666666666666,0,2,0,0,0,0,0,0,0.0,0.0,0.0007602149876980893,450000.0
10671623,0,0.0,1.0,0.0,0.0,0.0,0.0,1.0,0.0,0.0,0.0,0.0,0.0,0.0,0.0,0.0,0.0,0.0,1.0,0.05510204081632653,0.0,0.09090909090909091,0.0,0.0,1,1,0,0,0,0,0,1,0.0,0.44,0.0,288773.0
10671626,1,0.0,0.0,1.0,0.0,0.0,0.0,0.0,0.0,0.0,0.0,1.0,0.0,0.0,0.0,0.0,0.0,0.0,1.0,0.1112244897959184,0.2727272727272727,0.09090909090909091,0.07142857142857142,0.0,1,5,0,0,0,0,1,0,0.075,0.0,0.00016781585373793766,285000.0
10671629,0,1.0,0.0,0.0,0.0,1.0,0.0,0.0,0.0,0.0,0.0,0.0,0.0,0.0,0.0,0.0,1.0,0.0,0.0,0.163265306122449,0.1818181818181818,0.18181818181818182,0.0,0.1111111111111111,1,3,1,0,0,0,0,1,0.0,0.2,0.0,489000.0
10671630,0,0.0,1.0,0.0,1.0,0.0,0.0,0.0,0.0,0.0,0.0,0.0,0.0,0.0,0.0,0.0,0.0,1.0,0.0,0.09591836734693879,0.09090909090909091,0.09090909090909091,0.0,0.1111111111111111,2,2,0,0,0,0,0,1,0.0,0.31,0.0,319500.0
10671625,0,0.0,1.0,0.0,0.0,0.0,0.0,1.0,0.0,0.0,0.0,0.0,0.0,0.0,0.0,0.0,0.0,0.0,1.0,0.09183673469387757,0.09090909090909091,0.09090909090909091,0.0,0.1111111111111111,3,2,1,1,0,0,0,1,0.0,0.08,0.0,349000.0
10671631,0,0.0,1.0,0.0,1.0,0.0,0.0,0.0,0.0,0.0,0.0,0.0,0.0,0.0,0.0,0.0,0.0,0.0,1.0,0.18979591836734697,0.2727272727272727,0.18181818181818182,0.0,0.1111111111111111,1,3,1,0,0,0,0,1,0.0,0.27,0.0,585000.0
10671659,1,0.0,1.0,0.0,0.0,0.0,0.0,0.0,0.0,0.0,0.0,0.0,0.0,0.0,1.0,0.0,0.0,0.0,1.0,0.15714285714285717,0.1818181818181818,0.09090909090909091,0.0,0.0,0,3,0,0,0,0,0,0,0.0,0.0,0.00015589450893688199,335000.0
10671666,1,0.0,1.0,0.0,0.0,0.0,1.0,0.0,0.0,0.0,0.0,0.0,0.0,0.0,0.0,0.0,0.0,1.0,0.0,0.1489795918367347,0.1818181818181818,0.09090909090909091,0.0,0.0,4,4,0,0,0,0,0,1,0.0,0.0,0.0003558062909853542,315000.0
10671662,1,0.0,1.0,0.0,1.0,0.0,0.0,0.0,0.0,0.0,0.0,0.0,0.0,0.0,0.0,0.0,0.0,0.0,1.0,0.0816326530612245,0.09090909090909091,0.09090909090909091,0.0,0.05555555555555555,0,2,0,0,0,0,1,1,0.027,0.0,0.00010454102364002675,295000.0
10671664,1,0.0,1.0,0.0,1.0,0.0,0.0,0.0,0.0,0.0,0.0,0.0,0.0,0.0,0.0,0.0,0.0,0.0,1.0,0.0816326530612245,0.1818181818181818,0.09090909090909091,0.0,0.05555555555555555,3,4,0,0,0,0,0,1,0.0,0.0,0.00023842689602111364,315000.0
10671672,1,1.0,0.0,0.0,0.0,1.0,0.0,0.0,0.0,0.0,0.0,0.0,0.0,0.0,0.0,0.0,0.0,0.0,1.0,0.16836734693877553,0.2727272727272727,0.18181818181818182,0.0,0.1111111111111111,3,4,0,0,0,0,1,1,0.3,0.0,0.0003594743970779867,795000.0
10671671,1,0.0,1.0,0.0,1.0,0.0,0.0,0.0,0.0,0.0,0.0,0.0,0.0,0.0,0.0,0.0,0.0,1.0,0.0,0.11938775510204083,0.09090909090909091,0.09090909090909091,0.0,0.0,3,4,0,0,0,0,0,1,0.0,0.0,8.620049317686416e-05,249000.0
10671667,0,0.0,1.0,0.0,0.0,0.0,0.0,1.0,0.0,0.0,0.0,0.0,0.0,0.0,0.0,0.0,0.0,0.0,1.0,0.09897959183673471,0.1818181818181818,0.09090909090909091,0.0,0.05555555555555555,1,6,0,0,0,0,0,1,0.0,0.0,0.0,320000.0
10671663,1,0.0,1.0,0.0,1.0,0.0,0.0,0.0,0.0,0.0,0.0,0.0,0.0,0.0,0.0,0.0,0.0,0.0,1.0,0.1163265306122449,0.1818181818181818,0.09090909090909091,0.07142857142857142,0.1111111111111111,3,2,0,0,0,0,1,1,0.13,0.37,0.00018890746377057464,359000.0
10671676,1,0.0,1.0,0.0,0.0,0.0,0.0,0.0,0.0,0.0,0.0,0.0,0.0,0.0,1.0,0.0,0.0,1.0,0.0,0.3642857142857143,0.36363636363636365,0.36363636363636365,0.21428571428571427,0.2222222222222222,1,2,0,0,1,0,1,1,0.861,0.0,0.0007895598364391494,3895000.0
10671674,1,0.0,1.0,0.0,1.0,0.0,0.0,0.0,0.0,0.0,0.0,0.0,0.0,0.0,0.0,0.0,0.0,1.0,0.0,0.2091836734693878,0.1818181818181818,0.09090909090909091,0.0,0.1111111111111111,5,6,0,0,0,0,0,1,0.0,0.0,0.019624367595583968,799000.0
10671678,1,0.0,1.0,0.0,0.0,0.0,0.0,0.0,0.0,0.0,0.0,0.0,0.0,0.0,1.0,0.0,0.0,1.0,0.0,0.2459183673469388,0.2727272727272727,0.2727272727272727,0.14285714285714285,0.2777777777777778,1,2,0,0,0,0,1,1,0.47500000000000003,0.0,0.0004355875985001114,2695000.0
10671679,1,0.0,1.0,0.0,0.0,0.0,0.0,0.0,0.0,0.0,0.0,0.0,0.0,0.0,1.0,0.0,0.0,1.0,0.0,0.12551020408163266,0.2727272727272727,0.2727272727272727,0.14285714285714285,0.1111111111111111,2,3,0,0,0,0,0,1,0.0,0.0,0.0,765000.0
10671680,0,0.0,1.0,0.0,0.0,0.0,0.0,0.0,0.0,0.0,0.0,0.0,0.0,0.0,1.0,0.0,0.0,1.0,0.0,0.06122448979591837,0.09090909090909091,0.18181818181818182,0.14285714285714285,0.05555555555555555,1,1,1,0,0,0,0,1,0.0,0.0,0.0,995000.0
10671685,1,1.0,0.0,0.0,0.0,1.0,0.0,0.0,0.0,0.0,0.0,0.0,0.0,0.0,0.0,0.0,1.0,0.0,0.0,0.3673469387755102,0.2727272727272727,0.36363636363636365,0.2857142857142857,0.2222222222222222,5,7,0,0,0,0,1,0,0.015,0.0,0.0,545000.0
10671681,0,0.0,1.0,0.0,1.0,0.0,0.0,0.0,0.0,0.0,0.0,0.0,0.0,0.0,0.0,0.0,0.0,0.0,1.0,0.09693877551020408,0.09090909090909091,0.09090909090909091,0.0,0.1111111111111111,1,2,0,0,0,0,0,1,0.0,0.2,0.0,420000.0
10671687,1,0.0,0.0,1.0,0.0,0.0,0.0,0.0,0.0,0.0,0.0,1.0,0.0,0.0,0.0,0.0,0.0,1.0,0.0,0.2122448979591837,0.36363636363636365,0.09090909090909091,0.07142857142857142,0.16666666666666666,2,3,0,0,0,0,1,1,0.32,0.3,0.000368644662309568,295000.0
10671694,1,0.0,1.0,0.0,0.0,0.0,1.0,0.0,0.0,0.0,0.0,0.0,0.0,0.0,0.0,0.0,0.0,0.0,1.0,0.1142857142857143,0.1818181818181818,0.09090909090909091,0.0,0.0,2,3,0,0,0,0,1,1,0.45,0.0,0.0005052816142601293,339000.0
10671695,0,1.0,0.0,0.0,0.0,1.0,0.0,0.0,0.0,0.0,0.0,0.0,0.0,0.0,0.0,0.0,0.0,1.0,0.0,0.04081632653061225,0.0,0.09090909090909091,0.0,0.05555555555555555,3,0,1,0,0,0,0,1,0.0,0.12,0.0,195000.0
10671692,1,1.0,0.0,0.0,0.0,1.0,0.0,0.0,0.0,0.0,0.0,0.0,0.0,0.0,0.0,1.0,0.0,0.0,0.0,0.3469387755102041,0.4545454545454545,0.18181818181818182,0.07142857142857142,0.16666666666666666,1,6,0,0,0,0,1,1,0.14,0.3,0.00032095928310534527,849000.0
10671696,0,0.0,1.0,0.0,0.0,0.0,0.0,1.0,0.0,0.0,0.0,0.0,0.0,0.0,0.0,0.0,0.0,0.0,1.0,0.04081632653061225,0.0,0.09090909090909091,0.0,0.05555555555555555,3,5,1,0,0,0,0,1,0.0,0.12,0.0,195000.0
10671698,0,1.0,0.0,0.0,0.0,1.0,0.0,0.0,0.0,0.0,0.0,0.0,0.0,0.0,0.0,0.0,1.0,0.0,0.0,0.11020408163265308,0.09090909090909091,0.18181818181818182,0.0,0.05555555555555555,3,5,0,0,0,0,0,1,0.0,0.15,0.0,360000.0
10671699,1,0.0,0.0,1.0,0.0,0.0,0.0,0.0,0.0,0.0,0.0,0.0,1.0,0.0,0.0,1.0,0.0,0.0,0.0,0.1836734693877551,0.2727272727272727,0.18181818181818182,0.14285714285714285,0.16666666666666666,1,3,0,0,0,0,1,1,1.0,1.0,0.007139968509309195,535000.0
10671697,0,1.0,0.0,0.0,0.0,1.0,0.0,0.0,0.0,0.0,0.0,0.0,0.0,0.0,0.0,1.0,0.0,0.0,0.0,0.11020408163265308,0.09090909090909091,0.18181818181818182,0.0,0.05555555555555555,3,5,0,0,0,0,0,1,0.0,0.15,0.0,360000.0
10671704,0,0.0,1.0,0.0,1.0,0.0,0.0,0.0,0.0,0.0,0.0,0.0,0.0,0.0,0.0,0.0,0.0,1.0,0.0,0.030612244897959183,0.0,0.09090909090909091,0.0,0.05555555555555555,2,2,0,0,0,0,0,0,0.0,0.0,0.0,199000.0
10671701,1,0.0,1.0,0.0,1.0,0.0,0.0,0.0,0.0,0.0,0.0,0.0,0.0,0.0,0.0,0.0,0.0,0.0,1.0,0.3224489795918367,0.36363636363636365,0.18181818181818182,0.0,0.16666666666666666,1,2,0,0,0,0,1,1,0.35000000000000003,0.0,0.0007592979611749311,625000.0
10671702,1,0.0,1.0,0.0,1.0,0.0,0.0,0.0,0.0,0.0,0.0,0.0,0.0,0.0,0.0,0.0,0.0,0.0,1.0,0.21530612244897962,0.1818181818181818,0.09090909090909091,0.0,0.0,1,3,0,0,0,0,1,1,0.44,0.0,0.0007097785289243921,559000.0
10671703,1,0.0,1.0,0.0,1.0,0.0,0.0,0.0,0.0,0.0,0.0,0.0,0.0,0.0,0.0,0.0,0.0,1.0,0.0,0.2755102040816327,0.36363636363636365,0.18181818181818182,0.0,0.0,1,2,0,0,0,0,0,1,0.0,0.0,0.001013314308089733,695000.0
10671706,0,0.0,1.0,0.0,1.0,0.0,0.0,0.0,0.0,0.0,0.0,0.0,0.0,0.0,0.0,0.0,0.0,0.0,1.0,0.05204081632653062,0.09090909090909091,0.09090909090909091,0.0,0.05555555555555555,1,2,0,0,0,0,0,1,0.0,0.0,0.0,269000.0
10671705,0,0.0,1.0,0.0,1.0,0.0,0.0,0.0,0.0,0.0,0.0,0.0,0.0,0.0,0.0,0.0,1.0,0.0,0.0,0.20612244897959187,0.09090909090909091,0.18181818181818182,0.0,0.0,1,1,1,0,0,0,0,1,0.0,0.15,0.0,599000.0
10671708,0,0.0,1.0,0.0,1.0,0.0,0.0,0.0,0.0,0.0,0.0,0.0,0.0,0.0,0.0,1.0,0.0,0.0,0.0,0.14183673469387756,0.1818181818181818,0.18181818181818182,0.0,0.1111111111111111,1,2,1,0,0,0,0,1,0.0,0.09,0.0,1095000.0
10671713,1,1.0,0.0,0.0,0.0,1.0,0.0,0.0,0.0,0.0,0.0,0.0,0.0,0.0,0.0,0.0,1.0,0.0,0.0,0.18775510204081636,0.1818181818181818,0.18181818181818182,0.14285714285714285,0.1111111111111111,3,0,0,0,0,0,0,0,0.0,0.0,0.0,379000.0
10671710,1,0.0,1.0,0.0,1.0,0.0,0.0,0.0,0.0,0.0,0.0,0.0,0.0,0.0,0.0,0.0,0.0,0.0,1.0,0.1438775510204082,0.1818181818181818,0.09090909090909091,0.0,0.0,0,6,0,0,0,0,0,1,0.0,0.0,0.0015488577976140805,469000.0
10671715,0,1.0,0.0,0.0,0.0,1.0,0.0,0.0,0.0,0.0,0.0,0.0,0.0,0.0,0.0,0.0,0.0,1.0,0.0,0.07142857142857142,0.09090909090909091,0.09090909090909091,0.0,0.05555555555555555,3,6,1,0,0,0,0,1,0.0,0.06,0.0,360000.0
10671711,0,0.0,1.0,0.0,0.0,0.0,0.0,1.0,0.0,0.0,0.0,0.0,0.0,0.0,0.0,0.0,0.0,1.0,0.0,0.10714285714285715,0.1818181818181818,0.09090909090909091,0.0,0.05555555555555555,1,0,1,0,0,0,0,1,0.0,0.32,0.0,379000.0
10671714,1,1.0,0.0,0.0,0.0,1.0,0.0,0.0,0.0,0.0,0.0,0.0,0.0,0.0,0.0,0.0,0.0,1.0,0.0,0.2448979591836735,0.2727272727272727,0.18181818181818182,0.07142857142857142,0.3333333333333333,5,5,0,0,0,0,1,1,0.25,0.1,0.0002934484874106014,675000.0
10671716,1,0.0,1.0,0.0,0.0,0.0,0.0,1.0,0.0,0.0,0.0,0.0,0.0,0.0,0.0,0.0,0.0,0.0,1.0,0.5306122448979592,0.5454545454545454,0.4545454545454546,0.0,0.0,1,3,0,0,0,0,0,1,0.0,0.3,0.0024759716125269493,895000.0
10671717,1,0.0,1.0,0.0,0.0,0.0,0.0,1.0,0.0,0.0,0.0,0.0,0.0,0.0,0.0,0.0,0.0,0.0,1.0,0.3163265306122449,0.2727272727272727,0.09090909090909091,0.0,0.0,5,6,0,0,0,0,0,1,0.0,0.0,0.0022366276899826775,849999.0
10671722,0,1.0,0.0,0.0,0.0,1.0,0.0,0.0,0.0,0.0,0.0,0.0,0.0,0.0,0.0,0.0,0.0,1.0,0.0,0.0816326530612245,0.09090909090909091,0.18181818181818182,0.0,0.1111111111111111,1,2,1,0,0,0,0,1,0.0,0.05,0.0,469000.0
10671724,1,0.0,0.0,1.0,0.0,0.0,0.0,0.0,0.0,0.0,1.0,0.0,0.0,0.0,0.0,0.0,0.0,0.0,1.0,0.1326530612244898,0.1818181818181818,0.09090909090909091,0.07142857142857142,0.05555555555555555,5,7,0,0,0,0,0,1,0.0,0.0,0.00010270697059371048,89000.0
10671719,1,1.0,0.0,0.0,0.0,1.0,0.0,0.0,0.0,0.0,0.0,0.0,0.0,0.0,0.0,0.0,0.0,1.0,0.0,0.20510204081632655,0.2727272727272727,0.2727272727272727,0.21428571428571427,0.2222222222222222,1,1,0,0,0,0,1,1,0.045,0.08,0.00010729210320950113,995000.0
10671723,1,0.0,1.0,0.0,0.0,0.0,0.0,1.0,0.0,0.0,0.0,0.0,0.0,0.0,0.0,0.0,0.0,1.0,0.0,0.23979591836734696,0.2727272727272727,0.18181818181818182,0.14285714285714285,0.1111111111111111,1,0,0,0,0,0,0,1,0.0,0.0,0.000503447561213813,810722.0
10671725,0,0.0,0.0,1.0,0.0,0.0,0.0,0.0,0.0,0.0,1.0,0.0,0.0,0.0,0.0,0.0,0.0,0.0,1.0,0.11938775510204083,0.09090909090909091,0.09090909090909091,0.07142857142857142,0.1111111111111111,3,4,0,0,0,0,0,0,0.0,0.0,0.0,180000.0
10671721,0,1.0,0.0,0.0,0.0,1.0,0.0,0.0,0.0,0.0,0.0,0.0,0.0,0.0,0.0,0.0,0.0,1.0,0.0,0.07346938775510206,0.09090909090909091,0.09090909090909091,0.07142857142857142,0.05555555555555555,1,2,1,0,0,0,1,0,0.012,0.0,0.0,399000.0
10671742,0,0.0,1.0,0.0,1.0,0.0,0.0,0.0,0.0,0.0,0.0,0.0,0.0,0.0,0.0,1.0,0.0,0.0,0.0,0.08571428571428572,0.09090909090909091,0.09090909090909091,0.0,0.0,3,2,1,0,0,0,0,1,0.0,0.14,0.0,635000.0
10671743,1,0.0,1.0,0.0,1.0,0.0,0.0,0.0,0.0,0.0,0.0,0.0,0.0,0.0,0.0,0.0,0.0,1.0,0.0,0.27040816326530615,0.09090909090909091,0.18181818181818182,0.0,0.0,0,3,0,0,0,0,0,1,0.0,0.0,0.0,665000.0
10671744,0,0.0,1.0,0.0,1.0,0.0,0.0,0.0,0.0,0.0,0.0,0.0,0.0,0.0,0.0,0.0,1.0,0.0,0.0,0.04591836734693878,0.09090909090909091,0.09090909090909091,0.0,0.0,3,4,0,0,0,0,0,1,0.0,0.0,0.0,249000.0
10671726,1,0.0,1.0,0.0,0.0,0.0,0.0,0.0,0.0,0.0,0.0,0.0,0.0,0.0,1.0,0.0,0.0,1.0,0.0,0.17346938775510207,0.2727272727272727,0.09090909090909091,0.0,0.1111111111111111,2,3,0,0,0,0,0,1,0.0,0.0,0.00025493337343795996,295000.0
10671745,0,0.0,0.0,1.0,0.0,0.0,0.0,0.0,0.0,0.0,1.0,0.0,0.0,0.0,0.0,0.0,0.0,1.0,0.0,0.07448979591836735,0.09090909090909091,0.09090909090909091,0.07142857142857142,0.05555555555555555,1,1,0,0,0,0,0,1,0.0,0.0,0.0,349000.0
10671746,1,0.0,0.0,1.0,0.0,0.0,0.0,0.0,0.0,0.0,1.0,0.0,0.0,0.0,0.0,0.0,0.0,1.0,0.0,0.10612244897959186,0.1818181818181818,0.09090909090909091,0.07142857142857142,0.05555555555555555,3,4,0,0,0,0,0,1,0.0,0.0,0.0003246273891979778,245000.0
10671760,0,0.0,1.0,0.0,0.0,0.0,1.0,0.0,0.0,0.0,0.0,0.0,0.0,0.0,0.0,1.0,0.0,0.0,0.0,0.04591836734693878,0.0,0.09090909090909091,0.0,0.05555555555555555,3,4,1,0,0,0,0,0,0.0,0.0,0.0,235000.0
10671751,1,0.0,0.0,1.0,0.0,0.0,0.0,0.0,1.0,0.0,0.0,0.0,0.0,0.0,0.0,0.0,0.0,0.0,1.0,0.1836734693877551,0.2727272727272727,0.09090909090909091,0.0,0.1111111111111111,3,7,0,0,0,0,0,1,0.0,0.0,0.001155453419179243,375000.0
10671758,1,0.0,1.0,0.0,1.0,0.0,0.0,0.0,0.0,0.0,0.0,0.0,0.0,0.0,0.0,0.0,0.0,1.0,0.0,0.15918367346938778,0.1818181818181818,0.18181818181818182,0.0,0.2222222222222222,4,2,0,1,0,0,0,0,0.0,0.0,7.794725446844099e-05,379000.0
10671748,1,0.0,0.0,1.0,0.0,0.0,0.0,0.0,0.0,0.0,1.0,0.0,0.0,0.0,0.0,0.0,0.0,1.0,0.0,0.11224489795918369,0.1818181818181818,0.09090909090909091,0.0,0.05555555555555555,0,5,0,0,0,0,0,1,0.0,0.0,0.0006153247970391047,195000.0
10671769,1,1.0,0.0,0.0,0.0,1.0,0.0,0.0,0.0,0.0,0.0,0.0,0.0,0.0,0.0,0.0,0.0,0.0,1.0,0.163265306122449,0.2727272727272727,0.18181818181818182,0.0,0.0,5,0,0,0,0,0,1,1,0.16,0.12,0.00026685471823901564,650000.0
10671756,1,0.0,1.0,0.0,1.0,0.0,0.0,0.0,0.0,0.0,0.0,0.0,0.0,0.0,0.0,0.0,0.0,1.0,0.0,0.1326530612244898,0.09090909090909091,0.09090909090909091,0.0,0.05555555555555555,3,0,0,0,0,0,0,0,0.0,0.0,5.135348529685524e-05,295000.0
10671750,1,0.0,0.0,1.0,0.0,0.0,0.0,0.0,0.0,0.0,1.0,0.0,0.0,0.0,0.0,0.0,0.0,1.0,0.0,0.20714285714285716,0.36363636363636365,0.09090909090909091,0.07142857142857142,0.05555555555555555,0,4,0,0,0,0,0,1,0.0,0.0,0.0002934484874106014,175000.0
10671779,1,0.0,1.0,0.0,1.0,0.0,0.0,0.0,0.0,0.0,0.0,0.0,0.0,0.0,0.0,0.0,0.0,1.0,0.0,0.1836734693877551,0.2727272727272727,0.09090909090909091,0.0,0.1111111111111111,2,4,0,0,0,0,1,1,0.7000000000000001,0.0,0.0007666341733601961,375000.0
10671767,0,0.0,1.0,0.0,0.0,0.0,0.0,0.0,0.0,0.0,0.0,0.0,0.0,0.0,1.0,0.0,0.0,1.0,0.0,0.11530612244897961,0.1818181818181818,0.09090909090909091,0.0,0.05555555555555555,0,0,1,0,0,0,0,1,0.0,0.13,0.0,419000.0
10671778,1,0.0,1.0,0.0,1.0,0.0,0.0,0.0,0.0,0.0,0.0,0.0,0.0,0.0,0.0,0.0,0.0,0.0,1.0,0.17142857142857146,0.1818181818181818,0.09090909090909091,0.0,0.1111111111111111,1,3,0,0,0,0,0,1,0.0,0.0,0.00036681060926325174,449000.0
10671768,0,0.0,1.0,0.0,0.0,0.0,1.0,0.0,0.0,0.0,0.0,0.0,0.0,0.0,0.0,0.0,0.0,1.0,0.0,0.0816326530612245,0.09090909090909091,0.09090909090909091,0.0,0.05555555555555555,1,1,1,0,0,0,1,1,0.08,0.2,0.0,360000.0
10671775,0,1.0,0.0,0.0,0.0,1.0,0.0,0.0,0.0,0.0,0.0,0.0,0.0,0.0,0.0,0.0,1.0,0.0,0.0,0.11734693877551022,0.09090909090909091,0.18181818181818182,0.0,0.1111111111111111,1,5,1,0,0,0,0,0,0.0,0.0,0.0,570000.0
10671771,1,0.0,1.0,0.0,0.0,0.0,0.0,1.0,0.0,0.0,0.0,0.0,0.0,0.0,0.0,0.0,0.0,0.0,1.0,0.18979591836734697,0.1818181818181818,0.09090909090909091,0.0,0.0,0,0,0,0,0,0,1,1,1.0,0.0,0.0,637000.0
10671781,1,1.0,0.0,0.0,0.0,1.0,0.0,0.0,0.0,0.0,0.0,0.0,0.0,0.0,0.0,0.0,0.0,0.0,1.0,0.09897959183673471,0.09090909090909091,0.09090909090909091,0.0,0.05555555555555555,5,0,0,0,0,0,1,0,0.02,0.0,0.0,265000.0
10671788,0,1.0,0.0,0.0,0.0,1.0,0.0,0.0,0.0,0.0,0.0,0.0,0.0,0.0,0.0,0.0,1.0,0.0,0.0,0.13775510204081634,0.1818181818181818,0.09090909090909091,0.07142857142857142,0.1111111111111111,1,4,0,0,0,0,0,1,0.0,0.0,0.0,339000.0
10671766,0,0.0,1.0,0.0,0.0,0.0,0.0,0.0,0.0,0.0,0.0,0.0,0.0,0.0,1.0,0.0,0.0,1.0,0.0,0.08775510204081632,0.09090909090909091,0.09090909090909091,0.0,0.05555555555555555,0,0,1,0,0,0,0,1,0.0,0.11,0.0,359000.0
10671793,0,1.0,0.0,0.0,0.0,1.0,0.0,0.0,0.0,0.0,0.0,0.0,0.0,0.0,0.0,1.0,0.0,0.0,0.0,0.2693877551020408,0.1818181818181818,0.18181818181818182,0.0,0.16666666666666666,0,4,1,0,0,0,0,0,0.0,0.0,0.0,1490000.0
10671786,0,1.0,0.0,0.0,0.0,1.0,0.0,0.0,0.0,0.0,0.0,0.0,0.0,0.0,0.0,0.0,0.0,0.0,1.0,0.06122448979591837,0.0,0.09090909090909091,0.07142857142857142,0.05555555555555555,1,2,1,0,0,0,0,1,0.0,0.2,0.0,298000.0
10671797,1,0.0,1.0,0.0,0.0,0.0,0.0,1.0,0.0,0.0,0.0,0.0,0.0,0.0,0.0,0.0,1.0,0.0,0.0,0.5612244897959184,0.2727272727272727,0.18181818181818182,0.0,0.2222222222222222,3,2,0,0,1,0,1,1,1.0,0.0,0.00697582076166389,1395000.0
10671796,1,0.0,1.0,0.0,1.0,0.0,0.0,0.0,0.0,0.0,0.0,0.0,0.0,0.0,0.0,1.0,0.0,0.0,0.0,0.6428571428571429,0.5454545454545454,0.4545454545454546,0.0,0.3333333333333333,1,1,1,0,1,0,0,1,0.0,0.0,0.0022008636555795103,2950000.0
10671802,1,0.0,1.0,0.0,0.0,0.0,0.0,1.0,0.0,0.0,0.0,0.0,0.0,0.0,0.0,0.0,0.0,1.0,0.0,0.2142857142857143,0.1818181818181818,0.09090909090909091,0.0,0.1111111111111111,1,2,0,0,0,0,0,1,0.0,0.0,0.00012379858062634745,430000.0
10671798,0,0.0,1.0,0.0,0.0,0.0,0.0,0.0,0.0,0.0,0.0,0.0,0.0,0.0,1.0,0.0,0.0,1.0,0.0,0.06836734693877553,0.1818181818181818,0.18181818181818182,0.0,0.1111111111111111,3,2,1,0,0,0,0,1,0.0,0.0,0.0,799000.0
10671799,1,0.0,0.0,1.0,0.0,0.0,0.0,0.0,0.0,0.0,0.0,0.0,1.0,0.0,0.0,0.0,0.0,0.0,1.0,0.22448979591836737,0.36363636363636365,0.18181818181818182,0.14285714285714285,0.1111111111111111,3,4,0,0,0,0,0,1,0.0,1.0,0.0008253238708423164,350000.0
10671807,1,0.0,0.0,1.0,0.0,0.0,0.0,0.0,1.0,0.0,0.0,0.0,0.0,0.0,0.0,0.0,0.0,1.0,0.0,0.09489795918367347,0.1818181818181818,0.09090909090909091,0.14285714285714285,0.05555555555555555,3,5,0,0,0,0,0,1,0.0,0.0,0.00015497748241372387,144999.0
10671805,1,0.0,0.0,1.0,0.0,0.0,0.0,0.0,1.0,0.0,0.0,0.0,0.0,0.0,0.0,0.0,1.0,0.0,0.0,0.22653061224489798,0.1818181818181818,0.09090909090909091,0.07142857142857142,0.05555555555555555,5,7,0,0,0,0,1,0,1.0,0.0,0.0033315573586334838,249999.0
10671811,0,0.0,0.0,1.0,0.0,0.0,0.0,0.0,0.0,0.0,0.0,0.0,1.0,0.0,0.0,0.0,0.0,0.0,1.0,0.06122448979591837,0.09090909090909091,0.09090909090909091,0.0,0.05555555555555555,2,0,1,0,0,0,1,1,0.015,0.05,0.0,240000.0
10671814,1,0.0,0.0,1.0,0.0,0.0,0.0,0.0,0.0,0.0,0.0,0.0,1.0,0.0,0.0,0.0,0.0,0.0,1.0,0.18673469387755104,0.1818181818181818,0.09090909090909091,0.07142857142857142,0.05555555555555555,3,4,0,0,0,0,0,1,0.0,0.0,0.00141680597827931,435000.0
10671815,1,0.0,1.0,0.0,0.0,0.0,1.0,0.0,0.0,0.0,0.0,0.0,0.0,0.0,0.0,0.0,0.0,0.0,1.0,0.35510204081632657,0.36363636363636365,0.09090909090909091,0.0,0.0,4,4,0,0,0,0,0,1,0.0,0.0,0.0010050610693813097,850000.0
10671818,0,0.0,0.0,1.0,0.0,0.0,0.0,0.0,0.0,0.0,1.0,0.0,0.0,0.0,0.0,0.0,1.0,0.0,0.0,0.10306122448979593,0.1818181818181818,0.18181818181818182,0.07142857142857142,0.1111111111111111,3,2,0,0,0,0,0,1,0.0,0.07,0.0,299000.0
10671819,0,0.0,1.0,0.0,0.0,0.0,0.0,1.0,0.0,0.0,0.0,0.0,0.0,0.0,0.0,0.0,0.0,0.0,1.0,0.028571428571428574,0.0,0.09090909090909091,0.07142857142857142,0.05555555555555555,1,2,0,0,0,0,0,1,0.0,0.03,0.0,220000.0
10671817,0,0.0,1.0,0.0,0.0,0.0,0.0,0.0,0.0,0.0,0.0,0.0,0.0,0.0,1.0,0.0,0.0,1.0,0.0,0.15816326530612246,0.36363636363636365,0.2727272727272727,0.21428571428571427,0.2222222222222222,1,2,1,0,0,0,1,1,0.17200000000000001,0.6,0.0,1660000.0
10671820,1,0.0,0.0,1.0,0.0,0.0,0.0,0.0,1.0,0.0,0.0,0.0,0.0,0.0,0.0,0.0,0.0,0.0,1.0,0.04591836734693878,0.0,0.09090909090909091,0.07142857142857142,0.05555555555555555,5,3,0,0,0,0,0,0,0.0,0.0,9.628778493160358e-05,88000.0
10671822,1,0.0,0.0,1.0,0.0,0.0,0.0,0.0,0.0,0.0,1.0,0.0,0.0,0.0,0.0,1.0,0.0,0.0,0.0,0.057142857142857155,0.09090909090909091,0.09090909090909091,0.07142857142857142,0.05555555555555555,3,5,0,0,0,0,0,0,0.0,0.0,4.585132615790647e-05,149000.0
10671826,1,0.0,1.0,0.0,1.0,0.0,0.0,0.0,0.0,0.0,0.0,0.0,0.0,0.0,0.0,0.0,0.0,0.0,1.0,0.21734693877551023,0.2727272727272727,0.18181818181818182,0.0,0.05555555555555555,3,2,0,0,0,0,0,0,0.0,0.0,0.0006749315210443832,435000.0
10671824,1,0.0,0.0,1.0,0.0,0.0,0.0,0.0,0.0,0.0,0.0,0.0,0.0,1.0,0.0,0.0,0.0,0.0,1.0,0.10204081632653061,0.1818181818181818,0.09090909090909091,0.0,0.05555555555555555,5,6,0,0,0,0,0,0,0.0,0.0,0.0007858917303465168,425000.0
10671825,1,0.0,0.0,1.0,0.0,0.0,0.0,0.0,0.0,0.0,0.0,0.0,0.0,1.0,0.0,0.0,0.0,0.0,1.0,0.27755102040816326,0.4545454545454545,0.18181818181818182,0.0,0.16666666666666666,4,3,0,0,1,0,0,1,0.0,0.0,0.001219645275800312,650000.0
10671828,1,0.0,1.0,0.0,1.0,0.0,0.0,0.0,0.0,0.0,0.0,0.0,0.0,0.0,0.0,0.0,0.0,0.0,1.0,0.051020408163265314,0.09090909090909091,0.0,0.0,0.05555555555555555,5,6,0,0,0,0,0,1,0.0,0.0,0.0002099990738032116,124000.0
10671830,1,0.0,1.0,0.0,0.0,0.0,0.0,1.0,0.0,0.0,0.0,0.0,0.0,0.0,0.0,0.0,0.0,0.0,1.0,0.11734693877551022,0.09090909090909091,0.09090909090909091,0.0,0.0,1,0,0,0,0,0,0,1,0.0,0.0,0.0009133584170654968,445000.0
10671829,1,0.0,1.0,0.0,1.0,0.0,0.0,0.0,0.0,0.0,0.0,0.0,0.0,0.0,0.0,0.0,0.0,0.0,1.0,0.05612244897959184,0.09090909090909091,0.09090909090909091,0.0,0.05555555555555555,3,6,0,0,0,0,0,1,0.0,0.0,0.0006327483009791093,115000.0
10671839,1,0.0,0.0,1.0,0.0,0.0,0.0,0.0,1.0,0.0,0.0,0.0,0.0,0.0,0.0,0.0,0.0,1.0,0.0,0.20408163265306126,0.2727272727272727,0.18181818181818182,0.14285714285714285,0.0,3,3,0,0,0,0,0,1,0.0,0.0,0.0013168500872550737,520000.0
10671834,0,0.0,1.0,0.0,0.0,0.0,0.0,1.0,0.0,0.0,0.0,0.0,0.0,0.0,0.0,0.0,0.0,1.0,0.0,0.06632653061224492,0.1818181818181818,0.09090909090909091,0.0,0.05555555555555555,5,3,1,0,0,0,0,1,0.0,0.0,0.0,200000.0
10671833,1,0.0,1.0,0.0,1.0,0.0,0.0,0.0,0.0,0.0,0.0,0.0,0.0,0.0,0.0,0.0,0.0,0.0,1.0,0.1795918367346939,0.1818181818181818,0.09090909090909091,0.0,0.1111111111111111,3,5,0,0,0,0,1,0,0.547,0.0,0.0006813507067064901,339000.0
10671840,0,0.0,1.0,0.0,0.0,0.0,0.0,1.0,0.0,0.0,0.0,0.0,0.0,0.0,0.0,0.0,0.0,0.0,1.0,0.0816326530612245,0.09090909090909091,0.09090909090909091,0.07142857142857142,0.0,1,0,1,0,0,0,1,1,0.01,0.3,0.0,342570.0
10671842,0,0.0,1.0,0.0,0.0,0.0,0.0,1.0,0.0,0.0,0.0,0.0,0.0,0.0,0.0,0.0,0.0,0.0,1.0,0.12448979591836737,0.1818181818181818,0.09090909090909091,0.07142857142857142,0.05555555555555555,1,1,1,0,0,0,0,1,0.0,0.75,0.0,490000.0
10671841,0,0.0,1.0,0.0,0.0,0.0,0.0,1.0,0.0,0.0,0.0,0.0,0.0,0.0,0.0,0.0,0.0,0.0,1.0,0.13469387755102044,0.1818181818181818,0.18181818181818182,0.07142857142857142,0.1111111111111111,1,1,1,0,0,0,1,1,0.023,0.18,0.0,470000.0
10671848,1,0.0,1.0,0.0,0.0,0.0,0.0,1.0,0.0,0.0,0.0,0.0,0.0,0.0,0.0,0.0,1.0,0.0,0.0,0.1816326530612245,0.1818181818181818,0.09090909090909091,0.07142857142857142,0.1111111111111111,1,0,0,0,0,0,1,1,0.231,0.16,0.0004089938293285257,539500.0
10671855,1,0.0,1.0,0.0,1.0,0.0,0.0,0.0,0.0,0.0,0.0,0.0,0.0,0.0,0.0,0.0,0.0,0.0,1.0,0.1969387755102041,0.1818181818181818,0.09090909090909091,0.07142857142857142,0.1111111111111111,3,3,0,1,0,0,1,1,0.145,0.2,0.00020174583509478846,374900.0
10671852,1,0.0,0.0,1.0,0.0,0.0,0.0,0.0,0.0,0.0,0.0,0.0,1.0,0.0,0.0,1.0,0.0,0.0,0.0,0.19387755102040818,0.36363636363636365,0.09090909090909091,0.0,0.16666666666666666,3,3,0,0,1,0,1,1,0.275,0.36,0.000609822637900156,499500.0
10671850,1,0.0,1.0,0.0,0.0,0.0,0.0,1.0,0.0,0.0,0.0,0.0,0.0,0.0,0.0,0.0,1.0,0.0,0.0,0.17755102040816328,0.1818181818181818,0.09090909090909091,0.07142857142857142,0.1111111111111111,1,0,0,0,0,0,1,1,0.241,0.13,0.00041174490889800007,544500.0
10671851,1,0.0,1.0,0.0,1.0,0.0,0.0,0.0,0.0,0.0,0.0,0.0,0.0,0.0,0.0,0.0,0.0,0.0,1.0,0.09387755102040818,0.1818181818181818,0.18181818181818182,0.0,0.1111111111111111,1,3,0,0,0,0,1,0,0.31,0.0,0.0005236221447232919,619000.0
10671857,1,0.0,0.0,1.0,0.0,0.0,0.0,0.0,1.0,0.0,0.0,0.0,0.0,0.0,0.0,0.0,0.0,0.0,1.0,0.10204081632653061,0.1818181818181818,0.09090909090909091,0.0,0.05555555555555555,3,7,0,0,0,0,1,1,0.0,0.0,0.0023292473688216486,250000.0
10671849,1,0.0,1.0,0.0,0.0,0.0,0.0,1.0,0.0,0.0,0.0,0.0,0.0,0.0,0.0,0.0,1.0,0.0,0.0,0.1806122448979592,0.1818181818181818,0.09090909090909091,0.07142857142857142,0.1111111111111111,1,0,0,0,0,0,1,1,0.449,0.29,0.0006199099296548955,569500.0
10671859,1,0.0,1.0,0.0,1.0,0.0,0.0,0.0,0.0,0.0,0.0,0.0,0.0,0.0,0.0,0.0,1.0,0.0,0.0,0.23265306122448984,0.2727272727272727,0.09090909090909091,0.0,0.0,3,2,0,0,0,0,0,1,0.0,0.14,4.860240572738086e-05,375000.0
10671860,0,0.0,1.0,0.0,1.0,0.0,0.0,0.0,0.0,0.0,0.0,0.0,0.0,0.0,0.0,0.0,0.0,1.0,0.0,0.08571428571428572,0.09090909090909091,0.09090909090909091,0.0,0.05555555555555555,3,3,0,0,0,0,0,1,0.0,0.0,0.0,275000.0
10671869,1,0.0,0.0,1.0,0.0,0.0,0.0,0.0,0.0,0.0,0.0,0.0,0.0,1.0,0.0,0.0,0.0,0.0,1.0,0.3112244897959184,0.1818181818181818,0.18181818181818182,0.07142857142857142,0.0,1,0,0,0,0,0,0,1,0.0,0.0,0.0006850188127991226,737742.0
10671877,1,0.0,1.0,0.0,1.0,0.0,0.0,0.0,0.0,0.0,0.0,0.0,0.0,0.0,0.0,0.0,0.0,0.0,1.0,0.2989795918367347,0.36363636363636365,0.09090909090909091,0.0,0.1111111111111111,1,5,0,0,0,0,0,1,0.0,0.0,0.0009381181331907663,519000.0
10671870,1,0.0,0.0,1.0,0.0,0.0,0.0,0.0,0.0,0.0,0.0,0.0,0.0,1.0,0.0,0.0,0.0,0.0,1.0,0.22448979591836737,0.1818181818181818,0.18181818181818182,0.07142857142857142,0.0,1,0,0,0,0,0,0,1,0.0,0.0,0.0006987742106464946,697750.0
10671880,1,0.0,1.0,0.0,1.0,0.0,0.0,0.0,0.0,0.0,0.0,0.0,0.0,0.0,0.0,0.0,0.0,0.0,1.0,0.1959183673469388,0.36363636363636365,0.09090909090909091,0.0,0.1111111111111111,0,4,0,0,0,0,0,1,0.0,0.0,0.0006208269561780536,375000.0
10671878,1,0.0,1.0,0.0,0.0,0.0,0.0,1.0,0.0,0.0,0.0,0.0,0.0,0.0,0.0,0.0,0.0,0.0,1.0,0.1928571428571429,0.2727272727272727,0.18181818181818182,0.0,0.1111111111111111,3,3,0,0,0,0,0,1,0.0,0.0,0.0004410897576390602,370000.0
10671882,0,1.0,0.0,0.0,0.0,1.0,0.0,0.0,0.0,0.0,0.0,0.0,0.0,0.0,0.0,0.0,0.0,0.0,1.0,0.07142857142857142,0.09090909090909091,0.09090909090909091,0.07142857142857142,0.05555555555555555,2,0,1,0,0,0,0,1,0.0,0.14,0.0,350000.0
10671874,0,1.0,0.0,0.0,0.0,1.0,0.0,0.0,0.0,0.0,0.0,0.0,0.0,0.0,0.0,0.0,0.0,0.0,1.0,0.163265306122449,0.09090909090909091,0.18181818181818182,0.14285714285714285,0.1111111111111111,2,4,0,0,0,0,0,1,0.0,0.4,0.0,560000.0
10671881,0,1.0,0.0,0.0,0.0,1.0,0.0,0.0,0.0,0.0,0.0,0.0,0.0,0.0,0.0,0.0,1.0,0.0,0.0,0.11020408163265308,0.1818181818181818,0.09090909090909091,0.07142857142857142,0.1111111111111111,2,0,0,0,0,0,0,0,0.0,0.0,0.0,405000.0
10671883,1,0.0,1.0,0.0,1.0,0.0,0.0,0.0,0.0,0.0,0.0,0.0,0.0,0.0,0.0,0.0,0.0,0.0,1.0,0.1438775510204082,0.1818181818181818,0.09090909090909091,0.07142857142857142,0.1111111111111111,3,4,0,0,0,0,0,1,0.0,0.0,0.0002246714981737417,295000.0
10671884,0,0.0,0.0,1.0,0.0,0.0,0.0,0.0,0.0,0.0,0.0,0.0,1.0,0.0,0.0,0.0,0.0,0.0,1.0,0.06836734693877553,0.1818181818181818,0.09090909090909091,0.0,0.05555555555555555,5,6,0,0,0,0,0,0,0.0,0.0,0.0,89000.0
10671886,1,0.0,0.0,1.0,0.0,0.0,0.0,0.0,0.0,0.0,0.0,1.0,0.0,0.0,0.0,0.0,0.0,1.0,0.0,0.2857142857142857,0.6363636363636364,0.36363636363636365,0.0,0.3333333333333333,3,4,0,0,0,0,1,1,0.36,0.12,0.000807900366902312,599000.0
10671891,1,0.0,1.0,0.0,0.0,0.0,1.0,0.0,0.0,0.0,0.0,0.0,0.0,0.0,0.0,0.0,1.0,0.0,0.0,0.21734693877551023,0.1818181818181818,0.09090909090909091,0.0,0.1111111111111111,1,3,0,0,0,0,0,1,0.0,0.0,0.0008766773561391716,675000.0
10671894,0,0.0,1.0,0.0,1.0,0.0,0.0,0.0,0.0,0.0,0.0,0.0,0.0,0.0,0.0,0.0,0.0,1.0,0.0,0.03571428571428572,0.0,0.09090909090909091,0.0,0.05555555555555555,3,3,1,0,0,0,0,1,0.0,0.11,0.0,184000.0
10671889,0,0.0,0.0,1.0,0.0,0.0,0.0,0.0,0.0,0.0,0.0,1.0,0.0,0.0,0.0,0.0,0.0,0.0,1.0,0.08469387755102042,0.1818181818181818,0.09090909090909091,0.0,0.05555555555555555,0,1,1,0,0,0,0,1,0.0,0.37,0.0,278885.0
10671899,0,0.0,1.0,0.0,0.0,0.0,1.0,0.0,0.0,0.0,0.0,0.0,0.0,0.0,0.0,0.0,0.0,1.0,0.0,0.19387755102040818,0.09090909090909091,0.09090909090909091,0.0,0.1111111111111111,0,2,1,0,0,0,0,0,0.0,0.0,0.0,535000.0
10671901,1,0.0,0.0,1.0,0.0,0.0,0.0,0.0,0.0,0.0,0.0,1.0,0.0,0.0,0.0,0.0,0.0,0.0,1.0,0.11224489795918369,0.1818181818181818,0.09090909090909091,0.0,0.0,4,7,0,0,0,0,0,1,0.0,0.0,0.0,259000.0
10671902,0,0.0,1.0,0.0,0.0,0.0,0.0,0.0,0.0,0.0,0.0,0.0,0.0,0.0,1.0,0.0,0.0,1.0,0.0,0.05816326530612246,0.09090909090909091,0.09090909090909091,0.0,0.0,5,4,1,0,0,0,0,1,0.0,0.05,0.0,525000.0
10671903,1,0.0,0.0,1.0,0.0,0.0,0.0,0.0,0.0,0.0,0.0,0.0,1.0,0.0,0.0,0.0,0.0,0.0,1.0,0.1326530612244898,0.1818181818181818,0.09090909090909091,0.0,0.05555555555555555,2,6,0,1,0,0,1,1,1.0,1.0,0.0012654966019582186,395000.0
10671906,1,0.0,1.0,0.0,0.0,0.0,0.0,1.0,0.0,0.0,0.0,0.0,0.0,0.0,0.0,0.0,0.0,0.0,1.0,0.06122448979591837,0.09090909090909091,0.0,0.0,0.0,5,0,0,0,0,0,0,0,0.0,0.0,0.0009170265231581294,110000.0
10671907,1,1.0,0.0,0.0,0.0,1.0,0.0,0.0,0.0,0.0,0.0,0.0,0.0,0.0,0.0,0.0,1.0,0.0,0.0,0.32142857142857145,0.2727272727272727,0.18181818181818182,0.0,0.16666666666666666,4,7,0,1,0,0,1,1,0.0,0.2,0.00024851418777585305,1190000.0
10671908,0,0.0,1.0,0.0,0.0,0.0,0.0,1.0,0.0,0.0,0.0,0.0,0.0,0.0,0.0,0.0,0.0,0.0,1.0,0.07142857142857142,0.09090909090909091,0.09090909090909091,0.0,0.0,3,2,0,0,0,0,0,1,0.0,0.0,0.0,335000.0
10671905,0,1.0,0.0,0.0,0.0,1.0,0.0,0.0,0.0,0.0,0.0,0.0,0.0,0.0,0.0,0.0,1.0,0.0,0.0,0.07448979591836735,0.09090909090909091,0.09090909090909091,0.0,0.05555555555555555,0,5,1,0,0,0,0,1,0.0,0.04,0.0,385000.0
10671912,0,0.0,1.0,0.0,1.0,0.0,0.0,0.0,0.0,0.0,0.0,0.0,0.0,0.0,0.0,0.0,0.0,0.0,1.0,0.0816326530612245,0.1818181818181818,0.09090909090909091,0.0,0.05555555555555555,0,1,1,1,0,0,1,1,0.06,0.5,0.0,365000.0
10671913,0,0.0,1.0,0.0,1.0,0.0,0.0,0.0,0.0,0.0,0.0,0.0,0.0,0.0,0.0,0.0,1.0,0.0,0.0,0.09183673469387757,0.09090909090909091,0.09090909090909091,0.0,0.05555555555555555,0,4,1,1,0,0,0,1,0.0,0.03,0.0,255000.0
10671914,1,0.0,1.0,0.0,1.0,0.0,0.0,0.0,0.0,0.0,0.0,0.0,0.0,0.0,0.0,0.0,0.0,0.0,1.0,0.11734693877551022,0.1818181818181818,0.09090909090909091,0.0,0.1111111111111111,0,2,0,1,0,0,0,1,0.0,0.3,0.0,349000.0
10671921,1,0.0,0.0,1.0,0.0,0.0,0.0,0.0,1.0,0.0,0.0,0.0,0.0,0.0,0.0,0.0,0.0,0.0,1.0,0.22959183673469388,0.4545454545454545,0.18181818181818182,0.14285714285714285,0.0,3,3,0,0,0,0,1,1,0.52,0.0,0.0007455425633275592,349000.0
10671930,1,0.0,1.0,0.0,0.0,0.0,0.0,0.0,0.0,0.0,0.0,0.0,0.0,0.0,1.0,0.0,0.0,0.0,1.0,0.12448979591836737,0.36363636363636365,0.09090909090909091,0.0,0.1111111111111111,3,4,0,0,0,0,1,0,0.183,0.0,0.0002494312142990112,219000.0
10671928,1,0.0,1.0,0.0,0.0,0.0,0.0,0.0,0.0,0.0,0.0,0.0,0.0,0.0,1.0,0.0,0.0,1.0,0.0,0.12448979591836737,0.1818181818181818,0.0,0.0,0.05555555555555555,3,6,0,0,0,0,0,0,0.0,0.0,0.0002677717447621738,189000.0
10671931,0,0.0,1.0,0.0,0.0,0.0,1.0,0.0,0.0,0.0,0.0,0.0,0.0,0.0,0.0,1.0,0.0,0.0,0.0,0.07857142857142857,0.09090909090909091,0.09090909090909091,0.07142857142857142,0.05555555555555555,3,1,1,0,0,0,0,1,0.0,0.11,0.0,359000.0
10671933,1,0.0,1.0,0.0,0.0,0.0,0.0,0.0,0.0,0.0,0.0,0.0,0.0,0.0,1.0,0.0,0.0,0.0,1.0,0.2448979591836735,0.1818181818181818,0.09090909090909091,0.0,0.0,3,6,1,0,0,0,0,0,0.0,0.0,0.0005364605160475056,385000.0
10671937,1,0.0,0.0,1.0,0.0,0.0,0.0,0.0,0.0,0.0,0.0,1.0,0.0,0.0,0.0,0.0,0.0,0.0,1.0,0.14285714285714288,0.1818181818181818,0.09090909090909091,0.0,0.0,1,0,0,0,0,0,0,0,0.0,0.0,0.0007336212185265035,279500.0
10671932,1,0.0,0.0,1.0,0.0,0.0,0.0,0.0,0.0,0.0,1.0,0.0,0.0,0.0,0.0,0.0,0.0,1.0,0.0,0.22142857142857145,0.2727272727272727,0.18181818181818182,0.0,0.16666666666666666,0,6,0,1,0,0,1,1,0.6,0.3,0.000687769892368597,299000.0
10671936,0,0.0,0.0,1.0,0.0,0.0,0.0,0.0,0.0,0.0,0.0,0.0,0.0,1.0,0.0,0.0,0.0,0.0,1.0,0.06938775510204082,0.1818181818181818,0.09090909090909091,0.0,0.05555555555555555,0,3,0,1,0,0,0,0,0.0,0.0,0.0,325000.0
10671946,1,1.0,0.0,0.0,0.0,1.0,0.0,0.0,0.0,0.0,0.0,0.0,0.0,0.0,0.0,0.0,0.0,0.0,1.0,0.32142857142857145,0.4545454545454545,0.18181818181818182,0.07142857142857142,0.2222222222222222,5,7,0,0,0,0,0,1,0.0,0.24,0.00010178994407055236,1195000.0
10671941,1,1.0,0.0,0.0,0.0,1.0,0.0,0.0,0.0,0.0,0.0,0.0,0.0,0.0,0.0,0.0,1.0,0.0,0.0,0.18775510204081636,0.2727272727272727,0.36363636363636365,0.2857142857142857,0.2222222222222222,4,5,0,0,0,0,0,0,0.0,0.0,0.0,650000.0
10671950,1,0.0,1.0,0.0,0.0,0.0,0.0,0.0,0.0,0.0,0.0,0.0,0.0,0.0,1.0,0.0,0.0,0.0,1.0,0.2938775510204082,0.36363636363636365,0.0,0.0,0.1111111111111111,3,3,0,0,0,0,1,1,0.0,0.09,0.001594709123771987,595000.0
10671953,1,0.0,1.0,0.0,0.0,0.0,1.0,0.0,0.0,0.0,0.0,0.0,0.0,0.0,0.0,1.0,0.0,0.0,0.0,0.06428571428571428,0.09090909090909091,0.09090909090909091,0.0,0.0,3,4,0,0,0,0,0,1,0.0,0.1,3.668106092632517e-05,285000.0
10671951,1,0.0,1.0,0.0,0.0,0.0,0.0,0.0,0.0,0.0,0.0,0.0,0.0,0.0,1.0,0.0,0.0,0.0,1.0,0.23673469387755106,0.2727272727272727,0.18181818181818182,0.0,0.05555555555555555,4,6,0,0,0,0,1,0,0.906,0.0,0.0008308260299812652,599000.0
10671957,1,0.0,0.0,1.0,0.0,0.0,0.0,0.0,0.0,0.0,0.0,0.0,0.0,1.0,0.0,0.0,0.0,0.0,1.0,0.1,0.09090909090909091,0.09090909090909091,0.0,0.0,0,0,0,0,0,0,0,0,0.0,0.0,0.00184322331154784,375000.0
10672010,1,0.0,0.0,1.0,0.0,0.0,0.0,0.0,0.0,0.0,0.0,0.0,0.0,1.0,0.0,0.0,0.0,0.0,1.0,0.06122448979591837,0.09090909090909091,0.09090909090909091,0.0,0.1111111111111111,3,6,0,1,0,0,1,1,0.384,0.3,0.00045301110244011587,390000.0
10672014,1,0.0,0.0,1.0,0.0,0.0,0.0,0.0,0.0,0.0,1.0,0.0,0.0,0.0,0.0,0.0,1.0,0.0,0.0,0.13469387755102044,0.1818181818181818,0.0,0.07142857142857142,0.05555555555555555,5,4,0,0,0,0,1,1,0.075,0.2,0.0001375539784737194,159000.0
10672011,0,0.0,1.0,0.0,0.0,0.0,0.0,0.0,0.0,0.0,0.0,0.0,0.0,0.0,1.0,0.0,0.0,0.0,1.0,0.0816326530612245,0.1818181818181818,0.09090909090909091,0.0,0.0,3,2,0,0,0,0,0,1,0.0,0.0,0.0,162000.0
10671954,1,0.0,1.0,0.0,0.0,0.0,1.0,0.0,0.0,0.0,0.0,0.0,0.0,0.0,0.0,0.0,0.0,0.0,1.0,0.16938775510204085,0.2727272727272727,0.09090909090909091,0.0,0.05555555555555555,5,6,0,0,0,0,0,0,0.0,0.0,0.0008262408973654746,325000.0
10671956,1,0.0,0.0,1.0,0.0,0.0,0.0,0.0,0.0,0.0,1.0,0.0,0.0,0.0,0.0,0.0,0.0,0.0,1.0,0.14081632653061227,0.1818181818181818,0.09090909090909091,0.0,0.05555555555555555,3,5,0,0,0,0,1,1,0.16,0.13,0.0002751079569474388,245000.0
10672020,1,0.0,1.0,0.0,0.0,0.0,1.0,0.0,0.0,0.0,0.0,0.0,0.0,0.0,0.0,0.0,0.0,0.0,1.0,0.3918367346938776,0.36363636363636365,0.0,0.07142857142857142,0.38888888888888884,1,1,0,0,1,0,1,1,0.0,0.0,0.0010371569976918443,925000.0
10672019,1,0.0,1.0,0.0,0.0,0.0,1.0,0.0,0.0,0.0,0.0,0.0,0.0,0.0,0.0,0.0,0.0,0.0,1.0,0.19387755102040818,0.1818181818181818,0.09090909090909091,0.0,0.1111111111111111,1,0,0,0,0,0,0,1,0.0,0.16,9.903886450107797e-05,330000.0
10672015,1,0.0,0.0,1.0,0.0,0.0,0.0,0.0,0.0,0.0,1.0,0.0,0.0,0.0,0.0,0.0,0.0,1.0,0.0,0.030612244897959183,0.0,0.0,0.0,0.05555555555555555,0,6,0,0,0,0,0,0,0.0,0.0,3.301295483369266e-05,99000.0
10672017,0,0.0,0.0,1.0,0.0,0.0,0.0,0.0,0.0,0.0,1.0,0.0,0.0,0.0,0.0,0.0,1.0,0.0,0.0,0.0163265306122449,0.0,0.09090909090909091,0.07142857142857142,0.0,3,2,1,0,0,0,0,0,0.0,0.0,0.0,119000.0
10672021,1,0.0,1.0,0.0,0.0,0.0,0.0,0.0,0.0,0.0,0.0,0.0,0.0,0.0,1.0,0.0,0.0,0.0,1.0,0.1469387755102041,0.2727272727272727,0.09090909090909091,0.0,0.0,4,6,0,0,0,0,0,0,0.0,0.0,0.0007382063511422941,325000.0
10672025,1,0.0,0.0,1.0,0.0,0.0,0.0,0.0,0.0,0.0,1.0,0.0,0.0,0.0,0.0,0.0,0.0,0.0,1.0,0.10816326530612247,0.09090909090909091,0.09090909090909091,0.0,0.1111111111111111,4,4,0,0,0,0,1,1,0.153,0.25,0.00023842689602111364,205000.0
10672022,1,0.0,1.0,0.0,1.0,0.0,0.0,0.0,0.0,0.0,0.0,0.0,0.0,0.0,0.0,0.0,0.0,1.0,0.0,0.1489795918367347,0.2727272727272727,0.09090909090909091,0.0,0.05555555555555555,3,0,0,1,0,0,1,1,0.018000000000000002,0.18,8.253238708423164e-05,490000.0
10672023,0,1.0,0.0,0.0,0.0,1.0,0.0,0.0,0.0,0.0,0.0,0.0,0.0,0.0,0.0,0.0,1.0,0.0,0.0,0.07346938775510206,0.09090909090909091,0.0,0.07142857142857142,0.05555555555555555,0,4,0,0,0,0,0,1,0.0,0.07,0.0,259000.0
10672033,0,0.0,1.0,0.0,0.0,0.0,1.0,0.0,0.0,0.0,0.0,0.0,0.0,0.0,0.0,0.0,0.0,1.0,0.0,0.06326530612244899,0.09090909090909091,0.0,0.07142857142857142,0.05555555555555555,3,4,1,0,0,0,0,1,0.0,0.03,0.0,175000.0
10672038,1,0.0,1.0,0.0,0.0,0.0,0.0,1.0,0.0,0.0,0.0,0.0,0.0,0.0,0.0,0.0,0.0,0.0,1.0,0.1306122448979592,0.09090909090909091,0.09090909090909091,0.0,0.1111111111111111,1,5,0,0,0,0,1,1,0.156,0.18,0.00022558852469689982,359000.0
10672028,1,0.0,1.0,0.0,0.0,0.0,0.0,0.0,0.0,1.0,0.0,0.0,0.0,0.0,0.0,0.0,0.0,0.0,1.0,0.5193877551020408,0.6363636363636364,0.36363636363636365,0.2857142857142857,0.2777777777777778,2,2,0,1,0,0,1,1,0.0,0.0,2.475971612526949e-05,1190000.0
10672035,0,0.0,0.0,1.0,0.0,0.0,0.0,0.0,0.0,0.0,0.0,0.0,0.0,1.0,0.0,0.0,0.0,1.0,0.0,0.04795918367346939,0.09090909090909091,0.09090909090909091,0.0,0.05555555555555555,1,3,0,0,0,0,0,1,0.0,0.02,0.0,200000.0
10672044,0,1.0,0.0,0.0,0.0,1.0,0.0,0.0,0.0,0.0,0.0,0.0,0.0,0.0,0.0,0.0,0.0,1.0,0.0,0.07346938775510206,0.09090909090909091,0.09090909090909091,0.0,0.0,1,5,1,0,0,0,0,1,0.0,0.03,0.0,325000.0
10672054,1,0.0,1.0,0.0,0.0,0.0,0.0,1.0,0.0,0.0,0.0,0.0,0.0,0.0,0.0,0.0,0.0,0.0,1.0,0.14183673469387756,0.2727272727272727,0.09090909090909091,0.0,0.0,2,3,0,0,0,0,0,0,0.0,0.0,0.0003594743970779867,349000.0
10672058,0,0.0,0.0,1.0,0.0,0.0,0.0,0.0,0.0,0.0,0.0,1.0,0.0,0.0,0.0,0.0,0.0,1.0,0.0,0.051020408163265314,0.09090909090909091,0.09090909090909091,0.0,0.0,3,2,1,0,0,0,0,1,0.0,0.09,0.0,199000.0
10672061,0,0.0,1.0,0.0,0.0,0.0,0.0,0.0,0.0,0.0,0.0,0.0,0.0,0.0,1.0,0.0,0.0,0.0,1.0,0.05306122448979592,0.0,0.09090909090909091,0.0,0.05555555555555555,1,2,1,0,0,0,0,1,0.0,0.64,0.0,1100000.0
10672062,1,0.0,1.0,0.0,0.0,0.0,0.0,0.0,0.0,0.0,0.0,0.0,0.0,0.0,1.0,0.0,0.0,1.0,0.0,0.1163265306122449,0.09090909090909091,0.18181818181818182,0.0,0.1111111111111111,3,4,0,0,0,0,0,1,0.0,0.04,8.528346665370602e-05,310000.0
10672066,0,0.0,1.0,0.0,0.0,0.0,0.0,1.0,0.0,0.0,0.0,0.0,0.0,0.0,0.0,1.0,0.0,0.0,0.0,0.0673469387755102,0.09090909090909091,0.09090909090909091,0.0,0.05555555555555555,3,3,1,0,0,0,0,1,0.0,0.07,0.0,369900.0
10672072,0,0.0,1.0,0.0,1.0,0.0,0.0,0.0,0.0,0.0,0.0,0.0,0.0,0.0,0.0,0.0,0.0,1.0,0.0,0.09591836734693879,0.1818181818181818,0.09090909090909091,0.0,0.05555555555555555,3,5,0,1,0,0,0,1,0.0,0.21,0.0,215000.0
10672073,1,0.0,1.0,0.0,0.0,0.0,0.0,0.0,0.0,0.0,0.0,0.0,0.0,0.0,1.0,0.0,0.0,1.0,0.0,0.22448979591836737,0.1818181818181818,0.09090909090909091,0.0,0.1111111111111111,5,3,0,0,0,0,1,1,0.12,1.0,0.00016964990678425393,235000.0
10672074,1,0.0,1.0,0.0,0.0,0.0,0.0,0.0,0.0,0.0,0.0,0.0,0.0,0.0,1.0,0.0,0.0,0.0,1.0,0.12653061224489798,0.1818181818181818,0.09090909090909091,0.0,0.05555555555555555,3,5,0,0,0,0,0,1,0.0,0.0,0.00010545805016318488,475000.0
10672068,0,0.0,1.0,0.0,0.0,0.0,0.0,0.0,0.0,0.0,0.0,0.0,0.0,0.0,1.0,0.0,0.0,0.0,1.0,0.0653061224489796,0.09090909090909091,0.09090909090909091,0.0,0.05555555555555555,0,0,1,1,0,0,0,1,0.0,0.07,0.0,369000.0
10672075,0,0.0,1.0,0.0,0.0,0.0,0.0,0.0,0.0,0.0,0.0,0.0,0.0,0.0,1.0,0.0,0.0,0.0,1.0,0.09489795918367347,0.1818181818181818,0.09090909090909091,0.0,0.05555555555555555,3,2,0,0,0,0,0,1,0.0,0.0,0.0,575000.0
10672081,1,0.0,1.0,0.0,0.0,0.0,1.0,0.0,0.0,0.0,0.0,0.0,0.0,0.0,0.0,1.0,0.0,0.0,0.0,0.11020408163265308,0.1818181818181818,0.09090909090909091,0.0,0.1111111111111111,3,3,0,0,0,0,0,1,0.0,0.0,0.0,448000.0
10672082,1,0.0,1.0,0.0,0.0,0.0,1.0,0.0,0.0,0.0,0.0,0.0,0.0,0.0,0.0,0.0,0.0,0.0,1.0,0.28979591836734697,0.1818181818181818,0.18181818181818182,0.0,0.1111111111111111,3,2,0,0,0,1,0,1,0.0,0.0,0.001594709123771987,2875000.0
10672083,0,0.0,1.0,0.0,0.0,0.0,0.0,0.0,0.0,0.0,0.0,0.0,0.0,0.0,1.0,0.0,0.0,0.0,1.0,0.07959183673469389,0.1818181818181818,0.09090909090909091,0.0,0.05555555555555555,3,3,1,0,0,0,0,1,0.0,0.3,0.0,549000.0
10672087,1,0.0,0.0,1.0,0.0,0.0,0.0,0.0,0.0,0.0,1.0,0.0,0.0,0.0,0.0,1.0,0.0,0.0,0.0,0.21938775510204084,0.1818181818181818,0.2727272727272727,0.21428571428571427,0.16666666666666666,2,3,0,0,0,0,1,1,0.18,0.3,0.0,450000.0
10672092,1,0.0,0.0,1.0,0.0,0.0,0.0,0.0,1.0,0.0,0.0,0.0,0.0,0.0,0.0,1.0,0.0,0.0,0.0,0.10204081632653061,0.1818181818181818,0.09090909090909091,0.0,0.05555555555555555,3,0,0,1,0,0,1,1,0.5,0.3,0.0004585132615790647,275000.0
10672095,1,0.0,1.0,0.0,1.0,0.0,0.0,0.0,0.0,0.0,0.0,0.0,0.0,0.0,0.0,0.0,1.0,0.0,0.0,0.09387755102040818,0.09090909090909091,0.09090909090909091,0.0,0.1111111111111111,4,6,0,0,0,0,0,1,0.0,0.1,4.126619354211582e-05,245000.0
10672093,1,0.0,0.0,1.0,0.0,0.0,0.0,0.0,1.0,0.0,0.0,0.0,0.0,0.0,0.0,0.0,1.0,0.0,0.0,0.10204081632653061,0.1818181818181818,0.09090909090909091,0.0,0.05555555555555555,3,0,0,1,0,0,1,1,0.5,0.3,0.0004585132615790647,275000.0
10672096,0,0.0,1.0,0.0,1.0,0.0,0.0,0.0,0.0,0.0,0.0,0.0,0.0,0.0,0.0,0.0,0.0,0.0,1.0,0.10714285714285715,0.1818181818181818,0.18181818181818182,0.07142857142857142,0.1111111111111111,3,2,1,1,0,0,0,0,0.0,0.0,0.0,299500.0
10672098,0,0.0,0.0,1.0,0.0,0.0,0.0,0.0,0.0,0.0,1.0,0.0,0.0,0.0,0.0,1.0,0.0,0.0,0.0,0.12653061224489798,0.1818181818181818,0.09090909090909091,0.07142857142857142,0.1111111111111111,3,2,1,1,0,0,0,1,0.0,0.18,0.0,420000.0
10672097,1,0.0,0.0,1.0,0.0,0.0,0.0,0.0,1.0,0.0,0.0,0.0,0.0,0.0,0.0,0.0,0.0,0.0,1.0,0.15816326530612246,0.1818181818181818,0.09090909090909091,0.0,0.05555555555555555,5,7,0,1,0,0,0,0,0.0,0.0,0.0,219000.0
10672103,1,0.0,1.0,0.0,0.0,0.0,0.0,1.0,0.0,0.0,0.0,0.0,0.0,0.0,0.0,0.0,0.0,1.0,0.0,0.29285714285714287,0.5454545454545454,0.0,0.0,0.0,0,3,0,1,0,0,0,0,0.0,0.0,0.0009665459554086683,475000.0
10672104,0,1.0,0.0,0.0,0.0,1.0,0.0,0.0,0.0,0.0,0.0,0.0,0.0,0.0,0.0,0.0,1.0,0.0,0.0,0.051020408163265314,0.09090909090909091,0.09090909090909091,0.0,0.05555555555555555,3,3,1,0,0,0,0,1,0.0,0.09,0.0,315000.0
10672106,1,0.0,1.0,0.0,0.0,0.0,0.0,0.0,0.0,0.0,0.0,0.0,0.0,0.0,1.0,0.0,0.0,1.0,0.0,0.1928571428571429,0.2727272727272727,0.09090909090909091,0.0,0.1111111111111111,4,4,0,1,0,0,0,1,0.0,0.0,0.0006189929031317373,375000.0
10672110,0,0.0,0.0,1.0,0.0,0.0,0.0,0.0,0.0,0.0,1.0,0.0,0.0,0.0,0.0,0.0,0.0,0.0,1.0,0.06836734693877553,0.09090909090909091,0.0,0.07142857142857142,0.05555555555555555,3,2,1,1,0,0,0,0,0.0,0.0,0.0,229500.0
10672117,1,0.0,0.0,1.0,0.0,0.0,0.0,0.0,0.0,0.0,0.0,0.0,0.0,1.0,0.0,0.0,0.0,0.0,1.0,0.20408163265306126,0.2727272727272727,0.09090909090909091,0.0,0.1111111111111111,1,3,0,1,0,0,1,1,0.115,0.25,0.00026043553257690873,450000.0
10672119,1,0.0,1.0,0.0,0.0,0.0,0.0,0.0,0.0,0.0,0.0,0.0,0.0,0.0,1.0,1.0,0.0,0.0,0.0,0.27040816326530615,0.2727272727272727,0.09090909090909091,0.0,0.0,3,3,0,1,0,0,0,0,0.0,0.0,0.00011462831539476617,475000.0
10672112,1,0.0,0.0,1.0,0.0,0.0,0.0,0.0,0.0,0.0,0.0,0.0,0.0,1.0,0.0,0.0,0.0,0.0,1.0,0.14285714285714288,0.1818181818181818,0.09090909090909091,0.0,0.1111111111111111,3,5,0,0,0,0,1,1,0.005,0.0,0.0004585132615790647,480000.0
10672124,1,0.0,0.0,1.0,0.0,0.0,0.0,0.0,0.0,0.0,1.0,0.0,0.0,0.0,0.0,0.0,0.0,0.0,1.0,0.039795918367346944,0.09090909090909091,0.09090909090909091,0.0,0.0,4,7,0,0,0,0,0,1,0.0,0.0,0.00021458420641900226,120000.0
10672126,0,0.0,1.0,0.0,1.0,0.0,0.0,0.0,0.0,0.0,0.0,0.0,0.0,0.0,0.0,0.0,0.0,0.0,1.0,0.11734693877551022,0.09090909090909091,0.09090909090909091,0.0,0.05555555555555555,1,1,1,0,0,0,1,1,0.05,0.25,0.0,335000.0
10672130,1,0.0,1.0,0.0,0.0,0.0,0.0,1.0,0.0,0.0,0.0,0.0,0.0,0.0,0.0,0.0,0.0,0.0,1.0,0.3377551020408163,0.1818181818181818,0.0,0.0,0.0,0,0,0,1,0,0,0,0,0.0,0.0,0.0004786878450885435,419830.0
10672136,1,0.0,1.0,0.0,1.0,0.0,0.0,0.0,0.0,0.0,0.0,0.0,0.0,0.0,0.0,0.0,0.0,0.0,1.0,0.213265306122449,0.1818181818181818,0.09090909090909091,0.0,0.1111111111111111,0,3,0,0,0,0,1,1,0.03,0.12,0.000233841763405323,335000.0
10672131,1,0.0,0.0,1.0,0.0,0.0,0.0,0.0,0.0,0.0,1.0,0.0,0.0,0.0,0.0,0.0,1.0,0.0,0.0,0.09183673469387757,0.1818181818181818,0.09090909090909091,0.0,0.05555555555555555,1,4,0,1,0,0,0,0,0.0,0.0,0.00011004318277897552,175000.0
10672127,1,0.0,0.0,1.0,0.0,0.0,0.0,0.0,1.0,0.0,0.0,0.0,0.0,0.0,0.0,0.0,0.0,0.0,1.0,0.12244897959183676,0.1818181818181818,0.09090909090909091,0.0,0.05555555555555555,3,5,0,0,0,0,1,1,0.0,0.0,0.00022558852469689982,195000.0
10672141,1,0.0,1.0,0.0,0.0,0.0,0.0,1.0,0.0,0.0,0.0,0.0,0.0,0.0,0.0,0.0,0.0,0.0,1.0,0.1326530612244898,0.2727272727272727,0.09090909090909091,0.0,0.1111111111111111,3,4,0,1,0,0,0,1,0.0,0.0,0.0006382504601180581,525000.0
10672149,1,1.0,0.0,0.0,0.0,1.0,0.0,0.0,0.0,0.0,0.0,0.0,0.0,0.0,0.0,0.0,0.0,0.0,1.0,0.25510204081632654,0.2727272727272727,0.0,0.0,0.0,3,5,0,1,0,0,1,1,0.05,0.0,0.00015589450893688199,650000.0
10672142,1,0.0,0.0,1.0,0.0,0.0,0.0,0.0,0.0,0.0,0.0,0.0,0.0,1.0,0.0,0.0,0.0,0.0,1.0,0.23469387755102042,0.1818181818181818,0.09090909090909091,0.07142857142857142,0.1111111111111111,1,2,0,1,0,0,1,1,0.0,0.9,0.0022008636555795103,550000.0
10672143,1,1.0,0.0,0.0,0.0,1.0,0.0,0.0,0.0,0.0,0.0,0.0,0.0,0.0,0.0,0.0,0.0,0.0,1.0,0.25510204081632654,0.2727272727272727,0.0,0.0,0.0,3,5,0,1,0,0,1,1,0.05,0.0,0.00015589450893688199,650000.0
10672156,1,0.0,0.0,1.0,0.0,0.0,0.0,0.0,0.0,0.0,0.0,0.0,0.0,1.0,0.0,0.0,0.0,0.0,1.0,0.23163265306122452,0.1818181818181818,0.18181818181818182,0.0,0.1111111111111111,0,0,0,1,0,0,1,0,0.0,0.0,0.0010270697059371048,695000.0
10672158,0,0.0,1.0,0.0,0.0,0.0,1.0,0.0,0.0,0.0,0.0,0.0,0.0,0.0,0.0,0.0,0.0,1.0,0.0,0.1,0.09090909090909091,0.09090909090909091,0.0,0.05555555555555555,0,0,1,0,0,0,0,1,0.0,0.13,0.0,219000.0
10672157,1,0.0,1.0,0.0,0.0,0.0,0.0,0.0,0.0,1.0,0.0,0.0,0.0,0.0,0.0,0.0,0.0,1.0,0.0,0.17551020408163268,0.1818181818181818,0.09090909090909091,0.0,0.05555555555555555,1,2,0,1,0,0,1,1,0.325,0.92,0.000744625536804401,595000.0
10672155,0,1.0,0.0,0.0,0.0,1.0,0.0,0.0,0.0,0.0,0.0,0.0,0.0,0.0,0.0,0.0,1.0,0.0,0.0,0.12244897959183676,0.09090909090909091,0.09090909090909091,0.0,0.1111111111111111,3,5,1,0,0,0,0,1,0.0,0.0,0.0,595000.0
10672164,1,1.0,0.0,0.0,0.0,1.0,0.0,0.0,0.0,0.0,0.0,0.0,0.0,0.0,0.0,0.0,1.0,0.0,0.0,0.2448979591836735,0.2727272727272727,0.18181818181818182,0.0,0.1111111111111111,5,7,0,1,0,0,0,1,0.0,0.47000000000000003,0.0002494312142990112,695000.0
10410018,1,0.0,1.0,0.0,0.0,0.0,0.0,1.0,0.0,0.0,0.0,0.0,0.0,0.0,0.0,0.0,0.0,0.0,1.0,0.2479591836734694,0.2727272727272727,0.09090909090909091,0.0,0.16666666666666666,1,4,0,0,0,0,1,1,0.0,0.0,0.0004933602694590736,599000.0
10672175,0,0.0,1.0,0.0,1.0,0.0,0.0,0.0,0.0,0.0,0.0,0.0,0.0,0.0,0.0,1.0,0.0,0.0,0.0,0.034693877551020415,0.0,0.09090909090909091,0.0,0.05555555555555555,3,2,0,0,0,0,0,1,0.0,0.1,0.0,239000.0
10672167,1,0.0,1.0,0.0,0.0,0.0,1.0,0.0,0.0,0.0,0.0,0.0,0.0,0.0,0.0,0.0,1.0,0.0,0.0,0.163265306122449,0.2727272727272727,0.0,0.0,0.0,3,0,0,0,0,0,0,1,0.0,0.2,0.0,425000.0
10672176,1,0.0,1.0,0.0,0.0,0.0,0.0,0.0,0.0,0.0,0.0,0.0,0.0,0.0,1.0,0.0,0.0,1.0,0.0,0.15918367346938778,0.2727272727272727,0.18181818181818182,0.0,0.16666666666666666,3,3,0,0,1,0,0,1,0.0,0.0,0.00027419093042428065,320000.0
10672177,0,0.0,1.0,0.0,0.0,0.0,0.0,0.0,0.0,0.0,0.0,0.0,0.0,0.0,1.0,0.0,0.0,1.0,0.0,0.1438775510204082,0.09090909090909091,0.18181818181818182,0.0,0.0,1,2,0,0,0,0,0,1,0.0,0.0,0.0,230000.0
10672183,0,0.0,1.0,0.0,0.0,0.0,0.0,0.0,0.0,0.0,0.0,0.0,0.0,0.0,1.0,0.0,0.0,1.0,0.0,0.0979591836734694,0.1818181818181818,0.0,0.0,0.1111111111111111,0,3,1,0,0,0,0,1,0.0,0.06,0.0,249000.0
10672182,0,0.0,0.0,1.0,0.0,0.0,0.0,0.0,0.0,0.0,1.0,0.0,0.0,0.0,0.0,1.0,0.0,0.0,0.0,0.10918367346938776,0.1818181818181818,0.09090909090909091,0.07142857142857142,0.1111111111111111,1,1,1,0,0,0,0,1,0.0,0.2,0.0,420000.0
10672185,1,0.0,1.0,0.0,0.0,0.0,0.0,0.0,0.0,0.0,0.0,0.0,0.0,0.0,1.0,0.0,0.0,0.0,1.0,0.336734693877551,0.1818181818181818,0.18181818181818182,0.0,0.16666666666666666,3,2,0,1,0,0,0,0,0.0,0.0,0.006070715583306816,1150000.0
10672192,1,0.0,1.0,0.0,1.0,0.0,0.0,0.0,0.0,0.0,0.0,0.0,0.0,0.0,0.0,0.0,0.0,1.0,0.0,0.19387755102040818,0.1818181818181818,0.0,0.07142857142857142,0.05555555555555555,5,6,0,0,0,0,0,1,0.0,0.74,0.00014489019065898443,259000.0
10672194,0,0.0,1.0,0.0,1.0,0.0,0.0,0.0,0.0,0.0,0.0,0.0,0.0,0.0,0.0,0.0,1.0,0.0,0.0,0.1275510204081633,0.09090909090909091,0.09090909090909091,0.0,0.05555555555555555,0,4,1,0,0,0,0,1,0.0,0.02,0.0,422000.0
10672197,0,0.0,1.0,0.0,0.0,0.0,0.0,0.0,0.0,1.0,0.0,0.0,0.0,0.0,0.0,0.0,0.0,1.0,0.0,0.07857142857142857,0.09090909090909091,0.09090909090909091,0.07142857142857142,0.1111111111111111,0,0,1,0,0,0,0,1,0.0,0.04,0.0,259000.0
10672195,1,0.0,0.0,1.0,0.0,0.0,0.0,0.0,0.0,0.0,0.0,1.0,0.0,0.0,0.0,0.0,0.0,0.0,1.0,0.3877551020408163,0.2727272727272727,0.09090909090909091,0.07142857142857142,0.2222222222222222,1,3,0,1,1,0,1,1,1.0,0.8,0.0012379858062634746,399000.0
10672199,0,0.0,0.0,1.0,0.0,0.0,0.0,0.0,0.0,0.0,1.0,0.0,0.0,0.0,0.0,1.0,0.0,0.0,0.0,0.08673469387755103,0.09090909090909091,0.09090909090909091,0.0,0.05555555555555555,0,2,1,1,0,0,0,1,0.0,0.05,0.0,245000.0
10672198,0,1.0,0.0,0.0,0.0,1.0,0.0,0.0,0.0,0.0,0.0,0.0,0.0,0.0,0.0,0.0,0.0,0.0,1.0,0.09693877551020408,0.1818181818181818,0.0,0.07142857142857142,0.05555555555555555,2,0,0,0,0,0,0,0,0.0,0.0,0.0,319000.0
10672200,1,0.0,1.0,0.0,0.0,0.0,0.0,0.0,0.0,0.0,0.0,0.0,0.0,0.0,1.0,0.0,0.0,0.0,1.0,0.1969387755102041,0.2727272727272727,0.09090909090909091,0.0,0.1111111111111111,3,5,0,0,0,0,0,1,0.0,0.0,0.0004860240572738086,319000.0
10672206,1,0.0,1.0,0.0,0.0,0.0,0.0,1.0,0.0,0.0,0.0,0.0,0.0,0.0,0.0,0.0,0.0,1.0,0.0,0.11734693877551022,0.1818181818181818,0.09090909090909091,0.0,0.1111111111111111,3,1,0,0,0,0,0,1,0.0,0.0,0.00048510703075065043,399000.0
10672205,0,0.0,0.0,1.0,0.0,0.0,0.0,0.0,0.0,0.0,1.0,0.0,0.0,0.0,0.0,0.0,0.0,0.0,1.0,0.15306122448979595,0.09090909090909091,0.09090909090909091,0.0,0.1111111111111111,1,2,1,0,0,0,0,1,0.0,0.7000000000000001,0.0,399000.0
10672211,1,0.0,1.0,0.0,0.0,0.0,0.0,0.0,0.0,0.0,0.0,0.0,0.0,0.0,1.0,0.0,0.0,0.0,1.0,0.1836734693877551,0.1818181818181818,0.09090909090909091,0.0,0.1111111111111111,3,5,0,0,0,0,0,0,0.0,0.0,0.00027969308956322947,279000.0
10672215,1,0.0,1.0,0.0,0.0,0.0,0.0,1.0,0.0,0.0,0.0,0.0,0.0,0.0,0.0,1.0,0.0,0.0,0.0,0.07857142857142857,0.09090909090909091,0.09090909090909091,0.0,0.05555555555555555,3,4,0,0,0,0,0,0,0.0,0.0,5.227051182001337e-05,345000.0
10672207,1,0.0,1.0,0.0,0.0,0.0,0.0,1.0,0.0,0.0,0.0,0.0,0.0,0.0,0.0,0.0,0.0,1.0,0.0,0.11734693877551022,0.1818181818181818,0.09090909090909091,0.0,0.1111111111111111,3,1,0,0,0,0,0,1,0.0,0.0,0.00048510703075065043,399000.0
10672212,1,0.0,1.0,0.0,0.0,0.0,1.0,0.0,0.0,0.0,0.0,0.0,0.0,0.0,0.0,1.0,0.0,0.0,0.0,0.10204081632653061,0.2727272727272727,0.09090909090909091,0.0,0.05555555555555555,3,2,0,0,0,0,0,1,0.0,0.0,0.00010087291754739423,290000.0
10672209,1,0.0,1.0,0.0,0.0,0.0,0.0,1.0,0.0,0.0,0.0,0.0,0.0,0.0,0.0,0.0,0.0,0.0,1.0,0.20000000000000004,0.2727272727272727,0.09090909090909091,0.0,0.1111111111111111,3,6,0,0,0,0,0,1,0.0,0.0,0.0,495000.0
10672222,0,0.0,1.0,0.0,0.0,0.0,0.0,0.0,0.0,0.0,0.0,0.0,0.0,0.0,1.0,0.0,0.0,0.0,1.0,0.09183673469387757,0.09090909090909091,0.09090909090909091,0.0,0.05555555555555555,3,3,0,0,0,0,0,1,0.0,0.89,0.0,220000.0
10672224,1,0.0,0.0,1.0,0.0,0.0,0.0,0.0,0.0,0.0,0.0,1.0,0.0,0.0,0.0,0.0,0.0,0.0,1.0,0.6938775510204082,0.5454545454545454,0.18181818181818182,0.07142857142857142,0.3333333333333333,1,3,0,1,1,0,1,1,1.0,1.0,0.002751079569474388,720000.0
10672210,1,0.0,1.0,0.0,0.0,0.0,0.0,1.0,0.0,0.0,0.0,0.0,0.0,0.0,0.0,0.0,0.0,0.0,1.0,0.2510204081632653,0.2727272727272727,0.09090909090909091,0.0,0.1111111111111111,3,6,0,0,0,0,0,1,0.0,0.0,0.0,495000.0
10672229,1,0.0,1.0,0.0,0.0,0.0,0.0,0.0,0.0,0.0,0.0,0.0,0.0,0.0,1.0,0.0,0.0,1.0,0.0,0.3642857142857143,0.36363636363636365,0.36363636363636365,0.2857142857142857,0.2777777777777778,1,2,0,0,1,0,0,1,0.0,0.0,0.0007895598364391494,3895000.0
10672228,1,1.0,0.0,0.0,0.0,1.0,0.0,0.0,0.0,0.0,0.0,0.0,0.0,0.0,0.0,1.0,0.0,0.0,0.0,0.3316326530612245,0.4545454545454545,0.5454545454545454,0.42857142857142855,0.3333333333333333,2,5,0,1,0,0,1,1,0.1,0.6,0.0002751079569474388,1580000.0
10672230,1,0.0,1.0,0.0,0.0,0.0,1.0,0.0,0.0,0.0,0.0,0.0,0.0,0.0,0.0,0.0,1.0,0.0,0.0,0.21020408163265308,0.1818181818181818,0.09090909090909091,0.0,0.1111111111111111,2,3,0,0,0,0,1,1,0.06,0.12,0.0002558503999611181,485000.0
10672238,0,0.0,1.0,0.0,1.0,0.0,0.0,0.0,0.0,0.0,0.0,0.0,0.0,0.0,0.0,1.0,0.0,0.0,0.0,0.22142857142857145,0.09090909090909091,0.18181818181818182,0.14285714285714285,0.16666666666666666,1,2,1,0,0,0,0,1,0.0,1.0,0.0,2950000.0
10672233,1,0.0,0.0,1.0,0.0,0.0,0.0,0.0,0.0,0.0,1.0,0.0,0.0,0.0,0.0,0.0,0.0,0.0,1.0,0.1326530612244898,0.1818181818181818,0.09090909090909091,0.07142857142857142,0.1111111111111111,1,4,0,0,0,0,0,1,0.0,0.5,0.0011187723582529179,390000.0
10672237,1,0.0,1.0,0.0,0.0,0.0,0.0,0.0,0.0,0.0,0.0,0.0,0.0,0.0,1.0,0.0,0.0,1.0,0.0,0.19897959183673472,0.4545454545454545,0.2727272727272727,0.0,0.0,5,6,0,1,0,0,0,1,0.0,0.0,0.0002283396042663742,975000.0
10672248,1,0.0,0.0,1.0,0.0,0.0,0.0,0.0,0.0,0.0,0.0,0.0,1.0,0.0,0.0,0.0,0.0,0.0,1.0,0.15816326530612246,0.2727272727272727,0.09090909090909091,0.0,0.1111111111111111,3,4,0,0,0,0,1,1,0.022,0.07,9.812183797791983e-05,185000.0
10672244,0,0.0,1.0,0.0,1.0,0.0,0.0,0.0,0.0,0.0,0.0,0.0,0.0,0.0,0.0,0.0,1.0,0.0,0.0,0.07653061224489796,0.09090909090909091,0.09090909090909091,0.0,0.05555555555555555,3,3,1,0,0,0,0,1,0.0,0.0,0.0,235000.0
10672241,0,0.0,0.0,1.0,0.0,0.0,0.0,0.0,1.0,0.0,0.0,0.0,0.0,0.0,0.0,0.0,0.0,1.0,0.0,0.0816326530612245,0.1818181818181818,0.09090909090909091,0.0,0.05555555555555555,3,5,1,1,0,0,1,1,0.36,0.18,0.0,130000.0
10672257,0,0.0,1.0,0.0,1.0,0.0,0.0,0.0,0.0,0.0,0.0,0.0,0.0,0.0,0.0,0.0,0.0,0.0,1.0,0.06938775510204082,0.0,0.0,0.0,0.0,0,0,0,1,0,0,0,1,0.0,0.08,0.0,237500.0
10672253,1,0.0,0.0,1.0,0.0,0.0,0.0,0.0,0.0,0.0,0.0,0.0,0.0,1.0,0.0,0.0,0.0,0.0,1.0,0.1510204081632653,0.2727272727272727,0.09090909090909091,0.0,0.1111111111111111,5,6,0,1,0,0,0,0,0.0,0.0,0.0020174583509478847,350000.0
10672262,1,0.0,0.0,1.0,0.0,0.0,0.0,0.0,1.0,0.0,0.0,0.0,0.0,0.0,0.0,0.0,0.0,0.0,1.0,0.45918367346938777,0.36363636363636365,0.2727272727272727,0.0,0.16666666666666666,0,6,0,1,0,0,1,1,1.0,1.0,0.02751079569474388,1950000.0
10672259,0,0.0,1.0,0.0,1.0,0.0,0.0,0.0,0.0,0.0,0.0,0.0,0.0,0.0,0.0,0.0,0.0,0.0,1.0,0.06836734693877553,0.09090909090909091,0.0,0.07142857142857142,0.05555555555555555,3,0,0,1,0,0,1,1,0.0,0.0,0.0,375000.0
10672252,0,0.0,1.0,0.0,1.0,0.0,0.0,0.0,0.0,0.0,0.0,0.0,0.0,0.0,0.0,0.0,0.0,0.0,1.0,0.10714285714285715,0.09090909090909091,0.09090909090909091,0.0,0.05555555555555555,4,3,0,0,0,0,0,1,0.0,0.28,0.0,290000.0
10672263,1,0.0,0.0,1.0,0.0,0.0,0.0,0.0,0.0,0.0,0.0,0.0,0.0,1.0,0.0,0.0,0.0,0.0,1.0,0.09693877551020408,0.2727272727272727,0.18181818181818182,0.07142857142857142,0.1111111111111111,2,2,0,0,0,0,1,0,0.02,0.0,0.009412360233695039,420000.0
10672264,1,0.0,0.0,1.0,0.0,0.0,0.0,0.0,0.0,0.0,0.0,0.0,1.0,0.0,0.0,0.0,0.0,0.0,1.0,0.14285714285714288,0.1818181818181818,0.18181818181818182,0.14285714285714285,0.1111111111111111,1,3,0,0,0,0,1,1,1.0,0.35000000000000003,0.001211392037091889,395000.0
10672275,1,0.0,0.0,1.0,0.0,0.0,0.0,0.0,0.0,0.0,0.0,0.0,0.0,1.0,0.0,0.0,0.0,0.0,1.0,0.13775510204081634,0.2727272727272727,0.09090909090909091,0.0,0.1111111111111111,3,5,0,0,0,0,1,1,0.281,0.1,0.00034571899923061477,399000.0
10672283,0,0.0,1.0,0.0,1.0,0.0,0.0,0.0,0.0,0.0,0.0,0.0,0.0,0.0,0.0,0.0,1.0,0.0,0.0,0.0816326530612245,0.09090909090909091,0.09090909090909091,0.0,0.0,1,0,0,0,0,0,0,1,0.0,0.16,0.0,330000.0
10672276,1,0.0,1.0,0.0,0.0,0.0,0.0,1.0,0.0,0.0,0.0,0.0,0.0,0.0,0.0,0.0,0.0,0.0,1.0,0.2122448979591837,0.1818181818181818,0.09090909090909091,0.0,0.0,4,4,0,0,0,0,0,0,0.0,0.0,0.0007455425633275592,410000.0
10672286,1,0.0,0.0,1.0,0.0,0.0,0.0,0.0,0.0,0.0,0.0,0.0,1.0,0.0,0.0,0.0,1.0,0.0,0.0,0.29591836734693877,0.5454545454545454,0.18181818181818182,0.14285714285714285,0.1111111111111111,4,5,0,0,0,0,1,1,1.0,0.6,0.004081685054576833,399000.0
10672291,1,0.0,0.0,1.0,0.0,0.0,0.0,0.0,0.0,0.0,0.0,0.0,1.0,0.0,0.0,0.0,0.0,0.0,1.0,0.35408163265306125,0.1818181818181818,0.09090909090909091,0.07142857142857142,0.16666666666666666,1,2,0,0,0,0,1,1,1.0,1.0,0.0018799043724741652,700000.0
10672295,0,1.0,0.0,0.0,0.0,1.0,0.0,0.0,0.0,0.0,0.0,0.0,0.0,0.0,0.0,0.0,0.0,0.0,1.0,0.07244897959183674,0.09090909090909091,0.09090909090909091,0.0,0.05555555555555555,2,3,1,0,0,0,1,0,0.10200000000000001,0.0,0.0,369000.0
10541213,0,0.0,1.0,0.0,1.0,0.0,0.0,0.0,0.0,0.0,0.0,0.0,0.0,0.0,0.0,0.0,1.0,0.0,0.0,0.1,0.1818181818181818,0.09090909090909091,0.0,0.05555555555555555,4,6,1,1,0,0,0,1,0.0,0.06,0.0,265000.0
10279081,1,0.0,0.0,1.0,0.0,0.0,0.0,0.0,1.0,0.0,0.0,0.0,0.0,0.0,0.0,0.0,0.0,1.0,0.0,0.05816326530612246,0.09090909090909091,0.0,0.0,0.0,5,7,0,0,0,0,0,1,0.0,0.0,0.00034847007880008915,89000.0
10672307,0,1.0,0.0,0.0,0.0,1.0,0.0,0.0,0.0,0.0,0.0,0.0,0.0,0.0,0.0,1.0,0.0,0.0,0.0,0.20510204081632655,0.2727272727272727,0.18181818181818182,0.0,0.1111111111111111,4,3,1,0,0,0,0,0,0.0,0.0,0.0,985000.0
10672298,0,0.0,1.0,0.0,0.0,0.0,0.0,0.0,0.0,0.0,0.0,0.0,0.0,0.0,1.0,0.0,0.0,1.0,0.0,0.0836734693877551,0.1818181818181818,0.18181818181818182,0.0,0.1111111111111111,3,0,1,0,0,0,0,1,0.0,0.06,0.0,895000.0
10672317,0,1.0,0.0,0.0,0.0,1.0,0.0,0.0,0.0,0.0,0.0,0.0,0.0,0.0,0.0,0.0,0.0,0.0,1.0,0.23775510204081637,0.2727272727272727,0.18181818181818182,0.0,0.2222222222222222,3,4,1,0,0,0,0,1,0.0,0.11,0.0,765000.0
10672303,0,1.0,0.0,0.0,0.0,1.0,0.0,0.0,0.0,0.0,0.0,0.0,0.0,0.0,0.0,1.0,0.0,0.0,0.0,0.1306122448979592,0.1818181818181818,0.18181818181818182,0.0,0.1111111111111111,1,4,1,0,0,0,0,1,0.0,0.2,0.0,495000.0
10672333,0,0.0,1.0,0.0,0.0,0.0,0.0,0.0,0.0,0.0,0.0,0.0,0.0,0.0,1.0,0.0,0.0,1.0,0.0,0.04693877551020408,0.0,0.09090909090909091,0.0,0.0,0,1,1,0,0,0,0,0,0.0,0.0,0.0,479000.0
10672316,0,1.0,0.0,0.0,0.0,1.0,0.0,0.0,0.0,0.0,0.0,0.0,0.0,0.0,0.0,0.0,0.0,0.0,1.0,0.0653061224489796,0.09090909090909091,0.09090909090909091,0.0,0.0,3,6,1,0,0,0,0,1,0.0,0.02,0.0,350000.0
10672339,1,0.0,1.0,0.0,0.0,0.0,0.0,1.0,0.0,0.0,0.0,0.0,0.0,0.0,0.0,0.0,0.0,0.0,1.0,0.10204081632653061,0.09090909090909091,0.09090909090909091,0.0,0.05555555555555555,5,6,0,0,0,0,1,0,0.0,0.0,0.0004447578637316927,275000.0
10672340,1,0.0,1.0,0.0,0.0,0.0,0.0,1.0,0.0,0.0,0.0,0.0,0.0,0.0,0.0,0.0,0.0,0.0,1.0,0.10204081632653061,0.09090909090909091,0.09090909090909091,0.0,0.05555555555555555,3,6,0,0,0,0,1,1,0.0,0.0,0.0004310024658843208,299000.0
10672341,1,0.0,1.0,0.0,1.0,0.0,0.0,0.0,0.0,0.0,0.0,0.0,0.0,0.0,0.0,0.0,0.0,0.0,1.0,0.3010204081632653,0.1818181818181818,0.18181818181818182,0.0,0.0,0,3,0,0,0,0,0,1,0.0,0.0,0.0012636625489119023,925000.0
10672337,0,1.0,0.0,0.0,0.0,1.0,0.0,0.0,0.0,0.0,0.0,0.0,0.0,0.0,0.0,0.0,0.0,0.0,1.0,0.04081632653061225,0.0,0.09090909090909091,0.0,0.05555555555555555,0,6,0,0,0,0,1,0,0.03,0.0,0.0,235000.0
10672349,1,0.0,1.0,0.0,0.0,0.0,0.0,0.0,0.0,1.0,0.0,0.0,0.0,0.0,0.0,0.0,0.0,0.0,1.0,0.11530612244897961,0.1818181818181818,0.09090909090909091,0.0,0.1111111111111111,1,0,0,0,0,0,1,1,0.135,0.36,0.0002659376917158575,359000.0
10672343,1,0.0,0.0,1.0,0.0,0.0,0.0,0.0,0.0,0.0,0.0,0.0,1.0,0.0,0.0,0.0,0.0,0.0,1.0,0.21020408163265308,0.36363636363636365,0.09090909090909091,0.07142857142857142,0.1111111111111111,4,3,0,1,0,0,1,1,0.0,0.8,0.000984886485871831,399999.0
10672351,1,0.0,1.0,0.0,0.0,0.0,0.0,1.0,0.0,0.0,0.0,0.0,0.0,0.0,0.0,0.0,0.0,0.0,1.0,0.14285714285714288,0.1818181818181818,0.09090909090909091,0.0,0.1111111111111111,1,2,0,0,0,0,1,1,0.05,0.4,0.00016689882721477954,420000.0
10672355,1,1.0,0.0,0.0,0.0,1.0,0.0,0.0,0.0,0.0,0.0,0.0,0.0,0.0,0.0,0.0,0.0,0.0,1.0,0.1836734693877551,0.36363636363636365,0.18181818181818182,0.07142857142857142,0.16666666666666666,3,5,0,0,0,0,0,1,0.0,0.18,8.620049317686416e-05,549000.0
10541281,0,0.0,1.0,0.0,1.0,0.0,0.0,0.0,0.0,0.0,0.0,0.0,0.0,0.0,0.0,0.0,0.0,0.0,1.0,0.07959183673469389,0.09090909090909091,0.09090909090909091,0.0,0.0,3,4,0,0,0,0,0,1,0.0,0.16,0.0,264000.0
10672353,0,0.0,1.0,0.0,0.0,0.0,0.0,0.0,0.0,0.0,0.0,0.0,0.0,0.0,1.0,0.0,0.0,0.0,1.0,0.04591836734693878,0.0,0.09090909090909091,0.0,0.05555555555555555,3,2,1,1,0,0,0,1,0.0,0.0,0.0,375000.0
10672357,1,1.0,0.0,0.0,0.0,1.0,0.0,0.0,0.0,0.0,0.0,0.0,0.0,0.0,0.0,0.0,1.0,0.0,0.0,0.3877551020408163,0.6363636363636364,0.7272727272727273,0.0,0.0,0,5,0,1,0,0,0,1,0.0,0.35000000000000003,0.00023842689602111364,1350000.0
10672358,1,0.0,0.0,1.0,0.0,0.0,0.0,0.0,0.0,0.0,1.0,0.0,0.0,0.0,0.0,0.0,0.0,0.0,1.0,0.163265306122449,0.2727272727272727,0.09090909090909091,0.0,0.0,5,5,0,1,0,0,1,0,0.115,0.0,0.00014213911108951004,79000.0
10672356,0,1.0,0.0,0.0,0.0,1.0,0.0,0.0,0.0,0.0,0.0,0.0,0.0,0.0,0.0,0.0,1.0,0.0,0.0,0.13469387755102044,0.1818181818181818,0.18181818181818182,0.0,0.0,5,3,0,1,0,0,0,1,0.0,0.27,0.0,575000.0
10672367,0,0.0,1.0,0.0,0.0,0.0,0.0,0.0,0.0,0.0,0.0,0.0,0.0,0.0,1.0,0.0,0.0,0.0,1.0,0.06224489795918368,0.09090909090909091,0.0,0.0,0.05555555555555555,3,1,0,0,0,0,0,0,0.0,0.0,0.0,209000.0
10672366,1,0.0,1.0,0.0,0.0,0.0,0.0,0.0,0.0,0.0,0.0,0.0,0.0,0.0,1.0,0.0,0.0,0.0,1.0,0.15612244897959185,0.1818181818181818,0.0,0.0,0.1111111111111111,3,3,0,0,0,0,0,1,0.0,0.06,0.00042641733326853013,329000.0
10672378,0,0.0,1.0,0.0,0.0,0.0,0.0,1.0,0.0,0.0,0.0,0.0,0.0,0.0,0.0,1.0,0.0,0.0,0.0,0.004081632653061225,0.0,0.09090909090909091,0.0,0.05555555555555555,4,2,0,1,0,0,0,1,0.0,0.1,0.0,179000.0
10672377,0,0.0,1.0,0.0,0.0,0.0,0.0,1.0,0.0,0.0,0.0,0.0,0.0,0.0,0.0,1.0,0.0,0.0,0.0,0.010204081632653062,0.0,0.09090909090909091,0.0,0.05555555555555555,3,3,1,0,0,0,0,0,0.0,0.0,0.0,180000.0
10672393,1,0.0,1.0,0.0,1.0,0.0,0.0,0.0,0.0,0.0,0.0,0.0,0.0,0.0,0.0,0.0,0.0,0.0,1.0,0.09897959183673471,0.09090909090909091,0.09090909090909091,0.0,0.0,3,3,0,0,0,0,0,1,0.0,0.08,7.611320142212473e-05,298000.0
10672381,1,0.0,1.0,0.0,0.0,0.0,0.0,0.0,0.0,0.0,0.0,0.0,0.0,0.0,1.0,0.0,0.0,1.0,0.0,0.1285714285714286,0.1818181818181818,0.09090909090909091,0.0,0.1111111111111111,3,1,0,0,0,0,0,0,0.0,0.0,0.0001815712515853096,315000.0
10672384,0,0.0,1.0,0.0,0.0,0.0,1.0,0.0,0.0,0.0,0.0,0.0,0.0,0.0,0.0,0.0,0.0,1.0,0.0,0.09081632653061225,0.09090909090909091,0.09090909090909091,0.07142857142857142,0.05555555555555555,3,2,1,0,0,0,0,1,0.0,0.0,0.0,180000.0
10672395,1,0.0,1.0,0.0,0.0,0.0,1.0,0.0,0.0,0.0,0.0,0.0,0.0,0.0,0.0,0.0,0.0,1.0,0.0,0.2142857142857143,0.36363636363636365,0.2727272727272727,0.21428571428571427,0.2222222222222222,1,3,0,0,0,0,1,0,0.0,0.0,0.00012563263367266372,395000.0
10672398,1,0.0,1.0,0.0,0.0,0.0,1.0,0.0,0.0,0.0,0.0,0.0,0.0,0.0,0.0,0.0,0.0,0.0,1.0,0.1836734693877551,0.09090909090909091,0.09090909090909091,0.0,0.1111111111111111,1,6,0,0,0,0,0,0,0.0,0.0,0.0,299900.0
10672400,1,0.0,1.0,0.0,0.0,0.0,0.0,0.0,0.0,1.0,0.0,0.0,0.0,0.0,0.0,0.0,0.0,1.0,0.0,0.12040816326530615,0.1818181818181818,0.09090909090909091,0.0,0.05555555555555555,1,4,0,1,0,0,1,0,0.0,0.0,0.0,215000.0
10672402,1,0.0,0.0,1.0,0.0,0.0,0.0,0.0,0.0,0.0,0.0,0.0,0.0,1.0,0.0,0.0,0.0,1.0,0.0,0.1836734693877551,0.1818181818181818,0.18181818181818182,0.0,0.1111111111111111,5,7,0,1,0,0,1,0,0.55,0.0,0.0009812183797791984,470000.0
10672403,1,0.0,0.0,1.0,0.0,0.0,0.0,0.0,1.0,0.0,0.0,0.0,0.0,0.0,0.0,0.0,0.0,0.0,1.0,0.5408163265306123,0.6363636363636364,0.18181818181818182,0.0,0.2222222222222222,4,6,0,1,0,0,1,1,1.0,1.0,0.0052270511820013375,695000.0
10672404,1,0.0,0.0,1.0,0.0,0.0,0.0,0.0,0.0,0.0,0.0,0.0,0.0,1.0,0.0,0.0,0.0,0.0,1.0,0.1836734693877551,0.1818181818181818,0.18181818181818182,0.0,0.1111111111111111,5,7,0,1,0,0,1,0,0.55,0.0,0.0009812183797791984,470000.0
10541333,0,0.0,0.0,1.0,0.0,0.0,0.0,0.0,0.0,0.0,1.0,0.0,0.0,0.0,0.0,0.0,0.0,1.0,0.0,0.018367346938775515,0.0,0.09090909090909091,0.0,0.05555555555555555,4,2,0,0,0,0,0,0,0.0,0.0,0.0,75000.0
10672407,0,0.0,1.0,0.0,1.0,0.0,0.0,0.0,0.0,0.0,0.0,0.0,0.0,0.0,0.0,0.0,0.0,1.0,0.0,0.07448979591836735,0.09090909090909091,0.09090909090909091,0.0,0.05555555555555555,4,2,1,1,0,0,0,1,0.0,0.02,0.0,169000.0
10541332,0,0.0,0.0,1.0,0.0,0.0,0.0,0.0,0.0,0.0,1.0,0.0,0.0,0.0,0.0,0.0,0.0,1.0,0.0,0.08877551020408164,0.09090909090909091,0.09090909090909091,0.0,0.05555555555555555,5,4,0,0,0,0,0,0,0.0,0.0,0.0,130000.0
10541335,0,0.0,0.0,1.0,0.0,0.0,0.0,0.0,0.0,0.0,1.0,0.0,0.0,0.0,0.0,0.0,0.0,1.0,0.0,0.12244897959183676,0.2727272727272727,0.18181818181818182,0.0,0.1111111111111111,4,6,0,0,0,0,0,1,0.0,0.0,0.0,130000.0
10672410,1,0.0,1.0,0.0,0.0,0.0,0.0,0.0,0.0,0.0,0.0,0.0,0.0,0.0,1.0,0.0,0.0,0.0,1.0,0.1326530612244898,0.1818181818181818,0.09090909090909091,0.0,0.05555555555555555,4,0,0,0,0,0,0,0,0.0,0.0,0.00039707248452747,189000.0
10541334,0,0.0,0.0,1.0,0.0,0.0,0.0,0.0,0.0,0.0,1.0,0.0,0.0,0.0,0.0,0.0,0.0,1.0,0.0,0.04693877551020408,0.09090909090909091,0.09090909090909091,0.0,0.05555555555555555,5,2,0,0,0,0,0,0,0.0,0.0,0.0,99000.0
10672413,1,0.0,1.0,0.0,0.0,0.0,1.0,0.0,0.0,0.0,0.0,0.0,0.0,0.0,0.0,0.0,0.0,0.0,1.0,0.17448979591836736,0.1818181818181818,0.09090909090909091,0.0,0.1111111111111111,5,6,0,0,0,0,1,0,0.0,0.0,0.0014296443496035237,299000.0
10672414,1,0.0,1.0,0.0,0.0,0.0,0.0,0.0,0.0,0.0,0.0,0.0,0.0,0.0,1.0,0.0,0.0,1.0,0.0,0.1836734693877551,0.1818181818181818,0.09090909090909091,0.0,0.0,3,0,0,0,0,0,0,0,0.0,0.0,0.00020449691466426284,449000.0
10672419,0,0.0,0.0,1.0,0.0,0.0,0.0,0.0,0.0,0.0,0.0,0.0,0.0,1.0,0.0,0.0,0.0,0.0,1.0,0.06122448979591837,0.09090909090909091,0.09090909090909091,0.0,0.05555555555555555,1,2,0,0,0,0,0,1,0.0,0.04,0.0,275000.0
10672417,0,0.0,1.0,0.0,0.0,0.0,0.0,0.0,0.0,0.0,0.0,0.0,0.0,0.0,1.0,0.0,0.0,1.0,0.0,0.12448979591836737,0.09090909090909091,0.18181818181818182,0.0,0.1111111111111111,1,0,1,0,0,0,0,1,0.0,0.38,0.0,895000.0
10672418,1,0.0,0.0,1.0,0.0,0.0,0.0,0.0,0.0,0.0,0.0,0.0,0.0,1.0,0.0,0.0,0.0,0.0,1.0,0.1326530612244898,0.2727272727272727,0.18181818181818182,0.0,0.05555555555555555,1,3,0,0,0,0,1,1,0.4,0.2,0.0005043645877369712,449000.0
10672422,0,0.0,1.0,0.0,1.0,0.0,0.0,0.0,0.0,0.0,0.0,0.0,0.0,0.0,0.0,0.0,0.0,1.0,0.0,0.02755102040816327,0.0,0.09090909090909091,0.0,0.05555555555555555,3,2,1,1,0,0,0,1,0.0,0.0,0.0,150000.0
10672424,0,0.0,1.0,0.0,0.0,0.0,0.0,0.0,0.0,0.0,0.0,0.0,0.0,0.0,1.0,0.0,0.0,1.0,0.0,0.11836734693877551,0.1818181818181818,0.18181818181818182,0.0,0.1111111111111111,2,6,0,0,0,0,0,1,0.0,0.0,0.0,1850000.0
10672423,0,0.0,1.0,0.0,0.0,0.0,0.0,0.0,0.0,0.0,0.0,0.0,0.0,0.0,1.0,0.0,0.0,1.0,0.0,0.12448979591836737,0.1818181818181818,0.18181818181818182,0.0,0.0,1,2,1,0,0,0,1,1,0.0,0.0,0.0,2175000.0
10672429,0,0.0,1.0,0.0,0.0,0.0,0.0,0.0,0.0,0.0,0.0,0.0,0.0,0.0,1.0,0.0,0.0,1.0,0.0,0.07142857142857142,0.1818181818181818,0.18181818181818182,0.0,0.1111111111111111,0,2,0,0,0,0,0,0,0.0,0.0,0.0,1295000.0
10672432,1,0.0,0.0,1.0,0.0,0.0,0.0,0.0,0.0,0.0,0.0,0.0,0.0,1.0,0.0,0.0,0.0,0.0,1.0,0.23469387755102042,0.2727272727272727,0.09090909090909091,0.0,0.1111111111111111,1,2,0,0,1,0,1,0,1.0,0.0,0.0031178901787376396,685000.0
10672426,0,0.0,1.0,0.0,0.0,0.0,0.0,0.0,0.0,0.0,0.0,0.0,0.0,0.0,1.0,0.0,0.0,1.0,0.0,0.13571428571428573,0.1818181818181818,0.09090909090909091,0.0,0.16666666666666666,2,3,1,0,0,0,0,0,0.0,0.0,0.0,1650000.0
10672425,0,0.0,1.0,0.0,0.0,0.0,0.0,0.0,0.0,0.0,0.0,0.0,0.0,0.0,1.0,0.0,0.0,1.0,0.0,0.27448979591836736,0.1818181818181818,0.0,0.0,0.0,0,0,0,0,0,0,0,0,0.0,0.0,0.0,3500000.0
10672430,0,0.0,1.0,0.0,0.0,0.0,0.0,0.0,0.0,0.0,0.0,0.0,0.0,0.0,1.0,0.0,0.0,1.0,0.0,0.057142857142857155,0.09090909090909091,0.09090909090909091,0.0,0.05555555555555555,3,2,0,0,0,0,1,0,0.0,0.0,0.0,575000.0
10672446,1,0.0,1.0,0.0,0.0,0.0,0.0,0.0,0.0,1.0,0.0,0.0,0.0,0.0,0.0,0.0,0.0,1.0,0.0,0.1459183673469388,0.2727272727272727,0.09090909090909091,0.0,0.05555555555555555,1,4,0,0,0,0,1,0,0.3,0.0,0.0005153689060148687,279000.0
10672445,1,0.0,1.0,0.0,0.0,0.0,0.0,0.0,0.0,1.0,0.0,0.0,0.0,0.0,0.0,0.0,0.0,1.0,0.0,0.27346938775510204,0.2727272727272727,0.09090909090909091,0.0,0.1111111111111111,1,2,0,0,0,0,1,0,1.0,0.0,0.0016790755639025348,449000.0
10672436,1,0.0,1.0,0.0,0.0,0.0,0.0,0.0,0.0,0.0,0.0,0.0,0.0,0.0,1.0,0.0,0.0,1.0,0.0,0.08979591836734696,0.1818181818181818,0.09090909090909091,0.07142857142857142,0.05555555555555555,3,4,0,0,0,0,1,1,0.065,0.37,0.00016506477416846328,211000.0
10672437,1,0.0,1.0,0.0,0.0,0.0,0.0,0.0,0.0,0.0,0.0,0.0,0.0,0.0,1.0,0.0,1.0,0.0,0.0,0.12040816326530615,0.1818181818181818,0.09090909090909091,0.0,0.1111111111111111,1,1,0,0,0,0,0,1,0.0,0.0,0.00020449691466426284,385000.0
10672447,0,0.0,1.0,0.0,0.0,0.0,1.0,0.0,0.0,0.0,0.0,0.0,0.0,0.0,0.0,0.0,0.0,0.0,1.0,0.09693877551020408,0.1818181818181818,0.18181818181818182,0.0,0.1111111111111111,0,0,1,0,0,0,0,1,0.0,0.11,0.0,375000.0
10672460,1,0.0,1.0,0.0,0.0,0.0,0.0,0.0,0.0,0.0,0.0,0.0,0.0,0.0,1.0,0.0,0.0,1.0,0.0,0.12551020408163266,0.2727272727272727,0.2727272727272727,0.0,0.0,0,3,0,0,0,0,0,0,0.0,0.0,0.0,765000.0
10672459,1,0.0,1.0,0.0,0.0,0.0,1.0,0.0,0.0,0.0,0.0,0.0,0.0,0.0,0.0,0.0,0.0,0.0,1.0,0.09693877551020408,0.09090909090909091,0.09090909090909091,0.0,0.0,0,4,0,0,0,0,0,0,0.0,0.0,0.00010178994407055236,274000.0
10672467,1,0.0,1.0,0.0,0.0,0.0,1.0,0.0,0.0,0.0,0.0,0.0,0.0,0.0,0.0,0.0,0.0,1.0,0.0,0.29285714285714287,0.2727272727272727,0.09090909090909091,0.0,0.1111111111111111,5,6,0,0,0,0,1,1,0.0,0.0,0.0010261526794139468,495000.0
10672463,1,0.0,1.0,0.0,0.0,0.0,0.0,0.0,0.0,1.0,0.0,0.0,0.0,0.0,0.0,0.0,0.0,0.0,1.0,0.23571428571428574,0.2727272727272727,0.09090909090909091,0.0,0.05555555555555555,1,3,0,0,0,0,1,0,0.0,0.0,0.0008895157274633854,379500.0
10672471,1,0.0,1.0,0.0,0.0,0.0,0.0,0.0,0.0,0.0,0.0,0.0,0.0,0.0,1.0,0.0,0.0,0.0,1.0,0.1795918367346939,0.36363636363636365,0.09090909090909091,0.0,0.0,1,3,0,0,0,0,1,1,0.0,0.0,0.00028978038131796885,359000.0
10672469,1,0.0,1.0,0.0,0.0,0.0,1.0,0.0,0.0,0.0,0.0,0.0,0.0,0.0,0.0,0.0,0.0,0.0,1.0,0.1622448979591837,0.1818181818181818,0.09090909090909091,0.0,0.1111111111111111,0,6,0,0,0,0,1,0,0.0,0.0,0.0002998676730727083,219000.0
10672472,1,0.0,1.0,0.0,0.0,0.0,0.0,0.0,0.0,0.0,0.0,0.0,0.0,0.0,1.0,0.0,0.0,0.0,1.0,0.17448979591836736,0.1818181818181818,0.09090909090909091,0.0,0.1111111111111111,1,3,0,0,0,0,1,1,0.0,0.0,0.0005988183196222584,625000.0
10672474,1,0.0,1.0,0.0,0.0,0.0,0.0,1.0,0.0,0.0,0.0,0.0,0.0,0.0,0.0,0.0,1.0,0.0,0.0,0.3622448979591837,0.36363636363636365,0.18181818181818182,0.0,0.0,0,5,0,0,0,0,1,1,1.0,0.5,0.00161763478685094,845000.0
10672475,1,0.0,1.0,0.0,1.0,0.0,0.0,0.0,0.0,0.0,0.0,0.0,0.0,0.0,0.0,0.0,0.0,0.0,1.0,0.16122448979591839,0.2727272727272727,0.09090909090909091,0.0,0.1111111111111111,1,3,0,0,0,0,0,0,0.0,0.0,0.0005731415769738308,449000.0
10672473,1,0.0,1.0,0.0,0.0,0.0,0.0,0.0,0.0,0.0,0.0,0.0,0.0,0.0,1.0,0.0,0.0,0.0,1.0,0.23469387755102042,0.2727272727272727,0.09090909090909091,0.0,0.05555555555555555,4,6,0,0,0,0,0,0,0.0,0.0,0.0010380740242150023,1595000.0
10672476,1,0.0,1.0,0.0,0.0,0.0,0.0,0.0,0.0,0.0,0.0,0.0,0.0,0.0,1.0,0.0,0.0,0.0,1.0,0.1306122448979592,0.09090909090909091,0.09090909090909091,0.0,0.05555555555555555,3,6,0,0,0,0,1,0,0.0,0.0,0.00034205089313798224,249000.0
10672480,1,0.0,1.0,0.0,0.0,0.0,0.0,0.0,0.0,0.0,0.0,0.0,0.0,0.0,1.0,0.0,0.0,0.0,1.0,0.12244897959183676,0.09090909090909091,0.09090909090909091,0.0,0.1111111111111111,3,6,0,0,0,0,1,1,0.387,0.0,0.00048327297770433414,449000.0
10672477,1,0.0,1.0,0.0,0.0,0.0,0.0,0.0,0.0,0.0,0.0,0.0,0.0,0.0,1.0,0.0,0.0,0.0,1.0,0.06836734693877553,0.09090909090909091,0.09090909090909091,0.0,0.1111111111111111,3,4,0,0,0,0,1,0,0.0,0.0,0.00020541394118742096,269000.0
10672481,1,0.0,1.0,0.0,1.0,0.0,0.0,0.0,0.0,0.0,0.0,0.0,0.0,0.0,0.0,0.0,0.0,0.0,1.0,0.0816326530612245,0.09090909090909091,0.09090909090909091,0.0,0.1111111111111111,1,2,0,0,0,0,1,1,0.0,0.0,7.336212185265035e-05,349000.0
10672483,1,0.0,1.0,0.0,0.0,0.0,1.0,0.0,0.0,0.0,0.0,0.0,0.0,0.0,0.0,0.0,0.0,0.0,1.0,0.17040816326530614,0.1818181818181818,0.09090909090909091,0.0,0.0,0,0,0,0,0,0,1,0,0.0,0.0,0.0005208710651538175,359000.0
10672486,0,0.0,1.0,0.0,0.0,0.0,0.0,0.0,0.0,0.0,0.0,0.0,0.0,0.0,1.0,0.0,0.0,1.0,0.0,0.0336734693877551,0.0,0.09090909090909091,0.0,0.0,4,2,1,0,0,0,0,0,0.0,0.0,0.0,195000.0
10672485,0,0.0,1.0,0.0,0.0,0.0,0.0,0.0,0.0,0.0,0.0,0.0,0.0,0.0,1.0,0.0,0.0,1.0,0.0,0.0816326530612245,0.09090909090909091,0.09090909090909091,0.0,0.05555555555555555,5,3,1,0,0,0,0,0,0.0,0.0,0.0,499000.0
10672491,0,0.0,1.0,0.0,0.0,0.0,0.0,1.0,0.0,0.0,0.0,0.0,0.0,0.0,0.0,0.0,0.0,0.0,1.0,0.10204081632653061,0.09090909090909091,0.09090909090909091,0.07142857142857142,0.1111111111111111,1,1,1,0,0,0,0,1,0.0,0.14,0.0,397000.0
10672493,1,0.0,1.0,0.0,0.0,0.0,0.0,0.0,0.0,0.0,0.0,0.0,0.0,0.0,1.0,1.0,0.0,0.0,0.0,0.1836734693877551,0.09090909090909091,0.18181818181818182,0.0,0.0,5,5,0,0,0,0,0,0,0.0,0.0,6.602590966738531e-05,395000.0
10672496,1,1.0,0.0,0.0,0.0,1.0,0.0,0.0,0.0,0.0,0.0,0.0,0.0,0.0,0.0,0.0,0.0,0.0,1.0,0.40408163265306124,0.36363636363636365,0.2727272727272727,0.0,0.2222222222222222,1,5,0,1,1,0,0,0,0.0,0.0,0.0010408251037844769,2150000.0
10672495,1,0.0,1.0,0.0,1.0,0.0,0.0,0.0,0.0,0.0,0.0,0.0,0.0,0.0,0.0,0.0,0.0,0.0,1.0,0.2693877551020408,0.09090909090909091,0.09090909090909091,0.0,0.0,0,3,0,0,0,0,0,0,0.0,0.0,0.0,225000.0
10672511,0,1.0,0.0,0.0,0.0,1.0,0.0,0.0,0.0,0.0,0.0,0.0,0.0,0.0,0.0,0.0,0.0,0.0,1.0,0.06938775510204082,0.09090909090909091,0.09090909090909091,0.0,0.05555555555555555,2,2,1,0,0,0,0,1,0.0,0.17,0.0,345000.0
10672499,0,0.0,1.0,0.0,0.0,0.0,0.0,0.0,0.0,0.0,0.0,0.0,0.0,0.0,1.0,1.0,0.0,0.0,0.0,0.16632653061224492,0.09090909090909091,0.09090909090909091,0.0,0.05555555555555555,1,2,1,0,0,0,0,0,0.0,0.0,0.0,625000.0
10672513,0,0.0,1.0,0.0,0.0,0.0,0.0,0.0,0.0,0.0,0.0,0.0,0.0,0.0,1.0,0.0,0.0,0.0,1.0,0.1,0.09090909090909091,0.18181818181818182,0.0,0.0,1,0,1,0,0,0,0,1,0.0,0.2,0.0,427300.0
10672523,0,0.0,1.0,0.0,1.0,0.0,0.0,0.0,0.0,0.0,0.0,0.0,0.0,0.0,0.0,0.0,0.0,0.0,1.0,0.06122448979591837,0.0,0.09090909090909091,0.0,0.05555555555555555,2,2,1,0,0,0,0,1,0.0,0.1,0.0,225000.0
10672512,0,1.0,0.0,0.0,0.0,1.0,0.0,0.0,0.0,0.0,0.0,0.0,0.0,0.0,0.0,1.0,0.0,0.0,0.0,0.10816326530612247,0.09090909090909091,0.18181818181818182,0.0,0.1111111111111111,1,2,1,0,1,0,0,1,0.0,0.06,0.0,810000.0
10672515,0,0.0,1.0,0.0,1.0,0.0,0.0,0.0,0.0,0.0,0.0,0.0,0.0,0.0,0.0,0.0,1.0,0.0,0.0,0.07244897959183674,0.0,0.09090909090909091,0.0,0.05555555555555555,4,3,0,1,0,0,0,0,0.0,0.0,0.0,189000.0
10672532,1,0.0,0.0,1.0,0.0,0.0,0.0,0.0,0.0,0.0,0.0,1.0,0.0,0.0,0.0,0.0,0.0,0.0,1.0,0.14285714285714288,0.2727272727272727,0.09090909090909091,0.07142857142857142,0.1111111111111111,4,4,0,0,0,0,0,1,0.0,0.0,0.0010454102364002675,270000.0
10541461,1,0.0,0.0,1.0,0.0,0.0,0.0,0.0,0.0,0.0,0.0,0.0,0.0,1.0,0.0,0.0,0.0,0.0,1.0,0.09591836734693879,0.0,0.09090909090909091,0.0,0.05555555555555555,4,4,0,0,0,0,0,0,0.0,0.0,0.0,160000.0
10672534,0,0.0,1.0,0.0,0.0,0.0,1.0,0.0,0.0,0.0,0.0,0.0,0.0,0.0,0.0,0.0,0.0,0.0,1.0,0.10204081632653061,0.1818181818181818,0.18181818181818182,0.0,0.1111111111111111,1,1,1,0,0,0,0,1,0.0,0.08,0.0,395000.0
10672527,0,0.0,1.0,0.0,0.0,0.0,1.0,0.0,0.0,0.0,0.0,0.0,0.0,0.0,0.0,0.0,0.0,0.0,1.0,0.15816326530612246,0.1818181818181818,0.18181818181818182,0.0,0.1111111111111111,1,1,1,0,0,0,1,1,0.45,0.13,0.0,510000.0
10672539,1,0.0,1.0,0.0,0.0,0.0,0.0,0.0,0.0,0.0,0.0,0.0,0.0,0.0,1.0,0.0,0.0,0.0,1.0,0.17346938775510207,0.2727272727272727,0.09090909090909091,0.0,0.0,5,0,0,0,0,0,0,0,0.0,0.0,0.006620014470678536,395000.0
10672556,1,0.0,0.0,1.0,0.0,0.0,0.0,0.0,0.0,0.0,0.0,0.0,0.0,1.0,0.0,0.0,0.0,0.0,1.0,0.23979591836734696,0.36363636363636365,0.2727272727272727,0.0,0.16666666666666666,1,4,0,0,0,0,1,1,0.8,0.6,0.0010325718650760537,749000.0
10672557,1,0.0,0.0,1.0,0.0,0.0,0.0,0.0,0.0,0.0,0.0,0.0,0.0,1.0,0.0,0.0,0.0,0.0,1.0,0.2142857142857143,0.2727272727272727,0.18181818181818182,0.07142857142857142,0.1111111111111111,1,3,0,0,0,0,1,1,0.4,0.24,0.0005080326938296036,575000.0
10672550,1,0.0,1.0,0.0,0.0,0.0,0.0,0.0,0.0,0.0,0.0,0.0,0.0,0.0,1.0,1.0,0.0,0.0,0.0,0.06020408163265307,0.1818181818181818,0.0,0.0,0.05555555555555555,5,6,0,0,0,0,0,0,0.0,0.0,6.419185662106905e-05,205000.0
10672564,0,0.0,1.0,0.0,0.0,0.0,1.0,0.0,0.0,0.0,0.0,0.0,0.0,0.0,0.0,1.0,0.0,0.0,0.0,0.07653061224489796,0.1818181818181818,0.09090909090909091,0.0,0.05555555555555555,0,2,0,0,0,0,0,1,0.0,0.0,0.0,419000.0
10672559,0,0.0,0.0,1.0,0.0,0.0,0.0,0.0,0.0,0.0,0.0,0.0,0.0,1.0,0.0,0.0,0.0,1.0,0.0,0.06632653061224492,0.09090909090909091,0.09090909090909091,0.0,0.05555555555555555,4,2,1,0,0,0,0,1,0.0,0.06,0.0,280000.0
10672561,1,0.0,1.0,0.0,1.0,0.0,0.0,0.0,0.0,0.0,0.0,0.0,0.0,0.0,0.0,0.0,0.0,0.0,1.0,0.30918367346938774,0.1818181818181818,0.18181818181818182,0.0,0.0,0,3,0,0,0,0,0,1,0.0,0.4,0.0006419185662106905,799000.0
10672565,0,0.0,1.0,0.0,0.0,0.0,1.0,0.0,0.0,0.0,0.0,0.0,0.0,0.0,0.0,1.0,0.0,0.0,0.0,0.07653061224489796,0.1818181818181818,0.09090909090909091,0.0,0.05555555555555555,0,1,0,0,0,0,0,1,0.0,0.0,0.0,419000.0
10672578,1,0.0,1.0,0.0,0.0,0.0,0.0,1.0,0.0,0.0,0.0,0.0,0.0,0.0,0.0,0.0,0.0,0.0,1.0,0.1438775510204082,0.1818181818181818,0.09090909090909091,0.0,0.1111111111111111,3,6,0,1,0,0,0,1,0.0,0.0,0.0002778590365169132,495000.0
10672576,0,0.0,1.0,0.0,1.0,0.0,0.0,0.0,0.0,0.0,0.0,0.0,0.0,0.0,0.0,0.0,0.0,0.0,1.0,0.051020408163265314,0.0,0.09090909090909091,0.0,0.05555555555555555,0,2,0,1,0,0,0,1,0.0,0.13,0.0,275000.0
10672580,1,1.0,0.0,0.0,0.0,1.0,0.0,0.0,0.0,0.0,0.0,0.0,0.0,0.0,0.0,0.0,0.0,0.0,1.0,0.09897959183673471,0.1818181818181818,0.18181818181818182,0.0,0.1111111111111111,2,0,0,1,0,0,0,1,0.0,0.0,0.00017698611896951896,545000.0
10672579,0,1.0,0.0,0.0,0.0,1.0,0.0,0.0,0.0,0.0,0.0,0.0,0.0,0.0,0.0,0.0,0.0,0.0,1.0,0.09897959183673471,0.1818181818181818,0.18181818181818182,0.0,0.1111111111111111,2,0,0,1,0,0,0,1,0.0,0.0,0.0,545000.0
10672573,1,0.0,1.0,0.0,0.0,0.0,0.0,0.0,0.0,0.0,0.0,0.0,0.0,0.0,1.0,0.0,0.0,0.0,1.0,0.42040816326530617,0.36363636363636365,0.18181818181818182,0.0,0.1111111111111111,0,2,0,0,0,0,1,1,0.0,0.0,0.0007391233776654522,550000.0
10672591,1,0.0,1.0,0.0,0.0,0.0,0.0,0.0,0.0,0.0,0.0,0.0,0.0,0.0,1.0,0.0,0.0,0.0,1.0,0.15408163265306124,0.1818181818181818,0.09090909090909091,0.0,0.05555555555555555,3,6,0,0,0,0,1,0,0.0,0.0,0.000290697407841127,300000.0
10672589,0,0.0,1.0,0.0,0.0,0.0,1.0,0.0,0.0,0.0,0.0,0.0,0.0,0.0,0.0,1.0,0.0,0.0,0.0,0.05816326530612246,0.0,0.09090909090909091,0.0,0.05555555555555555,3,2,1,1,0,0,0,1,0.0,0.01,0.0,295000.0
10672586,1,0.0,0.0,1.0,0.0,0.0,0.0,0.0,1.0,0.0,0.0,0.0,0.0,0.0,0.0,0.0,0.0,0.0,1.0,0.020408163265306124,0.0,0.09090909090909091,0.0,0.0,0,7,0,1,0,0,0,0,0.0,0.0,0.0001283837132421381,85000.0
10672582,1,0.0,1.0,0.0,1.0,0.0,0.0,0.0,0.0,0.0,0.0,0.0,0.0,0.0,0.0,0.0,0.0,1.0,0.0,0.11020408163265308,0.1818181818181818,0.09090909090909091,0.0,0.05555555555555555,3,1,0,0,0,0,1,1,0.17500000000000002,0.42,0.00023567581645163923,395000.0
10279397,0,0.0,1.0,0.0,0.0,0.0,0.0,0.0,0.0,0.0,0.0,0.0,0.0,0.0,1.0,0.0,0.0,1.0,0.0,0.06122448979591837,0.1818181818181818,0.09090909090909091,0.0,0.0,0,6,1,0,0,0,0,0,0.0,0.0,0.0,550000.0
10672612,0,0.0,0.0,1.0,0.0,0.0,0.0,0.0,1.0,0.0,0.0,0.0,0.0,0.0,0.0,0.0,0.0,0.0,1.0,0.12244897959183676,0.09090909090909091,0.09090909090909091,0.07142857142857142,0.1111111111111111,1,3,0,1,0,0,0,1,0.0,0.23,0.0,300000.0
10672616,1,0.0,0.0,1.0,0.0,0.0,0.0,0.0,0.0,0.0,0.0,0.0,1.0,0.0,0.0,0.0,0.0,1.0,0.0,0.20408163265306126,0.1818181818181818,0.09090909090909091,0.0,0.05555555555555555,1,4,0,1,1,0,0,1,0.0,0.0,0.0,350000.0
10672620,0,0.0,0.0,1.0,0.0,0.0,0.0,0.0,1.0,0.0,0.0,0.0,0.0,0.0,0.0,0.0,0.0,0.0,1.0,0.12244897959183676,0.09090909090909091,0.09090909090909091,0.07142857142857142,0.1111111111111111,1,3,0,1,0,0,0,1,0.0,0.23,0.0,300000.0
10672613,0,0.0,0.0,1.0,0.0,0.0,0.0,0.0,0.0,0.0,0.0,0.0,1.0,0.0,0.0,0.0,0.0,0.0,1.0,0.04081632653061225,0.0,0.09090909090909091,0.0,0.05555555555555555,3,3,1,1,0,0,0,0,0.0,0.0,0.0,150000.0
10672619,0,0.0,0.0,1.0,0.0,0.0,0.0,0.0,1.0,0.0,0.0,0.0,0.0,0.0,0.0,0.0,0.0,0.0,1.0,0.12244897959183676,0.09090909090909091,0.09090909090909091,0.07142857142857142,0.1111111111111111,1,3,0,1,0,0,0,1,0.0,0.23,0.0,300000.0
10672621,0,0.0,0.0,1.0,0.0,0.0,0.0,0.0,1.0,0.0,0.0,0.0,0.0,0.0,0.0,0.0,0.0,0.0,1.0,0.12244897959183676,0.09090909090909091,0.09090909090909091,0.07142857142857142,0.1111111111111111,1,3,0,1,0,0,0,1,0.0,0.23,0.0,300000.0
10672622,1,0.0,0.0,1.0,0.0,0.0,0.0,0.0,1.0,0.0,0.0,0.0,0.0,0.0,0.0,0.0,0.0,0.0,1.0,0.12244897959183676,0.09090909090909091,0.09090909090909091,0.07142857142857142,0.1111111111111111,1,3,0,1,0,0,0,1,0.0,0.23,0.00017056693330741205,300000.0
10672624,1,0.0,0.0,1.0,0.0,0.0,0.0,0.0,1.0,0.0,0.0,0.0,0.0,0.0,0.0,0.0,0.0,0.0,1.0,0.12244897959183676,0.09090909090909091,0.09090909090909091,0.07142857142857142,0.1111111111111111,1,3,0,1,0,0,0,1,0.0,0.23,0.00017056693330741205,300000.0
10672625,1,0.0,1.0,0.0,0.0,0.0,0.0,0.0,0.0,0.0,0.0,0.0,0.0,0.0,1.0,0.0,0.0,1.0,0.0,0.1836734693877551,0.36363636363636365,0.0,0.0,0.0,3,5,0,0,0,0,1,1,0.0,0.0,0.0010985977747434389,625000.0
10672626,1,0.0,1.0,0.0,0.0,0.0,0.0,0.0,0.0,0.0,0.0,0.0,0.0,0.0,1.0,0.0,0.0,1.0,0.0,0.2479591836734694,0.1818181818181818,0.09090909090909091,0.0,0.1111111111111111,1,2,0,0,0,0,1,1,0.0,0.0,0.0008775943826623298,895000.0
10672627,1,0.0,1.0,0.0,0.0,0.0,0.0,0.0,0.0,0.0,0.0,0.0,0.0,0.0,1.0,0.0,0.0,1.0,0.0,0.2479591836734694,0.1818181818181818,0.09090909090909091,0.0,0.1111111111111111,0,2,0,0,0,0,0,1,0.0,0.0,0.0008775943826623298,895000.0
10672628,1,0.0,1.0,0.0,0.0,0.0,0.0,0.0,0.0,0.0,0.0,0.0,0.0,0.0,1.0,0.0,0.0,1.0,0.0,0.2306122448979592,0.1818181818181818,0.09090909090909091,0.0,0.1111111111111111,3,5,0,0,0,0,1,1,0.0,0.0,0.0004906091898895992,795000.0
10672632,1,0.0,1.0,0.0,0.0,0.0,1.0,0.0,0.0,0.0,0.0,0.0,0.0,0.0,0.0,0.0,0.0,0.0,1.0,0.17346938775510207,0.1818181818181818,0.09090909090909091,0.0,0.0,1,0,0,0,0,0,1,1,0.0,0.0,0.0002246714981737417,410000.0
10672634,0,0.0,1.0,0.0,0.0,0.0,0.0,0.0,0.0,1.0,0.0,0.0,0.0,0.0,0.0,0.0,0.0,1.0,0.0,0.030612244897959183,0.0,0.09090909090909091,0.0,0.0,0,0,1,0,0,0,0,1,0.0,0.05,0.0,169000.0
10672667,0,1.0,0.0,0.0,0.0,1.0,0.0,0.0,0.0,0.0,0.0,0.0,0.0,0.0,0.0,0.0,1.0,0.0,0.0,0.023469387755102045,0.0,0.09090909090909091,0.0,0.05555555555555555,1,4,1,0,0,0,0,1,0.0,0.08,0.0,200000.0
10672629,1,0.0,0.0,1.0,0.0,0.0,0.0,0.0,0.0,0.0,0.0,0.0,1.0,0.0,0.0,0.0,0.0,0.0,1.0,0.20102040816326533,0.2727272727272727,0.09090909090909091,0.0,0.0,1,0,0,0,0,0,0,0,0.0,0.0,0.0011453661274245035,369000.0
10672649,1,0.0,0.0,1.0,0.0,0.0,0.0,0.0,0.0,0.0,0.0,1.0,0.0,0.0,0.0,0.0,0.0,0.0,1.0,0.19387755102040818,0.1818181818181818,0.0,0.14285714285714285,0.0,4,5,0,1,0,0,0,0,0.0,0.0,0.001105933986928704,320000.0
10672672,1,0.0,1.0,0.0,0.0,0.0,0.0,0.0,0.0,0.0,0.0,0.0,0.0,0.0,1.0,0.0,0.0,0.0,1.0,0.5408163265306123,0.36363636363636365,0.0,0.0,0.0,0,2,0,0,0,0,0,0,0.0,0.0,0.0019230046190625973,650000.0
10672675,1,0.0,1.0,0.0,0.0,0.0,0.0,0.0,0.0,0.0,0.0,0.0,0.0,0.0,1.0,0.0,0.0,1.0,0.0,0.2275510204081633,0.2727272727272727,0.18181818181818182,0.0,0.0,0,5,0,0,0,0,0,0,0.0,0.0,0.00016414774764530516,220000.0
10672674,1,0.0,1.0,0.0,0.0,0.0,0.0,0.0,0.0,0.0,0.0,0.0,0.0,0.0,1.0,0.0,0.0,1.0,0.0,0.20102040816326533,0.1818181818181818,0.09090909090909091,0.0,0.1111111111111111,3,6,0,0,0,0,1,0,0.0,0.0,0.00036681060926325174,205000.0
10672678,1,0.0,1.0,0.0,0.0,0.0,0.0,0.0,0.0,0.0,0.0,0.0,0.0,0.0,1.0,0.0,0.0,0.0,1.0,0.28775510204081634,0.4545454545454545,0.0,0.0,0.0,3,3,0,0,0,0,0,1,0.0,0.0,0.00013847100499687754,335000.0
10672680,1,0.0,1.0,0.0,0.0,0.0,0.0,0.0,0.0,0.0,0.0,0.0,0.0,0.0,1.0,0.0,0.0,0.0,1.0,0.2163265306122449,0.2727272727272727,0.18181818181818182,0.0,0.16666666666666666,0,2,0,0,0,0,0,0,0.0,0.0,0.00016506477416846328,380000.0
10672683,1,0.0,1.0,0.0,0.0,0.0,1.0,0.0,0.0,0.0,0.0,0.0,0.0,0.0,0.0,0.0,0.0,1.0,0.0,0.12244897959183676,0.1818181818181818,0.09090909090909091,0.0,0.1111111111111111,0,3,0,0,0,0,1,0,0.0,0.0,0.0002567674264842762,395000.0
10672685,1,0.0,1.0,0.0,1.0,0.0,0.0,0.0,0.0,0.0,0.0,0.0,0.0,0.0,0.0,0.0,0.0,1.0,0.0,0.04693877551020408,0.09090909090909091,0.09090909090909091,0.0,0.05555555555555555,3,6,0,0,0,0,0,0,0.0,0.0,7.611320142212473e-05,159000.0
10672687,1,0.0,1.0,0.0,0.0,0.0,0.0,0.0,0.0,0.0,0.0,0.0,0.0,0.0,1.0,0.0,0.0,1.0,0.0,0.18265306122448982,0.2727272727272727,0.18181818181818182,0.0,0.0,3,3,0,1,0,0,0,0,0.0,0.0,0.00016964990678425393,485000.0
10672691,1,1.0,0.0,0.0,0.0,1.0,0.0,0.0,0.0,0.0,0.0,0.0,0.0,0.0,0.0,0.0,1.0,0.0,0.0,0.336734693877551,0.4545454545454545,0.18181818181818182,0.14285714285714285,0.3333333333333333,3,7,0,0,0,0,1,1,0.232,0.0,0.00039157032538852124,1590000.0
10672688,0,0.0,1.0,0.0,0.0,0.0,0.0,0.0,0.0,0.0,0.0,0.0,0.0,0.0,1.0,0.0,0.0,1.0,0.0,0.09387755102040818,0.1818181818181818,0.18181818181818182,0.0,0.1111111111111111,3,2,1,1,0,0,0,1,0.0,0.22,0.0,395000.0
10672712,0,0.0,0.0,1.0,0.0,0.0,0.0,0.0,0.0,0.0,0.0,0.0,1.0,0.0,0.0,1.0,0.0,0.0,0.0,0.051020408163265314,0.0,0.09090909090909091,0.07142857142857142,0.05555555555555555,3,7,0,0,0,0,0,0,0.0,0.0,0.0,175000.0
10672692,1,1.0,0.0,0.0,0.0,1.0,0.0,0.0,0.0,0.0,0.0,0.0,0.0,0.0,0.0,0.0,0.0,0.0,1.0,0.336734693877551,0.4545454545454545,0.18181818181818182,0.14285714285714285,0.3333333333333333,3,7,0,0,0,0,1,1,0.232,0.0,0.00039157032538852124,1590000.0
10672715,1,0.0,1.0,0.0,1.0,0.0,0.0,0.0,0.0,0.0,0.0,0.0,0.0,0.0,0.0,0.0,0.0,0.0,1.0,0.15714285714285717,0.1818181818181818,0.18181818181818182,0.0,0.05555555555555555,0,3,0,0,0,0,0,1,0.0,0.0,0.0005933161604833097,439000.0
10672717,1,0.0,1.0,0.0,0.0,0.0,0.0,0.0,0.0,0.0,0.0,0.0,0.0,0.0,1.0,0.0,0.0,0.0,1.0,0.08469387755102042,0.1818181818181818,0.09090909090909091,0.0,0.05555555555555555,0,6,0,0,0,0,1,0,0.05,0.0,0.00013205181933477063,113500.0
10672718,0,0.0,1.0,0.0,0.0,0.0,1.0,0.0,0.0,0.0,0.0,0.0,0.0,0.0,0.0,0.0,0.0,0.0,1.0,0.06020408163265307,0.09090909090909091,0.0,0.0,0.0,3,1,0,0,0,0,0,0,0.0,0.0,0.0,255000.0
10672728,0,0.0,1.0,0.0,0.0,0.0,0.0,0.0,0.0,0.0,0.0,0.0,0.0,0.0,1.0,0.0,0.0,0.0,1.0,0.04897959183673469,0.0,0.09090909090909091,0.0,0.05555555555555555,1,2,1,0,0,0,0,1,0.0,0.0,0.0,365000.0
10672720,1,0.0,1.0,0.0,0.0,0.0,1.0,0.0,0.0,0.0,0.0,0.0,0.0,0.0,0.0,0.0,0.0,0.0,1.0,0.21836734693877555,0.1818181818181818,0.09090909090909091,0.0,0.1111111111111111,3,5,0,0,0,0,0,0,0.0,0.0,0.0006254120887938442,350000.0
10672734,1,0.0,0.0,1.0,0.0,0.0,0.0,0.0,0.0,0.0,0.0,0.0,1.0,0.0,0.0,0.0,0.0,0.0,1.0,0.17346938775510207,0.2727272727272727,0.09090909090909091,0.07142857142857142,0.1111111111111111,5,5,0,0,0,0,0,1,0.0,0.0,0.0006712634149517507,275000.0
10672733,1,0.0,1.0,0.0,1.0,0.0,0.0,0.0,0.0,0.0,0.0,0.0,0.0,0.0,0.0,0.0,0.0,0.0,1.0,0.08571428571428572,0.1818181818181818,0.09090909090909091,0.0,0.05555555555555555,5,5,0,1,0,0,0,0,0.0,0.0,0.00011004318277897552,189000.0
10672739,1,0.0,1.0,0.0,0.0,0.0,0.0,0.0,0.0,0.0,0.0,0.0,0.0,0.0,1.0,0.0,0.0,1.0,0.0,0.15306122448979595,0.1818181818181818,0.18181818181818182,0.0,0.1111111111111111,0,2,0,0,0,0,1,1,0.0,0.0,8.069833403791538e-05,1195000.0
10672737,0,0.0,1.0,0.0,0.0,0.0,0.0,0.0,0.0,0.0,0.0,0.0,0.0,0.0,1.0,0.0,0.0,1.0,0.0,0.11836734693877551,0.1818181818181818,0.18181818181818182,0.0,0.0,0,3,1,0,0,0,0,1,0.0,0.0,0.0,1750000.0
10672738,0,0.0,1.0,0.0,0.0,0.0,0.0,0.0,0.0,0.0,0.0,0.0,0.0,0.0,1.0,0.0,0.0,1.0,0.0,0.13571428571428573,0.1818181818181818,0.18181818181818182,0.0,0.0,0,3,0,0,0,0,1,1,0.0,0.0,0.0,1650000.0
10672731,0,0.0,1.0,0.0,0.0,0.0,0.0,0.0,0.0,0.0,0.0,0.0,0.0,0.0,1.0,0.0,0.0,0.0,1.0,0.04489795918367347,0.09090909090909091,0.09090909090909091,0.0,0.0,5,5,0,0,0,0,0,1,0.0,0.0,0.0,235000.0
10672742,1,0.0,1.0,0.0,0.0,0.0,0.0,0.0,0.0,1.0,0.0,0.0,0.0,0.0,0.0,0.0,0.0,0.0,1.0,0.7795918367346939,0.5454545454545454,0.0,0.0,0.0,0,2,0,0,0,0,0,0,0.0,0.0,0.00184322331154784,819000.0
10672744,1,0.0,1.0,0.0,1.0,0.0,0.0,0.0,0.0,0.0,0.0,0.0,0.0,0.0,0.0,0.0,0.0,0.0,1.0,0.20408163265306126,0.1818181818181818,0.09090909090909091,0.0,0.0,3,4,0,1,0,0,0,0,0.0,0.0,0.003218763096285034,590000.0
10672746,1,0.0,1.0,0.0,0.0,0.0,1.0,0.0,0.0,0.0,0.0,0.0,0.0,0.0,0.0,0.0,0.0,0.0,1.0,0.1948979591836735,0.1818181818181818,0.09090909090909091,0.0,0.0,0,0,0,0,0,0,0,0,0.0,0.0,0.00032371036267481965,425000.0
10672743,1,0.0,1.0,0.0,1.0,0.0,0.0,0.0,0.0,0.0,0.0,0.0,0.0,0.0,0.0,0.0,1.0,0.0,0.0,0.09183673469387757,0.09090909090909091,0.09090909090909091,0.0,0.05555555555555555,2,2,0,0,0,0,0,1,0.0,0.15,3.668106092632517e-05,299000.0
10672748,0,0.0,1.0,0.0,0.0,0.0,1.0,0.0,0.0,0.0,0.0,0.0,0.0,0.0,0.0,1.0,0.0,0.0,0.0,0.0979591836734694,0.09090909090909091,0.09090909090909091,0.0,0.05555555555555555,1,0,0,0,0,0,1,0,0.0,0.0,0.0,430000.0
10672750,1,0.0,0.0,1.0,0.0,0.0,0.0,0.0,0.0,0.0,1.0,0.0,0.0,0.0,0.0,1.0,0.0,0.0,0.0,0.12244897959183676,0.1818181818181818,0.09090909090909091,0.07142857142857142,0.1111111111111111,1,7,0,0,0,0,1,1,0.06,0.4,0.0002595185060537506,244900.0
10672751,1,0.0,1.0,0.0,0.0,0.0,0.0,0.0,0.0,0.0,0.0,0.0,0.0,0.0,1.0,0.0,0.0,1.0,0.0,0.1622448979591837,0.1818181818181818,0.18181818181818182,0.0,0.0,0,3,0,0,0,0,0,1,0.0,0.0,0.00025126526734532744,425000.0
10672749,0,0.0,1.0,0.0,0.0,0.0,1.0,0.0,0.0,0.0,0.0,0.0,0.0,0.0,0.0,1.0,0.0,0.0,0.0,0.07142857142857142,0.09090909090909091,0.09090909090909091,0.0,0.05555555555555555,0,2,0,1,0,0,0,0,0.0,0.0,0.0,340000.0
10672754,0,0.0,1.0,0.0,0.0,0.0,0.0,0.0,0.0,0.0,0.0,0.0,0.0,0.0,1.0,0.0,0.0,1.0,0.0,0.09183673469387757,0.1818181818181818,0.18181818181818182,0.0,0.1111111111111111,3,0,1,0,0,0,0,0,0.0,0.0,0.0,1395000.0
10672755,1,0.0,1.0,0.0,0.0,0.0,0.0,0.0,0.0,0.0,0.0,0.0,0.0,0.0,1.0,0.0,0.0,1.0,0.0,0.15306122448979595,0.1818181818181818,0.09090909090909091,0.0,0.1111111111111111,3,2,0,0,0,0,0,0,0.0,0.0,0.0,1195000.0
10672760,1,0.0,1.0,0.0,0.0,0.0,0.0,0.0,0.0,0.0,0.0,0.0,0.0,0.0,1.0,1.0,0.0,0.0,0.0,0.05510204081632653,0.1818181818181818,0.0,0.07142857142857142,0.05555555555555555,4,3,0,0,0,0,1,0,0.0,0.0,7.15280688063341e-05,270000.0
10672763,1,0.0,1.0,0.0,0.0,0.0,1.0,0.0,0.0,0.0,0.0,0.0,0.0,0.0,0.0,1.0,0.0,0.0,0.0,0.15306122448979595,0.1818181818181818,0.09090909090909091,0.0,0.05555555555555555,1,0,0,0,0,0,1,1,0.0,0.0,0.00014764127022845884,439000.0
10672762,1,0.0,1.0,0.0,0.0,0.0,1.0,0.0,0.0,0.0,0.0,0.0,0.0,0.0,0.0,1.0,0.0,0.0,0.0,0.09183673469387757,0.09090909090909091,0.0,0.0,0.0,1,3,0,0,0,0,0,0,0.0,0.0,6.87769892368597e-05,249000.0
10672764,1,0.0,1.0,0.0,0.0,0.0,1.0,0.0,0.0,0.0,0.0,0.0,0.0,0.0,0.0,1.0,0.0,0.0,0.0,0.0816326530612245,0.0,0.09090909090909091,0.0,0.05555555555555555,2,3,0,0,0,0,0,1,0.0,0.0,5.0436458773697115e-05,420000.0
10672770,0,0.0,1.0,0.0,1.0,0.0,0.0,0.0,0.0,0.0,0.0,0.0,0.0,0.0,0.0,0.0,0.0,1.0,0.0,0.1785714285714286,0.1818181818181818,0.09090909090909091,0.0,0.1111111111111111,3,2,1,1,0,0,0,0,0.0,0.0,0.0,745000.0
10672776,0,0.0,1.0,0.0,0.0,0.0,0.0,0.0,0.0,0.0,0.0,0.0,0.0,0.0,1.0,0.0,0.0,0.0,1.0,0.028571428571428574,0.0,0.09090909090909091,0.0,0.05555555555555555,3,2,1,0,0,0,0,1,0.0,0.05,0.0,185000.0
10672778,0,0.0,1.0,0.0,0.0,0.0,1.0,0.0,0.0,0.0,0.0,0.0,0.0,0.0,0.0,1.0,0.0,0.0,0.0,0.1275510204081633,0.1818181818181818,0.09090909090909091,0.0,0.1111111111111111,4,2,1,0,0,0,0,1,0.0,0.03,0.0,549000.0
10672779,0,0.0,1.0,0.0,0.0,0.0,1.0,0.0,0.0,0.0,0.0,0.0,0.0,0.0,0.0,1.0,0.0,0.0,0.0,0.1316326530612245,0.1818181818181818,0.18181818181818182,0.0,0.1111111111111111,1,0,1,0,0,0,0,1,0.0,0.5,0.0,980000.0
10672784,0,0.0,1.0,0.0,0.0,0.0,1.0,0.0,0.0,0.0,0.0,0.0,0.0,0.0,0.0,0.0,0.0,1.0,0.0,0.04897959183673469,0.0,0.09090909090909091,0.0,0.05555555555555555,3,0,0,0,0,0,0,1,0.0,0.16,0.0,173000.0
10672788,1,0.0,1.0,0.0,0.0,0.0,0.0,0.0,0.0,1.0,0.0,0.0,0.0,0.0,0.0,0.0,0.0,0.0,1.0,0.1326530612244898,0.1818181818181818,0.09090909090909091,0.0,0.05555555555555555,1,4,0,1,0,0,1,1,0.4,0.06,0.0005777267095896215,295000.0
10672795,0,0.0,1.0,0.0,0.0,0.0,0.0,0.0,0.0,0.0,0.0,0.0,0.0,0.0,1.0,0.0,0.0,1.0,0.0,0.06938775510204082,0.1818181818181818,0.18181818181818182,0.0,0.0,0,0,0,0,0,0,1,0,0.0,0.0,0.0,795000.0
10672794,0,0.0,1.0,0.0,0.0,0.0,0.0,0.0,0.0,0.0,0.0,0.0,0.0,0.0,1.0,0.0,0.0,1.0,0.0,0.06938775510204082,0.1818181818181818,0.18181818181818182,0.0,0.0,0,2,0,0,0,0,0,0,0.0,0.0,0.0,795000.0
10672792,0,0.0,1.0,0.0,0.0,0.0,0.0,0.0,0.0,0.0,0.0,0.0,0.0,0.0,1.0,0.0,0.0,1.0,0.0,0.06122448979591837,0.09090909090909091,0.09090909090909091,0.0,0.0,0,0,0,0,0,0,0,0,0.0,0.0,0.0,485000.0
10672793,0,0.0,1.0,0.0,0.0,0.0,0.0,0.0,0.0,0.0,0.0,0.0,0.0,0.0,1.0,0.0,0.0,1.0,0.0,0.0836734693877551,0.1818181818181818,0.18181818181818182,0.0,0.1111111111111111,0,2,0,0,0,0,0,1,0.0,0.06,0.0,895000.0
10672808,0,0.0,1.0,0.0,1.0,0.0,0.0,0.0,0.0,0.0,0.0,0.0,0.0,0.0,0.0,0.0,0.0,1.0,0.0,0.07142857142857142,0.09090909090909091,0.09090909090909091,0.0,0.05555555555555555,1,2,0,1,0,0,1,1,0.006,0.05,0.0,339000.0
10672796,0,0.0,1.0,0.0,0.0,0.0,0.0,0.0,0.0,0.0,0.0,0.0,0.0,0.0,1.0,0.0,0.0,1.0,0.0,0.06224489795918368,0.09090909090909091,0.09090909090909091,0.0,0.05555555555555555,3,0,0,0,0,0,1,0,0.0,0.0,0.0,425000.0
10672803,0,0.0,0.0,1.0,0.0,0.0,0.0,0.0,0.0,0.0,1.0,0.0,0.0,0.0,0.0,1.0,0.0,0.0,0.0,0.059183673469387764,0.09090909090909091,0.09090909090909091,0.0,0.05555555555555555,3,4,1,0,0,0,0,1,0.0,0.02,0.0,185000.0
10672804,1,0.0,0.0,1.0,0.0,0.0,0.0,0.0,0.0,0.0,0.0,0.0,1.0,0.0,0.0,0.0,0.0,1.0,0.0,0.12244897959183676,0.1818181818181818,0.09090909090909091,0.0,0.1111111111111111,0,2,0,0,0,0,1,1,0.0,0.3,0.0011426150478550292,499000.0
10672819,0,0.0,1.0,0.0,1.0,0.0,0.0,0.0,0.0,0.0,0.0,0.0,0.0,0.0,0.0,0.0,0.0,1.0,0.0,0.06938775510204082,0.09090909090909091,0.0,0.07142857142857142,0.05555555555555555,2,0,0,0,0,0,0,0,0.0,0.0,0.0,269000.0
10672824,1,0.0,1.0,0.0,0.0,0.0,0.0,0.0,0.0,0.0,0.0,0.0,0.0,0.0,1.0,0.0,0.0,1.0,0.0,0.15306122448979595,0.1818181818181818,0.18181818181818182,0.0,0.1111111111111111,0,2,0,0,0,0,1,1,0.0,0.0,8.069833403791538e-05,1195000.0
10672821,1,0.0,1.0,0.0,0.0,0.0,0.0,0.0,0.0,1.0,0.0,0.0,0.0,0.0,0.0,0.0,0.0,0.0,1.0,0.18979591836734697,0.2727272727272727,0.09090909090909091,0.0,0.1111111111111111,3,4,0,0,0,0,0,1,0.0,0.0,0.0008152365790875769,365000.0
10672823,0,1.0,0.0,0.0,0.0,1.0,0.0,0.0,0.0,0.0,0.0,0.0,0.0,0.0,0.0,0.0,0.0,0.0,1.0,0.07346938775510206,0.09090909090909091,0.09090909090909091,0.0,0.05555555555555555,4,5,1,0,0,0,0,1,0.0,0.06,0.0,295000.0
10672828,0,0.0,0.0,1.0,0.0,0.0,0.0,0.0,0.0,0.0,1.0,0.0,0.0,0.0,0.0,0.0,0.0,1.0,0.0,0.04591836734693878,0.0,0.0,0.0,0.0,3,3,1,0,0,0,0,1,0.0,0.06,0.0,130000.0
10672829,0,1.0,0.0,0.0,0.0,1.0,0.0,0.0,0.0,0.0,0.0,0.0,0.0,0.0,0.0,0.0,1.0,0.0,0.0,0.07142857142857142,0.1818181818181818,0.09090909090909091,0.0,0.0,4,5,0,0,0,0,0,0,0.0,0.0,0.0,363000.0
10672835,0,1.0,0.0,0.0,0.0,1.0,0.0,0.0,0.0,0.0,0.0,0.0,0.0,0.0,0.0,0.0,1.0,0.0,0.0,0.08673469387755103,0.0,0.09090909090909091,0.0,0.1111111111111111,4,4,0,0,0,0,0,1,0.0,0.3,0.0,319000.0
10672847,0,1.0,0.0,0.0,0.0,1.0,0.0,0.0,0.0,0.0,0.0,0.0,0.0,0.0,0.0,0.0,0.0,0.0,1.0,0.14285714285714288,0.09090909090909091,0.18181818181818182,0.14285714285714285,0.1111111111111111,1,5,1,0,0,0,0,1,0.0,0.13,0.0,599000.0
10672831,0,1.0,0.0,0.0,0.0,1.0,0.0,0.0,0.0,0.0,0.0,0.0,0.0,0.0,0.0,0.0,0.0,0.0,1.0,0.06632653061224492,0.09090909090909091,0.09090909090909091,0.0,0.05555555555555555,2,5,1,0,0,0,0,1,0.0,0.07,0.0,295000.0
10672834,0,0.0,1.0,0.0,0.0,0.0,1.0,0.0,0.0,0.0,0.0,0.0,0.0,0.0,0.0,1.0,0.0,0.0,0.0,0.11734693877551022,0.09090909090909091,0.18181818181818182,0.0,0.05555555555555555,0,3,1,1,0,0,0,1,0.0,1.0,0.0,775000.0
10672856,1,0.0,1.0,0.0,0.0,0.0,0.0,0.0,0.0,0.0,0.0,0.0,0.0,0.0,1.0,0.0,0.0,1.0,0.0,0.3642857142857143,0.36363636363636365,0.36363636363636365,0.0,0.0,1,2,0,0,1,0,0,1,0.0,0.0,0.0007895598364391494,3895000.0
10672848,0,1.0,0.0,0.0,0.0,1.0,0.0,0.0,0.0,0.0,0.0,0.0,0.0,0.0,0.0,0.0,0.0,0.0,1.0,0.04591836734693878,0.0,0.09090909090909091,0.0,0.05555555555555555,3,3,1,0,0,0,0,1,0.0,0.2,0.0,340000.0
10672857,0,0.0,1.0,0.0,0.0,0.0,0.0,0.0,0.0,0.0,0.0,0.0,0.0,0.0,1.0,0.0,0.0,1.0,0.0,0.07142857142857142,0.1818181818181818,0.18181818181818182,0.0,0.1111111111111111,2,3,1,0,0,0,0,1,0.0,0.0,0.0,1295000.0
10672855,0,0.0,1.0,0.0,0.0,0.0,1.0,0.0,0.0,0.0,0.0,0.0,0.0,0.0,0.0,0.0,0.0,0.0,1.0,0.06938775510204082,0.09090909090909091,0.09090909090909091,0.0,0.05555555555555555,1,0,1,0,0,0,0,1,0.0,0.12,0.0,275000.0
10672862,1,0.0,0.0,1.0,0.0,0.0,0.0,0.0,1.0,0.0,0.0,0.0,0.0,0.0,0.0,0.0,1.0,0.0,0.0,0.15306122448979595,0.1818181818181818,0.09090909090909091,0.0,0.1111111111111111,2,2,0,0,0,0,1,1,0.0,0.01,0.0005492988873717194,275000.0
10672864,1,0.0,1.0,0.0,0.0,0.0,1.0,0.0,0.0,0.0,0.0,0.0,0.0,0.0,0.0,0.0,1.0,0.0,0.0,0.22448979591836737,0.5454545454545454,0.2727272727272727,0.21428571428571427,0.16666666666666666,4,4,0,0,0,0,0,1,0.0,0.45,0.00014213911108951004,495000.0
10672865,1,0.0,1.0,0.0,0.0,0.0,1.0,0.0,0.0,0.0,0.0,0.0,0.0,0.0,0.0,0.0,0.0,1.0,0.0,0.3081632653061225,0.36363636363636365,0.09090909090909091,0.0,0.0,5,6,0,0,0,0,1,1,0.0,0.0,0.0004034916701895769,260000.0
10672860,0,1.0,0.0,0.0,0.0,1.0,0.0,0.0,0.0,0.0,0.0,0.0,0.0,0.0,0.0,0.0,0.0,0.0,1.0,0.051020408163265314,0.0,0.09090909090909091,0.07142857142857142,0.05555555555555555,5,7,0,0,0,0,0,0,0.0,0.0,0.0,149000.0
10672863,1,0.0,1.0,0.0,0.0,0.0,1.0,0.0,0.0,0.0,0.0,0.0,0.0,0.0,0.0,0.0,0.0,1.0,0.0,0.49183673469387756,0.6363636363636364,0.0,0.0,0.0,5,0,0,0,0,0,1,0,0.0,0.0,0.0006144077705159467,435000.0
10672869,0,0.0,1.0,0.0,0.0,0.0,0.0,1.0,0.0,0.0,0.0,0.0,0.0,0.0,0.0,1.0,0.0,0.0,0.0,0.07346938775510206,0.09090909090909091,0.09090909090909091,0.0,0.05555555555555555,2,2,1,0,0,0,1,1,0.0,0.11,0.0,395000.0
10672868,0,0.0,1.0,0.0,0.0,0.0,0.0,1.0,0.0,0.0,0.0,0.0,0.0,0.0,0.0,1.0,0.0,0.0,0.0,0.07346938775510206,0.09090909090909091,0.09090909090909091,0.0,0.05555555555555555,2,2,1,0,0,0,1,1,0.0,0.11,0.0,385000.0
10672872,1,0.0,1.0,0.0,0.0,0.0,1.0,0.0,0.0,0.0,0.0,0.0,0.0,0.0,0.0,0.0,0.0,1.0,0.0,0.163265306122449,0.1818181818181818,0.0,0.0,0.0,5,0,0,0,0,0,1,1,0.0,0.0,0.00021091610032636975,175000.0
10672876,0,0.0,1.0,0.0,0.0,0.0,0.0,0.0,0.0,0.0,0.0,0.0,0.0,0.0,1.0,0.0,0.0,0.0,1.0,0.03571428571428572,0.0,0.09090909090909091,0.0,0.0,5,2,1,0,0,0,0,0,0.0,0.0,0.0,125000.0
10672884,0,0.0,1.0,0.0,1.0,0.0,0.0,0.0,0.0,0.0,0.0,0.0,0.0,0.0,0.0,0.0,0.0,1.0,0.0,0.04795918367346939,0.09090909090909091,0.0,0.0,0.0,1,0,1,0,0,0,0,0,0.0,0.0,0.0,329000.0
10672885,0,0.0,1.0,0.0,1.0,0.0,0.0,0.0,0.0,0.0,0.0,0.0,0.0,0.0,0.0,0.0,0.0,1.0,0.0,0.10408163265306122,0.1818181818181818,0.0,0.0,0.0,1,0,1,0,0,0,0,0,0.0,0.0,0.0,439000.0
10672886,0,0.0,1.0,0.0,1.0,0.0,0.0,0.0,0.0,0.0,0.0,0.0,0.0,0.0,0.0,0.0,0.0,1.0,0.0,0.04795918367346939,0.09090909090909091,0.0,0.0,0.0,1,0,1,0,0,0,0,0,0.0,0.0,0.0,329000.0
10672882,1,0.0,1.0,0.0,0.0,0.0,0.0,0.0,0.0,0.0,0.0,0.0,0.0,0.0,1.0,0.0,0.0,0.0,1.0,0.16122448979591839,0.1818181818181818,0.09090909090909091,0.0,0.05555555555555555,1,6,0,0,0,0,1,1,0.0,0.0,0.0003127060443969221,339000.0
10672887,0,0.0,1.0,0.0,1.0,0.0,0.0,0.0,0.0,0.0,0.0,0.0,0.0,0.0,0.0,0.0,0.0,1.0,0.0,0.10408163265306122,0.1818181818181818,0.0,0.0,0.0,1,0,1,0,0,0,0,0,0.0,0.0,0.0,439000.0
10672894,1,0.0,1.0,0.0,0.0,0.0,0.0,1.0,0.0,0.0,0.0,0.0,0.0,0.0,0.0,0.0,1.0,0.0,0.0,0.12244897959183676,0.1818181818181818,0.09090909090909091,0.0,0.0,3,3,0,0,0,0,0,1,0.0,0.0,0.0,395000.0
10672892,0,0.0,1.0,0.0,0.0,0.0,0.0,1.0,0.0,0.0,0.0,0.0,0.0,0.0,0.0,1.0,0.0,0.0,0.0,0.06224489795918368,0.09090909090909091,0.09090909090909091,0.0,0.05555555555555555,3,2,1,0,0,0,0,1,0.0,0.12,0.0,295000.0
10672888,0,0.0,1.0,0.0,1.0,0.0,0.0,0.0,0.0,0.0,0.0,0.0,0.0,0.0,0.0,0.0,0.0,1.0,0.0,0.08775510204081632,0.1818181818181818,0.0,0.0,0.0,1,0,1,0,0,0,0,1,0.0,0.14,0.0,399000.0
10672895,0,0.0,1.0,0.0,0.0,0.0,0.0,1.0,0.0,0.0,0.0,0.0,0.0,0.0,0.0,0.0,1.0,0.0,0.0,0.051020408163265314,0.0,0.09090909090909091,0.0,0.05555555555555555,2,4,1,0,0,0,0,1,0.0,0.0,0.0,279000.0
10672897,0,0.0,0.0,1.0,0.0,0.0,0.0,0.0,0.0,0.0,1.0,0.0,0.0,0.0,0.0,0.0,1.0,0.0,0.0,0.10612244897959186,0.09090909090909091,0.09090909090909091,0.0,0.05555555555555555,0,2,1,0,0,0,0,1,0.0,0.04,0.0,211000.0
10672900,1,0.0,0.0,1.0,0.0,0.0,0.0,0.0,0.0,0.0,0.0,0.0,0.0,1.0,0.0,0.0,0.0,0.0,1.0,0.1326530612244898,0.1818181818181818,0.09090909090909091,0.0,0.05555555555555555,3,3,0,0,0,0,1,0,0.645,0.0,0.0005914821074369934,365000.0
10672908,1,0.0,0.0,1.0,0.0,0.0,0.0,0.0,0.0,0.0,0.0,1.0,0.0,0.0,0.0,0.0,0.0,0.0,1.0,0.20408163265306126,0.2727272727272727,0.09090909090909091,0.0,0.1111111111111111,3,4,0,1,0,0,1,1,1.0,0.5,0.0014030505804319378,680000.0
10672905,1,0.0,1.0,0.0,1.0,0.0,0.0,0.0,0.0,0.0,0.0,0.0,0.0,0.0,0.0,0.0,0.0,0.0,1.0,0.2091836734693878,0.1818181818181818,0.09090909090909091,0.0,0.1111111111111111,1,0,0,1,0,0,1,1,0.0,0.01,0.0006740144945212251,570000.0
10672912,1,0.0,1.0,0.0,0.0,0.0,0.0,1.0,0.0,0.0,0.0,0.0,0.0,0.0,0.0,0.0,0.0,0.0,1.0,0.14489795918367349,0.1818181818181818,0.09090909090909091,0.0,0.05555555555555555,5,0,0,1,0,0,1,1,1.0,0.28,0.008180793613093672,433000.0
10672920,1,0.0,0.0,1.0,0.0,0.0,0.0,0.0,0.0,0.0,1.0,0.0,0.0,0.0,0.0,0.0,0.0,0.0,1.0,0.12244897959183676,0.09090909090909091,0.09090909090909091,0.0,0.05555555555555555,1,3,0,0,0,0,1,1,0.1,0.15,0.0002815271426095457,205000.0
10672922,1,1.0,0.0,0.0,0.0,1.0,0.0,0.0,0.0,0.0,0.0,0.0,0.0,0.0,0.0,0.0,1.0,0.0,0.0,0.163265306122449,0.2727272727272727,0.09090909090909091,0.07142857142857142,0.1111111111111111,0,0,0,0,0,0,1,1,0.015,0.1,0.0,425000.0
10672928,1,0.0,0.0,1.0,0.0,0.0,0.0,0.0,0.0,0.0,0.0,0.0,0.0,1.0,0.0,0.0,0.0,0.0,1.0,0.1306122448979592,0.09090909090909091,0.09090909090909091,0.0,0.1111111111111111,4,4,0,0,0,0,1,1,0.20400000000000001,0.2,0.0002787760630400713,275000.0
10672924,1,0.0,0.0,1.0,0.0,0.0,0.0,0.0,0.0,0.0,1.0,0.0,0.0,0.0,0.0,0.0,0.0,1.0,0.0,0.163265306122449,0.2727272727272727,0.0,0.14285714285714285,0.16666666666666666,1,0,0,0,0,0,1,1,0.07,0.25,0.0,350000.0
10672930,0,0.0,1.0,0.0,1.0,0.0,0.0,0.0,0.0,0.0,0.0,0.0,0.0,0.0,0.0,0.0,0.0,0.0,1.0,0.10306122448979593,0.1818181818181818,0.09090909090909091,0.07142857142857142,0.1111111111111111,3,2,1,1,0,0,1,1,0.1,0.42,0.0,495000.0
10672938,1,0.0,1.0,0.0,0.0,0.0,1.0,0.0,0.0,0.0,0.0,0.0,0.0,0.0,0.0,1.0,0.0,0.0,0.0,0.10714285714285715,0.2727272727272727,0.09090909090909091,0.0,0.05555555555555555,3,0,0,0,0,0,1,0,0.051000000000000004,0.0,9.903886450107797e-05,355000.0
10672946,0,1.0,0.0,0.0,0.0,1.0,0.0,0.0,0.0,0.0,0.0,0.0,0.0,0.0,0.0,0.0,0.0,0.0,1.0,0.11224489795918369,0.1818181818181818,0.2727272727272727,0.14285714285714285,0.1111111111111111,1,0,0,0,0,0,1,1,0.04,0.15,0.0,515000.0
10672940,1,0.0,1.0,0.0,0.0,0.0,0.0,0.0,0.0,0.0,0.0,0.0,0.0,0.0,1.0,0.0,0.0,1.0,0.0,0.23469387755102042,0.1818181818181818,0.09090909090909091,0.0,0.1111111111111111,1,2,0,0,0,0,1,1,0.8,0.6,0.0008775943826623298,895000.0
10672948,1,0.0,0.0,1.0,0.0,0.0,0.0,0.0,0.0,0.0,1.0,0.0,0.0,0.0,0.0,0.0,0.0,0.0,1.0,0.17551020408163268,0.1818181818181818,0.09090909090909091,0.0,0.05555555555555555,3,7,0,1,0,0,0,0,0.0,0.0,0.0007382063511422941,159000.0
10672950,1,0.0,1.0,0.0,0.0,0.0,1.0,0.0,0.0,0.0,0.0,0.0,0.0,0.0,0.0,0.0,0.0,0.0,1.0,0.10408163265306122,0.1818181818181818,0.09090909090909091,0.07142857142857142,0.1111111111111111,1,2,0,0,0,0,1,1,0.5,0.16,0.0006813507067064901,398000.0
10672951,1,0.0,0.0,1.0,0.0,0.0,0.0,0.0,0.0,0.0,0.0,1.0,0.0,0.0,0.0,0.0,0.0,0.0,1.0,0.07857142857142857,0.1818181818181818,0.09090909090909091,0.0,0.0,6,0,0,0,0,0,1,0,0.0,0.0,0.0009894716184876216,129000.0
10672962,1,0.0,1.0,0.0,1.0,0.0,0.0,0.0,0.0,0.0,0.0,0.0,0.0,0.0,0.0,0.0,0.0,1.0,0.0,0.13775510204081634,0.1818181818181818,0.09090909090909091,0.0,0.1111111111111111,1,0,0,1,0,0,0,1,0.0,0.2,6.785996271370157e-05,429000.0
10672953,0,0.0,1.0,0.0,0.0,0.0,0.0,0.0,0.0,0.0,0.0,0.0,0.0,0.0,1.0,0.0,0.0,1.0,0.0,0.09693877551020408,0.09090909090909091,0.09090909090909091,0.07142857142857142,0.05555555555555555,3,2,1,0,0,1,0,1,0.0,0.06,0.0,525000.0
10672971,1,0.0,1.0,0.0,1.0,0.0,0.0,0.0,0.0,0.0,0.0,0.0,0.0,0.0,0.0,0.0,0.0,0.0,1.0,0.1326530612244898,0.1818181818181818,0.09090909090909091,0.0,0.1111111111111111,0,5,0,0,0,0,1,1,0.75,0.2,0.0008005641547170469,315000.0
10672967,0,1.0,0.0,0.0,0.0,1.0,0.0,0.0,0.0,0.0,0.0,0.0,0.0,0.0,0.0,0.0,0.0,0.0,1.0,0.0816326530612245,0.09090909090909091,0.09090909090909091,0.07142857142857142,0.1111111111111111,1,2,1,0,0,0,0,1,0.0,0.1,0.0,515000.0
10672969,0,1.0,0.0,0.0,0.0,1.0,0.0,0.0,0.0,0.0,0.0,0.0,0.0,0.0,0.0,0.0,1.0,0.0,0.0,0.16836734693877553,0.2727272727272727,0.09090909090909091,0.07142857142857142,0.05555555555555555,3,0,1,1,0,0,0,0,0.0,0.0,0.0,645000.0
10672975,1,0.0,0.0,1.0,0.0,0.0,0.0,0.0,0.0,0.0,1.0,0.0,0.0,0.0,0.0,0.0,0.0,0.0,1.0,0.15204081632653063,0.1818181818181818,0.09090909090909091,0.0,0.1111111111111111,1,1,0,0,0,0,0,1,0.0,0.3,0.00046401542071801346,337000.0
10672977,1,0.0,1.0,0.0,0.0,0.0,1.0,0.0,0.0,0.0,0.0,0.0,0.0,0.0,0.0,0.0,0.0,0.0,1.0,0.23469387755102042,0.2727272727272727,0.09090909090909091,0.14285714285714285,0.1111111111111111,1,0,0,1,0,0,1,1,0.85,0.3,0.0009170265231581294,649000.0
10672990,0,0.0,1.0,0.0,0.0,0.0,1.0,0.0,0.0,0.0,0.0,0.0,0.0,0.0,0.0,1.0,0.0,0.0,0.0,0.08265306122448982,0.1818181818181818,0.09090909090909091,0.07142857142857142,0.05555555555555555,1,2,1,0,0,0,0,0,0.0,0.0,0.0,279000.0
10672979,1,0.0,0.0,1.0,0.0,0.0,0.0,0.0,0.0,0.0,0.0,0.0,0.0,1.0,0.0,0.0,0.0,0.0,1.0,0.09183673469387757,0.09090909090909091,0.09090909090909091,0.0,0.1111111111111111,1,0,0,0,0,0,1,1,0.09,0.27,0.00015589450893688199,325000.0
10672987,0,0.0,1.0,0.0,0.0,0.0,0.0,1.0,0.0,0.0,0.0,0.0,0.0,0.0,0.0,0.0,0.0,0.0,1.0,0.1479591836734694,0.09090909090909091,0.18181818181818182,0.0,0.0,3,4,0,0,0,1,0,1,0.0,0.0,0.0,339000.0
10672989,1,0.0,1.0,0.0,0.0,0.0,0.0,1.0,0.0,0.0,0.0,0.0,0.0,0.0,0.0,0.0,0.0,0.0,1.0,0.1479591836734694,0.1818181818181818,0.09090909090909091,0.0,0.16666666666666666,3,4,0,0,0,1,0,1,0.0,0.0,6.419185662106905e-05,339000.0
10672991,0,0.0,1.0,0.0,0.0,0.0,1.0,0.0,0.0,0.0,0.0,0.0,0.0,0.0,0.0,1.0,0.0,0.0,0.0,0.036734693877551024,0.0,0.09090909090909091,0.07142857142857142,0.05555555555555555,3,2,1,0,0,0,0,0,0.0,0.0,0.0,199000.0
10672993,1,0.0,1.0,0.0,0.0,0.0,0.0,0.0,0.0,0.0,0.0,0.0,0.0,0.0,1.0,0.0,0.0,0.0,1.0,0.22346938775510206,0.2727272727272727,0.18181818181818182,0.0,0.2222222222222222,0,3,0,0,0,0,0,0,0.0,0.0,6.969401576001783e-05,570000.0
10672994,0,0.0,1.0,0.0,0.0,0.0,0.0,0.0,0.0,0.0,0.0,0.0,0.0,0.0,1.0,0.0,0.0,1.0,0.0,0.07448979591836735,0.09090909090909091,0.18181818181818182,0.14285714285714285,0.1111111111111111,1,3,1,0,0,0,0,1,0.0,0.25,0.0,795000.0
10672992,1,0.0,1.0,0.0,0.0,0.0,0.0,0.0,0.0,0.0,0.0,0.0,0.0,0.0,1.0,0.0,0.0,0.0,1.0,0.22346938775510206,0.2727272727272727,0.18181818181818182,0.0,0.2222222222222222,0,3,0,0,0,0,0,0,0.0,0.0,6.969401576001783e-05,570000.0
10673001,1,0.0,1.0,0.0,0.0,0.0,0.0,1.0,0.0,0.0,0.0,0.0,0.0,0.0,0.0,0.0,0.0,0.0,1.0,0.2255102040816327,0.36363636363636365,0.18181818181818182,0.0,0.16666666666666666,3,3,0,0,0,0,1,1,0.3,0.33,0.0004585132615790647,755000.0
10672998,1,0.0,1.0,0.0,0.0,0.0,1.0,0.0,0.0,0.0,0.0,0.0,0.0,0.0,0.0,0.0,0.0,0.0,1.0,0.29489795918367345,0.1818181818181818,0.18181818181818182,0.0,0.16666666666666666,0,2,0,0,0,0,0,1,0.0,0.0,0.00035305521141587977,585000.0
10673011,0,1.0,0.0,0.0,0.0,1.0,0.0,0.0,0.0,0.0,0.0,0.0,0.0,0.0,0.0,1.0,0.0,0.0,0.0,0.12551020408163266,0.09090909090909091,0.18181818181818182,0.0,0.16666666666666666,0,0,0,0,0,0,1,1,0.28,0.15,0.0,630000.0
10673013,0,0.0,1.0,0.0,1.0,0.0,0.0,0.0,0.0,0.0,0.0,0.0,0.0,0.0,0.0,0.0,0.0,0.0,1.0,0.06632653061224492,0.09090909090909091,0.09090909090909091,0.0,0.1111111111111111,1,0,1,0,0,0,0,1,0.0,0.15,0.0,292000.0
10673022,1,0.0,1.0,0.0,0.0,0.0,0.0,0.0,0.0,0.0,0.0,0.0,0.0,0.0,1.0,0.0,0.0,0.0,1.0,0.25510204081632654,0.2727272727272727,0.18181818181818182,0.0,0.16666666666666666,3,5,0,0,0,0,0,0,0.0,0.0,0.0058845591991057156,749000.0
10673016,1,0.0,1.0,0.0,0.0,0.0,1.0,0.0,0.0,0.0,0.0,0.0,0.0,0.0,0.0,0.0,0.0,0.0,1.0,0.20306122448979594,0.2727272727272727,0.09090909090909091,0.0,0.1111111111111111,3,3,0,1,0,0,1,1,0.35000000000000003,0.18,0.0005942331870064678,449000.0
10673019,0,0.0,1.0,0.0,1.0,0.0,0.0,0.0,0.0,0.0,0.0,0.0,0.0,0.0,0.0,0.0,0.0,0.0,1.0,0.04897959183673469,0.0,0.09090909090909091,0.0,0.05555555555555555,0,1,0,1,0,0,0,1,0.0,0.06,0.0,235000.0
10673018,0,0.0,1.0,0.0,1.0,0.0,0.0,0.0,0.0,0.0,0.0,0.0,0.0,0.0,0.0,0.0,0.0,0.0,1.0,0.06122448979591837,0.09090909090909091,0.09090909090909091,0.0,0.05555555555555555,1,2,1,0,0,0,1,1,0.0,0.0,0.0,239000.0
10673027,0,0.0,1.0,0.0,0.0,0.0,1.0,0.0,0.0,0.0,0.0,0.0,0.0,0.0,0.0,1.0,0.0,0.0,0.0,0.03571428571428572,0.0,0.09090909090909091,0.07142857142857142,0.05555555555555555,3,2,1,0,0,0,0,1,0.0,0.03,0.0,285000.0
10673033,0,0.0,1.0,0.0,0.0,0.0,0.0,1.0,0.0,0.0,0.0,0.0,0.0,0.0,0.0,0.0,0.0,1.0,0.0,0.07959183673469389,0.09090909090909091,0.09090909090909091,0.0,0.1111111111111111,0,4,1,1,0,0,0,0,0.0,0.0,0.0,230000.0
10673039,0,1.0,0.0,0.0,0.0,1.0,0.0,0.0,0.0,0.0,0.0,0.0,0.0,0.0,0.0,0.0,0.0,0.0,1.0,0.10204081632653061,0.1818181818181818,0.18181818181818182,0.0,0.1111111111111111,1,3,1,0,0,0,0,1,0.0,0.15,0.0,520000.0
10673032,1,0.0,1.0,0.0,0.0,0.0,0.0,0.0,0.0,1.0,0.0,0.0,0.0,0.0,0.0,0.0,0.0,1.0,0.0,0.15510204081632656,0.1818181818181818,0.09090909090909091,0.0,0.0,0,6,0,1,0,0,0,0,0.0,0.0,0.005502159138948776,520000.0
10673034,0,0.0,1.0,0.0,0.0,0.0,0.0,1.0,0.0,0.0,0.0,0.0,0.0,0.0,0.0,0.0,0.0,1.0,0.0,0.028571428571428574,0.0,0.09090909090909091,0.0,0.05555555555555555,0,3,0,1,0,0,0,0,0.0,0.0,0.0,145000.0
10673042,0,0.0,1.0,0.0,0.0,0.0,0.0,0.0,0.0,1.0,0.0,0.0,0.0,0.0,0.0,0.0,0.0,0.0,1.0,0.05816326530612246,0.09090909090909091,0.09090909090909091,0.0,0.0,3,2,0,0,0,0,0,0,0.0,0.0,0.0,175000.0
10673041,0,0.0,1.0,0.0,0.0,0.0,1.0,0.0,0.0,0.0,0.0,0.0,0.0,0.0,0.0,0.0,0.0,0.0,1.0,0.10204081632653061,0.09090909090909091,0.09090909090909091,0.0,0.0,3,2,1,0,0,0,0,1,0.0,0.26,0.0,275000.0
10673046,1,0.0,1.0,0.0,0.0,0.0,0.0,0.0,0.0,1.0,0.0,0.0,0.0,0.0,0.0,0.0,0.0,0.0,1.0,0.11836734693877551,0.1818181818181818,0.09090909090909091,0.0,0.0,5,6,0,0,0,0,0,1,0.0,0.0,0.0014048846334782541,269000.0
10673043,0,0.0,1.0,0.0,1.0,0.0,0.0,0.0,0.0,0.0,0.0,0.0,0.0,0.0,0.0,0.0,0.0,0.0,1.0,0.06428571428571428,0.09090909090909091,0.09090909090909091,0.0,0.0,3,2,0,0,0,0,0,1,0.0,0.05,0.0,224900.0
10673048,0,0.0,1.0,0.0,1.0,0.0,0.0,0.0,0.0,0.0,0.0,0.0,0.0,0.0,0.0,0.0,0.0,1.0,0.0,0.07755102040816328,0.1818181818181818,0.09090909090909091,0.0,0.0,1,2,1,0,0,0,0,1,0.0,0.09,0.0,259000.0
10673050,1,0.0,1.0,0.0,0.0,0.0,0.0,0.0,0.0,1.0,0.0,0.0,0.0,0.0,0.0,0.0,0.0,0.0,1.0,0.1928571428571429,0.2727272727272727,0.09090909090909091,0.0,0.1111111111111111,1,4,0,0,0,0,1,0,0.25,0.0,0.0007336212185265035,295000.0
10673061,1,0.0,0.0,1.0,0.0,0.0,0.0,0.0,0.0,0.0,0.0,0.0,1.0,0.0,0.0,0.0,1.0,0.0,0.0,0.10714285714285715,0.1818181818181818,0.09090909090909091,0.0,0.05555555555555555,4,7,0,0,0,0,0,0,0.0,0.0,0.00018799043724741652,199000.0
10673051,1,0.0,0.0,1.0,0.0,0.0,0.0,0.0,0.0,0.0,1.0,0.0,0.0,0.0,0.0,0.0,0.0,0.0,1.0,0.03877551020408163,0.1818181818181818,0.09090909090909091,0.0,0.16666666666666666,3,6,0,0,0,0,0,0,0.0,0.0,0.0,148000.0
10673057,1,0.0,1.0,0.0,0.0,0.0,0.0,1.0,0.0,0.0,0.0,0.0,0.0,0.0,0.0,0.0,0.0,0.0,1.0,0.2459183673469388,0.09090909090909091,0.09090909090909091,0.0,0.05555555555555555,3,3,0,1,0,1,1,1,0.4,0.46,0.0007336212185265035,565000.0
10673064,1,0.0,1.0,0.0,0.0,0.0,0.0,0.0,0.0,0.0,0.0,0.0,0.0,0.0,1.0,0.0,0.0,0.0,1.0,0.14285714285714288,0.09090909090909091,0.09090909090909091,0.0,0.1111111111111111,0,2,0,0,0,0,0,0,0.0,0.0,0.0001439731641358263,290000.0
10673065,1,0.0,1.0,0.0,0.0,0.0,0.0,0.0,0.0,1.0,0.0,0.0,0.0,0.0,0.0,0.0,0.0,0.0,1.0,0.0979591836734694,0.1818181818181818,0.09090909090909091,0.0,0.05555555555555555,3,4,0,0,0,0,1,1,0.0,0.22,0.000722616900248606,375000.0
10673062,1,0.0,1.0,0.0,0.0,0.0,1.0,0.0,0.0,0.0,0.0,0.0,0.0,0.0,0.0,0.0,0.0,0.0,1.0,0.10510204081632654,0.1818181818181818,0.09090909090909091,0.0,0.1111111111111111,3,3,0,0,0,0,1,1,0.126,0.15,0.00013847100499687754,270000.0
10673076,0,1.0,0.0,0.0,0.0,1.0,0.0,0.0,0.0,0.0,0.0,0.0,0.0,0.0,0.0,0.0,1.0,0.0,0.0,0.27755102040816326,0.1818181818181818,0.18181818181818182,0.0,0.05555555555555555,3,5,1,0,0,0,0,0,0.0,0.0,0.0,1450000.0
10673078,1,0.0,0.0,1.0,0.0,0.0,0.0,0.0,1.0,0.0,0.0,0.0,0.0,0.0,0.0,0.0,0.0,0.0,1.0,0.26224489795918365,0.2727272727272727,0.09090909090909091,0.0,0.0,5,5,0,0,0,0,0,0,0.0,0.0,0.0008289919769349489,185000.0
10673079,0,0.0,0.0,1.0,0.0,0.0,0.0,0.0,1.0,0.0,0.0,0.0,0.0,0.0,0.0,0.0,1.0,0.0,0.0,0.025510204081632654,0.0,0.09090909090909091,0.0,0.0,4,2,0,0,0,0,0,0,0.0,0.0,0.0,115000.0
10673081,0,0.0,0.0,1.0,0.0,0.0,0.0,0.0,1.0,0.0,0.0,0.0,0.0,0.0,0.0,0.0,1.0,0.0,0.0,0.059183673469387764,0.0,0.09090909090909091,0.0,0.05555555555555555,4,2,0,0,0,0,0,0,0.0,0.0,0.0,145000.0
10673080,0,0.0,0.0,1.0,0.0,0.0,0.0,0.0,1.0,0.0,0.0,0.0,0.0,0.0,0.0,0.0,1.0,0.0,0.0,0.05204081632653062,0.0,0.09090909090909091,0.0,0.0,4,2,0,0,0,0,0,0,0.0,0.0,0.0,130000.0
10673090,0,1.0,0.0,0.0,0.0,1.0,0.0,0.0,0.0,0.0,0.0,0.0,0.0,0.0,0.0,0.0,1.0,0.0,0.0,0.09387755102040818,0.1818181818181818,0.09090909090909091,0.0,0.1111111111111111,0,4,0,0,0,0,0,0,0.0,0.0,0.0,420000.0
10673088,1,0.0,1.0,0.0,0.0,0.0,0.0,0.0,0.0,1.0,0.0,0.0,0.0,0.0,0.0,0.0,0.0,0.0,1.0,0.13775510204081634,0.2727272727272727,0.09090909090909091,0.0,0.05555555555555555,4,6,0,1,0,0,1,1,0.0,0.0,0.000985803512394989,269000.0
10673089,1,0.0,1.0,0.0,1.0,0.0,0.0,0.0,0.0,0.0,0.0,0.0,0.0,0.0,0.0,0.0,0.0,1.0,0.0,0.21020408163265308,0.2727272727272727,0.18181818181818182,0.14285714285714285,0.16666666666666666,1,1,0,0,0,0,0,1,0.0,0.0,0.000595150213529626,668000.0
10673093,0,0.0,1.0,0.0,1.0,0.0,0.0,0.0,0.0,0.0,0.0,0.0,0.0,0.0,0.0,0.0,0.0,1.0,0.0,0.05510204081632653,0.09090909090909091,0.09090909090909091,0.0,0.05555555555555555,3,3,0,0,0,0,0,0,0.0,0.0,0.0,245000.0
10673094,1,0.0,0.0,1.0,0.0,0.0,0.0,0.0,0.0,0.0,1.0,0.0,0.0,0.0,0.0,0.0,0.0,0.0,1.0,0.3520408163265306,0.2727272727272727,0.18181818181818182,0.14285714285714285,0.16666666666666666,1,2,0,0,0,0,1,1,0.325,0.45,0.0007262850063412384,485000.0
10673101,1,0.0,1.0,0.0,0.0,0.0,0.0,0.0,0.0,0.0,0.0,0.0,0.0,0.0,1.0,0.0,0.0,0.0,1.0,0.13877551020408166,0.1818181818181818,0.09090909090909091,0.0,0.1111111111111111,3,4,0,0,0,0,0,0,0.0,0.0,0.0006162418235622629,349000.0
10673109,1,1.0,0.0,0.0,0.0,1.0,0.0,0.0,0.0,0.0,0.0,0.0,0.0,0.0,0.0,1.0,0.0,0.0,0.0,0.3877551020408163,0.6363636363636364,0.36363636363636365,0.0,0.2777777777777778,5,6,0,0,0,0,0,0,0.0,0.0,0.00010729210320950113,595000.0
10673092,1,0.0,1.0,0.0,1.0,0.0,0.0,0.0,0.0,0.0,0.0,0.0,0.0,0.0,0.0,0.0,1.0,0.0,0.0,0.07142857142857142,0.09090909090909091,0.09090909090909091,0.0,0.05555555555555555,5,5,0,0,0,0,1,0,0.042,0.0,9.812183797791983e-05,150000.0
10673108,1,0.0,0.0,1.0,0.0,0.0,0.0,0.0,0.0,0.0,1.0,0.0,0.0,0.0,0.0,0.0,0.0,0.0,1.0,0.2285714285714286,0.2727272727272727,0.18181818181818182,0.14285714285714285,0.2222222222222222,1,0,0,0,0,0,0,1,0.0,0.6,0.0,311000.0
10673110,1,1.0,0.0,0.0,0.0,1.0,0.0,0.0,0.0,0.0,0.0,0.0,0.0,0.0,0.0,0.0,0.0,1.0,0.0,0.2091836734693878,0.2727272727272727,0.18181818181818182,0.0,0.16666666666666666,1,4,0,0,0,0,1,1,0.065,0.18,0.00011921344801055682,840000.0
10673111,0,1.0,0.0,0.0,0.0,1.0,0.0,0.0,0.0,0.0,0.0,0.0,0.0,0.0,0.0,0.0,1.0,0.0,0.0,0.09183673469387757,0.1818181818181818,0.09090909090909091,0.07142857142857142,0.05555555555555555,4,5,0,0,0,0,0,0,0.0,0.0,0.0,269000.0
10673119,1,0.0,0.0,1.0,0.0,0.0,0.0,0.0,0.0,0.0,1.0,0.0,0.0,0.0,0.0,0.0,1.0,0.0,0.0,0.09693877551020408,0.09090909090909091,0.09090909090909091,0.07142857142857142,0.1111111111111111,3,5,0,0,0,0,1,1,0.083,0.0,0.0001714839598305702,249000.0
10673121,1,0.0,0.0,1.0,0.0,0.0,0.0,0.0,0.0,0.0,1.0,0.0,0.0,0.0,0.0,0.0,0.0,0.0,1.0,0.057142857142857155,0.09090909090909091,0.09090909090909091,0.07142857142857142,0.05555555555555555,4,7,0,0,0,0,1,0,0.281,0.0,0.0003356317074758753,195000.0
10673118,1,0.0,0.0,1.0,0.0,0.0,0.0,0.0,0.0,0.0,1.0,0.0,0.0,0.0,0.0,1.0,0.0,0.0,0.0,0.2612244897959184,0.5454545454545454,0.2727272727272727,0.21428571428571427,0.0,3,2,0,0,0,0,0,0,0.0,0.0,8.895157274633855e-05,540000.0
10673124,1,0.0,0.0,1.0,0.0,0.0,0.0,0.0,1.0,0.0,0.0,0.0,0.0,0.0,0.0,0.0,0.0,0.0,1.0,0.15408163265306124,0.1818181818181818,0.18181818181818182,0.14285714285714285,0.1111111111111111,3,7,0,0,0,0,0,1,0.0,0.0,0.002064226703628949,440000.0
10673125,1,1.0,0.0,0.0,0.0,1.0,0.0,0.0,0.0,0.0,0.0,0.0,0.0,0.0,0.0,0.0,1.0,0.0,0.0,0.29591836734693877,0.1818181818181818,0.2727272727272727,0.21428571428571427,0.2222222222222222,3,4,0,0,0,0,0,0,0.0,0.0,0.00014947532327477507,775000.0
10673126,1,1.0,0.0,0.0,0.0,1.0,0.0,0.0,0.0,0.0,0.0,0.0,0.0,0.0,0.0,0.0,0.0,0.0,1.0,0.1959183673469388,0.36363636363636365,0.2727272727272727,0.21428571428571427,0.16666666666666666,4,6,0,0,0,0,0,0,0.0,0.0,0.0,399000.0
10673128,1,0.0,1.0,0.0,0.0,0.0,1.0,0.0,0.0,0.0,0.0,0.0,0.0,0.0,0.0,0.0,0.0,0.0,1.0,0.4673469387755102,0.2727272727272727,0.18181818181818182,0.07142857142857142,0.2222222222222222,0,2,0,1,0,0,0,0,0.0,0.0,0.001340692776857185,1100000.0
10673136,0,1.0,0.0,0.0,0.0,1.0,0.0,0.0,0.0,0.0,0.0,0.0,0.0,0.0,0.0,0.0,1.0,0.0,0.0,0.07346938775510206,0.09090909090909091,0.09090909090909091,0.0,0.05555555555555555,4,5,1,0,0,0,0,1,0.0,0.06,0.0,260000.0
10673127,1,0.0,1.0,0.0,0.0,0.0,1.0,0.0,0.0,0.0,0.0,0.0,0.0,0.0,0.0,0.0,0.0,0.0,1.0,0.06836734693877553,0.09090909090909091,0.09090909090909091,0.0,0.1111111111111111,3,4,0,1,0,0,0,1,0.0,0.0,0.0006345823540254255,215000.0
10673131,1,0.0,1.0,0.0,1.0,0.0,0.0,0.0,0.0,0.0,0.0,0.0,0.0,0.0,0.0,0.0,0.0,1.0,0.0,0.16836734693877553,0.09090909090909091,0.09090909090909091,0.07142857142857142,0.1111111111111111,3,3,0,1,0,0,0,1,0.0,0.11,5.7772670958962145e-05,389000.0
10673129,1,0.0,1.0,0.0,1.0,0.0,0.0,0.0,0.0,0.0,0.0,0.0,0.0,0.0,0.0,0.0,0.0,0.0,1.0,0.1510204081632653,0.1818181818181818,0.09090909090909091,0.0,0.1111111111111111,2,2,0,1,0,0,1,0,0.3,0.0,0.00053921159561698,449000.0
10673137,0,0.0,1.0,0.0,1.0,0.0,0.0,0.0,0.0,0.0,0.0,0.0,0.0,0.0,0.0,0.0,1.0,0.0,0.0,0.17346938775510207,0.1818181818181818,0.18181818181818182,0.0,0.16666666666666666,1,4,1,0,0,0,0,1,0.0,0.28,0.0,549000.0
10673142,0,0.0,0.0,1.0,0.0,0.0,0.0,0.0,0.0,0.0,0.0,1.0,0.0,0.0,0.0,0.0,0.0,0.0,1.0,0.09183673469387757,0.09090909090909091,0.09090909090909091,0.0,0.05555555555555555,3,2,0,1,0,0,1,0,0.0,0.0,0.0,260000.0
10673139,1,0.0,1.0,0.0,1.0,0.0,0.0,0.0,0.0,0.0,0.0,0.0,0.0,0.0,0.0,0.0,0.0,0.0,1.0,0.17244897959183675,0.1818181818181818,0.09090909090909091,0.0,0.0,0,4,0,0,0,0,1,1,0.34600000000000003,0.0,0.00038240006015693995,389000.0
10673140,0,1.0,0.0,0.0,0.0,1.0,0.0,0.0,0.0,0.0,0.0,0.0,0.0,0.0,0.0,0.0,1.0,0.0,0.0,0.06122448979591837,0.1818181818181818,0.09090909090909091,0.0,0.05555555555555555,3,4,1,0,0,0,0,1,0.0,0.18,0.0,229000.0
10673143,0,0.0,0.0,1.0,0.0,0.0,0.0,0.0,0.0,0.0,0.0,1.0,0.0,0.0,0.0,0.0,0.0,1.0,0.0,0.034693877551020415,0.0,0.09090909090909091,0.0,0.05555555555555555,3,2,1,1,0,0,0,1,0.0,0.0,0.0,230000.0
10673147,0,1.0,0.0,0.0,0.0,1.0,0.0,0.0,0.0,0.0,0.0,0.0,0.0,0.0,0.0,0.0,1.0,0.0,0.0,0.02755102040816327,0.0,0.09090909090909091,0.0,0.05555555555555555,1,7,1,0,0,0,0,1,0.0,0.12,0.0,159000.0
10673149,1,0.0,1.0,0.0,1.0,0.0,0.0,0.0,0.0,0.0,0.0,0.0,0.0,0.0,0.0,0.0,0.0,0.0,1.0,0.14285714285714288,0.09090909090909091,0.09090909090909091,0.0,0.1111111111111111,1,6,0,1,0,0,0,0,0.0,0.0,0.0005731415769738308,435000.0
10673144,0,1.0,0.0,0.0,0.0,1.0,0.0,0.0,0.0,0.0,0.0,0.0,0.0,0.0,0.0,0.0,1.0,0.0,0.0,0.05510204081632653,0.0,0.09090909090909091,0.07142857142857142,0.05555555555555555,1,7,1,0,0,0,0,1,0.0,0.0,0.0,309000.0
10673145,1,0.0,1.0,0.0,0.0,0.0,0.0,1.0,0.0,0.0,0.0,0.0,0.0,0.0,0.0,0.0,0.0,0.0,1.0,0.2816326530612245,0.1818181818181818,0.09090909090909091,0.0,0.16666666666666666,3,4,0,0,0,0,0,1,0.0,0.0,0.0015855388585404057,610000.0
10673146,0,0.0,1.0,0.0,0.0,0.0,0.0,0.0,0.0,0.0,0.0,0.0,0.0,0.0,1.0,0.0,0.0,1.0,0.0,0.07551020408163267,0.09090909090909091,0.18181818181818182,0.07142857142857142,0.0,1,2,1,0,0,0,0,1,0.0,0.0,0.0,1195000.0
10673154,1,0.0,1.0,0.0,0.0,0.0,0.0,1.0,0.0,0.0,0.0,0.0,0.0,0.0,0.0,0.0,0.0,0.0,1.0,0.0979591836734694,0.1818181818181818,0.09090909090909091,0.0,0.05555555555555555,3,2,0,1,0,0,0,0,0.0,0.0,0.0002613525591000669,425000.0
10673155,1,0.0,0.0,1.0,0.0,0.0,0.0,0.0,0.0,0.0,0.0,0.0,0.0,1.0,0.0,0.0,0.0,0.0,1.0,0.3346938775510204,0.2727272727272727,0.18181818181818182,0.14285714285714285,0.1111111111111111,1,3,0,0,0,0,1,1,0.45,1.0,0.0009775502736865658,720000.0
10673152,1,0.0,1.0,0.0,0.0,0.0,0.0,1.0,0.0,0.0,0.0,0.0,0.0,0.0,0.0,0.0,0.0,0.0,1.0,0.20102040816326533,0.2727272727272727,0.18181818181818182,0.0,0.16666666666666666,0,1,0,1,0,0,1,1,0.0,0.0,0.0002842782221790201,595000.0
10673150,1,0.0,1.0,0.0,1.0,0.0,0.0,0.0,0.0,0.0,0.0,0.0,0.0,0.0,0.0,0.0,1.0,0.0,0.0,0.10714285714285715,0.0,0.09090909090909091,0.0,0.05555555555555555,5,6,0,1,0,0,0,0,0.0,0.0,0.00047135163290327846,225000.0
10673162,1,0.0,1.0,0.0,1.0,0.0,0.0,0.0,0.0,0.0,0.0,0.0,0.0,0.0,0.0,0.0,0.0,0.0,1.0,0.163265306122449,0.2727272727272727,0.09090909090909091,0.0,0.1111111111111111,3,2,0,0,0,0,1,1,0.105,0.12,0.00017882017201583522,375000.0
10673167,0,0.0,1.0,0.0,1.0,0.0,0.0,0.0,0.0,0.0,0.0,0.0,0.0,0.0,0.0,0.0,0.0,0.0,1.0,0.06836734693877553,0.09090909090909091,0.09090909090909091,0.0,0.05555555555555555,5,3,0,0,0,0,0,0,0.0,0.0,0.0,149000.0
10673164,1,1.0,0.0,0.0,0.0,1.0,0.0,0.0,0.0,0.0,0.0,0.0,0.0,0.0,0.0,0.0,1.0,0.0,0.0,0.32142857142857145,0.2727272727272727,0.18181818181818182,0.0,0.0,0,7,0,1,0,0,1,1,0.161,0.08,0.00024851418777585305,1190000.0
10673158,1,0.0,1.0,0.0,1.0,0.0,0.0,0.0,0.0,0.0,0.0,0.0,0.0,0.0,0.0,0.0,0.0,0.0,1.0,0.14285714285714288,0.1818181818181818,0.09090909090909091,0.0,0.05555555555555555,3,4,0,0,0,0,1,1,0.26,0.4,0.0005227051182001338,389000.0
10673168,0,0.0,1.0,0.0,1.0,0.0,0.0,0.0,0.0,0.0,0.0,0.0,0.0,0.0,0.0,0.0,0.0,0.0,1.0,0.21938775510204084,0.09090909090909091,0.09090909090909091,0.0,0.05555555555555555,3,2,0,0,0,0,0,0,0.0,0.0,0.0,395000.0
10673165,1,0.0,0.0,1.0,0.0,0.0,0.0,0.0,0.0,0.0,0.0,0.0,1.0,0.0,0.0,0.0,0.0,0.0,1.0,0.21020408163265308,0.2727272727272727,0.09090909090909091,0.07142857142857142,0.16666666666666666,2,3,0,1,0,0,1,1,0.0,0.0,0.0009656289288855102,435000.0
10673166,1,0.0,1.0,0.0,0.0,0.0,0.0,1.0,0.0,0.0,0.0,0.0,0.0,0.0,0.0,0.0,0.0,1.0,0.0,0.15816326530612246,0.1818181818181818,0.18181818181818182,0.0,0.1111111111111111,4,3,0,0,0,0,0,0,0.0,0.0,0.00024851418777585305,398000.0
10673172,1,0.0,1.0,0.0,0.0,0.0,0.0,0.0,0.0,0.0,0.0,0.0,0.0,0.0,1.0,1.0,0.0,0.0,0.0,0.09183673469387757,0.1818181818181818,0.09090909090909091,0.0,0.05555555555555555,3,3,0,0,0,0,0,1,0.0,0.0,8.069833403791538e-05,297000.0
10673174,1,0.0,1.0,0.0,0.0,0.0,0.0,0.0,0.0,0.0,0.0,0.0,0.0,0.0,1.0,1.0,0.0,0.0,0.0,0.23775510204081637,0.1818181818181818,0.2727272727272727,0.0,0.16666666666666666,4,5,0,0,0,0,0,1,0.0,0.0,9.261967883897107e-05,850000.0
10673191,1,0.0,0.0,1.0,0.0,0.0,0.0,0.0,0.0,0.0,0.0,1.0,0.0,0.0,0.0,0.0,0.0,0.0,1.0,0.1306122448979592,0.2727272727272727,0.09090909090909091,0.07142857142857142,0.1111111111111111,5,6,0,0,0,0,1,1,0.862,0.18,0.001468159463576165,250000.0
10673178,0,0.0,1.0,0.0,0.0,0.0,0.0,0.0,0.0,0.0,0.0,0.0,0.0,0.0,1.0,0.0,0.0,0.0,1.0,0.08469387755102042,0.09090909090909091,0.09090909090909091,0.0,0.05555555555555555,1,0,1,0,0,0,0,1,0.0,0.28,0.0,435000.0
10673176,0,0.0,1.0,0.0,0.0,0.0,0.0,0.0,0.0,0.0,0.0,0.0,0.0,0.0,1.0,0.0,0.0,1.0,0.0,0.057142857142857155,0.09090909090909091,0.0,0.0,0.05555555555555555,1,1,1,0,0,0,0,1,0.0,0.13,0.0,249000.0
10673188,1,0.0,0.0,1.0,0.0,0.0,0.0,0.0,0.0,0.0,0.0,0.0,1.0,0.0,0.0,0.0,0.0,0.0,1.0,0.25510204081632654,0.36363636363636365,0.36363636363636365,0.0,0.2222222222222222,5,5,0,0,0,0,0,1,0.0,0.2,0.0,175000.0
10673187,1,0.0,1.0,0.0,1.0,0.0,0.0,0.0,0.0,0.0,0.0,0.0,0.0,0.0,0.0,0.0,0.0,0.0,1.0,0.22040816326530616,0.1818181818181818,0.09090909090909091,0.0,0.1111111111111111,3,3,0,0,0,0,0,1,0.0,0.0,0.001850559523733105,599000.0
10673179,0,0.0,1.0,0.0,0.0,0.0,0.0,0.0,0.0,0.0,0.0,0.0,0.0,0.0,1.0,0.0,0.0,1.0,0.0,0.1163265306122449,0.09090909090909091,0.18181818181818182,0.0,0.1111111111111111,3,4,0,0,0,0,0,1,0.0,0.04,0.0,310000.0
10673189,1,0.0,0.0,1.0,0.0,0.0,0.0,0.0,0.0,0.0,0.0,1.0,0.0,0.0,0.0,0.0,0.0,0.0,1.0,0.12244897959183676,0.1818181818181818,0.0,0.0,0.0,5,7,0,0,0,0,0,1,0.0,0.0,0.00024851418777585305,79000.0
10673197,1,1.0,0.0,0.0,0.0,1.0,0.0,0.0,0.0,0.0,0.0,0.0,0.0,0.0,0.0,0.0,0.0,0.0,1.0,0.18877551020408165,0.36363636363636365,0.18181818181818182,0.07142857142857142,0.16666666666666666,4,7,0,0,0,0,1,1,0.152,0.14,0.00020174583509478846,749000.0
10673195,1,0.0,0.0,1.0,0.0,0.0,0.0,0.0,1.0,0.0,0.0,0.0,0.0,0.0,0.0,0.0,1.0,0.0,0.0,0.12244897959183676,0.1818181818181818,0.0,0.0,0.0,5,7,0,0,0,0,1,0,0.15,0.0,0.0003943214049579956,110000.0
10673194,1,1.0,0.0,0.0,0.0,1.0,0.0,0.0,0.0,0.0,0.0,0.0,0.0,0.0,0.0,0.0,1.0,0.0,0.0,0.4387755102040817,0.36363636363636365,0.2727272727272727,0.14285714285714285,0.2777777777777778,3,6,0,0,0,0,0,0,0.0,0.0,0.0013296884585792875,2950000.0
10673198,1,1.0,0.0,0.0,0.0,1.0,0.0,0.0,0.0,0.0,0.0,0.0,0.0,0.0,0.0,0.0,0.0,0.0,1.0,0.08265306122448982,0.09090909090909091,0.09090909090909091,0.07142857142857142,0.1111111111111111,3,0,0,0,0,0,0,1,0.0,0.08,0.00023567581645163923,685000.0
10673204,0,1.0,0.0,0.0,0.0,1.0,0.0,0.0,0.0,0.0,0.0,0.0,0.0,0.0,0.0,0.0,0.0,0.0,1.0,0.1806122448979592,0.09090909090909091,0.18181818181818182,0.07142857142857142,0.1111111111111111,1,5,1,0,0,0,0,1,0.0,0.4,0.0,750000.0
10673199,0,0.0,1.0,0.0,0.0,0.0,1.0,0.0,0.0,0.0,0.0,0.0,0.0,0.0,0.0,0.0,0.0,0.0,1.0,0.0673469387755102,0.09090909090909091,0.09090909090909091,0.0,0.05555555555555555,0,1,0,0,0,0,1,1,0.025,0.0,0.0,299000.0
10673200,0,1.0,0.0,0.0,0.0,1.0,0.0,0.0,0.0,0.0,0.0,0.0,0.0,0.0,0.0,0.0,1.0,0.0,0.0,0.08469387755102042,0.1818181818181818,0.09090909090909091,0.0,0.05555555555555555,3,6,1,0,0,0,0,1,0.0,0.03,0.0,289000.0
10673201,0,1.0,0.0,0.0,0.0,1.0,0.0,0.0,0.0,0.0,0.0,0.0,0.0,0.0,0.0,0.0,0.0,0.0,1.0,0.05306122448979592,0.0,0.09090909090909091,0.0,0.05555555555555555,3,7,1,0,0,0,0,1,0.0,0.47000000000000003,0.0,245000.0
10673202,0,1.0,0.0,0.0,0.0,1.0,0.0,0.0,0.0,0.0,0.0,0.0,0.0,0.0,0.0,0.0,1.0,0.0,0.0,0.12142857142857144,0.0,0.09090909090909091,0.14285714285714285,0.16666666666666666,3,7,0,0,0,0,1,1,0.057,0.38,0.0,460000.0
10673203,1,0.0,0.0,1.0,0.0,0.0,0.0,0.0,0.0,0.0,0.0,0.0,0.0,1.0,0.0,0.0,0.0,0.0,1.0,0.11734693877551022,0.1818181818181818,0.09090909090909091,0.0,0.1111111111111111,4,6,0,0,0,0,1,1,0.244,0.18,0.0002787760630400713,385000.0
10673205,1,0.0,1.0,0.0,1.0,0.0,0.0,0.0,0.0,0.0,0.0,0.0,0.0,0.0,0.0,0.0,0.0,0.0,1.0,0.2091836734693878,0.2727272727272727,0.09090909090909091,0.0,0.1111111111111111,0,4,0,0,1,0,0,0,0.0,0.0,0.0012884222650371717,549000.0
10673206,1,0.0,1.0,0.0,1.0,0.0,0.0,0.0,0.0,0.0,0.0,0.0,0.0,0.0,0.0,0.0,0.0,1.0,0.0,0.14285714285714288,0.1818181818181818,0.09090909090909091,0.0,0.1111111111111111,1,3,0,0,0,0,1,1,0.6,0.0,0.0006410015396875324,513000.0
10673212,0,0.0,1.0,0.0,0.0,0.0,1.0,0.0,0.0,0.0,0.0,0.0,0.0,0.0,0.0,0.0,0.0,0.0,1.0,0.11836734693877551,0.1818181818181818,0.09090909090909091,0.0,0.1111111111111111,1,2,0,0,0,0,1,1,0.0,0.0,0.0,325000.0
10673209,1,0.0,1.0,0.0,1.0,0.0,0.0,0.0,0.0,0.0,0.0,0.0,0.0,0.0,0.0,0.0,0.0,0.0,1.0,0.1112244897959184,0.1818181818181818,0.09090909090909091,0.07142857142857142,0.05555555555555555,5,6,0,1,0,0,1,1,0.17,0.15,0.00030720388525797335,295000.0
10411068,1,0.0,1.0,0.0,1.0,0.0,0.0,0.0,0.0,0.0,0.0,0.0,0.0,0.0,0.0,0.0,0.0,0.0,1.0,0.15306122448979595,0.2727272727272727,0.09090909090909091,0.0,0.1111111111111111,3,0,0,0,0,0,0,0,0.0,0.0,0.000453928128963274,380000.0
10673215,1,0.0,1.0,0.0,0.0,0.0,0.0,0.0,0.0,0.0,0.0,0.0,0.0,0.0,1.0,0.0,0.0,0.0,1.0,0.12040816326530615,0.1818181818181818,0.09090909090909091,0.0,0.0,1,4,0,1,0,0,0,1,0.0,0.0,0.0010087291754739423,375000.0
10673221,0,0.0,1.0,0.0,0.0,0.0,0.0,1.0,0.0,0.0,0.0,0.0,0.0,0.0,0.0,0.0,1.0,0.0,0.0,0.051020408163265314,0.0,0.09090909090909091,0.0,0.05555555555555555,1,3,1,0,0,0,1,0,0.0,0.0,0.0,330000.0
10673220,0,0.0,1.0,0.0,0.0,0.0,0.0,1.0,0.0,0.0,0.0,0.0,0.0,0.0,0.0,0.0,1.0,0.0,0.0,0.015306122448979595,0.0,0.09090909090909091,0.0,0.05555555555555555,1,3,1,0,0,0,1,1,0.0,0.14,0.0,215000.0
10673226,1,0.0,0.0,1.0,0.0,0.0,0.0,0.0,0.0,0.0,1.0,0.0,0.0,0.0,0.0,0.0,0.0,1.0,0.0,0.14081632653061227,0.1818181818181818,0.09090909090909091,0.0,0.0,5,7,0,0,0,0,0,0,0.0,0.0,0.0008812624887549623,180000.0
10673228,1,0.0,1.0,0.0,0.0,0.0,0.0,1.0,0.0,0.0,0.0,0.0,0.0,0.0,0.0,0.0,0.0,0.0,1.0,0.25510204081632654,0.1818181818181818,0.09090909090909091,0.0,0.1111111111111111,4,3,0,0,0,0,1,0,0.15,0.0,0.00043008543936116266,549000.0
10673229,1,0.0,1.0,0.0,1.0,0.0,0.0,0.0,0.0,0.0,0.0,0.0,0.0,0.0,0.0,0.0,0.0,0.0,1.0,0.12244897959183676,0.1818181818181818,0.09090909090909091,0.0,0.1111111111111111,1,1,0,0,0,0,0,1,0.0,0.21,0.0005511329404180357,595000.0
10673234,0,1.0,0.0,0.0,0.0,1.0,0.0,0.0,0.0,0.0,0.0,0.0,0.0,0.0,0.0,0.0,0.0,0.0,1.0,0.030612244897959183,0.0,0.09090909090909091,0.07142857142857142,0.05555555555555555,2,6,1,0,0,0,1,1,0.025,0.0,0.0,275000.0
10673231,1,0.0,1.0,0.0,0.0,0.0,0.0,1.0,0.0,0.0,0.0,0.0,0.0,0.0,0.0,0.0,0.0,1.0,0.0,0.22346938775510206,0.2727272727272727,0.09090909090909091,0.0,0.0,1,2,0,0,0,0,0,1,0.0,0.0,0.00042550030674537204,435000.0
10673233,0,1.0,0.0,0.0,0.0,1.0,0.0,0.0,0.0,0.0,0.0,0.0,0.0,0.0,0.0,0.0,1.0,0.0,0.0,0.09693877551020408,0.0,0.09090909090909091,0.0,0.1111111111111111,3,3,0,0,0,0,1,1,0.05,0.0,0.0,590000.0
10673239,1,0.0,0.0,1.0,0.0,0.0,0.0,0.0,0.0,0.0,1.0,0.0,0.0,0.0,0.0,0.0,0.0,0.0,1.0,0.1469387755102041,0.2727272727272727,0.09090909090909091,0.07142857142857142,0.0,0,2,0,1,0,0,0,0,0.0,0.0,0.0,359000.0
10673243,0,0.0,1.0,0.0,0.0,0.0,0.0,0.0,0.0,0.0,0.0,0.0,0.0,0.0,1.0,0.0,0.0,1.0,0.0,0.163265306122449,0.09090909090909091,0.18181818181818182,0.14285714285714285,0.16666666666666666,1,1,1,0,0,0,0,1,0.0,0.0,0.0,399000.0
10673236,1,0.0,1.0,0.0,0.0,0.0,0.0,0.0,0.0,0.0,0.0,0.0,0.0,0.0,1.0,0.0,0.0,1.0,0.0,0.3734693877551021,0.36363636363636365,0.2727272727272727,0.14285714285714285,0.2222222222222222,2,2,0,0,0,0,1,1,1.0,0.0,0.001651564768207791,4995000.0
10673249,1,0.0,1.0,0.0,0.0,0.0,0.0,1.0,0.0,0.0,0.0,0.0,0.0,0.0,0.0,0.0,0.0,0.0,1.0,0.14285714285714288,0.1818181818181818,0.09090909090909091,0.0,0.0,5,5,0,0,0,0,0,0,0.0,0.0,0.0003585573705548286,385000.0
10673256,1,0.0,0.0,1.0,0.0,0.0,0.0,0.0,0.0,0.0,0.0,0.0,1.0,0.0,0.0,0.0,0.0,1.0,0.0,0.0816326530612245,0.1818181818181818,0.09090909090909091,0.07142857142857142,0.05555555555555555,3,7,0,0,0,0,0,1,0.0,0.0,0.0009307819210055012,295000.0
10673263,1,0.0,0.0,1.0,0.0,0.0,0.0,0.0,1.0,0.0,0.0,0.0,0.0,0.0,0.0,0.0,0.0,0.0,1.0,0.1306122448979592,0.2727272727272727,0.09090909090909091,0.07142857142857142,0.1111111111111111,3,3,0,0,0,0,1,1,0.273,0.24,0.0003438849461842985,230000.0
10673261,0,0.0,1.0,0.0,1.0,0.0,0.0,0.0,0.0,0.0,0.0,0.0,0.0,0.0,0.0,0.0,0.0,1.0,0.0,0.10204081632653061,0.1818181818181818,0.09090909090909091,0.0,0.0,3,2,1,0,0,0,0,1,0.0,0.0,0.0,299000.0
10411124,0,0.0,0.0,1.0,0.0,0.0,0.0,0.0,1.0,0.0,0.0,0.0,0.0,0.0,0.0,0.0,0.0,1.0,0.0,0.030612244897959183,0.0,0.0,0.0,0.0,3,5,0,1,0,0,0,0,0.0,0.0,0.0,85000.0
10673279,0,0.0,1.0,0.0,0.0,0.0,0.0,0.0,0.0,1.0,0.0,0.0,0.0,0.0,0.0,0.0,0.0,0.0,1.0,0.163265306122449,0.1818181818181818,0.09090909090909091,0.0,0.1111111111111111,1,2,0,0,0,0,0,1,0.0,0.35000000000000003,0.0,345000.0
10673287,1,0.0,0.0,1.0,0.0,0.0,0.0,0.0,1.0,0.0,0.0,0.0,0.0,0.0,0.0,0.0,0.0,0.0,1.0,0.15918367346938778,0.1818181818181818,0.09090909090909091,0.07142857142857142,0.1111111111111111,0,0,0,0,0,0,0,1,0.0,0.62,0.001467242437053007,335000.0
10673286,1,0.0,0.0,1.0,0.0,0.0,0.0,0.0,1.0,0.0,0.0,0.0,0.0,0.0,0.0,0.0,0.0,0.0,1.0,0.15918367346938778,0.1818181818181818,0.09090909090909091,0.07142857142857142,0.1111111111111111,0,0,0,0,0,0,0,1,0.0,0.62,0.001467242437053007,350000.0
10673294,1,0.0,0.0,1.0,0.0,0.0,0.0,0.0,0.0,0.0,1.0,0.0,0.0,0.0,0.0,0.0,0.0,0.0,1.0,0.10408163265306122,0.1818181818181818,0.0,0.07142857142857142,0.05555555555555555,0,3,0,0,0,0,1,1,0.23,0.33,0.0003814830336337818,249000.0
10673299,1,0.0,0.0,1.0,0.0,0.0,0.0,0.0,1.0,0.0,0.0,0.0,0.0,0.0,0.0,0.0,0.0,0.0,1.0,0.2418367346938776,0.4545454545454545,0.18181818181818182,0.0,0.16666666666666666,5,5,0,0,0,0,1,1,1.0,0.07,0.0011527023396097685,399000.0
10673300,1,0.0,0.0,1.0,0.0,0.0,0.0,0.0,1.0,0.0,0.0,0.0,0.0,0.0,0.0,0.0,0.0,0.0,1.0,0.1112244897959184,0.1818181818181818,0.09090909090909091,0.0,0.05555555555555555,3,3,0,0,0,0,1,1,0.133,0.0,0.00019624367595583967,199000.0
10673313,1,0.0,0.0,1.0,0.0,0.0,0.0,0.0,0.0,0.0,1.0,0.0,0.0,0.0,0.0,0.0,0.0,0.0,1.0,0.1479591836734694,0.1818181818181818,0.18181818181818182,0.07142857142857142,0.16666666666666666,2,2,0,0,0,1,1,1,0.03,0.3,0.00022925663078953234,275000.0
10673323,1,0.0,0.0,1.0,0.0,0.0,0.0,0.0,0.0,0.0,1.0,0.0,0.0,0.0,0.0,0.0,0.0,0.0,1.0,0.20714285714285716,0.2727272727272727,0.18181818181818182,0.0,0.0,4,5,0,0,0,0,1,1,0.318,0.72,0.00038056600711062366,319000.0
10673332,1,0.0,0.0,1.0,0.0,0.0,0.0,0.0,1.0,0.0,0.0,0.0,0.0,0.0,0.0,1.0,0.0,0.0,0.0,0.06632653061224492,0.0,0.09090909090909091,0.0,0.05555555555555555,3,2,0,0,0,0,0,0,0.0,0.0,6.969401576001783e-05,310000.0
10673334,1,0.0,0.0,1.0,0.0,0.0,0.0,0.0,0.0,0.0,0.0,0.0,0.0,1.0,0.0,0.0,0.0,0.0,1.0,0.1326530612244898,0.1818181818181818,0.09090909090909091,0.0,0.05555555555555555,5,7,0,1,0,0,0,0,0.0,0.0,0.0009170265231581294,195000.0
10673328,1,0.0,1.0,0.0,0.0,0.0,0.0,0.0,0.0,0.0,0.0,0.0,0.0,0.0,1.0,0.0,0.0,0.0,1.0,0.23979591836734696,0.1818181818181818,0.09090909090909091,0.0,0.05555555555555555,3,2,0,0,0,0,0,1,0.0,0.0,0.0005621372586959333,349000.0
10673337,1,0.0,0.0,1.0,0.0,0.0,0.0,0.0,0.0,0.0,1.0,0.0,0.0,0.0,0.0,0.0,0.0,1.0,0.0,0.1438775510204082,0.1818181818181818,0.09090909090909091,0.0,0.1111111111111111,0,4,0,0,0,0,1,1,0.1,0.2,0.0001531434293674076,189000.0
10673342,1,0.0,1.0,0.0,1.0,0.0,0.0,0.0,0.0,0.0,0.0,0.0,0.0,0.0,0.0,0.0,0.0,0.0,1.0,0.13877551020408166,0.1818181818181818,0.09090909090909091,0.0,0.1111111111111111,3,2,0,0,1,0,0,0,0.0,0.0,0.0006905209719380714,525000.0
10673340,1,0.0,0.0,1.0,0.0,0.0,0.0,0.0,0.0,0.0,0.0,0.0,1.0,0.0,0.0,0.0,1.0,0.0,0.0,0.06428571428571428,0.09090909090909091,0.0,0.07142857142857142,0.1111111111111111,0,0,0,0,0,0,0,0,0.0,0.0,0.0002567674264842762,75000.0
10673344,1,0.0,1.0,0.0,1.0,0.0,0.0,0.0,0.0,0.0,0.0,0.0,0.0,0.0,0.0,0.0,0.0,0.0,1.0,0.20000000000000004,0.1818181818181818,0.09090909090909091,0.0,0.1111111111111111,3,3,0,0,0,0,0,0,0.0,0.0,0.0026905558189459513,695000.0
10673345,0,1.0,0.0,0.0,0.0,1.0,0.0,0.0,0.0,0.0,0.0,0.0,0.0,0.0,0.0,0.0,0.0,0.0,1.0,0.1163265306122449,0.09090909090909091,0.18181818181818182,0.14285714285714285,0.1111111111111111,3,4,0,0,0,0,0,0,0.0,0.0,0.0,565000.0
10673350,0,0.0,0.0,1.0,0.0,0.0,0.0,0.0,0.0,0.0,0.0,1.0,0.0,0.0,0.0,0.0,0.0,1.0,0.0,0.06836734693877553,0.1818181818181818,0.09090909090909091,0.0,0.0,3,6,1,0,0,0,0,1,0.0,0.47000000000000003,0.0,225000.0
10673349,0,0.0,0.0,1.0,0.0,0.0,0.0,0.0,0.0,0.0,0.0,1.0,0.0,0.0,0.0,0.0,0.0,1.0,0.0,0.06836734693877553,0.1818181818181818,0.09090909090909091,0.0,0.0,3,6,1,0,0,0,0,1,0.0,0.47000000000000003,0.0,225000.0
10673377,0,1.0,0.0,0.0,0.0,1.0,0.0,0.0,0.0,0.0,0.0,0.0,0.0,0.0,0.0,0.0,1.0,0.0,0.0,0.04183673469387755,0.0,0.09090909090909091,0.0,0.05555555555555555,3,7,0,0,0,0,0,1,0.0,0.0,0.0,149000.0
10673378,1,0.0,1.0,0.0,0.0,0.0,0.0,0.0,0.0,0.0,0.0,0.0,0.0,0.0,1.0,0.0,0.0,1.0,0.0,0.3734693877551021,0.36363636363636365,0.2727272727272727,0.0,0.0,3,2,0,0,0,0,0,1,0.0,0.0,0.001651564768207791,4995000.0
10673347,1,0.0,0.0,1.0,0.0,0.0,0.0,0.0,0.0,0.0,1.0,0.0,0.0,0.0,0.0,0.0,0.0,0.0,1.0,0.07959183673469389,0.09090909090909091,0.09090909090909091,0.07142857142857142,0.05555555555555555,4,5,0,0,0,0,1,1,0.03,0.15,0.0001714839598305702,179900.0
10673380,0,1.0,0.0,0.0,0.0,1.0,0.0,0.0,0.0,0.0,0.0,0.0,0.0,0.0,0.0,0.0,1.0,0.0,0.0,0.06122448979591837,0.09090909090909091,0.09090909090909091,0.0,0.05555555555555555,0,0,1,0,0,0,0,1,0.0,0.12,0.0,199000.0
10673382,1,0.0,0.0,1.0,0.0,0.0,0.0,0.0,0.0,0.0,0.0,0.0,1.0,0.0,0.0,1.0,0.0,0.0,0.0,0.11836734693877551,0.09090909090909091,0.0,0.07142857142857142,0.05555555555555555,3,6,0,1,0,0,0,0,0.0,0.0,0.0,238000.0
10673384,0,1.0,0.0,0.0,0.0,1.0,0.0,0.0,0.0,0.0,0.0,0.0,0.0,0.0,0.0,0.0,0.0,0.0,1.0,0.06122448979591837,0.0,0.09090909090909091,0.0,0.1111111111111111,1,4,1,0,0,0,0,1,0.0,0.07,0.0,375000.0
10673386,1,0.0,1.0,0.0,0.0,0.0,0.0,0.0,0.0,0.0,0.0,0.0,0.0,0.0,1.0,0.0,0.0,0.0,1.0,0.2163265306122449,0.1818181818181818,0.18181818181818182,0.0,0.0,3,3,0,0,0,0,0,0,0.0,0.0,0.0002815271426095457,385000.0
10673388,1,1.0,0.0,0.0,0.0,1.0,0.0,0.0,0.0,0.0,0.0,0.0,0.0,0.0,0.0,0.0,1.0,0.0,0.0,0.14183673469387756,0.1818181818181818,0.18181818181818182,0.0,0.0,0,0,0,0,0,0,1,0,0.05,0.0,0.0,335000.0
10673390,0,1.0,0.0,0.0,0.0,1.0,0.0,0.0,0.0,0.0,0.0,0.0,0.0,0.0,0.0,0.0,0.0,0.0,1.0,0.06122448979591837,0.09090909090909091,0.09090909090909091,0.0,0.05555555555555555,4,3,1,0,0,0,0,1,0.0,0.24,0.0,250000.0
10673457,0,1.0,0.0,0.0,0.0,1.0,0.0,0.0,0.0,0.0,0.0,0.0,0.0,0.0,0.0,0.0,0.0,0.0,1.0,0.09183673469387757,0.09090909090909091,0.09090909090909091,0.0,0.05555555555555555,3,4,0,0,0,0,0,1,0.0,0.04,0.0,275000.0
10673454,1,0.0,0.0,1.0,0.0,0.0,0.0,0.0,1.0,0.0,0.0,0.0,0.0,0.0,0.0,0.0,0.0,0.0,1.0,0.1785714285714286,0.4545454545454545,0.09090909090909091,0.0,0.0,4,5,0,0,0,0,0,1,0.0,0.0,0.0005199540386306593,128000.0
10673460,1,0.0,1.0,0.0,0.0,0.0,0.0,1.0,0.0,0.0,0.0,0.0,0.0,0.0,0.0,0.0,0.0,0.0,1.0,0.19897959183673472,0.1818181818181818,0.09090909090909091,0.0,0.0,0,3,0,0,0,0,0,0,0.0,0.0,0.000290697407841127,410000.0
10673461,0,1.0,0.0,0.0,0.0,1.0,0.0,0.0,0.0,0.0,0.0,0.0,0.0,0.0,0.0,0.0,1.0,0.0,0.0,0.025510204081632654,0.0,0.0,0.07142857142857142,0.05555555555555555,5,0,1,0,0,0,0,0,0.0,0.0,0.0,175000.0
10673470,1,1.0,0.0,0.0,0.0,1.0,0.0,0.0,0.0,0.0,0.0,0.0,0.0,0.0,0.0,0.0,1.0,0.0,0.0,0.336734693877551,0.36363636363636365,0.36363636363636365,0.0,0.2777777777777778,3,0,0,0,0,0,0,1,0.0,0.0,0.00015956261502951451,1120000.0
10673474,1,1.0,0.0,0.0,0.0,1.0,0.0,0.0,0.0,0.0,0.0,0.0,0.0,0.0,0.0,0.0,0.0,0.0,1.0,0.4897959183673469,0.36363636363636365,0.18181818181818182,0.07142857142857142,0.2222222222222222,1,0,0,1,1,0,0,1,0.0,0.0,0.0010087291754739423,2150000.0
10673478,0,1.0,0.0,0.0,0.0,1.0,0.0,0.0,0.0,0.0,0.0,0.0,0.0,0.0,0.0,0.0,0.0,0.0,1.0,0.051020408163265314,0.0,0.0,0.07142857142857142,0.05555555555555555,3,0,0,0,0,0,0,0,0.0,0.0,0.0,248000.0
10673477,1,0.0,0.0,1.0,0.0,0.0,0.0,0.0,1.0,0.0,0.0,0.0,0.0,0.0,0.0,0.0,0.0,0.0,1.0,0.3520408163265306,0.6363636363636364,0.2727272727272727,0.0,0.2777777777777778,0,0,0,0,0,0,0,0,0.0,0.0,0.0004951943225053898,249000.0
10673476,1,1.0,0.0,0.0,0.0,1.0,0.0,0.0,0.0,0.0,0.0,0.0,0.0,0.0,0.0,0.0,1.0,0.0,0.0,0.2602040816326531,0.36363636363636365,0.09090909090909091,0.0,0.0,5,5,0,0,0,0,1,0,0.041,0.0,8.711751970002229e-05,690000.0
10673480,1,0.0,0.0,1.0,0.0,0.0,0.0,0.0,0.0,0.0,1.0,0.0,0.0,0.0,0.0,0.0,0.0,1.0,0.0,0.07142857142857142,0.09090909090909091,0.09090909090909091,0.0,0.05555555555555555,5,7,0,0,0,0,0,0,0.0,0.0,4.4934299634748335e-05,110000.0
10673483,0,0.0,1.0,0.0,0.0,0.0,0.0,0.0,0.0,0.0,0.0,0.0,0.0,0.0,1.0,0.0,0.0,0.0,1.0,0.06632653061224492,0.09090909090909091,0.09090909090909091,0.0,0.05555555555555555,3,5,0,0,0,0,0,1,0.0,1.0,0.0,625000.0
10673486,1,0.0,0.0,1.0,0.0,0.0,0.0,0.0,0.0,0.0,1.0,0.0,0.0,0.0,0.0,0.0,1.0,0.0,0.0,0.1295918367346939,0.1818181818181818,0.09090909090909091,0.07142857142857142,0.05555555555555555,3,3,0,0,0,0,1,1,0.027,0.1,0.00022742257774321608,279000.0
10673490,1,0.0,0.0,1.0,0.0,0.0,0.0,0.0,0.0,0.0,0.0,0.0,1.0,0.0,0.0,0.0,0.0,0.0,1.0,0.12346938775510205,0.2727272727272727,0.0,0.07142857142857142,0.05555555555555555,3,4,0,0,0,0,1,1,1.0,0.62,0.0012352347266940003,250000.0
10673487,1,0.0,0.0,1.0,0.0,0.0,0.0,0.0,0.0,0.0,1.0,0.0,0.0,0.0,0.0,0.0,0.0,1.0,0.0,0.06632653061224492,0.09090909090909091,0.09090909090909091,0.07142857142857142,0.05555555555555555,5,7,0,0,0,0,0,0,0.0,0.0,2.751079569474388e-05,80000.0
10673504,1,0.0,0.0,1.0,0.0,0.0,0.0,0.0,0.0,0.0,0.0,0.0,0.0,1.0,0.0,0.0,0.0,0.0,1.0,0.15816326530612246,0.36363636363636365,0.18181818181818182,0.0,0.0,4,4,0,1,0,0,0,0,0.0,0.0,0.0008023982077633632,445000.0
10673485,1,0.0,1.0,0.0,0.0,0.0,1.0,0.0,0.0,0.0,0.0,0.0,0.0,0.0,0.0,0.0,0.0,0.0,1.0,0.11836734693877551,0.2727272727272727,0.2727272727272727,0.0,0.0,5,6,0,0,0,0,0,1,0.0,0.0,0.001084842376896067,575000.0
10673506,1,0.0,1.0,0.0,0.0,0.0,0.0,0.0,0.0,0.0,0.0,0.0,0.0,0.0,1.0,0.0,0.0,0.0,1.0,0.19081632653061226,0.1818181818181818,0.09090909090909091,0.0,0.16666666666666666,3,2,0,0,0,0,1,0,0.165,0.0,0.00022008636555795105,245000.0
10673509,0,1.0,0.0,0.0,0.0,1.0,0.0,0.0,0.0,0.0,0.0,0.0,0.0,0.0,0.0,0.0,0.0,0.0,1.0,0.04387755102040817,0.0,0.09090909090909091,0.0,0.05555555555555555,0,3,0,1,0,0,0,0,0.0,0.0,0.0,225000.0
10673510,0,1.0,0.0,0.0,0.0,1.0,0.0,0.0,0.0,0.0,0.0,0.0,0.0,0.0,0.0,0.0,1.0,0.0,0.0,0.059183673469387764,0.09090909090909091,0.0,0.07142857142857142,0.05555555555555555,0,4,0,1,0,0,0,0,0.0,0.0,0.0,250000.0
10673511,0,0.0,0.0,1.0,0.0,0.0,0.0,0.0,0.0,0.0,0.0,0.0,0.0,1.0,0.0,0.0,0.0,1.0,0.0,0.0163265306122449,0.0,0.09090909090909091,0.0,0.05555555555555555,0,5,1,1,0,0,0,1,0.0,0.1,0.0,150000.0
10673523,0,1.0,0.0,0.0,0.0,1.0,0.0,0.0,0.0,0.0,0.0,0.0,0.0,0.0,0.0,1.0,0.0,0.0,0.0,0.051020408163265314,0.0,0.0,0.07142857142857142,0.05555555555555555,2,4,0,1,0,0,0,1,0.0,0.15,0.0,295000.0
10673515,1,0.0,0.0,1.0,0.0,0.0,0.0,0.0,0.0,0.0,0.0,0.0,1.0,0.0,0.0,0.0,0.0,0.0,1.0,0.07653061224489796,0.09090909090909091,0.09090909090909091,0.0,0.05555555555555555,5,0,0,0,0,0,1,1,0.0,0.0,0.0018725681602889,165000.0
10673514,1,0.0,0.0,1.0,0.0,0.0,0.0,0.0,1.0,0.0,0.0,0.0,0.0,0.0,0.0,0.0,0.0,0.0,1.0,0.10306122448979593,0.1818181818181818,0.09090909090909091,0.0,0.05555555555555555,3,5,0,0,0,0,1,0,0.7000000000000001,0.0,0.0009637948758391939,195000.0
10673522,1,0.0,0.0,1.0,0.0,0.0,0.0,0.0,1.0,0.0,0.0,0.0,0.0,0.0,0.0,0.0,1.0,0.0,0.0,0.0816326530612245,0.09090909090909091,0.09090909090909091,0.0,0.0,1,4,0,0,0,0,0,1,0.0,0.0,0.0,219000.0
10673512,1,0.0,0.0,1.0,0.0,0.0,0.0,0.0,0.0,0.0,0.0,0.0,0.0,1.0,0.0,0.0,0.0,0.0,1.0,0.4530612244897959,0.36363636363636365,0.18181818181818182,0.0,0.16666666666666666,4,5,0,1,0,0,1,1,0.0,0.0,0.004951943225053899,745000.0
10673524,0,1.0,0.0,0.0,0.0,1.0,0.0,0.0,0.0,0.0,0.0,0.0,0.0,0.0,0.0,0.0,1.0,0.0,0.0,0.051020408163265314,0.0,0.0,0.07142857142857142,0.05555555555555555,2,4,0,1,0,0,0,1,0.0,0.15,0.0,295000.0
10673525,0,1.0,0.0,0.0,0.0,1.0,0.0,0.0,0.0,0.0,0.0,0.0,0.0,0.0,0.0,0.0,1.0,0.0,0.0,0.051020408163265314,0.0,0.0,0.07142857142857142,0.05555555555555555,2,4,0,1,0,0,0,1,0.0,0.15,0.0,295000.0
10542456,1,0.0,1.0,0.0,0.0,0.0,0.0,1.0,0.0,0.0,0.0,0.0,0.0,0.0,0.0,0.0,0.0,1.0,0.0,0.15714285714285717,0.36363636363636365,0.18181818181818182,0.0,0.1111111111111111,3,2,0,0,0,0,1,1,0.068,0.49,0.0003026187526421827,299000.0
10673559,1,0.0,0.0,1.0,0.0,0.0,0.0,0.0,1.0,0.0,0.0,0.0,0.0,0.0,0.0,0.0,0.0,0.0,1.0,0.15510204081632656,0.1818181818181818,0.09090909090909091,0.07142857142857142,0.05555555555555555,5,4,0,0,0,0,1,1,0.09,0.2,0.00017423503940004458,139900.0
10673558,1,0.0,0.0,1.0,0.0,0.0,0.0,0.0,0.0,0.0,0.0,1.0,0.0,0.0,0.0,0.0,0.0,0.0,1.0,0.1969387755102041,0.2727272727272727,0.09090909090909091,0.0,0.1111111111111111,1,2,0,0,0,0,1,1,0.9540000000000001,0.21,0.0009830524328255147,425000.0
10673563,0,0.0,1.0,0.0,0.0,0.0,0.0,0.0,0.0,0.0,0.0,0.0,0.0,0.0,1.0,0.0,0.0,1.0,0.0,0.04795918367346939,0.0,0.09090909090909091,0.0,0.05555555555555555,1,0,1,0,0,0,0,1,0.0,0.11,0.0,267000.0
10673533,1,0.0,0.0,1.0,0.0,0.0,0.0,0.0,1.0,0.0,0.0,0.0,0.0,0.0,0.0,0.0,0.0,0.0,1.0,0.15918367346938778,0.36363636363636365,0.18181818181818182,0.0,0.0,0,0,0,0,1,0,0,1,0.0,0.0,0.0010087291754739423,395000.0
10673571,1,0.0,1.0,0.0,1.0,0.0,0.0,0.0,0.0,0.0,0.0,0.0,0.0,0.0,0.0,0.0,0.0,0.0,1.0,0.15408163265306124,0.2727272727272727,0.09090909090909091,0.0,0.1111111111111111,1,0,0,0,0,1,0,1,0.0,0.2,0.0001714839598305702,475000.0
10673564,1,0.0,0.0,1.0,0.0,0.0,0.0,0.0,0.0,0.0,0.0,0.0,0.0,1.0,0.0,0.0,0.0,1.0,0.0,0.15918367346938778,0.36363636363636365,0.18181818181818182,0.0,0.0,0,0,0,0,1,0,0,1,0.0,0.0,0.0010087291754739423,395000.0
10673567,0,0.0,1.0,0.0,0.0,0.0,0.0,0.0,0.0,0.0,0.0,0.0,0.0,0.0,1.0,0.0,0.0,1.0,0.0,0.08265306122448982,0.1818181818181818,0.0,0.0,0.05555555555555555,3,6,0,0,0,0,0,1,0.0,0.0,0.0,200000.0
10673566,0,0.0,1.0,0.0,0.0,0.0,1.0,0.0,0.0,0.0,0.0,0.0,0.0,0.0,0.0,1.0,0.0,0.0,0.0,0.036734693877551024,0.0,0.0,0.0,0.05555555555555555,1,2,1,0,0,0,0,1,0.0,0.07,0.0,199000.0
10673573,1,0.0,0.0,1.0,0.0,0.0,0.0,0.0,0.0,0.0,1.0,0.0,0.0,0.0,0.0,0.0,0.0,0.0,1.0,0.13367346938775512,0.09090909090909091,0.09090909090909091,0.07142857142857142,0.05555555555555555,0,7,0,0,0,0,1,0,0.12,0.0,0.00036039142360114483,90000.0
10673572,1,0.0,0.0,1.0,0.0,0.0,0.0,0.0,1.0,0.0,0.0,0.0,0.0,0.0,0.0,0.0,1.0,0.0,0.0,0.0816326530612245,0.09090909090909091,0.09090909090909091,0.0,0.05555555555555555,0,5,0,0,0,0,0,0,0.0,0.0,0.00023934392254427176,139000.0
10673580,1,0.0,0.0,1.0,0.0,0.0,0.0,0.0,1.0,0.0,0.0,0.0,0.0,0.0,0.0,0.0,0.0,0.0,1.0,0.13571428571428573,0.1818181818181818,0.09090909090909091,0.0,0.0,1,3,0,0,0,0,0,1,0.0,0.27,0.0035580629098535418,349000.0
10673574,1,0.0,0.0,1.0,0.0,0.0,0.0,0.0,0.0,0.0,0.0,0.0,0.0,1.0,0.0,0.0,0.0,0.0,1.0,0.22653061224489798,0.36363636363636365,0.09090909090909091,0.07142857142857142,0.0,2,3,0,1,0,0,0,1,0.0,0.0,0.0011050169604055458,550000.0
10673581,1,0.0,0.0,1.0,0.0,0.0,0.0,0.0,0.0,0.0,1.0,0.0,0.0,0.0,0.0,0.0,0.0,1.0,0.0,0.3020408163265306,0.6363636363636364,0.6363636363636364,0.5,0.38888888888888884,3,4,0,0,0,0,0,0,0.0,0.0,0.0004218322006527395,495000.0
10673582,1,0.0,0.0,1.0,0.0,0.0,0.0,0.0,1.0,0.0,0.0,0.0,0.0,0.0,0.0,0.0,0.0,1.0,0.0,0.12244897959183676,0.1818181818181818,0.09090909090909091,0.0,0.0,3,7,0,0,0,0,0,1,0.0,0.0,0.0,169000.0
10673587,1,0.0,1.0,0.0,1.0,0.0,0.0,0.0,0.0,0.0,0.0,0.0,0.0,0.0,0.0,0.0,0.0,0.0,1.0,0.14183673469387756,0.1818181818181818,0.09090909090909091,0.0,0.0,3,0,0,0,0,0,0,0,0.0,0.0,0.0002751079569474388,325000.0
10542509,1,0.0,0.0,1.0,0.0,0.0,0.0,0.0,0.0,0.0,0.0,0.0,0.0,1.0,0.0,0.0,0.0,0.0,1.0,0.0979591836734694,0.09090909090909091,0.09090909090909091,0.0,0.05555555555555555,1,2,0,0,0,0,1,1,0.2,0.08,0.00022925663078953234,265000.0
10673588,1,0.0,0.0,1.0,0.0,0.0,0.0,0.0,0.0,0.0,1.0,0.0,0.0,0.0,0.0,0.0,0.0,0.0,1.0,0.1316326530612245,0.1818181818181818,0.09090909090909091,0.0,0.1111111111111111,3,3,0,0,0,0,0,1,0.0,0.35000000000000003,0.00010087291754739423,235000.0
10673589,0,0.0,1.0,0.0,0.0,0.0,1.0,0.0,0.0,0.0,0.0,0.0,0.0,0.0,0.0,1.0,0.0,0.0,0.0,0.08265306122448982,0.1818181818181818,0.0,0.0,0.05555555555555555,1,2,1,0,0,0,0,1,0.0,0.07,0.0,279000.0
10673591,0,0.0,1.0,0.0,1.0,0.0,0.0,0.0,0.0,0.0,0.0,0.0,0.0,0.0,0.0,1.0,0.0,0.0,0.0,0.11020408163265308,0.09090909090909091,0.09090909090909091,0.07142857142857142,0.05555555555555555,1,0,1,0,0,0,0,1,0.0,0.01,0.0,595000.0
10673590,1,0.0,1.0,0.0,1.0,0.0,0.0,0.0,0.0,0.0,0.0,0.0,0.0,0.0,0.0,0.0,0.0,0.0,1.0,0.2857142857142857,0.2727272727272727,0.18181818181818182,0.0,0.1111111111111111,2,1,0,0,0,1,1,1,1.0,0.65,0.0019670218921741876,650000.0
10673593,0,0.0,0.0,1.0,0.0,0.0,0.0,0.0,0.0,0.0,0.0,0.0,0.0,1.0,0.0,0.0,0.0,0.0,1.0,0.09183673469387757,0.09090909090909091,0.09090909090909091,0.07142857142857142,0.05555555555555555,0,2,0,0,0,0,0,0,0.0,0.0,0.0,295000.0
10673603,0,0.0,0.0,1.0,0.0,0.0,0.0,0.0,0.0,0.0,1.0,0.0,0.0,0.0,0.0,1.0,0.0,0.0,0.0,0.06020408163265307,0.09090909090909091,0.09090909090909091,0.0,0.05555555555555555,3,7,1,0,0,0,0,0,0.0,0.0,0.0,169000.0
10673608,0,0.0,1.0,0.0,0.0,0.0,1.0,0.0,0.0,0.0,0.0,0.0,0.0,0.0,0.0,1.0,0.0,0.0,0.0,0.057142857142857155,0.0,0.09090909090909091,0.0,0.05555555555555555,3,1,1,1,0,0,0,1,0.0,0.09,0.0,299000.0
10673609,0,0.0,1.0,0.0,0.0,0.0,1.0,0.0,0.0,0.0,0.0,0.0,0.0,0.0,0.0,0.0,1.0,0.0,0.0,0.057142857142857155,0.0,0.09090909090909091,0.0,0.05555555555555555,3,1,1,1,0,0,0,1,0.0,0.09,0.0,299000.0
10673610,1,0.0,1.0,0.0,0.0,0.0,1.0,0.0,0.0,0.0,0.0,0.0,0.0,0.0,0.0,0.0,0.0,0.0,1.0,0.24693877551020413,0.1818181818181818,0.09090909090909091,0.0,0.0,5,0,0,0,0,0,1,0,0.0,0.0,0.0002998676730727083,229000.0
10673624,1,0.0,0.0,1.0,0.0,0.0,0.0,0.0,0.0,0.0,0.0,0.0,0.0,1.0,0.0,0.0,0.0,0.0,1.0,0.1479591836734694,0.1818181818181818,0.09090909090909091,0.0,0.1111111111111111,4,3,0,0,0,0,1,1,0.8,0.2,0.0011004318277897552,529000.0
10673618,1,0.0,1.0,0.0,1.0,0.0,0.0,0.0,0.0,0.0,0.0,0.0,0.0,0.0,0.0,0.0,0.0,0.0,1.0,0.1622448979591837,0.1818181818181818,0.09090909090909091,0.0,0.1111111111111111,3,3,0,1,0,0,1,1,0.165,0.3,0.00015130937632109134,469000.0
10673616,1,0.0,1.0,0.0,1.0,0.0,0.0,0.0,0.0,0.0,0.0,0.0,0.0,0.0,0.0,0.0,1.0,0.0,0.0,0.19387755102040818,0.1818181818181818,0.18181818181818182,0.0,0.1111111111111111,3,3,0,1,0,0,1,0,0.017,0.0,9.720481145476171e-05,579000.0
10673615,1,0.0,0.0,1.0,0.0,0.0,0.0,0.0,0.0,0.0,0.0,0.0,0.0,1.0,0.0,0.0,0.0,0.0,1.0,0.1275510204081633,0.1818181818181818,0.09090909090909091,0.0,0.1111111111111111,1,5,0,0,0,0,1,0,0.0,0.0,0.0005502159138948776,440000.0
10673622,0,1.0,0.0,0.0,0.0,1.0,0.0,0.0,0.0,0.0,0.0,0.0,0.0,0.0,0.0,1.0,0.0,0.0,0.0,0.10102040816326532,0.1818181818181818,0.18181818181818182,0.14285714285714285,0.1111111111111111,0,1,1,0,0,0,0,1,0.0,0.16,0.0,360000.0
10673620,1,0.0,1.0,0.0,0.0,0.0,0.0,0.0,0.0,0.0,0.0,0.0,0.0,0.0,1.0,0.0,0.0,1.0,0.0,0.11530612244897961,0.1818181818181818,0.09090909090909091,0.0,0.1111111111111111,1,2,0,0,0,0,1,1,0.12,0.25,0.00022008636555795105,292000.0
10673626,1,1.0,0.0,0.0,0.0,1.0,0.0,0.0,0.0,0.0,0.0,0.0,0.0,0.0,0.0,0.0,1.0,0.0,0.0,0.25918367346938775,0.36363636363636365,0.18181818181818182,0.0,0.0,3,7,0,0,0,0,0,0,0.0,0.0,0.0004585132615790647,569000.0
10673633,1,1.0,0.0,0.0,0.0,1.0,0.0,0.0,0.0,0.0,0.0,0.0,0.0,0.0,0.0,0.0,1.0,0.0,0.0,0.3877551020408163,0.4545454545454545,0.18181818181818182,0.0,0.2777777777777778,3,6,0,0,0,0,1,1,0.0,0.15,0.00034847007880008915,1295000.0
10673641,0,0.0,0.0,1.0,0.0,0.0,0.0,0.0,1.0,0.0,0.0,0.0,0.0,0.0,0.0,0.0,0.0,0.0,1.0,0.06122448979591837,0.09090909090909091,0.0,0.07142857142857142,0.05555555555555555,0,5,0,0,0,0,0,1,0.0,0.0,0.0,129000.0
10673638,1,0.0,0.0,1.0,0.0,0.0,0.0,0.0,0.0,0.0,0.0,0.0,1.0,0.0,0.0,0.0,0.0,1.0,0.0,0.0816326530612245,0.09090909090909091,0.0,0.0,0.0,6,0,0,1,0,0,1,1,0.0,0.0,0.0020981566849857997,89999.0
10542569,1,0.0,1.0,0.0,0.0,0.0,0.0,0.0,0.0,0.0,0.0,0.0,0.0,0.0,1.0,0.0,0.0,0.0,1.0,0.14081632653061227,0.1818181818181818,0.0,0.0,0.0,3,5,0,0,0,0,0,0,0.0,0.0,0.00038698519277273057,298000.0
10673654,0,0.0,1.0,0.0,1.0,0.0,0.0,0.0,0.0,0.0,0.0,0.0,0.0,0.0,0.0,0.0,0.0,0.0,1.0,0.05510204081632653,0.09090909090909091,0.09090909090909091,0.0,0.05555555555555555,0,0,0,0,0,0,0,0,0.0,0.0,0.0,310000.0
10673651,1,0.0,0.0,1.0,0.0,0.0,0.0,0.0,1.0,0.0,0.0,0.0,0.0,0.0,0.0,0.0,0.0,1.0,0.0,0.326530612244898,0.2727272727272727,0.18181818181818182,0.0,0.0,0,5,0,0,0,0,0,0,0.0,0.0,0.0,115000.0
10673652,1,0.0,0.0,1.0,0.0,0.0,0.0,0.0,1.0,0.0,0.0,0.0,0.0,0.0,0.0,0.0,0.0,1.0,0.0,0.09183673469387757,0.0,0.0,0.14285714285714285,0.0,0,6,0,0,0,0,0,0,0.0,0.0,0.00021091610032636975,165000.0
10673645,1,0.0,1.0,0.0,1.0,0.0,0.0,0.0,0.0,0.0,0.0,0.0,0.0,0.0,0.0,0.0,1.0,0.0,0.0,0.11836734693877551,0.09090909090909091,0.09090909090909091,0.0,0.0,5,6,0,0,0,0,1,0,0.034,0.0,0.0001375539784737194,654000.0
10673655,0,1.0,0.0,0.0,0.0,1.0,0.0,0.0,0.0,0.0,0.0,0.0,0.0,0.0,0.0,0.0,1.0,0.0,0.0,0.07653061224489796,0.09090909090909091,0.09090909090909091,0.0,0.05555555555555555,3,0,1,0,0,0,1,1,0.0,0.01,0.0,219000.0
10673662,1,0.0,0.0,1.0,0.0,0.0,0.0,0.0,0.0,0.0,1.0,0.0,0.0,0.0,0.0,0.0,0.0,0.0,1.0,0.07346938775510206,0.1818181818181818,0.09090909090909091,0.0,0.0,4,7,0,0,0,0,1,1,0.224,0.56,0.00028978038131796885,179000.0
10673664,1,0.0,1.0,0.0,1.0,0.0,0.0,0.0,0.0,0.0,0.0,0.0,0.0,0.0,0.0,0.0,0.0,0.0,1.0,0.15816326530612246,0.1818181818181818,0.09090909090909091,0.0,0.1111111111111111,0,0,0,1,0,0,1,0,0.0,0.0,0.00020357988814110472,439000.0
10542599,0,0.0,1.0,0.0,1.0,0.0,0.0,0.0,0.0,0.0,0.0,0.0,0.0,0.0,0.0,0.0,0.0,0.0,1.0,0.04795918367346939,0.0,0.09090909090909091,0.0,0.05555555555555555,3,5,1,1,0,0,0,0,0.0,0.0,0.0,129000.0
10673666,1,0.0,1.0,0.0,1.0,0.0,0.0,0.0,0.0,0.0,0.0,0.0,0.0,0.0,0.0,0.0,0.0,0.0,1.0,0.1469387755102041,0.1818181818181818,0.09090909090909091,0.0,0.1111111111111111,0,0,0,1,0,0,1,0,0.0,0.0,0.00012930073976529625,397000.0
10673665,1,0.0,1.0,0.0,1.0,0.0,0.0,0.0,0.0,0.0,0.0,0.0,0.0,0.0,0.0,0.0,0.0,0.0,1.0,0.1469387755102041,0.1818181818181818,0.09090909090909091,0.0,0.1111111111111111,0,0,0,1,0,0,1,0,0.0,0.0,0.00018248827810846775,424000.0
10673667,1,0.0,1.0,0.0,0.0,0.0,0.0,0.0,0.0,1.0,0.0,0.0,0.0,0.0,0.0,0.0,0.0,0.0,1.0,0.13571428571428573,0.1818181818181818,0.09090909090909091,0.0,0.0,3,4,0,1,0,0,0,0,0.0,0.0,0.00010912615625581739,220000.0
10673674,1,0.0,1.0,0.0,0.0,0.0,0.0,0.0,0.0,0.0,0.0,0.0,0.0,0.0,1.0,0.0,0.0,0.0,1.0,0.1959183673469388,0.09090909090909091,0.09090909090909091,0.0,0.05555555555555555,4,4,0,0,0,0,1,0,1.0,0.0,0.004285264942717938,380000.0
10673675,1,0.0,1.0,0.0,0.0,0.0,1.0,0.0,0.0,0.0,0.0,0.0,0.0,0.0,0.0,0.0,0.0,0.0,1.0,0.1653061224489796,0.2727272727272727,0.09090909090909091,0.0,0.05555555555555555,0,4,0,0,1,0,1,0,0.3,0.0,0.0006052375052843654,569000.0
10673683,0,0.0,1.0,0.0,0.0,0.0,1.0,0.0,0.0,0.0,0.0,0.0,0.0,0.0,0.0,0.0,0.0,0.0,1.0,0.0326530612244898,0.0,0.09090909090909091,0.0,0.05555555555555555,4,2,0,0,0,0,0,0,0.0,0.0,0.0,99000.0
10673677,0,0.0,1.0,0.0,0.0,0.0,0.0,0.0,0.0,0.0,0.0,0.0,0.0,0.0,1.0,0.0,0.0,0.0,1.0,0.028571428571428574,0.09090909090909091,0.09090909090909091,0.0,0.05555555555555555,3,4,1,0,0,0,0,0,0.0,0.0,0.0,119000.0
10673678,0,0.0,1.0,0.0,0.0,0.0,0.0,0.0,0.0,0.0,0.0,0.0,0.0,0.0,1.0,0.0,0.0,0.0,1.0,0.02755102040816327,0.09090909090909091,0.09090909090909091,0.0,0.05555555555555555,3,6,1,0,0,0,0,0,0.0,0.0,0.0,119000.0
10673686,0,0.0,1.0,0.0,1.0,0.0,0.0,0.0,0.0,0.0,0.0,0.0,0.0,0.0,0.0,0.0,0.0,1.0,0.0,0.0653061224489796,0.09090909090909091,0.0,0.0,0.05555555555555555,3,2,1,0,0,0,0,1,0.0,0.06,0.0,227000.0
10673694,0,0.0,1.0,0.0,0.0,0.0,0.0,1.0,0.0,0.0,0.0,0.0,0.0,0.0,0.0,0.0,0.0,0.0,1.0,0.06122448979591837,0.09090909090909091,0.0,0.0,0.0,3,0,0,0,0,0,0,1,0.0,0.05,0.0,331145.0
10673692,1,0.0,1.0,0.0,1.0,0.0,0.0,0.0,0.0,0.0,0.0,0.0,0.0,0.0,0.0,0.0,0.0,0.0,1.0,0.13775510204081634,0.09090909090909091,0.09090909090909091,0.0,0.1111111111111111,4,5,0,0,0,0,1,0,0.0,0.0,0.0011462831539476616,420000.0
10673695,0,0.0,1.0,0.0,0.0,0.0,0.0,1.0,0.0,0.0,0.0,0.0,0.0,0.0,0.0,0.0,0.0,0.0,1.0,0.06938775510204082,0.09090909090909091,0.0,0.0,0.0,3,0,0,0,0,0,0,1,0.0,0.17,0.0,372345.0
10673700,1,0.0,1.0,0.0,0.0,0.0,0.0,0.0,0.0,0.0,0.0,0.0,0.0,0.0,1.0,0.0,0.0,0.0,1.0,0.17448979591836736,0.2727272727272727,0.18181818181818182,0.0,0.1111111111111111,0,0,0,0,0,0,1,0,0.10400000000000001,0.0,9.537075840844545e-05,388000.0
10673703,1,0.0,1.0,0.0,0.0,0.0,1.0,0.0,0.0,0.0,0.0,0.0,0.0,0.0,0.0,0.0,0.0,0.0,1.0,0.6387755102040816,0.0,0.0,0.0,0.0,5,0,0,0,0,0,0,0,0.0,0.0,0.0,550000.0
10280486,0,0.0,0.0,1.0,0.0,0.0,0.0,0.0,0.0,0.0,1.0,0.0,0.0,0.0,0.0,0.0,0.0,1.0,0.0,0.05000000000000001,0.09090909090909091,0.09090909090909091,0.0,0.05555555555555555,5,6,0,0,0,0,0,0,0.0,0.0,0.0,129000.0
10673702,1,0.0,1.0,0.0,0.0,0.0,1.0,0.0,0.0,0.0,0.0,0.0,0.0,0.0,0.0,1.0,0.0,0.0,0.0,0.14081632653061227,0.2727272727272727,0.09090909090909091,0.0,0.1111111111111111,4,4,0,0,0,0,1,1,0.054,0.0,0.0,499900.0
10673711,0,0.0,1.0,0.0,0.0,0.0,1.0,0.0,0.0,0.0,0.0,0.0,0.0,0.0,0.0,1.0,0.0,0.0,0.0,0.0653061224489796,0.09090909090909091,0.09090909090909091,0.0,0.05555555555555555,3,2,0,0,0,0,0,0,0.0,0.0,0.0,289000.0
10673712,1,0.0,1.0,0.0,0.0,0.0,1.0,0.0,0.0,0.0,0.0,0.0,0.0,0.0,0.0,1.0,0.0,0.0,0.0,0.1469387755102041,0.09090909090909091,0.18181818181818182,0.0,0.1111111111111111,3,3,0,0,0,0,0,0,0.0,0.0,7.336212185265035e-05,674900.0
10673753,1,0.0,1.0,0.0,0.0,0.0,1.0,0.0,0.0,0.0,0.0,0.0,0.0,0.0,0.0,0.0,0.0,0.0,1.0,0.21938775510204084,0.1818181818181818,0.09090909090909091,0.0,0.0,3,2,0,0,0,0,0,0,0.0,0.0,0.0007831406507770425,695000.0
10673759,0,1.0,0.0,0.0,0.0,1.0,0.0,0.0,0.0,0.0,0.0,0.0,0.0,0.0,0.0,0.0,0.0,0.0,1.0,0.12244897959183676,0.1818181818181818,0.0,0.21428571428571427,0.16666666666666666,2,3,0,0,0,0,0,1,0.0,0.12,0.0,450000.0
10673757,1,0.0,1.0,0.0,0.0,0.0,0.0,0.0,0.0,0.0,0.0,0.0,0.0,0.0,1.0,0.0,0.0,0.0,1.0,0.08265306122448982,0.09090909090909091,0.09090909090909091,0.0,0.05555555555555555,1,3,0,0,0,0,1,0,0.105,0.0,0.0006831847597528063,299000.0
10673755,1,0.0,1.0,0.0,0.0,0.0,0.0,0.0,0.0,0.0,0.0,0.0,0.0,0.0,1.0,0.0,0.0,0.0,1.0,0.17346938775510207,0.2727272727272727,0.18181818181818182,0.0,0.1111111111111111,0,1,0,0,0,0,1,0,0.12,0.0,0.00020174583509478846,349000.0
10673769,0,0.0,1.0,0.0,0.0,0.0,0.0,0.0,0.0,0.0,0.0,0.0,0.0,0.0,1.0,0.0,0.0,0.0,1.0,0.07040816326530613,0.09090909090909091,0.09090909090909091,0.0,0.05555555555555555,3,2,0,0,0,1,0,1,0.0,0.0,0.0,225000.0
10673772,0,0.0,0.0,1.0,0.0,0.0,0.0,0.0,0.0,0.0,1.0,0.0,0.0,0.0,0.0,0.0,0.0,1.0,0.0,0.09387755102040818,0.09090909090909091,0.09090909090909091,0.0,0.05555555555555555,0,4,1,1,0,0,0,0,0.0,0.0,0.0,200000.0
10673758,0,0.0,1.0,0.0,0.0,0.0,0.0,0.0,0.0,0.0,0.0,0.0,0.0,0.0,1.0,0.0,0.0,0.0,1.0,0.08265306122448982,0.09090909090909091,0.09090909090909091,0.0,0.05555555555555555,1,3,0,0,0,0,1,0,0.105,0.0,0.0,299000.0
10673771,1,0.0,1.0,0.0,1.0,0.0,0.0,0.0,0.0,0.0,0.0,0.0,0.0,0.0,0.0,0.0,0.0,0.0,1.0,0.17142857142857146,0.1818181818181818,0.09090909090909091,0.0,0.0,3,0,0,0,0,0,1,0,0.0,0.0,0.000680433680183332,429000.0
10673762,1,0.0,1.0,0.0,0.0,0.0,0.0,1.0,0.0,0.0,0.0,0.0,0.0,0.0,0.0,0.0,1.0,0.0,0.0,0.12551020408163266,0.2727272727272727,0.18181818181818182,0.0,0.1111111111111111,3,3,0,0,0,0,0,1,0.0,0.0,0.00020174583509478846,370000.0
10673779,1,0.0,0.0,1.0,0.0,0.0,0.0,0.0,0.0,0.0,1.0,0.0,0.0,0.0,0.0,0.0,0.0,1.0,0.0,0.17346938775510207,0.36363636363636365,0.0,0.0,0.0,2,7,0,1,0,0,1,0,0.145,0.0,0.0005016135081674967,400000.0
10673777,0,0.0,0.0,1.0,0.0,0.0,0.0,0.0,0.0,0.0,1.0,0.0,0.0,0.0,0.0,1.0,0.0,0.0,0.0,0.05000000000000001,0.09090909090909091,0.0,0.07142857142857142,0.05555555555555555,1,7,1,1,0,0,0,0,0.0,0.0,0.0,165000.0
10673773,1,0.0,0.0,1.0,0.0,0.0,0.0,0.0,0.0,0.0,1.0,0.0,0.0,0.0,0.0,0.0,0.0,1.0,0.0,0.17346938775510207,0.2727272727272727,0.09090909090909091,0.07142857142857142,0.1111111111111111,0,1,0,1,0,0,0,0,0.0,0.0,0.00031454009744323835,335000.0
10673790,0,0.0,1.0,0.0,1.0,0.0,0.0,0.0,0.0,0.0,0.0,0.0,0.0,0.0,0.0,0.0,0.0,0.0,1.0,0.04693877551020408,0.0,0.09090909090909091,0.0,0.05555555555555555,1,2,1,1,0,0,0,0,0.0,0.0,0.0,177777.0
10673781,1,0.0,1.0,0.0,0.0,0.0,1.0,0.0,0.0,0.0,0.0,0.0,0.0,0.0,0.0,0.0,0.0,0.0,1.0,0.1438775510204082,0.2727272727272727,0.0,0.07142857142857142,0.16666666666666666,1,2,0,0,0,0,1,0,0.0,0.0,0.00011921344801055682,429000.0
10673798,0,0.0,1.0,0.0,0.0,0.0,1.0,0.0,0.0,0.0,0.0,0.0,0.0,0.0,0.0,1.0,0.0,0.0,0.0,0.06224489795918368,0.09090909090909091,0.09090909090909091,0.0,0.0,3,2,1,1,0,0,0,1,0.0,0.06,0.0,365000.0
10673795,1,0.0,1.0,0.0,0.0,0.0,1.0,0.0,0.0,0.0,0.0,0.0,0.0,0.0,0.0,0.0,0.0,0.0,1.0,0.35714285714285715,0.2727272727272727,0.18181818181818182,0.07142857142857142,0.2777777777777778,3,3,0,1,0,0,1,0,0.468,0.0,0.0006776826006138576,699000.0
10673801,1,0.0,1.0,0.0,0.0,0.0,1.0,0.0,0.0,0.0,0.0,0.0,0.0,0.0,0.0,0.0,0.0,1.0,0.0,0.19387755102040818,0.2727272727272727,0.09090909090909091,0.0,0.1111111111111111,0,1,0,1,0,0,1,1,0.715,0.4,0.0008060663138559957,679000.0
10673802,1,0.0,1.0,0.0,0.0,0.0,1.0,0.0,0.0,0.0,0.0,0.0,0.0,0.0,0.0,0.0,0.0,0.0,1.0,0.20510204081632655,0.1818181818181818,0.0,0.0,0.1111111111111111,4,4,0,0,0,0,1,1,0.0,0.0,0.0005538840199875102,249000.0
10673809,1,0.0,0.0,1.0,0.0,0.0,0.0,0.0,0.0,0.0,0.0,0.0,1.0,0.0,0.0,0.0,0.0,0.0,1.0,0.326530612244898,0.2727272727272727,0.0,0.0,0.16666666666666666,3,4,0,0,0,0,0,0,0.0,0.0,0.0,385000.0
10673813,1,1.0,0.0,0.0,0.0,1.0,0.0,0.0,0.0,0.0,0.0,0.0,0.0,0.0,0.0,0.0,1.0,0.0,0.0,0.11734693877551022,0.1818181818181818,0.2727272727272727,0.14285714285714285,0.1111111111111111,3,6,0,0,0,0,1,1,0.02,0.04,6.602590966738531e-05,495000.0
10673814,0,1.0,0.0,0.0,0.0,1.0,0.0,0.0,0.0,0.0,0.0,0.0,0.0,0.0,0.0,0.0,0.0,0.0,1.0,0.0816326530612245,0.0,0.09090909090909091,0.0,0.05555555555555555,0,4,0,1,0,0,0,1,0.0,0.1,0.0,220000.0
10673819,0,1.0,0.0,0.0,0.0,1.0,0.0,0.0,0.0,0.0,0.0,0.0,0.0,0.0,0.0,1.0,0.0,0.0,0.0,0.018367346938775515,0.0,0.0,0.07142857142857142,0.0,1,3,1,0,0,0,0,0,0.0,0.0,0.0,220000.0
10673822,1,0.0,0.0,1.0,0.0,0.0,0.0,0.0,0.0,0.0,1.0,0.0,0.0,0.0,0.0,0.0,1.0,0.0,0.0,0.1438775510204082,0.2727272727272727,0.09090909090909091,0.07142857142857142,0.1111111111111111,0,7,0,0,0,0,0,1,0.0,0.08,6.694293619054345e-05,195000.0
10673821,1,0.0,1.0,0.0,0.0,0.0,0.0,1.0,0.0,0.0,0.0,0.0,0.0,0.0,0.0,0.0,0.0,0.0,1.0,0.2693877551020408,0.4545454545454545,0.36363636363636365,0.0,0.2222222222222222,6,0,0,0,0,0,0,1,0.0,0.76,0.0,550000.0
10673825,0,0.0,0.0,1.0,0.0,0.0,0.0,0.0,0.0,0.0,0.0,0.0,1.0,0.0,0.0,0.0,1.0,0.0,0.0,0.04693877551020408,0.09090909090909091,0.0,0.07142857142857142,0.05555555555555555,4,4,0,1,0,0,0,0,0.0,0.0,0.0,170000.0
10673834,1,0.0,1.0,0.0,0.0,0.0,0.0,0.0,0.0,1.0,0.0,0.0,0.0,0.0,0.0,0.0,0.0,1.0,0.0,0.2479591836734694,0.2727272727272727,0.09090909090909091,0.0,0.0,2,2,0,1,0,0,0,0,0.0,0.0,0.00023109068383584858,369000.0
10673840,1,0.0,0.0,1.0,0.0,0.0,0.0,0.0,0.0,0.0,0.0,0.0,0.0,1.0,0.0,0.0,0.0,0.0,1.0,0.1326530612244898,0.1818181818181818,0.09090909090909091,0.0,0.1111111111111111,3,7,0,1,0,0,1,1,1.0,0.25,0.0014048846334782541,505000.0
10673839,1,0.0,0.0,1.0,0.0,0.0,0.0,0.0,0.0,0.0,0.0,0.0,1.0,0.0,0.0,0.0,1.0,0.0,0.0,0.28469387755102044,0.36363636363636365,0.0,0.07142857142857142,0.0,1,3,0,1,0,0,1,0,0.7000000000000001,0.0,0.0,600000.0
10673841,1,0.0,0.0,1.0,0.0,0.0,0.0,0.0,1.0,0.0,0.0,0.0,0.0,0.0,0.0,1.0,0.0,0.0,0.0,0.12244897959183676,0.09090909090909091,0.09090909090909091,0.0,0.05555555555555555,5,7,0,1,0,0,0,1,0.0,0.05,5.502159138948776e-05,99000.0
10673843,0,0.0,1.0,0.0,1.0,0.0,0.0,0.0,0.0,0.0,0.0,0.0,0.0,0.0,0.0,0.0,0.0,0.0,1.0,0.09081632653061225,0.09090909090909091,0.09090909090909091,0.0,0.05555555555555555,0,0,0,1,0,0,1,1,0.056,0.29,0.0,299000.0
10673844,1,0.0,0.0,1.0,0.0,0.0,0.0,0.0,0.0,0.0,0.0,0.0,1.0,0.0,0.0,0.0,0.0,1.0,0.0,0.10612244897959186,0.1818181818181818,0.09090909090909091,0.0,0.0,0,6,0,1,0,0,0,1,0.0,0.0,0.0005410456486632963,230000.0
10673853,0,0.0,1.0,0.0,1.0,0.0,0.0,0.0,0.0,0.0,0.0,0.0,0.0,0.0,0.0,0.0,0.0,0.0,1.0,0.2142857142857143,0.1818181818181818,0.18181818181818182,0.0,0.16666666666666666,1,1,0,1,0,0,1,1,0.0,0.3,0.0,545000.0
10673845,1,0.0,0.0,1.0,0.0,0.0,0.0,0.0,0.0,0.0,0.0,0.0,1.0,0.0,0.0,0.0,0.0,1.0,0.0,0.11224489795918369,0.1818181818181818,0.0,0.21428571428571427,0.16666666666666666,4,3,0,1,0,0,0,0,0.0,0.0,5.3187538343171505e-05,235000.0
10673846,0,0.0,0.0,1.0,0.0,0.0,0.0,0.0,0.0,0.0,0.0,0.0,1.0,0.0,0.0,0.0,0.0,1.0,0.0,0.11224489795918369,0.1818181818181818,0.0,0.21428571428571427,0.16666666666666666,4,3,0,1,0,0,0,0,0.0,0.0,0.0,235000.0
10673849,0,1.0,0.0,0.0,0.0,1.0,0.0,0.0,0.0,0.0,0.0,0.0,0.0,0.0,0.0,0.0,1.0,0.0,0.0,0.07959183673469389,0.09090909090909091,0.09090909090909091,0.0,0.05555555555555555,5,6,0,0,0,0,0,1,0.0,0.03,0.0,279000.0
10673847,1,0.0,1.0,0.0,1.0,0.0,0.0,0.0,0.0,0.0,0.0,0.0,0.0,0.0,0.0,0.0,0.0,0.0,1.0,0.1275510204081633,0.1818181818181818,0.09090909090909091,0.0,0.0,3,6,0,0,0,0,0,1,0.0,0.0,0.0006611761231970113,310000.0
10673852,0,0.0,1.0,0.0,0.0,0.0,1.0,0.0,0.0,0.0,0.0,0.0,0.0,0.0,0.0,0.0,1.0,0.0,0.0,0.1,0.09090909090909091,0.09090909090909091,0.0,0.0,0,2,0,0,0,0,0,1,0.0,0.0,0.0,349000.0
10673848,1,0.0,0.0,1.0,0.0,0.0,0.0,0.0,1.0,0.0,0.0,0.0,0.0,0.0,0.0,0.0,0.0,0.0,1.0,0.15510204081632656,0.1818181818181818,0.09090909090909091,0.0,0.05555555555555555,0,3,0,0,0,0,1,1,1.0,0.3,0.0010793402177571181,200000.0
10673856,0,0.0,1.0,0.0,1.0,0.0,0.0,0.0,0.0,0.0,0.0,0.0,0.0,0.0,0.0,0.0,0.0,1.0,0.0,0.08673469387755103,0.09090909090909091,0.09090909090909091,0.07142857142857142,0.05555555555555555,3,2,1,0,0,0,0,1,0.0,0.1,0.0,295000.0
10673857,1,0.0,0.0,1.0,0.0,0.0,0.0,0.0,1.0,0.0,0.0,0.0,0.0,0.0,0.0,0.0,1.0,0.0,0.0,0.15306122448979595,0.09090909090909091,0.09090909090909091,0.0,0.0,0,6,0,1,0,0,0,1,0.0,0.0,0.00015956261502951451,160000.0
10673860,0,0.0,0.0,1.0,0.0,0.0,0.0,0.0,1.0,0.0,0.0,0.0,0.0,0.0,0.0,0.0,0.0,0.0,1.0,0.05816326530612246,0.0,0.0,0.07142857142857142,0.0,0,1,0,1,0,0,0,1,0.0,0.0,0.0,145000.0
10673861,1,0.0,1.0,0.0,1.0,0.0,0.0,0.0,0.0,0.0,0.0,0.0,0.0,0.0,0.0,0.0,0.0,0.0,1.0,0.18775510204081636,0.1818181818181818,0.09090909090909091,0.0,0.05555555555555555,5,6,0,1,0,0,1,0,0.0,0.0,0.0018303849402236262,430000.0
10673859,1,0.0,1.0,0.0,1.0,0.0,0.0,0.0,0.0,0.0,0.0,0.0,0.0,0.0,0.0,0.0,0.0,1.0,0.0,0.07959183673469389,0.2727272727272727,0.09090909090909091,0.0,0.1111111111111111,2,3,0,1,0,0,1,0,0.0,0.0,5.502159138948776e-05,365000.0
10673862,1,0.0,1.0,0.0,1.0,0.0,0.0,0.0,0.0,0.0,0.0,0.0,0.0,0.0,0.0,0.0,0.0,0.0,1.0,0.15816326530612246,0.2727272727272727,0.18181818181818182,0.0,0.1111111111111111,3,2,0,1,0,0,0,1,0.0,0.0,0.0,335000.0
10673866,0,1.0,0.0,0.0,0.0,1.0,0.0,0.0,0.0,0.0,0.0,0.0,0.0,0.0,0.0,0.0,1.0,0.0,0.0,0.27040816326530615,0.2727272727272727,0.09090909090909091,0.14285714285714285,0.16666666666666666,0,5,1,1,0,0,0,1,0.0,0.0,0.0,1500000.0
10673865,1,0.0,0.0,1.0,0.0,0.0,0.0,0.0,0.0,0.0,0.0,0.0,1.0,0.0,0.0,0.0,0.0,0.0,1.0,0.0163265306122449,0.09090909090909091,0.09090909090909091,0.0,0.05555555555555555,0,0,0,1,0,0,0,0,0.0,0.0,0.00018340530463162587,17500.0
10673868,1,0.0,0.0,1.0,0.0,0.0,0.0,0.0,1.0,0.0,0.0,0.0,0.0,0.0,0.0,0.0,1.0,0.0,0.0,0.09285714285714286,0.09090909090909091,0.0,0.14285714285714285,0.1111111111111111,4,5,0,1,0,0,1,0,0.11,0.0,0.00018340530463162587,129000.0
10673867,1,0.0,0.0,1.0,0.0,0.0,0.0,0.0,1.0,0.0,0.0,0.0,0.0,0.0,0.0,0.0,1.0,0.0,0.0,0.09183673469387757,0.1818181818181818,0.0,0.0,0.0,3,4,0,1,0,0,1,0,0.1,0.0,0.00017423503940004458,139900.0
10673875,1,0.0,1.0,0.0,0.0,0.0,1.0,0.0,0.0,0.0,0.0,0.0,0.0,0.0,0.0,0.0,0.0,0.0,1.0,0.5183673469387755,0.36363636363636365,0.18181818181818182,0.0,0.0,5,6,1,1,0,0,1,1,0.0,0.0,0.0046667479763517206,2300000.0
10542804,1,0.0,0.0,1.0,0.0,0.0,0.0,0.0,1.0,0.0,0.0,0.0,0.0,0.0,0.0,0.0,0.0,1.0,0.0,0.3163265306122449,0.2727272727272727,0.09090909090909091,0.0,0.0,5,5,0,0,0,0,0,0,0.0,0.0,0.0001724009863537283,220000.0
10673879,1,1.0,0.0,0.0,0.0,1.0,0.0,0.0,0.0,0.0,0.0,0.0,0.0,0.0,0.0,1.0,0.0,0.0,0.0,0.37244897959183676,0.2727272727272727,0.09090909090909091,0.14285714285714285,0.16666666666666666,4,7,0,1,0,0,0,0,0.0,0.0,0.0,599000.0
10673880,1,0.0,1.0,0.0,1.0,0.0,0.0,0.0,0.0,0.0,0.0,0.0,0.0,0.0,0.0,0.0,0.0,0.0,1.0,0.20408163265306126,0.2727272727272727,0.09090909090909091,0.0,0.05555555555555555,5,6,0,1,0,0,0,1,0.0,0.0,0.00019257556986320717,297000.0
10673883,1,0.0,0.0,1.0,0.0,0.0,0.0,0.0,0.0,0.0,1.0,0.0,0.0,0.0,0.0,0.0,1.0,0.0,0.0,0.04081632653061225,0.09090909090909091,0.0,0.07142857142857142,0.05555555555555555,2,7,0,1,0,0,0,1,0.0,0.07,4.585132615790647e-05,175000.0
10673885,0,0.0,0.0,1.0,0.0,0.0,0.0,0.0,0.0,0.0,1.0,0.0,0.0,0.0,0.0,1.0,0.0,0.0,0.0,0.15816326530612246,0.1818181818181818,0.09090909090909091,0.07142857142857142,0.1111111111111111,5,3,1,1,0,0,0,1,0.0,0.1,0.0,379900.0
10673889,0,0.0,0.0,1.0,0.0,0.0,0.0,0.0,1.0,0.0,0.0,0.0,0.0,0.0,0.0,0.0,0.0,1.0,0.0,0.04591836734693878,0.09090909090909091,0.09090909090909091,0.0,0.05555555555555555,4,7,0,1,0,0,0,0,0.0,0.0,0.0,133000.0
10673891,0,0.0,0.0,1.0,0.0,0.0,0.0,0.0,1.0,0.0,0.0,0.0,0.0,0.0,0.0,0.0,0.0,1.0,0.0,0.04591836734693878,0.09090909090909091,0.09090909090909091,0.0,0.05555555555555555,4,3,0,1,0,0,0,0,0.0,0.0,0.0,137500.0
10673888,1,0.0,0.0,1.0,0.0,0.0,0.0,0.0,0.0,0.0,1.0,0.0,0.0,0.0,0.0,0.0,1.0,0.0,0.0,0.12653061224489798,0.1818181818181818,0.09090909090909091,0.0,0.1111111111111111,3,7,0,1,0,0,1,1,0.099,0.33,0.0,187000.0
10673892,0,0.0,0.0,1.0,0.0,0.0,0.0,0.0,1.0,0.0,0.0,0.0,0.0,0.0,0.0,0.0,0.0,1.0,0.0,0.051020408163265314,0.09090909090909091,0.09090909090909091,0.0,0.05555555555555555,3,3,0,1,0,0,0,0,0.0,0.0,0.0,140000.0
10673895,1,0.0,0.0,1.0,0.0,0.0,0.0,0.0,1.0,0.0,0.0,0.0,0.0,0.0,0.0,1.0,0.0,0.0,0.0,0.3877551020408163,0.6363636363636364,0.0,0.0,0.0,0,0,0,1,0,0,0,0,0.0,0.0,0.00016506477416846328,450000.0
10673893,0,0.0,0.0,1.0,0.0,0.0,0.0,0.0,1.0,0.0,0.0,0.0,0.0,0.0,0.0,0.0,0.0,1.0,0.0,0.04591836734693878,0.09090909090909091,0.09090909090909091,0.0,0.05555555555555555,3,3,0,1,0,0,0,0,0.0,0.0,0.0,145000.0
10542825,1,0.0,1.0,0.0,1.0,0.0,0.0,0.0,0.0,0.0,0.0,0.0,0.0,0.0,0.0,0.0,0.0,0.0,1.0,0.38571428571428573,0.2727272727272727,0.18181818181818182,0.0,0.16666666666666666,3,2,0,1,0,0,1,1,0.0,0.7000000000000001,0.0011609555783181917,898000.0
10673890,0,0.0,0.0,1.0,0.0,0.0,0.0,0.0,1.0,0.0,0.0,0.0,0.0,0.0,0.0,0.0,0.0,1.0,0.0,0.051020408163265314,0.09090909090909091,0.09090909090909091,0.0,0.05555555555555555,0,7,0,1,0,0,0,0,0.0,0.0,0.0,130000.0
10673903,1,1.0,0.0,0.0,0.0,1.0,0.0,0.0,0.0,0.0,0.0,0.0,0.0,0.0,0.0,0.0,0.0,1.0,0.0,0.15306122448979595,0.1818181818181818,0.09090909090909091,0.0,0.0,3,5,0,1,0,0,0,1,0.0,0.28,9.537075840844545e-05,525000.0
10673905,0,1.0,0.0,0.0,0.0,1.0,0.0,0.0,0.0,0.0,0.0,0.0,0.0,0.0,0.0,0.0,1.0,0.0,0.0,0.04591836734693878,0.09090909090909091,0.0,0.07142857142857142,0.05555555555555555,0,4,1,1,0,0,0,0,0.0,0.0,0.0,280000.0
10673906,1,0.0,1.0,0.0,0.0,0.0,1.0,0.0,0.0,0.0,0.0,0.0,0.0,0.0,0.0,0.0,0.0,0.0,1.0,0.13469387755102044,0.1818181818181818,0.09090909090909091,0.0,0.1111111111111111,0,1,0,1,0,0,0,0,0.0,0.0,0.0002246714981737417,351500.0
10673907,0,0.0,0.0,1.0,0.0,0.0,0.0,0.0,0.0,0.0,1.0,0.0,0.0,0.0,0.0,0.0,0.0,0.0,1.0,0.10714285714285715,0.1818181818181818,0.09090909090909091,0.07142857142857142,0.0,0,0,0,1,0,0,0,1,0.0,0.0,0.0,272750.0
10673910,0,1.0,0.0,0.0,0.0,1.0,0.0,0.0,0.0,0.0,0.0,0.0,0.0,0.0,0.0,0.0,1.0,0.0,0.0,0.32346938775510203,0.2727272727272727,0.2727272727272727,0.21428571428571427,0.16666666666666666,0,3,1,1,0,0,0,0,0.0,0.0,0.0,999000.0
10673917,1,1.0,0.0,0.0,0.0,1.0,0.0,0.0,0.0,0.0,0.0,0.0,0.0,0.0,0.0,0.0,0.0,0.0,1.0,0.2142857142857143,0.1818181818181818,0.2727272727272727,0.21428571428571427,0.16666666666666666,4,4,0,0,0,0,0,1,0.0,0.0,6.419185662106905e-05,499000.0
10673919,1,0.0,1.0,0.0,0.0,0.0,1.0,0.0,0.0,0.0,0.0,0.0,0.0,0.0,0.0,0.0,0.0,0.0,1.0,0.2795918367346939,0.2727272727272727,0.09090909090909091,0.0,0.1111111111111111,3,3,0,1,0,0,1,1,1.0,0.46,0.001057331581201323,650000.0
10673920,0,1.0,0.0,0.0,0.0,1.0,0.0,0.0,0.0,0.0,0.0,0.0,0.0,0.0,0.0,1.0,0.0,0.0,0.0,0.0673469387755102,0.09090909090909091,0.09090909090909091,0.07142857142857142,0.05555555555555555,4,7,0,0,0,0,0,1,0.0,0.06,0.0,250000.0
10673921,0,1.0,0.0,0.0,0.0,1.0,0.0,0.0,0.0,0.0,0.0,0.0,0.0,0.0,0.0,1.0,0.0,0.0,0.0,0.0816326530612245,0.09090909090909091,0.09090909090909091,0.07142857142857142,0.05555555555555555,5,7,0,0,0,0,1,0,0.044,0.0,0.0,275000.0
10673927,0,0.0,1.0,0.0,0.0,0.0,0.0,1.0,0.0,0.0,0.0,0.0,0.0,0.0,0.0,0.0,0.0,1.0,0.0,0.059183673469387764,0.09090909090909091,0.09090909090909091,0.0,0.05555555555555555,3,2,1,1,0,0,0,1,0.0,0.06,0.0,299000.0
10673928,0,0.0,1.0,0.0,1.0,0.0,0.0,0.0,0.0,0.0,0.0,0.0,0.0,0.0,0.0,0.0,1.0,0.0,0.0,0.0673469387755102,0.09090909090909091,0.09090909090909091,0.0,0.05555555555555555,2,2,1,0,0,0,0,1,0.0,0.1,0.0,199000.0
10673923,0,0.0,0.0,1.0,0.0,0.0,0.0,0.0,0.0,0.0,0.0,0.0,1.0,0.0,0.0,0.0,0.0,1.0,0.0,0.05408163265306123,0.09090909090909091,0.09090909090909091,0.0,0.05555555555555555,0,2,1,1,0,0,0,1,0.0,0.05,0.0,239000.0
10673929,1,0.0,1.0,0.0,0.0,0.0,0.0,0.0,0.0,0.0,0.0,0.0,0.0,0.0,1.0,0.0,0.0,1.0,0.0,0.09693877551020408,0.1818181818181818,0.0,0.0,0.05555555555555555,3,3,0,0,0,0,1,1,0.0,0.0,0.00015130937632109134,240000.0
10673922,0,1.0,0.0,0.0,0.0,1.0,0.0,0.0,0.0,0.0,0.0,0.0,0.0,0.0,0.0,1.0,0.0,0.0,0.0,0.0673469387755102,0.09090909090909091,0.09090909090909091,0.07142857142857142,0.05555555555555555,4,5,0,0,0,0,0,1,0.0,0.06,0.0,270000.0
10673926,1,0.0,1.0,0.0,0.0,0.0,0.0,1.0,0.0,0.0,0.0,0.0,0.0,0.0,0.0,0.0,0.0,1.0,0.0,0.17244897959183675,0.1818181818181818,0.09090909090909091,0.0,0.1111111111111111,3,5,0,1,0,0,1,1,0.14,0.49,0.00022008636555795105,419000.0
10673937,1,1.0,0.0,0.0,0.0,1.0,0.0,0.0,0.0,0.0,0.0,0.0,0.0,0.0,0.0,0.0,1.0,0.0,0.0,0.07959183673469389,0.09090909090909091,0.18181818181818182,0.0,0.0,1,6,0,0,0,0,0,1,0.0,0.25,6.144077705159467e-05,299000.0
10673935,0,1.0,0.0,0.0,0.0,1.0,0.0,0.0,0.0,0.0,0.0,0.0,0.0,0.0,0.0,0.0,1.0,0.0,0.0,0.09693877551020408,0.1818181818181818,0.09090909090909091,0.07142857142857142,0.05555555555555555,0,0,0,0,0,0,0,1,0.0,0.11,0.0,340000.0
10673932,0,0.0,1.0,0.0,0.0,0.0,1.0,0.0,0.0,0.0,0.0,0.0,0.0,0.0,0.0,1.0,0.0,0.0,0.0,0.06224489795918368,0.09090909090909091,0.09090909090909091,0.0,0.05555555555555555,1,2,1,0,0,0,0,0,0.0,0.0,0.0,349000.0
10673945,1,0.0,1.0,0.0,0.0,0.0,0.0,1.0,0.0,0.0,0.0,0.0,0.0,0.0,0.0,0.0,0.0,1.0,0.0,0.11734693877551022,0.09090909090909091,0.09090909090909091,0.0,0.0,4,6,0,0,0,0,0,1,0.0,0.0,0.0004108278823748419,260000.0
10673953,1,0.0,1.0,0.0,0.0,0.0,0.0,0.0,0.0,0.0,0.0,0.0,0.0,0.0,1.0,0.0,0.0,0.0,1.0,0.13877551020408166,0.1818181818181818,0.09090909090909091,0.0,0.1111111111111111,1,1,0,0,0,0,0,1,0.0,0.0,0.0004942772959822317,555000.0
10673952,1,0.0,1.0,0.0,0.0,0.0,0.0,0.0,0.0,0.0,0.0,0.0,0.0,0.0,1.0,0.0,0.0,0.0,1.0,0.1469387755102041,0.1818181818181818,0.09090909090909091,0.0,0.1111111111111111,3,1,0,0,0,0,1,1,0.538,0.0,0.0004933602694590736,580000.0
10673951,1,0.0,0.0,1.0,0.0,0.0,0.0,0.0,0.0,0.0,0.0,0.0,1.0,0.0,0.0,0.0,0.0,0.0,1.0,0.11224489795918369,0.09090909090909091,0.09090909090909091,0.0,0.05555555555555555,3,3,0,1,0,0,1,1,0.339,0.35000000000000003,0.0003108719913506058,199000.0
10673950,0,0.0,1.0,0.0,0.0,0.0,0.0,0.0,0.0,0.0,0.0,0.0,0.0,0.0,1.0,0.0,0.0,1.0,0.0,0.0816326530612245,0.09090909090909091,0.09090909090909091,0.0,0.05555555555555555,1,3,1,0,0,0,0,1,0.0,0.03,0.0,550000.0
10673956,0,1.0,0.0,0.0,0.0,1.0,0.0,0.0,0.0,0.0,0.0,0.0,0.0,0.0,0.0,0.0,0.0,0.0,1.0,0.09387755102040818,0.09090909090909091,0.09090909090909091,0.07142857142857142,0.05555555555555555,1,0,1,0,1,0,0,1,0.0,0.3,0.0,470000.0
10673958,1,0.0,0.0,1.0,0.0,0.0,0.0,0.0,0.0,0.0,0.0,0.0,0.0,1.0,0.0,0.0,0.0,0.0,1.0,0.22448979591836737,0.4545454545454545,0.18181818181818182,0.0,0.0,3,2,0,1,1,0,1,1,0.0,0.0,0.0009151924701118131,650000.0
10673957,1,0.0,0.0,1.0,0.0,0.0,0.0,0.0,0.0,0.0,0.0,0.0,0.0,1.0,0.0,0.0,0.0,0.0,1.0,0.213265306122449,0.2727272727272727,0.0,0.0,0.05555555555555555,0,6,0,0,0,0,1,1,0.0,0.27,0.0012214793288466282,199000.0
10673959,0,0.0,1.0,0.0,0.0,0.0,0.0,0.0,0.0,0.0,0.0,0.0,0.0,0.0,1.0,0.0,0.0,0.0,1.0,0.05612244897959184,0.09090909090909091,0.09090909090909091,0.0,0.0,3,0,0,0,0,0,0,1,0.0,0.13,0.0,195000.0
10673960,0,0.0,1.0,0.0,0.0,0.0,0.0,0.0,0.0,0.0,0.0,0.0,0.0,0.0,1.0,0.0,0.0,0.0,1.0,0.04183673469387755,0.0,0.09090909090909091,0.0,0.0,3,0,0,0,0,0,0,1,0.0,0.18,0.0,176550.0
10673964,1,1.0,0.0,0.0,0.0,1.0,0.0,0.0,0.0,0.0,0.0,0.0,0.0,0.0,0.0,0.0,1.0,0.0,0.0,0.07959183673469389,0.1818181818181818,0.0,0.07142857142857142,0.05555555555555555,0,7,0,0,0,0,0,1,0.0,0.21,0.0,259000.0
10673967,0,1.0,0.0,0.0,0.0,1.0,0.0,0.0,0.0,0.0,0.0,0.0,0.0,0.0,0.0,0.0,0.0,0.0,1.0,0.07551020408163267,0.09090909090909091,0.09090909090909091,0.0,0.1111111111111111,3,6,1,0,0,0,0,1,0.0,0.37,0.0,268000.0
10673970,1,0.0,1.0,0.0,0.0,0.0,0.0,0.0,0.0,1.0,0.0,0.0,0.0,0.0,0.0,0.0,0.0,0.0,1.0,0.1785714285714286,0.1818181818181818,0.0,0.0,0.0,1,0,0,0,0,0,1,1,0.024,0.18,0.0,395000.0
10673978,1,1.0,0.0,0.0,0.0,1.0,0.0,0.0,0.0,0.0,0.0,0.0,0.0,0.0,0.0,0.0,0.0,0.0,1.0,0.11224489795918369,0.09090909090909091,0.09090909090909091,0.0,0.1111111111111111,3,7,0,0,0,0,1,1,0.092,0.15,0.00023109068383584858,599000.0
10673973,0,0.0,1.0,0.0,0.0,0.0,0.0,0.0,0.0,0.0,0.0,0.0,0.0,0.0,1.0,0.0,0.0,1.0,0.0,0.07142857142857142,0.09090909090909091,0.0,0.0,0.05555555555555555,1,2,1,0,0,0,0,1,0.0,0.7000000000000001,0.0,495000.0
10673976,0,0.0,1.0,0.0,1.0,0.0,0.0,0.0,0.0,0.0,0.0,0.0,0.0,0.0,0.0,0.0,0.0,0.0,1.0,0.0673469387755102,0.09090909090909091,0.09090909090909091,0.0,0.05555555555555555,0,2,0,1,0,0,1,1,0.065,0.1,0.0,298000.0
10673975,1,0.0,1.0,0.0,1.0,0.0,0.0,0.0,0.0,0.0,0.0,0.0,0.0,0.0,0.0,0.0,0.0,0.0,1.0,0.10204081632653061,0.1818181818181818,0.09090909090909091,0.0,0.1111111111111111,2,2,0,1,0,0,1,1,0.05,0.06,0.00011921344801055682,379000.0
10673977,0,0.0,1.0,0.0,1.0,0.0,0.0,0.0,0.0,0.0,0.0,0.0,0.0,0.0,0.0,0.0,1.0,0.0,0.0,0.18877551020408165,0.1818181818181818,0.18181818181818182,0.0,0.16666666666666666,0,3,1,1,0,0,0,1,0.0,0.0,0.0,750000.0
10673984,1,0.0,0.0,1.0,0.0,0.0,0.0,0.0,1.0,0.0,0.0,0.0,0.0,0.0,0.0,0.0,1.0,0.0,0.0,0.23469387755102042,0.1818181818181818,0.09090909090909091,0.0,0.1111111111111111,0,3,0,0,0,0,0,1,0.0,0.5,0.0006465036988264812,299000.0
10673986,1,0.0,1.0,0.0,0.0,0.0,0.0,0.0,0.0,1.0,0.0,0.0,0.0,0.0,0.0,0.0,0.0,0.0,1.0,0.20102040816326533,0.1818181818181818,0.09090909090909091,0.0,0.0,0,6,0,0,0,0,0,0,0.0,0.0,0.0005538840199875102,275000.0
10673991,1,0.0,1.0,0.0,0.0,0.0,0.0,1.0,0.0,0.0,0.0,0.0,0.0,0.0,0.0,0.0,0.0,0.0,1.0,0.06122448979591837,0.09090909090909091,0.09090909090909091,0.0,0.05555555555555555,3,3,0,1,0,0,1,1,0.0,0.0,0.00011004318277897552,249000.0
10673992,1,0.0,1.0,0.0,0.0,0.0,1.0,0.0,0.0,0.0,0.0,0.0,0.0,0.0,0.0,0.0,0.0,0.0,1.0,0.1489795918367347,0.1818181818181818,0.09090909090909091,0.0,0.05555555555555555,0,0,0,0,0,0,1,0,0.0,0.0,0.0007427914837580847,375000.0
10673996,1,0.0,1.0,0.0,0.0,0.0,0.0,1.0,0.0,0.0,0.0,0.0,0.0,0.0,0.0,0.0,0.0,0.0,1.0,0.21836734693877555,0.2727272727272727,0.09090909090909091,0.0,0.1111111111111111,3,3,0,1,0,0,0,0,0.0,0.0,0.0004594302881022228,375000.0
10673997,1,0.0,1.0,0.0,0.0,0.0,0.0,1.0,0.0,0.0,0.0,0.0,0.0,0.0,0.0,0.0,0.0,0.0,1.0,0.21836734693877555,0.2727272727272727,0.09090909090909091,0.0,0.1111111111111111,3,3,0,1,0,0,0,0,0.0,0.0,0.0,375000.0
10673995,1,0.0,0.0,1.0,0.0,0.0,0.0,0.0,1.0,0.0,0.0,0.0,0.0,0.0,0.0,0.0,0.0,0.0,1.0,0.05000000000000001,0.09090909090909091,0.09090909090909091,0.0,0.05555555555555555,4,7,0,0,0,0,1,1,0.0,0.13,0.0006373334335948999,130000.0
10673998,1,0.0,1.0,0.0,0.0,0.0,1.0,0.0,0.0,0.0,0.0,0.0,0.0,0.0,0.0,1.0,0.0,0.0,0.0,0.40102040816326534,0.5454545454545454,0.09090909090909091,0.0,0.1111111111111111,3,3,0,1,0,0,0,1,0.0,0.18,0.00022375447165058355,799000.0
10674000,1,0.0,1.0,0.0,0.0,0.0,0.0,0.0,0.0,0.0,0.0,0.0,0.0,0.0,1.0,0.0,0.0,0.0,1.0,0.10918367346938776,0.1818181818181818,0.0,0.0,0.1111111111111111,1,2,0,0,0,0,1,1,0.0,0.0,0.00018707341072425837,289000.0
10673999,1,0.0,1.0,0.0,0.0,0.0,1.0,0.0,0.0,0.0,0.0,0.0,0.0,0.0,0.0,1.0,0.0,0.0,0.0,0.40102040816326534,0.5454545454545454,0.09090909090909091,0.0,0.1111111111111111,3,3,0,1,0,0,0,1,0.0,0.18,0.00022375447165058355,799000.0
10674001,0,0.0,0.0,1.0,0.0,0.0,0.0,0.0,0.0,0.0,1.0,0.0,0.0,0.0,0.0,0.0,0.0,1.0,0.0,0.09693877551020408,0.1818181818181818,0.09090909090909091,0.0,0.1111111111111111,0,3,1,1,0,0,0,1,0.0,0.12,0.0,179000.0
10674014,1,0.0,1.0,0.0,1.0,0.0,0.0,0.0,0.0,0.0,0.0,0.0,0.0,0.0,0.0,0.0,0.0,0.0,1.0,0.39285714285714285,0.2727272727272727,0.09090909090909091,0.0,0.1111111111111111,3,4,0,1,0,0,1,1,0.846,0.0,0.0012068069044760981,829000.0
10674016,0,0.0,1.0,0.0,0.0,0.0,0.0,1.0,0.0,0.0,0.0,0.0,0.0,0.0,0.0,0.0,0.0,1.0,0.0,0.05510204081632653,0.09090909090909091,0.09090909090909091,0.0,0.05555555555555555,0,2,1,0,0,0,0,1,0.0,0.07,0.0,240000.0
10674020,0,0.0,1.0,0.0,1.0,0.0,0.0,0.0,0.0,0.0,0.0,0.0,0.0,0.0,0.0,0.0,0.0,0.0,1.0,0.07857142857142857,0.09090909090909091,0.09090909090909091,0.0,0.05555555555555555,0,2,0,1,0,0,0,0,0.0,0.0,0.0,299000.0
10674025,1,0.0,1.0,0.0,0.0,0.0,0.0,1.0,0.0,0.0,0.0,0.0,0.0,0.0,0.0,0.0,0.0,1.0,0.0,0.21938775510204084,0.2727272727272727,0.18181818181818182,0.0,0.1111111111111111,0,0,0,1,0,0,0,0,0.0,0.0,0.0029684148554628646,825000.0
10674022,0,0.0,1.0,0.0,1.0,0.0,0.0,0.0,0.0,0.0,0.0,0.0,0.0,0.0,0.0,1.0,0.0,0.0,0.0,0.1163265306122449,0.1818181818181818,0.09090909090909091,0.0,0.05555555555555555,0,1,1,1,0,0,0,1,0.0,0.75,0.0,660000.0
10674021,0,0.0,1.0,0.0,1.0,0.0,0.0,0.0,0.0,0.0,0.0,0.0,0.0,0.0,0.0,1.0,0.0,0.0,0.0,0.1163265306122449,0.1818181818181818,0.09090909090909091,0.0,0.05555555555555555,0,1,1,1,0,0,0,1,0.0,0.75,0.0,660000.0
10674035,1,0.0,1.0,0.0,0.0,0.0,0.0,0.0,0.0,0.0,0.0,0.0,0.0,0.0,1.0,0.0,0.0,1.0,0.0,0.10204081632653061,0.1818181818181818,0.0,0.0,0.1111111111111111,3,5,0,0,0,0,1,1,0.0,0.0,0.0004722686594264366,199000.0
10674034,0,0.0,1.0,0.0,0.0,0.0,0.0,0.0,0.0,0.0,0.0,0.0,0.0,0.0,1.0,0.0,0.0,0.0,1.0,0.08775510204081632,0.09090909090909091,0.09090909090909091,0.0,0.05555555555555555,3,1,1,1,0,0,0,1,0.0,0.1,0.0,299000.0
10674028,0,0.0,0.0,1.0,0.0,0.0,0.0,0.0,0.0,0.0,0.0,0.0,1.0,0.0,0.0,0.0,0.0,1.0,0.0,0.04897959183673469,0.0,0.09090909090909091,0.0,0.05555555555555555,2,3,1,0,0,0,0,1,0.0,0.07,0.0,179000.0
10674033,1,0.0,1.0,0.0,0.0,0.0,0.0,0.0,0.0,1.0,0.0,0.0,0.0,0.0,0.0,0.0,0.0,0.0,1.0,0.1785714285714286,0.1818181818181818,0.0,0.0,0.0,1,0,0,0,0,0,1,1,0.039,0.18,0.0,409000.0
10674032,1,0.0,1.0,0.0,0.0,0.0,0.0,0.0,0.0,1.0,0.0,0.0,0.0,0.0,0.0,0.0,0.0,0.0,1.0,0.1785714285714286,0.1818181818181818,0.0,0.0,0.0,1,0,0,0,0,0,1,1,0.015,0.18,0.0,390000.0
10674042,1,0.0,0.0,1.0,0.0,0.0,0.0,0.0,0.0,0.0,1.0,0.0,0.0,0.0,0.0,0.0,0.0,0.0,1.0,0.09183673469387757,0.09090909090909091,0.09090909090909091,0.0,0.05555555555555555,0,5,0,1,0,0,0,0,0.0,0.0,0.0006235780357475279,299000.0
10674039,1,0.0,0.0,1.0,0.0,0.0,0.0,0.0,0.0,0.0,0.0,0.0,0.0,1.0,0.0,0.0,0.0,1.0,0.0,0.13367346938775512,0.2727272727272727,0.18181818181818182,0.0,0.1111111111111111,4,5,0,1,0,0,1,0,0.0,0.0,0.0011536193661329268,495000.0
10674049,0,0.0,0.0,1.0,0.0,0.0,0.0,0.0,0.0,0.0,1.0,0.0,0.0,0.0,0.0,0.0,1.0,0.0,0.0,0.04489795918367347,0.0,0.09090909090909091,0.0,0.05555555555555555,0,4,0,1,0,0,0,0,0.0,0.0,0.0,112000.0
10674050,1,0.0,0.0,1.0,0.0,0.0,0.0,0.0,0.0,0.0,1.0,0.0,0.0,0.0,0.0,0.0,1.0,0.0,0.0,0.18469387755102043,0.2727272727272727,0.18181818181818182,0.0,0.1111111111111111,3,4,0,1,0,0,0,1,0.0,0.42,0.0005703904974043565,299000.0
10674056,0,0.0,1.0,0.0,0.0,0.0,0.0,1.0,0.0,0.0,0.0,0.0,0.0,0.0,0.0,0.0,0.0,0.0,1.0,0.2673469387755102,0.2727272727272727,0.2727272727272727,0.0,0.16666666666666666,3,3,0,1,0,0,1,1,0.23,0.0,0.0,619000.0
10674045,1,0.0,0.0,1.0,0.0,0.0,0.0,0.0,1.0,0.0,0.0,0.0,0.0,0.0,0.0,0.0,0.0,0.0,1.0,0.3877551020408163,0.09090909090909091,0.09090909090909091,0.0,0.05555555555555555,3,6,0,1,0,0,1,1,1.0,0.0,0.013997492849485687,525000.0
10674046,1,0.0,0.0,1.0,0.0,0.0,0.0,0.0,1.0,0.0,0.0,0.0,0.0,0.0,0.0,0.0,0.0,0.0,1.0,0.8846938775510205,0.5454545454545454,0.36363636363636365,0.0,0.0,1,6,0,1,1,0,1,1,0.0,1.0,0.047506559032206894,2700000.0
10674058,1,0.0,0.0,1.0,0.0,0.0,0.0,0.0,0.0,0.0,0.0,0.0,0.0,1.0,0.0,0.0,0.0,0.0,1.0,0.7448979591836735,0.4545454545454545,0.36363636363636365,0.0,0.2222222222222222,3,0,0,1,0,0,0,1,0.0,0.0,0.005909318915230986,2190000.0
10674048,1,0.0,0.0,1.0,0.0,0.0,0.0,0.0,0.0,0.0,0.0,0.0,0.0,1.0,0.0,0.0,0.0,0.0,1.0,0.09183673469387757,0.09090909090909091,0.09090909090909091,0.0,0.0,5,6,0,0,0,0,0,0,0.0,0.0,0.0002971165935032339,257500.0
10674060,1,1.0,0.0,0.0,0.0,1.0,0.0,0.0,0.0,0.0,0.0,0.0,0.0,0.0,0.0,0.0,1.0,0.0,0.0,0.2857142857142857,0.4545454545454545,0.2727272727272727,0.21428571428571427,0.16666666666666666,4,7,0,0,0,0,0,1,0.0,0.0,0.0,560000.0
10674052,0,0.0,1.0,0.0,1.0,0.0,0.0,0.0,0.0,0.0,0.0,0.0,0.0,0.0,0.0,0.0,0.0,0.0,1.0,0.08469387755102042,0.0,0.09090909090909091,0.0,0.1111111111111111,3,3,1,1,0,0,0,1,0.0,0.0,0.0,299000.0
10674057,1,0.0,0.0,1.0,0.0,0.0,0.0,0.0,0.0,0.0,0.0,0.0,0.0,1.0,0.0,0.0,0.0,0.0,1.0,0.7448979591836735,0.4545454545454545,0.36363636363636365,0.0,0.2222222222222222,3,0,0,1,0,0,0,1,0.0,0.0,0.005909318915230986,2190000.0
10674061,1,0.0,0.0,1.0,0.0,0.0,0.0,0.0,0.0,0.0,1.0,0.0,0.0,0.0,0.0,0.0,0.0,1.0,0.0,0.07755102040816328,0.0,0.09090909090909091,0.0,0.05555555555555555,2,4,0,1,0,0,0,0,0.0,0.0,2.751079569474388e-05,89000.0
10674063,1,0.0,0.0,1.0,0.0,0.0,0.0,0.0,1.0,0.0,0.0,0.0,0.0,0.0,0.0,0.0,0.0,0.0,1.0,0.07448979591836735,0.09090909090909091,0.09090909090909091,0.0,0.05555555555555555,4,4,0,0,0,0,0,0,0.0,0.0,0.00023842689602111364,135000.0
10674055,1,0.0,1.0,0.0,0.0,0.0,0.0,1.0,0.0,0.0,0.0,0.0,0.0,0.0,0.0,0.0,0.0,0.0,1.0,0.2673469387755102,0.2727272727272727,0.2727272727272727,0.0,0.16666666666666666,3,3,0,1,0,0,1,1,0.23,0.0,0.0,619000.0
10674073,0,1.0,0.0,0.0,0.0,1.0,0.0,0.0,0.0,0.0,0.0,0.0,0.0,0.0,0.0,0.0,1.0,0.0,0.0,0.0816326530612245,0.09090909090909091,0.09090909090909091,0.0,0.0,4,0,0,0,0,0,0,0,0.0,0.0,0.0,219000.0
10674072,1,0.0,1.0,0.0,0.0,0.0,0.0,1.0,0.0,0.0,0.0,0.0,0.0,0.0,0.0,0.0,0.0,0.0,1.0,0.13469387755102044,0.09090909090909091,0.09090909090909091,0.0,0.0,5,6,0,0,0,0,1,0,0.85,0.0,0.0008097344199486282,325000.0
10674078,1,0.0,1.0,0.0,1.0,0.0,0.0,0.0,0.0,0.0,0.0,0.0,0.0,0.0,0.0,0.0,0.0,0.0,1.0,0.3489795918367347,0.2727272727272727,0.2727272727272727,0.0,0.2222222222222222,1,3,0,0,1,0,0,1,0.0,0.0,0.003474613496246152,815000.0
10411935,0,0.0,0.0,1.0,0.0,0.0,0.0,0.0,0.0,0.0,0.0,0.0,1.0,0.0,0.0,0.0,0.0,1.0,0.0,0.09591836734693879,0.09090909090909091,0.09090909090909091,0.07142857142857142,0.05555555555555555,0,0,1,0,0,0,0,1,0.0,0.0,0.0,195000.0
10674101,1,0.0,1.0,0.0,0.0,0.0,0.0,0.0,0.0,0.0,0.0,0.0,0.0,0.0,1.0,0.0,0.0,0.0,1.0,0.2142857142857143,0.2727272727272727,0.09090909090909091,0.0,0.1111111111111111,3,0,0,0,0,0,0,1,0.0,0.0,0.0004915262164127573,499000.0
10674075,1,0.0,1.0,0.0,1.0,0.0,0.0,0.0,0.0,0.0,0.0,0.0,0.0,0.0,0.0,0.0,1.0,0.0,0.0,0.11734693877551022,0.1818181818181818,0.09090909090909091,0.0,0.1111111111111111,3,5,0,1,0,0,0,1,0.0,0.05,0.0,254000.0
10674079,0,0.0,1.0,0.0,0.0,0.0,1.0,0.0,0.0,0.0,0.0,0.0,0.0,0.0,0.0,1.0,0.0,0.0,0.0,0.02448979591836735,0.0,0.0,0.07142857142857142,0.05555555555555555,3,0,1,0,0,0,0,1,0.0,0.02,0.0,245000.0
10674084,1,0.0,0.0,1.0,0.0,0.0,0.0,0.0,0.0,0.0,1.0,0.0,0.0,0.0,0.0,0.0,0.0,1.0,0.0,0.15306122448979595,0.2727272727272727,0.0,0.21428571428571427,0.16666666666666666,3,4,0,1,0,0,0,0,0.0,0.0,8.803454622318042e-05,319000.0
10674141,1,1.0,0.0,0.0,0.0,1.0,0.0,0.0,0.0,0.0,0.0,0.0,0.0,0.0,0.0,1.0,0.0,0.0,0.0,0.6561224489795918,0.6363636363636364,0.36363636363636365,0.2857142857142857,0.2777777777777778,1,4,0,0,0,0,0,1,0.0,0.12,0.00023017365731269046,1075000.0
10411956,0,0.0,1.0,0.0,0.0,0.0,0.0,0.0,0.0,0.0,0.0,0.0,0.0,0.0,1.0,0.0,0.0,0.0,1.0,0.03775510204081633,0.0,0.09090909090909091,0.0,0.05555555555555555,4,5,0,0,0,0,0,1,0.0,0.26,0.0,189000.0
10674152,1,0.0,0.0,1.0,0.0,0.0,0.0,0.0,1.0,0.0,0.0,0.0,0.0,0.0,0.0,0.0,0.0,0.0,1.0,0.08979591836734696,0.1818181818181818,0.09090909090909091,0.0,0.05555555555555555,5,4,0,0,0,0,1,0,0.357,0.0,0.0003934043784348375,125000.0
10674164,1,0.0,0.0,1.0,0.0,0.0,0.0,0.0,0.0,0.0,0.0,0.0,0.0,1.0,0.0,0.0,0.0,0.0,1.0,0.15816326530612246,0.2727272727272727,0.09090909090909091,0.0,0.1111111111111111,1,1,0,0,0,0,0,1,0.0,0.3,0.0007051933963086015,400000.0
10674159,1,0.0,1.0,0.0,0.0,0.0,0.0,1.0,0.0,0.0,0.0,0.0,0.0,0.0,0.0,0.0,0.0,0.0,1.0,0.20408163265306126,0.2727272727272727,0.09090909090909091,0.0,0.1111111111111111,6,6,0,1,0,0,1,1,0.891,0.9,0.0011719598965960892,349000.0
10674150,1,0.0,1.0,0.0,1.0,0.0,0.0,0.0,0.0,0.0,0.0,0.0,0.0,0.0,0.0,0.0,0.0,0.0,1.0,0.09183673469387757,0.1818181818181818,0.09090909090909091,0.0,0.05555555555555555,3,3,0,1,0,0,0,0,0.0,0.0,0.0,295000.0
10674158,0,0.0,1.0,0.0,0.0,0.0,0.0,1.0,0.0,0.0,0.0,0.0,0.0,0.0,0.0,0.0,0.0,0.0,1.0,0.0816326530612245,0.09090909090909091,0.09090909090909091,0.0,0.05555555555555555,3,1,1,1,0,0,0,1,0.0,0.05,0.0,279500.0
10674167,0,0.0,1.0,0.0,0.0,0.0,1.0,0.0,0.0,0.0,0.0,0.0,0.0,0.0,0.0,0.0,0.0,0.0,1.0,0.059183673469387764,0.0,0.09090909090909091,0.0,0.05555555555555555,0,0,0,0,0,0,0,1,0.0,0.07,0.0,295000.0
10674154,1,0.0,1.0,0.0,0.0,0.0,1.0,0.0,0.0,0.0,0.0,0.0,0.0,0.0,0.0,0.0,0.0,0.0,1.0,0.18979591836734697,0.1818181818181818,0.09090909090909091,0.0,0.0,4,6,0,1,0,0,1,1,0.0,0.0,0.014158889517561517,988000.0
10412024,1,0.0,1.0,0.0,1.0,0.0,0.0,0.0,0.0,0.0,0.0,0.0,0.0,0.0,0.0,0.0,0.0,0.0,1.0,0.23469387755102042,0.2727272727272727,0.09090909090909091,0.14285714285714285,0.1111111111111111,1,0,0,0,0,0,1,1,0.0,0.01,0.0009821354063023564,298000.0
10674169,0,0.0,1.0,0.0,1.0,0.0,0.0,0.0,0.0,0.0,0.0,0.0,0.0,0.0,0.0,0.0,0.0,0.0,1.0,0.08979591836734696,0.09090909090909091,0.09090909090909091,0.0,0.05555555555555555,3,3,1,1,0,0,0,1,0.0,0.08,0.0,243000.0
10674172,1,0.0,1.0,0.0,1.0,0.0,0.0,0.0,0.0,0.0,0.0,0.0,0.0,0.0,0.0,0.0,0.0,0.0,1.0,0.1602040816326531,0.1818181818181818,0.09090909090909091,0.0,0.0,3,2,0,0,0,0,0,0,0.0,0.0,0.000773053359022303,395000.0
10674181,0,0.0,0.0,1.0,0.0,0.0,0.0,0.0,0.0,0.0,1.0,0.0,0.0,0.0,0.0,1.0,0.0,0.0,0.0,0.04081632653061225,0.0,0.09090909090909091,0.0,0.0,4,3,1,0,0,0,0,0,0.0,0.0,0.0,179000.0
10674171,0,0.0,1.0,0.0,0.0,0.0,0.0,0.0,0.0,0.0,0.0,0.0,0.0,0.0,1.0,0.0,0.0,1.0,0.0,0.04081632653061225,0.0,0.0,0.0,0.0,3,3,0,0,0,0,0,0,0.0,0.0,0.0,135000.0
10674182,1,0.0,1.0,0.0,0.0,0.0,0.0,0.0,0.0,0.0,0.0,0.0,0.0,0.0,1.0,0.0,0.0,0.0,1.0,0.11224489795918369,0.1818181818181818,0.09090909090909091,0.0,0.05555555555555555,5,6,0,0,0,0,0,0,0.0,0.0,0.0008904327539865436,115000.0
10674184,1,0.0,0.0,1.0,0.0,0.0,0.0,0.0,0.0,0.0,0.0,0.0,0.0,1.0,0.0,0.0,0.0,0.0,1.0,0.32142857142857145,0.4545454545454545,0.2727272727272727,0.0,0.2222222222222222,0,5,0,0,0,0,0,1,0.0,0.0,0.010560477440689017,1150000.0
10674187,1,0.0,1.0,0.0,0.0,0.0,0.0,0.0,0.0,1.0,0.0,0.0,0.0,0.0,0.0,0.0,0.0,1.0,0.0,0.24387755102040817,0.2727272727272727,0.18181818181818182,0.0,0.0,3,0,0,0,0,1,0,0,0.0,0.0,0.0001999117820484722,725000.0
10674186,1,0.0,1.0,0.0,0.0,0.0,0.0,0.0,0.0,1.0,0.0,0.0,0.0,0.0,0.0,0.0,0.0,0.0,1.0,0.2285714285714286,0.2727272727272727,0.18181818181818182,0.0,0.0,3,6,0,0,0,0,0,0,0.0,0.0,0.0013746227582140359,479000.0
10674227,0,0.0,1.0,0.0,0.0,0.0,0.0,0.0,0.0,0.0,0.0,0.0,0.0,0.0,1.0,0.0,0.0,0.0,1.0,0.07040816326530613,0.09090909090909091,0.09090909090909091,0.0,0.05555555555555555,3,2,0,0,0,0,0,1,0.0,0.0,0.0,175000.0
10674224,1,0.0,0.0,1.0,0.0,0.0,0.0,0.0,0.0,0.0,0.0,0.0,0.0,1.0,0.0,0.0,0.0,0.0,1.0,0.1275510204081633,0.1818181818181818,0.09090909090909091,0.0,0.16666666666666666,1,4,0,0,0,0,1,1,0.02,0.06,0.0,410000.0
10543134,0,0.0,1.0,0.0,1.0,0.0,0.0,0.0,0.0,0.0,0.0,0.0,0.0,0.0,0.0,0.0,1.0,0.0,0.0,0.06836734693877553,0.09090909090909091,0.09090909090909091,0.0,0.05555555555555555,5,2,0,1,0,0,0,1,0.0,0.05,0.0,279000.0
10674217,1,0.0,1.0,0.0,0.0,0.0,0.0,1.0,0.0,0.0,0.0,0.0,0.0,0.0,0.0,0.0,0.0,1.0,0.0,0.13571428571428573,0.09090909090909091,0.18181818181818182,0.0,0.1111111111111111,3,6,0,0,0,0,1,1,0.058,0.23,0.00017331801287688646,275000.0
10674216,1,0.0,1.0,0.0,0.0,0.0,1.0,0.0,0.0,0.0,0.0,0.0,0.0,0.0,0.0,0.0,0.0,0.0,1.0,0.32346938775510203,0.2727272727272727,0.18181818181818182,0.0,0.16666666666666666,3,2,0,0,0,0,0,1,0.0,0.6,0.0011527023396097685,995000.0
10674232,1,0.0,1.0,0.0,1.0,0.0,0.0,0.0,0.0,0.0,0.0,0.0,0.0,0.0,0.0,0.0,0.0,0.0,1.0,0.5816326530612245,0.36363636363636365,0.2727272727272727,0.0,0.2222222222222222,3,2,0,1,0,0,1,1,0.0,0.66,0.013131819811624413,1849000.0
10674274,1,0.0,0.0,1.0,0.0,0.0,0.0,0.0,0.0,0.0,0.0,1.0,0.0,0.0,0.0,0.0,0.0,0.0,1.0,0.1326530612244898,0.1818181818181818,0.09090909090909091,0.0,0.1111111111111111,1,2,0,0,0,0,0,0,0.0,0.0,0.00036681060926325174,259000.0
10674270,1,0.0,0.0,1.0,0.0,0.0,0.0,0.0,1.0,0.0,0.0,0.0,0.0,0.0,0.0,0.0,1.0,0.0,0.0,0.10204081632653061,0.1818181818181818,0.09090909090909091,0.0,0.05555555555555555,3,0,0,0,0,0,0,0,0.0,0.0,0.00022925663078953234,135000.0
10674276,1,0.0,0.0,1.0,0.0,0.0,0.0,0.0,1.0,0.0,0.0,0.0,0.0,0.0,0.0,0.0,1.0,0.0,0.0,0.10204081632653061,0.1818181818181818,0.09090909090909091,0.0,0.05555555555555555,0,7,0,0,0,0,1,0,0.5,0.0,0.0009757162206402496,218000.0
10674277,1,0.0,1.0,0.0,0.0,0.0,0.0,0.0,0.0,0.0,0.0,0.0,0.0,0.0,1.0,0.0,0.0,1.0,0.0,0.14285714285714288,0.1818181818181818,0.0,0.07142857142857142,0.05555555555555555,3,3,0,0,0,0,1,1,0.033,0.22,0.00016047964155267263,229000.0
10674285,1,0.0,0.0,1.0,0.0,0.0,0.0,0.0,0.0,0.0,0.0,0.0,1.0,0.0,0.0,0.0,0.0,0.0,1.0,0.020408163265306124,0.0,0.0,0.07142857142857142,0.05555555555555555,0,0,0,0,0,0,0,1,0.0,0.0,0.0006620931497201694,79000.0
10674282,1,0.0,0.0,1.0,0.0,0.0,0.0,0.0,0.0,0.0,0.0,1.0,0.0,0.0,0.0,0.0,0.0,0.0,1.0,0.1326530612244898,0.1818181818181818,0.09090909090909091,0.0,0.1111111111111111,1,0,0,0,0,0,0,0,0.0,0.0,0.00040074059062010254,269000.0
10674307,0,1.0,0.0,0.0,0.0,1.0,0.0,0.0,0.0,0.0,0.0,0.0,0.0,0.0,0.0,1.0,0.0,0.0,0.0,0.09183673469387757,0.09090909090909091,0.09090909090909091,0.07142857142857142,0.1111111111111111,5,7,0,0,0,0,1,1,0.044,0.18,0.0,275000.0
10674308,0,1.0,0.0,0.0,0.0,1.0,0.0,0.0,0.0,0.0,0.0,0.0,0.0,0.0,0.0,0.0,1.0,0.0,0.0,0.09183673469387757,0.09090909090909091,0.09090909090909091,0.07142857142857142,0.1111111111111111,5,7,0,0,0,0,1,1,0.044,0.18,0.0,275000.0
10674295,0,0.0,0.0,1.0,0.0,0.0,0.0,0.0,0.0,0.0,0.0,0.0,0.0,1.0,0.0,0.0,0.0,1.0,0.0,0.04081632653061225,0.0,0.09090909090909091,0.0,0.0,2,3,1,0,0,0,0,1,0.0,0.06,0.0,160000.0
10674309,0,1.0,0.0,0.0,0.0,1.0,0.0,0.0,0.0,0.0,0.0,0.0,0.0,0.0,0.0,1.0,0.0,0.0,0.0,0.0673469387755102,0.09090909090909091,0.09090909090909091,0.07142857142857142,0.05555555555555555,3,5,0,0,0,0,0,1,0.0,0.07,0.0,270000.0
10674298,0,0.0,0.0,1.0,0.0,0.0,0.0,0.0,0.0,0.0,0.0,0.0,1.0,0.0,0.0,1.0,0.0,0.0,0.0,0.05408163265306123,0.0,0.09090909090909091,0.07142857142857142,0.05555555555555555,1,3,0,0,0,0,1,1,0.15,0.05,0.0,215000.0
10674288,0,0.0,0.0,1.0,0.0,0.0,0.0,0.0,0.0,0.0,0.0,0.0,0.0,1.0,0.0,0.0,0.0,0.0,1.0,0.05612244897959184,0.09090909090909091,0.09090909090909091,0.0,0.0,4,3,0,0,0,0,0,1,0.0,0.0,0.0,225000.0
10674306,1,1.0,0.0,0.0,0.0,1.0,0.0,0.0,0.0,0.0,0.0,0.0,0.0,0.0,0.0,0.0,0.0,0.0,1.0,0.17346938775510207,0.1818181818181818,0.09090909090909091,0.0,0.05555555555555555,3,0,0,0,0,0,1,1,0.21,0.1,0.00036681060926325174,519000.0
10674305,1,0.0,1.0,0.0,1.0,0.0,0.0,0.0,0.0,0.0,0.0,0.0,0.0,0.0,0.0,0.0,0.0,0.0,1.0,0.13673469387755105,0.1818181818181818,0.09090909090909091,0.0,0.0,3,2,0,0,0,0,0,0,0.0,0.0,0.00036222547664746107,515000.0
10674302,1,0.0,0.0,1.0,0.0,0.0,0.0,0.0,1.0,0.0,0.0,0.0,0.0,0.0,0.0,0.0,0.0,0.0,1.0,0.08061224489795918,0.09090909090909091,0.0,0.07142857142857142,0.05555555555555555,0,6,0,0,0,0,1,0,0.04,0.0,0.00012288155410318933,90000.0
10674310,0,1.0,0.0,0.0,0.0,1.0,0.0,0.0,0.0,0.0,0.0,0.0,0.0,0.0,0.0,1.0,0.0,0.0,0.0,0.0673469387755102,0.09090909090909091,0.09090909090909091,0.07142857142857142,0.05555555555555555,3,7,0,0,0,0,0,1,0.0,0.07,0.0,250000.0
10674311,0,1.0,0.0,0.0,0.0,1.0,0.0,0.0,0.0,0.0,0.0,0.0,0.0,0.0,0.0,0.0,1.0,0.0,0.0,0.0673469387755102,0.09090909090909091,0.09090909090909091,0.07142857142857142,0.05555555555555555,3,7,0,0,0,0,0,1,0.0,0.07,0.0,250000.0
10674312,0,1.0,0.0,0.0,0.0,1.0,0.0,0.0,0.0,0.0,0.0,0.0,0.0,0.0,0.0,0.0,1.0,0.0,0.0,0.0673469387755102,0.09090909090909091,0.09090909090909091,0.07142857142857142,0.05555555555555555,3,7,0,0,0,0,0,1,0.0,0.07,0.0,250000.0
10674313,0,0.0,0.0,1.0,0.0,0.0,0.0,0.0,0.0,0.0,0.0,0.0,0.0,1.0,0.0,0.0,0.0,0.0,1.0,0.07551020408163267,0.09090909090909091,0.09090909090909091,0.07142857142857142,0.05555555555555555,1,0,1,0,0,0,1,1,0.13,0.17,0.0,359000.0
10674320,0,0.0,0.0,1.0,0.0,0.0,0.0,0.0,1.0,0.0,0.0,0.0,0.0,0.0,0.0,0.0,0.0,0.0,1.0,0.07346938775510206,0.09090909090909091,0.09090909090909091,0.0,0.05555555555555555,3,3,0,1,0,0,0,0,0.0,0.0,0.0,98000.0
10674319,1,0.0,1.0,0.0,1.0,0.0,0.0,0.0,0.0,0.0,0.0,0.0,0.0,0.0,0.0,0.0,0.0,1.0,0.0,0.09897959183673471,0.09090909090909091,0.09090909090909091,0.0,0.05555555555555555,3,3,0,1,0,0,0,0,0.0,0.0,0.00014213911108951004,192500.0
10674321,1,0.0,1.0,0.0,0.0,0.0,0.0,0.0,0.0,0.0,0.0,0.0,0.0,0.0,1.0,0.0,0.0,0.0,1.0,0.10816326530612247,0.1818181818181818,0.0,0.0,0.05555555555555555,3,6,0,0,0,0,0,0,0.0,0.0,0.00019257556986320717,149000.0
10674332,0,0.0,1.0,0.0,1.0,0.0,0.0,0.0,0.0,0.0,0.0,0.0,0.0,0.0,0.0,0.0,0.0,1.0,0.0,0.09081632653061225,0.1818181818181818,0.09090909090909091,0.0,0.1111111111111111,3,2,0,1,0,0,1,1,0.0,0.0,0.0,189000.0
10674322,1,1.0,0.0,0.0,0.0,1.0,0.0,0.0,0.0,0.0,0.0,0.0,0.0,0.0,0.0,0.0,1.0,0.0,0.0,0.20408163265306126,0.2727272727272727,0.0,0.21428571428571427,0.16666666666666666,1,6,0,0,0,0,0,0,0.0,0.0,0.0,475000.0
10674327,0,0.0,0.0,1.0,0.0,0.0,0.0,0.0,0.0,0.0,0.0,0.0,0.0,1.0,0.0,0.0,0.0,0.0,1.0,0.1275510204081633,0.1818181818181818,0.09090909090909091,0.0,0.0,5,6,0,0,0,0,0,1,0.0,0.22,0.0,160000.0
10674334,1,0.0,1.0,0.0,1.0,0.0,0.0,0.0,0.0,0.0,0.0,0.0,0.0,0.0,0.0,0.0,0.0,0.0,1.0,0.15816326530612246,0.09090909090909091,0.09090909090909091,0.0,0.1111111111111111,3,5,0,1,0,0,1,1,0.0,0.0,0.0010160653876592073,379000.0
10674347,1,0.0,1.0,0.0,1.0,0.0,0.0,0.0,0.0,0.0,0.0,0.0,0.0,0.0,0.0,0.0,0.0,0.0,1.0,0.051020408163265314,0.09090909090909091,0.09090909090909091,0.0,0.0,3,2,0,0,0,0,0,0,0.0,0.0,0.011967196127213588,350000.0
10674338,0,0.0,1.0,0.0,1.0,0.0,0.0,0.0,0.0,0.0,0.0,0.0,0.0,0.0,0.0,0.0,0.0,0.0,1.0,0.07244897959183674,0.1818181818181818,0.09090909090909091,0.0,0.05555555555555555,2,3,1,1,0,0,0,1,0.0,0.0,0.0,279500.0
10674339,0,0.0,1.0,0.0,1.0,0.0,0.0,0.0,0.0,0.0,0.0,0.0,0.0,0.0,0.0,0.0,0.0,0.0,1.0,0.07244897959183674,0.1818181818181818,0.09090909090909091,0.0,0.05555555555555555,2,0,1,1,0,0,0,1,0.0,0.0,0.0,279500.0
10674350,1,0.0,1.0,0.0,0.0,0.0,0.0,0.0,0.0,0.0,0.0,0.0,0.0,0.0,1.0,0.0,0.0,0.0,1.0,0.13673469387755105,0.2727272727272727,0.09090909090909091,0.0,0.0,5,4,0,0,0,0,0,0,0.0,0.0,0.00035764034403167045,165000.0
10543264,1,0.0,0.0,1.0,0.0,0.0,0.0,0.0,0.0,0.0,0.0,0.0,0.0,1.0,0.0,0.0,0.0,0.0,1.0,0.09183673469387757,0.09090909090909091,0.09090909090909091,0.0,0.05555555555555555,1,5,0,1,0,0,1,1,0.25,0.2,0.0004860240572738086,375000.0
10674356,1,0.0,0.0,1.0,0.0,0.0,0.0,0.0,1.0,0.0,0.0,0.0,0.0,0.0,0.0,0.0,1.0,0.0,0.0,0.0816326530612245,0.09090909090909091,0.09090909090909091,0.0,0.05555555555555555,5,7,0,0,0,0,0,0,0.0,0.0,0.0,99000.0
10674353,1,0.0,0.0,1.0,0.0,0.0,0.0,0.0,1.0,0.0,0.0,0.0,0.0,0.0,0.0,0.0,1.0,0.0,0.0,0.0816326530612245,0.1818181818181818,0.2727272727272727,0.0,0.16666666666666666,3,3,0,0,0,0,0,0,0.0,0.0,0.0,220000.0
10674357,1,0.0,0.0,1.0,0.0,0.0,0.0,0.0,1.0,0.0,0.0,0.0,0.0,0.0,0.0,0.0,1.0,0.0,0.0,0.13877551020408166,0.1818181818181818,0.09090909090909091,0.07142857142857142,0.05555555555555555,3,6,0,0,0,0,0,1,0.0,0.0,0.0,129000.0
10674359,1,0.0,0.0,1.0,0.0,0.0,0.0,0.0,1.0,0.0,0.0,0.0,0.0,0.0,0.0,0.0,1.0,0.0,0.0,0.1142857142857143,0.1818181818181818,0.09090909090909091,0.0,0.05555555555555555,6,5,0,0,0,0,0,1,0.0,0.0,0.0,79000.0
10674366,1,0.0,0.0,1.0,0.0,0.0,0.0,0.0,1.0,0.0,0.0,0.0,0.0,0.0,0.0,0.0,0.0,1.0,0.0,0.010204081632653062,0.0,0.09090909090909091,0.0,0.1111111111111111,3,7,0,0,0,0,0,1,0.0,0.0,0.0,39000.0
10674365,1,0.0,0.0,1.0,0.0,0.0,0.0,0.0,1.0,0.0,0.0,0.0,0.0,0.0,0.0,0.0,1.0,0.0,0.0,0.13673469387755105,0.1818181818181818,0.09090909090909091,0.07142857142857142,0.05555555555555555,3,6,0,0,0,0,0,1,0.0,0.0,0.0,125000.0
10674362,1,0.0,0.0,1.0,0.0,0.0,0.0,0.0,0.0,0.0,0.0,0.0,1.0,0.0,0.0,0.0,0.0,0.0,1.0,0.30612244897959184,0.1818181818181818,0.18181818181818182,0.0,0.0,5,7,0,0,0,0,0,0,0.0,0.0,0.0,159000.0
10674360,1,0.0,0.0,1.0,0.0,0.0,0.0,0.0,1.0,0.0,0.0,0.0,0.0,0.0,0.0,0.0,1.0,0.0,0.0,0.10306122448979593,0.09090909090909091,0.09090909090909091,0.0,0.05555555555555555,3,7,0,0,0,0,0,1,0.0,0.0,0.0,159000.0
10674364,1,0.0,0.0,1.0,0.0,0.0,0.0,0.0,1.0,0.0,0.0,0.0,0.0,0.0,0.0,0.0,0.0,0.0,1.0,0.09285714285714286,0.09090909090909091,0.09090909090909091,0.0,0.05555555555555555,5,5,0,0,0,0,0,0,0.0,0.0,0.0,135000.0
10674368,1,0.0,0.0,1.0,0.0,0.0,0.0,0.0,1.0,0.0,0.0,0.0,0.0,0.0,0.0,0.0,0.0,0.0,1.0,0.0836734693877551,0.09090909090909091,0.09090909090909091,0.0,0.05555555555555555,5,7,0,0,0,0,0,0,0.0,0.0,0.0,89000.0
10543292,1,1.0,0.0,0.0,0.0,1.0,0.0,0.0,0.0,0.0,0.0,0.0,0.0,0.0,0.0,0.0,0.0,0.0,1.0,0.17448979591836736,0.36363636363636365,0.09090909090909091,0.0,0.16666666666666666,2,3,0,0,0,0,0,1,0.0,0.1,0.00011004318277897552,699000.0
10674369,1,0.0,0.0,1.0,0.0,0.0,0.0,0.0,1.0,0.0,0.0,0.0,0.0,0.0,0.0,0.0,0.0,1.0,0.0,0.13775510204081634,0.2727272727272727,0.18181818181818182,0.0,0.1111111111111111,3,7,0,0,0,0,0,1,0.0,0.0,0.0,159000.0
10543299,1,0.0,1.0,0.0,0.0,0.0,1.0,0.0,0.0,0.0,0.0,0.0,0.0,0.0,0.0,0.0,0.0,1.0,0.0,0.14285714285714288,0.1818181818181818,0.0,0.0,0.0,5,6,0,0,0,0,1,0,0.332,0.0,0.0006162418235622629,250000.0
10674373,1,0.0,0.0,1.0,0.0,0.0,0.0,0.0,1.0,0.0,0.0,0.0,0.0,0.0,0.0,0.0,1.0,0.0,0.0,0.11224489795918369,0.1818181818181818,0.09090909090909091,0.0,0.05555555555555555,5,5,0,0,0,0,0,1,0.0,0.0,0.0,110000.0
10674372,1,0.0,0.0,1.0,0.0,0.0,0.0,0.0,1.0,0.0,0.0,0.0,0.0,0.0,0.0,0.0,1.0,0.0,0.0,0.18877551020408165,0.2727272727272727,0.18181818181818182,0.0,0.05555555555555555,6,7,0,0,0,0,0,1,0.0,0.0,0.0,125000.0
10674374,1,0.0,0.0,1.0,0.0,0.0,0.0,0.0,1.0,0.0,0.0,0.0,0.0,0.0,0.0,0.0,1.0,0.0,0.0,0.12244897959183676,0.09090909090909091,0.09090909090909091,0.0,0.05555555555555555,6,7,0,0,0,0,0,0,0.0,0.0,0.0,79000.0
10543304,0,1.0,0.0,0.0,0.0,1.0,0.0,0.0,0.0,0.0,0.0,0.0,0.0,0.0,0.0,0.0,0.0,0.0,1.0,0.113265306122449,0.1818181818181818,0.09090909090909091,0.0,0.1111111111111111,2,2,0,0,0,0,0,1,0.0,0.1,0.0,575000.0
10674376,1,0.0,0.0,1.0,0.0,0.0,0.0,0.0,1.0,0.0,0.0,0.0,0.0,0.0,0.0,1.0,0.0,0.0,0.0,0.22653061224489798,0.2727272727272727,0.36363636363636365,0.0,0.05555555555555555,2,4,0,0,0,0,0,0,0.0,0.0,0.0,299000.0
10674377,1,0.0,0.0,1.0,0.0,0.0,0.0,0.0,1.0,0.0,0.0,0.0,0.0,0.0,0.0,0.0,0.0,0.0,1.0,0.06122448979591837,0.09090909090909091,0.09090909090909091,0.0,0.05555555555555555,3,5,0,0,0,0,0,0,0.0,0.0,0.0,99000.0
10674381,1,0.0,1.0,0.0,1.0,0.0,0.0,0.0,0.0,0.0,0.0,0.0,0.0,0.0,0.0,0.0,1.0,0.0,0.0,0.15306122448979595,0.1818181818181818,0.0,0.0,0.1111111111111111,4,6,0,0,0,0,1,1,0.025,0.1,6.694293619054345e-05,265000.0
10674378,1,0.0,0.0,1.0,0.0,0.0,0.0,0.0,1.0,0.0,0.0,0.0,0.0,0.0,0.0,0.0,0.0,1.0,0.0,0.13775510204081634,0.1818181818181818,0.09090909090909091,0.0,0.1111111111111111,3,7,0,0,0,0,0,1,0.0,0.0,0.0,119000.0
10674393,0,1.0,0.0,0.0,0.0,1.0,0.0,0.0,0.0,0.0,0.0,0.0,0.0,0.0,0.0,0.0,1.0,0.0,0.0,0.06326530612244899,0.09090909090909091,0.0,0.0,0.0,3,7,0,0,0,0,0,1,0.0,0.01,0.0,199000.0
10674396,1,0.0,0.0,1.0,0.0,0.0,0.0,0.0,1.0,0.0,0.0,0.0,0.0,0.0,0.0,0.0,0.0,0.0,1.0,0.22448979591836737,0.36363636363636365,0.09090909090909091,0.07142857142857142,0.1111111111111111,0,4,0,0,0,0,1,1,1.0,0.0,0.00468142040072225,445000.0
10674402,0,1.0,0.0,0.0,0.0,1.0,0.0,0.0,0.0,0.0,0.0,0.0,0.0,0.0,0.0,0.0,1.0,0.0,0.0,0.06122448979591837,0.09090909090909091,0.09090909090909091,0.0,0.05555555555555555,0,6,0,0,0,0,1,0,0.14,0.0,0.0,259000.0
10674400,1,0.0,1.0,0.0,0.0,0.0,0.0,0.0,0.0,0.0,0.0,0.0,0.0,0.0,1.0,0.0,0.0,0.0,1.0,0.2255102040816327,0.2727272727272727,0.18181818181818182,0.0,0.1111111111111111,4,4,0,0,0,0,0,1,0.0,0.0,0.0034104216396250832,895000.0
10674414,1,0.0,0.0,1.0,0.0,0.0,0.0,0.0,1.0,0.0,0.0,0.0,0.0,0.0,0.0,0.0,0.0,0.0,1.0,0.3979591836734694,0.36363636363636365,0.2727272727272727,0.14285714285714285,0.16666666666666666,3,3,0,0,1,0,1,1,1.0,1.0,0.0028189395321880895,820000.0
10674403,0,0.0,1.0,0.0,0.0,0.0,1.0,0.0,0.0,0.0,0.0,0.0,0.0,0.0,0.0,0.0,0.0,0.0,1.0,0.10204081632653061,0.09090909090909091,0.09090909090909091,0.0,0.05555555555555555,0,0,1,0,0,0,0,1,0.0,0.13,0.0,395000.0
10674416,0,0.0,1.0,0.0,0.0,0.0,1.0,0.0,0.0,0.0,0.0,0.0,0.0,0.0,0.0,0.0,1.0,0.0,0.0,0.04693877551020408,0.09090909090909091,0.0,0.0,0.05555555555555555,1,2,0,0,0,0,1,1,0.05,0.19,0.0,310000.0
10674425,1,0.0,1.0,0.0,1.0,0.0,0.0,0.0,0.0,0.0,0.0,0.0,0.0,0.0,0.0,0.0,0.0,0.0,1.0,0.20714285714285716,0.2727272727272727,0.09090909090909091,0.0,0.1111111111111111,1,2,0,0,0,0,1,1,0.8,0.3,0.0008390792686896883,595000.0
10674417,0,0.0,1.0,0.0,0.0,0.0,1.0,0.0,0.0,0.0,0.0,0.0,0.0,0.0,0.0,0.0,1.0,0.0,0.0,0.11020408163265308,0.1818181818181818,0.0,0.0,0.05555555555555555,1,2,0,0,0,0,1,0,0.063,0.0,0.0,355000.0
10674418,1,0.0,0.0,1.0,0.0,0.0,0.0,0.0,1.0,0.0,0.0,0.0,0.0,0.0,0.0,1.0,0.0,0.0,0.0,0.1806122448979592,0.2727272727272727,0.0,0.2857142857142857,0.0,0,7,0,0,0,0,0,0,0.0,0.0,0.0002567674264842762,195000.0
10674421,1,0.0,0.0,1.0,0.0,0.0,0.0,0.0,0.0,0.0,1.0,0.0,0.0,0.0,0.0,0.0,0.0,0.0,1.0,0.1306122448979592,0.1818181818181818,0.09090909090909091,0.0,0.1111111111111111,0,5,0,0,0,0,1,0,0.244,0.0,0.0,225000.0
10674428,1,0.0,0.0,1.0,0.0,0.0,0.0,0.0,0.0,0.0,1.0,0.0,0.0,0.0,0.0,0.0,0.0,1.0,0.0,0.176530612244898,0.2727272727272727,0.09090909090909091,0.07142857142857142,0.05555555555555555,4,4,0,0,0,0,0,0,0.0,0.0,4.4934299634748335e-05,170000.0
10674431,0,0.0,0.0,1.0,0.0,0.0,0.0,0.0,0.0,0.0,1.0,0.0,0.0,0.0,0.0,0.0,0.0,0.0,1.0,0.10816326530612247,0.1818181818181818,0.09090909090909091,0.07142857142857142,0.1111111111111111,3,2,1,0,0,0,0,1,0.0,0.17,0.0,299000.0
10412294,0,0.0,1.0,0.0,0.0,0.0,0.0,0.0,0.0,0.0,0.0,0.0,0.0,0.0,1.0,0.0,0.0,0.0,1.0,0.04591836734693878,0.0,0.09090909090909091,0.0,0.05555555555555555,4,6,1,0,0,0,0,0,0.0,0.0,0.0,187000.0
10412295,0,0.0,1.0,0.0,0.0,0.0,0.0,0.0,0.0,0.0,0.0,0.0,0.0,0.0,1.0,0.0,0.0,0.0,1.0,0.07755102040816328,0.1818181818181818,0.09090909090909091,0.0,0.05555555555555555,4,5,1,0,0,0,0,1,0.0,0.0,0.0,265000.0
10674453,0,0.0,1.0,0.0,1.0,0.0,0.0,0.0,0.0,0.0,0.0,0.0,0.0,0.0,0.0,0.0,0.0,1.0,0.0,0.08673469387755103,0.09090909090909091,0.09090909090909091,0.0,0.0,0,3,0,0,0,0,0,0,0.0,0.0,0.0,265000.0
10674455,1,0.0,1.0,0.0,0.0,0.0,0.0,0.0,0.0,0.0,0.0,0.0,0.0,0.0,1.0,0.0,0.0,0.0,1.0,0.1306122448979592,0.2727272727272727,0.0,0.0,0.0,3,4,0,0,0,0,0,0,0.0,0.0,0.00014855829675161696,240000.0
10674458,1,0.0,1.0,0.0,0.0,0.0,0.0,0.0,0.0,0.0,0.0,0.0,0.0,0.0,1.0,0.0,0.0,0.0,1.0,0.1622448979591837,0.1818181818181818,0.0,0.0,0.0,0,2,0,0,0,0,0,1,0.0,0.0,0.00030536983221165706,399750.0
10674459,1,0.0,1.0,0.0,0.0,0.0,0.0,0.0,0.0,0.0,0.0,0.0,0.0,0.0,1.0,0.0,0.0,1.0,0.0,0.2448979591836735,0.1818181818181818,0.0,0.0,0.0,3,2,0,0,0,0,0,1,0.0,0.0,0.0006419185662106905,466900.0
10674460,1,0.0,1.0,0.0,0.0,0.0,1.0,0.0,0.0,0.0,0.0,0.0,0.0,0.0,0.0,0.0,0.0,0.0,1.0,0.3959183673469388,0.2727272727272727,0.0,0.0,0.0,3,3,0,0,0,0,0,1,0.0,0.0,0.0021889423107784548,829000.0
10674467,1,0.0,0.0,1.0,0.0,0.0,0.0,0.0,0.0,0.0,0.0,0.0,1.0,0.0,0.0,0.0,0.0,0.0,1.0,0.47959183673469385,0.6363636363636364,0.36363636363636365,0.21428571428571427,0.0,0,2,0,0,0,0,0,1,0.0,0.1,0.000985803512394989,395000.0
10674474,0,1.0,0.0,0.0,0.0,1.0,0.0,0.0,0.0,0.0,0.0,0.0,0.0,0.0,0.0,0.0,1.0,0.0,0.0,0.07142857142857142,0.09090909090909091,0.0,0.07142857142857142,0.05555555555555555,0,7,0,0,0,0,0,1,0.0,0.0,0.0,249000.0
10674473,1,0.0,1.0,0.0,0.0,0.0,0.0,1.0,0.0,0.0,0.0,0.0,0.0,0.0,0.0,0.0,1.0,0.0,0.0,0.24693877551020413,0.2727272727272727,0.18181818181818182,0.0,0.0,3,4,0,0,0,0,0,0,0.0,0.0,0.00038698519277273057,475000.0
10674483,0,0.0,0.0,1.0,0.0,0.0,0.0,0.0,0.0,0.0,0.0,0.0,0.0,1.0,0.0,0.0,0.0,0.0,1.0,0.07346938775510206,0.09090909090909091,0.09090909090909091,0.07142857142857142,0.1111111111111111,1,1,1,0,0,0,0,1,0.0,0.16,0.0,369000.0
10674481,0,0.0,0.0,1.0,0.0,0.0,0.0,0.0,0.0,0.0,0.0,0.0,0.0,1.0,0.0,0.0,0.0,0.0,1.0,0.09081632653061225,0.09090909090909091,0.09090909090909091,0.07142857142857142,0.05555555555555555,1,1,1,0,0,0,0,1,0.0,0.11,0.0,399000.0
10674478,1,0.0,0.0,1.0,0.0,0.0,0.0,0.0,0.0,0.0,0.0,0.0,1.0,0.0,0.0,0.0,1.0,0.0,0.0,0.09183673469387757,0.09090909090909091,0.09090909090909091,0.0,0.1111111111111111,3,5,0,0,0,0,1,1,1.0,0.25,0.0010059780959044678,240000.0
10674479,1,1.0,0.0,0.0,0.0,1.0,0.0,0.0,0.0,0.0,0.0,0.0,0.0,0.0,0.0,0.0,1.0,0.0,0.0,0.08673469387755103,0.09090909090909091,0.18181818181818182,0.0,0.1111111111111111,5,7,0,0,0,0,0,0,0.0,0.0,0.0,469000.0
10674488,0,0.0,0.0,1.0,0.0,0.0,0.0,0.0,0.0,0.0,0.0,0.0,0.0,1.0,0.0,0.0,0.0,0.0,1.0,0.10612244897959186,0.1818181818181818,0.18181818181818182,0.07142857142857142,0.1111111111111111,1,0,1,0,0,0,0,1,0.0,0.14,0.0,450000.0
10674485,0,0.0,0.0,1.0,0.0,0.0,0.0,0.0,0.0,0.0,0.0,0.0,0.0,1.0,0.0,0.0,0.0,0.0,1.0,0.11530612244897961,0.1818181818181818,0.18181818181818182,0.07142857142857142,0.1111111111111111,1,1,1,0,0,0,0,1,0.0,0.18,0.0,474500.0
10674489,0,0.0,1.0,0.0,0.0,0.0,0.0,0.0,0.0,0.0,0.0,0.0,0.0,0.0,1.0,0.0,0.0,0.0,1.0,0.08775510204081632,0.09090909090909091,0.09090909090909091,0.0,0.05555555555555555,1,1,1,0,0,0,0,1,0.0,0.21,0.0,329500.0
10674487,0,0.0,0.0,1.0,0.0,0.0,0.0,0.0,0.0,0.0,0.0,0.0,0.0,1.0,0.0,0.0,0.0,0.0,1.0,0.0836734693877551,0.09090909090909091,0.18181818181818182,0.14285714285714285,0.05555555555555555,1,1,0,0,0,0,1,1,0.15,0.26,0.0,475900.0
10674490,0,0.0,1.0,0.0,0.0,0.0,0.0,0.0,0.0,0.0,0.0,0.0,0.0,0.0,1.0,0.0,0.0,0.0,1.0,0.04183673469387755,0.0,0.09090909090909091,0.0,0.05555555555555555,1,0,1,0,0,0,0,1,0.0,0.04,0.0,176900.0
10674493,0,0.0,1.0,0.0,0.0,0.0,0.0,0.0,0.0,0.0,0.0,0.0,0.0,0.0,1.0,0.0,0.0,1.0,0.0,0.04489795918367347,0.0,0.09090909090909091,0.0,0.05555555555555555,3,5,1,0,0,0,0,1,0.0,0.15,0.0,169000.0
10674499,0,0.0,1.0,0.0,0.0,0.0,0.0,0.0,0.0,0.0,0.0,0.0,0.0,0.0,1.0,0.0,0.0,0.0,1.0,0.0030612244897959204,0.0,0.0,0.0,0.05555555555555555,3,6,0,0,0,0,1,1,0.0,0.0,0.0,92000.0
10674505,1,0.0,0.0,1.0,0.0,0.0,0.0,0.0,0.0,0.0,1.0,0.0,0.0,0.0,0.0,0.0,0.0,1.0,0.0,0.1836734693877551,0.36363636363636365,0.2727272727272727,0.21428571428571427,0.16666666666666666,3,3,0,0,0,0,0,0,0.0,0.0,8.253238708423164e-05,199000.0
10674504,0,0.0,1.0,0.0,1.0,0.0,0.0,0.0,0.0,0.0,0.0,0.0,0.0,0.0,0.0,0.0,0.0,1.0,0.0,0.07448979591836735,0.09090909090909091,0.09090909090909091,0.0,0.05555555555555555,1,1,1,0,0,0,0,1,0.0,0.08,0.0,288000.0
10674500,1,0.0,1.0,0.0,0.0,0.0,0.0,0.0,0.0,0.0,0.0,0.0,0.0,0.0,1.0,0.0,0.0,0.0,1.0,0.0030612244897959204,0.0,0.0,0.0,0.05555555555555555,3,6,0,0,0,0,1,1,0.0,0.0,4.401727311159021e-05,92000.0
10674509,0,0.0,0.0,1.0,0.0,0.0,0.0,0.0,0.0,0.0,0.0,1.0,0.0,0.0,0.0,0.0,0.0,0.0,1.0,0.09693877551020408,0.09090909090909091,0.0,0.0,0.1111111111111111,4,5,0,1,0,0,0,0,0.0,0.0,0.0,229000.0
10674516,1,0.0,0.0,1.0,0.0,0.0,0.0,0.0,1.0,0.0,0.0,0.0,0.0,0.0,0.0,0.0,0.0,0.0,1.0,0.11224489795918369,0.09090909090909091,0.09090909090909091,0.0,0.05555555555555555,0,0,0,0,0,0,0,1,0.0,0.0,0.0,195000.0
10674510,1,0.0,1.0,0.0,0.0,0.0,0.0,1.0,0.0,0.0,0.0,0.0,0.0,0.0,0.0,0.0,0.0,0.0,1.0,0.1795918367346939,0.2727272727272727,0.18181818181818182,0.0,0.0,5,6,0,0,0,0,0,0,0.0,0.0,0.002035798881411047,330000.0
10674514,0,0.0,1.0,0.0,0.0,0.0,1.0,0.0,0.0,0.0,0.0,0.0,0.0,0.0,0.0,0.0,0.0,1.0,0.0,0.07959183673469389,0.1818181818181818,0.09090909090909091,0.0,0.05555555555555555,3,6,0,0,0,0,0,1,0.0,0.0,0.0,199000.0
10674513,1,0.0,0.0,1.0,0.0,0.0,0.0,0.0,0.0,0.0,0.0,0.0,0.0,1.0,0.0,0.0,0.0,1.0,0.0,0.1836734693877551,0.1818181818181818,0.09090909090909091,0.0,0.05555555555555555,3,5,0,1,0,0,0,0,0.0,0.0,0.0004988624285980224,425000.0
10674522,0,1.0,0.0,0.0,0.0,1.0,0.0,0.0,0.0,0.0,0.0,0.0,0.0,0.0,0.0,0.0,0.0,0.0,1.0,0.12244897959183676,0.1818181818181818,0.0,0.21428571428571427,0.16666666666666666,2,3,0,0,0,0,0,1,0.0,0.08,0.0,450000.0
10674523,0,1.0,0.0,0.0,0.0,1.0,0.0,0.0,0.0,0.0,0.0,0.0,0.0,0.0,0.0,0.0,1.0,0.0,0.0,0.12244897959183676,0.1818181818181818,0.0,0.21428571428571427,0.16666666666666666,2,3,0,0,0,0,0,1,0.0,0.08,0.0,450000.0
10674527,0,0.0,1.0,0.0,0.0,0.0,0.0,0.0,0.0,0.0,0.0,0.0,0.0,0.0,1.0,0.0,0.0,1.0,0.0,0.04591836734693878,0.0,0.09090909090909091,0.0,0.05555555555555555,5,5,1,0,0,0,0,1,0.0,0.01,0.0,225000.0
10674521,0,0.0,1.0,0.0,0.0,0.0,0.0,0.0,0.0,0.0,0.0,0.0,0.0,0.0,1.0,0.0,0.0,1.0,0.0,0.042857142857142864,0.09090909090909091,0.09090909090909091,0.0,0.05555555555555555,0,3,1,0,0,0,0,0,0.0,0.0,0.0,229000.0
10674529,0,0.0,0.0,1.0,0.0,0.0,0.0,0.0,0.0,0.0,0.0,0.0,0.0,1.0,0.0,0.0,0.0,0.0,1.0,0.1295918367346939,0.09090909090909091,0.18181818181818182,0.0,0.0,0,0,0,0,0,0,1,1,0.12,0.39,0.0,427125.0
10674531,0,0.0,1.0,0.0,0.0,0.0,1.0,0.0,0.0,0.0,0.0,0.0,0.0,0.0,0.0,0.0,0.0,0.0,1.0,0.10612244897959186,0.1818181818181818,0.09090909090909091,0.0,0.1111111111111111,0,0,1,0,0,0,0,1,0.0,0.32,0.0,435000.0
10674539,0,0.0,1.0,0.0,1.0,0.0,0.0,0.0,0.0,0.0,0.0,0.0,0.0,0.0,0.0,0.0,1.0,0.0,0.0,0.07142857142857142,0.09090909090909091,0.09090909090909091,0.0,0.05555555555555555,1,0,1,0,0,0,0,1,0.0,0.15,0.0,339000.0
10674534,0,1.0,0.0,0.0,0.0,1.0,0.0,0.0,0.0,0.0,0.0,0.0,0.0,0.0,0.0,0.0,1.0,0.0,0.0,0.07959183673469389,0.09090909090909091,0.09090909090909091,0.0,0.1111111111111111,1,5,1,0,0,0,0,1,0.0,0.04,0.0,228000.0
10674536,1,0.0,1.0,0.0,0.0,0.0,0.0,0.0,0.0,0.0,0.0,0.0,0.0,0.0,1.0,0.0,0.0,0.0,1.0,0.1795918367346939,0.2727272727272727,0.0,0.07142857142857142,0.1111111111111111,3,2,0,0,0,0,1,1,0.0,0.0,0.0007648001203138799,675000.0
10674544,0,0.0,0.0,1.0,0.0,0.0,0.0,0.0,0.0,0.0,0.0,0.0,1.0,0.0,0.0,1.0,0.0,0.0,0.0,0.05612244897959184,0.0,0.09090909090909091,0.0,0.05555555555555555,0,5,0,0,0,0,0,1,0.0,0.08,0.0,210000.0
10674541,0,0.0,1.0,0.0,1.0,0.0,0.0,0.0,0.0,0.0,0.0,0.0,0.0,0.0,0.0,0.0,0.0,0.0,1.0,0.09183673469387757,0.09090909090909091,0.09090909090909091,0.0,0.05555555555555555,0,2,1,0,0,0,0,1,0.0,0.12,0.0,320000.0
10674551,0,1.0,0.0,0.0,0.0,1.0,0.0,0.0,0.0,0.0,0.0,0.0,0.0,0.0,0.0,0.0,0.0,0.0,1.0,0.1459183673469388,0.1818181818181818,0.18181818181818182,0.0,0.16666666666666666,1,0,1,0,0,0,1,1,0.25,0.28,0.0,1350000.0
10674556,1,0.0,0.0,1.0,0.0,0.0,0.0,0.0,0.0,0.0,0.0,1.0,0.0,0.0,0.0,0.0,0.0,0.0,1.0,0.1836734693877551,0.4545454545454545,0.09090909090909091,0.0,0.1111111111111111,1,2,0,0,0,0,1,1,0.3,0.45,0.0004603473146253809,469000.0
10674559,0,0.0,1.0,0.0,0.0,0.0,1.0,0.0,0.0,0.0,0.0,0.0,0.0,0.0,0.0,0.0,0.0,0.0,1.0,0.07142857142857142,0.09090909090909091,0.09090909090909091,0.0,0.05555555555555555,0,0,0,1,0,0,1,1,0.02,0.2,0.0,289500.0
10674560,0,0.0,1.0,0.0,0.0,0.0,1.0,0.0,0.0,0.0,0.0,0.0,0.0,0.0,0.0,0.0,0.0,0.0,1.0,0.14489795918367349,0.1818181818181818,0.09090909090909091,0.0,0.1111111111111111,0,0,0,1,0,0,0,1,0.0,0.21,0.0,399500.0
10674558,1,0.0,1.0,0.0,0.0,0.0,1.0,0.0,0.0,0.0,0.0,0.0,0.0,0.0,0.0,0.0,0.0,0.0,1.0,0.2112244897959184,0.1818181818181818,0.09090909090909091,0.0,0.1111111111111111,0,0,0,1,0,0,1,1,0.4,0.2,0.0005346264630011894,559000.0
10674561,1,0.0,1.0,0.0,0.0,0.0,1.0,0.0,0.0,0.0,0.0,0.0,0.0,0.0,0.0,0.0,0.0,0.0,1.0,0.20000000000000004,0.1818181818181818,0.09090909090909091,0.0,0.1111111111111111,0,0,0,1,0,0,1,1,0.15,0.17,0.0002099990738032116,460000.0
10674562,1,0.0,1.0,0.0,0.0,0.0,1.0,0.0,0.0,0.0,0.0,0.0,0.0,0.0,0.0,0.0,0.0,0.0,1.0,0.21020408163265308,0.2727272727272727,0.18181818181818182,0.0,0.1111111111111111,0,0,0,1,0,0,1,1,0.15,0.2,0.00024851418777585305,525000.0
10674566,1,0.0,0.0,1.0,0.0,0.0,0.0,0.0,0.0,0.0,0.0,0.0,0.0,1.0,0.0,0.0,0.0,0.0,1.0,0.1969387755102041,0.36363636363636365,0.18181818181818182,0.0,0.0,4,6,0,1,0,0,0,1,0.0,0.3,0.0014241421904645749,695000.0
10674567,1,0.0,1.0,0.0,1.0,0.0,0.0,0.0,0.0,0.0,0.0,0.0,0.0,0.0,0.0,0.0,0.0,0.0,1.0,0.1316326530612245,0.1818181818181818,0.09090909090909091,0.0,0.1111111111111111,1,2,0,0,0,0,1,1,0.166,0.55,0.0003273784687674522,398000.0
10674563,1,0.0,1.0,0.0,0.0,0.0,1.0,0.0,0.0,0.0,0.0,0.0,0.0,0.0,0.0,0.0,0.0,0.0,1.0,0.20408163265306126,0.2727272727272727,0.18181818181818182,0.0,0.1111111111111111,0,0,0,1,0,0,1,1,0.1,0.2,0.0002347587899284811,499500.0
10674564,1,0.0,1.0,0.0,0.0,0.0,1.0,0.0,0.0,0.0,0.0,0.0,0.0,0.0,0.0,0.0,0.0,0.0,1.0,0.13571428571428573,0.1818181818181818,0.09090909090909091,0.0,0.1111111111111111,0,0,0,1,0,0,1,1,0.25,0.18,0.00032554441572113594,450000.0
10674568,1,0.0,1.0,0.0,0.0,0.0,0.0,0.0,0.0,0.0,0.0,0.0,0.0,0.0,1.0,0.0,0.0,0.0,1.0,0.23673469387755106,0.4545454545454545,0.0,0.0,0.16666666666666666,3,2,0,0,0,0,0,0,0.0,0.0,0.00010729210320950113,495000.0
10674574,1,0.0,1.0,0.0,0.0,0.0,0.0,0.0,0.0,1.0,0.0,0.0,0.0,0.0,0.0,0.0,0.0,0.0,1.0,0.4826530612244898,0.36363636363636365,0.0,0.0,0.0,3,0,0,0,0,0,0,0,0.0,0.0,0.0013370246707645527,695000.0
10674575,1,0.0,1.0,0.0,0.0,0.0,0.0,0.0,0.0,1.0,0.0,0.0,0.0,0.0,0.0,0.0,0.0,0.0,1.0,0.23877551020408164,0.36363636363636365,0.18181818181818182,0.0,0.1111111111111111,4,0,0,0,0,0,1,0,0.709,0.0,0.0007363722980959778,429000.0
10674585,0,0.0,1.0,0.0,0.0,0.0,0.0,0.0,0.0,0.0,0.0,0.0,0.0,0.0,1.0,0.0,0.0,0.0,1.0,0.014285714285714284,0.0,0.0,0.0,0.05555555555555555,1,2,1,0,0,0,0,1,0.0,0.0,0.0,139000.0
10674576,1,0.0,1.0,0.0,0.0,0.0,1.0,0.0,0.0,0.0,0.0,0.0,0.0,0.0,0.0,0.0,0.0,0.0,1.0,0.38265306122448983,0.1818181818181818,0.09090909090909091,0.0,0.1111111111111111,3,3,0,0,0,0,1,0,1.0,0.0,0.0015231810549656529,795000.0
10674590,1,0.0,0.0,1.0,0.0,0.0,0.0,0.0,0.0,0.0,0.0,0.0,0.0,1.0,0.0,0.0,0.0,0.0,1.0,0.09693877551020408,0.09090909090909091,0.09090909090909091,0.0,0.05555555555555555,0,3,0,1,0,0,1,1,0.28,0.9,0.00037598087449483304,275000.0
10674591,1,0.0,0.0,1.0,0.0,0.0,0.0,0.0,0.0,0.0,0.0,0.0,1.0,0.0,0.0,0.0,0.0,0.0,1.0,0.10204081632653061,0.1818181818181818,0.0,0.07142857142857142,0.05555555555555555,0,7,0,0,0,0,1,1,0.895,0.53,0.0008207387382265258,165000.0
10674595,0,0.0,1.0,0.0,1.0,0.0,0.0,0.0,0.0,0.0,0.0,0.0,0.0,0.0,0.0,0.0,0.0,1.0,0.0,0.005102040816326529,0.0,0.09090909090909091,0.0,0.05555555555555555,5,5,1,1,0,0,0,1,0.0,0.05,0.0,85000.0
10674597,0,0.0,1.0,0.0,0.0,0.0,1.0,0.0,0.0,0.0,0.0,0.0,0.0,0.0,0.0,0.0,1.0,0.0,0.0,0.05612244897959184,0.09090909090909091,0.09090909090909091,0.0,0.05555555555555555,1,1,0,0,0,0,0,1,0.0,0.1,0.0,373500.0
10674603,1,0.0,1.0,0.0,0.0,0.0,0.0,0.0,0.0,0.0,0.0,0.0,0.0,0.0,1.0,0.0,0.0,0.0,1.0,0.08775510204081632,0.1818181818181818,0.0,0.0,0.05555555555555555,4,6,0,0,0,0,0,0,0.0,0.0,0.00020541394118742096,135000.0
10674598,0,0.0,1.0,0.0,0.0,0.0,1.0,0.0,0.0,0.0,0.0,0.0,0.0,0.0,0.0,1.0,0.0,0.0,0.0,0.05612244897959184,0.09090909090909091,0.09090909090909091,0.0,0.05555555555555555,1,1,0,0,0,0,0,1,0.0,0.1,0.0,373500.0
10674605,1,0.0,1.0,0.0,1.0,0.0,0.0,0.0,0.0,0.0,0.0,0.0,0.0,0.0,0.0,0.0,1.0,0.0,0.0,0.2857142857142857,0.4545454545454545,0.36363636363636365,0.0,0.2222222222222222,0,5,0,1,0,0,1,0,0.05,0.0,0.0,698000.0
10674611,1,0.0,0.0,1.0,0.0,0.0,0.0,0.0,1.0,0.0,0.0,0.0,0.0,0.0,0.0,0.0,0.0,0.0,1.0,0.2663265306122449,0.1818181818181818,0.09090909090909091,0.0,0.0,0,7,0,1,0,0,0,1,0.0,0.0,0.0011389469417623966,255000.0
10674615,1,0.0,0.0,1.0,0.0,0.0,0.0,0.0,0.0,0.0,1.0,0.0,0.0,0.0,0.0,0.0,0.0,0.0,1.0,0.22244897959183677,0.2727272727272727,0.09090909090909091,0.0,0.05555555555555555,3,5,0,1,0,0,0,1,0.0,0.45,0.0006034034522380491,185000.0
10674614,1,0.0,0.0,1.0,0.0,0.0,0.0,0.0,0.0,0.0,1.0,0.0,0.0,0.0,0.0,0.0,0.0,0.0,1.0,0.22244897959183677,0.2727272727272727,0.09090909090909091,0.0,0.05555555555555555,3,5,0,1,0,0,0,1,0.0,0.45,0.0038038260180599205,285000.0
10674616,1,0.0,0.0,1.0,0.0,0.0,0.0,0.0,1.0,0.0,0.0,0.0,0.0,0.0,0.0,0.0,1.0,0.0,0.0,0.1622448979591837,0.2727272727272727,0.18181818181818182,0.0,0.1111111111111111,5,7,0,1,0,0,0,0,0.0,0.0,0.000184322331154784,140000.0
10674617,0,0.0,0.0,1.0,0.0,0.0,0.0,0.0,0.0,0.0,1.0,0.0,0.0,0.0,0.0,0.0,0.0,0.0,1.0,0.04897959183673469,0.0,0.0,0.07142857142857142,0.05555555555555555,0,2,1,1,0,0,0,1,0.0,0.07,0.0,159500.0
10674626,0,1.0,0.0,0.0,0.0,1.0,0.0,0.0,0.0,0.0,0.0,0.0,0.0,0.0,0.0,1.0,0.0,0.0,0.0,0.07142857142857142,0.09090909090909091,0.09090909090909091,0.07142857142857142,0.05555555555555555,1,3,0,1,0,0,0,1,0.0,0.1,0.0,385000.0
10674628,1,1.0,0.0,0.0,0.0,1.0,0.0,0.0,0.0,0.0,0.0,0.0,0.0,0.0,0.0,0.0,1.0,0.0,0.0,0.20408163265306126,0.2727272727272727,0.0,0.0,0.0,5,7,0,1,0,0,0,0,0.0,0.0,0.0,330000.0
10674627,1,0.0,1.0,0.0,1.0,0.0,0.0,0.0,0.0,0.0,0.0,0.0,0.0,0.0,0.0,0.0,0.0,1.0,0.0,0.2479591836734694,0.09090909090909091,0.09090909090909091,0.07142857142857142,0.1111111111111111,2,2,0,0,0,1,1,0,0.0,0.0,0.0019257556986320716,560000.0
10674638,1,0.0,1.0,0.0,0.0,0.0,1.0,0.0,0.0,0.0,0.0,0.0,0.0,0.0,0.0,1.0,0.0,0.0,0.0,0.19387755102040818,0.1818181818181818,0.2727272727272727,0.0,0.16666666666666666,3,3,0,1,0,0,1,1,0.055,0.15,0.00013847100499687754,765000.0
10674633,1,0.0,1.0,0.0,1.0,0.0,0.0,0.0,0.0,0.0,0.0,0.0,0.0,0.0,0.0,0.0,0.0,1.0,0.0,0.2091836734693878,0.4545454545454545,0.18181818181818182,0.0,0.16666666666666666,3,4,0,1,0,0,0,1,0.0,0.15,9.07856257926548e-05,429000.0
10674629,1,0.0,1.0,0.0,1.0,0.0,0.0,0.0,0.0,0.0,0.0,0.0,0.0,0.0,0.0,1.0,0.0,0.0,0.0,0.2816326530612245,0.1818181818181818,0.09090909090909091,0.0,0.0,3,5,0,1,0,0,0,1,0.0,0.21,7.611320142212473e-05,1000000.0
10674637,0,1.0,0.0,0.0,0.0,1.0,0.0,0.0,0.0,0.0,0.0,0.0,0.0,0.0,0.0,0.0,1.0,0.0,0.0,0.017346938775510204,0.0,0.09090909090909091,0.0,0.05555555555555555,2,5,1,0,0,0,0,0,0.0,0.0,0.0,175000.0
10674639,0,0.0,0.0,1.0,0.0,0.0,0.0,0.0,0.0,0.0,0.0,0.0,1.0,0.0,0.0,0.0,1.0,0.0,0.0,0.1,0.0,0.0,0.0,0.0,0,4,0,1,0,0,0,0,0.0,0.0,0.0,190000.0
10674634,1,0.0,1.0,0.0,1.0,0.0,0.0,0.0,0.0,0.0,0.0,0.0,0.0,0.0,0.0,0.0,0.0,1.0,0.0,0.13469387755102044,0.2727272727272727,0.09090909090909091,0.0,0.05555555555555555,3,4,0,1,0,0,0,0,0.0,0.0,8.253238708423164e-05,370000.0
10674640,0,0.0,0.0,1.0,0.0,0.0,0.0,0.0,0.0,0.0,0.0,0.0,1.0,0.0,0.0,0.0,1.0,0.0,0.0,0.04183673469387755,0.0,0.0,0.07142857142857142,0.05555555555555555,0,3,0,1,0,0,0,1,0.0,0.7000000000000001,0.0,135000.0
10674642,0,0.0,0.0,1.0,0.0,0.0,0.0,0.0,0.0,0.0,0.0,0.0,1.0,0.0,0.0,0.0,1.0,0.0,0.0,0.051020408163265314,0.0,0.0,0.07142857142857142,0.0,0,3,0,1,0,0,0,1,0.0,0.7000000000000001,0.0,125000.0
10674644,0,0.0,0.0,1.0,0.0,0.0,0.0,0.0,0.0,0.0,0.0,0.0,1.0,0.0,0.0,0.0,1.0,0.0,0.0,0.018367346938775515,0.0,0.0,0.07142857142857142,0.0,0,3,0,1,0,0,0,1,0.0,0.7000000000000001,0.0,99000.0
10674649,1,0.0,1.0,0.0,0.0,0.0,1.0,0.0,0.0,0.0,0.0,0.0,0.0,0.0,0.0,0.0,0.0,1.0,0.0,0.17346938775510207,0.1818181818181818,0.09090909090909091,0.0,0.1111111111111111,3,0,0,1,0,0,0,1,0.0,0.0,0.00023842689602111364,299500.0
10674650,1,0.0,1.0,0.0,1.0,0.0,0.0,0.0,0.0,0.0,0.0,0.0,0.0,0.0,0.0,0.0,0.0,1.0,0.0,0.2448979591836735,0.4545454545454545,0.18181818181818182,0.0,0.16666666666666666,0,4,0,1,0,0,1,1,0.096,0.25,0.0002155012329421604,735000.0
10674643,0,0.0,0.0,1.0,0.0,0.0,0.0,0.0,0.0,0.0,0.0,0.0,1.0,0.0,0.0,0.0,1.0,0.0,0.0,0.0836734693877551,0.0,0.0,0.14285714285714285,0.0,0,3,0,1,0,0,0,1,0.0,0.7000000000000001,0.0,130000.0
10674656,1,0.0,0.0,1.0,0.0,0.0,0.0,0.0,0.0,0.0,1.0,0.0,0.0,0.0,0.0,0.0,0.0,0.0,1.0,0.09387755102040818,0.09090909090909091,0.09090909090909091,0.07142857142857142,0.05555555555555555,2,7,0,0,0,0,0,1,0.0,0.16,4.585132615790647e-05,194000.0
10674655,1,0.0,1.0,0.0,0.0,0.0,0.0,1.0,0.0,0.0,0.0,0.0,0.0,0.0,0.0,0.0,0.0,1.0,0.0,0.08265306122448982,0.09090909090909091,0.0,0.0,0.0,0,1,0,0,0,0,1,0,0.0,0.0,0.0,360000.0
10674658,1,0.0,0.0,1.0,0.0,0.0,0.0,0.0,0.0,0.0,0.0,1.0,0.0,0.0,0.0,0.0,0.0,0.0,1.0,0.05510204081632653,0.09090909090909091,0.09090909090909091,0.0,0.05555555555555555,0,0,0,1,0,0,0,0,0.0,0.0,0.0,72500.0
10674661,1,0.0,1.0,0.0,1.0,0.0,0.0,0.0,0.0,0.0,0.0,0.0,0.0,0.0,0.0,0.0,1.0,0.0,0.0,0.08775510204081632,0.1818181818181818,0.09090909090909091,0.0,0.1111111111111111,2,2,0,1,0,0,0,1,0.0,0.06,3.301295483369266e-05,299000.0
10674664,1,0.0,1.0,0.0,0.0,0.0,0.0,0.0,0.0,1.0,0.0,0.0,0.0,0.0,0.0,0.0,0.0,0.0,1.0,0.163265306122449,0.1818181818181818,0.09090909090909091,0.07142857142857142,0.05555555555555555,2,2,0,1,0,0,1,1,0.0,0.0,0.0005520499669411939,360000.0
10674663,1,0.0,0.0,1.0,0.0,0.0,0.0,0.0,0.0,0.0,0.0,0.0,1.0,0.0,0.0,0.0,1.0,0.0,0.0,0.09183673469387757,0.1818181818181818,0.09090909090909091,0.0,0.05555555555555555,3,3,0,1,0,0,1,1,0.617,0.19,0.0004190811210832651,245000.0
10543590,1,0.0,0.0,1.0,0.0,0.0,0.0,0.0,1.0,0.0,0.0,0.0,0.0,0.0,0.0,0.0,0.0,0.0,1.0,0.09489795918367347,0.2727272727272727,0.09090909090909091,0.0,0.0,4,3,0,1,0,0,0,1,0.0,0.0,0.00022008636555795105,160000.0
10674670,0,0.0,1.0,0.0,0.0,0.0,1.0,0.0,0.0,0.0,0.0,0.0,0.0,0.0,0.0,0.0,0.0,1.0,0.0,0.07346938775510206,0.09090909090909091,0.09090909090909091,0.0,0.05555555555555555,3,1,0,1,0,0,0,1,0.0,0.06,0.0,339000.0
10674672,1,0.0,0.0,1.0,0.0,0.0,0.0,0.0,0.0,0.0,1.0,0.0,0.0,0.0,0.0,0.0,0.0,0.0,1.0,0.1326530612244898,0.1818181818181818,0.09090909090909091,0.0,0.05555555555555555,5,7,0,1,0,0,1,1,0.58,0.4,0.0009170265231581294,299000.0
10543596,1,0.0,1.0,0.0,0.0,0.0,1.0,0.0,0.0,0.0,0.0,0.0,0.0,0.0,0.0,0.0,0.0,0.0,1.0,0.13367346938775512,0.1818181818181818,0.09090909090909091,0.0,0.1111111111111111,4,5,0,0,0,0,1,0,0.0,0.0,0.0005905650809138353,280000.0
10674671,0,1.0,0.0,0.0,0.0,1.0,0.0,0.0,0.0,0.0,0.0,0.0,0.0,0.0,0.0,0.0,1.0,0.0,0.0,0.04081632653061225,0.0,0.0,0.07142857142857142,0.05555555555555555,1,4,0,0,0,0,0,1,0.0,0.02,0.0,229000.0
10674673,1,0.0,1.0,0.0,0.0,0.0,0.0,0.0,0.0,1.0,0.0,0.0,0.0,0.0,0.0,0.0,0.0,0.0,1.0,0.1306122448979592,0.1818181818181818,0.0,0.0,0.0,0,0,0,1,0,0,1,0,0.387,0.0,0.00035488926446219606,374000.0
10674675,1,0.0,1.0,0.0,0.0,0.0,0.0,1.0,0.0,0.0,0.0,0.0,0.0,0.0,0.0,0.0,0.0,0.0,1.0,0.36122448979591837,0.36363636363636365,0.0,0.0,0.0,0,2,0,1,0,0,0,0,0.0,0.0,0.0007556298550822985,720000.0
10674689,1,0.0,0.0,1.0,0.0,0.0,0.0,0.0,0.0,0.0,0.0,0.0,1.0,0.0,0.0,0.0,1.0,0.0,0.0,0.15816326530612246,0.2727272727272727,0.18181818181818182,0.0,0.16666666666666666,5,4,0,1,0,0,0,0,0.0,0.0,0.001496587285794067,349000.0
10674684,1,0.0,1.0,0.0,0.0,0.0,0.0,0.0,0.0,1.0,0.0,0.0,0.0,0.0,0.0,0.0,0.0,1.0,0.0,0.09183673469387757,0.09090909090909091,0.09090909090909091,0.0,0.0,2,2,0,1,0,0,0,0,0.0,0.0,4.585132615790647e-05,279000.0
10674690,1,0.0,1.0,0.0,1.0,0.0,0.0,0.0,0.0,0.0,0.0,0.0,0.0,0.0,0.0,0.0,0.0,0.0,1.0,0.1163265306122449,0.1818181818181818,0.09090909090909091,0.0,0.05555555555555555,3,3,0,1,0,0,1,1,0.0,0.0,0.00015130937632109134,319000.0
10674686,0,0.0,1.0,0.0,0.0,0.0,0.0,1.0,0.0,0.0,0.0,0.0,0.0,0.0,0.0,0.0,0.0,0.0,1.0,0.08469387755102042,0.09090909090909091,0.09090909090909091,0.0,0.05555555555555555,0,0,1,1,0,0,0,1,0.0,0.14,0.0,348000.0
10674691,0,0.0,1.0,0.0,1.0,0.0,0.0,0.0,0.0,0.0,0.0,0.0,0.0,0.0,0.0,0.0,0.0,1.0,0.0,0.0673469387755102,0.09090909090909091,0.09090909090909091,0.0,0.05555555555555555,1,3,0,1,0,0,0,1,0.0,0.06,0.0,199000.0
10674693,1,0.0,1.0,0.0,0.0,0.0,1.0,0.0,0.0,0.0,0.0,0.0,0.0,0.0,0.0,1.0,0.0,0.0,0.0,0.09183673469387757,0.1818181818181818,0.18181818181818182,0.0,0.1111111111111111,6,3,0,1,0,0,1,0,0.004,0.0,4.951943225053898e-05,285000.0
10674696,0,1.0,0.0,0.0,0.0,1.0,0.0,0.0,0.0,0.0,0.0,0.0,0.0,0.0,0.0,0.0,1.0,0.0,0.0,0.20408163265306126,0.2727272727272727,0.2727272727272727,0.14285714285714285,0.16666666666666666,0,3,1,1,0,0,0,1,0.0,0.35000000000000003,0.0,1250000.0
10674694,0,0.0,1.0,0.0,1.0,0.0,0.0,0.0,0.0,0.0,0.0,0.0,0.0,0.0,0.0,0.0,0.0,0.0,1.0,0.06326530612244899,0.0,0.09090909090909091,0.0,0.05555555555555555,1,2,0,1,0,0,0,1,0.0,0.02,0.0,170000.0
10674698,1,0.0,0.0,1.0,0.0,0.0,0.0,0.0,0.0,0.0,0.0,0.0,0.0,1.0,0.0,0.0,0.0,0.0,1.0,0.23163265306122452,0.1818181818181818,0.18181818181818182,0.0,0.1111111111111111,0,1,0,1,0,0,1,0,0.0,0.0,0.0010270697059371048,695000.0
10674700,1,0.0,1.0,0.0,0.0,0.0,0.0,1.0,0.0,0.0,0.0,0.0,0.0,0.0,0.0,0.0,0.0,1.0,0.0,0.09387755102040818,0.09090909090909091,0.09090909090909091,0.0,0.1111111111111111,1,2,0,0,0,0,0,1,0.0,0.2,0.00016047964155267263,385000.0
10674699,1,0.0,1.0,0.0,1.0,0.0,0.0,0.0,0.0,0.0,0.0,0.0,0.0,0.0,0.0,0.0,0.0,0.0,1.0,0.5204081632653061,0.4545454545454545,0.2727272727272727,0.0,0.2222222222222222,4,6,0,1,0,0,0,0,0.0,0.0,0.003807494124152553,1085000.0
10674702,1,0.0,1.0,0.0,0.0,0.0,1.0,0.0,0.0,0.0,0.0,0.0,0.0,0.0,0.0,0.0,1.0,0.0,0.0,0.20408163265306126,0.1818181818181818,0.09090909090909091,0.0,0.1111111111111111,1,1,0,0,0,0,1,1,0.4,0.65,0.0007382063511422941,835000.0
10674703,1,0.0,0.0,1.0,0.0,0.0,0.0,0.0,0.0,0.0,0.0,0.0,1.0,0.0,0.0,0.0,0.0,0.0,1.0,0.25510204081632654,0.2727272727272727,0.18181818181818182,0.14285714285714285,0.16666666666666666,1,2,0,1,0,0,1,1,1.0,0.45,0.002567674264842762,790000.0
10674685,1,0.0,1.0,0.0,0.0,0.0,0.0,1.0,0.0,0.0,0.0,0.0,0.0,0.0,0.0,0.0,0.0,0.0,1.0,0.15918367346938778,0.1818181818181818,0.09090909090909091,0.0,0.05555555555555555,0,0,0,1,0,0,1,1,0.085,0.28,0.0,460000.0
10674704,0,0.0,0.0,1.0,0.0,0.0,0.0,0.0,0.0,0.0,0.0,0.0,0.0,1.0,0.0,0.0,0.0,0.0,1.0,0.07346938775510206,0.09090909090909091,0.09090909090909091,0.0,0.05555555555555555,3,0,0,0,0,0,0,0,0.0,0.0,0.0,230000.0
10674707,0,1.0,0.0,0.0,0.0,1.0,0.0,0.0,0.0,0.0,0.0,0.0,0.0,0.0,0.0,0.0,0.0,0.0,1.0,0.04897959183673469,0.09090909090909091,0.0,0.07142857142857142,0.05555555555555555,0,7,0,1,0,0,0,1,0.0,0.0,0.0,265000.0
10674714,1,0.0,1.0,0.0,1.0,0.0,0.0,0.0,0.0,0.0,0.0,0.0,0.0,0.0,0.0,0.0,0.0,0.0,1.0,0.10306122448979593,0.0,0.09090909090909091,0.0,0.05555555555555555,2,5,0,1,0,0,0,0,0.0,0.0,0.00033929981356850786,265000.0
10674715,1,0.0,0.0,1.0,0.0,0.0,0.0,0.0,0.0,0.0,0.0,0.0,1.0,0.0,0.0,0.0,0.0,0.0,1.0,0.14285714285714288,0.1818181818181818,0.09090909090909091,0.0,0.05555555555555555,5,5,0,1,0,0,0,0,0.0,0.0,0.0006565909905812206,125000.0
10674716,1,0.0,0.0,1.0,0.0,0.0,0.0,0.0,0.0,0.0,0.0,0.0,1.0,0.0,0.0,0.0,0.0,0.0,1.0,0.14285714285714288,0.1818181818181818,0.09090909090909091,0.0,0.05555555555555555,5,5,0,1,0,0,0,0,0.0,0.0,0.0006565909905812206,125000.0
10674718,1,0.0,1.0,0.0,0.0,0.0,1.0,0.0,0.0,0.0,0.0,0.0,0.0,0.0,0.0,0.0,0.0,1.0,0.0,0.0979591836734694,0.1818181818181818,0.09090909090909091,0.07142857142857142,0.1111111111111111,2,2,0,0,0,0,0,1,0.0,0.2,8.253238708423164e-05,315000.0
10674720,0,0.0,1.0,0.0,0.0,0.0,0.0,0.0,0.0,0.0,0.0,0.0,0.0,0.0,1.0,0.0,0.0,1.0,0.0,0.059183673469387764,0.09090909090909091,0.09090909090909091,0.0,0.05555555555555555,1,1,1,0,0,0,0,0,0.0,0.0,0.0,249000.0
10674723,1,0.0,1.0,0.0,0.0,0.0,0.0,0.0,0.0,0.0,0.0,0.0,0.0,0.0,1.0,0.0,0.0,0.0,1.0,0.17346938775510207,0.1818181818181818,0.09090909090909091,0.0,0.1111111111111111,3,3,0,0,0,0,1,0,0.335,0.0,0.00041724706803694884,479000.0
10674719,0,0.0,1.0,0.0,0.0,0.0,1.0,0.0,0.0,0.0,0.0,0.0,0.0,0.0,0.0,1.0,0.0,0.0,0.0,0.09183673469387757,0.09090909090909091,0.18181818181818182,0.0,0.1111111111111111,1,0,1,1,0,0,0,1,0.0,0.1,0.0,698000.0
10674728,0,0.0,1.0,0.0,0.0,0.0,1.0,0.0,0.0,0.0,0.0,0.0,0.0,0.0,0.0,1.0,0.0,0.0,0.0,0.09285714285714286,0.09090909090909091,0.09090909090909091,0.0,0.05555555555555555,3,3,1,0,0,0,1,1,0.0,0.0,0.0,475000.0
10674737,1,0.0,1.0,0.0,0.0,0.0,1.0,0.0,0.0,0.0,0.0,0.0,0.0,0.0,0.0,1.0,0.0,0.0,0.0,0.09693877551020408,0.1818181818181818,0.09090909090909091,0.0,0.05555555555555555,3,4,0,0,0,0,0,1,0.0,0.0,5.685564443580402e-05,249000.0
10674732,0,0.0,1.0,0.0,1.0,0.0,0.0,0.0,0.0,0.0,0.0,0.0,0.0,0.0,0.0,0.0,0.0,0.0,1.0,0.1295918367346939,0.1818181818181818,0.0,0.0,0.0,0,0,0,0,0,0,0,0,0.0,0.0,0.0,359000.0
10412594,1,0.0,1.0,0.0,0.0,0.0,0.0,1.0,0.0,0.0,0.0,0.0,0.0,0.0,0.0,0.0,0.0,0.0,1.0,0.1326530612244898,0.09090909090909091,0.09090909090909091,0.0,0.0,0,5,0,0,0,0,0,1,0.0,0.04,0.00028336119565586194,349000.0
10674734,1,0.0,0.0,1.0,0.0,0.0,0.0,0.0,0.0,0.0,0.0,0.0,0.0,1.0,0.0,0.0,0.0,0.0,1.0,0.20408163265306126,0.4545454545454545,0.2727272727272727,0.0,0.16666666666666666,0,5,0,0,0,0,1,0,1.0,0.0,0.0008326600830275815,715000.0
10674744,1,0.0,1.0,0.0,0.0,0.0,0.0,0.0,0.0,0.0,0.0,0.0,0.0,0.0,1.0,0.0,0.0,0.0,1.0,0.18979591836734697,0.1818181818181818,0.18181818181818182,0.0,0.1111111111111111,1,3,0,0,0,0,1,0,0.0,0.0,0.00019532664943268155,489000.0
10674741,1,0.0,1.0,0.0,0.0,0.0,0.0,1.0,0.0,0.0,0.0,0.0,0.0,0.0,0.0,1.0,0.0,0.0,0.0,0.0816326530612245,0.1818181818181818,0.09090909090909091,0.0,0.1111111111111111,0,3,0,0,0,0,1,0,0.082,0.0,0.0001687328802610958,410000.0
10674736,1,0.0,1.0,0.0,0.0,0.0,1.0,0.0,0.0,0.0,0.0,0.0,0.0,0.0,0.0,0.0,1.0,0.0,0.0,0.09693877551020408,0.1818181818181818,0.09090909090909091,0.0,0.05555555555555555,3,4,0,0,0,0,0,1,0.0,0.0,5.685564443580402e-05,249000.0
10674745,0,0.0,1.0,0.0,0.0,0.0,0.0,0.0,0.0,0.0,0.0,0.0,0.0,0.0,1.0,0.0,0.0,0.0,1.0,0.07040816326530613,0.09090909090909091,0.09090909090909091,0.0,0.05555555555555555,3,4,0,0,0,0,0,0,0.0,0.0,0.0,207000.0
10674750,0,1.0,0.0,0.0,0.0,1.0,0.0,0.0,0.0,0.0,0.0,0.0,0.0,0.0,0.0,0.0,0.0,1.0,0.0,0.13775510204081634,0.09090909090909091,0.09090909090909091,0.0,0.1111111111111111,0,5,1,0,0,0,0,1,0.0,0.2,0.0,495000.0
10674753,0,0.0,1.0,0.0,0.0,0.0,1.0,0.0,0.0,0.0,0.0,0.0,0.0,0.0,0.0,0.0,0.0,0.0,1.0,0.40714285714285714,0.1818181818181818,0.09090909090909091,0.0,0.05555555555555555,0,2,0,1,0,0,0,0,0.0,0.0,0.0,695000.0
10674749,1,0.0,1.0,0.0,0.0,0.0,0.0,0.0,0.0,1.0,0.0,0.0,0.0,0.0,0.0,0.0,0.0,0.0,1.0,0.18673469387755104,0.09090909090909091,0.09090909090909091,0.0,0.05555555555555555,3,5,0,0,0,0,1,1,0.518,0.0,0.0005942331870064678,299000.0
10674747,1,0.0,0.0,1.0,0.0,0.0,0.0,0.0,0.0,0.0,1.0,0.0,0.0,0.0,0.0,0.0,0.0,1.0,0.0,0.11734693877551022,0.1818181818181818,0.0,0.07142857142857142,0.05555555555555555,3,7,0,1,0,0,0,1,0.0,0.15,0.0,149000.0
10674754,1,0.0,1.0,0.0,0.0,0.0,1.0,0.0,0.0,0.0,0.0,0.0,0.0,0.0,0.0,0.0,0.0,0.0,1.0,0.20000000000000004,0.2727272727272727,0.18181818181818182,0.0,0.1111111111111111,3,6,0,0,0,0,1,1,0.0,0.0,0.0010105632285202586,399000.0
10674756,0,0.0,1.0,0.0,0.0,0.0,0.0,0.0,0.0,0.0,0.0,0.0,0.0,0.0,1.0,0.0,0.0,0.0,1.0,0.08265306122448982,0.09090909090909091,0.09090909090909091,0.0,0.05555555555555555,0,3,0,0,0,0,1,0,0.0,0.0,0.0,129000.0
10674757,0,0.0,1.0,0.0,0.0,0.0,1.0,0.0,0.0,0.0,0.0,0.0,0.0,0.0,0.0,1.0,0.0,0.0,0.0,0.06632653061224492,0.09090909090909091,0.09090909090909091,0.0,0.05555555555555555,0,0,0,0,0,0,1,0,0.0,0.0,0.0,385000.0
10674760,0,0.0,1.0,0.0,0.0,0.0,1.0,0.0,0.0,0.0,0.0,0.0,0.0,0.0,0.0,0.0,0.0,0.0,1.0,0.07653061224489796,0.09090909090909091,0.09090909090909091,0.0,0.1111111111111111,0,0,0,1,0,0,0,0,0.0,0.0,0.0,315000.0
10674764,1,0.0,0.0,1.0,0.0,0.0,0.0,0.0,0.0,0.0,0.0,0.0,1.0,0.0,0.0,0.0,1.0,0.0,0.0,0.23877551020408164,0.1818181818181818,0.09090909090909091,0.0,0.1111111111111111,1,3,0,1,0,0,0,0,0.0,0.0,0.0010087291754739423,499000.0
10674762,0,0.0,1.0,0.0,1.0,0.0,0.0,0.0,0.0,0.0,0.0,0.0,0.0,0.0,0.0,0.0,0.0,1.0,0.0,0.08469387755102042,0.1818181818181818,0.09090909090909091,0.0,0.05555555555555555,5,2,1,1,0,0,0,1,0.0,0.06,0.0,225000.0
10674759,1,0.0,1.0,0.0,0.0,0.0,0.0,0.0,0.0,0.0,0.0,0.0,0.0,0.0,1.0,0.0,0.0,1.0,0.0,0.15510204081632656,0.36363636363636365,0.09090909090909091,0.0,0.1111111111111111,0,5,0,0,0,0,0,1,0.0,0.0,0.00016781585373793766,395000.0
10674769,0,1.0,0.0,0.0,0.0,1.0,0.0,0.0,0.0,0.0,0.0,0.0,0.0,0.0,0.0,0.0,1.0,0.0,0.0,0.08673469387755103,0.09090909090909091,0.09090909090909091,0.0,0.05555555555555555,3,3,1,1,0,0,0,1,0.0,0.03,0.0,249000.0
10674777,0,0.0,1.0,0.0,0.0,0.0,0.0,0.0,0.0,0.0,0.0,0.0,0.0,0.0,1.0,0.0,0.0,1.0,0.0,0.06122448979591837,0.09090909090909091,0.09090909090909091,0.0,0.05555555555555555,0,0,0,1,0,0,0,1,0.0,0.0,0.0,277500.0
10674774,1,0.0,0.0,1.0,0.0,0.0,0.0,0.0,1.0,0.0,0.0,0.0,0.0,0.0,0.0,0.0,0.0,1.0,0.0,0.2510204081632653,0.2727272727272727,0.09090909090909091,0.07142857142857142,0.1111111111111111,0,2,0,1,0,0,0,0,0.0,0.0,0.0005492988873717194,425000.0
10674766,1,0.0,0.0,1.0,0.0,0.0,0.0,0.0,0.0,0.0,0.0,0.0,1.0,0.0,0.0,0.0,1.0,0.0,0.0,0.17755102040816328,0.2727272727272727,0.18181818181818182,0.0,0.1111111111111111,4,6,0,1,0,0,1,1,0.27,0.0,0.0,210000.0
10674784,1,0.0,1.0,0.0,0.0,0.0,0.0,0.0,0.0,0.0,0.0,0.0,0.0,0.0,1.0,0.0,0.0,0.0,1.0,0.1326530612244898,0.1818181818181818,0.18181818181818182,0.0,0.0,3,5,0,0,0,0,0,0,0.0,0.0,0.00010087291754739423,197000.0
10674775,0,0.0,0.0,1.0,0.0,0.0,0.0,0.0,1.0,0.0,0.0,0.0,0.0,0.0,0.0,0.0,0.0,0.0,1.0,0.22959183673469388,0.09090909090909091,0.09090909090909091,0.0,0.0,2,1,0,1,0,0,0,1,0.0,0.1,0.0,315000.0
10674780,0,0.0,0.0,1.0,0.0,0.0,0.0,0.0,1.0,0.0,0.0,0.0,0.0,0.0,0.0,0.0,0.0,0.0,1.0,0.1489795918367347,0.09090909090909091,0.0,0.0,0.0,0,6,0,1,0,0,0,0,0.0,0.0,0.0,259000.0
10674832,1,0.0,1.0,0.0,0.0,0.0,0.0,1.0,0.0,0.0,0.0,0.0,0.0,0.0,0.0,0.0,0.0,1.0,0.0,0.27040816326530615,0.2727272727272727,0.18181818181818182,0.0,0.1111111111111111,2,3,0,1,0,0,0,1,0.0,0.0,0.0016047964155267264,790000.0
10674828,1,0.0,1.0,0.0,0.0,0.0,0.0,1.0,0.0,0.0,0.0,0.0,0.0,0.0,0.0,0.0,0.0,0.0,1.0,0.29591836734693877,0.36363636363636365,0.2727272727272727,0.0,0.0,2,3,0,1,0,0,0,1,0.0,0.0,0.014486267986328969,1180000.0
10674833,1,0.0,1.0,0.0,0.0,0.0,0.0,1.0,0.0,0.0,0.0,0.0,0.0,0.0,0.0,0.0,0.0,1.0,0.0,0.27040816326530615,0.2727272727272727,0.18181818181818182,0.0,0.1111111111111111,2,3,0,1,0,0,0,1,0.0,0.0,0.0016047964155267264,790000.0
10674823,1,0.0,0.0,1.0,0.0,0.0,0.0,0.0,0.0,0.0,1.0,0.0,0.0,0.0,0.0,1.0,0.0,0.0,0.0,0.09183673469387757,0.2727272727272727,0.09090909090909091,0.0,0.05555555555555555,0,7,0,1,0,0,0,0,0.0,0.0,5.960672400527841e-05,129000.0
10674834,1,0.0,1.0,0.0,0.0,0.0,0.0,1.0,0.0,0.0,0.0,0.0,0.0,0.0,0.0,0.0,0.0,1.0,0.0,0.10204081632653061,0.1818181818181818,0.09090909090909091,0.0,0.1111111111111111,2,5,0,1,0,0,0,1,0.0,0.0,0.00047135163290327846,335000.0
10674829,1,0.0,0.0,1.0,0.0,0.0,0.0,0.0,1.0,0.0,0.0,0.0,0.0,0.0,0.0,0.0,0.0,0.0,1.0,0.29591836734693877,0.36363636363636365,0.2727272727272727,0.0,0.0,2,3,0,1,0,0,0,1,0.0,0.0,0.014486267986328969,1180000.0
10674830,1,0.0,1.0,0.0,0.0,0.0,0.0,1.0,0.0,0.0,0.0,0.0,0.0,0.0,0.0,0.0,0.0,1.0,0.0,0.17346938775510207,0.2727272727272727,0.18181818181818182,0.0,0.1111111111111111,2,3,0,1,0,0,0,1,0.0,0.0,0.0005272902508159244,490000.0
10674831,1,0.0,1.0,0.0,0.0,0.0,0.0,1.0,0.0,0.0,0.0,0.0,0.0,0.0,0.0,0.0,0.0,1.0,0.0,0.17346938775510207,0.2727272727272727,0.18181818181818182,0.0,0.1111111111111111,2,3,0,1,0,0,0,1,0.0,0.0,0.0005272902508159244,490000.0
10674837,1,0.0,1.0,0.0,0.0,0.0,0.0,1.0,0.0,0.0,0.0,0.0,0.0,0.0,0.0,0.0,0.0,0.0,1.0,0.29591836734693877,0.36363636363636365,0.2727272727272727,0.0,0.0,2,3,0,1,0,0,0,1,0.0,0.0,0.014486267986328969,1180000.0
10674840,0,0.0,1.0,0.0,1.0,0.0,0.0,0.0,0.0,0.0,0.0,0.0,0.0,0.0,0.0,0.0,0.0,1.0,0.0,0.051020408163265314,0.09090909090909091,0.09090909090909091,0.0,0.0,4,3,1,0,0,0,0,1,0.0,0.03,0.0,155000.0
10674841,1,0.0,0.0,1.0,0.0,0.0,0.0,0.0,0.0,0.0,0.0,0.0,0.0,1.0,0.0,0.0,0.0,0.0,1.0,0.12244897959183676,0.2727272727272727,0.09090909090909091,0.0,0.05555555555555555,0,4,0,1,0,0,1,0,0.0,0.0,0.0008803454622318042,375000.0
10674843,1,0.0,0.0,1.0,0.0,0.0,0.0,0.0,0.0,0.0,1.0,0.0,0.0,0.0,0.0,0.0,0.0,0.0,1.0,0.1275510204081633,0.1818181818181818,0.09090909090909091,0.0,0.05555555555555555,0,7,0,1,0,0,1,1,0.0,0.0,0.00038973627234220495,180000.0
10674846,0,0.0,1.0,0.0,1.0,0.0,0.0,0.0,0.0,0.0,0.0,0.0,0.0,0.0,0.0,0.0,1.0,0.0,0.0,0.013265306122448979,0.0,0.09090909090909091,0.0,0.05555555555555555,0,2,1,1,0,0,0,1,0.0,0.06,0.0,140000.0
10674842,1,0.0,0.0,1.0,0.0,0.0,0.0,0.0,0.0,0.0,1.0,0.0,0.0,0.0,0.0,0.0,1.0,0.0,0.0,0.10204081632653061,0.1818181818181818,0.0,0.21428571428571427,0.16666666666666666,4,7,0,1,0,0,0,0,0.0,0.0,0.0,245000.0
10674850,1,0.0,1.0,0.0,0.0,0.0,0.0,1.0,0.0,0.0,0.0,0.0,0.0,0.0,0.0,0.0,0.0,0.0,1.0,0.336734693877551,0.1818181818181818,0.18181818181818182,0.0,0.16666666666666666,3,3,0,1,0,0,1,1,0.0,0.0,0.001057331581201323,845000.0
10674851,1,0.0,1.0,0.0,0.0,0.0,0.0,1.0,0.0,0.0,0.0,0.0,0.0,0.0,0.0,0.0,0.0,1.0,0.0,0.15306122448979595,0.1818181818181818,0.09090909090909091,0.0,0.0,3,4,0,0,0,0,0,0,0.0,0.0,0.0008977689661718086,595000.0
10674847,1,0.0,1.0,0.0,1.0,0.0,0.0,0.0,0.0,0.0,0.0,0.0,0.0,0.0,0.0,0.0,0.0,0.0,1.0,0.24693877551020413,0.2727272727272727,0.18181818181818182,0.0,0.0,0,3,0,1,0,0,1,1,0.0,0.0,0.0008711751970002228,795000.0
10674857,1,0.0,1.0,0.0,0.0,0.0,0.0,0.0,0.0,0.0,0.0,0.0,0.0,0.0,1.0,0.0,0.0,1.0,0.0,0.3010204081632653,0.5454545454545454,0.0,0.0,0.0,0,2,0,0,0,0,0,1,0.0,0.4,0.0004126619354211582,621900.0
10674863,0,0.0,1.0,0.0,1.0,0.0,0.0,0.0,0.0,0.0,0.0,0.0,0.0,0.0,0.0,0.0,0.0,0.0,1.0,0.08673469387755103,0.09090909090909091,0.18181818181818182,0.0,0.1111111111111111,2,3,0,1,0,0,1,0,0.075,0.0,0.0,289000.0
10674858,1,0.0,1.0,0.0,0.0,0.0,0.0,0.0,0.0,0.0,0.0,0.0,0.0,0.0,1.0,0.0,0.0,1.0,0.0,0.16836734693877553,0.1818181818181818,0.0,0.0,0.0,0,6,0,0,0,0,0,1,0.0,0.0,0.00026043553257690873,230000.0
10674864,0,0.0,1.0,0.0,1.0,0.0,0.0,0.0,0.0,0.0,0.0,0.0,0.0,0.0,0.0,0.0,0.0,0.0,1.0,0.10714285714285715,0.1818181818181818,0.09090909090909091,0.0,0.05555555555555555,2,2,1,1,0,0,0,1,0.0,0.0,0.0,379000.0
10674860,0,0.0,1.0,0.0,1.0,0.0,0.0,0.0,0.0,0.0,0.0,0.0,0.0,0.0,0.0,0.0,0.0,1.0,0.0,0.07448979591836735,0.09090909090909091,0.09090909090909091,0.0,0.05555555555555555,1,0,1,0,0,0,0,1,0.0,0.06,0.0,226000.0
10674852,0,1.0,0.0,0.0,0.0,1.0,0.0,0.0,0.0,0.0,0.0,0.0,0.0,0.0,0.0,0.0,1.0,0.0,0.0,0.05204081632653062,0.0,0.09090909090909091,0.0,0.0,4,4,0,1,0,0,0,0,0.0,0.0,0.0,229000.0
10674865,0,0.0,1.0,0.0,1.0,0.0,0.0,0.0,0.0,0.0,0.0,0.0,0.0,0.0,0.0,0.0,0.0,0.0,1.0,0.07448979591836735,0.09090909090909091,0.09090909090909091,0.0,0.05555555555555555,2,2,1,1,0,0,0,0,0.0,0.0,0.0,239000.0
10674868,1,0.0,1.0,0.0,0.0,0.0,1.0,0.0,0.0,0.0,0.0,0.0,0.0,0.0,0.0,0.0,0.0,0.0,1.0,0.2530612244897959,0.1818181818181818,0.09090909090909091,0.0,0.1111111111111111,0,3,0,1,0,0,0,0,0.0,0.0,0.0010325718650760537,449000.0
10674869,0,0.0,1.0,0.0,0.0,0.0,1.0,0.0,0.0,0.0,0.0,0.0,0.0,0.0,0.0,0.0,0.0,1.0,0.0,0.09489795918367347,0.1818181818181818,0.09090909090909091,0.0,0.05555555555555555,0,2,1,1,0,0,0,0,0.0,0.0,0.0,273500.0
10674872,0,1.0,0.0,0.0,0.0,1.0,0.0,0.0,0.0,0.0,0.0,0.0,0.0,0.0,0.0,1.0,0.0,0.0,0.0,0.07448979591836735,0.09090909090909091,0.09090909090909091,0.07142857142857142,0.1111111111111111,3,2,1,1,0,0,0,1,0.0,0.15,0.0,450000.0
10674874,0,1.0,0.0,0.0,0.0,1.0,0.0,0.0,0.0,0.0,0.0,0.0,0.0,0.0,0.0,0.0,1.0,0.0,0.0,0.10714285714285715,0.09090909090909091,0.0,0.0,0.05555555555555555,1,0,0,0,0,0,0,1,0.0,0.0,0.0,550000.0
10674867,1,0.0,1.0,0.0,0.0,0.0,1.0,0.0,0.0,0.0,0.0,0.0,0.0,0.0,0.0,0.0,0.0,1.0,0.0,0.13571428571428573,0.1818181818181818,0.09090909090909091,0.0,0.05555555555555555,0,5,0,1,0,0,0,0,0.0,0.0,0.00010087291754739423,225000.0
10674881,0,0.0,1.0,0.0,1.0,0.0,0.0,0.0,0.0,0.0,0.0,0.0,0.0,0.0,0.0,0.0,1.0,0.0,0.0,0.163265306122449,0.1818181818181818,0.18181818181818182,0.0,0.16666666666666666,2,2,0,1,0,0,1,1,0.034,0.0,0.0,580000.0
10674878,0,0.0,1.0,0.0,0.0,0.0,0.0,0.0,0.0,0.0,0.0,0.0,0.0,0.0,1.0,0.0,0.0,0.0,1.0,0.018367346938775515,0.0,0.09090909090909091,0.0,0.05555555555555555,0,0,1,1,0,0,0,0,0.0,0.0,0.0,235000.0
10674886,0,0.0,1.0,0.0,1.0,0.0,0.0,0.0,0.0,0.0,0.0,0.0,0.0,0.0,0.0,0.0,1.0,0.0,0.0,0.025510204081632654,0.0,0.09090909090909091,0.07142857142857142,0.05555555555555555,1,2,1,0,0,0,0,1,0.0,0.12,0.0,212000.0
10674882,0,0.0,1.0,0.0,1.0,0.0,0.0,0.0,0.0,0.0,0.0,0.0,0.0,0.0,0.0,0.0,1.0,0.0,0.0,0.08979591836734696,0.1818181818181818,0.09090909090909091,0.0,0.05555555555555555,2,2,0,1,0,0,0,0,0.0,0.0,0.0,249000.0
10674888,1,0.0,0.0,1.0,0.0,0.0,0.0,0.0,1.0,0.0,0.0,0.0,0.0,0.0,0.0,0.0,0.0,1.0,0.0,0.11224489795918369,0.2727272727272727,0.09090909090909091,0.0,0.1111111111111111,0,1,0,1,0,0,1,1,0.0,0.0,0.00010545805016318488,235000.0
10674897,0,0.0,1.0,0.0,1.0,0.0,0.0,0.0,0.0,0.0,0.0,0.0,0.0,0.0,0.0,1.0,0.0,0.0,0.0,0.07346938775510206,0.1818181818181818,0.09090909090909091,0.0,0.05555555555555555,3,0,1,0,0,0,0,1,0.0,0.05,0.0,385000.0
10674906,1,0.0,1.0,0.0,0.0,0.0,0.0,1.0,0.0,0.0,0.0,0.0,0.0,0.0,0.0,0.0,0.0,1.0,0.0,0.3510204081632653,0.2727272727272727,0.09090909090909091,0.0,0.1111111111111111,3,4,0,0,0,0,0,0,0.0,0.0,0.0007537958020359824,499000.0
10674907,1,0.0,1.0,0.0,0.0,0.0,0.0,1.0,0.0,0.0,0.0,0.0,0.0,0.0,0.0,0.0,0.0,0.0,1.0,0.16122448979591839,0.2727272727272727,0.09090909090909091,0.0,0.1111111111111111,3,2,0,0,0,0,0,0,0.0,0.0,6.419185662106905e-05,299000.0
10674905,1,0.0,1.0,0.0,1.0,0.0,0.0,0.0,0.0,0.0,0.0,0.0,0.0,0.0,0.0,0.0,0.0,1.0,0.0,0.12244897959183676,0.1818181818181818,0.18181818181818182,0.0,0.0,2,0,0,0,0,1,0,0,0.0,0.0,0.0,529000.0
10674914,1,0.0,1.0,0.0,0.0,0.0,1.0,0.0,0.0,0.0,0.0,0.0,0.0,0.0,0.0,0.0,0.0,1.0,0.0,0.1602040816326531,0.1818181818181818,0.09090909090909091,0.0,0.1111111111111111,5,5,0,1,0,0,0,1,0.0,0.19,0.00011921344801055682,189000.0
10674916,0,0.0,0.0,1.0,0.0,0.0,0.0,0.0,0.0,0.0,1.0,0.0,0.0,0.0,0.0,0.0,0.0,0.0,1.0,0.08469387755102042,0.09090909090909091,0.0,0.07142857142857142,0.05555555555555555,3,3,0,1,0,0,0,1,0.0,0.01,0.0,159000.0
10674918,1,0.0,0.0,1.0,0.0,0.0,0.0,0.0,0.0,0.0,1.0,0.0,0.0,0.0,0.0,0.0,0.0,0.0,1.0,0.10204081632653061,0.1818181818181818,0.0,0.07142857142857142,0.05555555555555555,3,6,0,1,0,0,1,1,0.8310000000000001,0.2,0.000780389571207568,279000.0
10674920,0,0.0,1.0,0.0,0.0,0.0,0.0,0.0,0.0,0.0,0.0,0.0,0.0,0.0,1.0,0.0,0.0,0.0,1.0,0.04081632653061225,0.0,0.09090909090909091,0.0,0.0,0,0,1,1,0,0,0,1,0.0,0.0,0.0,245000.0
10674922,1,0.0,1.0,0.0,0.0,0.0,0.0,1.0,0.0,0.0,0.0,0.0,0.0,0.0,0.0,0.0,0.0,1.0,0.0,0.2663265306122449,0.1818181818181818,0.09090909090909091,0.0,0.1111111111111111,6,3,0,1,0,0,0,0,0.0,0.0,0.10454102364002675,1700000.0
10674944,0,0.0,1.0,0.0,0.0,0.0,0.0,0.0,0.0,0.0,0.0,0.0,0.0,0.0,1.0,0.0,0.0,1.0,0.0,0.05612244897959184,0.09090909090909091,0.09090909090909091,0.0,0.05555555555555555,3,4,0,1,0,0,0,0,0.0,0.0,0.0,139000.0
10674928,1,0.0,1.0,0.0,1.0,0.0,0.0,0.0,0.0,0.0,0.0,0.0,0.0,0.0,0.0,0.0,0.0,0.0,1.0,0.16938775510204085,0.2727272727272727,0.18181818181818182,0.0,0.0,1,4,0,0,0,0,1,1,0.073,0.0,0.00019899475552531408,379000.0
10674940,1,0.0,0.0,1.0,0.0,0.0,0.0,0.0,1.0,0.0,0.0,0.0,0.0,0.0,0.0,0.0,0.0,1.0,0.0,0.1,0.09090909090909091,0.09090909090909091,0.0,0.05555555555555555,0,0,0,0,0,0,1,1,0.112,0.4,0.0002063309677105791,190000.0
10674926,1,0.0,1.0,0.0,0.0,0.0,0.0,0.0,0.0,0.0,0.0,0.0,0.0,0.0,1.0,0.0,0.0,0.0,1.0,0.1275510204081633,0.1818181818181818,0.09090909090909091,0.0,0.0,3,5,0,1,0,0,0,0,0.0,0.0,0.000503447561213813,249000.0
10674927,1,0.0,0.0,1.0,0.0,0.0,0.0,0.0,0.0,0.0,1.0,0.0,0.0,0.0,0.0,0.0,0.0,1.0,0.0,0.15510204081632656,0.1818181818181818,0.09090909090909091,0.07142857142857142,0.1111111111111111,4,0,0,0,0,0,0,1,0.0,0.06,5.135348529685524e-05,189000.0
10674945,0,0.0,1.0,0.0,0.0,0.0,0.0,0.0,0.0,0.0,0.0,0.0,0.0,0.0,1.0,0.0,0.0,1.0,0.0,0.0653061224489796,0.09090909090909091,0.09090909090909091,0.0,0.0,0,2,0,1,0,0,0,1,0.0,0.0,0.0,360000.0
10674946,0,0.0,1.0,0.0,0.0,0.0,0.0,0.0,0.0,0.0,0.0,0.0,0.0,0.0,1.0,0.0,0.0,1.0,0.0,0.08061224489795918,0.1818181818181818,0.18181818181818182,0.0,0.0,0,3,0,1,0,0,0,1,0.0,0.0,0.0,399000.0
10674951,1,0.0,1.0,0.0,0.0,0.0,1.0,0.0,0.0,0.0,0.0,0.0,0.0,0.0,0.0,0.0,0.0,1.0,0.0,0.08877551020408164,0.09090909090909091,0.09090909090909091,0.0,0.0,4,6,0,0,0,0,1,0,0.0,0.0,6.87769892368597e-05,199000.0
10674953,1,0.0,1.0,0.0,0.0,0.0,1.0,0.0,0.0,0.0,0.0,0.0,0.0,0.0,0.0,0.0,0.0,1.0,0.0,0.2112244897959184,0.2727272727272727,0.09090909090909091,0.0,0.1111111111111111,0,4,0,1,0,0,0,0,0.0,0.0,0.0019367600169099691,695000.0
10674960,0,0.0,1.0,0.0,1.0,0.0,0.0,0.0,0.0,0.0,0.0,0.0,0.0,0.0,0.0,0.0,0.0,0.0,1.0,0.12346938775510205,0.1818181818181818,0.09090909090909091,0.0,0.05555555555555555,1,3,1,0,0,0,1,1,0.11,0.35000000000000003,0.0,495000.0
10674962,1,0.0,1.0,0.0,0.0,0.0,0.0,0.0,0.0,0.0,0.0,0.0,0.0,0.0,1.0,0.0,0.0,0.0,1.0,0.10204081632653061,0.2727272727272727,0.09090909090909091,0.0,0.05555555555555555,4,6,0,0,0,0,0,0,0.0,0.0,0.00014947532327477507,169000.0
10674967,1,0.0,0.0,1.0,0.0,0.0,0.0,0.0,1.0,0.0,0.0,0.0,0.0,0.0,0.0,0.0,0.0,0.0,1.0,0.11530612244897961,0.1818181818181818,0.09090909090909091,0.0,0.05555555555555555,1,0,0,0,0,0,1,0,0.0,0.0,0.0005584691526033008,285000.0
10674957,1,0.0,1.0,0.0,0.0,0.0,1.0,0.0,0.0,0.0,0.0,0.0,0.0,0.0,0.0,0.0,1.0,0.0,0.0,0.2755102040816327,0.2727272727272727,0.09090909090909091,0.0,0.16666666666666666,0,4,0,1,0,0,0,0,0.0,0.0,0.003154571239663965,879000.0
10674969,1,0.0,1.0,0.0,0.0,0.0,0.0,0.0,0.0,0.0,0.0,0.0,0.0,0.0,1.0,0.0,0.0,0.0,1.0,0.163265306122449,0.2727272727272727,0.09090909090909091,0.0,0.1111111111111111,5,6,0,1,0,0,0,1,0.0,0.0,0.0007336212185265035,297000.0
10674975,1,1.0,0.0,0.0,0.0,1.0,0.0,0.0,0.0,0.0,0.0,0.0,0.0,0.0,0.0,0.0,1.0,0.0,0.0,0.46938775510204084,0.9999999999999999,0.0,0.0,0.0,0,0,0,0,0,0,0,1,0.0,0.0,0.0007006082636928108,1200000.0
10674977,0,0.0,1.0,0.0,0.0,0.0,1.0,0.0,0.0,0.0,0.0,0.0,0.0,0.0,0.0,0.0,0.0,0.0,1.0,0.09387755102040818,0.09090909090909091,0.09090909090909091,0.0,0.1111111111111111,1,3,1,0,0,0,1,1,0.0,0.0,0.0,289000.0
10674981,0,0.0,0.0,1.0,0.0,0.0,0.0,0.0,0.0,0.0,0.0,0.0,1.0,0.0,0.0,0.0,1.0,0.0,0.0,0.07755102040816328,0.09090909090909091,0.0,0.07142857142857142,0.05555555555555555,2,0,0,0,0,0,1,0,0.3,0.0,0.0,210000.0
10674982,0,0.0,0.0,1.0,0.0,0.0,0.0,0.0,0.0,0.0,0.0,0.0,0.0,1.0,0.0,0.0,0.0,0.0,1.0,0.04795918367346939,0.0,0.09090909090909091,0.0,0.05555555555555555,1,0,0,0,0,0,0,1,0.0,0.02,0.0,290000.0
10674979,1,0.0,1.0,0.0,0.0,0.0,0.0,0.0,0.0,0.0,0.0,0.0,0.0,0.0,1.0,0.0,0.0,0.0,1.0,0.14285714285714288,0.36363636363636365,0.09090909090909091,0.0,0.0,0,5,0,0,0,0,1,1,0.0,0.0,0.00017973719853899334,139000.0
10674986,1,0.0,1.0,0.0,0.0,0.0,0.0,0.0,0.0,0.0,0.0,0.0,0.0,0.0,1.0,0.0,0.0,0.0,1.0,0.17142857142857146,0.2727272727272727,0.09090909090909091,0.0,0.0,5,5,0,0,0,0,1,0,0.39,0.0,0.0005960672400527841,245000.0
10674980,0,0.0,1.0,0.0,0.0,0.0,0.0,0.0,0.0,0.0,0.0,0.0,0.0,0.0,1.0,0.0,0.0,1.0,0.0,0.051020408163265314,0.09090909090909091,0.09090909090909091,0.07142857142857142,0.05555555555555555,3,4,0,0,0,0,0,1,0.0,0.0,0.0,169000.0
10674985,1,0.0,0.0,1.0,0.0,0.0,0.0,0.0,1.0,0.0,0.0,0.0,0.0,0.0,0.0,0.0,0.0,1.0,0.0,0.1112244897959184,0.1818181818181818,0.09090909090909091,0.0,0.05555555555555555,0,0,0,0,0,0,1,1,0.115,0.24,0.00022375447165058355,225000.0
10674984,0,0.0,1.0,0.0,0.0,0.0,0.0,0.0,0.0,0.0,0.0,0.0,0.0,0.0,1.0,0.0,0.0,1.0,0.0,0.04591836734693878,0.0,0.09090909090909091,0.0,0.05555555555555555,0,3,1,0,0,0,0,1,0.0,0.0,0.0,330000.0
10674992,0,0.0,1.0,0.0,0.0,0.0,0.0,0.0,0.0,0.0,0.0,0.0,0.0,0.0,1.0,0.0,0.0,0.0,1.0,0.051020408163265314,0.1818181818181818,0.09090909090909091,0.0,0.1111111111111111,0,2,1,0,0,0,0,1,0.0,0.0,0.0,349000.0
10674989,1,0.0,1.0,0.0,0.0,0.0,0.0,0.0,0.0,0.0,0.0,0.0,0.0,0.0,1.0,0.0,0.0,0.0,1.0,0.23367346938775516,0.36363636363636365,0.09090909090909091,0.0,0.16666666666666666,5,5,0,0,0,0,0,0,0.0,0.0,0.0002375098694979555,199000.0
10674988,0,0.0,1.0,0.0,0.0,0.0,0.0,0.0,0.0,0.0,0.0,0.0,0.0,0.0,1.0,0.0,0.0,0.0,1.0,0.13877551020408166,0.1818181818181818,0.09090909090909091,0.0,0.1111111111111111,0,3,1,0,0,0,0,1,0.0,0.1,0.0,485000.0
10674995,0,0.0,1.0,0.0,0.0,0.0,0.0,0.0,0.0,0.0,0.0,0.0,0.0,0.0,1.0,0.0,0.0,1.0,0.0,0.05306122448979592,0.09090909090909091,0.09090909090909091,0.0,0.05555555555555555,1,2,1,0,0,0,0,1,0.0,0.0,0.0,189000.0
10674990,1,0.0,1.0,0.0,0.0,0.0,0.0,0.0,0.0,0.0,0.0,0.0,0.0,0.0,1.0,0.0,0.0,0.0,1.0,0.1489795918367347,0.36363636363636365,0.18181818181818182,0.0,0.1111111111111111,4,4,0,0,0,0,0,0,0.0,0.0,0.00015589450893688199,249000.0
10675002,0,0.0,1.0,0.0,1.0,0.0,0.0,0.0,0.0,0.0,0.0,0.0,0.0,0.0,0.0,0.0,0.0,0.0,1.0,0.08979591836734696,0.09090909090909091,0.09090909090909091,0.0,0.05555555555555555,3,1,0,0,0,0,0,1,0.0,0.12,0.0,405000.0
10675000,1,0.0,1.0,0.0,0.0,0.0,0.0,0.0,0.0,0.0,0.0,0.0,0.0,0.0,1.0,0.0,0.0,0.0,1.0,0.11530612244897961,0.09090909090909091,0.09090909090909091,0.0,0.05555555555555555,3,6,0,0,0,0,0,0,0.0,0.0,0.0005960672400527841,149000.0
10675013,1,0.0,1.0,0.0,0.0,0.0,1.0,0.0,0.0,0.0,0.0,0.0,0.0,0.0,0.0,0.0,0.0,0.0,1.0,0.1326530612244898,0.1818181818181818,0.09090909090909091,0.0,0.0,1,4,0,0,0,0,0,1,0.0,0.23,0.00016781585373793766,275000.0
10675004,0,0.0,1.0,0.0,0.0,0.0,0.0,0.0,0.0,0.0,0.0,0.0,0.0,0.0,1.0,0.0,0.0,0.0,1.0,0.06122448979591837,0.09090909090909091,0.18181818181818182,0.0,0.0,0,0,1,0,0,0,0,1,0.0,0.0,0.0,262500.0
10675008,0,0.0,1.0,0.0,0.0,0.0,0.0,0.0,0.0,0.0,0.0,0.0,0.0,0.0,1.0,0.0,0.0,0.0,1.0,0.02755102040816327,0.0,0.0,0.0,0.05555555555555555,1,2,1,0,0,0,0,1,0.0,0.02,0.0,229000.0
10675005,1,0.0,1.0,0.0,0.0,0.0,0.0,0.0,0.0,1.0,0.0,0.0,0.0,0.0,0.0,0.0,0.0,0.0,1.0,0.12244897959183676,0.1818181818181818,0.09090909090909091,0.0,0.1111111111111111,3,0,0,0,0,0,1,0,0.755,0.0,0.0,349000.0
10675006,0,0.0,1.0,0.0,0.0,0.0,0.0,0.0,0.0,0.0,0.0,0.0,0.0,0.0,1.0,0.0,0.0,1.0,0.0,0.06836734693877553,0.1818181818181818,0.09090909090909091,0.0,0.1111111111111111,0,2,1,0,0,0,0,1,0.0,0.0,0.0,799000.0
10675016,1,0.0,1.0,0.0,0.0,0.0,0.0,0.0,0.0,0.0,0.0,0.0,0.0,0.0,1.0,0.0,0.0,0.0,1.0,0.020408163265306124,0.0,0.09090909090909091,0.0,0.05555555555555555,4,5,0,0,0,0,0,1,0.0,0.0,1.8340530463162586e-05,139000.0
10675014,1,0.0,1.0,0.0,0.0,0.0,1.0,0.0,0.0,0.0,0.0,0.0,0.0,0.0,0.0,0.0,0.0,1.0,0.0,0.1326530612244898,0.1818181818181818,0.09090909090909091,0.0,0.05555555555555555,1,3,0,0,0,0,0,1,0.0,0.06,0.00016506477416846328,349000.0
10675018,0,0.0,1.0,0.0,0.0,0.0,0.0,0.0,0.0,0.0,0.0,0.0,0.0,0.0,1.0,0.0,0.0,0.0,1.0,0.07857142857142857,0.09090909090909091,0.18181818181818182,0.0,0.1111111111111111,0,0,1,0,0,0,1,1,0.0,0.0,0.0,350750.0
10675019,1,0.0,1.0,0.0,0.0,0.0,0.0,0.0,0.0,0.0,0.0,0.0,0.0,0.0,1.0,0.0,0.0,0.0,1.0,0.23877551020408164,0.36363636363636365,0.09090909090909091,0.0,0.1111111111111111,1,4,0,0,0,0,1,1,0.0,0.0,0.0001430561376126682,240000.0
10675017,1,0.0,1.0,0.0,0.0,0.0,0.0,0.0,0.0,0.0,0.0,0.0,0.0,0.0,1.0,0.0,0.0,1.0,0.0,0.3775510204081633,0.2727272727272727,0.2727272727272727,0.0,0.0,0,1,0,0,0,0,1,1,0.0,0.0,0.0008895157274633854,1350000.0
10675020,0,0.0,1.0,0.0,0.0,0.0,0.0,0.0,0.0,0.0,0.0,0.0,0.0,0.0,1.0,0.0,0.0,0.0,1.0,0.06122448979591837,0.09090909090909091,0.18181818181818182,0.0,0.05555555555555555,0,0,1,0,0,0,0,1,0.0,0.0,0.0,262500.0
10675024,1,0.0,1.0,0.0,1.0,0.0,0.0,0.0,0.0,0.0,0.0,0.0,0.0,0.0,0.0,0.0,1.0,0.0,0.0,0.20102040816326533,0.1818181818181818,0.18181818181818182,0.0,0.1111111111111111,1,2,0,0,0,0,0,1,0.0,0.0,0.0004199981476064232,575000.0
10675026,1,0.0,1.0,0.0,0.0,0.0,0.0,0.0,0.0,0.0,0.0,0.0,0.0,0.0,1.0,0.0,0.0,0.0,1.0,0.20510204081632655,0.2727272727272727,0.09090909090909091,0.0,0.1111111111111111,0,5,0,0,0,0,1,1,0.0,0.0,0.0007244509532949221,475000.0
10675027,0,0.0,1.0,0.0,0.0,0.0,0.0,1.0,0.0,0.0,0.0,0.0,0.0,0.0,0.0,0.0,0.0,0.0,1.0,0.059183673469387764,0.09090909090909091,0.09090909090909091,0.0,0.05555555555555555,1,0,0,0,0,0,1,0,0.17,0.0,0.0,324000.0
10675022,0,0.0,1.0,0.0,0.0,0.0,0.0,0.0,0.0,0.0,0.0,0.0,0.0,0.0,1.0,0.0,0.0,1.0,0.0,0.10204081632653061,0.09090909090909091,0.09090909090909091,0.0,0.05555555555555555,1,3,1,0,0,0,1,1,0.0,0.8,0.0,279000.0
10675028,1,0.0,1.0,0.0,0.0,0.0,1.0,0.0,0.0,0.0,0.0,0.0,0.0,0.0,0.0,0.0,0.0,1.0,0.0,0.15204081632653063,0.1818181818181818,0.09090909090909091,0.0,0.1111111111111111,2,3,0,0,0,0,0,0,0.0,0.0,0.00017423503940004458,369000.0
10675025,1,0.0,1.0,0.0,1.0,0.0,0.0,0.0,0.0,0.0,0.0,0.0,0.0,0.0,0.0,0.0,0.0,0.0,1.0,0.2479591836734694,0.1818181818181818,0.09090909090909091,0.0,0.1111111111111111,4,4,0,0,0,0,0,1,0.0,0.0,0.000453928128963274,399000.0
10675030,1,0.0,1.0,0.0,0.0,0.0,0.0,0.0,0.0,0.0,0.0,0.0,0.0,0.0,1.0,0.0,0.0,0.0,1.0,0.18673469387755104,0.2727272727272727,0.0,0.0,0.0,5,6,0,0,0,0,0,0,0.0,0.0,0.0002659376917158575,185000.0
10675037,1,0.0,1.0,0.0,0.0,0.0,1.0,0.0,0.0,0.0,0.0,0.0,0.0,0.0,0.0,0.0,0.0,0.0,1.0,0.23979591836734696,0.36363636363636365,0.09090909090909091,0.0,0.1111111111111111,1,3,0,0,0,0,1,1,0.0,0.0,0.0014516529861593188,460000.0
10675039,1,0.0,1.0,0.0,0.0,0.0,1.0,0.0,0.0,0.0,0.0,0.0,0.0,0.0,0.0,0.0,0.0,0.0,1.0,0.1510204081632653,0.1818181818181818,0.09090909090909091,0.0,0.0,4,5,0,0,0,0,1,1,0.0,0.0,0.00047135163290327846,308000.0
10675044,1,0.0,1.0,0.0,0.0,0.0,0.0,0.0,0.0,0.0,0.0,0.0,0.0,0.0,1.0,0.0,0.0,1.0,0.0,0.12244897959183676,0.1818181818181818,0.18181818181818182,0.0,0.0,2,4,0,0,0,0,1,0,0.0,0.0,7.427914837580848e-05,260000.0
10675047,1,0.0,1.0,0.0,1.0,0.0,0.0,0.0,0.0,0.0,0.0,0.0,0.0,0.0,0.0,0.0,0.0,1.0,0.0,0.17346938775510207,0.1818181818181818,0.09090909090909091,0.0,0.1111111111111111,5,6,0,1,0,0,1,1,0.0,0.0,9.628778493160358e-05,175000.0
10675051,0,0.0,1.0,0.0,0.0,0.0,1.0,0.0,0.0,0.0,0.0,0.0,0.0,0.0,0.0,0.0,0.0,1.0,0.0,0.07653061224489796,0.09090909090909091,0.09090909090909091,0.0,0.05555555555555555,1,3,1,0,0,0,1,1,0.0,0.06,0.0,349000.0
10675052,1,0.0,1.0,0.0,0.0,0.0,1.0,0.0,0.0,0.0,0.0,0.0,0.0,0.0,0.0,0.0,0.0,0.0,1.0,0.11734693877551022,0.09090909090909091,0.09090909090909091,0.0,0.05555555555555555,5,5,0,0,0,0,1,1,0.35000000000000003,0.0,0.0004520940759169578,229000.0
10675054,1,0.0,1.0,0.0,0.0,0.0,1.0,0.0,0.0,0.0,0.0,0.0,0.0,0.0,0.0,0.0,0.0,1.0,0.0,0.15000000000000002,0.1818181818181818,0.09090909090909091,0.0,0.05555555555555555,4,6,0,0,0,0,1,1,0.0,0.14,0.00017973719853899334,299000.0
10675053,1,0.0,1.0,0.0,0.0,0.0,1.0,0.0,0.0,0.0,0.0,0.0,0.0,0.0,0.0,0.0,0.0,1.0,0.0,0.06224489795918368,0.09090909090909091,0.09090909090909091,0.0,0.05555555555555555,0,3,0,0,0,0,1,1,0.168,0.07,0.000368644662309568,339000.0
10675055,0,0.0,1.0,0.0,1.0,0.0,0.0,0.0,0.0,0.0,0.0,0.0,0.0,0.0,0.0,0.0,0.0,1.0,0.0,0.13367346938775512,0.1818181818181818,0.09090909090909091,0.0,0.1111111111111111,2,2,0,1,0,0,0,1,0.0,0.0,0.0,390000.0
10675059,1,0.0,1.0,0.0,0.0,0.0,0.0,0.0,0.0,0.0,0.0,0.0,0.0,0.0,1.0,0.0,0.0,0.0,1.0,0.05408163265306123,0.1818181818181818,0.09090909090909091,0.0,0.05555555555555555,1,5,0,0,0,0,1,0,0.1,0.0,0.0001430561376126682,249000.0
10675056,1,0.0,0.0,1.0,0.0,0.0,0.0,0.0,1.0,0.0,0.0,0.0,0.0,0.0,0.0,0.0,0.0,0.0,1.0,0.10816326530612247,0.1818181818181818,0.09090909090909091,0.0,0.1111111111111111,0,0,0,0,0,0,0,0,0.0,0.0,0.0004447578637316927,339900.0
10675057,1,0.0,1.0,0.0,0.0,0.0,1.0,0.0,0.0,0.0,0.0,0.0,0.0,0.0,0.0,0.0,0.0,0.0,1.0,0.326530612244898,0.1818181818181818,0.09090909090909091,0.0,0.05555555555555555,1,2,0,0,0,0,0,1,0.0,0.0,0.0003649765562169355,365000.0
10675073,1,0.0,1.0,0.0,1.0,0.0,0.0,0.0,0.0,0.0,0.0,0.0,0.0,0.0,0.0,0.0,0.0,0.0,1.0,0.19387755102040818,0.2727272727272727,0.09090909090909091,0.07142857142857142,0.16666666666666666,2,0,0,0,0,0,0,0,0.0,0.0,0.0008986859926949668,849000.0
10675068,0,0.0,1.0,0.0,0.0,0.0,0.0,0.0,0.0,0.0,0.0,0.0,0.0,0.0,1.0,0.0,0.0,1.0,0.0,0.07653061224489796,0.09090909090909091,0.09090909090909091,0.0,0.0,0,0,1,0,0,0,0,1,0.0,0.0,0.0,294900.0
10675097,0,0.0,1.0,0.0,1.0,0.0,0.0,0.0,0.0,0.0,0.0,0.0,0.0,0.0,0.0,0.0,0.0,1.0,0.0,0.06632653061224492,0.0,0.09090909090909091,0.0,0.05555555555555555,1,4,0,0,0,0,1,1,0.0,0.0,0.0,189000.0
10675100,1,0.0,1.0,0.0,0.0,0.0,1.0,0.0,0.0,0.0,0.0,0.0,0.0,0.0,0.0,0.0,0.0,0.0,1.0,0.15816326530612246,0.1818181818181818,0.09090909090909091,0.0,0.1111111111111111,4,6,0,0,0,0,1,0,0.0,0.0,0.00029803362002639206,319900.0
10675098,0,0.0,1.0,0.0,0.0,0.0,1.0,0.0,0.0,0.0,0.0,0.0,0.0,0.0,0.0,0.0,1.0,0.0,0.0,0.06326530612244899,0.0,0.09090909090909091,0.0,0.05555555555555555,3,2,0,0,0,0,0,0,0.0,0.0,0.0,249000.0
10675105,0,0.0,1.0,0.0,1.0,0.0,0.0,0.0,0.0,0.0,0.0,0.0,0.0,0.0,0.0,0.0,0.0,0.0,1.0,0.07346938775510206,0.09090909090909091,0.09090909090909091,0.0,0.0,3,2,1,0,0,0,0,1,0.0,0.04,0.0,280000.0
10675110,1,0.0,1.0,0.0,0.0,0.0,0.0,1.0,0.0,0.0,0.0,0.0,0.0,0.0,0.0,0.0,1.0,0.0,0.0,0.13877551020408166,0.1818181818181818,0.09090909090909091,0.0,0.0,3,3,0,0,0,0,1,0,0.0,0.0,0.00016506477416846328,395000.0
10675111,1,0.0,1.0,0.0,0.0,0.0,1.0,0.0,0.0,0.0,0.0,0.0,0.0,0.0,0.0,0.0,0.0,0.0,1.0,0.3479591836734694,0.1818181818181818,0.2727272727272727,0.0,0.05555555555555555,1,4,0,0,0,0,0,0,0.0,0.0,0.0016359753173141027,665000.0
10675113,1,0.0,1.0,0.0,0.0,0.0,1.0,0.0,0.0,0.0,0.0,0.0,0.0,0.0,0.0,1.0,0.0,0.0,0.0,0.18775510204081636,0.1818181818181818,0.2727272727272727,0.0,0.16666666666666666,2,3,0,0,0,0,1,0,0.05,0.0,8.711751970002229e-05,525000.0
10675118,0,0.0,1.0,0.0,0.0,0.0,0.0,0.0,0.0,0.0,0.0,0.0,0.0,0.0,1.0,0.0,0.0,1.0,0.0,0.1459183673469388,0.1818181818181818,0.18181818181818182,0.0,0.0,1,1,1,1,0,0,1,1,0.0,0.0,0.0,4295000.0
10675120,0,0.0,1.0,0.0,0.0,0.0,0.0,0.0,0.0,0.0,0.0,0.0,0.0,0.0,1.0,0.0,0.0,1.0,0.0,0.08469387755102042,0.1818181818181818,0.18181818181818182,0.0,0.0,1,1,1,0,0,0,0,1,0.0,0.0,0.0,1250000.0
10675115,0,0.0,1.0,0.0,0.0,0.0,1.0,0.0,0.0,0.0,0.0,0.0,0.0,0.0,0.0,0.0,0.0,0.0,1.0,0.07653061224489796,0.09090909090909091,0.0,0.0,0.0,4,5,0,0,0,0,0,0,0.0,0.0,0.0,199000.0
10675135,1,0.0,1.0,0.0,0.0,0.0,0.0,1.0,0.0,0.0,0.0,0.0,0.0,0.0,0.0,0.0,1.0,0.0,0.0,0.2795918367346939,0.2727272727272727,0.18181818181818182,0.0,0.05555555555555555,1,2,0,0,0,0,1,1,0.0,0.0,0.002084401287138428,1150000.0
10675134,1,0.0,1.0,0.0,0.0,0.0,1.0,0.0,0.0,0.0,0.0,0.0,0.0,0.0,0.0,0.0,0.0,0.0,1.0,0.15816326530612246,0.1818181818181818,0.18181818181818182,0.0,0.1111111111111111,1,4,0,0,0,0,0,1,0.0,0.0,0.00030995496482744773,440000.0
10675114,1,0.0,1.0,0.0,0.0,0.0,0.0,0.0,0.0,1.0,0.0,0.0,0.0,0.0,0.0,0.0,0.0,1.0,0.0,0.1959183673469388,0.1818181818181818,0.09090909090909091,0.0,0.1111111111111111,1,3,0,0,0,0,1,0,1.0,0.0,0.0011325277561002897,575000.0
10675133,1,0.0,1.0,0.0,0.0,0.0,0.0,1.0,0.0,0.0,0.0,0.0,0.0,0.0,0.0,0.0,0.0,0.0,1.0,0.1275510204081633,0.1818181818181818,0.09090909090909091,0.0,0.0,3,6,0,0,0,0,0,0,0.0,0.0,0.00032095928310534527,289000.0
10675137,1,0.0,1.0,0.0,1.0,0.0,0.0,0.0,0.0,0.0,0.0,0.0,0.0,0.0,0.0,0.0,0.0,0.0,1.0,0.21020408163265308,0.1818181818181818,0.09090909090909091,0.0,0.1111111111111111,3,3,0,0,0,0,1,0,0.0,0.0,0.0,389000.0
10675138,0,0.0,1.0,0.0,1.0,0.0,0.0,0.0,0.0,0.0,0.0,0.0,0.0,0.0,0.0,0.0,0.0,0.0,1.0,0.06020408163265307,0.0,0.09090909090909091,0.0,0.05555555555555555,1,4,0,0,0,0,1,0,0.0,0.0,0.0,259000.0
10675142,1,0.0,1.0,0.0,0.0,0.0,0.0,1.0,0.0,0.0,0.0,0.0,0.0,0.0,0.0,0.0,1.0,0.0,0.0,0.1489795918367347,0.1818181818181818,0.18181818181818182,0.0,0.1111111111111111,1,5,0,0,0,0,1,1,0.0,0.0,0.000567639417834882,495000.0
10675140,1,0.0,0.0,1.0,0.0,0.0,0.0,0.0,0.0,0.0,0.0,0.0,1.0,0.0,0.0,0.0,1.0,0.0,0.0,0.11224489795918369,0.2727272727272727,0.09090909090909091,0.07142857142857142,0.05555555555555555,1,4,0,0,0,0,1,0,0.0,0.0,0.000893183833556018,285000.0
10675139,1,0.0,1.0,0.0,1.0,0.0,0.0,0.0,0.0,0.0,0.0,0.0,0.0,0.0,0.0,0.0,0.0,1.0,0.0,0.2602040816326531,0.2727272727272727,0.18181818181818182,0.0,0.16666666666666666,5,0,0,0,0,0,1,1,0.025,0.35000000000000003,0.00011737939496424056,375000.0
10675156,1,0.0,1.0,0.0,0.0,0.0,0.0,0.0,0.0,1.0,0.0,0.0,0.0,0.0,0.0,0.0,0.0,0.0,1.0,0.2459183673469388,0.2727272727272727,0.09090909090909091,0.0,0.05555555555555555,0,3,0,0,0,0,1,0,1.0,0.0,0.0016754074578099023,595000.0
10675159,1,0.0,1.0,0.0,0.0,0.0,0.0,0.0,0.0,0.0,0.0,0.0,0.0,0.0,1.0,0.0,0.0,0.0,1.0,0.17448979591836736,0.2727272727272727,0.09090909090909091,0.0,0.0,1,3,0,0,0,0,0,1,0.0,0.0,0.0004438408372085346,395000.0
10675158,1,0.0,1.0,0.0,0.0,0.0,0.0,0.0,0.0,0.0,0.0,0.0,0.0,0.0,1.0,0.0,0.0,1.0,0.0,0.4387755102040817,0.4545454545454545,0.2727272727272727,0.0,0.0,1,2,0,0,0,0,0,0,0.0,0.0,0.00018982449029373278,430000.0
10675165,1,0.0,1.0,0.0,1.0,0.0,0.0,0.0,0.0,0.0,0.0,0.0,0.0,0.0,0.0,0.0,0.0,0.0,1.0,0.23469387755102042,0.2727272727272727,0.18181818181818182,0.14285714285714285,0.16666666666666666,3,3,0,1,1,0,0,0,0.0,0.0,0.00034205089313798224,475000.0
10675162,1,0.0,1.0,0.0,0.0,0.0,1.0,0.0,0.0,0.0,0.0,0.0,0.0,0.0,0.0,0.0,0.0,0.0,1.0,0.15306122448979595,0.2727272727272727,0.09090909090909091,0.0,0.05555555555555555,2,2,0,0,0,0,1,1,0.0,0.0,0.0005804777891590959,369000.0
10675166,0,0.0,1.0,0.0,1.0,0.0,0.0,0.0,0.0,0.0,0.0,0.0,0.0,0.0,0.0,0.0,0.0,1.0,0.0,0.05612244897959184,0.09090909090909091,0.09090909090909091,0.07142857142857142,0.0,3,3,0,0,0,0,0,0,0.0,0.0,0.0,179000.0
10675167,0,0.0,1.0,0.0,1.0,0.0,0.0,0.0,0.0,0.0,0.0,0.0,0.0,0.0,0.0,0.0,0.0,1.0,0.0,0.051020408163265314,0.0,0.09090909090909091,0.07142857142857142,0.05555555555555555,3,4,0,0,0,0,0,0,0.0,0.0,0.0,179000.0
10675174,1,0.0,1.0,0.0,0.0,0.0,0.0,0.0,0.0,0.0,0.0,0.0,0.0,0.0,1.0,0.0,0.0,1.0,0.0,0.113265306122449,0.09090909090909091,0.09090909090909091,0.0,0.05555555555555555,0,6,0,0,0,0,0,1,0.0,0.0,0.00035764034403167045,415000.0
10675177,0,0.0,1.0,0.0,0.0,0.0,0.0,0.0,0.0,0.0,0.0,0.0,0.0,0.0,1.0,0.0,0.0,1.0,0.0,0.036734693877551024,0.0,0.09090909090909091,0.0,0.0,0,1,0,0,0,0,0,0,0.0,0.0,0.0,375000.0
10675171,1,0.0,1.0,0.0,0.0,0.0,1.0,0.0,0.0,0.0,0.0,0.0,0.0,0.0,0.0,0.0,0.0,0.0,1.0,0.16836734693877553,0.1818181818181818,0.09090909090909091,0.0,0.05555555555555555,0,6,0,0,0,0,1,0,0.0,0.0,0.0004951943225053898,369000.0
10675180,0,0.0,1.0,0.0,1.0,0.0,0.0,0.0,0.0,0.0,0.0,0.0,0.0,0.0,0.0,0.0,0.0,1.0,0.0,0.051020408163265314,0.09090909090909091,0.09090909090909091,0.0,0.05555555555555555,0,2,0,0,0,0,0,0,0.0,0.0,0.0,209000.0
10675181,0,0.0,1.0,0.0,1.0,0.0,0.0,0.0,0.0,0.0,0.0,0.0,0.0,0.0,0.0,0.0,0.0,0.0,1.0,0.06836734693877553,0.09090909090909091,0.09090909090909091,0.0,0.0,0,4,0,0,0,0,0,0,0.0,0.0,0.0,209000.0
10675183,0,0.0,1.0,0.0,1.0,0.0,0.0,0.0,0.0,0.0,0.0,0.0,0.0,0.0,0.0,0.0,0.0,0.0,1.0,0.08061224489795918,0.09090909090909091,0.09090909090909091,0.0,0.0,0,6,0,0,0,0,0,1,0.0,0.04,0.0,239000.0
10675182,0,0.0,1.0,0.0,1.0,0.0,0.0,0.0,0.0,0.0,0.0,0.0,0.0,0.0,0.0,0.0,0.0,0.0,1.0,0.09285714285714286,0.1818181818181818,0.09090909090909091,0.0,0.0,0,5,0,0,0,0,0,1,0.0,0.04,0.0,219000.0
10675194,1,0.0,1.0,0.0,1.0,0.0,0.0,0.0,0.0,0.0,0.0,0.0,0.0,0.0,0.0,0.0,1.0,0.0,0.0,0.1653061224489796,0.1818181818181818,0.09090909090909091,0.0,0.1111111111111111,0,3,0,0,0,0,1,0,0.0,0.0,0.0004942772959822317,449000.0
10675187,1,0.0,1.0,0.0,0.0,0.0,0.0,0.0,0.0,0.0,0.0,0.0,0.0,0.0,1.0,0.0,0.0,0.0,1.0,0.17040816326530614,0.1818181818181818,0.09090909090909091,0.0,0.1111111111111111,1,0,0,0,0,0,0,0,0.0,0.0,0.00030078469959586644,356835.0
10675203,1,0.0,1.0,0.0,0.0,0.0,0.0,0.0,0.0,0.0,0.0,0.0,0.0,0.0,1.0,0.0,0.0,0.0,1.0,0.29591836734693877,0.36363636363636365,0.18181818181818182,0.0,0.16666666666666666,1,2,0,1,0,0,1,1,0.0,0.0,0.009197776027276037,820000.0
10675179,1,0.0,1.0,0.0,1.0,0.0,0.0,0.0,0.0,0.0,0.0,0.0,0.0,0.0,0.0,0.0,0.0,1.0,0.0,0.08775510204081632,0.09090909090909091,0.09090909090909091,0.0,0.05555555555555555,0,5,0,0,0,0,0,0,0.0,0.0,0.0,249000.0
10675204,0,0.0,1.0,0.0,0.0,0.0,1.0,0.0,0.0,0.0,0.0,0.0,0.0,0.0,0.0,1.0,0.0,0.0,0.0,0.09081632653061225,0.09090909090909091,0.09090909090909091,0.0,0.05555555555555555,1,2,1,0,0,0,0,1,0.0,0.0,0.0,395000.0
10675207,1,0.0,1.0,0.0,1.0,0.0,0.0,0.0,0.0,0.0,0.0,0.0,0.0,0.0,0.0,0.0,0.0,0.0,1.0,0.113265306122449,0.1818181818181818,0.09090909090909091,0.0,0.05555555555555555,2,4,0,0,0,0,1,0,0.0,0.0,0.0001283837132421381,349000.0
10675211,1,0.0,1.0,0.0,1.0,0.0,0.0,0.0,0.0,0.0,0.0,0.0,0.0,0.0,0.0,0.0,0.0,0.0,1.0,0.1326530612244898,0.1818181818181818,0.09090909090909091,0.0,0.05555555555555555,4,6,0,1,0,0,1,1,0.06,0.4,0.00016964990678425393,325000.0
10675210,0,0.0,1.0,0.0,0.0,0.0,1.0,0.0,0.0,0.0,0.0,0.0,0.0,0.0,0.0,0.0,1.0,0.0,0.0,0.10306122448979593,0.1818181818181818,0.18181818181818182,0.0,0.05555555555555555,0,2,1,0,0,0,1,1,0.05,0.24,0.0,329000.0
10675208,1,0.0,1.0,0.0,1.0,0.0,0.0,0.0,0.0,0.0,0.0,0.0,0.0,0.0,0.0,0.0,0.0,0.0,1.0,0.42551020408163265,0.2727272727272727,0.18181818181818182,0.0,0.16666666666666666,0,1,0,0,0,0,0,1,0.0,0.0,0.0016634861130088467,1095000.0
10675216,0,1.0,0.0,0.0,0.0,1.0,0.0,0.0,0.0,0.0,0.0,0.0,0.0,0.0,0.0,0.0,1.0,0.0,0.0,0.0816326530612245,0.09090909090909091,0.09090909090909091,0.0,0.05555555555555555,3,5,0,0,0,0,0,0,0.0,0.0,0.0,420000.0
10675212,1,0.0,1.0,0.0,0.0,0.0,0.0,1.0,0.0,0.0,0.0,0.0,0.0,0.0,0.0,0.0,0.0,0.0,1.0,0.15408163265306124,0.1818181818181818,0.09090909090909091,0.0,0.1111111111111111,1,2,0,0,0,0,1,1,0.0,0.0,0.00019624367595583967,295000.0
10675221,0,0.0,1.0,0.0,0.0,0.0,0.0,0.0,0.0,0.0,0.0,0.0,0.0,0.0,1.0,0.0,0.0,0.0,1.0,0.042857142857142864,0.09090909090909091,0.09090909090909091,0.0,0.05555555555555555,1,2,1,0,0,0,0,1,0.0,0.0,0.0,235000.0
10675220,1,0.0,1.0,0.0,0.0,0.0,0.0,0.0,0.0,0.0,0.0,0.0,0.0,0.0,1.0,0.0,0.0,0.0,1.0,0.18265306122448982,0.4545454545454545,0.18181818181818182,0.0,0.1111111111111111,0,3,0,0,0,0,0,1,0.0,0.0,0.0,450000.0
10675227,1,0.0,1.0,0.0,0.0,0.0,0.0,0.0,0.0,0.0,0.0,0.0,0.0,0.0,1.0,0.0,0.0,0.0,1.0,0.30612244897959184,0.36363636363636365,0.2727272727272727,0.0,0.2222222222222222,0,3,0,0,0,0,1,0,0.0,0.0,0.013418849113372907,1350000.0
10675225,0,0.0,1.0,0.0,0.0,0.0,0.0,0.0,0.0,1.0,0.0,0.0,0.0,0.0,0.0,0.0,0.0,1.0,0.0,0.0836734693877551,0.09090909090909091,0.09090909090909091,0.0,0.05555555555555555,2,3,0,0,0,0,1,1,0.0,0.46,0.0,279000.0
10675224,0,0.0,1.0,0.0,0.0,0.0,0.0,0.0,0.0,1.0,0.0,0.0,0.0,0.0,0.0,0.0,0.0,1.0,0.0,0.16734693877551024,0.1818181818181818,0.18181818181818182,0.0,0.1111111111111111,1,2,1,0,0,0,1,1,0.0,1.0,0.0,590000.0
10675231,1,0.0,1.0,0.0,0.0,0.0,0.0,1.0,0.0,0.0,0.0,0.0,0.0,0.0,0.0,0.0,0.0,0.0,1.0,0.15816326530612246,0.09090909090909091,0.09090909090909091,0.0,0.05555555555555555,0,5,0,0,0,0,1,1,0.35000000000000003,0.25,0.0006694293619054345,419000.0
10675229,1,0.0,1.0,0.0,0.0,0.0,0.0,0.0,0.0,0.0,0.0,0.0,0.0,0.0,1.0,0.0,0.0,1.0,0.0,0.2857142857142857,0.4545454545454545,0.36363636363636365,0.0,0.0,0,3,1,0,0,0,0,1,0.0,0.0,0.0002934484874106014,3500000.0
10675230,1,0.0,1.0,0.0,0.0,0.0,0.0,0.0,0.0,0.0,0.0,0.0,0.0,0.0,1.0,0.0,0.0,1.0,0.0,0.3734693877551021,0.36363636363636365,0.2727272727272727,0.0,0.0,0,2,0,1,0,0,1,1,0.0,0.0,0.001651564768207791,4995000.0
10675234,1,0.0,1.0,0.0,0.0,0.0,0.0,0.0,0.0,0.0,0.0,0.0,0.0,0.0,1.0,1.0,0.0,0.0,0.0,0.1489795918367347,0.1818181818181818,0.09090909090909091,0.0,0.1111111111111111,1,2,0,0,0,0,1,1,0.0,0.0,0.00010087291754739423,425000.0
10675245,0,0.0,1.0,0.0,0.0,0.0,1.0,0.0,0.0,0.0,0.0,0.0,0.0,0.0,0.0,0.0,0.0,1.0,0.0,0.06122448979591837,0.09090909090909091,0.09090909090909091,0.0,0.05555555555555555,0,2,1,0,0,0,0,1,0.0,0.06,0.0,245000.0
10675244,1,0.0,0.0,1.0,0.0,0.0,0.0,0.0,0.0,0.0,0.0,1.0,0.0,0.0,0.0,0.0,0.0,0.0,1.0,0.036734693877551024,0.09090909090909091,0.09090909090909091,0.0,0.0,0,6,0,0,0,0,0,0,0.0,0.0,0.0003062868587348152,80000.0
10675239,0,0.0,1.0,0.0,0.0,0.0,0.0,0.0,0.0,0.0,0.0,0.0,0.0,0.0,1.0,0.0,0.0,0.0,1.0,0.07653061224489796,0.09090909090909091,0.0,0.0,0.05555555555555555,0,0,1,0,0,0,1,0,0.0,0.0,0.0,282000.0
10675247,1,0.0,1.0,0.0,1.0,0.0,0.0,0.0,0.0,0.0,0.0,0.0,0.0,0.0,0.0,0.0,0.0,0.0,1.0,0.4387755102040817,0.36363636363636365,0.09090909090909091,0.0,0.1111111111111111,1,1,0,0,0,0,1,1,0.0,0.0,0.0009087732844497062,613000.0
10675243,1,0.0,1.0,0.0,0.0,0.0,0.0,0.0,0.0,0.0,0.0,0.0,0.0,0.0,1.0,0.0,0.0,0.0,1.0,0.05612244897959184,0.09090909090909091,0.09090909090909091,0.0,0.0,0,4,0,0,0,0,1,1,0.0,0.17,5.135348529685524e-05,189000.0
10675248,0,0.0,1.0,0.0,1.0,0.0,0.0,0.0,0.0,0.0,0.0,0.0,0.0,0.0,0.0,0.0,0.0,1.0,0.0,0.08775510204081632,0.09090909090909091,0.09090909090909091,0.0,0.05555555555555555,1,2,1,0,0,0,0,1,0.0,0.0,0.0,295000.0
10675250,0,0.0,1.0,0.0,0.0,0.0,0.0,0.0,0.0,0.0,0.0,0.0,0.0,0.0,1.0,0.0,0.0,1.0,0.0,0.10714285714285715,0.1818181818181818,0.18181818181818182,0.0,0.0,4,2,1,0,0,0,0,0,0.0,0.0,0.0,1350000.0
10675251,0,0.0,0.0,1.0,0.0,0.0,0.0,0.0,0.0,0.0,0.0,0.0,0.0,1.0,0.0,0.0,0.0,0.0,1.0,0.0653061224489796,0.09090909090909091,0.0,0.07142857142857142,0.0,1,1,1,0,0,0,1,1,0.01,0.3,0.0,430000.0
10675249,1,0.0,1.0,0.0,0.0,0.0,1.0,0.0,0.0,0.0,0.0,0.0,0.0,0.0,0.0,0.0,0.0,0.0,1.0,0.1,0.1818181818181818,0.09090909090909091,0.0,0.05555555555555555,5,6,0,0,0,0,1,0,0.0,0.0,0.0003466360257537729,245000.0
10675266,0,0.0,1.0,0.0,1.0,0.0,0.0,0.0,0.0,0.0,0.0,0.0,0.0,0.0,0.0,0.0,0.0,1.0,0.0,0.12040816326530615,0.09090909090909091,0.18181818181818182,0.0,0.0,0,0,0,0,0,0,0,1,0.0,0.25,0.0,589000.0
10675255,0,0.0,1.0,0.0,0.0,0.0,1.0,0.0,0.0,0.0,0.0,0.0,0.0,0.0,0.0,0.0,0.0,0.0,1.0,0.06632653061224492,0.09090909090909091,0.09090909090909091,0.0,0.05555555555555555,1,4,0,0,0,0,0,1,0.0,0.0,0.0,220000.0
10675265,0,0.0,1.0,0.0,1.0,0.0,0.0,0.0,0.0,0.0,0.0,0.0,0.0,0.0,0.0,0.0,0.0,1.0,0.0,0.09183673469387757,0.09090909090909091,0.09090909090909091,0.0,0.0,0,0,0,0,0,0,0,1,0.0,0.29,0.0,625000.0
10675282,1,0.0,1.0,0.0,0.0,0.0,1.0,0.0,0.0,0.0,0.0,0.0,0.0,0.0,0.0,0.0,1.0,0.0,0.0,0.04897959183673469,0.1818181818181818,0.09090909090909091,0.0,0.05555555555555555,0,3,0,0,0,0,0,0,0.0,0.0,6.23578035747528e-05,135000.0
10675283,1,0.0,1.0,0.0,0.0,0.0,0.0,0.0,0.0,0.0,0.0,0.0,0.0,0.0,1.0,0.0,0.0,0.0,1.0,0.12448979591836737,0.2727272727272727,0.09090909090909091,0.0,0.0,3,4,0,0,0,0,1,1,0.035,0.73,0.00027419093042428065,215000.0
10675289,0,0.0,1.0,0.0,1.0,0.0,0.0,0.0,0.0,0.0,0.0,0.0,0.0,0.0,0.0,0.0,0.0,0.0,1.0,0.10102040816326532,0.1818181818181818,0.09090909090909091,0.0,0.1111111111111111,5,2,1,1,0,0,0,1,0.0,0.08,0.0,269000.0
10675290,0,0.0,1.0,0.0,1.0,0.0,0.0,0.0,0.0,0.0,0.0,0.0,0.0,0.0,0.0,0.0,0.0,0.0,1.0,0.1275510204081633,0.2727272727272727,0.0,0.07142857142857142,0.05555555555555555,3,4,1,1,0,0,0,1,0.0,0.13,0.0,279000.0
10675296,1,1.0,0.0,0.0,0.0,1.0,0.0,0.0,0.0,0.0,0.0,0.0,0.0,0.0,0.0,0.0,1.0,0.0,0.0,0.11224489795918369,0.1818181818181818,0.09090909090909091,0.07142857142857142,0.1111111111111111,4,0,0,0,0,0,1,1,0.019,0.0,0.0,349000.0
10675297,0,1.0,0.0,0.0,0.0,1.0,0.0,0.0,0.0,0.0,0.0,0.0,0.0,0.0,0.0,0.0,1.0,0.0,0.0,0.2989795918367347,0.1818181818181818,0.18181818181818182,0.14285714285714285,0.1111111111111111,3,7,0,0,0,0,0,1,0.0,0.2,0.0,550000.0
10675302,0,1.0,0.0,0.0,0.0,1.0,0.0,0.0,0.0,0.0,0.0,0.0,0.0,0.0,0.0,0.0,1.0,0.0,0.0,0.11224489795918369,0.2727272727272727,0.09090909090909091,0.0,0.05555555555555555,3,0,0,0,0,0,0,0,0.0,0.0,0.0,215000.0
10675306,0,0.0,0.0,1.0,0.0,0.0,0.0,0.0,0.0,0.0,1.0,0.0,0.0,0.0,0.0,0.0,1.0,0.0,0.0,0.09183673469387757,0.1818181818181818,0.09090909090909091,0.0,0.05555555555555555,3,2,1,0,0,0,0,1,0.0,0.06,0.0,195000.0
10675311,0,1.0,0.0,0.0,0.0,1.0,0.0,0.0,0.0,0.0,0.0,0.0,0.0,0.0,0.0,1.0,0.0,0.0,0.0,0.15510204081632656,0.1818181818181818,0.18181818181818182,0.07142857142857142,0.1111111111111111,1,4,1,0,0,0,0,0,0.0,0.0,0.0,645000.0
10675314,1,1.0,0.0,0.0,0.0,1.0,0.0,0.0,0.0,0.0,0.0,0.0,0.0,0.0,0.0,0.0,1.0,0.0,0.0,0.1326530612244898,0.1818181818181818,0.09090909090909091,0.07142857142857142,0.16666666666666666,5,7,0,0,0,0,0,1,0.0,0.0,0.0001283837132421381,595000.0
10675313,0,0.0,1.0,0.0,0.0,0.0,1.0,0.0,0.0,0.0,0.0,0.0,0.0,0.0,0.0,0.0,0.0,0.0,1.0,0.1163265306122449,0.09090909090909091,0.09090909090909091,0.0,0.1111111111111111,0,0,1,1,0,0,0,1,0.0,0.05,0.0,320000.0
10675317,1,0.0,0.0,1.0,0.0,0.0,0.0,0.0,0.0,0.0,1.0,0.0,0.0,0.0,0.0,0.0,0.0,0.0,1.0,0.15816326530612246,0.2727272727272727,0.18181818181818182,0.07142857142857142,0.1111111111111111,4,3,0,0,0,0,1,1,0.12,0.3,0.00028519524870217823,349000.0
10675315,0,1.0,0.0,0.0,0.0,1.0,0.0,0.0,0.0,0.0,0.0,0.0,0.0,0.0,0.0,0.0,0.0,0.0,1.0,0.15510204081632656,0.1818181818181818,0.18181818181818182,0.07142857142857142,0.1111111111111111,1,4,1,0,0,0,0,0,0.0,0.0,0.0,645000.0
10675319,0,0.0,1.0,0.0,0.0,0.0,0.0,0.0,0.0,0.0,0.0,0.0,0.0,0.0,1.0,0.0,0.0,0.0,1.0,0.06428571428571428,0.09090909090909091,0.09090909090909091,0.0,0.0,1,1,1,0,0,0,0,1,0.0,0.0,0.0,349000.0
10675316,0,0.0,1.0,0.0,0.0,0.0,0.0,1.0,0.0,0.0,0.0,0.0,0.0,0.0,0.0,0.0,0.0,0.0,1.0,0.0816326530612245,0.09090909090909091,0.09090909090909091,0.0,0.1111111111111111,0,0,1,0,0,0,0,1,0.0,0.1,0.0,294984.0
10675321,0,0.0,1.0,0.0,0.0,0.0,1.0,0.0,0.0,0.0,0.0,0.0,0.0,0.0,0.0,0.0,0.0,0.0,1.0,0.05408163265306123,0.09090909090909091,0.18181818181818182,0.0,0.0,1,1,1,0,0,0,0,1,0.0,0.12,0.0,326513.0
10675320,0,0.0,1.0,0.0,0.0,0.0,1.0,0.0,0.0,0.0,0.0,0.0,0.0,0.0,0.0,0.0,0.0,0.0,1.0,0.08673469387755103,0.09090909090909091,0.18181818181818182,0.0,0.0,1,1,1,0,0,0,0,1,0.0,0.12,0.0,386525.0
10675323,0,0.0,1.0,0.0,0.0,0.0,1.0,0.0,0.0,0.0,0.0,0.0,0.0,0.0,0.0,0.0,0.0,0.0,1.0,0.05204081632653062,0.09090909090909091,0.18181818181818182,0.0,0.0,1,1,1,0,0,0,0,1,0.0,0.1,0.0,323938.0
10675325,0,0.0,1.0,0.0,0.0,0.0,1.0,0.0,0.0,0.0,0.0,0.0,0.0,0.0,0.0,0.0,0.0,0.0,1.0,0.05204081632653062,0.09090909090909091,0.18181818181818182,0.0,0.0,1,1,1,0,0,0,0,1,0.0,0.13,0.0,318563.0
10675324,0,0.0,1.0,0.0,0.0,0.0,1.0,0.0,0.0,0.0,0.0,0.0,0.0,0.0,0.0,0.0,0.0,0.0,1.0,0.05408163265306123,0.09090909090909091,0.18181818181818182,0.0,0.0,1,1,1,0,0,0,0,1,0.0,0.14,0.0,321138.0
10675329,0,1.0,0.0,0.0,0.0,1.0,0.0,0.0,0.0,0.0,0.0,0.0,0.0,0.0,0.0,0.0,1.0,0.0,0.0,0.09897959183673471,0.1818181818181818,0.09090909090909091,0.07142857142857142,0.05555555555555555,4,6,1,0,0,0,0,1,0.0,0.08,0.0,230000.0
10675326,0,0.0,1.0,0.0,0.0,0.0,1.0,0.0,0.0,0.0,0.0,0.0,0.0,0.0,0.0,0.0,0.0,0.0,1.0,0.08571428571428572,0.09090909090909091,0.18181818181818182,0.0,0.0,1,1,1,0,0,0,0,1,0.0,0.1,0.0,381150.0
10675339,1,0.0,0.0,1.0,0.0,0.0,0.0,0.0,0.0,0.0,0.0,0.0,0.0,1.0,0.0,0.0,0.0,0.0,1.0,0.1836734693877551,0.4545454545454545,0.2727272727272727,0.21428571428571427,0.16666666666666666,0,5,0,0,0,0,0,1,0.0,0.0,0.0008253238708423164,715000.0
10675342,1,0.0,0.0,1.0,0.0,0.0,0.0,0.0,0.0,0.0,1.0,0.0,0.0,0.0,0.0,0.0,0.0,0.0,1.0,0.09693877551020408,0.09090909090909091,0.09090909090909091,0.07142857142857142,0.05555555555555555,3,5,0,0,0,0,1,1,0.34,0.0,0.0004227492271758976,235000.0
10675332,1,0.0,1.0,0.0,0.0,0.0,1.0,0.0,0.0,0.0,0.0,0.0,0.0,0.0,0.0,1.0,0.0,0.0,0.0,0.07959183673469389,0.1818181818181818,0.09090909090909091,0.0,0.05555555555555555,3,2,0,1,0,0,0,0,0.0,0.0,0.0,369000.0
10675341,1,0.0,0.0,1.0,0.0,0.0,0.0,0.0,0.0,0.0,1.0,0.0,0.0,0.0,0.0,0.0,0.0,0.0,1.0,0.1,0.2727272727272727,0.09090909090909091,0.07142857142857142,0.1111111111111111,1,3,0,0,0,0,0,1,0.0,0.0,0.00022558852469689982,345000.0
10675343,0,0.0,0.0,1.0,0.0,0.0,0.0,0.0,0.0,0.0,1.0,0.0,0.0,0.0,0.0,0.0,1.0,0.0,0.0,0.04693877551020408,0.09090909090909091,0.09090909090909091,0.07142857142857142,0.05555555555555555,3,4,0,0,0,0,0,0,0.0,0.0,0.0,135000.0
10675330,0,1.0,0.0,0.0,0.0,1.0,0.0,0.0,0.0,0.0,0.0,0.0,0.0,0.0,0.0,0.0,1.0,0.0,0.0,0.22040816326530616,0.2727272727272727,0.18181818181818182,0.14285714285714285,0.16666666666666666,3,0,1,0,0,0,0,1,0.0,0.21,0.0,700000.0
10675348,1,0.0,1.0,0.0,1.0,0.0,0.0,0.0,0.0,0.0,0.0,0.0,0.0,0.0,0.0,0.0,0.0,1.0,0.0,0.27653061224489794,0.36363636363636365,0.18181818181818182,0.0,0.16666666666666666,1,2,0,0,0,0,0,1,0.0,0.0,0.0004401727311159021,549000.0
10675349,1,1.0,0.0,0.0,0.0,1.0,0.0,0.0,0.0,0.0,0.0,0.0,0.0,0.0,0.0,0.0,1.0,0.0,0.0,0.2306122448979592,0.2727272727272727,0.18181818181818182,0.14285714285714285,0.16666666666666666,3,3,0,0,0,0,1,1,0.1,0.0,0.0,569000.0
10675352,0,0.0,0.0,1.0,0.0,0.0,0.0,0.0,0.0,0.0,0.0,1.0,0.0,0.0,0.0,0.0,0.0,1.0,0.0,0.07551020408163267,0.09090909090909091,0.09090909090909091,0.0,0.05555555555555555,2,3,0,1,0,0,0,0,0.0,0.0,0.0,260000.0
10675351,1,0.0,1.0,0.0,0.0,0.0,0.0,1.0,0.0,0.0,0.0,0.0,0.0,0.0,0.0,0.0,0.0,1.0,0.0,0.1285714285714286,0.1818181818181818,0.09090909090909091,0.0,0.0,4,4,0,1,0,0,1,0,0.0,0.0,0.00022925663078953234,359000.0
10675358,0,1.0,0.0,0.0,0.0,1.0,0.0,0.0,0.0,0.0,0.0,0.0,0.0,0.0,0.0,0.0,1.0,0.0,0.0,0.05204081632653062,0.0,0.09090909090909091,0.07142857142857142,0.05555555555555555,4,6,1,0,0,0,0,0,0.0,0.0,0.0,180000.0
10675359,1,0.0,1.0,0.0,0.0,0.0,1.0,0.0,0.0,0.0,0.0,0.0,0.0,0.0,0.0,0.0,0.0,1.0,0.0,0.12244897959183676,0.2727272727272727,0.09090909090909091,0.0,0.0,0,5,0,0,0,0,0,0,0.0,0.0,6.144077705159467e-05,180000.0
10675355,1,0.0,1.0,0.0,1.0,0.0,0.0,0.0,0.0,0.0,0.0,0.0,0.0,0.0,0.0,0.0,0.0,0.0,1.0,0.38265306122448983,0.2727272727272727,0.09090909090909091,0.0,0.1111111111111111,3,2,0,1,0,0,1,0,0.65,0.0,0.0009188605762044456,679000.0
10675367,1,0.0,1.0,0.0,0.0,0.0,1.0,0.0,0.0,0.0,0.0,0.0,0.0,0.0,0.0,0.0,0.0,0.0,1.0,0.14285714285714288,0.1818181818181818,0.09090909090909091,0.0,0.1111111111111111,4,5,0,0,0,0,0,1,0.0,0.0,0.00034847007880008915,245000.0
10675362,1,1.0,0.0,0.0,0.0,1.0,0.0,0.0,0.0,0.0,0.0,0.0,0.0,0.0,0.0,0.0,1.0,0.0,0.0,0.08673469387755103,0.2727272727272727,0.18181818181818182,0.0,0.1111111111111111,5,7,0,0,0,0,0,0,0.0,0.0,0.0,469000.0
10675364,1,0.0,1.0,0.0,0.0,0.0,0.0,1.0,0.0,0.0,0.0,0.0,0.0,0.0,0.0,0.0,0.0,0.0,1.0,0.10204081632653061,0.1818181818181818,0.09090909090909091,0.0,0.1111111111111111,3,4,0,0,0,0,1,1,0.11,0.2,0.00020816502075689537,460000.0
10675363,0,1.0,0.0,0.0,0.0,1.0,0.0,0.0,0.0,0.0,0.0,0.0,0.0,0.0,0.0,0.0,0.0,0.0,1.0,0.03571428571428572,0.0,0.09090909090909091,0.0,0.05555555555555555,2,5,0,0,0,0,1,1,0.075,0.0,0.0,240000.0
10675368,1,0.0,1.0,0.0,0.0,0.0,1.0,0.0,0.0,0.0,0.0,0.0,0.0,0.0,0.0,0.0,0.0,0.0,1.0,0.2142857142857143,0.2727272727272727,0.09090909090909091,0.0,0.1111111111111111,3,4,0,0,0,0,1,1,0.8,0.0,0.0011609555783181917,339000.0
10675353,1,0.0,0.0,1.0,0.0,0.0,0.0,0.0,0.0,0.0,1.0,0.0,0.0,0.0,0.0,0.0,0.0,0.0,1.0,0.15408163265306124,0.1818181818181818,0.2727272727272727,0.0,0.16666666666666666,3,6,0,1,0,0,1,1,0.0,0.28,0.0016983331208888556,495000.0
10675370,1,0.0,1.0,0.0,0.0,0.0,1.0,0.0,0.0,0.0,0.0,0.0,0.0,0.0,0.0,0.0,0.0,1.0,0.0,0.15408163265306124,0.1818181818181818,0.09090909090909091,0.0,0.05555555555555555,0,6,0,0,0,0,0,0,0.0,0.0,0.0001375539784737194,199000.0
10675371,0,1.0,0.0,0.0,0.0,1.0,0.0,0.0,0.0,0.0,0.0,0.0,0.0,0.0,0.0,0.0,1.0,0.0,0.0,0.04897959183673469,0.0,0.09090909090909091,0.0,0.0,3,7,0,0,0,0,0,0,0.0,0.0,0.0,250000.0
10675374,1,0.0,0.0,1.0,0.0,0.0,0.0,0.0,0.0,0.0,1.0,0.0,0.0,0.0,0.0,0.0,1.0,0.0,0.0,0.15612244897959185,0.2727272727272727,0.18181818181818182,0.14285714285714285,0.16666666666666666,1,4,1,0,0,0,1,1,0.305,0.12,0.0004493429963474834,319000.0
10675376,1,0.0,0.0,1.0,0.0,0.0,0.0,0.0,0.0,0.0,1.0,0.0,0.0,0.0,0.0,0.0,0.0,1.0,0.0,0.3020408163265306,0.6363636363636364,0.6363636363636364,0.5,0.38888888888888884,3,4,0,0,0,0,0,0,0.0,0.0,0.0004218322006527395,495000.0
10675379,1,0.0,1.0,0.0,0.0,0.0,0.0,0.0,0.0,1.0,0.0,0.0,0.0,0.0,0.0,0.0,0.0,0.0,1.0,0.1306122448979592,0.1818181818181818,0.09090909090909091,0.0,0.0,0,0,0,0,0,0,1,0,0.448,0.0,0.0004108278823748419,383242.0
10675375,1,0.0,0.0,1.0,0.0,0.0,0.0,0.0,0.0,0.0,1.0,0.0,0.0,0.0,0.0,0.0,1.0,0.0,0.0,0.10510204081632654,0.1818181818181818,0.2727272727272727,0.21428571428571427,0.16666666666666666,4,4,0,0,0,0,0,0,0.0,0.0,4.126619354211582e-05,169000.0
10675373,1,0.0,1.0,0.0,1.0,0.0,0.0,0.0,0.0,0.0,0.0,0.0,0.0,0.0,0.0,0.0,0.0,0.0,1.0,0.1285714285714286,0.1818181818181818,0.09090909090909091,0.0,0.05555555555555555,3,3,0,0,0,0,0,1,0.0,0.0,0.0009124413905423386,510000.0
10675381,1,0.0,1.0,0.0,0.0,0.0,0.0,0.0,0.0,1.0,0.0,0.0,0.0,0.0,0.0,0.0,0.0,0.0,1.0,0.1306122448979592,0.1818181818181818,0.09090909090909091,0.0,0.0,0,0,0,0,0,0,1,0,0.647,0.0,0.0005933161604833097,384050.0
10675377,0,0.0,1.0,0.0,0.0,0.0,0.0,0.0,0.0,1.0,0.0,0.0,0.0,0.0,0.0,0.0,0.0,1.0,0.0,0.17244897959183675,0.09090909090909091,0.18181818181818182,0.0,0.0,1,1,1,0,0,0,0,1,0.0,0.0,0.0,949000.0
10675380,1,0.0,1.0,0.0,0.0,0.0,0.0,0.0,0.0,1.0,0.0,0.0,0.0,0.0,0.0,0.0,0.0,0.0,1.0,0.1306122448979592,0.1818181818181818,0.09090909090909091,0.0,0.0,0,0,0,0,0,0,1,0,0.34500000000000003,0.0,0.00031637415048955465,343050.0
10675385,0,0.0,1.0,0.0,1.0,0.0,0.0,0.0,0.0,0.0,0.0,0.0,0.0,0.0,0.0,0.0,1.0,0.0,0.0,0.020408163265306124,0.0,0.09090909090909091,0.0,0.05555555555555555,2,2,0,0,0,0,0,0,0.0,0.0,0.0,219000.0
10675386,1,0.0,1.0,0.0,1.0,0.0,0.0,0.0,0.0,0.0,0.0,0.0,0.0,0.0,0.0,1.0,0.0,0.0,0.0,0.3959183673469388,0.5454545454545454,0.2727272727272727,0.0,0.0,1,2,0,0,0,0,0,1,0.0,0.0,0.00021091610032636975,1395000.0
10675389,0,1.0,0.0,0.0,0.0,1.0,0.0,0.0,0.0,0.0,0.0,0.0,0.0,0.0,0.0,0.0,1.0,0.0,0.0,0.07653061224489796,0.1818181818181818,0.09090909090909091,0.07142857142857142,0.1111111111111111,1,0,0,0,0,0,0,0,0.0,0.0,0.0,249000.0
10675393,0,0.0,1.0,0.0,1.0,0.0,0.0,0.0,0.0,0.0,0.0,0.0,0.0,0.0,0.0,1.0,0.0,0.0,0.0,0.04081632653061225,0.0,0.09090909090909091,0.0,0.05555555555555555,0,2,0,0,0,0,0,0,0.0,0.0,0.0,259000.0
10675391,0,1.0,0.0,0.0,0.0,1.0,0.0,0.0,0.0,0.0,0.0,0.0,0.0,0.0,0.0,0.0,0.0,1.0,0.0,0.12448979591836737,0.09090909090909091,0.09090909090909091,0.0,0.05555555555555555,1,4,0,0,0,0,1,0,0.06,0.0,0.0,495000.0
10675390,0,1.0,0.0,0.0,0.0,1.0,0.0,0.0,0.0,0.0,0.0,0.0,0.0,0.0,0.0,0.0,0.0,1.0,0.0,0.05612244897959184,0.0,0.09090909090909091,0.0,0.05555555555555555,1,4,0,0,0,0,0,1,0.0,0.02,0.0,350000.0
10675392,1,1.0,0.0,0.0,0.0,1.0,0.0,0.0,0.0,0.0,0.0,0.0,0.0,0.0,0.0,0.0,0.0,0.0,1.0,0.23469387755102042,0.36363636363636365,0.18181818181818182,0.07142857142857142,0.16666666666666666,1,3,0,0,0,0,1,1,0.32,0.3,0.0,1075000.0
10675394,0,0.0,1.0,0.0,1.0,0.0,0.0,0.0,0.0,0.0,0.0,0.0,0.0,0.0,0.0,0.0,1.0,0.0,0.0,0.10714285714285715,0.1818181818181818,0.09090909090909091,0.0,0.0,0,2,1,0,0,0,0,1,0.0,0.8,0.0,695000.0
10675395,1,0.0,0.0,1.0,0.0,0.0,0.0,0.0,0.0,0.0,0.0,0.0,1.0,0.0,0.0,0.0,0.0,0.0,1.0,0.23469387755102042,0.1818181818181818,0.18181818181818182,0.07142857142857142,0.1111111111111111,1,2,0,0,1,0,0,1,0.0,0.0,0.0010004759367655191,550000.0
10675396,1,0.0,0.0,1.0,0.0,0.0,0.0,0.0,0.0,0.0,1.0,0.0,0.0,0.0,0.0,0.0,0.0,0.0,1.0,0.12040816326530615,0.2727272727272727,0.18181818181818182,0.07142857142857142,0.1111111111111111,1,6,0,0,0,0,1,0,0.065,0.0,0.00012654966019582184,235000.0
10675399,1,0.0,1.0,0.0,1.0,0.0,0.0,0.0,0.0,0.0,0.0,0.0,0.0,0.0,0.0,0.0,0.0,0.0,1.0,0.2418367346938776,0.36363636363636365,0.18181818181818182,0.0,0.0,0,2,0,0,0,0,1,0,0.068,0.0,0.00016781585373793766,490000.0
10675400,1,0.0,1.0,0.0,1.0,0.0,0.0,0.0,0.0,0.0,0.0,0.0,0.0,0.0,0.0,0.0,0.0,0.0,1.0,0.19387755102040818,0.1818181818181818,0.09090909090909091,0.0,0.1111111111111111,3,4,0,0,0,0,0,1,0.0,0.0,0.006368749203333208,975000.0
10675403,1,1.0,0.0,0.0,0.0,1.0,0.0,0.0,0.0,0.0,0.0,0.0,0.0,0.0,0.0,1.0,0.0,0.0,0.0,0.5081632653061224,0.4545454545454545,0.2727272727272727,0.0,0.16666666666666666,5,6,0,0,0,0,1,1,0.2,1.0,0.0003026187526421827,1475000.0
10675401,0,1.0,0.0,0.0,0.0,1.0,0.0,0.0,0.0,0.0,0.0,0.0,0.0,0.0,0.0,1.0,0.0,0.0,0.0,0.06122448979591837,0.09090909090909091,0.09090909090909091,0.0,0.05555555555555555,1,4,1,0,0,0,0,1,0.0,0.09,0.0,410000.0
10675405,0,0.0,1.0,0.0,0.0,0.0,0.0,1.0,0.0,0.0,0.0,0.0,0.0,0.0,0.0,0.0,0.0,1.0,0.0,0.163265306122449,0.2727272727272727,0.18181818181818182,0.0,0.1111111111111111,1,2,1,0,0,0,0,1,0.0,0.15,0.0,439000.0
10675406,1,0.0,1.0,0.0,0.0,0.0,1.0,0.0,0.0,0.0,0.0,0.0,0.0,0.0,0.0,0.0,0.0,1.0,0.0,0.12244897959183676,0.09090909090909091,0.09090909090909091,0.0,0.1111111111111111,5,4,0,0,0,0,1,1,0.17,0.3,0.0002751079569474388,229000.0
10675409,0,1.0,0.0,0.0,0.0,1.0,0.0,0.0,0.0,0.0,0.0,0.0,0.0,0.0,0.0,0.0,0.0,0.0,1.0,0.2857142857142857,0.36363636363636365,0.4545454545454546,0.0,0.16666666666666666,1,3,1,0,0,0,0,1,0.0,0.15,0.0,1095000.0
10675408,1,0.0,1.0,0.0,0.0,0.0,0.0,1.0,0.0,0.0,0.0,0.0,0.0,0.0,0.0,0.0,0.0,0.0,1.0,0.19081632653061226,0.36363636363636365,0.09090909090909091,0.0,0.1111111111111111,3,3,0,0,0,0,0,1,0.0,0.5700000000000001,0.00023017365731269046,518000.0
10675407,1,0.0,1.0,0.0,0.0,0.0,0.0,1.0,0.0,0.0,0.0,0.0,0.0,0.0,0.0,0.0,0.0,0.0,1.0,0.20408163265306126,0.2727272727272727,0.09090909090909091,0.0,0.1111111111111111,5,6,0,0,0,0,1,1,0.25,0.2,0.0006547569375349044,415000.0
10675414,1,0.0,1.0,0.0,1.0,0.0,0.0,0.0,0.0,0.0,0.0,0.0,0.0,0.0,0.0,0.0,1.0,0.0,0.0,0.14285714285714288,0.2727272727272727,0.09090909090909091,0.0,0.0,4,6,0,0,0,0,0,1,0.0,0.0,0.0006052375052843654,349000.0
10675415,1,0.0,1.0,0.0,1.0,0.0,0.0,0.0,0.0,0.0,0.0,0.0,0.0,0.0,0.0,0.0,0.0,0.0,1.0,0.10612244897959186,0.09090909090909091,0.09090909090909091,0.0,0.05555555555555555,5,6,0,0,0,0,0,0,0.0,0.0,0.0005777267095896215,209000.0
10675424,1,0.0,1.0,0.0,1.0,0.0,0.0,0.0,0.0,0.0,0.0,0.0,0.0,0.0,0.0,0.0,0.0,0.0,1.0,0.20408163265306126,0.36363636363636365,0.09090909090909091,0.0,0.05555555555555555,1,2,0,0,0,0,0,1,0.0,0.0,0.0013847100499687754,479000.0
10675426,1,0.0,1.0,0.0,0.0,0.0,0.0,0.0,0.0,0.0,0.0,0.0,0.0,0.0,1.0,0.0,0.0,1.0,0.0,0.35510204081632657,0.36363636363636365,0.4545454545454546,0.2857142857142857,0.0,1,2,0,0,1,0,0,1,0.0,0.74,0.0010481613159697418,6395000.0
10675418,0,1.0,0.0,0.0,0.0,1.0,0.0,0.0,0.0,0.0,0.0,0.0,0.0,0.0,0.0,0.0,0.0,0.0,1.0,0.08673469387755103,0.09090909090909091,0.09090909090909091,0.0,0.1111111111111111,3,5,1,0,0,0,0,1,0.0,0.12,0.0,375000.0
10675425,0,0.0,1.0,0.0,0.0,0.0,0.0,0.0,0.0,0.0,0.0,0.0,0.0,0.0,1.0,0.0,0.0,1.0,0.0,0.0836734693877551,0.1818181818181818,0.18181818181818182,0.0,0.1111111111111111,1,2,0,0,0,0,0,1,0.0,0.0,0.0,1245000.0
10675428,0,0.0,1.0,0.0,1.0,0.0,0.0,0.0,0.0,0.0,0.0,0.0,0.0,0.0,0.0,1.0,0.0,0.0,0.0,0.16836734693877553,0.09090909090909091,0.18181818181818182,0.0,0.1111111111111111,1,0,1,0,0,0,0,1,0.0,0.15,0.0,1800000.0
10675429,0,0.0,1.0,0.0,1.0,0.0,0.0,0.0,0.0,0.0,0.0,0.0,0.0,0.0,0.0,0.0,0.0,0.0,1.0,0.09693877551020408,0.1818181818181818,0.09090909090909091,0.0,0.05555555555555555,0,3,1,0,0,0,0,1,0.0,0.06,0.0,239000.0
10675431,1,0.0,1.0,0.0,1.0,0.0,0.0,0.0,0.0,0.0,0.0,0.0,0.0,0.0,0.0,0.0,0.0,0.0,1.0,0.3142857142857143,0.36363636363636365,0.09090909090909091,0.0,0.0,5,6,0,0,0,0,1,1,1.0,0.6,0.000992222698057096,1850000.0
10675430,0,0.0,1.0,0.0,1.0,0.0,0.0,0.0,0.0,0.0,0.0,0.0,0.0,0.0,0.0,1.0,0.0,0.0,0.0,0.12244897959183676,0.09090909090909091,0.09090909090909091,0.0,0.1111111111111111,0,2,0,0,0,0,0,0,0.0,0.0,0.0,325000.0
10675433,1,0.0,0.0,1.0,0.0,0.0,0.0,0.0,0.0,0.0,0.0,0.0,0.0,1.0,0.0,0.0,0.0,1.0,0.0,0.25918367346938775,0.1818181818181818,0.09090909090909091,0.14285714285714285,0.1111111111111111,1,3,0,0,0,0,0,1,0.0,0.3,0.0012471560714950559,495000.0
10675436,1,0.0,1.0,0.0,1.0,0.0,0.0,0.0,0.0,0.0,0.0,0.0,0.0,0.0,0.0,0.0,0.0,0.0,1.0,0.3704081632653061,0.2727272727272727,0.18181818181818182,0.0,0.16666666666666666,4,3,0,0,0,0,0,1,0.0,0.0,0.0019028300355531183,699000.0
10675435,1,0.0,1.0,0.0,1.0,0.0,0.0,0.0,0.0,0.0,0.0,0.0,0.0,0.0,0.0,0.0,1.0,0.0,0.0,0.18571428571428575,0.1818181818181818,0.09090909090909091,0.0,0.1111111111111111,1,2,0,0,0,0,0,1,0.0,0.4,0.00037047871535588427,449000.0
10675437,1,0.0,0.0,1.0,0.0,0.0,0.0,0.0,1.0,0.0,0.0,0.0,0.0,0.0,0.0,0.0,0.0,0.0,1.0,0.1326530612244898,0.09090909090909091,0.09090909090909091,0.07142857142857142,0.05555555555555555,4,6,0,0,0,0,1,1,0.03,0.0,0.00025126526734532744,149000.0
10675438,1,0.0,1.0,0.0,1.0,0.0,0.0,0.0,0.0,0.0,0.0,0.0,0.0,0.0,0.0,0.0,0.0,0.0,1.0,0.49081632653061225,0.1818181818181818,0.18181818181818182,0.0,0.0,1,2,0,0,0,0,0,1,0.0,0.0,0.0018450573645941563,685000.0
10675439,1,0.0,1.0,0.0,0.0,0.0,1.0,0.0,0.0,0.0,0.0,0.0,0.0,0.0,0.0,0.0,0.0,0.0,1.0,0.07142857142857142,0.09090909090909091,0.09090909090909091,0.0,0.05555555555555555,1,1,0,0,0,0,1,1,0.1,0.0,0.00015222640284424946,325000.0
10675456,1,1.0,0.0,0.0,0.0,1.0,0.0,0.0,0.0,0.0,0.0,0.0,0.0,0.0,0.0,1.0,0.0,0.0,0.0,0.1622448979591837,0.2727272727272727,0.36363636363636365,0.2857142857142857,0.2222222222222222,4,5,0,0,0,0,0,0,0.0,0.0,7.336212185265035e-05,580000.0
10675441,1,1.0,0.0,0.0,0.0,1.0,0.0,0.0,0.0,0.0,0.0,0.0,0.0,0.0,0.0,0.0,0.0,0.0,1.0,0.18673469387755104,0.2727272727272727,0.18181818181818182,0.0,0.2222222222222222,3,7,0,0,0,0,1,1,0.05,0.0,0.00023659284297479738,599000.0
10675447,0,0.0,0.0,1.0,0.0,0.0,0.0,0.0,0.0,0.0,1.0,0.0,0.0,0.0,0.0,0.0,0.0,0.0,1.0,0.07142857142857142,0.0,0.09090909090909091,0.07142857142857142,0.05555555555555555,1,2,1,0,0,0,0,1,0.0,0.1,0.0,270000.0
10675465,0,1.0,0.0,0.0,0.0,1.0,0.0,0.0,0.0,0.0,0.0,0.0,0.0,0.0,0.0,0.0,1.0,0.0,0.0,0.113265306122449,0.1818181818181818,0.09090909090909091,0.07142857142857142,0.05555555555555555,3,6,1,0,0,0,1,1,0.025,0.08,0.0,430000.0
10675461,1,1.0,0.0,0.0,0.0,1.0,0.0,0.0,0.0,0.0,0.0,0.0,0.0,0.0,0.0,0.0,1.0,0.0,0.0,0.336734693877551,0.4545454545454545,0.2727272727272727,0.21428571428571427,0.16666666666666666,1,0,0,0,0,0,1,0,0.075,0.0,0.00015772856198319825,895000.0
10675459,0,1.0,0.0,0.0,0.0,1.0,0.0,0.0,0.0,0.0,0.0,0.0,0.0,0.0,0.0,0.0,1.0,0.0,0.0,0.12244897959183676,0.09090909090909091,0.09090909090909091,0.07142857142857142,0.05555555555555555,3,0,1,0,0,0,0,1,0.0,0.0,0.0,395000.0
10675457,0,1.0,0.0,0.0,0.0,1.0,0.0,0.0,0.0,0.0,0.0,0.0,0.0,0.0,0.0,0.0,1.0,0.0,0.0,0.04591836734693878,0.0,0.09090909090909091,0.07142857142857142,0.05555555555555555,1,6,0,0,0,0,0,0,0.0,0.0,0.0,275000.0
10675463,0,1.0,0.0,0.0,0.0,1.0,0.0,0.0,0.0,0.0,0.0,0.0,0.0,0.0,0.0,0.0,1.0,0.0,0.0,0.04591836734693878,0.09090909090909091,0.09090909090909091,0.07142857142857142,0.05555555555555555,1,7,0,0,0,0,0,0,0.0,0.0,0.0,275000.0
10675460,0,1.0,0.0,0.0,0.0,1.0,0.0,0.0,0.0,0.0,0.0,0.0,0.0,0.0,0.0,0.0,1.0,0.0,0.0,0.06632653061224492,0.09090909090909091,0.09090909090909091,0.21428571428571427,0.1111111111111111,1,0,1,0,0,0,0,1,0.0,0.12,0.0,570000.0
10675462,0,1.0,0.0,0.0,0.0,1.0,0.0,0.0,0.0,0.0,0.0,0.0,0.0,0.0,0.0,0.0,1.0,0.0,0.0,0.05612244897959184,0.0,0.09090909090909091,0.07142857142857142,0.05555555555555555,4,5,0,0,0,0,0,1,0.0,0.02,0.0,195000.0
10675464,1,1.0,0.0,0.0,0.0,1.0,0.0,0.0,0.0,0.0,0.0,0.0,0.0,0.0,0.0,0.0,1.0,0.0,0.0,0.2857142857142857,0.36363636363636365,0.36363636363636365,0.21428571428571427,0.16666666666666666,3,7,0,0,0,0,1,0,0.07,0.0,0.0,640000.0
10675467,1,1.0,0.0,0.0,0.0,1.0,0.0,0.0,0.0,0.0,0.0,0.0,0.0,0.0,0.0,0.0,1.0,0.0,0.0,0.47959183673469385,0.5454545454545454,0.5454545454545454,0.2857142857142857,0.2777777777777778,3,0,0,0,0,0,1,0,0.2,0.0,0.0003356317074758753,825000.0
10675469,0,1.0,0.0,0.0,0.0,1.0,0.0,0.0,0.0,0.0,0.0,0.0,0.0,0.0,0.0,0.0,1.0,0.0,0.0,0.07959183673469389,0.09090909090909091,0.09090909090909091,0.07142857142857142,0.05555555555555555,2,3,0,0,0,0,0,0,0.0,0.0,0.0,465000.0
10675471,0,1.0,0.0,0.0,0.0,1.0,0.0,0.0,0.0,0.0,0.0,0.0,0.0,0.0,0.0,1.0,0.0,0.0,0.0,0.0653061224489796,0.09090909090909091,0.09090909090909091,0.0,0.05555555555555555,3,4,1,0,0,0,0,0,0.0,0.0,0.0,295000.0
10675477,0,1.0,0.0,0.0,0.0,1.0,0.0,0.0,0.0,0.0,0.0,0.0,0.0,0.0,0.0,0.0,1.0,0.0,0.0,0.1326530612244898,0.1818181818181818,0.09090909090909091,0.0,0.05555555555555555,4,6,0,0,0,0,0,0,0.0,0.0,0.0,310000.0
10675475,1,1.0,0.0,0.0,0.0,1.0,0.0,0.0,0.0,0.0,0.0,0.0,0.0,0.0,0.0,1.0,0.0,0.0,0.0,0.2857142857142857,0.5454545454545454,0.6363636363636364,0.42857142857142855,0.3333333333333333,5,6,0,0,0,0,0,0,0.0,0.0,0.0,675000.0
10675479,0,1.0,0.0,0.0,0.0,1.0,0.0,0.0,0.0,0.0,0.0,0.0,0.0,0.0,0.0,0.0,1.0,0.0,0.0,0.08469387755102042,0.09090909090909091,0.09090909090909091,0.0,0.05555555555555555,1,4,0,0,0,0,0,0,0.0,0.0,0.0,270000.0
10675473,0,1.0,0.0,0.0,0.0,1.0,0.0,0.0,0.0,0.0,0.0,0.0,0.0,0.0,0.0,0.0,1.0,0.0,0.0,0.1,0.2727272727272727,0.09090909090909091,0.0,0.05555555555555555,1,6,0,0,0,0,0,0,0.0,0.0,0.0,410000.0
10675480,0,1.0,0.0,0.0,0.0,1.0,0.0,0.0,0.0,0.0,0.0,0.0,0.0,0.0,0.0,0.0,1.0,0.0,0.0,0.08265306122448982,0.09090909090909091,0.09090909090909091,0.07142857142857142,0.05555555555555555,3,6,0,0,0,0,1,0,0.10400000000000001,0.0,0.0,325000.0
10675489,0,0.0,1.0,0.0,0.0,0.0,1.0,0.0,0.0,0.0,0.0,0.0,0.0,0.0,0.0,1.0,0.0,0.0,0.0,0.1,0.09090909090909091,0.09090909090909091,0.0,0.05555555555555555,1,0,1,0,0,0,0,1,0.0,0.11,0.0,449000.0
10675490,0,0.0,1.0,0.0,0.0,0.0,1.0,0.0,0.0,0.0,0.0,0.0,0.0,0.0,0.0,1.0,0.0,0.0,0.0,0.12244897959183676,0.1818181818181818,0.18181818181818182,0.0,0.1111111111111111,1,0,1,0,0,0,0,1,0.0,0.14,0.0,448000.0
10675515,0,0.0,1.0,0.0,0.0,0.0,1.0,0.0,0.0,0.0,0.0,0.0,0.0,0.0,0.0,0.0,0.0,1.0,0.0,0.06326530612244899,0.09090909090909091,0.09090909090909091,0.0,0.05555555555555555,1,1,1,0,0,0,0,1,0.0,0.28,0.0,370000.0
10675491,0,0.0,1.0,0.0,0.0,0.0,1.0,0.0,0.0,0.0,0.0,0.0,0.0,0.0,0.0,1.0,0.0,0.0,0.0,0.12244897959183676,0.1818181818181818,0.18181818181818182,0.0,0.1111111111111111,1,0,1,0,0,0,0,1,0.0,0.15,0.0,448000.0
10675516,0,0.0,1.0,0.0,0.0,0.0,1.0,0.0,0.0,0.0,0.0,0.0,0.0,0.0,0.0,0.0,0.0,1.0,0.0,0.06632653061224492,0.09090909090909091,0.09090909090909091,0.0,0.05555555555555555,1,1,1,0,0,0,0,1,0.0,0.28,0.0,395000.0
10675517,0,0.0,1.0,0.0,0.0,0.0,1.0,0.0,0.0,0.0,0.0,0.0,0.0,0.0,0.0,0.0,0.0,1.0,0.0,0.08061224489795918,0.09090909090909091,0.09090909090909091,0.0,0.05555555555555555,1,1,1,0,0,0,0,1,0.0,0.12,0.0,395000.0
10675518,0,0.0,1.0,0.0,0.0,0.0,1.0,0.0,0.0,0.0,0.0,0.0,0.0,0.0,0.0,0.0,0.0,1.0,0.0,0.04387755102040817,0.0,0.09090909090909091,0.0,0.05555555555555555,1,1,1,0,0,0,0,1,0.0,0.1,0.0,245000.0
10675519,0,0.0,1.0,0.0,0.0,0.0,1.0,0.0,0.0,0.0,0.0,0.0,0.0,0.0,0.0,0.0,0.0,1.0,0.0,0.07755102040816328,0.09090909090909091,0.09090909090909091,0.0,0.05555555555555555,1,1,1,0,0,0,0,1,0.0,0.16,0.0,330000.0
10675520,0,0.0,1.0,0.0,0.0,0.0,1.0,0.0,0.0,0.0,0.0,0.0,0.0,0.0,0.0,0.0,0.0,1.0,0.0,0.04183673469387755,0.0,0.09090909090909091,0.0,0.05555555555555555,1,1,1,0,0,0,0,1,0.0,0.1,0.0,245000.0
10675522,0,0.0,1.0,0.0,0.0,0.0,1.0,0.0,0.0,0.0,0.0,0.0,0.0,0.0,0.0,0.0,0.0,1.0,0.0,0.06326530612244899,0.09090909090909091,0.09090909090909091,0.0,0.05555555555555555,1,1,1,0,0,0,0,1,0.0,0.29,0.0,415000.0
10675523,0,0.0,1.0,0.0,0.0,0.0,1.0,0.0,0.0,0.0,0.0,0.0,0.0,0.0,0.0,0.0,0.0,1.0,0.0,0.07653061224489796,0.09090909090909091,0.09090909090909091,0.0,0.05555555555555555,1,1,1,0,0,0,0,1,0.0,0.16,0.0,325000.0
10675521,0,0.0,1.0,0.0,0.0,0.0,1.0,0.0,0.0,0.0,0.0,0.0,0.0,0.0,0.0,0.0,0.0,1.0,0.0,0.07755102040816328,0.09090909090909091,0.09090909090909091,0.0,0.05555555555555555,1,1,1,0,0,0,0,1,0.0,0.15,0.0,370000.0
10675526,0,0.0,1.0,0.0,0.0,0.0,1.0,0.0,0.0,0.0,0.0,0.0,0.0,0.0,0.0,0.0,0.0,0.0,1.0,0.13367346938775512,0.09090909090909091,0.18181818181818182,0.0,0.1111111111111111,1,1,1,0,0,0,1,1,0.45,0.13,0.0,455000.0
10675527,1,0.0,1.0,0.0,0.0,0.0,1.0,0.0,0.0,0.0,0.0,0.0,0.0,0.0,0.0,0.0,1.0,0.0,0.0,0.16836734693877553,0.1818181818181818,0.18181818181818182,0.0,0.1111111111111111,1,0,0,0,0,0,0,1,0.0,0.17,0.0,449000.0
10675528,0,0.0,1.0,0.0,0.0,0.0,0.0,1.0,0.0,0.0,0.0,0.0,0.0,0.0,0.0,0.0,1.0,0.0,0.0,0.036734693877551024,0.0,0.0,0.0,0.0,0,5,0,1,0,0,1,0,0.4,0.0,0.0,149000.0
10675529,1,0.0,0.0,1.0,0.0,0.0,0.0,0.0,1.0,0.0,0.0,0.0,0.0,0.0,0.0,0.0,0.0,1.0,0.0,0.1479591836734694,0.1818181818181818,0.09090909090909091,0.0,0.1111111111111111,1,3,0,0,0,0,0,1,0.0,0.0,0.00010087291754739423,195000.0
10675531,1,0.0,0.0,1.0,0.0,0.0,0.0,0.0,1.0,0.0,0.0,0.0,0.0,0.0,0.0,0.0,1.0,0.0,0.0,0.11734693877551022,0.1818181818181818,0.09090909090909091,0.07142857142857142,0.05555555555555555,4,6,0,0,0,0,1,1,0.12,0.1,0.00021091610032636975,169000.0
10675532,0,0.0,0.0,1.0,0.0,0.0,0.0,0.0,0.0,0.0,1.0,0.0,0.0,0.0,0.0,0.0,0.0,0.0,1.0,0.0336734693877551,0.0,0.09090909090909091,0.0,0.1111111111111111,3,3,0,0,0,0,0,0,0.0,0.0,0.0,95000.0
10675533,0,0.0,0.0,1.0,0.0,0.0,0.0,0.0,0.0,0.0,1.0,0.0,0.0,0.0,0.0,0.0,0.0,0.0,1.0,0.08265306122448982,0.0,0.09090909090909091,0.0,0.1111111111111111,3,5,0,0,0,0,0,0,0.0,0.0,0.0,159000.0
10675537,1,0.0,0.0,1.0,0.0,0.0,0.0,0.0,0.0,0.0,1.0,0.0,0.0,0.0,0.0,1.0,0.0,0.0,0.0,0.25510204081632654,0.09090909090909091,0.18181818181818182,0.07142857142857142,0.16666666666666666,3,5,0,0,0,0,1,1,0.1,0.29,0.0,299000.0
10675541,1,0.0,0.0,1.0,0.0,0.0,0.0,0.0,0.0,0.0,0.0,0.0,1.0,0.0,0.0,0.0,0.0,0.0,1.0,0.3734693877551021,0.4545454545454545,0.18181818181818182,0.07142857142857142,0.05555555555555555,3,7,0,0,0,0,0,1,0.0,0.0,0.009771834630773026,360000.0
10675535,0,0.0,0.0,1.0,0.0,0.0,0.0,0.0,0.0,0.0,1.0,0.0,0.0,0.0,0.0,0.0,0.0,0.0,1.0,0.2612244897959184,0.09090909090909091,0.09090909090909091,0.07142857142857142,0.16666666666666666,3,3,0,0,0,0,1,0,0.08,0.0,0.0,287000.0
10675543,1,0.0,0.0,1.0,0.0,0.0,0.0,0.0,0.0,0.0,0.0,0.0,1.0,0.0,0.0,0.0,0.0,0.0,1.0,0.07653061224489796,0.09090909090909091,0.09090909090909091,0.07142857142857142,0.0,5,7,0,0,0,0,1,0,0.4,0.0,0.0004585132615790647,135000.0
10675544,1,0.0,0.0,1.0,0.0,0.0,0.0,0.0,1.0,0.0,0.0,0.0,0.0,0.0,0.0,0.0,1.0,0.0,0.0,0.15306122448979595,0.36363636363636365,0.18181818181818182,0.0,0.1111111111111111,4,4,0,0,0,0,0,0,0.0,0.0,0.00011921344801055682,130000.0
10675545,1,0.0,0.0,1.0,0.0,0.0,0.0,0.0,1.0,0.0,0.0,0.0,0.0,0.0,0.0,0.0,0.0,0.0,1.0,0.17346938775510207,0.2727272727272727,0.09090909090909091,0.0,0.1111111111111111,1,4,0,0,1,0,1,1,0.5,0.0,0.0005685564443580402,419000.0
10675542,1,0.0,0.0,1.0,0.0,0.0,0.0,0.0,0.0,0.0,0.0,0.0,1.0,0.0,0.0,0.0,0.0,0.0,1.0,0.1142857142857143,0.09090909090909091,0.09090909090909091,0.07142857142857142,0.1111111111111111,5,4,0,0,0,0,1,0,0.062,0.0,0.0001779031454926771,93000.0
10675552,1,0.0,0.0,1.0,0.0,0.0,0.0,0.0,1.0,0.0,0.0,0.0,0.0,0.0,0.0,0.0,0.0,0.0,1.0,0.07448979591836735,0.09090909090909091,0.09090909090909091,0.0,0.0,4,6,0,0,0,0,0,1,0.0,0.0,7.794725446844099e-05,69000.0
10675546,1,0.0,0.0,1.0,0.0,0.0,0.0,0.0,1.0,0.0,0.0,0.0,0.0,0.0,0.0,0.0,1.0,0.0,0.0,0.09693877551020408,0.09090909090909091,0.09090909090909091,0.0,0.05555555555555555,5,6,0,0,0,0,0,1,0.0,0.0,0.00016047964155267263,85000.0
10675548,1,0.0,0.0,1.0,0.0,0.0,0.0,0.0,1.0,0.0,0.0,0.0,0.0,0.0,0.0,1.0,0.0,0.0,0.0,0.163265306122449,0.1818181818181818,0.09090909090909091,0.7142857142857142,0.05555555555555555,1,4,0,0,0,0,0,1,0.0,0.2,0.0009170265231581294,320000.0
10675559,0,0.0,1.0,0.0,1.0,0.0,0.0,0.0,0.0,0.0,0.0,0.0,0.0,0.0,0.0,0.0,0.0,0.0,1.0,0.08673469387755103,0.09090909090909091,0.09090909090909091,0.0,0.1111111111111111,3,3,0,1,0,0,0,1,0.0,0.0,0.0,289000.0
10675554,1,0.0,0.0,1.0,0.0,0.0,0.0,0.0,1.0,0.0,0.0,0.0,0.0,0.0,0.0,0.0,0.0,0.0,1.0,0.23469387755102042,0.36363636363636365,0.18181818181818182,0.14285714285714285,0.0,3,5,0,0,0,0,1,1,0.625,0.0,0.0010316548385528954,399000.0
10675558,1,0.0,0.0,1.0,0.0,0.0,0.0,0.0,1.0,0.0,0.0,0.0,0.0,0.0,0.0,0.0,0.0,0.0,1.0,0.9051020408163266,0.9090909090909091,0.4545454545454546,0.3571428571428571,0.0,1,3,0,0,1,0,0,1,0.0,0.0,0.0127750964941159,2300000.0
10675555,1,0.0,0.0,1.0,0.0,0.0,0.0,0.0,1.0,0.0,0.0,0.0,0.0,0.0,0.0,0.0,0.0,1.0,0.0,0.2479591836734694,0.36363636363636365,0.18181818181818182,0.14285714285714285,0.0,4,3,0,0,0,0,0,1,0.0,0.0,0.00017331801287688646,295000.0
10675561,1,0.0,1.0,0.0,0.0,0.0,1.0,0.0,0.0,0.0,0.0,0.0,0.0,0.0,0.0,1.0,0.0,0.0,0.0,0.0816326530612245,0.09090909090909091,0.09090909090909091,0.0,0.05555555555555555,3,2,0,0,0,0,0,0,0.0,0.0,0.0,265000.0
10675567,1,0.0,1.0,0.0,1.0,0.0,0.0,0.0,0.0,0.0,0.0,0.0,0.0,0.0,0.0,0.0,0.0,1.0,0.0,0.16632653061224492,0.1818181818181818,0.09090909090909091,0.0,0.05555555555555555,3,2,0,1,0,0,1,1,0.061,0.29,0.0,349500.0
10675562,1,0.0,1.0,0.0,0.0,0.0,0.0,0.0,0.0,0.0,0.0,0.0,0.0,0.0,1.0,0.0,0.0,1.0,0.0,0.3734693877551021,0.36363636363636365,0.2727272727272727,0.21428571428571427,0.2222222222222222,1,2,0,0,0,0,1,1,1.0,0.0,0.001651564768207791,4995000.0
10675563,1,0.0,0.0,1.0,0.0,0.0,0.0,0.0,0.0,0.0,0.0,0.0,0.0,1.0,0.0,0.0,0.0,0.0,1.0,0.11734693877551022,0.09090909090909091,0.18181818181818182,0.14285714285714285,0.1111111111111111,4,3,0,0,0,0,1,1,0.85,0.54,0.0009051051783570737,349000.0
10675571,0,0.0,1.0,0.0,0.0,0.0,0.0,0.0,0.0,0.0,0.0,0.0,0.0,0.0,1.0,0.0,0.0,0.0,1.0,0.031632653061224494,0.0,0.09090909090909091,0.0,0.05555555555555555,3,0,0,0,0,0,0,0,0.0,0.0,0.0,130000.0
10675572,1,0.0,1.0,0.0,0.0,0.0,0.0,1.0,0.0,0.0,0.0,0.0,0.0,0.0,0.0,0.0,1.0,0.0,0.0,0.10204081632653061,0.09090909090909091,0.09090909090909091,0.0,0.05555555555555555,4,4,0,0,0,0,0,1,0.0,0.0,0.00020724799423373723,388000.0
10675578,1,0.0,0.0,1.0,0.0,0.0,0.0,0.0,1.0,0.0,0.0,0.0,0.0,0.0,0.0,0.0,0.0,0.0,1.0,0.2602040816326531,0.36363636363636365,0.18181818181818182,0.14285714285714285,0.1111111111111111,0,0,0,0,0,0,0,1,0.0,0.0,0.0,140000.0
10675570,0,0.0,1.0,0.0,1.0,0.0,0.0,0.0,0.0,0.0,0.0,0.0,0.0,0.0,0.0,0.0,0.0,0.0,1.0,0.08469387755102042,0.1818181818181818,0.09090909090909091,0.0,0.0,0,3,0,0,0,0,0,1,0.0,0.0,0.0,249000.0
10675579,1,0.0,1.0,0.0,1.0,0.0,0.0,0.0,0.0,0.0,0.0,0.0,0.0,0.0,0.0,0.0,0.0,1.0,0.0,0.18877551020408165,0.2727272727272727,0.09090909090909091,0.07142857142857142,0.1111111111111111,2,2,0,0,0,0,1,1,0.045,0.16,0.00012288155410318933,329000.0
10675583,0,1.0,0.0,0.0,0.0,1.0,0.0,0.0,0.0,0.0,0.0,0.0,0.0,0.0,0.0,0.0,0.0,0.0,1.0,0.022448979591836733,0.0,0.09090909090909091,0.0,0.05555555555555555,3,5,0,0,0,0,0,1,0.0,0.13,0.0,199000.0
10675584,1,0.0,0.0,1.0,0.0,0.0,0.0,0.0,0.0,0.0,0.0,0.0,0.0,1.0,0.0,0.0,0.0,0.0,1.0,0.2142857142857143,0.1818181818181818,0.09090909090909091,0.07142857142857142,0.1111111111111111,3,5,0,0,0,0,1,0,0.8,0.0,0.0007675511998833542,465000.0
10675581,1,0.0,0.0,1.0,0.0,0.0,0.0,0.0,1.0,0.0,0.0,0.0,0.0,0.0,0.0,0.0,1.0,0.0,0.0,0.04081632653061225,0.09090909090909091,0.09090909090909091,0.0,0.0,5,6,0,0,0,0,0,1,0.0,0.0,0.0,59000.0
10675587,1,0.0,0.0,1.0,0.0,0.0,0.0,0.0,0.0,0.0,0.0,1.0,0.0,0.0,0.0,0.0,0.0,0.0,1.0,0.1836734693877551,0.2727272727272727,0.18181818181818182,0.0,0.0,0,6,0,0,0,0,0,1,0.0,1.0,0.0002659376917158575,225000.0
10675589,1,0.0,0.0,1.0,0.0,0.0,0.0,0.0,0.0,0.0,1.0,0.0,0.0,0.0,0.0,0.0,1.0,0.0,0.0,0.1326530612244898,0.2727272727272727,0.09090909090909091,0.07142857142857142,0.1111111111111111,1,2,0,0,0,0,0,1,0.0,0.0,0.0,449000.0
10675588,1,0.0,1.0,0.0,0.0,0.0,0.0,1.0,0.0,0.0,0.0,0.0,0.0,0.0,0.0,0.0,0.0,1.0,0.0,0.17040816326530614,0.1818181818181818,0.09090909090909091,0.0,0.05555555555555555,5,6,0,0,0,0,0,0,0.0,0.0,0.0007125296084938665,425000.0
10675591,1,0.0,1.0,0.0,1.0,0.0,0.0,0.0,0.0,0.0,0.0,0.0,0.0,0.0,0.0,0.0,0.0,0.0,1.0,0.14285714285714288,0.09090909090909091,0.09090909090909091,0.0,0.0,3,2,0,0,0,0,0,1,0.0,0.0,0.0,297500.0
10675594,1,0.0,1.0,0.0,0.0,0.0,0.0,1.0,0.0,0.0,0.0,0.0,0.0,0.0,0.0,0.0,0.0,1.0,0.0,0.16938775510204085,0.1818181818181818,0.09090909090909091,0.0,0.1111111111111111,5,4,0,0,0,0,0,0,0.0,0.0,0.00039523843148115377,435000.0
10675590,1,0.0,0.0,1.0,0.0,0.0,0.0,0.0,0.0,0.0,1.0,0.0,0.0,0.0,0.0,1.0,0.0,0.0,0.0,0.15306122448979595,0.2727272727272727,0.09090909090909091,0.0,0.0,3,4,0,0,0,0,0,1,0.0,0.0,0.0,270000.0
10675596,0,0.0,0.0,1.0,0.0,0.0,0.0,0.0,1.0,0.0,0.0,0.0,0.0,0.0,0.0,1.0,0.0,0.0,0.0,0.04591836734693878,0.09090909090909091,0.09090909090909091,0.0,0.05555555555555555,3,7,1,0,0,0,0,1,0.0,0.0,0.0,99000.0
10675598,1,0.0,0.0,1.0,0.0,0.0,0.0,0.0,1.0,0.0,0.0,0.0,0.0,0.0,0.0,0.0,0.0,1.0,0.0,0.336734693877551,0.36363636363636365,0.18181818181818182,0.0,0.1111111111111111,5,7,0,0,0,0,0,1,0.0,0.0,0.0169824141823654,399000.0
10675600,1,0.0,0.0,1.0,0.0,0.0,0.0,0.0,1.0,0.0,0.0,0.0,0.0,0.0,0.0,1.0,0.0,0.0,0.0,0.3336734693877551,0.6363636363636364,0.36363636363636365,0.0,0.2222222222222222,1,3,0,0,0,0,0,1,0.0,0.0,0.0,800000.0
10675603,1,0.0,0.0,1.0,0.0,0.0,0.0,0.0,1.0,0.0,0.0,0.0,0.0,0.0,0.0,0.0,0.0,0.0,1.0,0.07346938775510206,0.1818181818181818,0.09090909090909091,0.0,0.05555555555555555,4,7,0,0,0,0,1,0,0.4,0.0,0.00044200678416221834,175000.0
10675601,1,0.0,0.0,1.0,0.0,0.0,0.0,0.0,1.0,0.0,0.0,0.0,0.0,0.0,0.0,0.0,1.0,0.0,0.0,0.3336734693877551,0.6363636363636364,0.36363636363636365,0.0,0.2222222222222222,1,3,0,0,0,0,0,1,0.0,0.0,0.0,800000.0
10675606,1,0.0,1.0,0.0,1.0,0.0,0.0,0.0,0.0,0.0,0.0,0.0,0.0,0.0,0.0,0.0,0.0,1.0,0.0,0.18673469387755104,0.1818181818181818,0.09090909090909091,0.0,0.0,3,6,0,0,0,0,0,0,0.0,0.0,0.00018340530463162587,319000.0
10675605,1,0.0,0.0,1.0,0.0,0.0,0.0,0.0,1.0,0.0,0.0,0.0,0.0,0.0,0.0,0.0,0.0,0.0,1.0,0.1306122448979592,0.09090909090909091,0.09090909090909091,0.0,0.05555555555555555,0,0,0,0,0,0,0,0,0.0,0.0,0.0,175000.0
10675608,0,0.0,0.0,1.0,0.0,0.0,0.0,0.0,0.0,0.0,0.0,0.0,0.0,1.0,0.0,0.0,0.0,0.0,1.0,0.10714285714285715,0.09090909090909091,0.18181818181818182,0.07142857142857142,0.1111111111111111,1,1,1,0,0,0,0,1,0.0,0.13,0.0,469000.0
10675609,0,0.0,0.0,1.0,0.0,0.0,0.0,0.0,0.0,0.0,0.0,0.0,0.0,1.0,0.0,0.0,0.0,0.0,1.0,0.05510204081632653,0.0,0.09090909090909091,0.07142857142857142,0.05555555555555555,1,1,0,0,0,0,0,1,0.0,0.14,0.0,318500.0
10675607,0,0.0,0.0,1.0,0.0,0.0,0.0,0.0,0.0,0.0,0.0,0.0,0.0,1.0,0.0,0.0,0.0,0.0,1.0,0.113265306122449,0.1818181818181818,0.18181818181818182,0.07142857142857142,0.1111111111111111,1,1,1,0,0,0,1,1,0.17200000000000001,0.18,0.0,465000.0
10675611,0,0.0,0.0,1.0,0.0,0.0,0.0,0.0,0.0,0.0,0.0,0.0,0.0,1.0,0.0,0.0,0.0,0.0,1.0,0.1142857142857143,0.1818181818181818,0.18181818181818182,0.07142857142857142,0.1111111111111111,1,0,1,0,0,0,0,1,0.0,0.38,0.0,525000.0
10675610,0,0.0,0.0,1.0,0.0,0.0,0.0,0.0,0.0,0.0,0.0,0.0,0.0,1.0,0.0,0.0,0.0,0.0,1.0,0.11224489795918369,0.1818181818181818,0.18181818181818182,0.07142857142857142,0.1111111111111111,1,1,0,0,0,0,0,1,0.0,0.64,0.0,567200.0
10675614,1,0.0,1.0,0.0,0.0,0.0,0.0,1.0,0.0,0.0,0.0,0.0,0.0,0.0,0.0,0.0,0.0,0.0,1.0,0.10510204081632654,0.09090909090909091,0.09090909090909091,0.0,0.05555555555555555,3,3,0,0,0,0,0,1,0.0,0.0,0.0010408251037844769,345000.0
10675615,1,0.0,1.0,0.0,0.0,0.0,0.0,1.0,0.0,0.0,0.0,0.0,0.0,0.0,0.0,0.0,0.0,0.0,1.0,0.12244897959183676,0.09090909090909091,0.09090909090909091,0.0,0.1111111111111111,3,3,0,0,0,0,0,1,0.0,0.0,0.002396190305012192,472000.0
10675619,1,0.0,1.0,0.0,0.0,0.0,1.0,0.0,0.0,0.0,0.0,0.0,0.0,0.0,0.0,0.0,0.0,1.0,0.0,0.14489795918367349,0.36363636363636365,0.09090909090909091,0.0,0.05555555555555555,3,6,0,0,0,0,0,0,0.0,0.0,5.502159138948776e-05,135000.0
10675620,1,0.0,1.0,0.0,1.0,0.0,0.0,0.0,0.0,0.0,0.0,0.0,0.0,0.0,0.0,0.0,0.0,0.0,1.0,0.15816326530612246,0.1818181818181818,0.09090909090909091,0.0,0.1111111111111111,3,2,0,0,0,0,1,1,0.085,0.17,0.00020816502075689537,425000.0
10675618,0,0.0,1.0,0.0,0.0,0.0,1.0,0.0,0.0,0.0,0.0,0.0,0.0,0.0,0.0,0.0,0.0,0.0,1.0,0.07755102040816328,0.09090909090909091,0.09090909090909091,0.0,0.1111111111111111,3,3,1,0,0,0,0,1,0.0,0.14,0.0,235000.0
10675616,1,0.0,1.0,0.0,1.0,0.0,0.0,0.0,0.0,0.0,0.0,0.0,0.0,0.0,0.0,0.0,0.0,1.0,0.0,0.14489795918367349,0.2727272727272727,0.18181818181818182,0.0,0.1111111111111111,1,2,0,0,0,0,1,1,0.15,0.24,0.00028978038131796885,545000.0
10675623,1,0.0,1.0,0.0,1.0,0.0,0.0,0.0,0.0,0.0,0.0,0.0,0.0,0.0,0.0,0.0,0.0,0.0,1.0,0.20714285714285716,0.1818181818181818,0.09090909090909091,0.0,0.1111111111111111,1,2,0,0,0,0,0,1,0.0,0.0,0.0012453220184487396,545000.0
10675622,1,0.0,1.0,0.0,1.0,0.0,0.0,0.0,0.0,0.0,0.0,0.0,0.0,0.0,0.0,0.0,0.0,0.0,1.0,0.2816326530612245,0.36363636363636365,0.09090909090909091,0.0,0.0,1,2,0,0,0,0,0,1,0.0,0.0,0.0007675511998833542,650000.0
10675634,1,0.0,1.0,0.0,0.0,0.0,0.0,1.0,0.0,0.0,0.0,0.0,0.0,0.0,0.0,0.0,0.0,0.0,1.0,0.17755102040816328,0.1818181818181818,0.09090909090909091,0.0,0.1111111111111111,5,6,0,0,0,0,0,1,0.0,0.0,0.001375539784737194,549000.0
10675632,1,0.0,1.0,0.0,0.0,0.0,0.0,1.0,0.0,0.0,0.0,0.0,0.0,0.0,0.0,0.0,0.0,0.0,1.0,0.17755102040816328,0.1818181818181818,0.09090909090909091,0.0,0.1111111111111111,5,6,0,0,0,0,0,1,0.0,0.0,0.001375539784737194,549000.0
10675639,1,0.0,1.0,0.0,0.0,0.0,0.0,1.0,0.0,0.0,0.0,0.0,0.0,0.0,0.0,0.0,0.0,0.0,1.0,0.13571428571428573,0.1818181818181818,0.09090909090909091,0.07142857142857142,0.1111111111111111,4,4,0,0,0,0,1,1,0.9400000000000001,0.0,0.0011737939496424055,250000.0
10675641,0,1.0,0.0,0.0,0.0,1.0,0.0,0.0,0.0,0.0,0.0,0.0,0.0,0.0,0.0,1.0,0.0,0.0,0.0,0.1275510204081633,0.1818181818181818,0.2727272727272727,0.21428571428571427,0.16666666666666666,1,4,1,0,0,0,0,1,0.0,0.0,0.0,750000.0
10675626,1,0.0,0.0,1.0,0.0,0.0,0.0,0.0,0.0,0.0,0.0,0.0,0.0,1.0,0.0,0.0,0.0,0.0,1.0,0.4030612244897959,0.36363636363636365,0.2727272727272727,0.14285714285714285,0.2222222222222222,3,3,0,0,1,0,1,1,1.0,0.6,0.003929458651732584,1350000.0
10675642,1,0.0,1.0,0.0,0.0,0.0,0.0,1.0,0.0,0.0,0.0,0.0,0.0,0.0,0.0,1.0,0.0,0.0,0.0,0.13571428571428573,0.09090909090909091,0.09090909090909091,0.0,0.1111111111111111,3,2,0,0,0,0,0,1,0.0,0.07,9.353670536212919e-05,380000.0
10675645,1,0.0,1.0,0.0,0.0,0.0,0.0,1.0,0.0,0.0,0.0,0.0,0.0,0.0,0.0,0.0,0.0,0.0,1.0,0.1816326530612245,0.36363636363636365,0.09090909090909091,0.07142857142857142,0.1111111111111111,3,2,0,0,0,0,1,1,1.0,0.0,0.009818602983454092,1450000.0
10675644,1,0.0,1.0,0.0,0.0,0.0,0.0,0.0,0.0,1.0,0.0,0.0,0.0,0.0,0.0,0.0,0.0,0.0,1.0,0.3642857142857143,0.4545454545454545,0.18181818181818182,0.0,0.0,5,4,0,0,0,0,0,0,0.0,0.0,0.0015516088771835549,445000.0
10675643,0,0.0,0.0,1.0,0.0,0.0,0.0,0.0,0.0,0.0,0.0,1.0,0.0,0.0,0.0,0.0,0.0,0.0,1.0,0.07653061224489796,0.09090909090909091,0.09090909090909091,0.07142857142857142,0.05555555555555555,1,4,0,0,0,0,0,0,0.0,0.0,0.0,219000.0
10675646,1,0.0,1.0,0.0,0.0,0.0,0.0,1.0,0.0,0.0,0.0,0.0,0.0,0.0,0.0,0.0,0.0,0.0,1.0,0.16632653061224492,0.1818181818181818,0.09090909090909091,0.0,0.1111111111111111,3,3,0,0,0,0,0,1,0.0,0.0,0.0005593861791264589,459000.0
10675648,1,0.0,1.0,0.0,0.0,0.0,0.0,1.0,0.0,0.0,0.0,0.0,0.0,0.0,0.0,0.0,0.0,0.0,1.0,0.22448979591836737,0.2727272727272727,0.09090909090909091,0.0,0.0,5,6,0,1,0,0,0,0,0.0,0.0,0.0004722686594264366,649000.0
10675651,1,0.0,0.0,1.0,0.0,0.0,0.0,0.0,1.0,0.0,0.0,0.0,0.0,0.0,0.0,0.0,0.0,0.0,1.0,0.1948979591836735,0.36363636363636365,0.18181818181818182,0.0,0.16666666666666666,3,7,0,0,0,0,0,1,0.0,0.75,0.0009170265231581294,269000.0
10675652,1,0.0,1.0,0.0,0.0,0.0,0.0,1.0,0.0,0.0,0.0,0.0,0.0,0.0,0.0,0.0,0.0,0.0,1.0,0.28877551020408165,0.0,0.18181818181818182,0.0,0.1111111111111111,5,6,0,0,0,0,0,1,0.0,0.52,0.00027969308956322947,199000.0
10675650,1,0.0,1.0,0.0,0.0,0.0,1.0,0.0,0.0,0.0,0.0,0.0,0.0,0.0,0.0,0.0,0.0,1.0,0.0,0.22448979591836737,0.36363636363636365,0.18181818181818182,0.0,0.0,4,3,0,0,0,0,0,1,0.0,0.0,0.0009720481145476171,469000.0
10544586,0,0.0,1.0,0.0,0.0,0.0,1.0,0.0,0.0,0.0,0.0,0.0,0.0,0.0,0.0,0.0,0.0,1.0,0.0,0.08673469387755103,0.1818181818181818,0.09090909090909091,0.0,0.05555555555555555,3,3,0,0,0,0,0,1,0.0,0.55,0.0,209000.0
10675755,1,0.0,1.0,0.0,1.0,0.0,0.0,0.0,0.0,0.0,0.0,0.0,0.0,0.0,0.0,0.0,0.0,0.0,1.0,0.12346938775510205,0.09090909090909091,0.09090909090909091,0.0,0.1111111111111111,1,4,0,0,0,0,1,1,0.06,0.06,0.00014580721718214257,399000.0
10675756,0,1.0,0.0,0.0,0.0,1.0,0.0,0.0,0.0,0.0,0.0,0.0,0.0,0.0,0.0,0.0,1.0,0.0,0.0,0.04081632653061225,0.09090909090909091,0.09090909090909091,0.07142857142857142,0.05555555555555555,3,3,1,0,0,0,0,1,0.0,0.0,0.0,165000.0
10675759,0,0.0,1.0,0.0,1.0,0.0,0.0,0.0,0.0,0.0,0.0,0.0,0.0,0.0,0.0,0.0,1.0,0.0,0.0,0.1275510204081633,0.1818181818181818,0.09090909090909091,0.0,0.0,3,2,0,0,0,0,0,1,0.0,0.07,0.0,449500.0
10675761,0,0.0,1.0,0.0,1.0,0.0,0.0,0.0,0.0,0.0,0.0,0.0,0.0,0.0,0.0,0.0,0.0,0.0,1.0,0.08775510204081632,0.09090909090909091,0.18181818181818182,0.0,0.0,1,0,0,0,0,0,0,1,0.0,0.19,0.0,400000.0
10675764,1,0.0,1.0,0.0,0.0,0.0,0.0,0.0,0.0,1.0,0.0,0.0,0.0,0.0,0.0,0.0,0.0,0.0,1.0,0.10408163265306122,0.1818181818181818,0.09090909090909091,0.0,0.0,0,6,0,0,0,0,0,0,0.0,0.0,0.0012526582306340048,239000.0
10675765,0,0.0,0.0,1.0,0.0,0.0,0.0,0.0,0.0,0.0,1.0,0.0,0.0,0.0,0.0,0.0,0.0,0.0,1.0,0.09081632653061225,0.1818181818181818,0.09090909090909091,0.0,0.1111111111111111,1,0,1,0,0,0,0,0,0.0,0.0,0.0,410876.0
10675766,1,0.0,1.0,0.0,0.0,0.0,0.0,0.0,0.0,1.0,0.0,0.0,0.0,0.0,0.0,0.0,0.0,1.0,0.0,0.10612244897959186,0.1818181818181818,0.09090909090909091,0.0,0.0,1,3,0,0,0,0,0,0,0.0,0.0,0.0006419185662106905,349000.0
10675768,0,0.0,1.0,0.0,0.0,0.0,0.0,0.0,0.0,1.0,0.0,0.0,0.0,0.0,0.0,0.0,0.0,0.0,1.0,0.10306122448979593,0.09090909090909091,0.09090909090909091,0.0,0.05555555555555555,1,0,0,0,0,0,0,0,0.0,0.0,0.0,319000.0
10675769,1,0.0,1.0,0.0,0.0,0.0,0.0,0.0,0.0,1.0,0.0,0.0,0.0,0.0,0.0,0.0,0.0,0.0,1.0,0.10204081632653061,0.1818181818181818,0.09090909090909091,0.0,0.0,0,6,0,0,0,0,0,1,0.0,0.0,0.00025768445300743435,199000.0
10675773,0,0.0,1.0,0.0,1.0,0.0,0.0,0.0,0.0,0.0,0.0,0.0,0.0,0.0,0.0,0.0,1.0,0.0,0.0,0.10714285714285715,0.1818181818181818,0.09090909090909091,0.07142857142857142,0.05555555555555555,2,2,1,0,0,0,0,1,0.0,0.8,0.0,695000.0
10675801,1,0.0,1.0,0.0,1.0,0.0,0.0,0.0,0.0,0.0,0.0,0.0,0.0,0.0,0.0,0.0,0.0,0.0,1.0,0.23265306122448984,0.1818181818181818,0.09090909090909091,0.0,0.05555555555555555,0,3,0,0,0,0,0,1,0.0,0.0,0.00028061011608638756,749000.0
10675815,1,0.0,0.0,1.0,0.0,0.0,0.0,0.0,0.0,0.0,0.0,0.0,1.0,0.0,0.0,0.0,0.0,0.0,1.0,0.1438775510204082,0.09090909090909091,0.09090909090909091,0.07142857142857142,0.1111111111111111,3,5,0,0,0,0,0,1,0.0,0.0,0.0014874170205624857,350000.0
10675781,1,0.0,1.0,0.0,0.0,0.0,0.0,0.0,0.0,1.0,0.0,0.0,0.0,0.0,0.0,0.0,0.0,0.0,1.0,0.13979591836734695,0.1818181818181818,0.09090909090909091,0.0,0.05555555555555555,4,6,0,0,0,0,1,1,0.195,0.35000000000000003,0.00027327390390112255,270000.0
10675804,0,1.0,0.0,0.0,0.0,1.0,0.0,0.0,0.0,0.0,0.0,0.0,0.0,0.0,0.0,0.0,1.0,0.0,0.0,0.18979591836734697,0.0,0.18181818181818182,0.0,0.0,1,0,0,0,0,0,0,1,0.0,0.14,0.0,595000.0
10675817,1,0.0,0.0,1.0,0.0,0.0,0.0,0.0,0.0,0.0,1.0,0.0,0.0,0.0,0.0,0.0,0.0,1.0,0.0,0.25,0.2727272727272727,0.09090909090909091,0.07142857142857142,0.1111111111111111,1,2,0,0,0,0,1,1,0.27,0.76,0.0003567233175085123,385000.0
10675821,0,1.0,0.0,0.0,0.0,1.0,0.0,0.0,0.0,0.0,0.0,0.0,0.0,0.0,0.0,0.0,1.0,0.0,0.0,0.05612244897959184,0.09090909090909091,0.09090909090909091,0.07142857142857142,0.05555555555555555,3,5,0,0,0,0,0,0,0.0,0.0,0.0,230000.0
10675819,1,0.0,0.0,1.0,0.0,0.0,0.0,0.0,0.0,0.0,1.0,0.0,0.0,0.0,0.0,0.0,0.0,1.0,0.0,0.1489795918367347,0.1818181818181818,0.09090909090909091,0.07142857142857142,0.1111111111111111,3,3,0,0,0,0,1,1,0.23,0.33,0.0003521381848927217,299000.0
10675878,0,0.0,1.0,0.0,1.0,0.0,0.0,0.0,0.0,0.0,0.0,0.0,0.0,0.0,0.0,0.0,0.0,0.0,1.0,0.07244897959183674,0.09090909090909091,0.09090909090909091,0.07142857142857142,0.05555555555555555,2,1,1,1,0,0,0,1,0.0,0.04,0.0,259000.0
10675924,0,0.0,1.0,0.0,1.0,0.0,0.0,0.0,0.0,0.0,0.0,0.0,0.0,0.0,0.0,0.0,0.0,0.0,1.0,0.08979591836734696,0.09090909090909091,0.09090909090909091,0.0,0.05555555555555555,3,2,0,0,0,0,0,1,0.0,0.0,0.0,199000.0
10675926,0,0.0,1.0,0.0,1.0,0.0,0.0,0.0,0.0,0.0,0.0,0.0,0.0,0.0,0.0,0.0,0.0,0.0,1.0,0.07346938775510206,0.09090909090909091,0.09090909090909091,0.0,0.05555555555555555,2,4,0,0,0,0,0,1,0.0,0.0,0.0,199000.0
10675941,1,1.0,0.0,0.0,0.0,1.0,0.0,0.0,0.0,0.0,0.0,0.0,0.0,0.0,0.0,0.0,1.0,0.0,0.0,0.20816326530612247,0.1818181818181818,0.09090909090909091,0.07142857142857142,0.0,5,7,0,0,0,0,1,0,0.115,0.0,0.00018340530463162587,420000.0
10675938,1,0.0,1.0,0.0,0.0,0.0,0.0,1.0,0.0,0.0,0.0,0.0,0.0,0.0,0.0,0.0,0.0,1.0,0.0,0.37142857142857144,0.2727272727272727,0.18181818181818182,0.0,0.0,1,0,0,0,0,0,0,0,0.0,0.0,0.0006079885848538398,1036000.0
10675937,0,0.0,1.0,0.0,0.0,0.0,0.0,0.0,0.0,1.0,0.0,0.0,0.0,0.0,0.0,0.0,0.0,0.0,1.0,0.07653061224489796,0.09090909090909091,0.18181818181818182,0.0,0.1111111111111111,1,2,1,0,1,0,0,1,0.0,0.13,0.0,310000.0
10675945,1,0.0,0.0,1.0,0.0,0.0,0.0,0.0,0.0,0.0,1.0,0.0,0.0,0.0,0.0,0.0,0.0,0.0,1.0,0.5224489795918368,0.1818181818181818,0.09090909090909091,0.07142857142857142,0.1111111111111111,5,5,0,0,0,0,0,1,0.0,0.0,0.00900520045741283,549000.0
10675946,0,0.0,1.0,0.0,0.0,0.0,1.0,0.0,0.0,0.0,0.0,0.0,0.0,0.0,0.0,0.0,0.0,0.0,1.0,0.1,0.09090909090909091,0.09090909090909091,0.0,0.05555555555555555,0,0,1,0,0,0,1,1,0.048,0.18,0.0,385000.0
10675948,0,0.0,1.0,0.0,0.0,0.0,1.0,0.0,0.0,0.0,0.0,0.0,0.0,0.0,0.0,0.0,0.0,0.0,1.0,0.10612244897959186,0.1818181818181818,0.09090909090909091,0.0,0.0,0,0,0,0,0,0,0,1,0.0,0.18,0.0,435000.0
10675947,0,0.0,1.0,0.0,0.0,0.0,1.0,0.0,0.0,0.0,0.0,0.0,0.0,0.0,0.0,0.0,0.0,0.0,1.0,0.08775510204081632,0.09090909090909091,0.09090909090909091,0.0,0.05555555555555555,0,0,1,0,0,0,0,1,0.0,0.17,0.0,380000.0
10675974,0,1.0,0.0,0.0,0.0,1.0,0.0,0.0,0.0,0.0,0.0,0.0,0.0,0.0,0.0,0.0,1.0,0.0,0.0,0.04081632653061225,0.0,0.0,0.07142857142857142,0.05555555555555555,1,0,1,0,0,0,0,1,0.0,0.0,0.0,235000.0
10675953,0,0.0,1.0,0.0,1.0,0.0,0.0,0.0,0.0,0.0,0.0,0.0,0.0,0.0,0.0,0.0,1.0,0.0,0.0,0.03775510204081633,0.0,0.0,0.0,0.0,3,3,1,0,0,0,0,1,0.0,0.0,0.0,199000.0
10675952,1,0.0,0.0,1.0,0.0,0.0,0.0,0.0,0.0,0.0,0.0,0.0,1.0,0.0,0.0,0.0,0.0,1.0,0.0,0.23775510204081637,0.4545454545454545,0.2727272727272727,0.07142857142857142,0.2222222222222222,1,1,0,0,0,0,0,1,0.0,0.0,0.001516761869303546,970000.0
10675970,1,0.0,1.0,0.0,0.0,0.0,0.0,0.0,0.0,0.0,0.0,0.0,0.0,0.0,1.0,0.0,0.0,0.0,1.0,0.2112244897959184,0.1818181818181818,0.09090909090909091,0.07142857142857142,0.1111111111111111,3,3,0,1,0,0,0,0,0.0,0.0,0.0004841900042274923,395000.0
10675973,1,0.0,0.0,1.0,0.0,0.0,0.0,0.0,1.0,0.0,0.0,0.0,0.0,0.0,0.0,0.0,0.0,0.0,1.0,0.1326530612244898,0.2727272727272727,0.09090909090909091,0.07142857142857142,0.1111111111111111,1,2,0,0,0,0,1,1,0.72,0.25,0.0007400404041886104,340000.0
10675976,0,0.0,0.0,1.0,0.0,0.0,0.0,0.0,0.0,0.0,0.0,0.0,0.0,1.0,0.0,0.0,0.0,1.0,0.0,0.04693877551020408,0.0,0.09090909090909091,0.07142857142857142,0.05555555555555555,4,4,1,0,0,0,0,1,0.0,0.0,0.0,183000.0
10675979,1,0.0,0.0,1.0,0.0,0.0,0.0,0.0,0.0,0.0,0.0,0.0,0.0,1.0,0.0,0.0,0.0,0.0,1.0,0.18877551020408165,0.2727272727272727,0.09090909090909091,0.0,0.1111111111111111,3,4,0,1,0,0,1,1,0.28500000000000003,1.0,0.0006345823540254255,459000.0
10675980,0,0.0,1.0,0.0,0.0,0.0,1.0,0.0,0.0,0.0,0.0,0.0,0.0,0.0,0.0,1.0,0.0,0.0,0.0,0.09591836734693879,0.1818181818181818,0.18181818181818182,0.0,0.0,1,0,0,0,0,0,0,1,0.0,0.12,0.0,554500.0
10675982,1,0.0,1.0,0.0,0.0,0.0,0.0,1.0,0.0,0.0,0.0,0.0,0.0,0.0,0.0,0.0,0.0,0.0,1.0,0.163265306122449,0.0,0.09090909090909091,0.0,0.05555555555555555,3,5,0,0,0,0,0,1,0.0,0.0,0.0007840576773002006,399000.0
10675985,1,1.0,0.0,0.0,0.0,1.0,0.0,0.0,0.0,0.0,0.0,0.0,0.0,0.0,0.0,0.0,0.0,0.0,1.0,0.2857142857142857,0.36363636363636365,0.18181818181818182,0.0,0.0,4,6,0,0,0,0,0,0,0.0,0.0,0.0006419185662106905,990000.0
10675986,0,1.0,0.0,0.0,0.0,1.0,0.0,0.0,0.0,0.0,0.0,0.0,0.0,0.0,0.0,0.0,0.0,0.0,1.0,0.0816326530612245,0.09090909090909091,0.09090909090909091,0.0,0.0,3,5,0,0,0,0,0,1,0.0,0.0,0.0,450000.0
10675987,0,0.0,1.0,0.0,0.0,0.0,0.0,0.0,0.0,1.0,0.0,0.0,0.0,0.0,0.0,0.0,0.0,1.0,0.0,0.1510204081632653,0.09090909090909091,0.18181818181818182,0.0,0.0,1,0,1,0,0,0,0,1,0.0,0.41000000000000003,0.0,1205000.0
10675990,0,1.0,0.0,0.0,0.0,1.0,0.0,0.0,0.0,0.0,0.0,0.0,0.0,0.0,0.0,0.0,0.0,0.0,1.0,0.30612244897959184,0.2727272727272727,0.36363636363636365,0.0,0.0,3,6,1,0,0,0,0,0,0.0,0.0,0.0,2250000.0
10675984,0,0.0,1.0,0.0,1.0,0.0,0.0,0.0,0.0,0.0,0.0,0.0,0.0,0.0,0.0,0.0,0.0,1.0,0.0,0.06938775510204082,0.09090909090909091,0.09090909090909091,0.0,0.05555555555555555,4,3,1,0,0,0,0,0,0.0,0.0,0.0,155000.0
10675991,0,1.0,0.0,0.0,0.0,1.0,0.0,0.0,0.0,0.0,0.0,0.0,0.0,0.0,0.0,0.0,0.0,0.0,1.0,0.3877551020408163,0.1818181818181818,0.2727272727272727,0.0,0.2222222222222222,1,5,1,0,1,0,1,1,1.0,1.0,0.0,3400000.0
10676001,0,1.0,0.0,0.0,0.0,1.0,0.0,0.0,0.0,0.0,0.0,0.0,0.0,0.0,0.0,0.0,1.0,0.0,0.0,0.09183673469387757,0.1818181818181818,0.09090909090909091,0.07142857142857142,0.05555555555555555,1,4,1,0,0,0,0,0,0.0,0.0,0.0,299000.0
10676003,1,0.0,1.0,0.0,1.0,0.0,0.0,0.0,0.0,0.0,0.0,0.0,0.0,0.0,0.0,0.0,0.0,0.0,1.0,0.07959183673469389,0.09090909090909091,0.09090909090909091,0.0,0.05555555555555555,0,4,0,0,0,0,0,1,0.0,0.0,0.0012930073976529623,395000.0
10676009,1,0.0,1.0,0.0,0.0,0.0,0.0,1.0,0.0,0.0,0.0,0.0,0.0,0.0,0.0,0.0,0.0,1.0,0.0,0.1459183673469388,0.1818181818181818,0.09090909090909091,0.07142857142857142,0.1111111111111111,0,0,0,0,0,0,1,1,0.21,0.15,0.0002751079569474388,485000.0
10676015,1,0.0,0.0,1.0,0.0,0.0,0.0,0.0,0.0,0.0,1.0,0.0,0.0,0.0,0.0,0.0,0.0,0.0,1.0,0.15204081632653063,0.1818181818181818,0.2727272727272727,0.0,0.16666666666666666,3,4,0,0,0,0,0,1,0.0,0.11,6.87769892368597e-05,175000.0
10676013,1,0.0,0.0,1.0,0.0,0.0,0.0,0.0,0.0,0.0,0.0,0.0,0.0,1.0,0.0,0.0,0.0,0.0,1.0,0.3979591836734694,0.36363636363636365,0.2727272727272727,0.14285714285714285,0.16666666666666666,3,3,0,0,1,0,1,1,1.0,1.0,0.0028189395321880895,820000.0
10676005,1,0.0,1.0,0.0,0.0,0.0,0.0,0.0,0.0,0.0,0.0,0.0,0.0,0.0,1.0,0.0,0.0,1.0,0.0,0.19183673469387758,0.2727272727272727,0.2727272727272727,0.0,0.1111111111111111,1,1,0,0,0,0,0,1,0.0,0.0,0.00022742257774321608,845000.0
10676012,1,0.0,1.0,0.0,0.0,0.0,0.0,1.0,0.0,0.0,0.0,0.0,0.0,0.0,0.0,0.0,0.0,0.0,1.0,0.3979591836734694,0.36363636363636365,0.2727272727272727,0.14285714285714285,0.16666666666666666,3,3,0,0,1,0,1,1,1.0,1.0,0.0028189395321880895,820000.0
10676008,1,0.0,1.0,0.0,0.0,0.0,0.0,1.0,0.0,0.0,0.0,0.0,0.0,0.0,0.0,0.0,0.0,1.0,0.0,0.1459183673469388,0.1818181818181818,0.09090909090909091,0.07142857142857142,0.1111111111111111,0,0,0,0,0,0,1,1,0.21,0.15,0.0002751079569474388,485000.0
10676020,1,0.0,1.0,0.0,0.0,0.0,1.0,0.0,0.0,0.0,0.0,0.0,0.0,0.0,0.0,0.0,0.0,0.0,1.0,0.12244897959183676,0.09090909090909091,0.09090909090909091,0.0,0.1111111111111111,5,6,0,0,0,0,1,0,0.082,0.0,0.00014855829675161696,230000.0
10544964,1,0.0,0.0,1.0,0.0,0.0,0.0,0.0,0.0,0.0,1.0,0.0,0.0,0.0,0.0,0.0,0.0,0.0,1.0,0.030612244897959183,0.0,0.09090909090909091,0.07142857142857142,0.05555555555555555,5,6,0,0,0,0,0,0,0.0,0.0,3.11789017873764e-05,75000.0
10545154,1,0.0,1.0,0.0,1.0,0.0,0.0,0.0,0.0,0.0,0.0,0.0,0.0,0.0,0.0,0.0,0.0,0.0,1.0,0.10102040816326532,0.09090909090909091,0.09090909090909091,0.0,0.0,5,6,0,0,0,0,1,0,0.076,0.0,0.0,179000.0
10676263,1,0.0,0.0,1.0,0.0,0.0,0.0,0.0,0.0,0.0,0.0,0.0,0.0,1.0,0.0,0.0,0.0,0.0,1.0,0.12244897959183676,0.1818181818181818,0.09090909090909091,0.0,0.1111111111111111,0,0,0,0,0,0,1,0,0.0,0.0,0.0004126619354211582,292500.0
10545213,1,0.0,1.0,0.0,0.0,0.0,0.0,0.0,0.0,0.0,0.0,0.0,0.0,0.0,1.0,0.0,0.0,0.0,1.0,0.23469387755102042,0.2727272727272727,0.09090909090909091,0.0,0.0,1,3,0,0,0,0,1,1,0.64,0.0,0.0007345382450496616,550000.0
10676461,0,1.0,0.0,0.0,0.0,1.0,0.0,0.0,0.0,0.0,0.0,0.0,0.0,0.0,0.0,1.0,0.0,0.0,0.0,0.04693877551020408,0.0,0.09090909090909091,0.14285714285714285,0.1111111111111111,0,1,1,0,0,0,0,1,0.0,0.11,0.0,240000.0
10676462,0,1.0,0.0,0.0,0.0,1.0,0.0,0.0,0.0,0.0,0.0,0.0,0.0,0.0,0.0,1.0,0.0,0.0,0.0,0.0673469387755102,0.09090909090909091,0.09090909090909091,0.14285714285714285,0.1111111111111111,0,1,1,0,0,0,0,1,0.0,0.11,0.0,287500.0
10676464,0,1.0,0.0,0.0,0.0,1.0,0.0,0.0,0.0,0.0,0.0,0.0,0.0,0.0,0.0,0.0,0.0,0.0,1.0,0.08673469387755103,0.09090909090909091,0.09090909090909091,0.07142857142857142,0.05555555555555555,1,0,1,0,0,0,0,1,0.0,0.08,0.0,521500.0
10676465,0,1.0,0.0,0.0,0.0,1.0,0.0,0.0,0.0,0.0,0.0,0.0,0.0,0.0,0.0,0.0,0.0,0.0,1.0,0.051020408163265314,0.0,0.09090909090909091,0.07142857142857142,0.05555555555555555,1,0,1,0,0,0,0,1,0.0,0.13,0.0,345500.0
10676468,1,0.0,1.0,0.0,0.0,0.0,0.0,0.0,0.0,0.0,0.0,0.0,0.0,0.0,1.0,0.0,0.0,0.0,1.0,0.3163265306122449,0.1818181818181818,0.09090909090909091,0.0,0.0,3,5,0,0,0,0,0,0,0.0,0.0,0.0005208710651538175,335000.0
10676471,0,1.0,0.0,0.0,0.0,1.0,0.0,0.0,0.0,0.0,0.0,0.0,0.0,0.0,0.0,0.0,0.0,0.0,1.0,0.08775510204081632,0.09090909090909091,0.09090909090909091,0.07142857142857142,0.1111111111111111,0,1,1,0,0,0,1,1,0.059000000000000004,0.12,0.0,495000.0
10676472,0,1.0,0.0,0.0,0.0,1.0,0.0,0.0,0.0,0.0,0.0,0.0,0.0,0.0,0.0,0.0,0.0,0.0,1.0,0.0653061224489796,0.09090909090909091,0.09090909090909091,0.07142857142857142,0.05555555555555555,0,1,1,0,0,0,1,1,0.055,0.12,0.0,390000.0
10676474,0,1.0,0.0,0.0,0.0,1.0,0.0,0.0,0.0,0.0,0.0,0.0,0.0,0.0,0.0,0.0,0.0,0.0,1.0,0.12448979591836737,0.1818181818181818,0.09090909090909091,0.07142857142857142,0.1111111111111111,0,1,1,0,0,0,0,1,0.0,0.56,0.0,710000.0
10676473,0,1.0,0.0,0.0,0.0,1.0,0.0,0.0,0.0,0.0,0.0,0.0,0.0,0.0,0.0,0.0,0.0,0.0,1.0,0.113265306122449,0.1818181818181818,0.18181818181818182,0.07142857142857142,0.1111111111111111,0,1,1,0,0,0,1,1,0.244,0.21,0.0,645000.0
10676475,0,1.0,0.0,0.0,0.0,1.0,0.0,0.0,0.0,0.0,0.0,0.0,0.0,0.0,0.0,0.0,0.0,0.0,1.0,0.07244897959183674,0.09090909090909091,0.09090909090909091,0.07142857142857142,0.1111111111111111,0,1,1,0,0,0,0,1,0.0,0.08,0.0,415000.0
10676479,1,1.0,0.0,0.0,0.0,1.0,0.0,0.0,0.0,0.0,0.0,0.0,0.0,0.0,0.0,0.0,0.0,0.0,1.0,0.2285714285714286,0.2727272727272727,0.09090909090909091,0.07142857142857142,0.1111111111111111,0,1,0,0,0,0,1,1,0.281,0.36,0.0,855000.0
10676484,0,1.0,0.0,0.0,0.0,1.0,0.0,0.0,0.0,0.0,0.0,0.0,0.0,0.0,0.0,1.0,0.0,0.0,0.0,0.08571428571428572,0.09090909090909091,0.18181818181818182,0.07142857142857142,0.1111111111111111,1,1,0,0,0,0,0,1,0.0,0.09,0.0,350000.0
10676480,1,1.0,0.0,0.0,0.0,1.0,0.0,0.0,0.0,0.0,0.0,0.0,0.0,0.0,0.0,0.0,0.0,0.0,1.0,0.213265306122449,0.2727272727272727,0.09090909090909091,0.07142857142857142,0.1111111111111111,0,1,0,0,0,0,1,1,0.21,0.35000000000000003,0.0,827000.0
10676483,0,1.0,0.0,0.0,0.0,1.0,0.0,0.0,0.0,0.0,0.0,0.0,0.0,0.0,0.0,1.0,0.0,0.0,0.0,0.07857142857142857,0.09090909090909091,0.09090909090909091,0.07142857142857142,0.1111111111111111,1,1,1,0,0,0,0,1,0.0,0.05,0.0,349000.0
10676482,1,1.0,0.0,0.0,0.0,1.0,0.0,0.0,0.0,0.0,0.0,0.0,0.0,0.0,0.0,0.0,0.0,0.0,1.0,0.2091836734693878,0.1818181818181818,0.18181818181818182,0.07142857142857142,0.1111111111111111,0,1,0,0,0,0,1,1,0.186,0.17,0.0,774500.0
10676481,1,1.0,0.0,0.0,0.0,1.0,0.0,0.0,0.0,0.0,0.0,0.0,0.0,0.0,0.0,0.0,0.0,0.0,1.0,0.22244897959183677,0.2727272727272727,0.09090909090909091,0.07142857142857142,0.1111111111111111,0,1,0,0,0,0,1,1,0.324,0.48,0.0,850000.0
10676485,0,1.0,0.0,0.0,0.0,1.0,0.0,0.0,0.0,0.0,0.0,0.0,0.0,0.0,0.0,1.0,0.0,0.0,0.0,0.06122448979591837,0.0,0.09090909090909091,0.07142857142857142,0.1111111111111111,1,1,0,0,0,0,0,0,0.0,0.0,0.0,309000.0
10676489,0,1.0,0.0,0.0,0.0,1.0,0.0,0.0,0.0,0.0,0.0,0.0,0.0,0.0,0.0,1.0,0.0,0.0,0.0,0.05510204081632653,0.0,0.09090909090909091,0.07142857142857142,0.05555555555555555,1,1,1,0,0,0,0,1,0.0,0.08,0.0,279000.0
10676490,0,1.0,0.0,0.0,0.0,1.0,0.0,0.0,0.0,0.0,0.0,0.0,0.0,0.0,0.0,1.0,0.0,0.0,0.0,0.07244897959183674,0.09090909090909091,0.09090909090909091,0.07142857142857142,0.05555555555555555,1,1,1,0,0,0,0,1,0.0,0.06,0.0,330000.0
10676487,0,1.0,0.0,0.0,0.0,1.0,0.0,0.0,0.0,0.0,0.0,0.0,0.0,0.0,0.0,1.0,0.0,0.0,0.0,0.05612244897959184,0.0,0.09090909090909091,0.07142857142857142,0.05555555555555555,0,0,1,0,0,0,0,1,0.0,0.05,0.0,291000.0
10676486,0,1.0,0.0,0.0,0.0,1.0,0.0,0.0,0.0,0.0,0.0,0.0,0.0,0.0,0.0,1.0,0.0,0.0,0.0,0.07551020408163267,0.09090909090909091,0.09090909090909091,0.07142857142857142,0.05555555555555555,0,0,1,0,0,0,0,1,0.0,0.06,0.0,380000.0
10676488,0,1.0,0.0,0.0,0.0,1.0,0.0,0.0,0.0,0.0,0.0,0.0,0.0,0.0,0.0,1.0,0.0,0.0,0.0,0.07653061224489796,0.09090909090909091,0.09090909090909091,0.07142857142857142,0.05555555555555555,0,0,1,0,0,0,0,1,0.0,0.06,0.0,352000.0
10676491,0,1.0,0.0,0.0,0.0,1.0,0.0,0.0,0.0,0.0,0.0,0.0,0.0,0.0,0.0,1.0,0.0,0.0,0.0,0.07755102040816328,0.09090909090909091,0.18181818181818182,0.14285714285714285,0.1111111111111111,1,1,1,0,0,0,0,1,0.0,0.1,0.0,372000.0
10676493,0,1.0,0.0,0.0,0.0,1.0,0.0,0.0,0.0,0.0,0.0,0.0,0.0,0.0,0.0,1.0,0.0,0.0,0.0,0.06326530612244899,0.09090909090909091,0.09090909090909091,0.07142857142857142,0.1111111111111111,1,1,1,0,0,0,0,1,0.0,0.06,0.0,308000.0
10676494,0,1.0,0.0,0.0,0.0,1.0,0.0,0.0,0.0,0.0,0.0,0.0,0.0,0.0,0.0,1.0,0.0,0.0,0.0,0.06224489795918368,0.09090909090909091,0.09090909090909091,0.07142857142857142,0.1111111111111111,1,1,1,0,0,0,0,1,0.0,0.06,0.0,326000.0
10676492,0,1.0,0.0,0.0,0.0,1.0,0.0,0.0,0.0,0.0,0.0,0.0,0.0,0.0,0.0,1.0,0.0,0.0,0.0,0.08061224489795918,0.09090909090909091,0.18181818181818182,0.14285714285714285,0.1111111111111111,1,1,1,0,0,0,0,1,0.0,0.1,0.0,360000.0
10676496,0,1.0,0.0,0.0,0.0,1.0,0.0,0.0,0.0,0.0,0.0,0.0,0.0,0.0,0.0,1.0,0.0,0.0,0.0,0.07551020408163267,0.09090909090909091,0.09090909090909091,0.07142857142857142,0.1111111111111111,1,1,1,0,0,0,0,1,0.0,0.08,0.0,390000.0
10676495,0,1.0,0.0,0.0,0.0,1.0,0.0,0.0,0.0,0.0,0.0,0.0,0.0,0.0,0.0,1.0,0.0,0.0,0.0,0.07346938775510206,0.09090909090909091,0.09090909090909091,0.14285714285714285,0.1111111111111111,1,1,1,0,0,0,0,1,0.0,0.08,0.0,361000.0
10676501,0,1.0,0.0,0.0,0.0,1.0,0.0,0.0,0.0,0.0,0.0,0.0,0.0,0.0,0.0,1.0,0.0,0.0,0.0,0.1438775510204082,0.1818181818181818,0.18181818181818182,0.14285714285714285,0.05555555555555555,1,1,1,0,0,0,0,1,0.0,0.14,0.0,746000.0
10676497,0,1.0,0.0,0.0,0.0,1.0,0.0,0.0,0.0,0.0,0.0,0.0,0.0,0.0,0.0,1.0,0.0,0.0,0.0,0.06122448979591837,0.0,0.09090909090909091,0.07142857142857142,0.1111111111111111,1,1,1,0,0,0,0,1,0.0,0.26,0.0,340000.0
10676498,0,1.0,0.0,0.0,0.0,1.0,0.0,0.0,0.0,0.0,0.0,0.0,0.0,0.0,0.0,1.0,0.0,0.0,0.0,0.08571428571428572,0.09090909090909091,0.18181818181818182,0.07142857142857142,0.1111111111111111,1,1,1,0,0,0,0,1,0.0,0.08,0.0,434000.0
10676508,0,1.0,0.0,0.0,0.0,1.0,0.0,0.0,0.0,0.0,0.0,0.0,0.0,0.0,0.0,1.0,0.0,0.0,0.0,0.04591836734693878,0.0,0.09090909090909091,0.07142857142857142,0.05555555555555555,0,1,1,0,0,0,0,1,0.0,0.06,0.0,269000.0
10676499,0,1.0,0.0,0.0,0.0,1.0,0.0,0.0,0.0,0.0,0.0,0.0,0.0,0.0,0.0,1.0,0.0,0.0,0.0,0.07959183673469389,0.09090909090909091,0.18181818181818182,0.07142857142857142,0.1111111111111111,1,1,1,0,0,0,0,1,0.0,0.08,0.0,367000.0
10676502,0,1.0,0.0,0.0,0.0,1.0,0.0,0.0,0.0,0.0,0.0,0.0,0.0,0.0,0.0,1.0,0.0,0.0,0.0,0.08571428571428572,0.09090909090909091,0.18181818181818182,0.14285714285714285,0.1111111111111111,1,1,1,0,0,0,0,1,0.0,0.13,0.0,407000.0
10676509,0,1.0,0.0,0.0,0.0,1.0,0.0,0.0,0.0,0.0,0.0,0.0,0.0,0.0,0.0,1.0,0.0,0.0,0.0,0.07346938775510206,0.09090909090909091,0.09090909090909091,0.07142857142857142,0.1111111111111111,1,1,1,0,0,0,0,0,0.0,0.0,0.0,325000.0
10676513,0,0.0,1.0,0.0,0.0,0.0,0.0,0.0,0.0,0.0,0.0,0.0,0.0,0.0,1.0,0.0,0.0,1.0,0.0,0.06938775510204082,0.1818181818181818,0.18181818181818182,0.14285714285714285,0.1111111111111111,2,1,1,0,0,0,0,1,0.0,0.04,0.0,795000.0
10676507,0,1.0,0.0,0.0,0.0,1.0,0.0,0.0,0.0,0.0,0.0,0.0,0.0,0.0,0.0,1.0,0.0,0.0,0.0,0.10816326530612247,0.1818181818181818,0.18181818181818182,0.07142857142857142,0.05555555555555555,0,1,1,0,0,0,0,1,0.0,0.13,0.0,476000.0
10676505,0,1.0,0.0,0.0,0.0,1.0,0.0,0.0,0.0,0.0,0.0,0.0,0.0,0.0,0.0,1.0,0.0,0.0,0.0,0.09285714285714286,0.09090909090909091,0.09090909090909091,0.07142857142857142,0.05555555555555555,0,1,1,0,0,0,0,1,0.0,0.1,0.0,432000.0
10676504,0,1.0,0.0,0.0,0.0,1.0,0.0,0.0,0.0,0.0,0.0,0.0,0.0,0.0,0.0,1.0,0.0,0.0,0.0,0.09387755102040818,0.09090909090909091,0.09090909090909091,0.07142857142857142,0.05555555555555555,0,1,1,0,0,0,0,1,0.0,0.1,0.0,444000.0
10676500,0,1.0,0.0,0.0,0.0,1.0,0.0,0.0,0.0,0.0,0.0,0.0,0.0,0.0,0.0,1.0,0.0,0.0,0.0,0.05612244897959184,0.0,0.09090909090909091,0.07142857142857142,0.1111111111111111,1,1,1,0,0,0,0,1,0.0,0.08,0.0,309000.0
10676503,0,1.0,0.0,0.0,0.0,1.0,0.0,0.0,0.0,0.0,0.0,0.0,0.0,0.0,0.0,1.0,0.0,0.0,0.0,0.08877551020408164,0.09090909090909091,0.18181818181818182,0.14285714285714285,0.1111111111111111,1,1,1,0,0,0,0,1,0.0,0.1,0.0,407000.0
10676506,0,1.0,0.0,0.0,0.0,1.0,0.0,0.0,0.0,0.0,0.0,0.0,0.0,0.0,0.0,1.0,0.0,0.0,0.0,0.04693877551020408,0.0,0.09090909090909091,0.07142857142857142,0.05555555555555555,0,1,1,0,0,0,0,1,0.0,0.06,0.0,272000.0
10676515,0,0.0,1.0,0.0,0.0,0.0,0.0,0.0,0.0,0.0,0.0,0.0,0.0,0.0,1.0,0.0,0.0,1.0,0.0,0.07448979591836735,0.1818181818181818,0.18181818181818182,0.14285714285714285,0.1111111111111111,3,2,1,0,0,0,0,1,0.0,0.05,0.0,635000.0
10676518,0,0.0,1.0,0.0,0.0,0.0,0.0,0.0,0.0,0.0,0.0,0.0,0.0,0.0,1.0,0.0,0.0,1.0,0.0,0.1326530612244898,0.09090909090909091,0.18181818181818182,0.14285714285714285,0.1111111111111111,1,1,1,0,0,0,0,1,0.0,0.1,0.0,2950000.0
10676511,1,0.0,1.0,0.0,0.0,0.0,0.0,0.0,0.0,0.0,0.0,0.0,0.0,0.0,1.0,0.0,0.0,1.0,0.0,0.20000000000000004,0.2727272727272727,0.09090909090909091,0.0,0.0,3,3,0,0,0,0,1,1,0.371,0.25,0.0005382945690938219,1100000.0
10676510,0,1.0,0.0,0.0,0.0,1.0,0.0,0.0,0.0,0.0,0.0,0.0,0.0,0.0,0.0,1.0,0.0,0.0,0.0,0.09183673469387757,0.1818181818181818,0.18181818181818182,0.07142857142857142,0.05555555555555555,1,1,1,0,0,0,0,1,0.0,0.07,0.0,386000.0
10676514,0,0.0,1.0,0.0,0.0,0.0,0.0,0.0,0.0,0.0,0.0,0.0,0.0,0.0,1.0,0.0,0.0,1.0,0.0,0.06428571428571428,0.1818181818181818,0.18181818181818182,0.14285714285714285,0.1111111111111111,2,2,1,0,0,0,0,1,0.0,0.06,0.0,795000.0
10676512,1,0.0,1.0,0.0,0.0,0.0,0.0,0.0,0.0,0.0,0.0,0.0,0.0,0.0,1.0,0.0,0.0,1.0,0.0,0.3918367346938776,0.4545454545454545,0.2727272727272727,0.0,0.0,1,1,1,0,0,0,1,1,0.449,0.4,0.0005144518794917105,5650000.0
10676525,0,0.0,1.0,0.0,0.0,0.0,0.0,0.0,0.0,0.0,0.0,0.0,0.0,0.0,1.0,0.0,0.0,1.0,0.0,0.08979591836734696,0.09090909090909091,0.18181818181818182,0.14285714285714285,0.16666666666666666,3,2,1,0,0,0,0,1,0.0,0.16,0.0,1250000.0
10676516,0,0.0,1.0,0.0,0.0,0.0,0.0,0.0,0.0,0.0,0.0,0.0,0.0,0.0,1.0,0.0,0.0,1.0,0.0,0.08673469387755103,0.1818181818181818,0.2727272727272727,0.14285714285714285,0.16666666666666666,2,2,1,0,0,0,0,1,0.0,0.22,0.0,1250000.0
10676519,0,0.0,1.0,0.0,0.0,0.0,0.0,0.0,0.0,0.0,0.0,0.0,0.0,0.0,1.0,0.0,0.0,1.0,0.0,0.05612244897959184,0.09090909090909091,0.09090909090909091,0.07142857142857142,0.05555555555555555,1,2,1,0,0,0,1,1,0.045,0.25,0.0,665000.0
10676526,0,0.0,1.0,0.0,0.0,0.0,0.0,0.0,0.0,0.0,0.0,0.0,0.0,0.0,1.0,0.0,0.0,1.0,0.0,0.12244897959183676,0.1818181818181818,0.18181818181818182,0.14285714285714285,0.16666666666666666,3,1,1,0,0,0,0,1,0.0,0.1,0.0,1135000.0
10676527,0,0.0,1.0,0.0,0.0,0.0,0.0,0.0,0.0,0.0,0.0,0.0,0.0,0.0,1.0,0.0,0.0,1.0,0.0,0.06632653061224492,0.09090909090909091,0.18181818181818182,0.14285714285714285,0.1111111111111111,2,2,1,0,0,0,0,1,0.0,0.04,0.0,1000000.0
10676517,0,0.0,1.0,0.0,0.0,0.0,0.0,0.0,0.0,0.0,0.0,0.0,0.0,0.0,1.0,0.0,0.0,1.0,0.0,0.039795918367346944,0.0,0.09090909090909091,0.07142857142857142,0.05555555555555555,3,2,1,0,0,0,0,1,0.0,0.04,0.0,495000.0
10676520,0,0.0,1.0,0.0,0.0,0.0,0.0,0.0,0.0,0.0,0.0,0.0,0.0,0.0,1.0,0.0,0.0,1.0,0.0,0.0816326530612245,0.09090909090909091,0.18181818181818182,0.14285714285714285,0.1111111111111111,1,2,0,0,0,0,1,1,0.077,0.4,0.0,995000.0
10676521,0,0.0,1.0,0.0,0.0,0.0,0.0,0.0,0.0,0.0,0.0,0.0,0.0,0.0,1.0,0.0,0.0,1.0,0.0,0.08775510204081632,0.1818181818181818,0.18181818181818182,0.14285714285714285,0.1111111111111111,1,1,1,0,0,0,0,1,0.0,0.05,0.0,695000.0
10676528,0,0.0,1.0,0.0,0.0,0.0,0.0,0.0,0.0,0.0,0.0,0.0,0.0,0.0,1.0,0.0,0.0,1.0,0.0,0.23877551020408164,0.1818181818181818,0.18181818181818182,0.14285714285714285,0.1111111111111111,1,1,1,0,0,0,0,1,0.0,0.17,0.0,1675000.0
10676529,0,0.0,1.0,0.0,0.0,0.0,0.0,0.0,0.0,0.0,0.0,0.0,0.0,0.0,1.0,0.0,0.0,1.0,0.0,0.06632653061224492,0.09090909090909091,0.09090909090909091,0.07142857142857142,0.1111111111111111,1,2,1,0,0,0,0,1,0.0,0.06,0.0,695000.0
10676522,0,0.0,1.0,0.0,0.0,0.0,0.0,0.0,0.0,0.0,0.0,0.0,0.0,0.0,1.0,0.0,0.0,1.0,0.0,0.07551020408163267,0.1818181818181818,0.09090909090909091,0.07142857142857142,0.05555555555555555,1,2,1,0,0,0,0,1,0.0,0.06,0.0,675000.0
10676524,1,0.0,1.0,0.0,0.0,0.0,0.0,0.0,0.0,0.0,0.0,0.0,0.0,0.0,1.0,0.0,0.0,1.0,0.0,0.25,0.2727272727272727,0.2727272727272727,0.0,0.0,1,1,0,0,0,0,1,1,0.05,0.3,0.00027602498347059694,1295000.0
10676523,1,0.0,1.0,0.0,0.0,0.0,0.0,0.0,0.0,0.0,0.0,0.0,0.0,0.0,1.0,0.0,0.0,1.0,0.0,0.11938775510204083,0.1818181818181818,0.09090909090909091,0.0,0.0,5,5,0,0,0,0,0,0,0.0,0.0,0.00015222640284424946,475000.0
10676530,0,0.0,1.0,0.0,0.0,0.0,0.0,0.0,0.0,0.0,0.0,0.0,0.0,0.0,1.0,0.0,0.0,1.0,0.0,0.059183673469387764,0.1818181818181818,0.18181818181818182,0.14285714285714285,0.1111111111111111,1,2,1,0,0,0,0,1,0.0,0.06,0.0,594000.0
10676532,0,0.0,1.0,0.0,0.0,0.0,0.0,0.0,0.0,0.0,0.0,0.0,0.0,0.0,1.0,0.0,0.0,1.0,0.0,0.05816326530612246,0.1818181818181818,0.18181818181818182,0.14285714285714285,0.05555555555555555,2,2,1,0,0,0,0,1,0.0,0.05,0.0,695000.0
10676531,1,0.0,1.0,0.0,0.0,0.0,0.0,0.0,0.0,0.0,0.0,0.0,0.0,0.0,1.0,0.0,0.0,1.0,0.0,0.18775510204081636,0.1818181818181818,0.18181818181818182,0.0,0.0,1,5,0,0,0,0,1,1,0.15,0.0,0.0005071156673064455,1090000.0
10676533,0,0.0,1.0,0.0,0.0,0.0,0.0,0.0,0.0,0.0,0.0,0.0,0.0,0.0,1.0,0.0,0.0,1.0,0.0,0.05306122448979592,0.09090909090909091,0.18181818181818182,0.14285714285714285,0.1111111111111111,1,1,1,0,0,0,0,1,0.0,0.04,0.0,1175000.0
10676534,0,0.0,0.0,1.0,0.0,0.0,0.0,0.0,0.0,0.0,0.0,0.0,0.0,1.0,0.0,0.0,0.0,0.0,1.0,0.1163265306122449,0.1818181818181818,0.09090909090909091,0.07142857142857142,0.1111111111111111,1,2,0,0,0,0,1,0,0.1,0.0,0.0,299000.0
10676535,1,0.0,0.0,1.0,0.0,0.0,0.0,0.0,0.0,0.0,0.0,0.0,0.0,1.0,0.0,0.0,0.0,0.0,1.0,0.1163265306122449,0.1818181818181818,0.09090909090909091,0.07142857142857142,0.1111111111111111,1,2,0,0,0,0,1,0,0.1,0.0,0.0018047081975751985,299000.0
10676537,1,0.0,0.0,1.0,0.0,0.0,0.0,0.0,1.0,0.0,0.0,0.0,0.0,0.0,0.0,0.0,0.0,0.0,1.0,0.17244897959183675,0.1818181818181818,0.18181818181818182,0.07142857142857142,0.1111111111111111,1,0,0,0,0,0,1,1,1.0,0.0,0.0018340530463162588,455000.0
10676536,1,0.0,0.0,1.0,0.0,0.0,0.0,0.0,1.0,0.0,0.0,0.0,0.0,0.0,0.0,0.0,0.0,0.0,1.0,0.14285714285714288,0.1818181818181818,0.09090909090909091,0.0,0.1111111111111111,1,0,0,0,0,0,1,1,0.7000000000000001,0.4,0.000687769892368597,380000.0
10676543,1,0.0,1.0,0.0,0.0,0.0,0.0,1.0,0.0,0.0,0.0,0.0,0.0,0.0,0.0,0.0,0.0,1.0,0.0,0.1142857142857143,0.09090909090909091,0.09090909090909091,0.07142857142857142,0.1111111111111111,4,5,0,0,0,0,1,1,0.07200000000000001,0.44,0.00015130937632109134,339000.0
10676539,0,0.0,0.0,1.0,0.0,0.0,0.0,0.0,0.0,0.0,1.0,0.0,0.0,0.0,0.0,1.0,0.0,0.0,0.0,0.07653061224489796,0.1818181818181818,0.09090909090909091,0.0,0.05555555555555555,3,6,1,0,0,0,0,1,0.0,0.08,0.0,190000.0
10676544,1,0.0,1.0,0.0,0.0,0.0,0.0,1.0,0.0,0.0,0.0,0.0,0.0,0.0,0.0,0.0,0.0,0.0,1.0,0.09693877551020408,0.1818181818181818,0.18181818181818182,0.14285714285714285,0.1111111111111111,4,3,0,0,0,0,1,1,0.125,0.24,0.00021825231251163479,345000.0
10676542,1,1.0,0.0,0.0,0.0,1.0,0.0,0.0,0.0,0.0,0.0,0.0,0.0,0.0,0.0,1.0,0.0,0.0,0.0,0.163265306122449,0.2727272727272727,0.36363636363636365,0.2857142857142857,0.2222222222222222,3,6,0,0,0,0,0,0,0.0,0.0,4.126619354211582e-05,349000.0
10676538,1,0.0,0.0,1.0,0.0,0.0,0.0,0.0,1.0,0.0,0.0,0.0,0.0,0.0,0.0,0.0,0.0,0.0,1.0,0.1285714285714286,0.1818181818181818,0.09090909090909091,0.0,0.1111111111111111,3,7,0,0,0,0,1,0,1.0,0.0,0.0052270511820013375,280000.0
10676540,0,0.0,0.0,1.0,0.0,0.0,0.0,0.0,0.0,0.0,1.0,0.0,0.0,0.0,0.0,0.0,0.0,0.0,1.0,0.07653061224489796,0.1818181818181818,0.09090909090909091,0.0,0.05555555555555555,3,6,1,0,0,0,0,1,0.0,0.08,0.0,190000.0
10676547,1,0.0,0.0,1.0,0.0,0.0,0.0,0.0,0.0,0.0,1.0,0.0,0.0,0.0,0.0,0.0,0.0,1.0,0.0,0.05612244897959184,0.09090909090909091,0.09090909090909091,0.07142857142857142,0.1111111111111111,3,4,0,0,0,0,0,0,0.0,0.0,8.253238708423164e-05,140000.0
10676551,1,0.0,0.0,1.0,0.0,0.0,0.0,0.0,0.0,0.0,1.0,0.0,0.0,0.0,0.0,0.0,0.0,1.0,0.0,0.020408163265306124,0.0,0.09090909090909091,0.07142857142857142,0.05555555555555555,3,6,0,0,0,0,1,1,0.265,0.12,0.00032554441572113594,139000.0
10676552,1,0.0,0.0,1.0,0.0,0.0,0.0,0.0,0.0,0.0,1.0,0.0,0.0,0.0,0.0,0.0,0.0,1.0,0.0,0.1326530612244898,0.09090909090909091,0.0,0.0,0.16666666666666666,4,0,0,0,0,0,1,0,0.21,0.0,0.0005052816142601293,149000.0
10676555,1,0.0,0.0,1.0,0.0,0.0,0.0,0.0,0.0,0.0,1.0,0.0,0.0,0.0,0.0,0.0,0.0,1.0,0.0,0.08469387755102042,0.2727272727272727,0.09090909090909091,0.07142857142857142,0.05555555555555555,3,5,0,0,0,0,0,1,0.0,0.16,0.00011554534191792429,159000.0
10676557,1,0.0,0.0,1.0,0.0,0.0,0.0,0.0,0.0,0.0,1.0,0.0,0.0,0.0,0.0,0.0,0.0,1.0,0.0,0.0979591836734694,0.2727272727272727,0.09090909090909091,0.07142857142857142,0.05555555555555555,3,3,0,0,0,0,1,1,0.07,0.32,0.00015589450893688199,148500.0
10676553,1,0.0,0.0,1.0,0.0,0.0,0.0,0.0,0.0,0.0,1.0,0.0,0.0,0.0,0.0,0.0,0.0,1.0,0.0,0.17346938775510207,0.4545454545454545,0.18181818181818182,0.0,0.16666666666666666,4,6,0,0,0,0,1,1,0.015,0.2,0.000233841763405323,150000.0
10676545,1,1.0,0.0,0.0,0.0,1.0,0.0,0.0,0.0,0.0,0.0,0.0,0.0,0.0,0.0,0.0,1.0,0.0,0.0,0.23877551020408164,0.36363636363636365,0.36363636363636365,0.0,0.2222222222222222,3,6,0,0,0,0,0,1,0.0,0.13,0.0,725000.0
10676560,1,0.0,0.0,1.0,0.0,0.0,0.0,0.0,0.0,0.0,1.0,0.0,0.0,0.0,0.0,0.0,1.0,0.0,0.0,0.15306122448979595,0.2727272727272727,0.2727272727272727,0.2857142857142857,0.16666666666666666,4,4,0,0,0,0,0,0,0.0,0.0,8.711751970002229e-05,180000.0
10676556,1,0.0,0.0,1.0,0.0,0.0,0.0,0.0,0.0,0.0,1.0,0.0,0.0,0.0,0.0,1.0,0.0,0.0,0.0,0.1479591836734694,0.2727272727272727,0.18181818181818182,0.14285714285714285,0.1111111111111111,1,4,0,0,0,0,0,0,0.0,0.0,7.336212185265035e-05,209000.0
10676563,1,0.0,0.0,1.0,0.0,0.0,0.0,0.0,0.0,0.0,1.0,0.0,0.0,0.0,0.0,1.0,0.0,0.0,0.0,0.2091836734693878,0.4545454545454545,0.2727272727272727,0.21428571428571427,0.16666666666666666,3,4,0,0,0,0,0,0,0.0,0.0,0.0010178994407055236,550000.0
10676561,0,0.0,0.0,1.0,0.0,0.0,0.0,0.0,0.0,0.0,1.0,0.0,0.0,0.0,0.0,1.0,0.0,0.0,0.0,0.2091836734693878,0.4545454545454545,0.2727272727272727,0.21428571428571427,0.16666666666666666,3,4,0,0,0,0,0,0,0.0,0.0,0.0,550000.0
10676565,0,0.0,1.0,0.0,0.0,0.0,0.0,0.0,0.0,1.0,0.0,0.0,0.0,0.0,0.0,0.0,0.0,0.0,1.0,0.07142857142857142,0.09090909090909091,0.09090909090909091,0.0,0.05555555555555555,2,2,0,0,0,0,0,1,0.0,0.1,0.0,230000.0
10676566,1,0.0,1.0,0.0,0.0,0.0,1.0,0.0,0.0,0.0,0.0,0.0,0.0,0.0,0.0,0.0,0.0,0.0,1.0,0.11224489795918369,0.1818181818181818,0.09090909090909091,0.0,0.1111111111111111,1,1,0,0,0,0,1,1,0.184,0.18,0.0003136230709200802,449000.0
10676567,0,0.0,1.0,0.0,0.0,0.0,1.0,0.0,0.0,0.0,0.0,0.0,0.0,0.0,0.0,0.0,0.0,1.0,0.0,0.1438775510204082,0.1818181818181818,0.18181818181818182,0.14285714285714285,0.1111111111111111,1,1,1,0,0,0,0,1,0.0,0.11,0.0,329000.0
10676569,1,0.0,1.0,0.0,1.0,0.0,0.0,0.0,0.0,0.0,0.0,0.0,0.0,0.0,0.0,0.0,0.0,1.0,0.0,0.12346938775510205,0.1818181818181818,0.18181818181818182,0.0,0.0,3,2,0,0,0,0,0,1,0.0,0.0,0.00012654966019582184,339000.0
10676572,1,0.0,1.0,0.0,1.0,0.0,0.0,0.0,0.0,0.0,0.0,0.0,0.0,0.0,0.0,0.0,0.0,0.0,1.0,0.10204081632653061,0.09090909090909091,0.18181818181818182,0.0,0.1111111111111111,1,3,0,0,0,0,0,0,0.0,0.0,0.0003943214049579956,369000.0
10676568,1,0.0,0.0,1.0,0.0,0.0,0.0,0.0,0.0,0.0,0.0,0.0,0.0,1.0,0.0,0.0,0.0,0.0,1.0,0.1510204081632653,0.1818181818181818,0.09090909090909091,0.0,0.1111111111111111,0,5,0,0,0,0,1,1,0.16,0.32,0.0002567674264842762,285000.0
10676570,1,0.0,1.0,0.0,0.0,0.0,0.0,1.0,0.0,0.0,0.0,0.0,0.0,0.0,0.0,0.0,0.0,0.0,1.0,0.163265306122449,0.1818181818181818,0.09090909090909091,0.0,0.0,0,0,0,0,0,0,0,0,0.0,0.0,0.002673132315005947,498625.0
10676576,1,0.0,1.0,0.0,0.0,0.0,1.0,0.0,0.0,0.0,0.0,0.0,0.0,0.0,0.0,0.0,0.0,0.0,1.0,0.1785714285714286,0.2727272727272727,0.09090909090909091,0.0,0.1111111111111111,3,4,0,0,0,0,1,1,0.045,0.14,0.00019349259638636528,399000.0
10676581,1,0.0,1.0,0.0,1.0,0.0,0.0,0.0,0.0,0.0,0.0,0.0,0.0,0.0,0.0,0.0,0.0,1.0,0.0,0.13877551020408166,0.2727272727272727,0.09090909090909091,0.0,0.0,0,3,0,0,0,0,0,0,0.0,0.0,0.00014213911108951004,375000.0
10676573,0,0.0,1.0,0.0,1.0,0.0,0.0,0.0,0.0,0.0,0.0,0.0,0.0,0.0,0.0,0.0,0.0,0.0,1.0,0.09081632653061225,0.1818181818181818,0.09090909090909091,0.0,0.05555555555555555,0,3,1,0,0,0,0,1,0.0,0.19,0.0,295000.0
10676583,1,0.0,0.0,1.0,0.0,0.0,0.0,0.0,1.0,0.0,0.0,0.0,0.0,0.0,0.0,0.0,0.0,0.0,1.0,0.04897959183673469,0.09090909090909091,0.09090909090909091,0.0,0.05555555555555555,3,4,0,0,0,0,1,1,0.11,0.1,0.0001467242437053007,140000.0
10676585,1,0.0,0.0,1.0,0.0,0.0,0.0,0.0,0.0,0.0,0.0,0.0,1.0,0.0,0.0,0.0,0.0,0.0,1.0,0.24693877551020413,0.2727272727272727,0.18181818181818182,0.07142857142857142,0.1111111111111111,2,4,0,0,0,0,1,1,1.0,0.5,0.001141698021331871,445000.0
10676589,0,0.0,1.0,0.0,1.0,0.0,0.0,0.0,0.0,0.0,0.0,0.0,0.0,0.0,0.0,0.0,0.0,0.0,1.0,0.03571428571428572,0.0,0.09090909090909091,0.07142857142857142,0.05555555555555555,3,2,1,0,0,0,0,1,0.0,0.32,0.0,214000.0
10676582,1,0.0,1.0,0.0,1.0,0.0,0.0,0.0,0.0,0.0,0.0,0.0,0.0,0.0,0.0,0.0,0.0,0.0,1.0,0.1806122448979592,0.1818181818181818,0.0,0.0,0.0,3,4,0,0,0,0,0,1,0.0,0.0,0.0004218322006527395,360000.0
10676602,1,0.0,0.0,1.0,0.0,0.0,0.0,0.0,0.0,0.0,0.0,0.0,0.0,1.0,0.0,0.0,0.0,0.0,1.0,0.12244897959183676,0.1818181818181818,0.09090909090909091,0.0,0.1111111111111111,0,0,0,0,0,0,1,0,0.0,0.0,0.0004126619354211582,292500.0
10676604,1,0.0,1.0,0.0,0.0,0.0,0.0,0.0,0.0,1.0,0.0,0.0,0.0,0.0,0.0,0.0,0.0,1.0,0.0,0.17448979591836736,0.2727272727272727,0.09090909090909091,0.0,0.1111111111111111,2,0,0,0,0,1,1,1,0.12,0.2,0.00019349259638636528,445000.0
10676600,1,0.0,0.0,1.0,0.0,0.0,0.0,0.0,0.0,0.0,1.0,0.0,0.0,0.0,0.0,0.0,0.0,0.0,1.0,0.5857142857142857,0.09090909090909091,0.09090909090909091,0.0,0.05555555555555555,3,0,0,0,0,0,0,0,0.0,0.0,0.0,229000.0
10676608,1,0.0,0.0,1.0,0.0,0.0,0.0,0.0,0.0,0.0,0.0,0.0,1.0,0.0,0.0,0.0,0.0,0.0,1.0,0.12040816326530615,0.1818181818181818,0.09090909090909091,1.0,0.1111111111111111,4,5,0,0,0,0,1,0,0.4,0.0,0.0007602149876980893,185000.0
10676618,1,0.0,1.0,0.0,1.0,0.0,0.0,0.0,0.0,0.0,0.0,0.0,0.0,0.0,0.0,0.0,0.0,1.0,0.0,0.11836734693877551,0.1818181818181818,0.0,0.07142857142857142,0.05555555555555555,5,6,0,0,0,0,1,0,0.07,0.0,0.0002191693390347929,259000.0
10676619,1,0.0,1.0,0.0,0.0,0.0,0.0,0.0,0.0,0.0,0.0,0.0,0.0,0.0,1.0,0.0,0.0,0.0,1.0,0.13367346938775512,0.09090909090909091,0.09090909090909091,0.0,0.05555555555555555,1,3,0,0,0,0,1,1,0.085,0.3,0.00022742257774321608,245000.0
10676630,1,0.0,0.0,1.0,0.0,0.0,0.0,0.0,0.0,0.0,0.0,0.0,0.0,1.0,0.0,0.0,0.0,0.0,1.0,0.22959183673469388,0.36363636363636365,0.09090909090909091,0.14285714285714285,0.1111111111111111,1,4,0,0,1,0,1,1,0.65,0.0,0.0006712634149517507,795000.0
10676622,1,0.0,0.0,1.0,0.0,0.0,0.0,0.0,0.0,0.0,0.0,0.0,1.0,0.0,0.0,0.0,0.0,0.0,1.0,0.14285714285714288,0.2727272727272727,0.18181818181818182,0.0,0.1111111111111111,1,4,0,1,0,0,0,1,0.0,0.0,0.0011251915439150248,325000.0
10676620,0,0.0,1.0,0.0,0.0,0.0,0.0,0.0,0.0,0.0,0.0,0.0,0.0,0.0,1.0,0.0,0.0,0.0,1.0,0.08775510204081632,0.09090909090909091,0.09090909090909091,0.0,0.05555555555555555,1,1,1,0,0,0,0,1,0.0,0.1,0.0,299000.0
10676624,1,0.0,1.0,0.0,0.0,0.0,1.0,0.0,0.0,0.0,0.0,0.0,0.0,0.0,0.0,0.0,0.0,1.0,0.0,0.35714285714285715,0.4545454545454545,0.09090909090909091,0.0,0.1111111111111111,4,4,0,1,0,0,1,1,0.0,0.3,0.0007932279425317819,525000.0
10676628,1,0.0,1.0,0.0,0.0,0.0,0.0,0.0,0.0,1.0,0.0,0.0,0.0,0.0,0.0,0.0,0.0,1.0,0.0,0.176530612244898,0.1818181818181818,0.09090909090909091,0.0,0.0,3,3,0,0,0,0,0,0,0.0,0.0,0.0001623136945989889,275000.0
10676635,1,0.0,0.0,1.0,0.0,0.0,0.0,0.0,0.0,0.0,1.0,0.0,0.0,0.0,0.0,0.0,0.0,0.0,1.0,0.10204081632653061,0.1818181818181818,0.0,0.0,0.0,0,0,0,0,0,0,1,0,0.0,0.0,0.0016359753173141027,355957.0
10676636,1,0.0,0.0,1.0,0.0,0.0,0.0,0.0,0.0,0.0,0.0,0.0,0.0,1.0,0.0,0.0,0.0,0.0,1.0,0.22448979591836737,0.2727272727272727,0.09090909090909091,0.0,0.0,5,7,0,1,0,0,1,0,0.0,0.0,0.0013012606363613855,395000.0
10676637,1,0.0,0.0,1.0,0.0,0.0,0.0,0.0,0.0,0.0,0.0,0.0,0.0,1.0,0.0,0.0,0.0,0.0,1.0,0.22448979591836737,0.2727272727272727,0.09090909090909091,0.0,0.0,5,7,0,1,0,0,1,0,0.0,0.0,0.0013012606363613855,395000.0
10676645,1,0.0,0.0,1.0,0.0,0.0,0.0,0.0,1.0,0.0,0.0,0.0,0.0,0.0,0.0,0.0,0.0,0.0,1.0,0.0816326530612245,0.09090909090909091,0.0,0.0,0.05555555555555555,3,5,0,0,0,0,0,0,0.0,0.0,3.576403440316705e-05,95000.0
10676646,1,0.0,1.0,0.0,0.0,0.0,0.0,0.0,0.0,0.0,0.0,0.0,0.0,0.0,1.0,0.0,0.0,0.0,1.0,0.11224489795918369,0.09090909090909091,0.0,0.0,0.05555555555555555,1,5,0,0,0,0,1,1,0.14,0.25,0.00023567581645163923,235000.0
10676647,1,0.0,1.0,0.0,0.0,0.0,0.0,0.0,0.0,0.0,0.0,0.0,0.0,0.0,1.0,0.0,0.0,0.0,1.0,0.10714285714285715,0.1818181818181818,0.0,0.0,0.0,1,0,0,0,0,0,1,1,0.051000000000000004,0.17,0.00012379858062634745,315500.0
10676648,0,0.0,1.0,0.0,1.0,0.0,0.0,0.0,0.0,0.0,0.0,0.0,0.0,0.0,0.0,0.0,0.0,0.0,1.0,0.20408163265306126,0.09090909090909091,0.09090909090909091,0.0,0.05555555555555555,4,0,0,0,0,0,1,1,0.08,0.49,0.0,260000.0
10676655,1,0.0,1.0,0.0,0.0,0.0,1.0,0.0,0.0,0.0,0.0,0.0,0.0,0.0,0.0,0.0,0.0,0.0,1.0,0.1326530612244898,0.1818181818181818,0.0,0.0,0.1111111111111111,3,2,0,0,0,0,0,0,0.0,0.0,0.0003429679196611404,437000.0
10676652,1,0.0,0.0,1.0,0.0,0.0,0.0,0.0,0.0,0.0,1.0,0.0,0.0,0.0,0.0,0.0,1.0,0.0,0.0,0.1285714285714286,0.09090909090909091,0.0,0.14285714285714285,0.1111111111111111,0,5,0,0,0,0,0,1,0.0,0.24,0.00010637507668634301,215000.0
10676656,1,0.0,1.0,0.0,0.0,0.0,0.0,1.0,0.0,0.0,0.0,0.0,0.0,0.0,0.0,0.0,0.0,0.0,1.0,0.1795918367346939,0.2727272727272727,0.09090909090909091,0.0,0.1111111111111111,1,4,0,0,0,0,0,1,0.0,0.0,0.0007519617489896661,499000.0
10676658,1,0.0,0.0,1.0,0.0,0.0,0.0,0.0,1.0,0.0,0.0,0.0,0.0,0.0,0.0,0.0,1.0,0.0,0.0,0.18979591836734697,0.2727272727272727,0.09090909090909091,0.0,0.0,5,7,0,0,0,0,0,1,0.0,0.0,0.00022558852469689982,89000.0
10676659,0,0.0,1.0,0.0,0.0,0.0,0.0,1.0,0.0,0.0,0.0,0.0,0.0,0.0,0.0,1.0,0.0,0.0,0.0,0.07040816326530613,0.09090909090909091,0.09090909090909091,0.0,0.0,1,2,0,0,0,0,0,1,0.0,0.05,0.0,365000.0
10676667,1,1.0,0.0,0.0,0.0,1.0,0.0,0.0,0.0,0.0,0.0,0.0,0.0,0.0,0.0,0.0,0.0,0.0,1.0,0.1469387755102041,0.2727272727272727,0.18181818181818182,0.0,0.2222222222222222,3,5,0,1,0,0,1,1,0.032,0.32,0.00014213911108951004,650000.0
10676663,1,0.0,0.0,1.0,0.0,0.0,0.0,0.0,1.0,0.0,0.0,0.0,0.0,0.0,0.0,0.0,0.0,0.0,1.0,0.1275510204081633,0.2727272727272727,0.09090909090909091,0.0,0.05555555555555555,3,5,0,1,0,0,0,0,0.0,0.0,0.00026960579780849,254000.0
10676674,1,0.0,1.0,0.0,0.0,0.0,0.0,0.0,0.0,1.0,0.0,0.0,0.0,0.0,0.0,0.0,0.0,0.0,1.0,0.14285714285714288,0.1818181818181818,0.09090909090909091,0.0,0.0,3,3,0,0,0,0,0,1,0.0,0.0,0.0006006523726685747,475000.0
10676691,0,1.0,0.0,0.0,0.0,1.0,0.0,0.0,0.0,0.0,0.0,0.0,0.0,0.0,0.0,0.0,1.0,0.0,0.0,0.05612244897959184,0.0,0.09090909090909091,0.0,0.0,4,5,0,0,0,0,0,0,0.0,0.0,0.0,295000.0
10676685,1,0.0,1.0,0.0,0.0,0.0,1.0,0.0,0.0,0.0,0.0,0.0,0.0,0.0,0.0,0.0,0.0,0.0,1.0,0.20510204081632655,0.1818181818181818,0.18181818181818182,0.0,0.0,2,2,0,0,0,0,0,0,0.0,0.0,0.0005603032056496171,459000.0
10676662,1,0.0,0.0,1.0,0.0,0.0,0.0,0.0,1.0,0.0,0.0,0.0,0.0,0.0,0.0,0.0,0.0,0.0,1.0,0.22959183673469388,0.5454545454545454,0.18181818181818182,0.07142857142857142,0.1111111111111111,3,4,0,1,0,0,0,0,0.0,0.0,0.001239819859309791,450000.0
10676688,1,0.0,1.0,0.0,0.0,0.0,0.0,0.0,0.0,1.0,0.0,0.0,0.0,0.0,0.0,0.0,0.0,0.0,1.0,0.2530612244897959,0.4545454545454545,0.09090909090909091,0.0,0.0,3,6,0,0,0,0,0,0,0.0,0.0,0.0006996912371696527,325000.0
10676698,0,0.0,1.0,0.0,1.0,0.0,0.0,0.0,0.0,0.0,0.0,0.0,0.0,0.0,0.0,0.0,1.0,0.0,0.0,0.08673469387755103,0.09090909090909091,0.09090909090909091,0.0,0.0,1,0,1,1,0,0,0,1,0.0,0.08,0.0,295000.0
10676699,1,0.0,0.0,1.0,0.0,0.0,0.0,0.0,0.0,0.0,1.0,0.0,0.0,0.0,0.0,0.0,0.0,1.0,0.0,0.11938775510204083,0.2727272727272727,0.09090909090909091,0.0,0.1111111111111111,4,6,0,0,0,0,1,1,0.075,0.2,0.0002063309677105791,169000.0
10676714,1,1.0,0.0,0.0,0.0,1.0,0.0,0.0,0.0,0.0,0.0,0.0,0.0,0.0,0.0,0.0,1.0,0.0,0.0,0.3163265306122449,0.1818181818181818,0.18181818181818182,0.07142857142857142,0.2777777777777778,3,5,0,0,0,0,0,0,0.0,0.0,0.00014213911108951004,795000.0
10676710,0,0.0,0.0,1.0,0.0,0.0,0.0,0.0,0.0,0.0,0.0,1.0,0.0,0.0,0.0,0.0,0.0,1.0,0.0,0.0816326530612245,0.09090909090909091,0.09090909090909091,0.0,0.0,1,2,0,1,0,0,0,1,0.0,0.0,0.0,399000.0
10676713,0,1.0,0.0,0.0,0.0,1.0,0.0,0.0,0.0,0.0,0.0,0.0,0.0,0.0,0.0,0.0,1.0,0.0,0.0,0.3163265306122449,0.1818181818181818,0.18181818181818182,0.07142857142857142,0.2777777777777778,3,5,0,0,0,0,0,0,0.0,0.0,0.0,795000.0
10676704,0,0.0,1.0,0.0,0.0,0.0,0.0,0.0,0.0,0.0,0.0,0.0,0.0,0.0,1.0,0.0,0.0,0.0,1.0,0.06836734693877553,0.09090909090909091,0.09090909090909091,0.0,0.1111111111111111,1,0,0,0,0,0,0,1,0.0,0.07,0.0,251500.0
10676717,1,0.0,1.0,0.0,0.0,0.0,0.0,0.0,0.0,1.0,0.0,0.0,0.0,0.0,0.0,0.0,0.0,0.0,1.0,0.13673469387755105,0.1818181818181818,0.09090909090909091,0.0,0.05555555555555555,5,3,0,0,0,0,1,1,0.3,0.2,0.00045759623505590654,259000.0
10676712,1,0.0,1.0,0.0,0.0,0.0,0.0,0.0,0.0,0.0,0.0,0.0,0.0,0.0,1.0,0.0,0.0,0.0,1.0,0.11224489795918369,0.09090909090909091,0.0,0.0,0.05555555555555555,1,4,0,0,0,0,0,0,0.0,0.0,0.000744625536804401,288000.0
10676720,1,0.0,0.0,1.0,0.0,0.0,0.0,0.0,0.0,0.0,0.0,0.0,0.0,1.0,0.0,0.0,0.0,1.0,0.0,0.13469387755102044,0.2727272727272727,0.18181818181818182,0.0,0.0,0,7,0,0,0,0,0,0,0.0,0.0,0.000843664401305479,375000.0
10676725,0,1.0,0.0,0.0,0.0,1.0,0.0,0.0,0.0,0.0,0.0,0.0,0.0,0.0,0.0,0.0,1.0,0.0,0.0,0.07653061224489796,0.0,0.09090909090909091,0.07142857142857142,0.1111111111111111,0,3,0,0,0,0,0,1,0.0,0.1,0.0,330000.0
10676724,1,0.0,1.0,0.0,0.0,0.0,0.0,0.0,0.0,0.0,0.0,0.0,0.0,0.0,1.0,0.0,0.0,0.0,1.0,0.29591836734693877,0.36363636363636365,0.09090909090909091,0.0,0.0,5,0,0,0,0,0,0,0,0.0,0.0,0.0003136230709200802,215000.0
10676729,1,0.0,1.0,0.0,1.0,0.0,0.0,0.0,0.0,0.0,0.0,0.0,0.0,0.0,0.0,0.0,1.0,0.0,0.0,0.11836734693877551,0.09090909090909091,0.09090909090909091,0.0,0.0,5,6,0,0,0,0,1,0,0.034,0.0,0.0001375539784737194,225000.0
10676734,1,0.0,0.0,1.0,0.0,0.0,0.0,0.0,0.0,0.0,1.0,0.0,0.0,0.0,0.0,0.0,0.0,0.0,1.0,0.38571428571428573,0.7272727272727273,0.4545454545454546,0.0,0.16666666666666666,3,4,0,0,0,0,0,0,0.0,0.0,0.00490700892541915,797000.0
10676732,1,0.0,0.0,1.0,0.0,0.0,0.0,0.0,0.0,0.0,1.0,0.0,0.0,0.0,0.0,0.0,0.0,0.0,1.0,0.46938775510204084,0.7272727272727273,0.4545454545454546,0.0,0.3333333333333333,3,1,0,0,0,0,0,0,0.0,0.0,0.0016717393517172699,647000.0
10676730,1,0.0,0.0,1.0,0.0,0.0,0.0,0.0,0.0,0.0,1.0,0.0,0.0,0.0,0.0,0.0,0.0,0.0,1.0,0.09183673469387757,0.09090909090909091,0.09090909090909091,0.0,0.05555555555555555,0,5,0,0,0,0,0,0,0.0,0.0,0.0002842782221790201,177000.0
10676735,1,0.0,0.0,1.0,0.0,0.0,0.0,0.0,0.0,0.0,1.0,0.0,0.0,0.0,0.0,0.0,0.0,1.0,0.0,0.22959183673469388,0.36363636363636365,0.4545454545454546,0.0,0.16666666666666666,1,3,0,1,0,0,0,1,0.0,1.0,0.0036681060926325175,854000.0
10676739,1,0.0,1.0,0.0,0.0,0.0,0.0,0.0,0.0,0.0,0.0,0.0,0.0,0.0,1.0,0.0,0.0,1.0,0.0,0.12653061224489798,0.2727272727272727,0.0,0.0,0.1111111111111111,3,5,0,0,0,0,1,1,0.0,0.0,0.00012013047453371494,259000.0
10676743,1,0.0,1.0,0.0,0.0,0.0,0.0,0.0,0.0,0.0,0.0,0.0,0.0,0.0,1.0,0.0,0.0,0.0,1.0,0.1653061224489796,0.1818181818181818,0.09090909090909091,0.0,0.0,4,6,0,0,0,0,0,0,0.0,0.0,0.0004429238106853765,260000.0
10676737,1,0.0,0.0,1.0,0.0,0.0,0.0,0.0,0.0,0.0,1.0,0.0,0.0,0.0,0.0,0.0,0.0,0.0,1.0,0.25918367346938775,0.1818181818181818,0.09090909090909091,0.07142857142857142,0.1111111111111111,3,5,0,0,0,0,1,0,0.215,0.0,0.00038331708668009804,199000.0
10676752,1,0.0,1.0,0.0,0.0,0.0,0.0,0.0,0.0,1.0,0.0,0.0,0.0,0.0,0.0,0.0,0.0,0.0,1.0,0.15816326530612246,0.2727272727272727,0.09090909090909091,0.0,0.0,0,5,0,0,0,0,0,0,0.0,0.0,0.0,569000.0
10676756,1,0.0,1.0,0.0,1.0,0.0,0.0,0.0,0.0,0.0,0.0,0.0,0.0,0.0,0.0,0.0,0.0,0.0,1.0,0.06122448979591837,0.09090909090909091,0.09090909090909091,0.0,0.05555555555555555,0,6,0,0,0,0,1,0,0.0,0.0,0.00030720388525797335,235000.0
10676759,1,0.0,0.0,1.0,0.0,0.0,0.0,0.0,0.0,0.0,0.0,1.0,0.0,0.0,0.0,0.0,0.0,0.0,1.0,0.1806122448979592,0.2727272727272727,0.0,0.14285714285714285,0.1111111111111111,2,4,0,1,0,0,1,0,0.0,0.0,0.0006061545318075235,295000.0
10676758,1,0.0,0.0,1.0,0.0,0.0,0.0,0.0,0.0,0.0,0.0,0.0,1.0,0.0,0.0,0.0,0.0,0.0,1.0,0.15306122448979595,0.2727272727272727,0.09090909090909091,0.0,0.1111111111111111,1,0,0,0,0,0,1,0,0.0,0.0,0.0006217439827012117,314500.0
10676760,0,1.0,0.0,0.0,0.0,1.0,0.0,0.0,0.0,0.0,0.0,0.0,0.0,0.0,0.0,0.0,1.0,0.0,0.0,0.08877551020408164,0.09090909090909091,0.09090909090909091,0.0,0.1111111111111111,0,5,1,0,0,0,0,0,0.0,0.0,0.0,549000.0
10545687,0,0.0,1.0,0.0,0.0,0.0,0.0,1.0,0.0,0.0,0.0,0.0,0.0,0.0,0.0,0.0,1.0,0.0,0.0,0.22448979591836737,0.1818181818181818,0.2727272727272727,0.0,0.0,1,3,1,0,0,0,0,1,0.0,0.96,0.0,750000.0
10676762,1,0.0,1.0,0.0,0.0,0.0,1.0,0.0,0.0,0.0,0.0,0.0,0.0,0.0,0.0,0.0,0.0,1.0,0.0,0.0816326530612245,0.1818181818181818,0.09090909090909091,0.0,0.0,3,2,0,0,0,0,1,1,0.127,0.15,0.00019349259638636528,375000.0
10676768,0,0.0,1.0,0.0,0.0,0.0,0.0,0.0,0.0,0.0,0.0,0.0,0.0,0.0,1.0,0.0,0.0,1.0,0.0,0.06632653061224492,0.09090909090909091,0.0,0.0,0.05555555555555555,3,2,1,0,0,0,0,0,0.0,0.0,0.0,279000.0
10676767,1,0.0,1.0,0.0,0.0,0.0,0.0,0.0,0.0,0.0,0.0,0.0,0.0,0.0,1.0,0.0,0.0,1.0,0.0,0.13673469387755105,0.2727272727272727,0.09090909090909091,0.07142857142857142,0.05555555555555555,5,4,0,0,0,0,0,1,0.0,0.09,5.0436458773697115e-05,165000.0
10676774,0,0.0,0.0,1.0,0.0,0.0,0.0,0.0,0.0,0.0,1.0,0.0,0.0,0.0,0.0,0.0,0.0,1.0,0.0,0.06122448979591837,0.09090909090909091,0.09090909090909091,0.0,0.05555555555555555,1,2,1,0,0,0,1,1,0.123,0.22,0.0,258158.0
10676772,1,0.0,1.0,0.0,0.0,0.0,0.0,1.0,0.0,0.0,0.0,0.0,0.0,0.0,0.0,0.0,0.0,0.0,1.0,0.1806122448979592,0.1818181818181818,0.09090909090909091,0.07142857142857142,0.1111111111111111,1,4,0,0,0,0,0,1,0.0,0.3,0.00040532572323589316,449000.0
10676780,1,0.0,1.0,0.0,1.0,0.0,0.0,0.0,0.0,0.0,0.0,0.0,0.0,0.0,0.0,0.0,0.0,1.0,0.0,0.06326530612244899,0.09090909090909091,0.09090909090909091,0.0,0.0,3,2,0,0,0,0,0,1,0.0,0.04,4.218322006527395e-05,239000.0
10676773,1,0.0,1.0,0.0,0.0,0.0,0.0,0.0,0.0,0.0,0.0,0.0,0.0,0.0,1.0,0.0,0.0,1.0,0.0,0.1836734693877551,0.1818181818181818,0.09090909090909091,0.0,0.0,2,3,0,0,0,0,0,0,0.0,0.0,0.0002861122752253364,319000.0
10676781,0,0.0,1.0,0.0,1.0,0.0,0.0,0.0,0.0,0.0,0.0,0.0,0.0,0.0,0.0,0.0,0.0,0.0,1.0,0.06632653061224492,0.09090909090909091,0.09090909090909091,0.0,0.05555555555555555,4,4,0,0,0,0,1,0,0.11,0.0,0.0,239000.0
10676783,1,0.0,1.0,0.0,1.0,0.0,0.0,0.0,0.0,0.0,0.0,0.0,0.0,0.0,0.0,0.0,0.0,0.0,1.0,0.2255102040816327,0.2727272727272727,0.0,0.0,0.1111111111111111,3,2,0,0,0,0,0,1,0.0,0.0,0.0003768979010179912,559000.0
10676782,1,0.0,1.0,0.0,1.0,0.0,0.0,0.0,0.0,0.0,0.0,0.0,0.0,0.0,0.0,0.0,0.0,0.0,1.0,0.08673469387755103,0.1818181818181818,0.09090909090909091,0.0,0.0,1,1,0,0,0,0,0,1,0.0,0.24,0.00034571899923061477,325000.0
10676784,1,0.0,1.0,0.0,1.0,0.0,0.0,0.0,0.0,0.0,0.0,0.0,0.0,0.0,0.0,0.0,0.0,0.0,1.0,0.23469387755102042,0.1818181818181818,0.09090909090909091,0.0,0.05555555555555555,3,4,0,0,0,0,1,0,0.29,0.0,0.0006043204787612072,484000.0
10676779,1,0.0,1.0,0.0,0.0,0.0,0.0,0.0,0.0,0.0,0.0,0.0,0.0,0.0,1.0,0.0,0.0,0.0,1.0,0.1163265306122449,0.1818181818181818,0.09090909090909091,0.0,0.0,3,4,0,0,0,0,0,0,0.0,0.0,0.0005621372586959333,360000.0
10676786,1,0.0,1.0,0.0,0.0,0.0,0.0,0.0,0.0,0.0,0.0,0.0,0.0,0.0,1.0,1.0,0.0,0.0,0.0,0.12551020408163266,0.1818181818181818,0.09090909090909091,0.0,0.0,3,4,0,0,0,0,0,0,0.0,0.0,0.004953777278100215,675000.0
10676791,1,0.0,1.0,0.0,0.0,0.0,0.0,0.0,0.0,0.0,0.0,0.0,0.0,0.0,1.0,0.0,0.0,0.0,1.0,0.1653061224489796,0.1818181818181818,0.09090909090909091,0.0,0.1111111111111111,1,2,0,0,0,0,0,1,0.0,0.0,0.0006483377518727974,620000.0
10676811,1,0.0,0.0,1.0,0.0,0.0,0.0,0.0,0.0,0.0,0.0,0.0,1.0,0.0,0.0,0.0,0.0,0.0,1.0,0.23979591836734696,0.36363636363636365,0.09090909090909091,0.07142857142857142,0.16666666666666666,3,5,0,1,0,0,0,0,0.0,0.0,0.002345753846238495,519000.0
10676819,0,1.0,0.0,0.0,0.0,1.0,0.0,0.0,0.0,0.0,0.0,0.0,0.0,0.0,0.0,1.0,0.0,0.0,0.0,0.12040816326530615,0.1818181818181818,0.09090909090909091,0.0,0.0,3,4,0,0,0,0,0,1,0.0,0.06,0.0,580000.0
10676812,0,1.0,0.0,0.0,0.0,1.0,0.0,0.0,0.0,0.0,0.0,0.0,0.0,0.0,0.0,0.0,1.0,0.0,0.0,0.06836734693877553,0.09090909090909091,0.0,0.0,0.05555555555555555,3,0,1,0,0,0,0,1,0.0,0.06,0.0,280000.0
10676817,1,0.0,1.0,0.0,0.0,0.0,1.0,0.0,0.0,0.0,0.0,0.0,0.0,0.0,0.0,1.0,0.0,0.0,0.0,0.2122448979591837,0.1818181818181818,0.18181818181818182,0.0,0.1111111111111111,0,0,0,0,0,0,0,0,0.0,0.0,0.00010820912973265926,644000.0
10676818,1,0.0,1.0,0.0,1.0,0.0,0.0,0.0,0.0,0.0,0.0,0.0,0.0,0.0,0.0,0.0,0.0,0.0,1.0,0.22448979591836737,0.2727272727272727,0.18181818181818182,0.0,0.16666666666666666,1,2,0,1,0,0,1,1,0.18,0.01,0.0003374657605221916,495000.0
10676821,1,0.0,0.0,1.0,0.0,0.0,0.0,0.0,1.0,0.0,0.0,0.0,0.0,0.0,0.0,0.0,0.0,0.0,1.0,0.09183673469387757,0.1818181818181818,0.09090909090909091,0.07142857142857142,0.05555555555555555,3,5,0,0,0,0,0,1,0.0,0.76,0.0,150000.0
10676820,1,1.0,0.0,0.0,0.0,1.0,0.0,0.0,0.0,0.0,0.0,0.0,0.0,0.0,0.0,1.0,0.0,0.0,0.0,0.33979591836734696,0.36363636363636365,0.2727272727272727,0.07142857142857142,0.1111111111111111,3,4,0,0,0,0,1,0,0.035,0.0,0.0,580000.0
10676852,1,0.0,1.0,0.0,0.0,0.0,0.0,0.0,0.0,0.0,0.0,0.0,0.0,0.0,1.0,1.0,0.0,0.0,0.0,0.05408163265306123,0.09090909090909091,0.0,0.0,0.05555555555555555,3,6,0,0,0,0,1,0,0.0,0.0,4.4934299634748335e-05,229000.0
10676842,0,0.0,1.0,0.0,1.0,0.0,0.0,0.0,0.0,0.0,0.0,0.0,0.0,0.0,0.0,0.0,0.0,0.0,1.0,0.08061224489795918,0.09090909090909091,0.09090909090909091,0.0,0.0,3,0,1,0,0,0,0,0,0.0,0.0,0.0,289000.0
10676847,1,0.0,0.0,1.0,0.0,0.0,0.0,0.0,1.0,0.0,0.0,0.0,0.0,0.0,0.0,0.0,0.0,1.0,0.0,0.10204081632653061,0.2727272727272727,0.09090909090909091,0.0,0.05555555555555555,0,0,0,0,0,0,0,1,0.0,0.0,0.0009170265231581294,240000.0
10676870,0,0.0,1.0,0.0,1.0,0.0,0.0,0.0,0.0,0.0,0.0,0.0,0.0,0.0,0.0,0.0,0.0,0.0,1.0,0.09387755102040818,0.1818181818181818,0.09090909090909091,0.0,0.05555555555555555,3,0,0,0,0,0,1,1,0.122,0.26,0.0,350000.0
10676867,1,1.0,0.0,0.0,0.0,1.0,0.0,0.0,0.0,0.0,0.0,0.0,0.0,0.0,0.0,0.0,1.0,0.0,0.0,0.163265306122449,0.1818181818181818,0.18181818181818182,0.14285714285714285,0.16666666666666666,3,4,0,0,0,0,0,0,0.0,0.0,0.0,605000.0
10676873,1,0.0,1.0,0.0,0.0,0.0,0.0,1.0,0.0,0.0,0.0,0.0,0.0,0.0,0.0,0.0,1.0,0.0,0.0,0.28061224489795916,0.36363636363636365,0.18181818181818182,0.0,0.16666666666666666,4,3,0,1,0,0,1,1,0.0,0.28,0.0012489901245413722,935000.0
10676860,0,1.0,0.0,0.0,0.0,1.0,0.0,0.0,0.0,0.0,0.0,0.0,0.0,0.0,0.0,1.0,0.0,0.0,0.0,0.06122448979591837,0.09090909090909091,0.09090909090909091,0.0,0.05555555555555555,0,2,1,0,0,0,0,1,0.0,0.03,0.0,310000.0
10676864,0,1.0,0.0,0.0,0.0,1.0,0.0,0.0,0.0,0.0,0.0,0.0,0.0,0.0,0.0,0.0,0.0,0.0,1.0,0.1622448979591837,0.2727272727272727,0.2727272727272727,0.0,0.1111111111111111,0,0,1,0,0,0,0,1,0.0,0.15,0.0,600000.0
10676863,0,1.0,0.0,0.0,0.0,1.0,0.0,0.0,0.0,0.0,0.0,0.0,0.0,0.0,0.0,0.0,0.0,0.0,1.0,0.09183673469387757,0.1818181818181818,0.0,0.07142857142857142,0.05555555555555555,0,6,1,0,0,0,0,1,0.0,0.04,0.0,275000.0
10676875,0,1.0,0.0,0.0,0.0,1.0,0.0,0.0,0.0,0.0,0.0,0.0,0.0,0.0,0.0,0.0,1.0,0.0,0.0,0.04387755102040817,0.0,0.09090909090909091,0.0,0.05555555555555555,5,7,0,0,0,0,1,1,0.025,0.04,0.0,225000.0
10676865,1,1.0,0.0,0.0,0.0,1.0,0.0,0.0,0.0,0.0,0.0,0.0,0.0,0.0,0.0,1.0,0.0,0.0,0.0,0.1836734693877551,0.36363636363636365,0.0,0.21428571428571427,0.2222222222222222,0,0,0,0,0,0,1,1,0.1,0.0,0.0,850000.0
10676884,0,1.0,0.0,0.0,0.0,1.0,0.0,0.0,0.0,0.0,0.0,0.0,0.0,0.0,0.0,0.0,1.0,0.0,0.0,0.08673469387755103,0.1818181818181818,0.0,0.07142857142857142,0.0,4,4,1,0,0,0,0,0,0.0,0.0,0.0,260000.0
10676891,1,0.0,0.0,1.0,0.0,0.0,0.0,0.0,1.0,0.0,0.0,0.0,0.0,0.0,0.0,0.0,0.0,1.0,0.0,0.1836734693877551,0.6363636363636364,0.7272727272727273,0.0,0.4444444444444444,0,5,0,0,0,0,1,0,0.25,0.0,0.0003814830336337818,365000.0
10676876,0,1.0,0.0,0.0,0.0,1.0,0.0,0.0,0.0,0.0,0.0,0.0,0.0,0.0,0.0,0.0,1.0,0.0,0.0,0.03775510204081633,0.0,0.09090909090909091,0.0,0.05555555555555555,3,6,0,0,0,0,0,1,0.0,0.02,0.0,225000.0
10676892,0,0.0,1.0,0.0,1.0,0.0,0.0,0.0,0.0,0.0,0.0,0.0,0.0,0.0,0.0,0.0,1.0,0.0,0.0,0.1795918367346939,0.1818181818181818,0.09090909090909091,0.0,0.0,1,0,1,0,0,0,0,1,0.0,0.56,0.0,1106500.0
10676894,0,0.0,1.0,0.0,1.0,0.0,0.0,0.0,0.0,0.0,0.0,0.0,0.0,0.0,0.0,0.0,0.0,0.0,1.0,0.07142857142857142,0.09090909090909091,0.09090909090909091,0.0,0.0,3,2,0,0,0,0,0,1,0.0,0.0,0.0,265000.0
10676896,1,0.0,0.0,1.0,0.0,0.0,0.0,0.0,0.0,0.0,0.0,0.0,0.0,1.0,0.0,0.0,0.0,0.0,1.0,0.20102040816326533,0.2727272727272727,0.09090909090909091,0.0,0.1111111111111111,0,2,0,1,0,0,1,0,0.0,0.0,0.0010463272629234255,495000.0
10676898,1,0.0,0.0,1.0,0.0,0.0,0.0,0.0,0.0,0.0,1.0,0.0,0.0,0.0,0.0,0.0,0.0,0.0,1.0,0.14285714285714288,0.2727272727272727,0.09090909090909091,0.0,0.1111111111111111,1,0,0,0,0,0,0,0,0.0,0.0,0.0006923550249843877,344000.0
10676897,1,0.0,0.0,1.0,0.0,0.0,0.0,0.0,0.0,0.0,0.0,0.0,0.0,1.0,0.0,0.0,0.0,0.0,1.0,0.20102040816326533,0.2727272727272727,0.09090909090909091,0.0,0.1111111111111111,0,2,0,1,0,0,1,0,0.0,0.0,0.001866148974626793,599000.0
10676910,0,0.0,1.0,0.0,0.0,0.0,1.0,0.0,0.0,0.0,0.0,0.0,0.0,0.0,0.0,1.0,0.0,0.0,0.0,0.051020408163265314,0.09090909090909091,0.09090909090909091,0.0,0.0,1,0,1,0,0,0,0,0,0.0,0.0,0.0,355000.0
10676912,1,0.0,1.0,0.0,0.0,0.0,1.0,0.0,0.0,0.0,0.0,0.0,0.0,0.0,0.0,0.0,0.0,1.0,0.0,0.20102040816326533,0.2727272727272727,0.09090909090909091,0.0,0.1111111111111111,3,6,0,0,0,0,0,1,0.0,0.0,0.0005685564443580402,349000.0
10676914,1,0.0,1.0,0.0,0.0,0.0,0.0,0.0,0.0,0.0,0.0,0.0,0.0,0.0,1.0,0.0,0.0,0.0,1.0,0.10204081632653061,0.09090909090909091,0.09090909090909091,0.0,0.1111111111111111,4,5,0,0,0,0,1,0,0.05,0.0,0.00013847100499687754,158000.0
10676904,1,0.0,0.0,1.0,0.0,0.0,0.0,0.0,0.0,0.0,1.0,0.0,0.0,0.0,0.0,0.0,0.0,0.0,1.0,0.16836734693877553,0.1818181818181818,0.09090909090909091,0.0,0.1111111111111111,1,2,0,1,1,1,1,1,0.5,0.35000000000000003,0.0007317871654801872,529000.0
10676915,1,0.0,1.0,0.0,0.0,0.0,0.0,0.0,0.0,0.0,0.0,0.0,0.0,0.0,1.0,0.0,0.0,0.0,1.0,0.3122448979591837,0.4545454545454545,0.18181818181818182,0.0,0.0,3,2,0,0,0,0,1,1,0.0,0.0,0.006541150189686936,1050000.0
10676911,1,0.0,1.0,0.0,1.0,0.0,0.0,0.0,0.0,0.0,0.0,0.0,0.0,0.0,0.0,0.0,0.0,0.0,1.0,0.163265306122449,0.4545454545454545,0.09090909090909091,0.0,0.1111111111111111,5,6,0,1,0,0,1,0,0.2,0.0,0.0003374657605221916,425000.0
10676919,1,0.0,0.0,1.0,0.0,0.0,0.0,0.0,1.0,0.0,0.0,0.0,0.0,0.0,0.0,0.0,0.0,0.0,1.0,0.09183673469387757,0.09090909090909091,0.09090909090909091,0.0,0.05555555555555555,0,4,0,1,0,0,0,1,0.0,0.0,0.0007932279425317819,325000.0
10676916,1,0.0,1.0,0.0,0.0,0.0,0.0,0.0,0.0,0.0,0.0,0.0,0.0,0.0,1.0,0.0,0.0,1.0,0.0,0.08979591836734696,0.1818181818181818,0.09090909090909091,0.0,0.05555555555555555,1,2,0,0,0,0,0,0,0.0,0.0,0.00010087291754739423,245000.0
10676920,0,0.0,1.0,0.0,0.0,0.0,1.0,0.0,0.0,0.0,0.0,0.0,0.0,0.0,0.0,0.0,0.0,0.0,1.0,0.07142857142857142,0.09090909090909091,0.09090909090909091,0.0,0.05555555555555555,4,2,0,1,0,0,0,1,0.0,0.0,0.0,239000.0
10676922,1,0.0,1.0,0.0,1.0,0.0,0.0,0.0,0.0,0.0,0.0,0.0,0.0,0.0,0.0,0.0,0.0,0.0,1.0,0.21938775510204084,0.09090909090909091,0.2727272727272727,0.0,0.1111111111111111,1,3,0,1,0,0,0,0,0.0,0.0,0.0008528346665370603,655000.0
10676924,0,0.0,1.0,0.0,0.0,0.0,0.0,0.0,0.0,0.0,0.0,0.0,0.0,0.0,1.0,0.0,0.0,0.0,1.0,0.09183673469387757,0.1818181818181818,0.09090909090909091,0.0,0.05555555555555555,3,3,0,1,0,0,0,1,0.0,0.0,0.0,189500.0
10676926,1,0.0,1.0,0.0,0.0,0.0,0.0,0.0,0.0,0.0,0.0,0.0,0.0,0.0,1.0,0.0,0.0,1.0,0.0,0.8979591836734695,0.8181818181818182,0.18181818181818182,0.0,0.1111111111111111,0,6,0,1,0,0,0,1,0.0,0.0,0.0017276779696299156,750000.0
10676927,1,0.0,1.0,0.0,0.0,0.0,0.0,0.0,0.0,0.0,0.0,0.0,0.0,0.0,1.0,0.0,0.0,1.0,0.0,0.8979591836734695,0.8181818181818182,0.18181818181818182,0.0,0.1111111111111111,0,6,0,1,0,0,0,1,0.0,0.0,0.0017276779696299156,750000.0
10676925,0,0.0,1.0,0.0,0.0,0.0,0.0,0.0,0.0,0.0,0.0,0.0,0.0,0.0,1.0,0.0,0.0,1.0,0.0,0.12244897959183676,0.2727272727272727,0.09090909090909091,0.0,0.1111111111111111,3,3,1,1,0,0,0,1,0.0,0.02,0.0,925000.0
10676933,0,1.0,0.0,0.0,0.0,1.0,0.0,0.0,0.0,0.0,0.0,0.0,0.0,0.0,0.0,0.0,0.0,0.0,1.0,0.13775510204081634,0.1818181818181818,0.2727272727272727,0.0,0.0,2,5,1,1,0,0,1,1,0.3,0.4,0.0,790000.0
10676929,1,0.0,0.0,1.0,0.0,0.0,0.0,0.0,0.0,0.0,0.0,0.0,1.0,0.0,0.0,0.0,0.0,0.0,1.0,0.11224489795918369,0.1818181818181818,0.09090909090909091,0.0,0.1111111111111111,4,7,0,1,0,0,1,1,0.0,0.0,0.00042550030674537204,215000.0
10676934,0,1.0,0.0,0.0,0.0,1.0,0.0,0.0,0.0,0.0,0.0,0.0,0.0,0.0,0.0,1.0,0.0,0.0,0.0,0.19387755102040818,0.1818181818181818,0.18181818181818182,0.0,0.1111111111111111,2,4,1,1,0,0,0,1,0.0,1.0,0.0,895000.0
10676935,0,1.0,0.0,0.0,0.0,1.0,0.0,0.0,0.0,0.0,0.0,0.0,0.0,0.0,0.0,1.0,0.0,0.0,0.0,0.19387755102040818,0.1818181818181818,0.18181818181818182,0.0,0.1111111111111111,2,4,1,1,0,0,0,1,0.0,1.0,0.0,895000.0
10676937,0,1.0,0.0,0.0,0.0,1.0,0.0,0.0,0.0,0.0,0.0,0.0,0.0,0.0,0.0,0.0,0.0,0.0,1.0,0.13775510204081634,0.1818181818181818,0.2727272727272727,0.0,0.0,2,5,1,1,0,0,1,1,0.3,0.4,0.0,790000.0
10676936,0,1.0,0.0,0.0,0.0,1.0,0.0,0.0,0.0,0.0,0.0,0.0,0.0,0.0,0.0,1.0,0.0,0.0,0.0,0.19387755102040818,0.1818181818181818,0.18181818181818182,0.0,0.1111111111111111,2,4,1,1,0,0,0,1,0.0,1.0,0.0,895000.0
10676944,0,0.0,1.0,0.0,0.0,0.0,0.0,1.0,0.0,0.0,0.0,0.0,0.0,0.0,0.0,1.0,0.0,0.0,0.0,0.08469387755102042,0.1818181818181818,0.18181818181818182,0.0,0.05555555555555555,0,0,1,1,0,0,0,1,0.0,0.12,0.0,382500.0
10676942,0,0.0,1.0,0.0,0.0,0.0,0.0,1.0,0.0,0.0,0.0,0.0,0.0,0.0,0.0,1.0,0.0,0.0,0.0,0.05204081632653062,0.0,0.09090909090909091,0.0,0.05555555555555555,0,0,1,1,0,0,1,1,0.099,0.2,0.0,297400.0
10676943,0,0.0,1.0,0.0,0.0,0.0,0.0,1.0,0.0,0.0,0.0,0.0,0.0,0.0,0.0,1.0,0.0,0.0,0.0,0.10714285714285715,0.1818181818181818,0.18181818181818182,0.0,0.1111111111111111,0,0,1,1,0,0,0,1,0.0,0.72,0.0,462500.0
10676941,1,0.0,0.0,1.0,0.0,0.0,0.0,0.0,0.0,0.0,0.0,0.0,0.0,1.0,0.0,0.0,0.0,0.0,1.0,0.2448979591836735,0.2727272727272727,0.18181818181818182,0.0,0.16666666666666666,1,2,0,1,1,0,0,1,0.0,0.0,0.0017331801287688645,1375000.0
10676945,0,0.0,1.0,0.0,0.0,0.0,0.0,1.0,0.0,0.0,0.0,0.0,0.0,0.0,0.0,0.0,1.0,0.0,0.0,0.08469387755102042,0.1818181818181818,0.18181818181818182,0.0,0.05555555555555555,0,0,1,1,0,0,0,1,0.0,0.12,0.0,382500.0
10676946,0,0.0,1.0,0.0,0.0,0.0,0.0,1.0,0.0,0.0,0.0,0.0,0.0,0.0,0.0,0.0,1.0,0.0,0.0,0.10714285714285715,0.1818181818181818,0.18181818181818182,0.0,0.1111111111111111,0,0,1,1,0,0,0,1,0.0,0.72,0.0,462500.0
10676949,1,0.0,1.0,0.0,0.0,0.0,1.0,0.0,0.0,0.0,0.0,0.0,0.0,0.0,0.0,0.0,0.0,0.0,1.0,0.5724489795918367,0.36363636363636365,0.0,0.0,0.1111111111111111,4,6,0,1,0,0,1,1,0.1,0.01,0.0003282954952906103,595000.0
10676953,1,0.0,1.0,0.0,0.0,0.0,1.0,0.0,0.0,0.0,0.0,0.0,0.0,0.0,0.0,0.0,0.0,0.0,1.0,0.326530612244898,0.36363636363636365,0.09090909090909091,0.07142857142857142,0.1111111111111111,0,3,0,1,0,0,1,0,1.0,0.0,0.0018954938233678533,850000.0
10676954,1,0.0,1.0,0.0,0.0,0.0,1.0,0.0,0.0,0.0,0.0,0.0,0.0,0.0,0.0,0.0,0.0,0.0,1.0,0.176530612244898,0.09090909090909091,0.09090909090909091,0.0,0.1111111111111111,3,3,0,1,0,0,1,1,0.045,0.2,0.0,289000.0
10676961,1,0.0,0.0,1.0,0.0,0.0,0.0,0.0,0.0,0.0,1.0,0.0,0.0,0.0,0.0,0.0,0.0,0.0,1.0,0.11938775510204083,0.2727272727272727,0.09090909090909091,0.0,0.05555555555555555,3,7,0,0,0,0,1,1,1.0,0.09,0.0013700376255982452,399000.0
10676956,1,0.0,1.0,0.0,0.0,0.0,0.0,0.0,0.0,1.0,0.0,0.0,0.0,0.0,0.0,0.0,0.0,0.0,1.0,0.17551020408163268,0.1818181818181818,0.09090909090909091,0.0,0.1111111111111111,3,5,0,1,0,0,0,0,0.0,0.0,0.00030720388525797335,219000.0
10676955,0,0.0,1.0,0.0,0.0,0.0,0.0,1.0,0.0,0.0,0.0,0.0,0.0,0.0,0.0,0.0,0.0,0.0,1.0,0.06938775510204082,0.09090909090909091,0.0,0.07142857142857142,0.05555555555555555,3,6,0,0,0,0,0,0,0.0,0.0,0.0,295000.0
10676966,0,0.0,1.0,0.0,1.0,0.0,0.0,0.0,0.0,0.0,0.0,0.0,0.0,0.0,0.0,0.0,0.0,0.0,1.0,0.05816326530612246,0.0,0.09090909090909091,0.0,0.05555555555555555,2,2,1,1,0,0,0,1,0.0,0.07,0.0,304500.0
10676968,1,0.0,1.0,0.0,0.0,0.0,0.0,0.0,0.0,1.0,0.0,0.0,0.0,0.0,0.0,0.0,0.0,0.0,1.0,0.18979591836734697,0.09090909090909091,0.09090909090909091,0.0,0.05555555555555555,3,0,0,0,0,0,1,1,0.0,0.0,0.0011096020930213364,277800.0
10676970,1,0.0,1.0,0.0,0.0,0.0,0.0,1.0,0.0,0.0,0.0,0.0,0.0,0.0,0.0,0.0,0.0,0.0,1.0,0.32448979591836735,0.2727272727272727,0.18181818181818182,0.0,0.2222222222222222,0,3,0,0,0,0,0,1,0.0,0.0,0.004147710964244219,765000.0
10676962,0,1.0,0.0,0.0,0.0,1.0,0.0,0.0,0.0,0.0,0.0,0.0,0.0,0.0,0.0,0.0,1.0,0.0,0.0,0.09183673469387757,0.09090909090909091,0.09090909090909091,0.0,0.05555555555555555,0,7,1,0,0,0,0,1,0.0,0.08,0.0,250000.0
10676976,1,0.0,1.0,0.0,0.0,0.0,0.0,0.0,0.0,0.0,0.0,0.0,0.0,0.0,1.0,0.0,0.0,0.0,1.0,0.16836734693877553,0.2727272727272727,0.09090909090909091,0.07142857142857142,0.1111111111111111,3,6,0,1,0,0,0,1,0.0,0.0,0.0008620049317686416,435000.0
10676975,1,0.0,1.0,0.0,0.0,0.0,0.0,0.0,0.0,0.0,0.0,0.0,0.0,0.0,1.0,0.0,0.0,0.0,1.0,0.41938775510204085,0.36363636363636365,0.2727272727272727,0.0,0.0,1,4,0,0,0,0,1,1,0.0,0.0,0.013457364227345548,1645000.0
10676972,1,0.0,1.0,0.0,0.0,0.0,0.0,0.0,0.0,0.0,0.0,0.0,0.0,0.0,1.0,0.0,0.0,0.0,1.0,0.37244897959183676,0.36363636363636365,0.0,0.0,0.1111111111111111,5,6,0,0,0,0,1,0,0.0,0.0,0.00080881739342547,288000.0
10676978,1,0.0,1.0,0.0,0.0,0.0,0.0,0.0,0.0,0.0,0.0,0.0,0.0,0.0,1.0,0.0,0.0,0.0,1.0,0.14081632653061227,0.1818181818181818,0.09090909090909091,0.0,0.1111111111111111,3,2,0,1,0,0,0,1,0.0,0.0,0.00018982449029373278,299000.0
10676977,1,0.0,1.0,0.0,0.0,0.0,0.0,0.0,0.0,0.0,0.0,0.0,0.0,0.0,1.0,0.0,0.0,0.0,1.0,0.12244897959183676,0.1818181818181818,0.09090909090909091,0.0,0.1111111111111111,3,1,0,1,0,0,0,1,0.0,0.0,0.00029803362002639206,425000.0
10676980,1,0.0,1.0,0.0,0.0,0.0,0.0,0.0,0.0,0.0,0.0,0.0,0.0,0.0,1.0,0.0,0.0,0.0,1.0,0.12244897959183676,0.1818181818181818,0.09090909090909091,0.0,0.1111111111111111,3,1,0,1,0,0,0,1,0.0,0.0,0.00029803362002639206,425000.0
10676981,1,0.0,1.0,0.0,0.0,0.0,1.0,0.0,0.0,0.0,0.0,0.0,0.0,0.0,0.0,0.0,0.0,0.0,1.0,0.1806122448979592,0.1818181818181818,0.09090909090909091,0.0,0.1111111111111111,3,4,0,0,0,0,1,1,0.0,0.0,0.0008959349131254924,699000.0
10676983,0,0.0,1.0,0.0,0.0,0.0,1.0,0.0,0.0,0.0,0.0,0.0,0.0,0.0,0.0,0.0,0.0,0.0,1.0,0.07244897959183674,0.09090909090909091,0.09090909090909091,0.0,0.05555555555555555,3,2,0,0,0,0,0,1,0.0,0.0,0.0,264000.0
10676985,0,0.0,1.0,0.0,1.0,0.0,0.0,0.0,0.0,0.0,0.0,0.0,0.0,0.0,0.0,0.0,0.0,1.0,0.0,0.0816326530612245,0.09090909090909091,0.09090909090909091,0.0,0.0,3,3,0,0,0,0,0,1,0.0,0.0,0.0,269000.0
10676984,1,0.0,1.0,0.0,0.0,0.0,0.0,0.0,0.0,0.0,0.0,0.0,0.0,0.0,1.0,0.0,0.0,0.0,1.0,0.5918367346938775,0.36363636363636365,0.2727272727272727,0.0,0.2777777777777778,4,0,0,1,1,0,0,1,0.0,0.0,0.009170265231581293,1695000.0
10677001,1,0.0,1.0,0.0,0.0,0.0,0.0,0.0,0.0,0.0,0.0,0.0,0.0,0.0,1.0,1.0,0.0,0.0,0.0,0.23163265306122452,0.1818181818181818,0.09090909090909091,0.0,0.1111111111111111,0,5,0,0,0,0,0,0,0.0,0.0,0.0003200422565821871,295000.0
10677010,0,0.0,1.0,0.0,0.0,0.0,1.0,0.0,0.0,0.0,0.0,0.0,0.0,0.0,0.0,0.0,0.0,0.0,1.0,0.12244897959183676,0.1818181818181818,0.09090909090909091,0.0,0.05555555555555555,0,0,0,0,0,0,1,1,0.036000000000000004,0.21,0.0,405650.0
10677009,0,0.0,1.0,0.0,0.0,0.0,1.0,0.0,0.0,0.0,0.0,0.0,0.0,0.0,0.0,0.0,0.0,0.0,1.0,0.08673469387755103,0.09090909090909091,0.09090909090909091,0.0,0.05555555555555555,0,0,0,0,0,0,0,1,0.0,0.08,0.0,357955.0
10677020,0,0.0,1.0,0.0,0.0,0.0,0.0,0.0,0.0,1.0,0.0,0.0,0.0,0.0,0.0,0.0,0.0,0.0,1.0,0.1806122448979592,0.2727272727272727,0.18181818181818182,0.0,0.1111111111111111,3,2,0,0,0,0,1,0,0.06,0.0,0.0,375000.0
10677021,1,0.0,1.0,0.0,1.0,0.0,0.0,0.0,0.0,0.0,0.0,0.0,0.0,0.0,0.0,0.0,0.0,0.0,1.0,0.22653061224489798,0.2727272727272727,0.09090909090909091,0.0,0.1111111111111111,3,2,0,0,1,0,1,0,1.0,0.0,0.0052233830759087045,545000.0
10677034,0,0.0,1.0,0.0,0.0,0.0,0.0,0.0,0.0,0.0,0.0,0.0,0.0,0.0,1.0,0.0,0.0,1.0,0.0,0.07346938775510206,0.09090909090909091,0.09090909090909091,0.0,0.0,0,4,0,0,0,0,0,0,0.0,0.0,0.0,249000.0
10677032,1,0.0,1.0,0.0,0.0,0.0,0.0,0.0,0.0,0.0,0.0,0.0,0.0,0.0,1.0,0.0,0.0,0.0,1.0,0.1142857142857143,0.1818181818181818,0.09090909090909091,0.0,0.0,3,6,0,0,0,0,0,1,0.0,0.0,0.00019807772900215593,269000.0
10677033,1,0.0,0.0,1.0,0.0,0.0,0.0,0.0,1.0,0.0,0.0,0.0,0.0,0.0,0.0,0.0,0.0,1.0,0.0,0.1326530612244898,0.1818181818181818,0.18181818181818182,0.0,0.1111111111111111,2,2,0,1,0,0,0,0,0.0,0.0,0.00012379858062634745,230000.0
10677036,0,0.0,1.0,0.0,0.0,0.0,0.0,0.0,0.0,0.0,0.0,0.0,0.0,0.0,1.0,0.0,0.0,1.0,0.0,0.07346938775510206,0.09090909090909091,0.09090909090909091,0.0,0.0,3,1,0,0,0,0,0,1,0.0,0.0,0.0,435000.0
10677019,1,0.0,1.0,0.0,0.0,0.0,0.0,0.0,0.0,1.0,0.0,0.0,0.0,0.0,0.0,0.0,0.0,0.0,1.0,0.1806122448979592,0.2727272727272727,0.18181818181818182,0.0,0.1111111111111111,3,2,0,0,0,0,1,0,0.06,0.0,0.0,375000.0
10677048,0,0.0,1.0,0.0,1.0,0.0,0.0,0.0,0.0,0.0,0.0,0.0,0.0,0.0,0.0,0.0,0.0,1.0,0.0,0.0336734693877551,0.0,0.09090909090909091,0.0,0.05555555555555555,3,0,1,0,0,0,0,1,0.0,0.0,0.0,185000.0
10677037,0,0.0,1.0,0.0,0.0,0.0,0.0,0.0,0.0,0.0,0.0,0.0,0.0,0.0,1.0,0.0,0.0,1.0,0.0,0.11836734693877551,0.09090909090909091,0.09090909090909091,0.0,0.05555555555555555,3,3,1,0,0,0,0,1,0.0,0.0,0.0,299000.0
10677046,0,0.0,1.0,0.0,1.0,0.0,0.0,0.0,0.0,0.0,0.0,0.0,0.0,0.0,0.0,0.0,0.0,1.0,0.0,0.05000000000000001,0.0,0.09090909090909091,0.0,0.05555555555555555,3,2,0,0,0,0,0,1,0.0,0.0,0.0,184000.0
10677045,1,0.0,1.0,0.0,0.0,0.0,0.0,0.0,0.0,1.0,0.0,0.0,0.0,0.0,0.0,0.0,0.0,0.0,1.0,0.1306122448979592,0.1818181818181818,0.09090909090909091,0.0,0.1111111111111111,3,4,0,0,0,0,0,0,0.0,0.0,0.005548010465106682,279000.0
10677050,0,0.0,1.0,0.0,0.0,0.0,1.0,0.0,0.0,0.0,0.0,0.0,0.0,0.0,0.0,1.0,0.0,0.0,0.0,0.03571428571428572,0.0,0.09090909090909091,0.0,0.05555555555555555,3,3,0,0,0,0,0,1,0.0,0.15,0.0,260000.0
10677061,1,0.0,1.0,0.0,1.0,0.0,0.0,0.0,0.0,0.0,0.0,0.0,0.0,0.0,0.0,0.0,1.0,0.0,0.0,0.06632653061224492,0.09090909090909091,0.09090909090909091,0.0,0.05555555555555555,0,3,0,1,0,0,0,0,0.0,0.0,9.07856257926548e-05,189000.0
10677062,1,0.0,1.0,0.0,1.0,0.0,0.0,0.0,0.0,0.0,0.0,0.0,0.0,0.0,0.0,0.0,0.0,0.0,1.0,0.23673469387755106,0.36363636363636365,0.09090909090909091,0.07142857142857142,0.16666666666666666,2,4,0,1,0,0,1,1,0.2,0.16,0.0003273784687674522,499000.0
10677058,1,0.0,1.0,0.0,0.0,0.0,1.0,0.0,0.0,0.0,0.0,0.0,0.0,0.0,0.0,0.0,0.0,0.0,1.0,0.1285714285714286,0.09090909090909091,0.09090909090909091,0.0,0.1111111111111111,5,0,0,0,0,0,0,0,0.0,0.0,0.0,292000.0
10677051,1,0.0,0.0,1.0,0.0,0.0,0.0,0.0,1.0,0.0,0.0,0.0,0.0,0.0,0.0,0.0,0.0,1.0,0.0,0.2979591836734694,0.1818181818181818,0.0,0.0,0.0,5,7,0,1,0,0,1,0,0.0,0.0,0.0018340530463162588,280000.0
10677068,1,0.0,1.0,0.0,0.0,0.0,1.0,0.0,0.0,0.0,0.0,0.0,0.0,0.0,0.0,0.0,0.0,0.0,1.0,0.213265306122449,0.1818181818181818,0.09090909090909091,0.0,0.1111111111111111,3,3,0,1,0,0,0,1,0.0,0.0,0.0003539722379390379,325000.0
10677081,1,0.0,1.0,0.0,0.0,0.0,1.0,0.0,0.0,0.0,0.0,0.0,0.0,0.0,0.0,0.0,1.0,0.0,0.0,0.16632653061224492,0.1818181818181818,0.09090909090909091,0.0,0.1111111111111111,3,4,0,0,0,0,0,1,0.0,0.0,0.0008152365790875769,599000.0
10677080,1,0.0,1.0,0.0,0.0,0.0,1.0,0.0,0.0,0.0,0.0,0.0,0.0,0.0,0.0,0.0,0.0,0.0,1.0,0.18673469387755104,0.2727272727272727,0.09090909090909091,0.0,0.1111111111111111,0,5,0,0,0,0,0,0,0.0,0.0,0.00031637415048955465,299000.0
10677063,1,0.0,1.0,0.0,1.0,0.0,0.0,0.0,0.0,0.0,0.0,0.0,0.0,0.0,0.0,0.0,0.0,0.0,1.0,0.15408163265306124,0.36363636363636365,0.18181818181818182,0.0,0.1111111111111111,3,4,0,1,0,0,1,0,0.065,0.0,0.00014213911108951004,335000.0
10677069,1,0.0,1.0,0.0,0.0,0.0,0.0,1.0,0.0,0.0,0.0,0.0,0.0,0.0,0.0,0.0,0.0,1.0,0.0,0.15306122448979595,0.09090909090909091,0.09090909090909091,0.0,0.05555555555555555,3,4,0,1,0,0,0,0,0.0,0.0,0.0005135348529685524,299000.0
10677085,1,0.0,0.0,1.0,0.0,0.0,0.0,0.0,1.0,0.0,0.0,0.0,0.0,0.0,0.0,0.0,0.0,0.0,1.0,0.07142857142857142,0.09090909090909091,0.09090909090909091,0.0,0.05555555555555555,3,4,0,0,0,0,1,1,0.52,0.0,0.0004768537920422273,150000.0
10677087,1,0.0,1.0,0.0,1.0,0.0,0.0,0.0,0.0,0.0,0.0,0.0,0.0,0.0,0.0,0.0,1.0,0.0,0.0,0.07653061224489796,0.0,0.09090909090909091,0.0,0.0,3,3,0,0,0,0,0,1,0.0,0.0,4.126619354211582e-05,232000.0
10677091,1,0.0,1.0,0.0,0.0,0.0,0.0,0.0,0.0,0.0,0.0,0.0,0.0,0.0,1.0,0.0,0.0,0.0,1.0,0.20510204081632655,0.2727272727272727,0.09090909090909091,0.0,0.05555555555555555,4,6,0,0,0,0,1,1,0.4,0.4,0.0006905209719380714,520000.0
10677088,0,1.0,0.0,0.0,0.0,1.0,0.0,0.0,0.0,0.0,0.0,0.0,0.0,0.0,0.0,0.0,0.0,0.0,1.0,0.09591836734693879,0.09090909090909091,0.0,0.07142857142857142,0.1111111111111111,1,2,1,0,0,0,0,1,0.0,0.11,0.0,615000.0
10546029,0,1.0,0.0,0.0,0.0,1.0,0.0,0.0,0.0,0.0,0.0,0.0,0.0,0.0,0.0,0.0,0.0,0.0,1.0,0.05306122448979592,0.0,0.09090909090909091,0.0,0.05555555555555555,0,7,0,0,0,0,0,1,0.0,0.18,0.0,229000.0
10677102,1,0.0,1.0,0.0,1.0,0.0,0.0,0.0,0.0,0.0,0.0,0.0,0.0,0.0,0.0,0.0,0.0,0.0,1.0,0.1275510204081633,0.1818181818181818,0.09090909090909091,0.0,0.05555555555555555,5,6,0,1,0,0,0,0,0.0,0.0,0.0016506477416846329,425000.0
10677096,1,0.0,0.0,1.0,0.0,0.0,0.0,0.0,1.0,0.0,0.0,0.0,0.0,0.0,0.0,0.0,1.0,0.0,0.0,0.0816326530612245,0.1818181818181818,0.09090909090909091,0.0,0.05555555555555555,0,7,0,0,0,0,0,1,0.0,0.27,8.803454622318042e-05,140000.0
10677108,1,0.0,1.0,0.0,1.0,0.0,0.0,0.0,0.0,0.0,0.0,0.0,0.0,0.0,0.0,0.0,0.0,1.0,0.0,0.17040816326530614,0.2727272727272727,0.09090909090909091,0.0,0.0,3,3,0,0,0,0,0,1,0.0,0.0,0.00011829642148739869,379000.0
10677107,1,0.0,1.0,0.0,1.0,0.0,0.0,0.0,0.0,0.0,0.0,0.0,0.0,0.0,0.0,0.0,0.0,1.0,0.0,0.17040816326530614,0.2727272727272727,0.09090909090909091,0.0,0.0,3,3,0,0,0,0,0,1,0.0,0.0,0.00011829642148739869,379000.0
10677109,1,0.0,1.0,0.0,0.0,0.0,0.0,0.0,0.0,0.0,0.0,0.0,0.0,0.0,1.0,0.0,0.0,1.0,0.0,0.08265306122448982,0.1818181818181818,0.0,0.0,0.0,5,5,0,0,0,0,0,1,0.0,0.0,0.00012379858062634745,167900.0
10677104,1,0.0,0.0,1.0,0.0,0.0,0.0,0.0,0.0,0.0,0.0,0.0,1.0,0.0,0.0,0.0,1.0,0.0,0.0,0.3163265306122449,0.2727272727272727,0.0,0.14285714285714285,0.16666666666666666,2,4,0,1,1,0,1,1,0.5,0.7000000000000001,0.001283837132421381,589000.0
10677115,1,0.0,0.0,1.0,0.0,0.0,0.0,0.0,0.0,0.0,0.0,0.0,0.0,1.0,0.0,0.0,0.0,0.0,1.0,0.13775510204081634,0.2727272727272727,0.18181818181818182,0.0,0.0,0,5,0,0,0,0,0,1,0.0,0.29,0.0005300413303853988,495000.0
10677116,0,0.0,1.0,0.0,1.0,0.0,0.0,0.0,0.0,0.0,0.0,0.0,0.0,0.0,0.0,0.0,0.0,1.0,0.0,0.020408163265306124,0.0,0.09090909090909091,0.0,0.05555555555555555,0,2,1,1,0,0,0,1,0.0,0.0,0.0,159000.0
10677119,0,0.0,0.0,1.0,0.0,0.0,0.0,0.0,0.0,0.0,1.0,0.0,0.0,0.0,0.0,0.0,0.0,1.0,0.0,0.09693877551020408,0.1818181818181818,0.09090909090909091,0.07142857142857142,0.05555555555555555,0,3,0,0,0,0,0,1,0.0,0.0,0.0,215000.0
10677121,0,1.0,0.0,0.0,0.0,1.0,0.0,0.0,0.0,0.0,0.0,0.0,0.0,0.0,0.0,0.0,1.0,0.0,0.0,0.08775510204081632,0.1818181818181818,0.09090909090909091,0.0,0.05555555555555555,0,1,0,1,0,0,0,1,0.0,0.04,0.0,319500.0
10677128,1,0.0,0.0,1.0,0.0,0.0,0.0,0.0,0.0,0.0,1.0,0.0,0.0,0.0,0.0,0.0,0.0,0.0,1.0,0.10204081632653061,0.1818181818181818,0.18181818181818182,0.14285714285714285,0.1111111111111111,1,2,0,0,0,0,0,0,0.0,0.0,6.602590966738531e-05,175000.0
10677122,0,1.0,0.0,0.0,0.0,1.0,0.0,0.0,0.0,0.0,0.0,0.0,0.0,0.0,0.0,0.0,1.0,0.0,0.0,0.06326530612244899,0.0,0.09090909090909091,0.0,0.05555555555555555,0,1,0,1,0,0,0,1,0.0,0.04,0.0,269000.0
10677123,0,1.0,0.0,0.0,0.0,1.0,0.0,0.0,0.0,0.0,0.0,0.0,0.0,0.0,0.0,0.0,1.0,0.0,0.0,0.07346938775510206,0.09090909090909091,0.09090909090909091,0.0,0.05555555555555555,0,1,0,1,0,0,1,1,0.0,0.04,0.0,289500.0
10677143,1,0.0,1.0,0.0,1.0,0.0,0.0,0.0,0.0,0.0,0.0,0.0,0.0,0.0,0.0,0.0,0.0,0.0,1.0,0.1816326530612245,0.1818181818181818,0.09090909090909091,0.0,0.1111111111111111,4,6,0,1,0,0,1,0,0.0,0.0,0.0,375000.0
10677131,0,0.0,0.0,1.0,0.0,0.0,0.0,0.0,0.0,0.0,0.0,0.0,0.0,1.0,0.0,0.0,0.0,0.0,1.0,0.04489795918367347,0.09090909090909091,0.09090909090909091,0.0,0.0,0,3,0,0,0,0,0,0,0.0,0.0,0.0,199000.0
10677144,0,1.0,0.0,0.0,0.0,1.0,0.0,0.0,0.0,0.0,0.0,0.0,0.0,0.0,0.0,0.0,1.0,0.0,0.0,0.07346938775510206,0.09090909090909091,0.09090909090909091,0.0,0.0,1,0,0,0,0,0,0,1,0.0,0.01,0.0,199000.0
10546068,1,0.0,0.0,1.0,0.0,0.0,0.0,0.0,1.0,0.0,0.0,0.0,0.0,0.0,0.0,0.0,1.0,0.0,0.0,0.15918367346938778,0.2727272727272727,0.09090909090909091,0.14285714285714285,0.16666666666666666,0,0,0,1,0,0,1,1,0.115,0.0,0.0002246714981737417,155000.0
10677149,0,0.0,0.0,1.0,0.0,0.0,0.0,0.0,1.0,0.0,0.0,0.0,0.0,0.0,0.0,0.0,0.0,0.0,1.0,0.06326530612244899,0.09090909090909091,0.0,0.0,0.0,0,2,0,1,0,0,0,1,0.0,0.0,0.0,155000.0
10677147,0,0.0,1.0,0.0,0.0,0.0,1.0,0.0,0.0,0.0,0.0,0.0,0.0,0.0,0.0,1.0,0.0,0.0,0.0,0.057142857142857155,0.09090909090909091,0.0,0.0,0.0,3,1,1,0,0,0,0,0,0.0,0.0,0.0,325000.0
10677153,0,0.0,0.0,1.0,0.0,0.0,0.0,0.0,1.0,0.0,0.0,0.0,0.0,0.0,0.0,0.0,0.0,0.0,1.0,0.059183673469387764,0.09090909090909091,0.0,0.0,0.0,0,2,0,1,0,0,0,1,0.0,0.0,0.0,155000.0
10677150,0,0.0,0.0,1.0,0.0,0.0,0.0,0.0,1.0,0.0,0.0,0.0,0.0,0.0,0.0,0.0,0.0,0.0,1.0,0.059183673469387764,0.09090909090909091,0.0,0.0,0.0,0,2,0,1,0,0,0,1,0.0,0.0,0.0,185000.0
10677154,0,0.0,0.0,1.0,0.0,0.0,0.0,0.0,1.0,0.0,0.0,0.0,0.0,0.0,0.0,0.0,0.0,0.0,1.0,0.06326530612244899,0.09090909090909091,0.0,0.0,0.0,0,2,0,1,0,0,0,1,0.0,0.0,0.0,170000.0
10677152,0,0.0,0.0,1.0,0.0,0.0,0.0,0.0,1.0,0.0,0.0,0.0,0.0,0.0,0.0,0.0,0.0,0.0,1.0,0.059183673469387764,0.09090909090909091,0.0,0.0,0.0,0,2,0,1,0,0,0,1,0.0,0.0,0.0,165000.0
10677168,1,0.0,1.0,0.0,1.0,0.0,0.0,0.0,0.0,0.0,0.0,0.0,0.0,0.0,0.0,0.0,0.0,0.0,1.0,0.1969387755102041,0.2727272727272727,0.18181818181818182,0.0,0.0,1,2,0,0,0,1,1,0,0.0,0.0,0.00016047964155267263,499000.0
10677163,1,0.0,0.0,1.0,0.0,0.0,0.0,0.0,1.0,0.0,0.0,0.0,0.0,0.0,0.0,0.0,0.0,1.0,0.0,0.0816326530612245,0.0,0.09090909090909091,0.0,0.0,0,4,0,1,0,0,0,1,0.0,0.0,0.00017423503940004458,110000.0
10677160,0,0.0,1.0,0.0,1.0,0.0,0.0,0.0,0.0,0.0,0.0,0.0,0.0,0.0,0.0,0.0,0.0,1.0,0.0,0.07959183673469389,0.09090909090909091,0.09090909090909091,0.0,0.05555555555555555,1,5,0,1,0,0,0,0,0.0,0.0,0.0,205000.0
10677164,1,0.0,1.0,0.0,1.0,0.0,0.0,0.0,0.0,0.0,0.0,0.0,0.0,0.0,0.0,0.0,0.0,0.0,1.0,0.1469387755102041,0.1818181818181818,0.09090909090909091,0.0,0.1111111111111111,3,3,0,1,0,0,1,0,0.0,0.0,0.00034205089313798224,365000.0
10677166,1,0.0,0.0,1.0,0.0,0.0,0.0,0.0,0.0,0.0,0.0,0.0,0.0,1.0,0.0,0.0,0.0,0.0,1.0,0.23469387755102042,0.36363636363636365,0.18181818181818182,0.0,0.16666666666666666,1,4,0,1,0,0,1,1,0.0,0.24,0.0008968519396486505,990000.0
10677173,1,0.0,1.0,0.0,0.0,0.0,0.0,0.0,0.0,1.0,0.0,0.0,0.0,0.0,0.0,0.0,0.0,1.0,0.0,0.22346938775510206,0.2727272727272727,0.09090909090909091,0.0,0.1111111111111111,3,3,0,1,0,0,1,0,0.0,0.0,0.0006547569375349044,549000.0
10677171,1,0.0,0.0,1.0,0.0,0.0,0.0,0.0,0.0,0.0,1.0,0.0,0.0,0.0,0.0,0.0,0.0,0.0,1.0,0.09897959183673471,0.2727272727272727,0.09090909090909091,0.07142857142857142,0.05555555555555555,1,4,0,0,0,0,1,1,0.374,0.0,0.0008638389848149578,215000.0
10677192,1,0.0,0.0,1.0,0.0,0.0,0.0,0.0,0.0,0.0,0.0,0.0,1.0,0.0,0.0,0.0,0.0,0.0,1.0,0.4489795918367347,0.9999999999999999,0.36363636363636365,0.2857142857142857,0.2222222222222222,0,5,0,1,0,0,1,1,0.645,0.04,0.0006905209719380714,125000.0
10677199,0,1.0,0.0,0.0,0.0,1.0,0.0,0.0,0.0,0.0,0.0,0.0,0.0,0.0,0.0,1.0,0.0,0.0,0.0,0.02755102040816327,0.0,0.09090909090909091,0.0,0.05555555555555555,0,7,0,1,0,0,0,0,0.0,0.0,0.0,180000.0
10677176,0,0.0,1.0,0.0,0.0,0.0,0.0,0.0,0.0,0.0,0.0,0.0,0.0,0.0,1.0,0.0,0.0,1.0,0.0,0.1285714285714286,0.09090909090909091,0.09090909090909091,0.0,0.1111111111111111,1,2,1,1,0,0,0,1,0.0,0.07,0.0,329000.0
10677196,1,0.0,0.0,1.0,0.0,0.0,0.0,0.0,1.0,0.0,0.0,0.0,0.0,0.0,0.0,0.0,1.0,0.0,0.0,0.1306122448979592,0.2727272727272727,0.09090909090909091,0.0,0.0,4,7,0,1,0,0,0,0,0.0,0.0,0.00030995496482744773,129000.0
10677172,1,0.0,0.0,1.0,0.0,0.0,0.0,0.0,0.0,0.0,1.0,0.0,0.0,0.0,0.0,0.0,0.0,0.0,1.0,0.09897959183673471,0.2727272727272727,0.09090909090909091,0.07142857142857142,0.05555555555555555,1,4,0,0,0,0,1,1,0.374,0.0,0.0006474207253496393,215000.0
10677195,0,0.0,1.0,0.0,0.0,0.0,0.0,0.0,0.0,0.0,0.0,0.0,0.0,0.0,1.0,0.0,0.0,0.0,1.0,0.08877551020408164,0.09090909090909091,0.09090909090909091,0.0,0.05555555555555555,3,0,0,0,0,0,0,1,0.0,0.0,0.0,299600.0
10677200,0,0.0,0.0,1.0,0.0,0.0,0.0,0.0,0.0,0.0,0.0,0.0,0.0,1.0,0.0,0.0,0.0,0.0,1.0,0.01938775510204082,0.0,0.09090909090909091,0.0,0.0,5,3,1,0,0,0,0,1,0.0,0.0,0.0,167500.0
10677205,1,0.0,1.0,0.0,0.0,0.0,0.0,0.0,0.0,1.0,0.0,0.0,0.0,0.0,0.0,0.0,0.0,0.0,1.0,0.10714285714285715,0.1818181818181818,0.0,0.0,0.0,0,6,0,1,0,0,0,0,0.0,0.0,0.0009115243640191806,285000.0
10677208,1,0.0,0.0,1.0,0.0,0.0,0.0,0.0,0.0,0.0,1.0,0.0,0.0,0.0,0.0,0.0,1.0,0.0,0.0,0.1275510204081633,0.2727272727272727,0.09090909090909091,0.0,0.05555555555555555,5,5,0,1,0,0,1,0,0.034,0.0,0.0,139000.0
10677229,0,0.0,0.0,1.0,0.0,0.0,0.0,0.0,0.0,0.0,1.0,0.0,0.0,0.0,0.0,0.0,0.0,1.0,0.0,0.07142857142857142,0.09090909090909091,0.09090909090909091,0.0,0.05555555555555555,1,2,1,1,0,0,0,0,0.0,0.0,0.0,269500.0
10677230,1,0.0,0.0,1.0,0.0,0.0,0.0,0.0,0.0,0.0,1.0,0.0,0.0,0.0,0.0,0.0,0.0,0.0,1.0,0.06122448979591837,0.09090909090909091,0.09090909090909091,0.0,0.05555555555555555,5,7,0,1,0,0,0,0,0.0,0.0,0.00013113479281161248,87000.0
10677224,0,0.0,1.0,0.0,0.0,0.0,0.0,1.0,0.0,0.0,0.0,0.0,0.0,0.0,0.0,0.0,0.0,0.0,1.0,0.057142857142857155,0.09090909090909091,0.09090909090909091,0.0,0.05555555555555555,1,4,0,1,0,0,0,0,0.0,0.0,0.0,227000.0
10677219,1,0.0,0.0,1.0,0.0,0.0,0.0,0.0,0.0,0.0,0.0,0.0,1.0,0.0,0.0,0.0,0.0,1.0,0.0,0.25,0.2727272727272727,0.09090909090909091,0.0,0.05555555555555555,3,5,0,1,0,0,1,1,0.52,0.0,0.0010114802550434167,389000.0
10677212,1,0.0,0.0,1.0,0.0,0.0,0.0,0.0,0.0,0.0,0.0,0.0,0.0,1.0,0.0,0.0,0.0,0.0,1.0,0.1326530612244898,0.1818181818181818,0.09090909090909091,0.0,0.1111111111111111,3,4,0,1,0,0,1,1,0.67,0.35000000000000003,0.0009188605762044456,470000.0
10677231,0,0.0,1.0,0.0,0.0,0.0,0.0,0.0,0.0,0.0,0.0,0.0,0.0,0.0,1.0,0.0,0.0,0.0,1.0,0.04591836734693878,0.0,0.0,0.0,0.05555555555555555,1,1,0,0,0,0,0,1,0.0,0.09,0.0,199000.0
10677232,1,0.0,1.0,0.0,0.0,0.0,0.0,0.0,0.0,0.0,0.0,0.0,0.0,0.0,1.0,0.0,0.0,0.0,1.0,0.1836734693877551,0.2727272727272727,0.0,0.0,0.1111111111111111,4,4,0,0,0,0,1,0,0.0,0.0,0.00017423503940004458,175000.0
10677217,1,0.0,0.0,1.0,0.0,0.0,0.0,0.0,1.0,0.0,0.0,0.0,0.0,0.0,0.0,0.0,1.0,0.0,0.0,0.10204081632653061,0.1818181818181818,0.0,0.0,0.0,0,0,0,0,0,0,0,0,0.0,0.0,0.0011462831539476616,304727.0
10677236,0,0.0,1.0,0.0,0.0,0.0,0.0,0.0,0.0,0.0,0.0,0.0,0.0,0.0,1.0,0.0,0.0,0.0,1.0,0.05204081632653062,0.09090909090909091,0.09090909090909091,0.0,0.05555555555555555,3,0,1,0,0,0,0,1,0.0,0.26,0.0,247500.0
10677238,1,1.0,0.0,0.0,0.0,1.0,0.0,0.0,0.0,0.0,0.0,0.0,0.0,0.0,0.0,0.0,0.0,0.0,1.0,0.22448979591836737,0.4545454545454545,0.09090909090909091,0.07142857142857142,0.16666666666666666,1,0,0,1,0,0,1,1,0.15,0.35000000000000003,0.00019257556986320717,750000.0
10677243,0,0.0,1.0,0.0,0.0,0.0,0.0,0.0,0.0,0.0,0.0,0.0,0.0,0.0,1.0,0.0,0.0,0.0,1.0,0.034693877551020415,0.0,0.09090909090909091,0.0,0.05555555555555555,3,0,1,0,0,0,0,1,0.0,0.22,0.0,197500.0
10677242,0,0.0,1.0,0.0,0.0,0.0,0.0,0.0,0.0,0.0,0.0,0.0,0.0,0.0,1.0,0.0,0.0,0.0,1.0,0.026530612244897965,0.0,0.09090909090909091,0.0,0.0,3,2,1,0,0,0,0,1,0.0,0.01,0.0,199000.0
10546170,1,0.0,1.0,0.0,0.0,0.0,0.0,0.0,0.0,1.0,0.0,0.0,0.0,0.0,0.0,0.0,0.0,0.0,1.0,0.0653061224489796,0.09090909090909091,0.0,0.07142857142857142,0.1111111111111111,1,0,0,0,1,0,1,1,1.0,0.09,0.0,102000.0
10677249,1,0.0,1.0,0.0,1.0,0.0,0.0,0.0,0.0,0.0,0.0,0.0,0.0,0.0,0.0,0.0,0.0,0.0,1.0,0.15918367346938778,0.1818181818181818,0.09090909090909091,0.0,0.0,3,2,0,0,1,0,0,0,0.0,0.0,0.000545630781279087,475000.0
10677245,1,0.0,1.0,0.0,0.0,0.0,0.0,0.0,0.0,0.0,0.0,0.0,0.0,0.0,1.0,0.0,0.0,0.0,1.0,0.16836734693877553,0.1818181818181818,0.09090909090909091,0.0,0.0,3,4,0,0,0,0,0,0,0.0,0.0,0.00033012954833692656,189000.0
10677246,0,0.0,1.0,0.0,1.0,0.0,0.0,0.0,0.0,0.0,0.0,0.0,0.0,0.0,0.0,0.0,0.0,0.0,1.0,0.08469387755102042,0.09090909090909091,0.09090909090909091,0.0,0.0,3,2,0,0,0,0,0,0,0.0,0.0,0.0,165000.0
10677248,0,0.0,1.0,0.0,0.0,0.0,0.0,0.0,0.0,0.0,0.0,0.0,0.0,0.0,1.0,0.0,0.0,0.0,1.0,0.057142857142857155,0.09090909090909091,0.09090909090909091,0.0,0.05555555555555555,3,0,0,0,0,0,0,1,0.0,0.1,0.0,227500.0
10677247,0,0.0,1.0,0.0,0.0,0.0,0.0,1.0,0.0,0.0,0.0,0.0,0.0,0.0,0.0,0.0,0.0,1.0,0.0,0.06632653061224492,0.09090909090909091,0.09090909090909091,0.0,0.0,3,2,1,0,0,0,0,1,0.0,0.0,0.0,239000.0
10677253,1,0.0,1.0,0.0,1.0,0.0,0.0,0.0,0.0,0.0,0.0,0.0,0.0,0.0,0.0,0.0,0.0,0.0,1.0,0.3020408163265306,0.2727272727272727,0.18181818181818182,0.0,0.16666666666666666,3,2,0,1,0,0,1,1,0.0,0.0,0.0013883781560614077,688000.0
10677251,0,1.0,0.0,0.0,0.0,1.0,0.0,0.0,0.0,0.0,0.0,0.0,0.0,0.0,0.0,0.0,1.0,0.0,0.0,0.07346938775510206,0.09090909090909091,0.09090909090909091,0.0,0.05555555555555555,5,0,0,0,0,0,0,1,0.0,0.02,0.0,265000.0
10677250,1,0.0,0.0,1.0,0.0,0.0,0.0,0.0,0.0,0.0,0.0,1.0,0.0,0.0,0.0,0.0,0.0,0.0,1.0,0.1836734693877551,0.2727272727272727,0.09090909090909091,0.07142857142857142,0.1111111111111111,0,5,0,0,0,0,0,1,0.0,0.26,0.004860240572738085,650000.0
10677271,0,0.0,1.0,0.0,1.0,0.0,0.0,0.0,0.0,0.0,0.0,0.0,0.0,0.0,0.0,0.0,0.0,1.0,0.0,0.07653061224489796,0.09090909090909091,0.09090909090909091,0.0,0.05555555555555555,4,3,0,1,0,0,0,1,0.0,0.02,0.0,209000.0
10677256,1,0.0,0.0,1.0,0.0,0.0,0.0,0.0,0.0,0.0,0.0,0.0,0.0,1.0,0.0,0.0,0.0,1.0,0.0,0.9693877551020409,0.36363636363636365,0.4545454545454546,0.2857142857142857,0.2777777777777778,1,2,1,0,1,0,1,1,1.0,0.77,0.009170265231581293,3200000.0
10677272,0,0.0,1.0,0.0,0.0,0.0,0.0,0.0,0.0,0.0,0.0,0.0,0.0,0.0,1.0,0.0,0.0,0.0,1.0,0.04795918367346939,0.0,0.09090909090909091,0.0,0.05555555555555555,0,1,1,1,0,0,0,1,0.0,0.06,0.0,256500.0
10677269,1,0.0,1.0,0.0,1.0,0.0,0.0,0.0,0.0,0.0,0.0,0.0,0.0,0.0,0.0,0.0,0.0,1.0,0.0,0.1326530612244898,0.1818181818181818,0.09090909090909091,0.0,0.05555555555555555,0,5,0,1,0,0,1,0,0.055,0.0,0.00013296884585792875,275000.0
10677261,0,0.0,1.0,0.0,0.0,0.0,0.0,0.0,0.0,0.0,0.0,0.0,0.0,0.0,1.0,0.0,0.0,0.0,1.0,0.042857142857142864,0.09090909090909091,0.0,0.0,0.05555555555555555,1,3,1,0,0,0,0,1,0.0,0.0,0.0,365000.0
10677276,0,0.0,1.0,0.0,0.0,0.0,0.0,0.0,0.0,0.0,0.0,0.0,0.0,0.0,1.0,0.0,0.0,0.0,1.0,0.06326530612244899,0.09090909090909091,0.09090909090909091,0.0,0.05555555555555555,3,0,1,0,0,0,1,1,0.04,0.0,0.0,277500.0
10677278,0,0.0,1.0,0.0,1.0,0.0,0.0,0.0,0.0,0.0,0.0,0.0,0.0,0.0,0.0,0.0,0.0,0.0,1.0,0.0816326530612245,0.09090909090909091,0.09090909090909091,0.0,0.1111111111111111,0,1,1,1,0,0,0,1,0.0,0.0,0.0,299000.0
10677273,1,0.0,1.0,0.0,1.0,0.0,0.0,0.0,0.0,0.0,0.0,0.0,0.0,0.0,0.0,0.0,0.0,1.0,0.0,0.0816326530612245,0.09090909090909091,0.09090909090909091,0.0,0.05555555555555555,5,6,0,1,0,0,1,1,0.0,0.0,9.628778493160358e-05,259000.0
10677277,1,0.0,1.0,0.0,1.0,0.0,0.0,0.0,0.0,0.0,0.0,0.0,0.0,0.0,0.0,0.0,0.0,0.0,1.0,0.23469387755102042,0.2727272727272727,0.09090909090909091,0.0,0.1111111111111111,0,2,0,1,0,0,1,0,0.0,0.0,0.00023842689602111364,419000.0
10677286,1,0.0,1.0,0.0,0.0,0.0,0.0,0.0,0.0,0.0,0.0,0.0,0.0,0.0,1.0,0.0,0.0,0.0,1.0,0.1836734693877551,0.1818181818181818,0.09090909090909091,0.0,0.1111111111111111,3,5,0,0,0,0,0,1,0.0,0.0,0.00033471468095271724,229000.0
10677289,0,0.0,1.0,0.0,1.0,0.0,0.0,0.0,0.0,0.0,0.0,0.0,0.0,0.0,0.0,0.0,0.0,0.0,1.0,0.0673469387755102,0.09090909090909091,0.09090909090909091,0.0,0.05555555555555555,2,1,0,1,0,0,0,1,0.0,0.06,0.0,315000.0
10677301,0,1.0,0.0,0.0,0.0,1.0,0.0,0.0,0.0,0.0,0.0,0.0,0.0,0.0,0.0,0.0,0.0,1.0,0.0,0.08775510204081632,0.09090909090909091,0.09090909090909091,0.0,0.1111111111111111,0,5,1,1,0,0,0,1,0.0,0.17,0.0,399000.0
10677294,1,0.0,1.0,0.0,0.0,0.0,0.0,0.0,0.0,1.0,0.0,0.0,0.0,0.0,0.0,0.0,0.0,0.0,1.0,0.163265306122449,0.1818181818181818,0.09090909090909091,0.0,0.1111111111111111,4,0,0,0,0,0,1,0,0.674,0.0,0.0007106955554475503,235000.0
10677304,1,0.0,1.0,0.0,0.0,0.0,0.0,0.0,0.0,0.0,0.0,0.0,0.0,0.0,1.0,0.0,0.0,0.0,1.0,0.1969387755102041,0.1818181818181818,0.09090909090909091,0.0,0.1111111111111111,3,2,0,1,0,0,0,1,0.0,0.0,0.00029803362002639206,319000.0
10677314,0,0.0,0.0,1.0,0.0,0.0,0.0,0.0,1.0,0.0,0.0,0.0,0.0,0.0,0.0,0.0,0.0,1.0,0.0,0.14183673469387756,0.1818181818181818,0.09090909090909091,0.0,0.05555555555555555,0,6,0,1,0,0,0,0,0.0,0.0,0.0,185000.0
10677316,0,0.0,0.0,1.0,0.0,0.0,0.0,0.0,1.0,0.0,0.0,0.0,0.0,0.0,0.0,0.0,1.0,0.0,0.0,0.14285714285714288,0.1818181818181818,0.18181818181818182,0.0,0.1111111111111111,3,0,0,1,0,0,0,0,0.0,0.0,0.0,179000.0
10677319,1,0.0,0.0,1.0,0.0,0.0,0.0,0.0,1.0,0.0,0.0,0.0,0.0,0.0,0.0,0.0,0.0,1.0,0.0,0.16122448979591839,0.1818181818181818,0.09090909090909091,0.0,0.05555555555555555,5,0,0,1,0,0,0,0,0.0,0.0,0.0,99000.0
10677321,1,0.0,0.0,1.0,0.0,0.0,0.0,0.0,0.0,0.0,0.0,0.0,1.0,0.0,0.0,0.0,1.0,0.0,0.0,0.23469387755102042,0.2727272727272727,0.18181818181818182,0.0,0.1111111111111111,0,6,0,1,0,0,0,0,0.0,0.0,0.0004034916701895769,349000.0
10677327,1,0.0,0.0,1.0,0.0,0.0,0.0,0.0,1.0,0.0,0.0,0.0,0.0,0.0,0.0,0.0,1.0,0.0,0.0,0.07653061224489796,0.2727272727272727,0.09090909090909091,0.0,0.05555555555555555,5,0,0,1,0,0,0,0,0.0,0.0,0.0,85000.0
10677325,1,0.0,0.0,1.0,0.0,0.0,0.0,0.0,1.0,0.0,0.0,0.0,0.0,0.0,0.0,0.0,1.0,0.0,0.0,0.08979591836734696,0.1818181818181818,0.09090909090909091,0.0,0.05555555555555555,0,0,0,1,0,0,0,0,0.0,0.0,0.0002521822938684856,149000.0
10677330,1,0.0,0.0,1.0,0.0,0.0,0.0,0.0,1.0,0.0,0.0,0.0,0.0,0.0,0.0,0.0,0.0,1.0,0.0,0.16122448979591839,0.1818181818181818,0.09090909090909091,0.0,0.05555555555555555,5,0,0,1,0,0,0,0,0.0,0.0,0.0,99000.0
10677329,1,0.0,0.0,1.0,0.0,0.0,0.0,0.0,1.0,0.0,0.0,0.0,0.0,0.0,0.0,0.0,0.0,0.0,1.0,0.09285714285714286,0.1818181818181818,0.09090909090909091,0.0,0.05555555555555555,3,7,0,1,0,0,0,0,0.0,0.0,0.0018340530463162588,199000.0
10677331,1,0.0,0.0,1.0,0.0,0.0,0.0,0.0,0.0,0.0,0.0,0.0,1.0,0.0,0.0,0.0,0.0,0.0,1.0,0.30714285714285716,0.2727272727272727,0.09090909090909091,0.0,0.05555555555555555,3,6,0,1,0,0,1,0,1.0,0.0,0.0010087291754739423,195000.0
10677340,1,0.0,0.0,1.0,0.0,0.0,0.0,0.0,0.0,0.0,0.0,0.0,1.0,0.0,0.0,0.0,1.0,0.0,0.0,0.23469387755102042,0.2727272727272727,0.18181818181818182,0.0,0.1111111111111111,0,6,0,1,0,0,0,0,0.0,0.0,0.0004034916701895769,349000.0
10677335,1,0.0,0.0,1.0,0.0,0.0,0.0,0.0,1.0,0.0,0.0,0.0,0.0,0.0,0.0,0.0,0.0,1.0,0.0,0.14183673469387756,0.1818181818181818,0.09090909090909091,0.0,0.05555555555555555,0,6,0,1,0,0,0,0,0.0,0.0,5.502159138948776e-05,185000.0
10677336,1,0.0,0.0,1.0,0.0,0.0,0.0,0.0,1.0,0.0,0.0,0.0,0.0,0.0,0.0,1.0,0.0,0.0,0.0,0.09081632653061225,0.09090909090909091,0.09090909090909091,0.0,0.05555555555555555,4,7,0,1,0,0,1,0,0.06,0.0,0.00021091610032636975,89000.0
10677333,1,0.0,0.0,1.0,0.0,0.0,0.0,0.0,1.0,0.0,0.0,0.0,0.0,0.0,0.0,0.0,0.0,0.0,1.0,0.08877551020408164,0.1818181818181818,0.09090909090909091,0.0,0.05555555555555555,3,5,0,1,0,0,1,0,0.13,0.0,0.0,149000.0
10677337,1,0.0,0.0,1.0,0.0,0.0,0.0,0.0,1.0,0.0,0.0,0.0,0.0,0.0,0.0,0.0,0.0,0.0,1.0,0.16836734693877553,0.1818181818181818,0.18181818181818182,0.0,0.05555555555555555,0,0,0,1,0,0,1,0,0.16,0.0,0.0,249000.0
10677334,1,0.0,0.0,1.0,0.0,0.0,0.0,0.0,0.0,0.0,0.0,0.0,1.0,0.0,0.0,0.0,0.0,1.0,0.0,0.30714285714285716,0.2727272727272727,0.09090909090909091,0.0,0.05555555555555555,3,6,0,1,0,0,1,0,1.0,0.0,0.0010087291754739423,195000.0
10677341,1,0.0,0.0,1.0,0.0,0.0,0.0,0.0,1.0,0.0,0.0,0.0,0.0,0.0,0.0,0.0,0.0,0.0,1.0,0.1275510204081633,0.1818181818181818,0.09090909090909091,0.0,0.05555555555555555,3,6,0,1,0,0,1,0,0.273,0.0,0.00033012954833692656,119000.0
10677339,1,0.0,0.0,1.0,0.0,0.0,0.0,0.0,1.0,0.0,0.0,0.0,0.0,0.0,0.0,0.0,1.0,0.0,0.0,0.10102040816326532,0.1818181818181818,0.18181818181818182,0.0,0.1111111111111111,0,3,0,1,0,0,1,0,0.045,0.0,8.986859926949667e-05,229000.0
10677338,1,0.0,0.0,1.0,0.0,0.0,0.0,0.0,0.0,0.0,1.0,0.0,0.0,0.0,0.0,0.0,0.0,0.0,1.0,0.1459183673469388,0.1818181818181818,0.09090909090909091,0.0,0.1111111111111111,0,4,0,1,0,0,1,0,0.6,0.0,0.0006685123353822763,299000.0
10677345,1,0.0,0.0,1.0,0.0,0.0,0.0,0.0,0.0,0.0,0.0,0.0,1.0,0.0,0.0,0.0,0.0,0.0,1.0,0.09693877551020408,0.2727272727272727,0.09090909090909091,0.0,0.05555555555555555,0,3,0,1,0,0,1,0,0.25,0.0,0.00032095928310534527,199000.0
10677344,1,0.0,0.0,1.0,0.0,0.0,0.0,0.0,0.0,0.0,0.0,0.0,1.0,0.0,0.0,0.0,0.0,0.0,1.0,0.09387755102040818,0.1818181818181818,0.09090909090909091,0.0,0.05555555555555555,2,2,0,1,0,0,1,0,0.35000000000000003,0.0,0.0004126619354211582,189000.0
10677354,1,0.0,0.0,1.0,0.0,0.0,0.0,0.0,1.0,0.0,0.0,0.0,0.0,0.0,0.0,0.0,0.0,0.0,1.0,0.1326530612244898,0.1818181818181818,0.09090909090909091,0.0,0.1111111111111111,0,0,0,1,0,0,1,0,0.06,0.0,0.00015497748241372387,205000.0
10677357,1,0.0,1.0,0.0,0.0,0.0,0.0,0.0,0.0,0.0,0.0,0.0,0.0,0.0,1.0,0.0,0.0,0.0,1.0,0.13673469387755105,0.36363636363636365,0.0,0.0,0.05555555555555555,3,3,0,0,0,0,0,1,0.0,0.0,0.00019257556986320717,165000.0
10677389,1,0.0,0.0,1.0,0.0,0.0,0.0,0.0,0.0,0.0,1.0,0.0,0.0,0.0,0.0,0.0,0.0,0.0,1.0,0.1489795918367347,0.2727272727272727,0.09090909090909091,0.0,0.05555555555555555,4,7,0,1,0,0,0,0,0.0,0.0,0.0015589450893688198,330000.0
10677390,1,0.0,0.0,1.0,0.0,0.0,0.0,0.0,0.0,0.0,1.0,0.0,0.0,0.0,0.0,0.0,0.0,0.0,1.0,0.1489795918367347,0.1818181818181818,0.09090909090909091,0.0,0.05555555555555555,4,7,0,1,0,0,0,0,0.0,0.0,0.0009628778493160358,235000.0
10677391,1,0.0,0.0,1.0,0.0,0.0,0.0,0.0,0.0,0.0,1.0,0.0,0.0,0.0,0.0,0.0,0.0,0.0,1.0,0.10204081632653061,0.1818181818181818,0.09090909090909091,0.07142857142857142,0.1111111111111111,3,4,0,1,0,0,0,0,0.0,0.0,0.0003943214049579956,182000.0
10677387,0,0.0,1.0,0.0,1.0,0.0,0.0,0.0,0.0,0.0,0.0,0.0,0.0,0.0,0.0,0.0,0.0,0.0,1.0,0.07244897959183674,0.1818181818181818,0.09090909090909091,0.0,0.05555555555555555,0,3,0,1,0,0,0,0,0.0,0.0,0.0,215000.0
10677388,1,0.0,1.0,0.0,1.0,0.0,0.0,0.0,0.0,0.0,0.0,0.0,0.0,0.0,0.0,0.0,0.0,0.0,1.0,0.15816326530612246,0.1818181818181818,0.09090909090909091,0.0,0.05555555555555555,3,6,0,1,0,0,1,1,0.4,0.0,0.0006034034522380491,435000.0
10677399,1,0.0,1.0,0.0,1.0,0.0,0.0,0.0,0.0,0.0,0.0,0.0,0.0,0.0,0.0,0.0,0.0,0.0,1.0,0.2122448979591837,0.2727272727272727,0.09090909090909091,0.0,0.1111111111111111,0,2,0,0,0,0,0,1,0.0,0.78,0.0005492988873717194,499000.0
10415243,0,0.0,1.0,0.0,1.0,0.0,0.0,0.0,0.0,0.0,0.0,0.0,0.0,0.0,0.0,0.0,0.0,0.0,1.0,0.059183673469387764,0.09090909090909091,0.09090909090909091,0.0,0.05555555555555555,3,1,0,1,0,0,0,1,0.0,0.0,0.0,189000.0
10677396,0,0.0,1.0,0.0,0.0,0.0,0.0,1.0,0.0,0.0,0.0,0.0,0.0,0.0,0.0,0.0,0.0,0.0,1.0,0.13877551020408166,0.09090909090909091,0.09090909090909091,0.0,0.1111111111111111,1,2,1,1,0,0,0,1,0.0,0.2,0.0,365000.0
10677405,0,1.0,0.0,0.0,0.0,1.0,0.0,0.0,0.0,0.0,0.0,0.0,0.0,0.0,0.0,0.0,0.0,0.0,1.0,0.0653061224489796,0.09090909090909091,0.09090909090909091,0.0,0.05555555555555555,3,4,1,0,0,0,0,1,0.0,0.1,0.0,320000.0
10677404,0,1.0,0.0,0.0,0.0,1.0,0.0,0.0,0.0,0.0,0.0,0.0,0.0,0.0,0.0,0.0,0.0,0.0,1.0,0.07653061224489796,0.09090909090909091,0.18181818181818182,0.07142857142857142,0.1111111111111111,1,0,0,0,0,0,1,1,0.045,0.2,0.0,335000.0
10677402,1,0.0,0.0,1.0,0.0,0.0,0.0,0.0,1.0,0.0,0.0,0.0,0.0,0.0,0.0,0.0,0.0,0.0,1.0,0.23469387755102042,0.2727272727272727,0.18181818181818182,0.0,0.16666666666666666,0,3,0,0,0,0,0,0,0.0,0.0,0.00023842689602111364,460000.0
10677409,1,0.0,0.0,1.0,0.0,0.0,0.0,0.0,0.0,0.0,1.0,0.0,0.0,0.0,0.0,0.0,1.0,0.0,0.0,0.1438775510204082,0.1818181818181818,0.09090909090909091,0.07142857142857142,0.1111111111111111,1,0,0,0,0,0,0,1,0.0,0.0,0.0002751079569474388,344500.0
10677411,1,0.0,1.0,0.0,0.0,0.0,0.0,1.0,0.0,0.0,0.0,0.0,0.0,0.0,0.0,0.0,0.0,0.0,1.0,0.13571428571428573,0.1818181818181818,0.09090909090909091,0.0,0.1111111111111111,0,0,0,1,0,0,1,1,0.203,0.15,0.00029803362002639206,455000.0
10677410,1,0.0,1.0,0.0,0.0,0.0,0.0,1.0,0.0,0.0,0.0,0.0,0.0,0.0,0.0,0.0,0.0,0.0,1.0,0.12448979591836737,0.1818181818181818,0.09090909090909091,0.0,0.1111111111111111,0,0,0,1,0,0,1,1,0.077,0.15,0.00020174583509478846,425000.0
10677412,0,1.0,0.0,0.0,0.0,1.0,0.0,0.0,0.0,0.0,0.0,0.0,0.0,0.0,0.0,0.0,0.0,0.0,1.0,0.09183673469387757,0.09090909090909091,0.09090909090909091,0.0,0.05555555555555555,3,4,0,0,0,0,0,1,0.0,0.07,0.0,350000.0
10677413,1,0.0,1.0,0.0,0.0,0.0,0.0,1.0,0.0,0.0,0.0,0.0,0.0,0.0,0.0,0.0,0.0,0.0,1.0,0.13571428571428573,0.1818181818181818,0.09090909090909091,0.0,0.1111111111111111,0,0,0,1,0,0,1,1,0.301,0.21,0.00039248735191167933,465000.0
10677433,1,0.0,1.0,0.0,1.0,0.0,0.0,0.0,0.0,0.0,0.0,0.0,0.0,0.0,0.0,0.0,0.0,0.0,1.0,0.1979591836734694,0.36363636363636365,0.09090909090909091,0.0,0.1111111111111111,4,6,0,0,0,0,1,0,0.0,0.0,0.000843664401305479,365000.0
10677435,0,0.0,1.0,0.0,1.0,0.0,0.0,0.0,0.0,0.0,0.0,0.0,0.0,0.0,0.0,0.0,0.0,0.0,1.0,0.12244897959183676,0.1818181818181818,0.18181818181818182,0.0,0.1111111111111111,4,0,0,0,0,0,0,1,0.0,0.1,0.0,269500.0
10677432,1,0.0,1.0,0.0,1.0,0.0,0.0,0.0,0.0,0.0,0.0,0.0,0.0,0.0,0.0,0.0,0.0,1.0,0.0,0.1785714285714286,0.1818181818181818,0.0,0.0,0.0,4,6,0,0,0,0,0,0,0.0,0.0,0.0008592538521991672,349000.0
10677442,1,0.0,0.0,1.0,0.0,0.0,0.0,0.0,0.0,0.0,1.0,0.0,0.0,0.0,0.0,0.0,1.0,0.0,0.0,0.15612244897959185,0.1818181818181818,0.09090909090909091,0.07142857142857142,0.1111111111111111,1,0,0,0,0,0,0,1,0.0,0.0,0.0003503041318464054,366900.0
10677441,0,0.0,1.0,0.0,1.0,0.0,0.0,0.0,0.0,0.0,0.0,0.0,0.0,0.0,0.0,0.0,0.0,1.0,0.0,0.07653061224489796,0.09090909090909091,0.09090909090909091,0.0,0.05555555555555555,1,2,1,0,0,0,0,1,0.0,0.15,0.0,279000.0
10677436,1,0.0,0.0,1.0,0.0,0.0,0.0,0.0,0.0,0.0,1.0,0.0,0.0,0.0,0.0,0.0,0.0,1.0,0.0,0.163265306122449,0.2727272727272727,0.0,0.0,0.0,0,0,0,0,0,0,1,0,0.0,0.0,0.0009913056715339379,289489.0
10677443,1,1.0,0.0,0.0,0.0,1.0,0.0,0.0,0.0,0.0,0.0,0.0,0.0,0.0,0.0,0.0,1.0,0.0,0.0,0.29591836734693877,0.5454545454545454,0.4545454545454546,0.0,0.2777777777777778,3,0,0,1,0,0,0,1,0.0,0.2,9.170265231581294e-05,950000.0
10677445,1,0.0,1.0,0.0,0.0,0.0,0.0,1.0,0.0,0.0,0.0,0.0,0.0,0.0,0.0,0.0,0.0,0.0,1.0,0.09183673469387757,0.09090909090909091,0.09090909090909091,0.0,0.05555555555555555,5,6,0,1,0,0,1,0,0.0,0.0,0.0004933602694590736,370000.0
10677449,1,0.0,1.0,0.0,0.0,0.0,0.0,0.0,0.0,0.0,0.0,0.0,0.0,0.0,1.0,0.0,0.0,1.0,0.0,0.07755102040816328,0.1818181818181818,0.0,0.0,0.05555555555555555,3,2,0,0,0,0,0,1,0.0,0.0,8.528346665370602e-05,165000.0
10677452,1,0.0,0.0,1.0,0.0,0.0,0.0,0.0,0.0,0.0,0.0,0.0,0.0,1.0,0.0,0.0,0.0,1.0,0.0,0.163265306122449,0.1818181818181818,0.18181818181818182,0.0,0.0,5,7,0,1,0,0,1,0,0.0,0.0,0.0002815271426095457,249000.0
10677450,1,0.0,0.0,1.0,0.0,0.0,0.0,0.0,1.0,0.0,0.0,0.0,0.0,0.0,0.0,0.0,0.0,0.0,1.0,0.06122448979591837,0.09090909090909091,0.09090909090909091,0.0,0.05555555555555555,6,7,0,0,0,0,0,0,0.0,0.0,0.0,79000.0
10677451,1,0.0,0.0,1.0,0.0,0.0,0.0,0.0,0.0,0.0,0.0,0.0,1.0,0.0,0.0,1.0,0.0,0.0,0.0,0.10204081632653061,0.1818181818181818,0.09090909090909091,0.07142857142857142,0.16666666666666666,3,4,0,0,0,0,0,1,0.0,0.17,5.502159138948776e-05,189000.0
10677448,1,0.0,1.0,0.0,0.0,0.0,0.0,0.0,0.0,0.0,0.0,0.0,0.0,0.0,1.0,0.0,0.0,0.0,1.0,0.10408163265306122,0.1818181818181818,0.0,0.0,0.05555555555555555,5,6,0,0,0,0,0,1,0.0,0.0,0.0002448460816832205,99000.0
10677459,1,0.0,1.0,0.0,0.0,0.0,1.0,0.0,0.0,0.0,0.0,0.0,0.0,0.0,0.0,0.0,1.0,0.0,0.0,0.10510204081632654,0.09090909090909091,0.09090909090909091,0.0,0.1111111111111111,3,6,0,0,0,0,0,0,0.0,0.0,0.00016781585373793766,298500.0
10677461,1,0.0,1.0,0.0,0.0,0.0,0.0,0.0,0.0,0.0,0.0,0.0,0.0,0.0,1.0,0.0,0.0,0.0,1.0,0.1438775510204082,0.1818181818181818,0.09090909090909091,0.0,0.1111111111111111,4,6,0,0,0,0,0,1,0.0,0.0,0.001814795489329938,509000.0
10677464,0,0.0,0.0,1.0,0.0,0.0,0.0,0.0,1.0,0.0,0.0,0.0,0.0,0.0,0.0,1.0,0.0,0.0,0.0,0.13775510204081634,0.0,0.09090909090909091,0.0,0.1111111111111111,0,3,0,0,0,0,0,1,0.0,0.18,0.0,195000.0
10677466,1,0.0,0.0,1.0,0.0,0.0,0.0,0.0,1.0,0.0,0.0,0.0,0.0,0.0,0.0,0.0,1.0,0.0,0.0,0.10204081632653061,0.2727272727272727,0.09090909090909091,0.0,0.1111111111111111,0,3,0,0,0,0,1,1,0.092,0.48,0.0,268000.0
10677467,1,0.0,0.0,1.0,0.0,0.0,0.0,0.0,1.0,0.0,0.0,0.0,0.0,0.0,0.0,0.0,1.0,0.0,0.0,0.09183673469387757,0.1818181818181818,0.0,0.07142857142857142,0.05555555555555555,0,6,0,0,0,0,1,1,0.45,0.4,0.0007748874120686193,260000.0
10677469,1,0.0,0.0,1.0,0.0,0.0,0.0,0.0,0.0,0.0,0.0,1.0,0.0,0.0,0.0,0.0,0.0,1.0,0.0,0.163265306122449,0.1818181818181818,0.0,0.0,0.0,4,6,0,0,0,0,0,0,0.0,0.0,0.00048694108379696667,280000.0
10677470,1,0.0,0.0,1.0,0.0,0.0,0.0,0.0,0.0,0.0,1.0,0.0,0.0,0.0,0.0,0.0,0.0,1.0,0.0,0.07959183673469389,0.1818181818181818,0.09090909090909091,0.0,0.05555555555555555,5,7,0,1,0,0,1,1,0.0,0.0,0.0002934484874106014,150000.0
10677471,1,0.0,0.0,1.0,0.0,0.0,0.0,0.0,1.0,0.0,0.0,0.0,0.0,0.0,0.0,0.0,0.0,1.0,0.0,0.6428571428571429,0.09090909090909091,0.18181818181818182,0.0,0.0,0,3,0,0,0,0,1,1,0.2,0.45,0.0,325000.0
10677482,1,0.0,0.0,1.0,0.0,0.0,0.0,0.0,0.0,0.0,0.0,0.0,0.0,1.0,0.0,0.0,0.0,0.0,1.0,0.15816326530612246,0.2727272727272727,0.18181818181818182,0.0,0.16666666666666666,3,6,1,0,0,1,1,0,0.857,0.0,0.0016405604499298934,649000.0
10677474,1,0.0,1.0,0.0,0.0,0.0,0.0,0.0,0.0,0.0,0.0,0.0,0.0,0.0,1.0,0.0,0.0,1.0,0.0,0.3734693877551021,0.36363636363636365,0.2727272727272727,0.0,0.0,3,2,0,0,0,1,0,1,0.0,0.0,0.001651564768207791,4995000.0
10677483,1,0.0,1.0,0.0,0.0,0.0,0.0,1.0,0.0,0.0,0.0,0.0,0.0,0.0,0.0,0.0,0.0,1.0,0.0,0.09897959183673471,0.09090909090909091,0.09090909090909091,0.0,0.1111111111111111,3,4,0,0,0,0,1,1,0.058,0.24,0.00017882017201583522,275000.0
10677484,1,0.0,1.0,0.0,0.0,0.0,0.0,0.0,0.0,0.0,0.0,0.0,0.0,0.0,1.0,1.0,0.0,0.0,0.0,0.11020408163265308,0.1818181818181818,0.09090909090909091,0.0,0.1111111111111111,3,3,0,0,0,0,0,1,0.0,0.0,0.0002558503999611181,295000.0
10153200,0,0.0,1.0,0.0,0.0,0.0,0.0,0.0,0.0,0.0,0.0,0.0,0.0,0.0,1.0,0.0,0.0,0.0,1.0,0.08877551020408164,0.09090909090909091,0.09090909090909091,0.0,0.0,5,2,1,0,0,0,0,1,0.0,0.0,0.0,285000.0
10677494,0,1.0,0.0,0.0,0.0,1.0,0.0,0.0,0.0,0.0,0.0,0.0,0.0,0.0,0.0,0.0,0.0,0.0,1.0,0.04081632653061225,0.0,0.09090909090909091,0.07142857142857142,0.05555555555555555,5,7,0,0,0,0,0,1,0.0,0.02,0.0,135000.0
10677492,0,0.0,1.0,0.0,0.0,0.0,0.0,0.0,0.0,0.0,0.0,0.0,0.0,0.0,1.0,0.0,0.0,0.0,1.0,0.06938775510204082,0.1818181818181818,0.0,0.0,0.05555555555555555,1,2,1,0,0,0,0,0,0.0,0.0,0.0,625000.0
10677495,0,0.0,1.0,0.0,0.0,0.0,1.0,0.0,0.0,0.0,0.0,0.0,0.0,0.0,0.0,0.0,0.0,0.0,1.0,0.0836734693877551,0.09090909090909091,0.09090909090909091,0.0,0.1111111111111111,3,2,0,0,0,0,0,0,0.0,0.0,0.0,285000.0
10677497,1,0.0,1.0,0.0,0.0,0.0,1.0,0.0,0.0,0.0,0.0,0.0,0.0,0.0,0.0,0.0,0.0,0.0,1.0,0.13877551020408166,0.1818181818181818,0.09090909090909091,0.0,0.1111111111111111,3,1,0,0,0,0,0,1,0.0,0.0,0.00017606909244636084,365000.0
10677496,1,0.0,1.0,0.0,0.0,0.0,1.0,0.0,0.0,0.0,0.0,0.0,0.0,0.0,0.0,0.0,0.0,0.0,1.0,0.1795918367346939,0.36363636363636365,0.2727272727272727,0.0,0.16666666666666666,3,1,0,0,0,0,0,1,0.0,0.0,0.00015039234979793322,449000.0
10677499,1,0.0,1.0,0.0,0.0,0.0,1.0,0.0,0.0,0.0,0.0,0.0,0.0,0.0,0.0,0.0,0.0,1.0,0.0,0.1326530612244898,0.1818181818181818,0.09090909090909091,0.0,0.05555555555555555,5,4,0,0,0,0,1,1,0.40700000000000003,0.2,0.0005447137547559288,189000.0
10677500,0,0.0,1.0,0.0,1.0,0.0,0.0,0.0,0.0,0.0,0.0,0.0,0.0,0.0,0.0,0.0,0.0,0.0,1.0,0.11938775510204083,0.1818181818181818,0.09090909090909091,0.0,0.05555555555555555,0,0,1,1,0,0,0,1,0.0,0.13,0.0,430000.0
10677501,0,0.0,1.0,0.0,1.0,0.0,0.0,0.0,0.0,0.0,0.0,0.0,0.0,0.0,0.0,0.0,0.0,0.0,1.0,0.08775510204081632,0.09090909090909091,0.09090909090909091,0.0,0.05555555555555555,0,0,1,1,0,0,0,1,0.0,0.19,0.0,400000.0
10677505,0,0.0,1.0,0.0,0.0,0.0,0.0,0.0,0.0,0.0,0.0,0.0,0.0,0.0,1.0,0.0,0.0,0.0,1.0,0.12448979591836737,0.09090909090909091,0.18181818181818182,0.0,0.1111111111111111,0,0,1,1,0,0,0,1,0.0,0.15,0.0,525000.0
10677502,1,0.0,1.0,0.0,1.0,0.0,0.0,0.0,0.0,0.0,0.0,0.0,0.0,0.0,0.0,0.0,0.0,0.0,1.0,0.44795918367346943,0.2727272727272727,0.09090909090909091,0.0,0.0,5,0,0,1,0,0,1,1,0.127,0.0,0.00039248735191167933,389000.0
10677512,1,0.0,1.0,0.0,1.0,0.0,0.0,0.0,0.0,0.0,0.0,0.0,0.0,0.0,0.0,0.0,0.0,0.0,1.0,0.11938775510204083,0.09090909090909091,0.09090909090909091,0.0,0.0,5,6,0,1,0,0,1,1,0.0,0.0,0.0017753633488341383,339000.0
10677503,1,0.0,1.0,0.0,1.0,0.0,0.0,0.0,0.0,0.0,0.0,0.0,0.0,0.0,0.0,0.0,0.0,0.0,1.0,0.1469387755102041,0.1818181818181818,0.18181818181818182,0.0,0.1111111111111111,0,2,0,1,0,0,1,1,0.097,0.2,0.00019440962290952343,539000.0
10677514,1,0.0,1.0,0.0,1.0,0.0,0.0,0.0,0.0,0.0,0.0,0.0,0.0,0.0,0.0,0.0,0.0,0.0,1.0,0.13775510204081634,0.1818181818181818,0.09090909090909091,0.0,0.05555555555555555,3,5,0,1,0,0,1,1,0.0,0.0,0.0006896039454149132,339000.0
10677516,0,0.0,0.0,1.0,0.0,0.0,0.0,0.0,0.0,0.0,0.0,0.0,1.0,0.0,0.0,0.0,0.0,0.0,1.0,0.07653061224489796,0.09090909090909091,0.0,0.0,0.0,1,3,0,0,0,0,1,0,0.265,0.0,0.0,199000.0
10677515,1,0.0,0.0,1.0,0.0,0.0,0.0,0.0,0.0,0.0,0.0,0.0,0.0,1.0,0.0,0.0,0.0,1.0,0.0,0.20408163265306126,0.4545454545454545,0.09090909090909091,0.07142857142857142,0.16666666666666666,1,3,0,0,0,0,1,1,0.5,0.55,0.0008005641547170469,500000.0
10677517,0,0.0,1.0,0.0,1.0,0.0,0.0,0.0,0.0,0.0,0.0,0.0,0.0,0.0,0.0,0.0,0.0,0.0,1.0,0.06224489795918368,0.0,0.09090909090909091,0.0,0.05555555555555555,0,0,1,1,0,0,0,1,0.0,0.32,0.0,247000.0
10677526,1,0.0,1.0,0.0,0.0,0.0,0.0,0.0,0.0,0.0,0.0,0.0,0.0,0.0,1.0,0.0,0.0,0.0,1.0,0.2142857142857143,0.36363636363636365,0.09090909090909091,0.0,0.1111111111111111,1,0,0,0,0,0,0,1,0.0,0.0,0.0004291684128380045,512700.0
10677530,0,0.0,0.0,1.0,0.0,0.0,0.0,0.0,1.0,0.0,0.0,0.0,0.0,0.0,0.0,0.0,1.0,0.0,0.0,0.06224489795918368,0.09090909090909091,0.0,0.0,0.05555555555555555,0,2,0,0,0,0,0,1,0.0,0.2,0.0,198000.0
10677533,1,0.0,1.0,0.0,0.0,0.0,0.0,0.0,0.0,0.0,0.0,0.0,0.0,0.0,1.0,0.0,0.0,0.0,1.0,0.1316326530612245,0.1818181818181818,0.09090909090909091,0.0,0.0,0,6,0,0,0,0,0,0,0.0,0.0,0.00014489019065898443,220000.0
10677536,0,1.0,0.0,0.0,0.0,1.0,0.0,0.0,0.0,0.0,0.0,0.0,0.0,0.0,0.0,0.0,1.0,0.0,0.0,0.06632653061224492,0.09090909090909091,0.09090909090909091,0.0,0.05555555555555555,0,5,0,0,0,0,0,1,0.0,0.11,0.0,349000.0
10677542,0,0.0,1.0,0.0,0.0,0.0,0.0,0.0,0.0,0.0,0.0,0.0,0.0,0.0,1.0,0.0,0.0,0.0,1.0,0.03571428571428572,0.1818181818181818,0.09090909090909091,0.0,0.05555555555555555,1,5,0,0,0,0,0,1,0.0,0.18,0.0,275000.0
10677534,0,0.0,1.0,0.0,0.0,0.0,1.0,0.0,0.0,0.0,0.0,0.0,0.0,0.0,0.0,0.0,0.0,0.0,1.0,0.059183673469387764,0.09090909090909091,0.09090909090909091,0.07142857142857142,0.05555555555555555,1,2,1,0,0,1,0,1,0.0,0.08,0.0,259000.0
10677543,0,0.0,1.0,0.0,0.0,0.0,0.0,0.0,0.0,0.0,0.0,0.0,0.0,0.0,1.0,0.0,0.0,0.0,1.0,0.0653061224489796,0.09090909090909091,0.18181818181818182,0.0,0.05555555555555555,3,0,1,0,0,0,0,1,0.0,0.1,0.0,260000.0
10677539,1,0.0,1.0,0.0,0.0,0.0,0.0,0.0,0.0,0.0,0.0,0.0,0.0,0.0,1.0,0.0,0.0,0.0,1.0,0.1326530612244898,0.1818181818181818,0.0,0.0,0.0,5,6,0,0,0,0,0,0,0.0,0.0,0.0015075916040719647,415000.0
10677550,1,0.0,0.0,1.0,0.0,0.0,0.0,0.0,0.0,0.0,0.0,0.0,0.0,1.0,0.0,0.0,0.0,0.0,1.0,0.19387755102040818,0.1818181818181818,0.09090909090909091,0.0,0.1111111111111111,0,5,0,0,0,0,0,1,0.0,0.15,0.002842782221790201,640000.0
10677548,1,0.0,1.0,0.0,1.0,0.0,0.0,0.0,0.0,0.0,0.0,0.0,0.0,0.0,0.0,0.0,0.0,0.0,1.0,0.12142857142857144,0.1818181818181818,0.09090909090909091,0.0,0.0,1,3,0,0,0,0,0,1,0.0,0.0,0.0,469000.0
10677551,1,0.0,0.0,1.0,0.0,0.0,0.0,0.0,0.0,0.0,0.0,0.0,0.0,1.0,0.0,0.0,0.0,1.0,0.0,0.22959183673469388,0.2727272727272727,0.18181818181818182,0.14285714285714285,0.1111111111111111,3,4,0,0,0,0,1,1,1.0,0.4,0.0018019571180057242,650000.0
10677552,0,1.0,0.0,0.0,0.0,1.0,0.0,0.0,0.0,0.0,0.0,0.0,0.0,0.0,0.0,0.0,0.0,0.0,1.0,0.0653061224489796,0.09090909090909091,0.09090909090909091,0.0,0.05555555555555555,3,4,1,0,0,0,0,1,0.0,0.1,0.0,320000.0
10677557,0,1.0,0.0,0.0,0.0,1.0,0.0,0.0,0.0,0.0,0.0,0.0,0.0,0.0,0.0,0.0,1.0,0.0,0.0,0.163265306122449,0.2727272727272727,0.18181818181818182,0.07142857142857142,0.1111111111111111,5,5,1,0,0,0,0,1,0.0,0.02,0.0,599000.0
10677553,1,0.0,0.0,1.0,0.0,0.0,0.0,0.0,1.0,0.0,0.0,0.0,0.0,0.0,0.0,0.0,0.0,0.0,1.0,0.07653061224489796,0.09090909090909091,0.09090909090909091,0.0,0.0,5,7,0,0,0,0,0,0,0.0,0.0,0.00034847007880008915,145000.0
10677556,1,0.0,0.0,1.0,0.0,0.0,0.0,0.0,0.0,0.0,1.0,0.0,0.0,0.0,0.0,0.0,0.0,0.0,1.0,0.09285714285714286,0.0,0.0,0.0,0.05555555555555555,5,7,0,0,0,0,0,0,0.0,0.0,5.868969748212028e-05,75000.0
10677554,1,0.0,1.0,0.0,0.0,0.0,0.0,1.0,0.0,0.0,0.0,0.0,0.0,0.0,0.0,0.0,1.0,0.0,0.0,0.2673469387755102,0.36363636363636365,0.09090909090909091,0.0,0.1111111111111111,5,5,0,0,0,0,1,1,1.0,0.0,0.0023228281831595417,735000.0
10677559,1,0.0,0.0,1.0,0.0,0.0,0.0,0.0,0.0,0.0,0.0,0.0,0.0,1.0,0.0,0.0,0.0,0.0,1.0,0.6428571428571429,0.36363636363636365,0.4545454545454546,0.14285714285714285,0.2777777777777778,1,1,0,0,0,0,1,1,1.0,0.6,0.002751079569474388,2350000.0
10677560,0,0.0,0.0,1.0,0.0,0.0,0.0,0.0,1.0,0.0,0.0,0.0,0.0,0.0,0.0,1.0,0.0,0.0,0.0,0.059183673469387764,0.09090909090909091,0.09090909090909091,0.07142857142857142,0.05555555555555555,0,7,0,0,0,0,0,1,0.0,0.0,0.0,119000.0
10677566,1,0.0,0.0,1.0,0.0,0.0,0.0,0.0,0.0,0.0,0.0,0.0,0.0,1.0,0.0,0.0,0.0,1.0,0.0,0.9693877551020409,0.36363636363636365,0.4545454545454546,0.0,0.0,1,2,1,0,1,0,0,1,0.0,0.0,0.009170265231581293,3200000.0
10677587,0,0.0,1.0,0.0,1.0,0.0,0.0,0.0,0.0,0.0,0.0,0.0,0.0,0.0,0.0,0.0,1.0,0.0,0.0,0.08061224489795918,0.1818181818181818,0.09090909090909091,0.0,0.0,3,2,0,0,0,0,0,1,0.0,0.0,0.0,238000.0
10677591,1,0.0,1.0,0.0,1.0,0.0,0.0,0.0,0.0,0.0,0.0,0.0,0.0,0.0,0.0,0.0,0.0,1.0,0.0,0.15204081632653063,0.1818181818181818,0.0,0.0,0.05555555555555555,3,6,0,0,0,0,0,0,0.0,0.0,0.0005052816142601293,299000.0
10677596,0,1.0,0.0,0.0,0.0,1.0,0.0,0.0,0.0,0.0,0.0,0.0,0.0,0.0,0.0,0.0,1.0,0.0,0.0,0.051020408163265314,0.0,0.09090909090909091,0.0,0.05555555555555555,5,0,0,0,0,0,0,0,0.0,0.0,0.0,165000.0
10677590,0,0.0,1.0,0.0,0.0,0.0,0.0,0.0,0.0,0.0,0.0,0.0,0.0,0.0,1.0,0.0,0.0,0.0,1.0,0.16836734693877553,0.1818181818181818,0.18181818181818182,0.0,0.0,3,3,1,0,0,0,0,1,0.0,0.0,0.0,849000.0
10677595,1,0.0,0.0,1.0,0.0,0.0,0.0,0.0,0.0,0.0,0.0,0.0,0.0,1.0,0.0,0.0,0.0,0.0,1.0,0.1275510204081633,0.1818181818181818,0.09090909090909091,0.0,0.05555555555555555,0,4,0,0,0,0,0,1,0.0,0.2,9.170265231581294e-05,247500.0
10677599,0,0.0,1.0,0.0,0.0,0.0,0.0,0.0,0.0,0.0,0.0,0.0,0.0,0.0,1.0,0.0,0.0,0.0,1.0,0.11224489795918369,0.1818181818181818,0.0,0.0,0.0,1,0,1,0,0,0,1,1,0.07100000000000001,0.14,0.0,315000.0
10677598,0,0.0,0.0,1.0,0.0,0.0,0.0,0.0,1.0,0.0,0.0,0.0,0.0,0.0,0.0,0.0,0.0,1.0,0.0,0.03571428571428572,0.0,0.09090909090909091,0.0,0.0,3,3,0,0,0,0,0,0,0.0,0.0,0.0,75000.0
10677600,1,0.0,0.0,1.0,0.0,0.0,0.0,0.0,1.0,0.0,0.0,0.0,0.0,0.0,0.0,0.0,0.0,0.0,1.0,0.11734693877551022,0.09090909090909091,0.09090909090909091,0.0,0.05555555555555555,1,5,0,1,0,0,1,1,0.05,0.2,0.0001375539784737194,142000.0
10677603,0,1.0,0.0,0.0,0.0,1.0,0.0,0.0,0.0,0.0,0.0,0.0,0.0,0.0,0.0,0.0,0.0,0.0,1.0,0.06122448979591837,0.0,0.0,0.07142857142857142,0.05555555555555555,3,5,0,1,0,0,1,0,0.015,0.0,0.0,275000.0
10677606,1,1.0,0.0,0.0,0.0,1.0,0.0,0.0,0.0,0.0,0.0,0.0,0.0,0.0,0.0,0.0,1.0,0.0,0.0,0.41938775510204085,0.4545454545454545,0.4545454545454546,0.42857142857142855,0.3333333333333333,3,5,0,0,0,0,0,1,0.0,0.0,0.00015589450893688199,1250000.0
10677602,1,0.0,0.0,1.0,0.0,0.0,0.0,0.0,1.0,0.0,0.0,0.0,0.0,0.0,0.0,0.0,1.0,0.0,0.0,0.07142857142857142,0.1818181818181818,0.09090909090909091,0.0,0.05555555555555555,0,6,0,1,0,0,0,1,0.0,0.15,0.00028519524870217823,150000.0
10677614,1,0.0,1.0,0.0,1.0,0.0,0.0,0.0,0.0,0.0,0.0,0.0,0.0,0.0,0.0,0.0,0.0,1.0,0.0,0.1163265306122449,0.09090909090909091,0.09090909090909091,0.0,0.1111111111111111,4,6,0,1,0,0,1,1,0.0,0.0,0.00027052282433164817,249000.0
10677613,1,0.0,0.0,1.0,0.0,0.0,0.0,0.0,0.0,0.0,1.0,0.0,0.0,0.0,0.0,1.0,0.0,0.0,0.0,0.17244897959183675,0.4545454545454545,0.0,0.21428571428571427,0.16666666666666666,5,7,0,1,0,0,0,0,0.0,0.0,0.00018340530463162587,199000.0
10677616,0,0.0,1.0,0.0,1.0,0.0,0.0,0.0,0.0,0.0,0.0,0.0,0.0,0.0,0.0,0.0,0.0,0.0,1.0,0.0673469387755102,0.09090909090909091,0.09090909090909091,0.0,0.05555555555555555,3,3,0,1,0,0,1,0,0.0,0.0,0.0,199000.0
10677615,0,0.0,1.0,0.0,1.0,0.0,0.0,0.0,0.0,0.0,0.0,0.0,0.0,0.0,0.0,0.0,0.0,0.0,1.0,0.07040816326530613,0.09090909090909091,0.09090909090909091,0.0,0.05555555555555555,3,2,0,1,0,0,1,0,0.0,0.0,0.0,159000.0
10677621,0,1.0,0.0,0.0,0.0,1.0,0.0,0.0,0.0,0.0,0.0,0.0,0.0,0.0,0.0,0.0,1.0,0.0,0.0,0.05612244897959184,0.09090909090909091,0.09090909090909091,0.0,0.05555555555555555,0,4,0,1,0,0,0,1,0.0,0.13,0.0,250000.0
10677620,0,1.0,0.0,0.0,0.0,1.0,0.0,0.0,0.0,0.0,0.0,0.0,0.0,0.0,0.0,0.0,1.0,0.0,0.0,0.05612244897959184,0.09090909090909091,0.09090909090909091,0.0,0.05555555555555555,0,4,0,1,0,0,0,1,0.0,0.13,0.0,250000.0
10677619,1,0.0,0.0,1.0,0.0,0.0,0.0,0.0,0.0,0.0,1.0,0.0,0.0,0.0,0.0,0.0,1.0,0.0,0.0,0.11938775510204083,0.1818181818181818,0.09090909090909091,0.07142857142857142,0.1111111111111111,3,5,0,0,0,0,1,1,0.043000000000000003,0.16,0.00013296884585792875,179000.0
10677624,0,1.0,0.0,0.0,0.0,1.0,0.0,0.0,0.0,0.0,0.0,0.0,0.0,0.0,0.0,0.0,1.0,0.0,0.0,0.09183673469387757,0.1818181818181818,0.09090909090909091,0.0,0.1111111111111111,0,4,0,1,0,0,0,1,0.0,0.2,0.0,345000.0
10677626,1,0.0,1.0,0.0,1.0,0.0,0.0,0.0,0.0,0.0,0.0,0.0,0.0,0.0,0.0,0.0,0.0,0.0,1.0,0.2755102040816327,0.2727272727272727,0.18181818181818182,0.0,0.16666666666666666,3,3,0,1,0,0,1,1,0.0,0.0,0.0015341853732435504,499000.0
10677629,0,1.0,0.0,0.0,0.0,1.0,0.0,0.0,0.0,0.0,0.0,0.0,0.0,0.0,0.0,0.0,0.0,0.0,1.0,0.19897959183673472,0.1818181818181818,0.18181818181818182,0.07142857142857142,0.1111111111111111,1,4,1,0,0,0,0,1,0.0,1.0,0.0,1900000.0
10677625,0,1.0,0.0,0.0,0.0,1.0,0.0,0.0,0.0,0.0,0.0,0.0,0.0,0.0,0.0,0.0,1.0,0.0,0.0,0.09183673469387757,0.1818181818181818,0.09090909090909091,0.0,0.1111111111111111,0,4,0,1,0,0,0,1,0.0,0.2,0.0,345000.0
10677627,0,1.0,0.0,0.0,0.0,1.0,0.0,0.0,0.0,0.0,0.0,0.0,0.0,0.0,0.0,0.0,1.0,0.0,0.0,0.1326530612244898,0.2727272727272727,0.09090909090909091,0.07142857142857142,0.1111111111111111,0,4,0,1,0,0,0,1,0.0,0.2,0.0,410000.0
10677631,1,0.0,0.0,1.0,0.0,0.0,0.0,0.0,1.0,0.0,0.0,0.0,0.0,0.0,0.0,0.0,0.0,0.0,1.0,0.3479591836734694,0.2727272727272727,0.18181818181818182,0.0,0.1111111111111111,3,7,0,0,0,0,1,1,1.0,0.62,0.026593769171585752,430000.0
10677648,0,1.0,0.0,0.0,0.0,1.0,0.0,0.0,0.0,0.0,0.0,0.0,0.0,0.0,0.0,1.0,0.0,0.0,0.0,0.010204081632653062,0.0,0.09090909090909091,0.07142857142857142,0.05555555555555555,3,6,1,0,0,0,0,0,0.0,0.0,0.0,195000.0
10677633,0,1.0,0.0,0.0,0.0,1.0,0.0,0.0,0.0,0.0,0.0,0.0,0.0,0.0,0.0,0.0,1.0,0.0,0.0,0.03775510204081633,0.0,0.09090909090909091,0.0,0.05555555555555555,5,5,1,0,0,0,0,1,0.0,0.06,0.0,135000.0
10677647,1,0.0,1.0,0.0,0.0,0.0,0.0,1.0,0.0,0.0,0.0,0.0,0.0,0.0,0.0,0.0,0.0,0.0,1.0,0.16836734693877553,0.1818181818181818,0.09090909090909091,0.0,0.1111111111111111,1,3,0,0,0,0,1,1,1.0,0.5,0.0012920903711298043,690000.0
10677646,1,0.0,0.0,1.0,0.0,0.0,0.0,0.0,1.0,0.0,0.0,0.0,0.0,0.0,0.0,0.0,0.0,0.0,1.0,0.10816326530612247,0.1818181818181818,0.09090909090909091,0.0,0.0,3,7,0,0,0,0,0,0,0.0,0.0,0.0008069833403791538,220000.0
10677649,0,1.0,0.0,0.0,0.0,1.0,0.0,0.0,0.0,0.0,0.0,0.0,0.0,0.0,0.0,0.0,0.0,0.0,1.0,0.05816326530612246,0.09090909090909091,0.09090909090909091,0.0,0.05555555555555555,1,3,1,0,0,0,0,1,0.0,0.06,0.0,315000.0
10677644,1,0.0,1.0,0.0,0.0,0.0,0.0,0.0,0.0,0.0,0.0,0.0,0.0,0.0,1.0,0.0,0.0,0.0,1.0,0.13979591836734695,0.1818181818181818,0.09090909090909091,0.07142857142857142,0.1111111111111111,2,3,0,0,0,0,1,1,0.0,0.01,0.00016964990678425393,325000.0
10677650,1,0.0,1.0,0.0,0.0,0.0,0.0,0.0,0.0,0.0,0.0,0.0,0.0,0.0,1.0,0.0,0.0,0.0,1.0,0.17244897959183675,0.1818181818181818,0.0,0.0,0.1111111111111111,0,0,0,0,0,0,0,0,0.0,0.0,0.0026914728454691095,773976.0
10677651,1,0.0,1.0,0.0,0.0,0.0,0.0,0.0,0.0,0.0,0.0,0.0,0.0,0.0,1.0,0.0,0.0,0.0,1.0,0.37244897959183676,0.2727272727272727,0.0,0.0,0.16666666666666666,0,0,0,0,0,0,0,0,0.0,0.0,0.0026694642089133145,964612.0
10677657,1,0.0,1.0,0.0,0.0,0.0,0.0,0.0,0.0,0.0,0.0,0.0,0.0,0.0,1.0,0.0,0.0,0.0,1.0,0.14081632653061227,0.1818181818181818,0.0,0.0,0.1111111111111111,0,0,0,0,0,0,0,0,0.0,0.0,0.0003585573705548286,471543.0
10677656,1,0.0,1.0,0.0,0.0,0.0,0.0,0.0,0.0,0.0,0.0,0.0,0.0,0.0,1.0,0.0,0.0,0.0,1.0,0.14081632653061227,0.1818181818181818,0.0,0.0,0.1111111111111111,0,0,0,0,0,0,0,0,0.0,0.0,0.00037598087449483304,473543.0
10677674,1,0.0,1.0,0.0,0.0,0.0,0.0,0.0,0.0,0.0,0.0,0.0,0.0,0.0,1.0,1.0,0.0,0.0,0.0,0.10816326530612247,0.09090909090909091,0.09090909090909091,0.0,0.05555555555555555,1,5,0,0,0,0,1,1,0.065,0.0,0.0001687328802610958,349000.0
10677676,1,0.0,1.0,0.0,0.0,0.0,0.0,0.0,0.0,0.0,0.0,0.0,0.0,0.0,1.0,0.0,0.0,0.0,1.0,0.28775510204081634,0.2727272727272727,0.09090909090909091,0.0,0.0,3,5,0,0,0,0,0,0,0.0,0.0,0.0007198658206791315,499000.0
10677658,1,1.0,0.0,0.0,0.0,1.0,0.0,0.0,0.0,0.0,0.0,0.0,0.0,0.0,0.0,0.0,1.0,0.0,0.0,0.17346938775510207,0.2727272727272727,0.09090909090909091,0.0,0.1111111111111111,4,6,0,0,0,0,1,1,0.075,0.16,0.00011004318277897552,620000.0
10677677,1,0.0,1.0,0.0,0.0,0.0,0.0,0.0,0.0,0.0,0.0,0.0,0.0,0.0,1.0,0.0,0.0,0.0,1.0,0.23265306122448984,0.5454545454545454,0.5454545454545454,0.0,0.0,3,3,0,0,0,0,0,1,0.0,0.0,6.327483009791092e-05,699000.0
10677691,1,0.0,1.0,0.0,0.0,0.0,1.0,0.0,0.0,0.0,0.0,0.0,0.0,0.0,0.0,1.0,0.0,0.0,0.0,0.04591836734693878,0.0,0.0,0.0,0.0,0,3,0,0,0,0,0,0,0.0,0.0,2.934484874106014e-05,199000.0
10677693,1,0.0,1.0,0.0,0.0,0.0,0.0,0.0,0.0,0.0,0.0,0.0,0.0,0.0,1.0,0.0,0.0,0.0,1.0,0.29489795918367345,0.2727272727272727,0.09090909090909091,0.0,0.0,4,4,0,0,0,0,0,0,0.0,0.0,0.0008986859926949668,399000.0
10677695,0,0.0,1.0,0.0,0.0,0.0,0.0,0.0,0.0,0.0,0.0,0.0,0.0,0.0,1.0,0.0,0.0,1.0,0.0,0.06122448979591837,0.09090909090909091,0.09090909090909091,0.07142857142857142,0.05555555555555555,4,3,1,0,0,0,0,1,0.0,0.03,0.0,185000.0
10677697,1,1.0,0.0,0.0,0.0,1.0,0.0,0.0,0.0,0.0,0.0,0.0,0.0,0.0,0.0,0.0,1.0,0.0,0.0,0.2255102040816327,0.2727272727272727,0.18181818181818182,0.0,0.16666666666666666,0,0,0,0,0,0,1,0,0.09,0.0,0.0001430561376126682,795000.0
10677696,0,1.0,0.0,0.0,0.0,1.0,0.0,0.0,0.0,0.0,0.0,0.0,0.0,0.0,0.0,0.0,1.0,0.0,0.0,0.057142857142857155,0.0,0.09090909090909091,0.0,0.0,0,5,1,0,0,0,0,0,0.0,0.0,0.0,245000.0
10677712,0,0.0,1.0,0.0,1.0,0.0,0.0,0.0,0.0,0.0,0.0,0.0,0.0,0.0,0.0,0.0,1.0,0.0,0.0,0.06632653061224492,0.09090909090909091,0.09090909090909091,0.0,0.0,3,4,0,0,0,0,0,1,0.0,0.03,0.0,225000.0
10677713,0,1.0,0.0,0.0,0.0,1.0,0.0,0.0,0.0,0.0,0.0,0.0,0.0,0.0,0.0,0.0,1.0,0.0,0.0,0.04591836734693878,0.0,0.09090909090909091,0.0,0.05555555555555555,3,5,0,0,0,0,0,1,0.0,0.17,0.0,270000.0
10677723,0,1.0,0.0,0.0,0.0,1.0,0.0,0.0,0.0,0.0,0.0,0.0,0.0,0.0,0.0,0.0,1.0,0.0,0.0,0.12142857142857144,0.1818181818181818,0.18181818181818182,0.3571428571428571,0.1111111111111111,1,0,1,0,0,0,0,1,0.0,0.26,0.0,449000.0
10677717,1,0.0,0.0,1.0,0.0,0.0,0.0,0.0,1.0,0.0,0.0,0.0,0.0,0.0,0.0,0.0,0.0,0.0,1.0,0.21734693877551023,0.1818181818181818,0.09090909090909091,0.0,0.05555555555555555,3,4,0,0,0,0,1,1,0.078,0.28,0.00018340530463162587,250000.0
10677724,1,1.0,0.0,0.0,0.0,1.0,0.0,0.0,0.0,0.0,0.0,0.0,0.0,0.0,0.0,0.0,0.0,0.0,1.0,0.3877551020408163,0.36363636363636365,0.36363636363636365,0.2857142857142857,0.2777777777777778,0,6,0,0,0,0,0,1,0.0,0.0,0.002292566307895323,1550000.0
10677698,1,0.0,1.0,0.0,1.0,0.0,0.0,0.0,0.0,0.0,0.0,0.0,0.0,0.0,0.0,0.0,0.0,0.0,1.0,0.06122448979591837,0.0,0.09090909090909091,0.0,0.05555555555555555,3,0,0,0,0,0,0,1,0.0,0.12,8.43664401305479e-05,235000.0
10677731,1,1.0,0.0,0.0,0.0,1.0,0.0,0.0,0.0,0.0,0.0,0.0,0.0,0.0,0.0,0.0,1.0,0.0,0.0,0.19897959183673472,0.36363636363636365,0.09090909090909091,0.07142857142857142,0.1111111111111111,0,7,0,0,0,0,1,0,0.032,0.0,0.00016323072112214702,355000.0
10677737,0,1.0,0.0,0.0,0.0,1.0,0.0,0.0,0.0,0.0,0.0,0.0,0.0,0.0,0.0,0.0,0.0,0.0,1.0,0.1326530612244898,0.09090909090909091,0.18181818181818182,0.14285714285714285,0.1111111111111111,4,0,1,0,0,0,0,1,0.0,0.1,0.0,565000.0
10677728,1,0.0,1.0,0.0,0.0,0.0,1.0,0.0,0.0,0.0,0.0,0.0,0.0,0.0,0.0,0.0,1.0,0.0,0.0,0.0816326530612245,0.09090909090909091,0.0,0.07142857142857142,0.05555555555555555,3,6,0,0,0,0,1,0,0.0,0.0,0.0011921344801055682,309000.0
10677741,1,0.0,0.0,1.0,0.0,0.0,0.0,0.0,0.0,0.0,0.0,0.0,1.0,0.0,0.0,0.0,0.0,0.0,1.0,0.1285714285714286,0.1818181818181818,0.09090909090909091,0.07142857142857142,0.0,0,5,0,1,0,0,1,1,0.603,0.0,0.000552966993464352,320000.0
10677739,1,0.0,1.0,0.0,1.0,0.0,0.0,0.0,0.0,0.0,0.0,0.0,0.0,0.0,0.0,0.0,0.0,1.0,0.0,0.1,0.1818181818181818,0.09090909090909091,0.0,0.1111111111111111,0,3,0,1,0,0,1,1,0.074,0.16,0.0001219645275800312,395000.0
10677744,1,1.0,0.0,0.0,0.0,1.0,0.0,0.0,0.0,0.0,0.0,0.0,0.0,0.0,0.0,0.0,0.0,0.0,1.0,0.2857142857142857,0.36363636363636365,0.18181818181818182,0.14285714285714285,0.1111111111111111,5,0,0,0,0,0,1,1,0.65,0.0,0.0005960672400527841,1250000.0
10677748,1,0.0,0.0,1.0,0.0,0.0,0.0,0.0,1.0,0.0,0.0,0.0,0.0,0.0,0.0,0.0,1.0,0.0,0.0,0.23469387755102042,0.1818181818181818,0.18181818181818182,0.0,0.16666666666666666,0,4,0,0,0,0,1,0,0.248,0.0,0.0004585132615790647,340000.0
10677745,1,0.0,0.0,1.0,0.0,0.0,0.0,0.0,1.0,0.0,0.0,0.0,0.0,0.0,0.0,0.0,0.0,0.0,1.0,0.163265306122449,0.36363636363636365,0.09090909090909091,0.0,0.0,4,6,0,0,0,0,0,0,0.0,0.0,0.05951502135296259,695000.0
10677761,0,0.0,1.0,0.0,0.0,0.0,1.0,0.0,0.0,0.0,0.0,0.0,0.0,0.0,0.0,0.0,0.0,1.0,0.0,0.08265306122448982,0.09090909090909091,0.09090909090909091,0.0,0.05555555555555555,3,2,0,0,0,0,0,1,0.0,0.03,0.0,269000.0
10677760,0,0.0,1.0,0.0,0.0,0.0,0.0,0.0,0.0,0.0,0.0,0.0,0.0,0.0,1.0,0.0,0.0,0.0,1.0,0.051020408163265314,0.0,0.09090909090909091,0.0,0.05555555555555555,3,2,1,0,0,0,0,1,0.0,0.05,0.0,189000.0
10677770,1,0.0,1.0,0.0,1.0,0.0,0.0,0.0,0.0,0.0,0.0,0.0,0.0,0.0,0.0,0.0,0.0,0.0,1.0,0.13469387755102044,0.1818181818181818,0.09090909090909091,0.0,0.0,0,0,0,0,0,0,0,0,0.0,0.0,0.0003182082035358709,395000.0
10677772,1,0.0,1.0,0.0,0.0,0.0,0.0,0.0,0.0,1.0,0.0,0.0,0.0,0.0,0.0,0.0,0.0,0.0,1.0,0.19897959183673472,0.2727272727272727,0.09090909090909091,0.0,0.0,0,5,0,0,0,0,0,0,0.0,0.0,0.0012920903711298043,274500.0
10677771,1,0.0,1.0,0.0,0.0,0.0,0.0,0.0,0.0,0.0,0.0,0.0,0.0,0.0,1.0,0.0,0.0,0.0,1.0,0.1642857142857143,0.1818181818181818,0.09090909090909091,0.0,0.0,5,6,0,0,0,0,0,0,0.0,0.0,0.00038515113972641433,198000.0
10677780,0,0.0,1.0,0.0,0.0,0.0,0.0,0.0,0.0,0.0,0.0,0.0,0.0,0.0,1.0,0.0,0.0,0.0,1.0,0.0653061224489796,0.09090909090909091,0.0,0.0,0.05555555555555555,3,2,1,0,0,0,0,1,0.0,0.0,0.0,249000.0
10677785,1,0.0,1.0,0.0,1.0,0.0,0.0,0.0,0.0,0.0,0.0,0.0,0.0,0.0,0.0,0.0,0.0,1.0,0.0,0.15816326530612246,0.2727272727272727,0.09090909090909091,0.0,0.1111111111111111,2,2,0,1,0,0,1,0,0.045,0.0,0.00010270697059371048,345000.0
10677786,1,0.0,0.0,1.0,0.0,0.0,0.0,0.0,1.0,0.0,0.0,0.0,0.0,0.0,0.0,0.0,0.0,0.0,1.0,0.19897959183673472,0.1818181818181818,0.09090909090909091,0.0,0.05555555555555555,3,4,0,1,1,0,0,1,0.0,0.0,0.002870293017484945,550000.0
10677788,1,0.0,1.0,0.0,1.0,0.0,0.0,0.0,0.0,0.0,0.0,0.0,0.0,0.0,0.0,0.0,0.0,0.0,1.0,0.10204081632653061,0.09090909090909091,0.18181818181818182,0.0,0.1111111111111111,3,6,0,1,0,0,1,0,0.0,0.0,0.0008546687195833766,306000.0
10677790,0,0.0,1.0,0.0,1.0,0.0,0.0,0.0,0.0,0.0,0.0,0.0,0.0,0.0,0.0,0.0,1.0,0.0,0.0,0.051020408163265314,0.0,0.09090909090909091,0.0,0.0,3,2,0,1,0,0,0,1,0.0,0.07,0.0,339000.0
10677791,1,0.0,1.0,0.0,0.0,0.0,0.0,0.0,0.0,0.0,0.0,0.0,0.0,0.0,1.0,0.0,0.0,0.0,1.0,0.1836734693877551,0.2727272727272727,0.18181818181818182,0.0,0.16666666666666666,2,0,0,1,0,0,1,1,0.0,0.0,0.00016506477416846328,399000.0
10677787,1,0.0,0.0,1.0,0.0,0.0,0.0,0.0,0.0,0.0,0.0,0.0,1.0,0.0,0.0,0.0,0.0,1.0,0.0,0.22448979591836737,0.2727272727272727,0.09090909090909091,0.0,0.1111111111111111,4,4,0,1,0,0,0,1,0.0,0.4,0.00019624367595583967,245000.0
10677794,1,0.0,1.0,0.0,0.0,0.0,0.0,0.0,0.0,1.0,0.0,0.0,0.0,0.0,0.0,0.0,0.0,0.0,1.0,0.19897959183673472,0.1818181818181818,0.09090909090909091,0.07142857142857142,0.1111111111111111,0,0,0,1,0,0,0,1,0.0,0.0,0.00037598087449483304,270000.0
10677800,0,0.0,1.0,0.0,1.0,0.0,0.0,0.0,0.0,0.0,0.0,0.0,0.0,0.0,0.0,0.0,0.0,1.0,0.0,0.08775510204081632,0.09090909090909091,0.09090909090909091,0.0,0.05555555555555555,2,4,0,1,0,0,1,0,0.025,0.0,0.0,299000.0
10677799,0,0.0,1.0,0.0,0.0,0.0,0.0,0.0,0.0,1.0,0.0,0.0,0.0,0.0,0.0,0.0,0.0,0.0,1.0,0.07142857142857142,0.1818181818181818,0.09090909090909091,0.07142857142857142,0.1111111111111111,0,0,0,1,0,0,1,0,0.0,0.0,0.0,285000.0
10677793,1,0.0,1.0,0.0,0.0,0.0,0.0,0.0,0.0,1.0,0.0,0.0,0.0,0.0,0.0,0.0,0.0,0.0,1.0,0.19897959183673472,0.1818181818181818,0.09090909090909091,0.07142857142857142,0.1111111111111111,0,0,0,1,0,0,1,0,0.0,0.0,0.00040532572323589316,275000.0
10677792,1,0.0,1.0,0.0,0.0,0.0,0.0,0.0,0.0,1.0,0.0,0.0,0.0,0.0,0.0,0.0,0.0,0.0,1.0,0.19897959183673472,0.1818181818181818,0.09090909090909091,0.07142857142857142,0.1111111111111111,0,0,0,1,0,0,1,1,0.0,0.0,0.0004493429963474834,280000.0
10677803,0,0.0,1.0,0.0,1.0,0.0,0.0,0.0,0.0,0.0,0.0,0.0,0.0,0.0,0.0,0.0,0.0,1.0,0.0,0.08775510204081632,0.09090909090909091,0.09090909090909091,0.0,0.05555555555555555,4,4,0,1,0,0,0,1,0.0,0.06,0.0,259000.0
10677801,0,0.0,1.0,0.0,0.0,0.0,0.0,0.0,0.0,0.0,0.0,0.0,0.0,0.0,1.0,0.0,0.0,0.0,1.0,0.03571428571428572,0.0,0.09090909090909091,0.0,0.05555555555555555,0,3,1,1,0,0,0,0,0.0,0.0,0.0,185000.0
10677802,0,0.0,1.0,0.0,1.0,0.0,0.0,0.0,0.0,0.0,0.0,0.0,0.0,0.0,0.0,0.0,0.0,1.0,0.0,0.08775510204081632,0.09090909090909091,0.09090909090909091,0.0,0.05555555555555555,2,2,0,1,0,0,0,1,0.0,0.06,0.0,245000.0
10677805,0,0.0,1.0,0.0,1.0,0.0,0.0,0.0,0.0,0.0,0.0,0.0,0.0,0.0,0.0,0.0,0.0,0.0,1.0,0.04183673469387755,0.09090909090909091,0.09090909090909091,0.0,0.05555555555555555,2,3,0,1,0,0,0,0,0.0,0.0,0.0,165000.0
10677808,0,1.0,0.0,0.0,0.0,1.0,0.0,0.0,0.0,0.0,0.0,0.0,0.0,0.0,0.0,0.0,1.0,0.0,0.0,0.11734693877551022,0.2727272727272727,0.18181818181818182,0.0,0.1111111111111111,5,0,0,1,0,0,1,0,0.145,0.0,0.0,389000.0
10677809,0,1.0,0.0,0.0,0.0,1.0,0.0,0.0,0.0,0.0,0.0,0.0,0.0,0.0,0.0,0.0,1.0,0.0,0.0,0.06122448979591837,0.09090909090909091,0.09090909090909091,0.0,0.05555555555555555,5,0,0,1,0,0,0,1,0.0,0.02,0.0,212000.0
10677814,0,0.0,1.0,0.0,0.0,0.0,0.0,1.0,0.0,0.0,0.0,0.0,0.0,0.0,0.0,0.0,1.0,0.0,0.0,0.05204081632653062,0.0,0.09090909090909091,0.0,0.05555555555555555,0,0,1,1,0,0,1,1,0.099,0.2,0.0,297400.0
10677807,1,0.0,1.0,0.0,1.0,0.0,0.0,0.0,0.0,0.0,0.0,0.0,0.0,0.0,0.0,0.0,0.0,1.0,0.0,0.11224489795918369,0.1818181818181818,0.09090909090909091,0.0,0.1111111111111111,2,4,0,1,0,0,1,0,0.0,0.0,0.0001375539784737194,365000.0
10677810,0,1.0,0.0,0.0,0.0,1.0,0.0,0.0,0.0,0.0,0.0,0.0,0.0,0.0,0.0,0.0,1.0,0.0,0.0,0.1275510204081633,0.1818181818181818,0.18181818181818182,0.0,0.1111111111111111,5,0,0,1,0,0,0,1,0.0,0.11,0.0,337000.0
10677812,1,0.0,1.0,0.0,0.0,0.0,0.0,1.0,0.0,0.0,0.0,0.0,0.0,0.0,0.0,0.0,0.0,1.0,0.0,0.2489795918367347,0.1818181818181818,0.09090909090909091,0.0,0.1111111111111111,2,5,0,1,0,0,1,0,0.0,0.0,0.0,370000.0
10677813,1,0.0,1.0,0.0,0.0,0.0,0.0,1.0,0.0,0.0,0.0,0.0,0.0,0.0,0.0,0.0,0.0,0.0,1.0,0.20102040816326533,0.2727272727272727,0.18181818181818182,0.0,0.16666666666666666,0,1,0,1,0,0,1,1,0.0,0.0,0.0002842782221790201,595000.0
10677819,0,0.0,1.0,0.0,0.0,0.0,1.0,0.0,0.0,0.0,0.0,0.0,0.0,0.0,0.0,0.0,0.0,1.0,0.0,0.07244897959183674,0.09090909090909091,0.09090909090909091,0.0,0.1111111111111111,3,3,1,1,0,0,0,1,0.0,0.1,0.0,220000.0
10677818,1,0.0,1.0,0.0,0.0,0.0,0.0,0.0,0.0,0.0,0.0,0.0,0.0,0.0,1.0,0.0,0.0,0.0,1.0,0.12244897959183676,0.1818181818181818,0.09090909090909091,0.0,0.1111111111111111,3,0,0,1,0,0,0,1,0.0,0.0,0.0002503482408221693,460000.0
10677821,1,0.0,1.0,0.0,0.0,0.0,0.0,0.0,0.0,0.0,0.0,0.0,0.0,0.0,1.0,0.0,0.0,0.0,1.0,0.1836734693877551,0.2727272727272727,0.09090909090909091,0.0,0.1111111111111111,3,4,0,1,0,0,0,1,0.0,0.0,0.0008986859926949668,399500.0
10677826,1,0.0,1.0,0.0,0.0,0.0,0.0,0.0,0.0,0.0,0.0,0.0,0.0,0.0,1.0,0.0,0.0,0.0,1.0,0.16836734693877553,0.1818181818181818,0.18181818181818182,0.0,0.0,0,0,0,1,0,0,0,0,0.0,0.0,0.0002448460816832205,427000.0
10677825,1,0.0,1.0,0.0,0.0,0.0,0.0,0.0,0.0,0.0,0.0,0.0,0.0,0.0,1.0,0.0,0.0,0.0,1.0,0.16836734693877553,0.1818181818181818,0.18181818181818182,0.0,0.0,0,0,0,1,0,0,0,0,0.0,0.0,0.0002650206651926994,435000.0
10677823,1,0.0,1.0,0.0,0.0,0.0,0.0,0.0,0.0,0.0,0.0,0.0,0.0,0.0,1.0,0.0,0.0,0.0,1.0,0.16836734693877553,0.1818181818181818,0.18181818181818182,0.0,0.0,0,0,0,1,0,0,0,0,0.0,0.0,0.0002751079569474388,406000.0
10677822,1,0.0,1.0,0.0,0.0,0.0,0.0,0.0,0.0,0.0,0.0,0.0,0.0,0.0,1.0,0.0,0.0,0.0,1.0,0.17346938775510207,0.1818181818181818,0.09090909090909091,0.0,0.0,0,0,0,1,0,0,0,0,0.0,0.0,0.0,365000.0
10677827,1,0.0,1.0,0.0,0.0,0.0,0.0,0.0,0.0,0.0,0.0,0.0,0.0,0.0,1.0,0.0,0.0,0.0,1.0,0.16836734693877553,0.1818181818181818,0.18181818181818182,0.0,0.0,0,0,0,1,0,0,0,0,0.0,0.0,0.00024851418777585305,399000.0
10677839,1,0.0,0.0,1.0,0.0,0.0,0.0,0.0,0.0,0.0,1.0,0.0,0.0,0.0,0.0,0.0,0.0,1.0,0.0,0.1,0.09090909090909091,0.09090909090909091,0.0,0.05555555555555555,4,4,0,1,0,0,0,0,0.0,0.0,0.0002246714981737417,175000.0
10677843,1,0.0,1.0,0.0,1.0,0.0,0.0,0.0,0.0,0.0,0.0,0.0,0.0,0.0,0.0,0.0,0.0,1.0,0.0,0.13775510204081634,0.36363636363636365,0.09090909090909091,0.0,0.1111111111111111,2,2,0,1,0,0,1,1,0.041,0.17,0.00011462831539476617,359000.0
10677846,1,0.0,1.0,0.0,0.0,0.0,0.0,1.0,0.0,0.0,0.0,0.0,0.0,0.0,0.0,0.0,0.0,0.0,1.0,0.2448979591836735,0.2727272727272727,0.09090909090909091,0.0,0.16666666666666666,5,6,0,1,0,0,1,0,1.0,0.0,0.0014030505804319378,349000.0
10677848,0,1.0,0.0,0.0,0.0,1.0,0.0,0.0,0.0,0.0,0.0,0.0,0.0,0.0,0.0,0.0,1.0,0.0,0.0,0.030612244897959183,0.0,0.09090909090909091,0.0,0.05555555555555555,0,7,1,1,0,0,0,1,0.0,0.02,0.0,165000.0
10677847,1,0.0,1.0,0.0,1.0,0.0,0.0,0.0,0.0,0.0,0.0,0.0,0.0,0.0,0.0,0.0,0.0,1.0,0.0,0.2979591836734694,0.4545454545454545,0.18181818181818182,0.0,0.1111111111111111,2,2,0,1,0,0,1,1,0.10200000000000001,0.0,0.0001806542250621515,799000.0
10677849,1,0.0,1.0,0.0,0.0,0.0,1.0,0.0,0.0,0.0,0.0,0.0,0.0,0.0,0.0,0.0,0.0,1.0,0.0,0.2857142857142857,0.1818181818181818,0.09090909090909091,0.0,0.05555555555555555,3,3,0,1,0,0,0,1,0.0,0.0,0.0011600385517950337,569000.0
10677852,1,0.0,1.0,0.0,1.0,0.0,0.0,0.0,0.0,0.0,0.0,0.0,0.0,0.0,0.0,0.0,0.0,0.0,1.0,0.19183673469387758,0.2727272727272727,0.18181818181818182,0.0,0.1111111111111111,3,6,0,1,0,0,1,0,0.0,0.0,0.0014278102965572075,435000.0
10677853,1,0.0,1.0,0.0,0.0,0.0,1.0,0.0,0.0,0.0,0.0,0.0,0.0,0.0,0.0,0.0,0.0,0.0,1.0,0.2571428571428571,0.2727272727272727,0.09090909090909091,0.0,0.1111111111111111,4,4,0,1,0,0,0,1,0.0,0.0,0.0006657612558128019,240000.0
10677844,0,0.0,1.0,0.0,0.0,0.0,1.0,0.0,0.0,0.0,0.0,0.0,0.0,0.0,0.0,1.0,0.0,0.0,0.0,0.08265306122448982,0.09090909090909091,0.09090909090909091,0.0,0.05555555555555555,6,6,0,1,0,0,0,1,0.0,0.02,0.0,185000.0
10677851,1,0.0,1.0,0.0,0.0,0.0,1.0,0.0,0.0,0.0,0.0,0.0,0.0,0.0,0.0,0.0,0.0,1.0,0.0,0.12244897959183676,0.1818181818181818,0.09090909090909091,0.0,0.05555555555555555,2,2,0,1,0,0,0,1,0.0,0.0,0.00018890746377057464,265000.0
10677854,1,0.0,0.0,1.0,0.0,0.0,0.0,0.0,0.0,0.0,1.0,0.0,0.0,0.0,0.0,0.0,1.0,0.0,0.0,0.2785714285714286,0.2727272727272727,0.09090909090909091,0.0,0.0,5,7,0,1,0,0,0,0,0.0,0.0,0.0017423503940004457,380000.0
10677837,1,0.0,1.0,0.0,1.0,0.0,0.0,0.0,0.0,0.0,0.0,0.0,0.0,0.0,0.0,0.0,0.0,1.0,0.0,0.15816326530612246,0.36363636363636365,0.18181818181818182,0.14285714285714285,0.1111111111111111,3,2,0,0,0,0,1,0,0.101,0.0,0.00019165854334004902,449000.0
10546784,0,0.0,1.0,0.0,0.0,0.0,0.0,0.0,0.0,0.0,0.0,0.0,0.0,0.0,1.0,0.0,0.0,0.0,1.0,0.07142857142857142,0.09090909090909091,0.09090909090909091,0.0,0.05555555555555555,1,1,1,0,0,0,0,1,0.0,0.0,0.0,325000.0
10677865,0,0.0,1.0,0.0,0.0,0.0,0.0,0.0,0.0,1.0,0.0,0.0,0.0,0.0,0.0,0.0,0.0,1.0,0.0,0.07959183673469389,0.09090909090909091,0.09090909090909091,0.0,0.05555555555555555,3,2,0,0,0,1,0,1,0.0,0.12,0.0,249000.0
10677866,1,0.0,1.0,0.0,0.0,0.0,0.0,0.0,0.0,0.0,0.0,0.0,0.0,0.0,1.0,0.0,0.0,0.0,1.0,0.14081632653061227,0.1818181818181818,0.09090909090909091,0.0,0.1111111111111111,1,0,0,0,0,0,1,1,0.1,0.25,0.00019807772900215593,339500.0
10677997,0,0.0,1.0,0.0,0.0,0.0,1.0,0.0,0.0,0.0,0.0,0.0,0.0,0.0,0.0,1.0,0.0,0.0,0.0,0.09285714285714286,0.1818181818181818,0.09090909090909091,0.0,0.05555555555555555,0,1,1,1,0,0,0,1,0.0,0.11,0.0,396000.0
10546830,0,0.0,1.0,0.0,0.0,0.0,0.0,0.0,0.0,0.0,0.0,0.0,0.0,0.0,1.0,0.0,0.0,0.0,1.0,0.06836734693877553,0.09090909090909091,0.0,0.0,0.0,4,3,0,0,0,0,0,0,0.0,0.0,0.0,495000.0
10153730,0,0.0,0.0,1.0,0.0,0.0,0.0,0.0,1.0,0.0,0.0,0.0,0.0,0.0,0.0,1.0,0.0,0.0,0.0,0.0816326530612245,0.09090909090909091,0.0,0.07142857142857142,0.05555555555555555,3,7,1,0,0,0,0,0,0.0,0.0,0.0,100000.0
10678045,1,0.0,1.0,0.0,0.0,0.0,0.0,1.0,0.0,0.0,0.0,0.0,0.0,0.0,0.0,0.0,0.0,0.0,1.0,0.1479591836734694,0.1818181818181818,0.18181818181818182,0.0,0.0,1,4,0,0,0,0,0,1,0.0,0.25,0.0004108278823748419,395000.0
10678046,0,1.0,0.0,0.0,0.0,1.0,0.0,0.0,0.0,0.0,0.0,0.0,0.0,0.0,0.0,1.0,0.0,0.0,0.0,0.07857142857142857,0.09090909090909091,0.18181818181818182,0.0,0.0,1,0,1,0,0,0,0,1,0.0,0.09,0.0,372000.0
10678048,0,1.0,0.0,0.0,0.0,1.0,0.0,0.0,0.0,0.0,0.0,0.0,0.0,0.0,0.0,1.0,0.0,0.0,0.0,0.09183673469387757,0.09090909090909091,0.18181818181818182,0.0,0.0,1,0,1,0,0,0,0,1,0.0,0.1,0.0,477000.0
10678049,0,1.0,0.0,0.0,0.0,1.0,0.0,0.0,0.0,0.0,0.0,0.0,0.0,0.0,0.0,1.0,0.0,0.0,0.0,0.059183673469387764,0.0,0.09090909090909091,0.0,0.0,1,0,1,0,0,0,0,0,0.0,0.0,0.0,309000.0
10415906,1,0.0,1.0,0.0,0.0,0.0,1.0,0.0,0.0,0.0,0.0,0.0,0.0,0.0,0.0,0.0,1.0,0.0,0.0,0.12244897959183676,0.2727272727272727,0.09090909090909091,0.0,0.0,5,6,0,0,0,0,0,0,0.0,0.0,5.960672400527841e-05,235000.0
10678047,0,1.0,0.0,0.0,0.0,1.0,0.0,0.0,0.0,0.0,0.0,0.0,0.0,0.0,0.0,1.0,0.0,0.0,0.0,0.09183673469387757,0.09090909090909091,0.18181818181818182,0.0,0.0,1,0,1,0,0,0,0,1,0.0,0.1,0.0,482000.0
10678050,0,1.0,0.0,0.0,0.0,1.0,0.0,0.0,0.0,0.0,0.0,0.0,0.0,0.0,0.0,1.0,0.0,0.0,0.0,0.06938775510204082,0.09090909090909091,0.09090909090909091,0.0,0.0,1,0,1,0,0,0,0,1,0.0,0.12,0.0,379000.0
10678053,0,1.0,0.0,0.0,0.0,1.0,0.0,0.0,0.0,0.0,0.0,0.0,0.0,0.0,0.0,0.0,0.0,0.0,1.0,0.07346938775510206,0.09090909090909091,0.09090909090909091,0.0,0.0,1,0,1,0,0,0,0,1,0.0,0.31,0.0,405000.0
10678055,0,1.0,0.0,0.0,0.0,1.0,0.0,0.0,0.0,0.0,0.0,0.0,0.0,0.0,0.0,0.0,0.0,0.0,1.0,0.06836734693877553,0.09090909090909091,0.09090909090909091,0.0,0.0,3,0,1,0,0,0,0,1,0.0,0.14,0.0,313000.0
10678051,0,1.0,0.0,0.0,0.0,1.0,0.0,0.0,0.0,0.0,0.0,0.0,0.0,0.0,0.0,1.0,0.0,0.0,0.0,0.13877551020408166,0.1818181818181818,0.18181818181818182,0.0,0.0,3,0,1,0,0,0,0,0,0.0,0.0,0.0,599000.0
10678056,0,0.0,0.0,1.0,0.0,0.0,0.0,0.0,1.0,0.0,0.0,0.0,0.0,0.0,0.0,1.0,0.0,0.0,0.0,0.06122448979591837,0.09090909090909091,0.09090909090909091,0.0,0.0,0,0,1,0,0,0,0,0,0.0,0.0,0.0,119000.0
10678052,0,1.0,0.0,0.0,0.0,1.0,0.0,0.0,0.0,0.0,0.0,0.0,0.0,0.0,0.0,0.0,0.0,0.0,1.0,0.08775510204081632,0.09090909090909091,0.09090909090909091,0.0,0.0,3,0,1,0,0,0,0,1,0.0,0.44,0.0,455000.0
10678064,1,0.0,1.0,0.0,1.0,0.0,0.0,0.0,0.0,0.0,0.0,0.0,0.0,0.0,0.0,0.0,0.0,0.0,1.0,0.14285714285714288,0.36363636363636365,0.09090909090909091,0.0,0.05555555555555555,3,4,0,1,0,0,0,1,0.0,0.0,0.00012563263367266372,349000.0
10678060,1,0.0,0.0,1.0,0.0,0.0,0.0,0.0,1.0,0.0,0.0,0.0,0.0,0.0,0.0,0.0,0.0,0.0,1.0,0.3306122448979592,0.2727272727272727,0.18181818181818182,0.0,0.16666666666666666,1,2,0,0,0,0,1,1,0.9,0.75,0.001517678895826704,800000.0
10678058,1,0.0,1.0,0.0,0.0,0.0,0.0,0.0,0.0,1.0,0.0,0.0,0.0,0.0,0.0,0.0,0.0,1.0,0.0,0.1479591836734694,0.1818181818181818,0.09090909090909091,0.0,0.1111111111111111,1,2,0,0,0,0,1,0,0.075,0.0,0.00014947532327477507,335000.0
10678057,1,0.0,1.0,0.0,0.0,0.0,1.0,0.0,0.0,0.0,0.0,0.0,0.0,0.0,0.0,0.0,0.0,0.0,1.0,0.2857142857142857,0.1818181818181818,0.09090909090909091,0.0,0.0,0,4,0,1,0,0,1,0,0.0,0.0,0.0019505154147573412,675000.0
10678067,1,0.0,0.0,1.0,0.0,0.0,0.0,0.0,1.0,0.0,0.0,0.0,0.0,0.0,0.0,0.0,0.0,0.0,1.0,0.1163265306122449,0.09090909090909091,0.09090909090909091,0.0,0.0,5,6,0,1,0,0,1,1,0.266,0.07,0.0004218322006527395,95000.0
10678068,1,0.0,0.0,1.0,0.0,0.0,0.0,0.0,1.0,0.0,0.0,0.0,0.0,0.0,0.0,0.0,0.0,1.0,0.0,0.2979591836734694,0.1818181818181818,0.0,0.0,0.0,5,7,0,1,0,0,1,0,0.0,0.0,0.004585132615790646,350000.0
10678065,1,0.0,1.0,0.0,1.0,0.0,0.0,0.0,0.0,0.0,0.0,0.0,0.0,0.0,0.0,0.0,0.0,0.0,1.0,0.15408163265306124,0.2727272727272727,0.09090909090909091,0.0,0.05555555555555555,5,4,0,1,0,0,1,0,0.0,0.0,0.0013590333073203477,395000.0
10678074,1,1.0,0.0,0.0,0.0,1.0,0.0,0.0,0.0,0.0,0.0,0.0,0.0,0.0,0.0,0.0,1.0,0.0,0.0,0.04081632653061225,0.0,0.0,0.07142857142857142,0.0,5,0,0,1,0,0,0,0,0.0,0.0,8.253238708423164e-05,225000.0
10678073,0,1.0,0.0,0.0,0.0,1.0,0.0,0.0,0.0,0.0,0.0,0.0,0.0,0.0,0.0,0.0,1.0,0.0,0.0,0.04081632653061225,0.0,0.0,0.07142857142857142,0.0,5,0,0,1,0,0,0,0,0.0,0.0,0.0,225000.0
10678077,0,0.0,1.0,0.0,0.0,0.0,0.0,0.0,0.0,0.0,0.0,0.0,0.0,0.0,1.0,0.0,0.0,0.0,1.0,0.06224489795918368,0.09090909090909091,0.09090909090909091,0.0,0.0,1,0,0,0,0,0,0,1,0.0,0.09,0.0,389000.0
10678082,0,0.0,1.0,0.0,0.0,0.0,0.0,1.0,0.0,0.0,0.0,0.0,0.0,0.0,0.0,0.0,0.0,1.0,0.0,0.06326530612244899,0.09090909090909091,0.0,0.0,0.0,0,3,0,1,0,0,0,0,0.0,0.0,0.0,229000.0
10678081,1,0.0,1.0,0.0,0.0,0.0,0.0,1.0,0.0,0.0,0.0,0.0,0.0,0.0,0.0,0.0,0.0,1.0,0.0,0.06326530612244899,0.09090909090909091,0.0,0.0,0.0,0,3,0,1,0,0,0,0,0.0,0.0,0.0,229000.0
10678097,0,1.0,0.0,0.0,0.0,1.0,0.0,0.0,0.0,0.0,0.0,0.0,0.0,0.0,0.0,1.0,0.0,0.0,0.0,0.11020408163265308,0.1818181818181818,0.18181818181818182,0.0,0.05555555555555555,1,4,1,0,0,0,0,0,0.0,0.0,0.0,410000.0
10678099,0,0.0,1.0,0.0,1.0,0.0,0.0,0.0,0.0,0.0,0.0,0.0,0.0,0.0,0.0,0.0,0.0,0.0,1.0,0.07142857142857142,0.09090909090909091,0.09090909090909091,0.0,0.0,3,4,0,0,0,0,0,0,0.0,0.0,0.0,195000.0
10678101,1,0.0,1.0,0.0,0.0,0.0,0.0,0.0,0.0,0.0,0.0,0.0,0.0,0.0,1.0,1.0,0.0,0.0,0.0,0.1602040816326531,0.36363636363636365,0.09090909090909091,0.0,0.0,3,5,0,0,0,0,0,1,0.0,0.0,0.00011004318277897552,340000.0
10678098,0,1.0,0.0,0.0,0.0,1.0,0.0,0.0,0.0,0.0,0.0,0.0,0.0,0.0,0.0,1.0,0.0,0.0,0.0,0.10714285714285715,0.1818181818181818,0.09090909090909091,0.0,0.05555555555555555,1,4,1,0,0,0,0,0,0.0,0.0,0.0,410000.0
10415953,1,0.0,1.0,0.0,0.0,0.0,0.0,0.0,0.0,0.0,0.0,0.0,0.0,0.0,1.0,0.0,0.0,0.0,1.0,0.1316326530612245,0.1818181818181818,0.09090909090909091,0.0,0.0,3,6,0,0,0,0,0,1,0.0,0.0,0.00018248827810846775,155000.0
10678103,0,0.0,1.0,0.0,0.0,0.0,0.0,0.0,0.0,0.0,0.0,0.0,0.0,0.0,1.0,0.0,0.0,1.0,0.0,0.051020408163265314,0.09090909090909091,0.09090909090909091,0.0,0.0,3,2,1,0,0,0,0,0,0.0,0.0,0.0,175000.0
10678102,0,0.0,1.0,0.0,0.0,0.0,0.0,0.0,0.0,0.0,0.0,0.0,0.0,0.0,1.0,0.0,0.0,1.0,0.0,0.059183673469387764,0.09090909090909091,0.09090909090909091,0.0,0.0,3,4,0,0,0,0,0,1,0.0,0.02,0.0,159000.0
10678108,0,0.0,1.0,0.0,1.0,0.0,0.0,0.0,0.0,0.0,0.0,0.0,0.0,0.0,0.0,0.0,0.0,1.0,0.0,0.15816326530612246,0.2727272727272727,0.18181818181818182,0.0,0.16666666666666666,0,2,1,1,0,0,0,1,0.0,0.09,0.0,499000.0
10678120,1,0.0,0.0,1.0,0.0,0.0,0.0,0.0,0.0,0.0,0.0,0.0,1.0,0.0,0.0,1.0,0.0,0.0,0.0,0.06428571428571428,0.09090909090909091,0.09090909090909091,0.0,0.05555555555555555,4,7,0,1,0,0,0,0,0.0,0.0,0.0006859358393222808,425000.0
10678109,0,0.0,1.0,0.0,1.0,0.0,0.0,0.0,0.0,0.0,0.0,0.0,0.0,0.0,0.0,0.0,1.0,0.0,0.0,0.15816326530612246,0.2727272727272727,0.18181818181818182,0.0,0.16666666666666666,0,2,1,1,0,0,0,1,0.0,0.09,0.0,499000.0
10678116,1,0.0,0.0,1.0,0.0,0.0,0.0,0.0,1.0,0.0,0.0,0.0,0.0,0.0,0.0,0.0,0.0,0.0,1.0,0.10816326530612247,0.1818181818181818,0.18181818181818182,0.0,0.05555555555555555,1,0,0,0,0,0,1,1,0.07,0.18,0.00015864558850635637,175000.0
10678111,1,0.0,1.0,0.0,0.0,0.0,0.0,0.0,0.0,0.0,0.0,0.0,0.0,0.0,1.0,0.0,0.0,0.0,1.0,0.1438775510204082,0.1818181818181818,0.09090909090909091,0.0,0.1111111111111111,3,4,0,1,0,0,0,1,0.0,0.0,0.0016928309617499067,440000.0
10678128,1,0.0,0.0,1.0,0.0,0.0,0.0,0.0,0.0,0.0,0.0,0.0,1.0,0.0,0.0,0.0,0.0,0.0,1.0,0.028571428571428574,0.0,0.0,0.07142857142857142,0.0,2,0,0,1,0,0,0,0,0.0,0.0,3.851511397264143e-05,99000.0
10678123,1,0.0,0.0,1.0,0.0,0.0,0.0,0.0,0.0,0.0,0.0,0.0,1.0,0.0,0.0,1.0,0.0,0.0,0.0,0.06428571428571428,0.09090909090909091,0.09090909090909091,0.0,0.05555555555555555,4,7,0,1,0,0,1,0,0.085,0.0,0.00015222640284424946,210000.0
10678127,1,0.0,0.0,1.0,0.0,0.0,0.0,0.0,1.0,0.0,0.0,0.0,0.0,0.0,0.0,0.0,0.0,0.0,1.0,0.1928571428571429,0.09090909090909091,0.09090909090909091,0.0,0.05555555555555555,5,5,0,1,0,0,0,1,0.0,0.0,0.0016323072112214702,135000.0
10678129,0,0.0,0.0,1.0,0.0,0.0,0.0,0.0,0.0,0.0,0.0,0.0,1.0,0.0,0.0,0.0,0.0,1.0,0.0,0.07448979591836735,0.0,0.0,0.07142857142857142,0.05555555555555555,0,1,0,1,0,0,1,1,0.02,0.04,0.0,229000.0
10678131,1,0.0,0.0,1.0,0.0,0.0,0.0,0.0,0.0,0.0,0.0,0.0,1.0,0.0,0.0,0.0,0.0,0.0,1.0,0.028571428571428574,0.0,0.0,0.07142857142857142,0.0,2,0,0,1,0,0,0,0,0.0,0.0,3.851511397264143e-05,99000.0
10678130,0,0.0,0.0,1.0,0.0,0.0,0.0,0.0,0.0,0.0,0.0,0.0,1.0,0.0,0.0,0.0,0.0,1.0,0.0,0.10408163265306122,0.1818181818181818,0.0,0.07142857142857142,0.1111111111111111,0,2,0,1,0,0,0,1,0.0,0.04,0.0,274500.0
10678133,1,0.0,0.0,1.0,0.0,0.0,0.0,0.0,0.0,0.0,0.0,0.0,0.0,1.0,0.0,0.0,0.0,1.0,0.0,0.0673469387755102,0.09090909090909091,0.09090909090909091,0.0,0.05555555555555555,3,5,0,1,0,0,0,1,0.0,0.08,4.585132615790647e-05,200000.0
10678135,0,0.0,1.0,0.0,0.0,0.0,0.0,0.0,0.0,0.0,0.0,0.0,0.0,0.0,1.0,0.0,0.0,1.0,0.0,0.09693877551020408,0.09090909090909091,0.09090909090909091,0.0,0.1111111111111111,3,2,1,0,0,0,0,1,0.0,0.0,0.0,375000.0
10678137,1,0.0,1.0,0.0,0.0,0.0,0.0,0.0,0.0,0.0,0.0,0.0,0.0,0.0,1.0,0.0,0.0,0.0,1.0,0.4642857142857143,0.2727272727272727,0.09090909090909091,0.0,0.0,0,2,0,0,0,0,1,0,0.128,0.0,0.0002191693390347929,235000.0
10678138,0,0.0,1.0,0.0,0.0,0.0,0.0,0.0,0.0,0.0,0.0,0.0,0.0,0.0,1.0,0.0,0.0,0.0,1.0,0.03571428571428572,0.0,0.09090909090909091,0.0,0.05555555555555555,3,1,1,0,0,0,0,0,0.0,0.0,0.0,285000.0
10678145,0,0.0,1.0,0.0,0.0,0.0,0.0,0.0,0.0,0.0,0.0,0.0,0.0,0.0,1.0,0.0,0.0,0.0,1.0,0.022448979591836733,0.0,0.09090909090909091,0.0,0.05555555555555555,3,2,1,0,0,0,1,1,0.0,0.0,0.0,166000.0
10678141,1,0.0,1.0,0.0,0.0,0.0,0.0,1.0,0.0,0.0,0.0,0.0,0.0,0.0,0.0,1.0,0.0,0.0,0.0,0.2857142857142857,0.36363636363636365,0.18181818181818182,0.0,0.1111111111111111,1,1,0,0,0,0,0,0,0.0,0.0,0.0005969842665759421,1149000.0
10678147,1,0.0,1.0,0.0,1.0,0.0,0.0,0.0,0.0,0.0,0.0,0.0,0.0,0.0,0.0,0.0,0.0,0.0,1.0,0.16938775510204085,0.09090909090909091,0.09090909090909091,0.0,0.1111111111111111,3,4,0,1,0,0,1,1,0.7000000000000001,0.15,0.0008803454622318042,398000.0
10678148,1,0.0,1.0,0.0,0.0,0.0,1.0,0.0,0.0,0.0,0.0,0.0,0.0,0.0,0.0,1.0,0.0,0.0,0.0,0.07653061224489796,0.09090909090909091,0.09090909090909091,0.07142857142857142,0.05555555555555555,3,3,0,0,0,0,0,0,0.0,0.0,3.943214049579956e-05,229000.0
10678151,0,0.0,0.0,1.0,0.0,0.0,0.0,0.0,1.0,0.0,0.0,0.0,0.0,0.0,0.0,0.0,0.0,0.0,1.0,0.09693877551020408,0.09090909090909091,0.09090909090909091,0.0,0.0,0,0,0,1,0,0,0,1,0.0,0.39,0.0,329000.0
10678160,1,0.0,1.0,0.0,0.0,0.0,0.0,0.0,0.0,0.0,0.0,0.0,0.0,0.0,1.0,0.0,0.0,1.0,0.0,0.13469387755102044,0.1818181818181818,0.09090909090909091,0.0,0.05555555555555555,3,3,0,1,0,0,1,0,0.13,0.0,0.0006648442292896437,336000.0
10678152,0,0.0,0.0,1.0,0.0,0.0,0.0,0.0,0.0,0.0,0.0,0.0,0.0,1.0,0.0,0.0,0.0,1.0,0.0,0.09693877551020408,0.09090909090909091,0.09090909090909091,0.0,0.0,0,0,0,1,0,0,0,1,0.0,0.39,0.0,329000.0
10547090,1,0.0,1.0,0.0,0.0,0.0,0.0,0.0,0.0,0.0,0.0,0.0,0.0,0.0,1.0,0.0,0.0,0.0,1.0,0.17755102040816328,0.1818181818181818,0.0,0.0,0.0,5,6,0,0,0,0,0,0,0.0,0.0,0.0003438849461842985,190000.0
10678165,1,0.0,0.0,1.0,0.0,0.0,0.0,0.0,1.0,0.0,0.0,0.0,0.0,0.0,0.0,0.0,1.0,0.0,0.0,0.13367346938775512,0.09090909090909091,0.09090909090909091,0.0,0.0,3,2,0,1,0,0,1,0,0.331,0.0,0.0003934043784348375,245000.0
10678168,0,0.0,1.0,0.0,1.0,0.0,0.0,0.0,0.0,0.0,0.0,0.0,0.0,0.0,0.0,0.0,0.0,0.0,1.0,0.06326530612244899,0.09090909090909091,0.09090909090909091,0.0,0.05555555555555555,3,2,0,1,0,0,0,1,0.0,0.0,0.0,219000.0
10678174,1,0.0,1.0,0.0,1.0,0.0,0.0,0.0,0.0,0.0,0.0,0.0,0.0,0.0,0.0,0.0,0.0,1.0,0.0,0.2112244897959184,0.09090909090909091,0.09090909090909091,0.0,0.05555555555555555,4,4,0,1,0,0,1,1,0.0,0.0,0.0003035357791653408,349000.0
10678175,1,0.0,0.0,1.0,0.0,0.0,0.0,0.0,1.0,0.0,0.0,0.0,0.0,0.0,0.0,0.0,0.0,0.0,1.0,0.32142857142857145,0.2727272727272727,0.09090909090909091,0.0,0.1111111111111111,3,5,0,1,0,0,1,1,1.0,1.0,0.0038698519277273057,545000.0
10678171,1,0.0,1.0,0.0,1.0,0.0,0.0,0.0,0.0,0.0,0.0,0.0,0.0,0.0,0.0,0.0,0.0,1.0,0.0,0.2112244897959184,0.09090909090909091,0.09090909090909091,0.0,0.05555555555555555,4,4,0,1,0,0,1,1,0.0,0.0,0.0003035357791653408,349000.0
10678173,0,0.0,1.0,0.0,1.0,0.0,0.0,0.0,0.0,0.0,0.0,0.0,0.0,0.0,0.0,0.0,0.0,1.0,0.0,0.2112244897959184,0.09090909090909091,0.09090909090909091,0.0,0.05555555555555555,4,4,0,1,0,0,1,1,0.0,0.0,0.0,349000.0
10678170,0,0.0,1.0,0.0,1.0,0.0,0.0,0.0,0.0,0.0,0.0,0.0,0.0,0.0,0.0,0.0,0.0,1.0,0.0,0.0653061224489796,0.09090909090909091,0.09090909090909091,0.0,0.05555555555555555,3,3,0,1,0,0,0,1,0.0,0.05,0.0,192000.0
10678176,1,0.0,1.0,0.0,1.0,0.0,0.0,0.0,0.0,0.0,0.0,0.0,0.0,0.0,0.0,0.0,0.0,0.0,1.0,0.11938775510204083,0.1818181818181818,0.0,0.0,0.0,5,6,0,1,0,0,1,1,0.0,0.0,0.0006813507067064901,249000.0
10678178,1,0.0,1.0,0.0,0.0,0.0,0.0,1.0,0.0,0.0,0.0,0.0,0.0,0.0,0.0,0.0,0.0,1.0,0.0,0.2479591836734694,0.2727272727272727,0.09090909090909091,0.0,0.1111111111111111,3,4,0,1,0,0,1,1,0.0,0.0,0.0021137461358794883,399000.0
10678181,0,0.0,1.0,0.0,0.0,0.0,0.0,0.0,0.0,0.0,0.0,0.0,0.0,0.0,1.0,1.0,0.0,0.0,0.0,0.04591836734693878,0.09090909090909091,0.09090909090909091,0.0,0.05555555555555555,3,2,0,0,0,0,0,0,0.0,0.0,0.0,285000.0
10678177,1,0.0,1.0,0.0,1.0,0.0,0.0,0.0,0.0,0.0,0.0,0.0,0.0,0.0,0.0,0.0,0.0,0.0,1.0,0.07653061224489796,0.09090909090909091,0.0,0.0,0.05555555555555555,5,6,0,1,0,0,1,1,0.0,0.0,0.0003503041318464054,145000.0
10678187,1,0.0,1.0,0.0,0.0,0.0,0.0,0.0,0.0,0.0,0.0,0.0,0.0,0.0,1.0,0.0,0.0,0.0,1.0,0.16734693877551024,0.2727272727272727,0.09090909090909091,0.0,0.16666666666666666,4,4,0,0,0,0,1,1,0.0,0.0,0.0005786437361127796,319000.0
10678189,1,0.0,1.0,0.0,0.0,0.0,1.0,0.0,0.0,0.0,0.0,0.0,0.0,0.0,0.0,0.0,1.0,0.0,0.0,0.0836734693877551,0.09090909090909091,0.09090909090909091,0.0,0.1111111111111111,3,2,0,0,0,0,0,0,0.0,0.0,9.170265231581294e-05,269000.0
10678198,0,0.0,1.0,0.0,0.0,0.0,0.0,1.0,0.0,0.0,0.0,0.0,0.0,0.0,0.0,0.0,0.0,0.0,1.0,0.07653061224489796,0.09090909090909091,0.09090909090909091,0.0,0.1111111111111111,3,2,0,0,0,0,1,0,0.0,0.0,0.0,325000.0
10678209,1,0.0,1.0,0.0,0.0,0.0,0.0,1.0,0.0,0.0,0.0,0.0,0.0,0.0,0.0,0.0,1.0,0.0,0.0,0.23979591836734696,0.36363636363636365,0.18181818181818182,0.0,0.16666666666666666,0,4,0,0,0,0,1,0,0.0,0.0,0.0012590774162961117,639000.0
10678205,1,0.0,1.0,0.0,0.0,0.0,0.0,0.0,0.0,0.0,0.0,0.0,0.0,0.0,1.0,0.0,0.0,1.0,0.0,0.04795918367346939,0.09090909090909091,0.09090909090909091,0.0,0.0,0,0,0,0,0,0,0,1,0.0,0.08,6.87769892368597e-05,550000.0
10678203,0,0.0,1.0,0.0,0.0,0.0,0.0,0.0,0.0,0.0,0.0,0.0,0.0,0.0,1.0,0.0,0.0,1.0,0.0,0.04489795918367347,0.09090909090909091,0.09090909090909091,0.0,0.0,0,2,0,0,0,0,0,0,0.0,0.0,0.0,595000.0
10678207,0,0.0,1.0,0.0,0.0,0.0,0.0,0.0,0.0,0.0,0.0,0.0,0.0,0.0,1.0,0.0,0.0,1.0,0.0,0.09183673469387757,0.1818181818181818,0.18181818181818182,0.0,0.1111111111111111,0,3,0,0,0,0,0,0,0.0,0.0,0.0,545000.0
10678206,1,0.0,1.0,0.0,0.0,0.0,0.0,0.0,0.0,0.0,0.0,0.0,0.0,0.0,1.0,0.0,0.0,1.0,0.0,0.1479591836734694,0.1818181818181818,0.09090909090909091,0.0,0.0,0,0,0,0,0,0,0,0,0.0,0.0,0.0,525000.0
10678213,1,0.0,1.0,0.0,0.0,0.0,0.0,0.0,0.0,0.0,0.0,0.0,0.0,0.0,1.0,0.0,0.0,0.0,1.0,0.1142857142857143,0.1818181818181818,0.09090909090909091,0.0,0.0,0,4,0,0,0,0,0,0,0.0,0.0,0.0,265000.0
10678215,1,0.0,1.0,0.0,0.0,0.0,0.0,1.0,0.0,0.0,0.0,0.0,0.0,0.0,0.0,0.0,0.0,0.0,1.0,0.20102040816326533,0.1818181818181818,0.09090909090909091,0.0,0.1111111111111111,1,3,0,1,0,0,1,0,0.0,0.0,0.0008381622421665303,695000.0
10678212,1,0.0,1.0,0.0,0.0,0.0,0.0,0.0,0.0,0.0,0.0,0.0,0.0,0.0,1.0,0.0,0.0,1.0,0.0,0.10510204081632654,0.2727272727272727,0.09090909090909091,0.0,0.05555555555555555,0,6,0,0,0,0,1,0,0.15,0.0,0.0001375539784737194,159000.0
10678216,1,0.0,1.0,0.0,0.0,0.0,0.0,0.0,0.0,1.0,0.0,0.0,0.0,0.0,0.0,0.0,0.0,0.0,1.0,0.11836734693877551,0.1818181818181818,0.18181818181818182,0.0,0.0,3,0,0,0,0,0,1,0,0.0,0.0,0.0002998676730727083,219000.0
10678218,1,0.0,1.0,0.0,0.0,0.0,0.0,0.0,0.0,1.0,0.0,0.0,0.0,0.0,0.0,0.0,0.0,0.0,1.0,0.2275510204081633,0.2727272727272727,0.09090909090909091,0.0,0.1111111111111111,5,0,0,0,0,0,1,0,0.0,0.0,0.0006859358393222808,185000.0
10678217,1,0.0,1.0,0.0,0.0,0.0,0.0,0.0,0.0,1.0,0.0,0.0,0.0,0.0,0.0,0.0,0.0,0.0,1.0,0.13775510204081634,0.1818181818181818,0.09090909090909091,0.0,0.05555555555555555,5,0,0,0,0,0,1,0,0.0,0.0,0.000496111349028548,215000.0
10678219,1,0.0,1.0,0.0,0.0,0.0,0.0,0.0,0.0,1.0,0.0,0.0,0.0,0.0,0.0,0.0,0.0,0.0,1.0,0.12040816326530615,0.1818181818181818,0.09090909090909091,0.0,0.1111111111111111,3,0,0,0,0,0,0,0,0.0,0.0,0.0003429679196611404,279000.0
10678220,1,0.0,1.0,0.0,0.0,0.0,0.0,0.0,0.0,1.0,0.0,0.0,0.0,0.0,0.0,0.0,0.0,0.0,1.0,0.1602040816326531,0.2727272727272727,0.18181818181818182,0.0,0.1111111111111111,4,0,0,0,0,0,1,1,0.0,0.0,0.0008885987009402273,209000.0
10678221,1,0.0,1.0,0.0,0.0,0.0,0.0,0.0,0.0,1.0,0.0,0.0,0.0,0.0,0.0,0.0,0.0,0.0,1.0,0.23775510204081637,0.1818181818181818,0.18181818181818182,0.0,0.1111111111111111,3,0,0,0,0,0,1,1,0.0,0.0,0.000361308450124303,299000.0
10678223,1,0.0,1.0,0.0,0.0,0.0,0.0,0.0,0.0,1.0,0.0,0.0,0.0,0.0,0.0,0.0,0.0,0.0,1.0,0.0979591836734694,0.09090909090909091,0.0,0.0,0.1111111111111111,3,0,0,0,0,0,1,1,0.0,0.0,0.0003108719913506058,329000.0
10678224,0,0.0,1.0,0.0,0.0,0.0,0.0,0.0,0.0,1.0,0.0,0.0,0.0,0.0,0.0,0.0,0.0,0.0,1.0,0.05612244897959184,0.1818181818181818,0.0,0.0,0.05555555555555555,3,0,0,0,0,0,1,0,0.005,0.0,0.0,135000.0
10678226,1,0.0,1.0,0.0,0.0,0.0,0.0,0.0,0.0,1.0,0.0,0.0,0.0,0.0,0.0,0.0,0.0,0.0,1.0,0.15306122448979595,0.1818181818181818,0.0,0.0,0.1111111111111111,3,2,0,0,0,0,1,1,0.0,0.0,0.0,399000.0
10678225,1,0.0,1.0,0.0,0.0,0.0,0.0,0.0,0.0,1.0,0.0,0.0,0.0,0.0,0.0,0.0,0.0,0.0,1.0,0.26224489795918365,0.36363636363636365,0.0,0.0,0.0,3,0,0,0,0,0,1,0,0.0,0.0,0.0012168941962308376,529000.0
10678222,0,0.0,1.0,0.0,1.0,0.0,0.0,0.0,0.0,0.0,0.0,0.0,0.0,0.0,0.0,0.0,0.0,0.0,1.0,0.07959183673469389,0.09090909090909091,0.09090909090909091,0.0,0.05555555555555555,3,1,1,1,0,0,0,1,0.0,0.0,0.0,279000.0
10678229,1,0.0,1.0,0.0,0.0,0.0,0.0,0.0,0.0,1.0,0.0,0.0,0.0,0.0,0.0,0.0,0.0,0.0,1.0,0.08061224489795918,0.1818181818181818,0.09090909090909091,0.0,0.1111111111111111,3,0,0,0,0,0,1,0,0.0,0.0,0.00036222547664746107,249000.0
10678227,1,0.0,1.0,0.0,0.0,0.0,0.0,0.0,0.0,1.0,0.0,0.0,0.0,0.0,0.0,0.0,0.0,0.0,1.0,0.1816326530612245,0.1818181818181818,0.09090909090909091,0.0,0.05555555555555555,5,0,0,0,0,0,1,0,0.0,0.0,0.0013150160342087574,249000.0
10678228,1,0.0,1.0,0.0,0.0,0.0,0.0,0.0,0.0,1.0,0.0,0.0,0.0,0.0,0.0,0.0,0.0,0.0,1.0,0.17346938775510207,0.2727272727272727,0.18181818181818182,0.0,0.1111111111111111,3,0,0,0,1,0,1,1,0.0,0.0,0.0008253238708423164,529000.0
10678232,1,0.0,1.0,0.0,0.0,0.0,0.0,0.0,0.0,1.0,0.0,0.0,0.0,0.0,0.0,0.0,0.0,0.0,1.0,0.09489795918367347,0.36363636363636365,0.0,0.0,0.0,3,0,0,0,0,0,1,0,0.0,0.0,0.0023026535996500627,469000.0
10547168,1,0.0,1.0,0.0,0.0,0.0,0.0,1.0,0.0,0.0,0.0,0.0,0.0,0.0,0.0,0.0,0.0,0.0,1.0,0.2857142857142857,0.2727272727272727,0.18181818181818182,0.0,0.16666666666666666,1,2,0,0,0,0,1,1,0.08,0.56,0.0004979454020748643,465000.0
10678230,0,0.0,1.0,0.0,0.0,0.0,0.0,0.0,0.0,1.0,0.0,0.0,0.0,0.0,0.0,0.0,0.0,0.0,1.0,0.1316326530612245,0.09090909090909091,0.09090909090909091,0.0,0.1111111111111111,3,0,1,0,0,0,1,1,0.0,0.0,0.0,409000.0
10678231,1,0.0,1.0,0.0,0.0,0.0,0.0,0.0,0.0,1.0,0.0,0.0,0.0,0.0,0.0,0.0,0.0,0.0,1.0,0.21734693877551023,0.2727272727272727,0.0,0.0,0.1111111111111111,3,0,0,0,0,0,1,0,0.0,0.0,0.0011004318277897552,229000.0
10678233,1,0.0,1.0,0.0,0.0,0.0,0.0,0.0,0.0,1.0,0.0,0.0,0.0,0.0,0.0,0.0,0.0,0.0,1.0,0.2836734693877551,0.2727272727272727,0.18181818181818182,0.0,0.16666666666666666,1,0,0,1,0,0,1,1,0.0,0.0,0.0008069833403791538,525000.0
10678234,1,0.0,1.0,0.0,0.0,0.0,0.0,0.0,0.0,1.0,0.0,0.0,0.0,0.0,0.0,0.0,0.0,0.0,1.0,0.1438775510204082,0.36363636363636365,0.18181818181818182,0.0,0.1111111111111111,3,0,0,0,0,0,1,1,0.0,0.0,0.0003044528056884989,315000.0
10678244,1,0.0,1.0,0.0,1.0,0.0,0.0,0.0,0.0,0.0,0.0,0.0,0.0,0.0,0.0,0.0,0.0,1.0,0.0,0.32551020408163267,0.36363636363636365,0.18181818181818182,0.0,0.16666666666666666,3,3,0,1,0,0,1,1,0.0,0.0,0.001311347928116125,815000.0
10678246,1,0.0,1.0,0.0,0.0,0.0,0.0,1.0,0.0,0.0,0.0,0.0,0.0,0.0,0.0,0.0,0.0,0.0,1.0,0.20102040816326533,0.1818181818181818,0.09090909090909091,0.0,0.1111111111111111,1,3,0,1,0,0,1,1,0.0,0.0,0.0008381622421665303,695000.0
10678252,0,0.0,1.0,0.0,0.0,0.0,1.0,0.0,0.0,0.0,0.0,0.0,0.0,0.0,0.0,0.0,0.0,1.0,0.0,0.07653061224489796,0.09090909090909091,0.0,0.0,0.0,3,1,1,0,0,0,0,0,0.0,0.0,0.0,299000.0
10678264,1,0.0,0.0,1.0,0.0,0.0,0.0,0.0,0.0,0.0,0.0,0.0,0.0,1.0,0.0,0.0,0.0,0.0,1.0,0.14285714285714288,0.2727272727272727,0.09090909090909091,0.0,0.1111111111111111,3,7,0,1,0,0,1,1,1.0,0.15,0.005673643098779347,475000.0
10678267,1,0.0,1.0,0.0,0.0,0.0,0.0,0.0,0.0,1.0,0.0,0.0,0.0,0.0,0.0,0.0,0.0,1.0,0.0,0.1928571428571429,0.09090909090909091,0.09090909090909091,0.0,0.0,2,4,0,1,0,0,1,0,0.0,0.0,9.628778493160358e-05,449000.0
10678253,1,0.0,1.0,0.0,0.0,0.0,1.0,0.0,0.0,0.0,0.0,0.0,0.0,0.0,0.0,0.0,0.0,1.0,0.0,0.2836734693877551,0.1818181818181818,0.09090909090909091,0.0,0.1111111111111111,3,5,0,0,0,0,0,0,0.0,0.0,0.0003558062909853542,340000.0
10678268,1,0.0,1.0,0.0,0.0,0.0,0.0,0.0,0.0,1.0,0.0,0.0,0.0,0.0,0.0,0.0,0.0,0.0,1.0,0.16836734693877553,0.1818181818181818,0.09090909090909091,0.0,0.0,3,3,0,1,0,0,0,0,0.0,0.0,0.00013205181933477063,319000.0
10678270,0,1.0,0.0,0.0,0.0,1.0,0.0,0.0,0.0,0.0,0.0,0.0,0.0,0.0,0.0,0.0,0.0,0.0,1.0,0.08877551020408164,0.1818181818181818,0.0,0.07142857142857142,0.05555555555555555,3,0,0,0,0,0,0,0,0.0,0.0,0.0,305000.0
10678275,0,0.0,0.0,1.0,0.0,0.0,0.0,0.0,0.0,0.0,1.0,0.0,0.0,0.0,0.0,1.0,0.0,0.0,0.0,0.0010204081632653045,0.0,0.0,0.07142857142857142,0.0,0,2,0,1,0,0,0,0,0.0,0.0,0.0,97000.0
10678278,1,0.0,1.0,0.0,0.0,0.0,0.0,1.0,0.0,0.0,0.0,0.0,0.0,0.0,0.0,0.0,0.0,0.0,1.0,0.6214285714285714,0.7272727272727273,0.2727272727272727,0.0,0.2777777777777778,3,2,1,1,0,0,1,1,1.0,0.2,0.0017423503940004457,1250000.0
10678287,0,0.0,0.0,1.0,0.0,0.0,0.0,0.0,1.0,0.0,0.0,0.0,0.0,0.0,0.0,0.0,0.0,1.0,0.0,0.10714285714285715,0.1818181818181818,0.09090909090909091,0.0,0.1111111111111111,3,2,0,1,0,0,0,1,0.0,0.07,0.0,199000.0
10678276,0,0.0,0.0,1.0,0.0,0.0,0.0,0.0,0.0,0.0,1.0,0.0,0.0,0.0,0.0,1.0,0.0,0.0,0.0,0.004081632653061225,0.0,0.0,0.07142857142857142,0.0,0,2,0,1,0,0,0,0,0.0,0.0,0.0,128000.0
10678295,1,0.0,1.0,0.0,0.0,0.0,1.0,0.0,0.0,0.0,0.0,0.0,0.0,0.0,0.0,1.0,0.0,0.0,0.0,0.06632653061224492,0.1818181818181818,0.09090909090909091,0.07142857142857142,0.05555555555555555,1,4,0,0,0,0,0,1,0.0,0.05,2.934484874106014e-05,289000.0
10678290,1,0.0,0.0,1.0,0.0,0.0,0.0,0.0,0.0,0.0,0.0,0.0,1.0,0.0,0.0,0.0,0.0,0.0,1.0,0.5918367346938775,0.8181818181818182,0.7272727272727273,0.0,0.0,1,6,0,1,0,0,0,1,0.0,0.0,0.00439714217854323,1250000.0
10678291,1,0.0,0.0,1.0,0.0,0.0,0.0,0.0,0.0,0.0,0.0,0.0,1.0,0.0,0.0,0.0,0.0,0.0,1.0,0.5918367346938775,0.8181818181818182,0.7272727272727273,0.0,0.0,1,6,0,1,0,0,0,1,0.0,0.0,0.00439714217854323,1250000.0
10678294,1,0.0,0.0,1.0,0.0,0.0,0.0,0.0,1.0,0.0,0.0,0.0,0.0,0.0,0.0,1.0,0.0,0.0,0.0,0.4387755102040817,0.4545454545454545,0.2727272727272727,0.0,0.2777777777777778,3,4,0,1,0,0,0,0,0.0,0.0,0.0012379858062634746,490000.0
10678296,1,0.0,0.0,1.0,0.0,0.0,0.0,0.0,1.0,0.0,0.0,0.0,0.0,0.0,0.0,0.0,1.0,0.0,0.0,0.08673469387755103,0.1818181818181818,0.09090909090909091,0.0,0.0,0,0,0,0,0,0,1,0,0.424,0.0,0.0004374216515464277,340000.0
10678297,1,0.0,0.0,1.0,0.0,0.0,0.0,0.0,0.0,0.0,0.0,0.0,1.0,0.0,0.0,0.0,0.0,0.0,1.0,0.19897959183673472,0.36363636363636365,0.09090909090909091,0.07142857142857142,0.1111111111111111,0,5,0,1,0,0,1,1,1.0,0.0,0.001291173344606646,495000.0
10678307,0,1.0,0.0,0.0,0.0,1.0,0.0,0.0,0.0,0.0,0.0,0.0,0.0,0.0,0.0,0.0,1.0,0.0,0.0,0.04387755102040817,0.0,0.09090909090909091,0.0,0.05555555555555555,0,4,1,1,0,0,0,1,0.0,0.12,0.0,325000.0
10678305,1,1.0,0.0,0.0,0.0,1.0,0.0,0.0,0.0,0.0,0.0,0.0,0.0,0.0,0.0,0.0,1.0,0.0,0.0,0.45816326530612245,0.8181818181818182,0.5454545454545454,0.0,0.3333333333333333,3,0,1,1,0,0,1,1,0.0,0.01,0.00016047964155267263,1535000.0
10547250,1,1.0,0.0,0.0,0.0,1.0,0.0,0.0,0.0,0.0,0.0,0.0,0.0,0.0,0.0,0.0,1.0,0.0,0.0,0.163265306122449,0.0,0.18181818181818182,0.14285714285714285,0.1111111111111111,4,6,0,0,0,0,1,1,0.085,0.14,0.00020816502075689537,380000.0
10678306,1,0.0,0.0,1.0,0.0,0.0,0.0,0.0,1.0,0.0,0.0,0.0,0.0,0.0,0.0,0.0,1.0,0.0,0.0,0.09693877551020408,0.1818181818181818,0.09090909090909091,0.0,0.0,0,0,0,0,0,0,0,0,0.0,0.0,0.0003768979010179912,325000.0
10678316,1,0.0,0.0,1.0,0.0,0.0,0.0,0.0,0.0,0.0,0.0,0.0,0.0,1.0,0.0,0.0,0.0,0.0,1.0,0.15816326530612246,0.36363636363636365,0.09090909090909091,0.07142857142857142,0.1111111111111111,0,0,0,0,0,0,1,1,0.3,0.01,0.0002751079569474388,435000.0
10678326,1,0.0,1.0,0.0,1.0,0.0,0.0,0.0,0.0,0.0,0.0,0.0,0.0,0.0,0.0,0.0,0.0,0.0,1.0,0.12653061224489798,0.1818181818181818,0.09090909090909091,0.0,0.0,4,5,0,1,0,0,1,1,0.0,0.0,0.00020357988814110472,295000.0
10678308,1,0.0,0.0,1.0,0.0,0.0,0.0,0.0,1.0,0.0,0.0,0.0,0.0,0.0,0.0,0.0,1.0,0.0,0.0,0.08673469387755103,0.1818181818181818,0.09090909090909091,0.0,0.0,0,0,0,0,0,0,0,0,0.0,0.0,0.00018523935767794213,330000.0
10678309,0,0.0,1.0,0.0,0.0,0.0,1.0,0.0,0.0,0.0,0.0,0.0,0.0,0.0,0.0,0.0,0.0,1.0,0.0,0.0816326530612245,0.09090909090909091,0.09090909090909091,0.0,0.05555555555555555,3,2,1,1,0,0,0,1,0.0,0.03,0.0,210000.0
10678330,1,0.0,1.0,0.0,1.0,0.0,0.0,0.0,0.0,0.0,0.0,0.0,0.0,0.0,0.0,0.0,0.0,0.0,1.0,0.4020408163265306,0.2727272727272727,0.09090909090909091,0.07142857142857142,0.16666666666666666,0,2,0,1,0,0,1,1,0.0,0.0,0.0015140107897340716,895000.0
10678328,1,0.0,1.0,0.0,1.0,0.0,0.0,0.0,0.0,0.0,0.0,0.0,0.0,0.0,0.0,0.0,0.0,0.0,1.0,0.13367346938775512,0.1818181818181818,0.09090909090909091,0.0,0.1111111111111111,0,3,0,1,0,0,1,1,0.0,0.0,0.0007262850063412384,389000.0
10678332,0,0.0,1.0,0.0,0.0,0.0,1.0,0.0,0.0,0.0,0.0,0.0,0.0,0.0,0.0,0.0,0.0,1.0,0.0,0.08775510204081632,0.09090909090909091,0.09090909090909091,0.0,0.05555555555555555,3,2,1,1,0,0,0,0,0.0,0.0,0.0,210000.0
10678331,1,0.0,1.0,0.0,0.0,0.0,1.0,0.0,0.0,0.0,0.0,0.0,0.0,0.0,0.0,0.0,0.0,0.0,1.0,0.30918367346938774,0.09090909090909091,0.09090909090909091,0.0,0.1111111111111111,0,3,0,1,0,0,0,1,0.0,0.3,0.00010545805016318488,399000.0
10678333,1,0.0,1.0,0.0,1.0,0.0,0.0,0.0,0.0,0.0,0.0,0.0,0.0,0.0,0.0,0.0,0.0,0.0,1.0,0.09489795918367347,0.09090909090909091,0.09090909090909091,0.0,0.1111111111111111,2,3,0,1,0,0,0,1,0.0,0.2,6.785996271370157e-05,279000.0
10678345,1,0.0,1.0,0.0,0.0,0.0,0.0,1.0,0.0,0.0,0.0,0.0,0.0,0.0,0.0,0.0,0.0,0.0,1.0,0.12244897959183676,0.2727272727272727,0.09090909090909091,0.07142857142857142,0.05555555555555555,4,3,0,1,0,0,1,1,0.094,0.24,0.00022283744512742543,342000.0
10678335,1,0.0,1.0,0.0,1.0,0.0,0.0,0.0,0.0,0.0,0.0,0.0,0.0,0.0,0.0,0.0,0.0,0.0,1.0,0.4020408163265306,0.2727272727272727,0.09090909090909091,0.07142857142857142,0.16666666666666666,0,2,0,1,0,0,1,1,0.0,0.0,0.0015140107897340716,895000.0
10678337,0,0.0,1.0,0.0,0.0,0.0,1.0,0.0,0.0,0.0,0.0,0.0,0.0,0.0,0.0,0.0,0.0,0.0,1.0,0.30918367346938774,0.09090909090909091,0.09090909090909091,0.0,0.1111111111111111,0,3,0,1,0,0,0,1,0.0,0.3,0.0,399000.0
10678351,0,0.0,1.0,0.0,0.0,0.0,0.0,0.0,0.0,1.0,0.0,0.0,0.0,0.0,0.0,0.0,0.0,0.0,1.0,0.07448979591836735,0.1818181818181818,0.09090909090909091,0.0,0.05555555555555555,0,2,0,1,0,0,0,1,0.0,0.48,0.0,265000.0
10678350,0,0.0,1.0,0.0,1.0,0.0,0.0,0.0,0.0,0.0,0.0,0.0,0.0,0.0,0.0,0.0,0.0,0.0,1.0,0.11020408163265308,0.09090909090909091,0.0,0.07142857142857142,0.05555555555555555,3,2,0,0,0,0,0,1,0.0,0.35000000000000003,0.0,370000.0
10547277,1,0.0,1.0,0.0,1.0,0.0,0.0,0.0,0.0,0.0,0.0,0.0,0.0,0.0,0.0,0.0,0.0,0.0,1.0,0.163265306122449,0.1818181818181818,0.09090909090909091,0.0,0.1111111111111111,1,2,0,0,0,0,0,1,0.0,0.3,0.0003787319540643074,549000.0
10678347,1,0.0,1.0,0.0,1.0,0.0,0.0,0.0,0.0,0.0,0.0,0.0,0.0,0.0,0.0,0.0,0.0,0.0,1.0,0.20102040816326533,0.1818181818181818,0.09090909090909091,0.0,0.1111111111111111,3,2,0,0,0,0,1,1,0.098,0.26,0.00021458420641900226,488000.0
10678362,1,0.0,0.0,1.0,0.0,0.0,0.0,0.0,1.0,0.0,0.0,0.0,0.0,0.0,0.0,0.0,0.0,0.0,1.0,0.042857142857142864,0.1818181818181818,0.09090909090909091,0.0,0.05555555555555555,3,0,0,0,0,0,0,0,0.0,0.0,0.0001971607024789978,37000.0
10678368,1,0.0,1.0,0.0,1.0,0.0,0.0,0.0,0.0,0.0,0.0,0.0,0.0,0.0,0.0,0.0,0.0,0.0,1.0,0.30612244897959184,0.2727272727272727,0.09090909090909091,0.07142857142857142,0.1111111111111111,3,5,0,0,0,0,0,1,0.0,0.21,0.0002934484874106014,290000.0
10678366,0,0.0,1.0,0.0,0.0,0.0,1.0,0.0,0.0,0.0,0.0,0.0,0.0,0.0,0.0,0.0,0.0,1.0,0.0,0.06122448979591837,0.09090909090909091,0.09090909090909091,0.07142857142857142,0.05555555555555555,3,3,1,0,0,0,1,0,0.0,0.0,0.0,185000.0
10678371,0,0.0,1.0,0.0,0.0,0.0,1.0,0.0,0.0,0.0,0.0,0.0,0.0,0.0,0.0,1.0,0.0,0.0,0.0,0.07142857142857142,0.09090909090909091,0.09090909090909091,0.0,0.0,0,2,1,1,0,0,0,1,0.0,0.0,0.0,390000.0
10678369,0,1.0,0.0,0.0,0.0,1.0,0.0,0.0,0.0,0.0,0.0,0.0,0.0,0.0,0.0,0.0,0.0,0.0,1.0,0.07959183673469389,0.09090909090909091,0.09090909090909091,0.0,0.05555555555555555,3,0,1,0,0,0,0,0,0.0,0.0,0.0,255000.0
10678372,1,0.0,1.0,0.0,0.0,0.0,1.0,0.0,0.0,0.0,0.0,0.0,0.0,0.0,0.0,1.0,0.0,0.0,0.0,0.1459183673469388,0.2727272727272727,0.09090909090909091,0.0,0.1111111111111111,0,1,0,1,0,0,0,1,0.0,0.0,0.00015772856198319825,458000.0
10678373,1,0.0,0.0,1.0,0.0,0.0,0.0,0.0,0.0,0.0,1.0,0.0,0.0,0.0,0.0,0.0,0.0,1.0,0.0,0.05612244897959184,0.1818181818181818,0.09090909090909091,0.0,0.0,3,7,0,0,0,0,0,1,0.0,0.0,0.0,249000.0
10678375,0,0.0,1.0,0.0,0.0,0.0,0.0,0.0,0.0,0.0,0.0,0.0,0.0,0.0,1.0,0.0,0.0,1.0,0.0,0.025510204081632654,0.0,0.0,0.0,0.05555555555555555,1,2,1,0,0,0,0,0,0.0,0.0,0.0,210000.0
10678378,0,0.0,1.0,0.0,1.0,0.0,0.0,0.0,0.0,0.0,0.0,0.0,0.0,0.0,0.0,0.0,1.0,0.0,0.0,0.17346938775510207,0.1818181818181818,0.09090909090909091,0.0,0.0,0,0,1,0,0,0,0,1,0.0,0.0,0.0,569000.0
10678381,1,0.0,1.0,0.0,0.0,0.0,0.0,1.0,0.0,0.0,0.0,0.0,0.0,0.0,0.0,0.0,0.0,0.0,1.0,0.11938775510204083,0.1818181818181818,0.18181818181818182,0.0,0.05555555555555555,1,3,0,0,0,0,1,1,0.056,0.3,0.00025493337343795996,428000.0
10678380,1,0.0,1.0,0.0,0.0,0.0,0.0,0.0,0.0,1.0,0.0,0.0,0.0,0.0,0.0,0.0,0.0,0.0,1.0,0.13979591836734695,0.1818181818181818,0.09090909090909091,0.0,0.05555555555555555,2,4,0,0,0,0,1,0,0.7000000000000001,0.0,0.0007079444758780758,315000.0
10678385,0,0.0,1.0,0.0,0.0,0.0,1.0,0.0,0.0,0.0,0.0,0.0,0.0,0.0,0.0,0.0,0.0,1.0,0.0,0.07959183673469389,0.09090909090909091,0.09090909090909091,0.0,0.05555555555555555,1,0,0,1,0,0,0,0,0.0,0.0,0.0,179000.0
10678390,1,0.0,1.0,0.0,0.0,0.0,0.0,1.0,0.0,0.0,0.0,0.0,0.0,0.0,0.0,0.0,0.0,0.0,1.0,0.25510204081632654,0.2727272727272727,0.09090909090909091,0.0,0.1111111111111111,1,0,0,0,0,0,1,1,0.0,0.3,0.0010765891381876438,612000.0
10678392,1,0.0,0.0,1.0,0.0,0.0,0.0,0.0,0.0,0.0,0.0,0.0,1.0,0.0,0.0,0.0,0.0,0.0,1.0,0.25510204081632654,0.1818181818181818,0.18181818181818182,0.07142857142857142,0.16666666666666666,3,4,0,1,0,0,1,1,1.0,0.01,0.0031353136826776443,450000.0
10678410,1,0.0,1.0,0.0,0.0,0.0,1.0,0.0,0.0,0.0,0.0,0.0,0.0,0.0,0.0,0.0,0.0,0.0,1.0,0.2938775510204082,0.1818181818181818,0.09090909090909091,0.0,0.1111111111111111,0,4,0,0,0,0,1,1,0.0,0.0,0.0009069392314033899,548000.0
10678411,1,0.0,1.0,0.0,0.0,0.0,1.0,0.0,0.0,0.0,0.0,0.0,0.0,0.0,0.0,0.0,0.0,1.0,0.0,0.10918367346938776,0.09090909090909091,0.09090909090909091,0.0,0.05555555555555555,5,5,0,0,0,0,1,0,0.0,0.0,6.23578035747528e-05,189000.0
10678413,1,0.0,1.0,0.0,0.0,0.0,1.0,0.0,0.0,0.0,0.0,0.0,0.0,0.0,0.0,0.0,0.0,1.0,0.0,0.13571428571428573,0.09090909090909091,0.09090909090909091,0.0,0.05555555555555555,1,0,0,0,0,0,0,0,0.0,0.0,5.502159138948776e-05,209000.0
10678428,0,0.0,1.0,0.0,0.0,0.0,1.0,0.0,0.0,0.0,0.0,0.0,0.0,0.0,0.0,0.0,0.0,0.0,1.0,0.10306122448979593,0.1818181818181818,0.09090909090909091,0.0,0.1111111111111111,1,2,0,0,0,0,1,1,0.0,0.0,0.0,342000.0
10678430,1,0.0,1.0,0.0,0.0,0.0,1.0,0.0,0.0,0.0,0.0,0.0,0.0,0.0,0.0,0.0,0.0,0.0,1.0,0.11938775510204083,0.0,0.0,0.0,0.0,0,6,0,0,0,0,1,0,0.0,0.0,0.002899637866226005,529000.0
10678434,1,0.0,1.0,0.0,0.0,0.0,1.0,0.0,0.0,0.0,0.0,0.0,0.0,0.0,0.0,0.0,0.0,0.0,1.0,0.15000000000000002,0.36363636363636365,0.09090909090909091,0.0,0.1111111111111111,5,6,0,0,0,0,1,1,0.0,0.0,0.0,173500.0
10678436,1,0.0,1.0,0.0,0.0,0.0,1.0,0.0,0.0,0.0,0.0,0.0,0.0,0.0,0.0,0.0,0.0,0.0,1.0,0.10816326530612247,0.1818181818181818,0.09090909090909091,0.0,0.1111111111111111,5,6,0,0,0,0,1,0,0.0,0.0,0.002182523125116348,345000.0
10678450,1,0.0,1.0,0.0,0.0,0.0,0.0,0.0,0.0,0.0,0.0,0.0,0.0,0.0,1.0,0.0,0.0,0.0,1.0,0.1479591836734694,0.1818181818181818,0.09090909090909091,0.0,0.0,1,5,0,0,0,0,1,0,0.0,0.0,0.00046218136767169716,360000.0
10547373,0,0.0,1.0,0.0,0.0,0.0,0.0,0.0,0.0,0.0,0.0,0.0,0.0,0.0,1.0,0.0,0.0,0.0,1.0,0.05816326530612246,0.09090909090909091,0.09090909090909091,0.0,0.05555555555555555,0,3,0,0,0,0,0,0,0.0,0.0,0.0,265000.0
10678452,1,0.0,1.0,0.0,0.0,0.0,0.0,0.0,0.0,0.0,0.0,0.0,0.0,0.0,1.0,0.0,0.0,0.0,1.0,0.17551020408163268,0.1818181818181818,0.09090909090909091,0.0,0.05555555555555555,1,3,0,0,0,0,1,1,0.0,0.0,0.0005804777891590959,330000.0
10678447,1,0.0,1.0,0.0,0.0,0.0,1.0,0.0,0.0,0.0,0.0,0.0,0.0,0.0,0.0,0.0,0.0,0.0,1.0,0.13571428571428573,0.1818181818181818,0.09090909090909091,0.0,0.1111111111111111,3,1,0,1,0,0,0,1,0.0,0.0,0.00025126526734532744,398000.0
10678451,1,0.0,1.0,0.0,0.0,0.0,0.0,0.0,0.0,0.0,0.0,0.0,0.0,0.0,1.0,0.0,0.0,0.0,1.0,0.15918367346938778,0.2727272727272727,0.0,0.0,0.0,0,0,0,0,0,0,1,0,0.0,0.0,0.00027602498347059694,425000.0
10678453,1,0.0,1.0,0.0,0.0,0.0,0.0,0.0,0.0,0.0,0.0,0.0,0.0,0.0,1.0,0.0,0.0,1.0,0.0,0.25510204081632654,0.2727272727272727,0.0,0.0,0.0,5,6,0,0,0,0,1,0,0.0,0.0,0.0005135348529685524,185000.0
10678457,1,0.0,1.0,0.0,0.0,0.0,0.0,0.0,0.0,0.0,0.0,0.0,0.0,0.0,1.0,0.0,0.0,1.0,0.0,0.1479591836734694,0.1818181818181818,0.09090909090909091,0.0,0.0,3,5,0,0,0,0,0,0,0.0,0.0,0.00015130937632109134,525000.0
10678462,1,0.0,1.0,0.0,0.0,0.0,1.0,0.0,0.0,0.0,0.0,0.0,0.0,0.0,0.0,0.0,0.0,1.0,0.0,0.12244897959183676,0.09090909090909091,0.0,0.0,0.05555555555555555,1,4,0,0,0,0,0,1,0.0,0.22,6.419185662106905e-05,299000.0
10678458,1,0.0,1.0,0.0,0.0,0.0,0.0,0.0,0.0,0.0,0.0,0.0,0.0,0.0,1.0,0.0,0.0,1.0,0.0,0.10204081632653061,0.1818181818181818,0.09090909090909091,0.0,0.05555555555555555,4,4,0,0,0,0,1,0,0.0,0.0,5.960672400527841e-05,439000.0
10678477,0,0.0,1.0,0.0,1.0,0.0,0.0,0.0,0.0,0.0,0.0,0.0,0.0,0.0,0.0,0.0,1.0,0.0,0.0,0.1459183673469388,0.1818181818181818,0.18181818181818182,0.14285714285714285,0.1111111111111111,2,1,0,0,0,1,1,1,0.018000000000000002,0.02,0.0,637500.0
10678459,1,0.0,0.0,1.0,0.0,0.0,0.0,0.0,0.0,0.0,1.0,0.0,0.0,0.0,0.0,0.0,0.0,0.0,1.0,0.07959183673469389,0.1818181818181818,0.09090909090909091,0.0,0.1111111111111111,5,5,0,0,0,0,1,1,0.182,0.0,0.00024026094906742988,148000.0
10678461,1,0.0,1.0,0.0,1.0,0.0,0.0,0.0,0.0,0.0,0.0,0.0,0.0,0.0,0.0,0.0,0.0,0.0,1.0,0.1142857142857143,0.1818181818181818,0.18181818181818182,0.0,0.0,2,0,0,0,0,0,0,0,0.0,0.0,0.00026226958562322497,469000.0
10678460,1,0.0,1.0,0.0,1.0,0.0,0.0,0.0,0.0,0.0,0.0,0.0,0.0,0.0,0.0,0.0,0.0,0.0,1.0,0.2142857142857143,0.2727272727272727,0.18181818181818182,0.0,0.1111111111111111,0,2,0,0,1,0,1,1,0.0,0.0,0.00047777081856538537,529000.0
10678484,0,0.0,1.0,0.0,0.0,0.0,0.0,0.0,0.0,0.0,0.0,0.0,0.0,0.0,1.0,0.0,0.0,1.0,0.0,0.07346938775510206,0.09090909090909091,0.0,0.0,0.0,1,2,1,0,0,0,0,0,0.0,0.0,0.0,260000.0
10678478,0,0.0,1.0,0.0,0.0,0.0,0.0,0.0,0.0,0.0,0.0,0.0,0.0,0.0,1.0,0.0,0.0,0.0,1.0,0.09081632653061225,0.09090909090909091,0.18181818181818182,0.0,0.05555555555555555,0,2,1,0,0,0,1,1,0.0,0.0,0.0,450000.0
10678482,1,0.0,1.0,0.0,0.0,0.0,1.0,0.0,0.0,0.0,0.0,0.0,0.0,0.0,0.0,0.0,0.0,0.0,1.0,0.13571428571428573,0.1818181818181818,0.09090909090909091,0.0,0.1111111111111111,1,2,0,0,0,0,1,0,0.464,0.0,0.00042550030674537204,415000.0
10678486,1,0.0,1.0,0.0,0.0,0.0,1.0,0.0,0.0,0.0,0.0,0.0,0.0,0.0,0.0,0.0,0.0,0.0,1.0,0.2448979591836735,0.1818181818181818,0.09090909090909091,0.0,0.1111111111111111,1,3,0,0,0,0,1,1,0.0,0.0,0.0012930073976529623,525000.0
10678487,1,0.0,1.0,0.0,0.0,0.0,1.0,0.0,0.0,0.0,0.0,0.0,0.0,0.0,0.0,0.0,0.0,1.0,0.0,0.08571428571428572,0.1818181818181818,0.09090909090909091,0.0,0.0,1,2,0,0,0,0,0,0,0.0,0.0,5.502159138948776e-05,168000.0
10678499,0,1.0,0.0,0.0,0.0,1.0,0.0,0.0,0.0,0.0,0.0,0.0,0.0,0.0,0.0,0.0,1.0,0.0,0.0,0.0816326530612245,0.09090909090909091,0.09090909090909091,0.0,0.0,3,4,1,0,0,0,0,0,0.0,0.0,0.0,400000.0
10678485,1,0.0,1.0,0.0,0.0,0.0,0.0,0.0,0.0,0.0,0.0,0.0,0.0,0.0,1.0,0.0,0.0,0.0,1.0,0.1836734693877551,0.36363636363636365,0.09090909090909091,0.0,0.0,0,2,0,0,0,0,1,1,0.0,0.0,0.0005162859325380268,625000.0
10678490,0,0.0,1.0,0.0,0.0,0.0,0.0,0.0,0.0,0.0,0.0,0.0,0.0,0.0,1.0,0.0,0.0,1.0,0.0,0.020408163265306124,0.0,0.09090909090909091,0.0,0.0,5,2,1,0,0,0,0,0,0.0,0.0,0.0,122500.0
10678502,1,0.0,1.0,0.0,0.0,0.0,0.0,0.0,0.0,0.0,0.0,0.0,0.0,0.0,1.0,0.0,0.0,0.0,1.0,0.0653061224489796,0.09090909090909091,0.09090909090909091,0.0,0.0,5,6,0,0,0,0,0,0,0.0,0.0,0.0002475971612526949,175000.0
10678500,1,0.0,0.0,1.0,0.0,0.0,0.0,0.0,0.0,0.0,1.0,0.0,0.0,0.0,0.0,0.0,0.0,1.0,0.0,0.09387755102040818,0.1818181818181818,0.18181818181818182,0.0,0.0,4,5,0,0,0,0,1,0,0.317,0.0,0.00033288062790640094,199000.0
10678501,1,0.0,0.0,1.0,0.0,0.0,0.0,0.0,0.0,0.0,0.0,1.0,0.0,0.0,0.0,0.0,0.0,0.0,1.0,0.17040816326530614,0.2727272727272727,0.18181818181818182,0.0,0.0,3,1,0,0,0,0,0,0,0.0,0.0,0.0008207387382265258,445000.0
10678504,0,0.0,1.0,0.0,0.0,0.0,0.0,0.0,0.0,0.0,0.0,0.0,0.0,0.0,1.0,0.0,0.0,0.0,1.0,0.08061224489795918,0.09090909090909091,0.09090909090909091,0.0,0.05555555555555555,0,2,1,0,0,0,1,1,0.0,0.0,0.0,297500.0
10678505,0,0.0,1.0,0.0,0.0,0.0,0.0,0.0,0.0,0.0,0.0,0.0,0.0,0.0,1.0,0.0,0.0,0.0,1.0,0.08061224489795918,0.09090909090909091,0.09090909090909091,0.0,0.05555555555555555,0,2,1,0,0,0,1,1,0.0,0.0,0.0,285000.0
10678507,0,0.0,1.0,0.0,0.0,0.0,1.0,0.0,0.0,0.0,0.0,0.0,0.0,0.0,0.0,1.0,0.0,0.0,0.0,0.11020408163265308,0.1818181818181818,0.09090909090909091,0.0,0.05555555555555555,1,2,1,0,0,0,0,1,0.0,0.0,0.0,495000.0
10678510,0,0.0,1.0,0.0,0.0,0.0,1.0,0.0,0.0,0.0,0.0,0.0,0.0,0.0,0.0,1.0,0.0,0.0,0.0,0.07448979591836735,0.09090909090909091,0.0,0.0,0.05555555555555555,0,2,0,0,0,0,0,1,0.0,0.0,0.0,369000.0
10547439,0,1.0,0.0,0.0,0.0,1.0,0.0,0.0,0.0,0.0,0.0,0.0,0.0,0.0,0.0,0.0,1.0,0.0,0.0,0.15306122448979595,0.09090909090909091,0.18181818181818182,0.07142857142857142,0.16666666666666666,1,6,0,0,0,0,1,1,0.09,0.16,0.0,699000.0
10678509,0,0.0,1.0,0.0,0.0,0.0,1.0,0.0,0.0,0.0,0.0,0.0,0.0,0.0,0.0,1.0,0.0,0.0,0.0,0.0673469387755102,0.09090909090909091,0.0,0.0,0.05555555555555555,0,2,0,0,0,0,0,0,0.0,0.0,0.0,369000.0
10678506,0,0.0,1.0,0.0,0.0,0.0,0.0,0.0,0.0,0.0,0.0,0.0,0.0,0.0,1.0,0.0,0.0,0.0,1.0,0.08061224489795918,0.09090909090909091,0.09090909090909091,0.0,0.05555555555555555,0,2,1,0,0,0,1,1,0.0,0.0,0.0,185000.0
10678511,1,0.0,0.0,1.0,0.0,0.0,0.0,0.0,0.0,0.0,1.0,0.0,0.0,0.0,0.0,0.0,0.0,1.0,0.0,0.11224489795918369,0.1818181818181818,0.09090909090909091,0.0,0.1111111111111111,1,3,0,0,0,0,1,1,0.75,0.2,0.000935367053621292,279500.0
10678515,1,0.0,1.0,0.0,0.0,0.0,0.0,0.0,0.0,0.0,0.0,0.0,0.0,0.0,1.0,0.0,0.0,0.0,1.0,0.15816326530612246,0.2727272727272727,0.09090909090909091,0.0,0.0,4,6,0,0,0,0,1,0,0.8,0.0,0.000893183833556018,289000.0
10678514,0,1.0,0.0,0.0,0.0,1.0,0.0,0.0,0.0,0.0,0.0,0.0,0.0,0.0,0.0,0.0,1.0,0.0,0.0,0.11020408163265308,0.1818181818181818,0.09090909090909091,0.07142857142857142,0.1111111111111111,2,0,0,0,0,0,1,1,0.17500000000000002,0.1,0.0,925000.0
10678519,1,0.0,1.0,0.0,0.0,0.0,1.0,0.0,0.0,0.0,0.0,0.0,0.0,0.0,0.0,1.0,0.0,0.0,0.0,0.5408163265306123,0.5454545454545454,0.09090909090909091,0.0,0.0,3,3,0,0,0,0,1,0,0.0,0.0,0.0008739262765696973,995000.0
10678517,1,0.0,1.0,0.0,0.0,0.0,1.0,0.0,0.0,0.0,0.0,0.0,0.0,0.0,0.0,0.0,0.0,0.0,1.0,0.176530612244898,0.2727272727272727,0.18181818181818182,0.14285714285714285,0.0,1,2,0,1,0,0,1,0,0.0,0.0,0.0010545805016318487,795000.0
10678518,1,0.0,1.0,0.0,0.0,0.0,1.0,0.0,0.0,0.0,0.0,0.0,0.0,0.0,0.0,0.0,0.0,0.0,1.0,0.7163265306122449,0.5454545454545454,0.36363636363636365,0.0,0.0,1,3,0,1,1,0,1,0,0.0,0.0,0.0037561406388556978,1950000.0
10678529,1,0.0,0.0,1.0,0.0,0.0,0.0,0.0,1.0,0.0,0.0,0.0,0.0,0.0,0.0,0.0,1.0,0.0,0.0,0.09693877551020408,0.1818181818181818,0.09090909090909091,0.0,0.0,0,0,0,0,0,0,0,0,0.0,0.0,0.00019624367595583967,320000.0
10678520,1,0.0,1.0,0.0,0.0,0.0,1.0,0.0,0.0,0.0,0.0,0.0,0.0,0.0,0.0,0.0,1.0,0.0,0.0,0.1469387755102041,0.1818181818181818,0.09090909090909091,0.0,0.05555555555555555,1,2,0,0,0,0,1,0,0.705,0.0,0.0006465036988264812,695000.0
10678531,1,0.0,1.0,0.0,1.0,0.0,0.0,0.0,0.0,0.0,0.0,0.0,0.0,0.0,0.0,0.0,0.0,1.0,0.0,0.07959183673469389,0.09090909090909091,0.09090909090909091,0.0,0.0,1,0,0,0,0,0,0,1,0.0,0.05,8.986859926949667e-05,399700.0
10678530,1,0.0,1.0,0.0,0.0,0.0,1.0,0.0,0.0,0.0,0.0,0.0,0.0,0.0,0.0,0.0,0.0,0.0,1.0,0.0673469387755102,0.09090909090909091,0.09090909090909091,0.0,0.0,5,6,0,0,0,0,0,1,0.0,0.0,0.0008555857461065347,359000.0
10678543,0,0.0,1.0,0.0,1.0,0.0,0.0,0.0,0.0,0.0,0.0,0.0,0.0,0.0,0.0,0.0,0.0,0.0,1.0,0.2755102040816327,0.1818181818181818,0.18181818181818182,0.0,0.16666666666666666,3,3,1,0,0,0,1,1,0.0,0.0,0.0,875000.0
10678532,0,0.0,1.0,0.0,1.0,0.0,0.0,0.0,0.0,0.0,0.0,0.0,0.0,0.0,0.0,0.0,0.0,1.0,0.0,0.07959183673469389,0.09090909090909091,0.09090909090909091,0.0,0.05555555555555555,1,0,0,0,0,0,0,1,0.0,0.05,0.0,399700.0
10678541,1,0.0,1.0,0.0,0.0,0.0,1.0,0.0,0.0,0.0,0.0,0.0,0.0,0.0,0.0,0.0,0.0,0.0,1.0,0.15918367346938778,0.2727272727272727,0.0,0.0,0.0,2,2,0,0,0,0,0,0,0.0,0.0,0.0002375098694979555,425000.0
10678546,1,0.0,1.0,0.0,0.0,0.0,1.0,0.0,0.0,0.0,0.0,0.0,0.0,0.0,0.0,0.0,1.0,0.0,0.0,0.15612244897959185,0.1818181818181818,0.09090909090909091,0.0,0.05555555555555555,0,5,0,0,0,0,1,0,0.15,0.0,0.00022558852469689982,249000.0
10678544,0,0.0,1.0,0.0,1.0,0.0,0.0,0.0,0.0,0.0,0.0,0.0,0.0,0.0,0.0,0.0,0.0,0.0,1.0,0.07142857142857142,0.09090909090909091,0.09090909090909091,0.0,0.05555555555555555,1,1,0,0,0,0,0,1,0.0,0.0,0.0,316000.0
10678551,1,0.0,1.0,0.0,0.0,0.0,1.0,0.0,0.0,0.0,0.0,0.0,0.0,0.0,0.0,0.0,1.0,0.0,0.0,0.18775510204081636,0.1818181818181818,0.2727272727272727,0.0,0.16666666666666666,2,3,0,0,0,0,1,0,0.05,0.0,8.711751970002229e-05,525000.0
10678545,0,0.0,1.0,0.0,1.0,0.0,0.0,0.0,0.0,0.0,0.0,0.0,0.0,0.0,0.0,0.0,0.0,0.0,1.0,0.07142857142857142,0.09090909090909091,0.09090909090909091,0.0,0.05555555555555555,1,1,0,0,0,0,1,1,0.0,0.0,0.0,365000.0
10678557,1,0.0,1.0,0.0,0.0,0.0,0.0,0.0,0.0,1.0,0.0,0.0,0.0,0.0,0.0,0.0,0.0,0.0,1.0,0.2755102040816327,0.2727272727272727,0.18181818181818182,0.0,0.0,1,2,0,0,1,0,1,0,0.0,0.0,0.002006454032669987,656000.0
10678556,1,0.0,1.0,0.0,0.0,0.0,0.0,0.0,0.0,0.0,0.0,0.0,0.0,0.0,1.0,0.0,0.0,0.0,1.0,0.22959183673469388,0.36363636363636365,0.09090909090909091,0.0,0.16666666666666666,1,3,0,1,0,0,0,0,0.0,0.0,0.001085759403419225,540000.0
10678555,0,0.0,1.0,0.0,0.0,0.0,0.0,0.0,0.0,0.0,0.0,0.0,0.0,0.0,1.0,0.0,0.0,0.0,1.0,0.07959183673469389,0.09090909090909091,0.09090909090909091,0.07142857142857142,0.05555555555555555,1,3,1,0,0,0,1,0,0.0,0.0,0.0,265000.0
10416410,0,0.0,0.0,1.0,0.0,0.0,0.0,0.0,1.0,0.0,0.0,0.0,0.0,0.0,0.0,1.0,0.0,0.0,0.0,0.15306122448979595,0.1818181818181818,0.18181818181818182,0.0,0.1111111111111111,1,2,1,0,0,0,0,0,0.0,0.0,0.0,550000.0
10678559,1,0.0,1.0,0.0,1.0,0.0,0.0,0.0,0.0,0.0,0.0,0.0,0.0,0.0,0.0,0.0,0.0,1.0,0.0,0.16836734693877553,0.1818181818181818,0.09090909090909091,0.0,0.1111111111111111,4,5,0,1,0,0,1,1,0.0,0.0,0.0003035357791653408,339000.0
10678565,0,0.0,1.0,0.0,1.0,0.0,0.0,0.0,0.0,0.0,0.0,0.0,0.0,0.0,0.0,0.0,0.0,1.0,0.0,0.09897959183673471,0.09090909090909091,0.09090909090909091,0.0,0.05555555555555555,3,4,0,1,0,0,0,1,0.0,0.0,0.0,219000.0
10678566,1,0.0,1.0,0.0,0.0,0.0,1.0,0.0,0.0,0.0,0.0,0.0,0.0,0.0,0.0,0.0,0.0,0.0,1.0,0.1326530612244898,0.2727272727272727,0.09090909090909091,0.0,0.05555555555555555,0,5,0,0,0,0,1,0,0.0,0.0,0.0003842341132032562,345000.0
10678560,1,0.0,1.0,0.0,1.0,0.0,0.0,0.0,0.0,0.0,0.0,0.0,0.0,0.0,0.0,0.0,0.0,1.0,0.0,0.09489795918367347,0.1818181818181818,0.09090909090909091,0.0,0.05555555555555555,2,2,0,1,0,0,1,1,0.0,0.0,6.0523750528436535e-05,295000.0
10678558,1,0.0,1.0,0.0,0.0,0.0,0.0,0.0,0.0,0.0,0.0,0.0,0.0,0.0,1.0,0.0,0.0,0.0,1.0,0.2642857142857143,0.09090909090909091,0.09090909090909091,0.0,0.05555555555555555,4,4,0,0,0,0,1,1,0.195,0.4,0.0002558503999611181,259000.0
10678567,0,0.0,1.0,0.0,0.0,0.0,0.0,0.0,0.0,0.0,0.0,0.0,0.0,0.0,1.0,0.0,0.0,0.0,1.0,0.0673469387755102,0.09090909090909091,0.09090909090909091,0.0,0.05555555555555555,0,6,0,0,0,0,0,0,0.0,0.0,0.0,149000.0
10678574,1,0.0,1.0,0.0,0.0,0.0,0.0,0.0,0.0,1.0,0.0,0.0,0.0,0.0,0.0,0.0,0.0,0.0,1.0,0.1795918367346939,0.36363636363636365,0.09090909090909091,0.0,0.0,1,0,0,0,0,0,1,1,0.0,0.0,0.0,365000.0
10678576,0,1.0,0.0,0.0,0.0,1.0,0.0,0.0,0.0,0.0,0.0,0.0,0.0,0.0,0.0,0.0,1.0,0.0,0.0,0.07959183673469389,0.09090909090909091,0.09090909090909091,0.0,0.05555555555555555,0,5,1,0,0,0,0,0,0.0,0.0,0.0,365000.0
10678588,0,0.0,1.0,0.0,1.0,0.0,0.0,0.0,0.0,0.0,0.0,0.0,0.0,0.0,0.0,1.0,0.0,0.0,0.0,0.10204081632653061,0.09090909090909091,0.09090909090909091,0.0,0.05555555555555555,1,2,1,0,0,0,0,0,0.0,0.0,0.0,339000.0
10678596,1,0.0,1.0,0.0,1.0,0.0,0.0,0.0,0.0,0.0,0.0,0.0,0.0,0.0,0.0,0.0,0.0,0.0,1.0,0.09693877551020408,0.1818181818181818,0.09090909090909091,0.07142857142857142,0.05555555555555555,5,6,0,0,0,0,1,0,0.0,0.0,0.000609822637900156,267000.0
10678570,1,0.0,1.0,0.0,0.0,0.0,0.0,0.0,0.0,0.0,0.0,0.0,0.0,0.0,1.0,0.0,0.0,0.0,1.0,0.1275510204081633,0.1818181818181818,0.09090909090909091,0.0,0.0,2,2,0,0,0,0,1,1,0.0,0.0,0.00018615638420110025,229000.0
10678598,0,0.0,1.0,0.0,1.0,0.0,0.0,0.0,0.0,0.0,0.0,0.0,0.0,0.0,0.0,0.0,0.0,0.0,1.0,0.03775510204081633,0.0,0.09090909090909091,0.0,0.0,0,2,0,0,0,0,0,0,0.0,0.0,0.0,159000.0
10678571,1,0.0,1.0,0.0,1.0,0.0,0.0,0.0,0.0,0.0,0.0,0.0,0.0,0.0,0.0,0.0,0.0,0.0,1.0,0.17346938775510207,0.2727272727272727,0.09090909090909091,0.0,0.1111111111111111,0,1,0,0,0,0,0,1,0.0,0.0,0.00033012954833692656,495000.0
10678597,1,0.0,0.0,1.0,0.0,0.0,0.0,0.0,1.0,0.0,0.0,0.0,0.0,0.0,0.0,0.0,0.0,1.0,0.0,0.2836734693877551,0.36363636363636365,0.09090909090909091,0.07142857142857142,0.1111111111111111,1,3,0,0,1,0,1,1,0.0,0.6,0.001375539784737194,469000.0
10678601,1,0.0,1.0,0.0,0.0,0.0,0.0,0.0,0.0,0.0,0.0,0.0,0.0,0.0,1.0,0.0,0.0,1.0,0.0,0.16734693877551024,0.1818181818181818,0.09090909090909091,0.0,0.1111111111111111,0,0,0,0,0,0,1,0,0.0,0.0,0.00022100339208110917,331400.0
10678599,1,0.0,1.0,0.0,1.0,0.0,0.0,0.0,0.0,0.0,0.0,0.0,0.0,0.0,0.0,0.0,0.0,0.0,1.0,0.21938775510204084,0.2727272727272727,0.18181818181818182,0.0,0.1111111111111111,0,0,0,0,0,0,1,0,0.045,0.0,0.00014855829675161696,319000.0
10678602,1,0.0,1.0,0.0,0.0,0.0,0.0,0.0,0.0,0.0,0.0,0.0,0.0,0.0,1.0,0.0,0.0,1.0,0.0,0.21734693877551023,0.1818181818181818,0.09090909090909091,0.0,0.1111111111111111,0,0,0,0,0,0,1,0,0.0,0.0,0.00035305521141587977,402300.0
10678603,1,0.0,1.0,0.0,0.0,0.0,0.0,0.0,0.0,0.0,0.0,0.0,0.0,0.0,1.0,0.0,0.0,1.0,0.0,0.1306122448979592,0.1818181818181818,0.09090909090909091,0.0,0.1111111111111111,0,0,0,0,0,0,0,0,0.0,0.0,0.00025493337343795996,341700.0
10678604,1,0.0,1.0,0.0,0.0,0.0,0.0,0.0,0.0,0.0,0.0,0.0,0.0,0.0,1.0,0.0,0.0,1.0,0.0,0.1469387755102041,0.1818181818181818,0.09090909090909091,0.0,0.1111111111111111,0,0,0,0,0,0,0,0,0.0,0.0,0.0003218763096285034,331400.0
10678605,1,0.0,1.0,0.0,0.0,0.0,0.0,0.0,0.0,0.0,0.0,0.0,0.0,0.0,1.0,0.0,0.0,1.0,0.0,0.1306122448979592,0.1818181818181818,0.09090909090909091,0.0,0.1111111111111111,0,0,0,0,0,0,0,0,0.0,0.0,0.0003246273891979778,356700.0
10678607,1,0.0,1.0,0.0,0.0,0.0,0.0,0.0,0.0,0.0,0.0,0.0,0.0,0.0,1.0,0.0,0.0,0.0,1.0,0.12448979591836737,0.1818181818181818,0.09090909090909091,0.0,0.0,0,0,0,0,0,0,0,0,0.0,0.0,0.00021091610032636975,378910.0
10678606,1,0.0,1.0,0.0,0.0,0.0,0.0,0.0,0.0,0.0,0.0,0.0,0.0,0.0,1.0,0.0,0.0,0.0,1.0,0.12551020408163266,0.1818181818181818,0.09090909090909091,0.0,0.0,0,0,0,0,0,0,0,0,0.0,0.0,0.00021091610032636975,391500.0
10678610,1,0.0,1.0,0.0,0.0,0.0,0.0,0.0,0.0,0.0,0.0,0.0,0.0,0.0,1.0,0.0,0.0,0.0,1.0,0.23367346938775516,0.1818181818181818,0.09090909090909091,0.0,0.05555555555555555,5,6,0,0,0,0,1,1,0.0,0.0,0.0011050169604055458,355000.0
10678609,1,0.0,1.0,0.0,0.0,0.0,0.0,0.0,0.0,0.0,0.0,0.0,0.0,0.0,1.0,0.0,0.0,0.0,1.0,0.16836734693877553,0.2727272727272727,0.18181818181818182,0.0,0.1111111111111111,0,0,0,0,0,0,0,0,0.0,0.0,0.0003227933361516615,484500.0
10678611,1,0.0,1.0,0.0,0.0,0.0,0.0,0.0,0.0,0.0,0.0,0.0,0.0,0.0,1.0,0.0,0.0,0.0,1.0,0.14285714285714288,0.1818181818181818,0.09090909090909091,0.0,0.1111111111111111,0,0,0,0,0,0,0,0,0.0,0.0,0.00018615638420110025,375500.0
10678612,1,0.0,1.0,0.0,0.0,0.0,0.0,0.0,0.0,0.0,0.0,0.0,0.0,0.0,1.0,0.0,0.0,0.0,1.0,0.1642857142857143,0.1818181818181818,0.09090909090909091,0.0,0.1111111111111111,0,0,0,0,0,0,0,0,0.0,0.0,0.00023109068383584858,411000.0
10678615,1,0.0,0.0,1.0,0.0,0.0,0.0,0.0,0.0,0.0,0.0,0.0,0.0,1.0,0.0,0.0,0.0,0.0,1.0,0.26224489795918365,0.2727272727272727,0.18181818181818182,0.0,0.0,0,0,0,0,0,0,0,0,0.0,0.0,0.001375539784737194,890500.0
10678614,1,0.0,1.0,0.0,0.0,0.0,0.0,0.0,0.0,0.0,0.0,0.0,0.0,0.0,1.0,0.0,0.0,0.0,1.0,0.3846938775510204,0.4545454545454545,0.09090909090909091,0.0,0.05555555555555555,1,2,0,0,0,0,1,0,0.0,0.0,0.000716197714586499,498000.0
10678613,1,0.0,0.0,1.0,0.0,0.0,0.0,0.0,0.0,0.0,0.0,0.0,0.0,1.0,0.0,0.0,0.0,0.0,1.0,0.26326530612244897,0.2727272727272727,0.18181818181818182,0.0,0.0,0,0,0,0,0,0,0,0,0.0,0.0,0.0016286391051288378,900500.0
10678626,1,0.0,1.0,0.0,1.0,0.0,0.0,0.0,0.0,0.0,0.0,0.0,0.0,0.0,0.0,0.0,0.0,1.0,0.0,0.1285714285714286,0.1818181818181818,0.09090909090909091,0.0,0.1111111111111111,2,2,0,0,0,0,0,1,0.0,0.0,0.00028886335479481076,370000.0
10678632,0,0.0,1.0,0.0,0.0,0.0,0.0,0.0,0.0,0.0,0.0,0.0,0.0,0.0,1.0,0.0,0.0,0.0,1.0,0.09285714285714286,0.1818181818181818,0.09090909090909091,0.0,0.0,0,5,0,0,0,0,1,0,0.0,0.0,0.0,298000.0
10678625,0,0.0,1.0,0.0,0.0,0.0,1.0,0.0,0.0,0.0,0.0,0.0,0.0,0.0,0.0,1.0,0.0,0.0,0.0,0.07142857142857142,0.09090909090909091,0.09090909090909091,0.0,0.05555555555555555,1,5,0,0,0,0,0,0,0.0,0.0,0.0,369000.0
10678633,0,0.0,0.0,1.0,0.0,0.0,0.0,0.0,0.0,0.0,0.0,0.0,0.0,1.0,0.0,0.0,0.0,1.0,0.0,0.0653061224489796,0.09090909090909091,0.09090909090909091,0.0,0.05555555555555555,0,2,1,0,0,0,0,0,0.0,0.0,0.0,308000.0
10678637,0,0.0,1.0,0.0,1.0,0.0,0.0,0.0,0.0,0.0,0.0,0.0,0.0,0.0,0.0,0.0,1.0,0.0,0.0,0.07448979591836735,0.1818181818181818,0.09090909090909091,0.0,0.0,0,4,0,0,0,0,1,1,0.0,0.06,0.0,285000.0
10678631,0,0.0,1.0,0.0,0.0,0.0,0.0,0.0,0.0,0.0,0.0,0.0,0.0,0.0,1.0,0.0,0.0,0.0,1.0,0.1142857142857143,0.2727272727272727,0.18181818181818182,0.0,0.16666666666666666,0,0,0,0,0,0,0,0,0.0,0.0,0.0,748000.0
10678636,0,0.0,1.0,0.0,0.0,0.0,0.0,0.0,0.0,0.0,0.0,0.0,0.0,0.0,1.0,0.0,0.0,0.0,1.0,0.05306122448979592,0.0,0.09090909090909091,0.0,0.05555555555555555,3,0,0,0,0,0,1,0,0.032,0.0,0.0,246500.0
10678638,0,0.0,0.0,1.0,0.0,0.0,0.0,0.0,0.0,0.0,1.0,0.0,0.0,0.0,0.0,0.0,0.0,1.0,0.0,0.06326530612244899,0.09090909090909091,0.09090909090909091,0.0,0.05555555555555555,0,0,1,0,0,0,0,1,0.0,0.02,0.0,271605.0
10678640,0,0.0,0.0,1.0,0.0,0.0,0.0,0.0,0.0,0.0,1.0,0.0,0.0,0.0,0.0,0.0,0.0,1.0,0.0,0.0653061224489796,0.09090909090909091,0.09090909090909091,0.0,0.05555555555555555,0,0,1,0,0,0,0,0,0.0,0.0,0.0,278299.0
10678639,0,0.0,0.0,1.0,0.0,0.0,0.0,0.0,0.0,0.0,1.0,0.0,0.0,0.0,0.0,0.0,0.0,1.0,0.0,0.06326530612244899,0.09090909090909091,0.09090909090909091,0.0,0.05555555555555555,0,0,1,0,0,0,0,1,0.0,0.03,0.0,273262.0
10678644,0,0.0,1.0,0.0,0.0,0.0,0.0,0.0,0.0,0.0,0.0,0.0,0.0,0.0,1.0,0.0,0.0,1.0,0.0,0.051020408163265314,0.09090909090909091,0.09090909090909091,0.0,0.05555555555555555,1,5,0,0,0,0,1,0,0.0,0.0,0.0,149000.0
10678646,1,0.0,1.0,0.0,0.0,0.0,1.0,0.0,0.0,0.0,0.0,0.0,0.0,0.0,0.0,0.0,0.0,0.0,1.0,0.06938775510204082,0.0,0.09090909090909091,0.0,0.0,0,1,1,0,0,0,0,1,0.0,0.0,0.010456853443572148,510000.0
10678645,1,0.0,1.0,0.0,0.0,0.0,0.0,0.0,0.0,1.0,0.0,0.0,0.0,0.0,0.0,0.0,0.0,0.0,1.0,0.1438775510204082,0.1818181818181818,0.18181818181818182,0.0,0.16666666666666666,0,4,0,0,0,0,1,0,0.0,0.0,0.011394971576762915,549000.0
10678647,0,0.0,1.0,0.0,0.0,0.0,1.0,0.0,0.0,0.0,0.0,0.0,0.0,0.0,0.0,1.0,0.0,0.0,0.0,0.09489795918367347,0.1818181818181818,0.09090909090909091,0.0,0.05555555555555555,2,4,1,0,0,0,1,1,0.0,0.1,0.0,378000.0
10678650,0,1.0,0.0,0.0,0.0,1.0,0.0,0.0,0.0,0.0,0.0,0.0,0.0,0.0,0.0,0.0,1.0,0.0,0.0,0.051020408163265314,0.0,0.09090909090909091,0.0,0.0,3,7,0,0,0,0,0,1,0.0,0.05,0.0,175000.0
10678651,0,0.0,1.0,0.0,0.0,0.0,0.0,0.0,0.0,0.0,0.0,0.0,0.0,0.0,1.0,0.0,0.0,0.0,1.0,0.07040816326530613,0.09090909090909091,0.0,0.0,0.05555555555555555,1,4,0,0,0,0,0,0,0.0,0.0,0.0,137500.0
10678649,1,0.0,0.0,1.0,0.0,0.0,0.0,0.0,0.0,0.0,1.0,0.0,0.0,0.0,0.0,0.0,0.0,1.0,0.0,0.0816326530612245,0.1818181818181818,0.0,0.0,0.0,0,4,0,0,0,0,0,0,0.0,0.0,5.0436458773697115e-05,149000.0
10678652,0,0.0,1.0,0.0,0.0,0.0,0.0,0.0,0.0,0.0,0.0,0.0,0.0,0.0,1.0,0.0,0.0,0.0,1.0,0.07040816326530613,0.09090909090909091,0.0,0.0,0.05555555555555555,1,4,0,0,0,0,0,1,0.0,0.0,0.0,154500.0
10678654,0,0.0,1.0,0.0,0.0,0.0,0.0,0.0,0.0,0.0,0.0,0.0,0.0,0.0,1.0,0.0,0.0,0.0,1.0,0.08775510204081632,0.09090909090909091,0.0,0.0,0.05555555555555555,1,3,0,0,0,0,0,1,0.0,0.0,0.0,149500.0
10678661,0,0.0,1.0,0.0,1.0,0.0,0.0,0.0,0.0,0.0,0.0,0.0,0.0,0.0,0.0,0.0,0.0,0.0,1.0,0.11836734693877551,0.09090909090909091,0.09090909090909091,0.0,0.1111111111111111,0,4,0,0,0,0,0,0,0.0,0.0,0.0,299000.0
10678662,1,0.0,1.0,0.0,0.0,0.0,0.0,1.0,0.0,0.0,0.0,0.0,0.0,0.0,0.0,0.0,0.0,0.0,1.0,0.2255102040816327,0.36363636363636365,0.09090909090909091,0.0,0.16666666666666666,0,3,0,0,1,0,0,0,0.0,0.0,0.0012664136284813766,748000.0
10678664,1,0.0,1.0,0.0,0.0,0.0,0.0,1.0,0.0,0.0,0.0,0.0,0.0,0.0,0.0,0.0,0.0,0.0,1.0,0.2306122448979592,0.1818181818181818,0.09090909090909091,0.0,0.1111111111111111,5,6,0,0,0,0,1,1,0.0,0.0,0.001013314308089733,390000.0
10678665,1,0.0,1.0,0.0,0.0,0.0,0.0,1.0,0.0,0.0,0.0,0.0,0.0,0.0,0.0,0.0,0.0,0.0,1.0,0.1948979591836735,0.2727272727272727,0.09090909090909091,0.0,0.1111111111111111,0,0,0,0,0,0,0,0,0.0,0.0,0.000475019738995911,399000.0
10678670,1,0.0,1.0,0.0,1.0,0.0,0.0,0.0,0.0,0.0,0.0,0.0,0.0,0.0,0.0,0.0,0.0,0.0,1.0,0.17142857142857146,0.2727272727272727,0.09090909090909091,0.0,0.1111111111111111,0,0,0,0,0,0,0,0,0.0,0.0,0.00027969308956322947,394000.0
10678668,1,0.0,1.0,0.0,1.0,0.0,0.0,0.0,0.0,0.0,0.0,0.0,0.0,0.0,0.0,0.0,0.0,0.0,1.0,0.15612244897959185,0.1818181818181818,0.09090909090909091,0.0,0.0,5,6,0,0,0,0,1,0,0.0,0.0,0.0015681153546004013,395000.0
10678671,1,0.0,1.0,0.0,1.0,0.0,0.0,0.0,0.0,0.0,0.0,0.0,0.0,0.0,0.0,0.0,0.0,0.0,1.0,0.22142857142857145,0.2727272727272727,0.09090909090909091,0.0,0.1111111111111111,0,5,0,0,0,0,1,0,0.0,0.0,0.00018340530463162587,288000.0
10678666,1,0.0,1.0,0.0,1.0,0.0,0.0,0.0,0.0,0.0,0.0,0.0,0.0,0.0,0.0,0.0,0.0,0.0,1.0,0.1326530612244898,0.09090909090909091,0.09090909090909091,0.0,0.05555555555555555,4,6,0,0,0,0,0,1,0.0,0.0,0.001119689384776076,295000.0
10547602,1,0.0,0.0,1.0,0.0,0.0,0.0,0.0,0.0,0.0,1.0,0.0,0.0,0.0,0.0,0.0,0.0,0.0,1.0,0.4622448979591837,0.2727272727272727,0.2727272727272727,0.14285714285714285,0.2777777777777778,1,4,0,0,1,0,0,1,0.0,1.0,0.003189418247543974,1890000.0
10678673,1,0.0,1.0,0.0,1.0,0.0,0.0,0.0,0.0,0.0,0.0,0.0,0.0,0.0,0.0,0.0,0.0,0.0,1.0,0.25816326530612244,0.1818181818181818,0.09090909090909091,0.0,0.1111111111111111,5,6,0,0,0,0,0,1,0.0,0.0,0.0002090820472800535,395000.0
10416533,0,0.0,1.0,0.0,1.0,0.0,0.0,0.0,0.0,0.0,0.0,0.0,0.0,0.0,0.0,0.0,0.0,1.0,0.0,0.07142857142857142,0.1818181818181818,0.09090909090909091,0.0,0.0,0,3,0,0,0,0,0,1,0.0,0.0,0.0,189000.0
10678675,0,0.0,1.0,0.0,1.0,0.0,0.0,0.0,0.0,0.0,0.0,0.0,0.0,0.0,0.0,0.0,0.0,0.0,1.0,0.1438775510204082,0.1818181818181818,0.09090909090909091,0.0,0.05555555555555555,0,6,0,0,0,0,1,1,0.0,0.0,0.0,298000.0
10678679,1,0.0,1.0,0.0,1.0,0.0,0.0,0.0,0.0,0.0,0.0,0.0,0.0,0.0,0.0,0.0,0.0,0.0,1.0,0.2122448979591837,0.1818181818181818,0.09090909090909091,0.0,0.05555555555555555,0,6,0,0,0,0,1,0,0.0,0.0,0.00047960487161170166,325000.0
10678674,1,0.0,1.0,0.0,0.0,0.0,0.0,1.0,0.0,0.0,0.0,0.0,0.0,0.0,0.0,0.0,0.0,0.0,1.0,0.6346938775510205,0.36363636363636365,0.09090909090909091,0.0,0.1111111111111111,0,4,0,0,0,0,0,1,0.0,0.0,0.010786982991909076,1490000.0
10678689,0,0.0,1.0,0.0,0.0,0.0,0.0,1.0,0.0,0.0,0.0,0.0,0.0,0.0,0.0,0.0,0.0,0.0,1.0,0.06836734693877553,0.09090909090909091,0.09090909090909091,0.0,0.1111111111111111,0,0,1,0,0,0,0,1,0.0,0.05,0.0,282000.0
10678682,1,0.0,1.0,0.0,1.0,0.0,0.0,0.0,0.0,0.0,0.0,0.0,0.0,0.0,0.0,0.0,0.0,0.0,1.0,0.10102040816326532,0.09090909090909091,0.09090909090909091,0.0,0.1111111111111111,0,2,0,0,0,0,1,1,0.0,0.0,8.069833403791538e-05,349000.0
10678691,0,0.0,1.0,0.0,0.0,0.0,0.0,1.0,0.0,0.0,0.0,0.0,0.0,0.0,0.0,0.0,0.0,0.0,1.0,0.06836734693877553,0.09090909090909091,0.09090909090909091,0.0,0.1111111111111111,0,0,1,0,0,0,1,1,0.041,0.49,0.0,305000.0
10678690,0,0.0,1.0,0.0,0.0,0.0,0.0,1.0,0.0,0.0,0.0,0.0,0.0,0.0,0.0,0.0,0.0,0.0,1.0,0.07653061224489796,0.09090909090909091,0.09090909090909091,0.0,0.05555555555555555,0,0,1,0,0,0,0,1,0.0,0.05,0.0,307500.0
10678702,0,0.0,1.0,0.0,0.0,0.0,0.0,0.0,0.0,0.0,0.0,0.0,0.0,0.0,1.0,0.0,0.0,1.0,0.0,0.042857142857142864,0.0,0.09090909090909091,0.0,0.05555555555555555,0,2,1,0,0,0,0,0,0.0,0.0,0.0,169000.0
10678692,0,0.0,1.0,0.0,0.0,0.0,0.0,1.0,0.0,0.0,0.0,0.0,0.0,0.0,0.0,0.0,0.0,0.0,1.0,0.07653061224489796,0.09090909090909091,0.09090909090909091,0.0,0.05555555555555555,0,0,1,0,0,0,1,1,0.064,0.41000000000000003,0.0,335000.0
10678704,1,0.0,1.0,0.0,0.0,0.0,0.0,0.0,0.0,1.0,0.0,0.0,0.0,0.0,0.0,0.0,0.0,0.0,1.0,0.14489795918367349,0.1818181818181818,0.09090909090909091,0.0,0.0,5,5,0,0,0,0,0,0,0.0,0.0,0.0,275000.0
10678703,0,0.0,1.0,0.0,0.0,0.0,0.0,0.0,0.0,0.0,0.0,0.0,0.0,0.0,1.0,0.0,0.0,1.0,0.0,0.042857142857142864,0.0,0.09090909090909091,0.0,0.05555555555555555,0,2,1,0,0,0,0,0,0.0,0.0,0.0,169000.0
10547631,1,0.0,0.0,1.0,0.0,0.0,0.0,0.0,0.0,0.0,1.0,0.0,0.0,0.0,0.0,0.0,0.0,0.0,1.0,0.1622448979591837,0.1818181818181818,0.09090909090909091,0.07142857142857142,0.1111111111111111,0,0,0,0,0,0,1,1,0.112,0.65,0.00023567581645163923,275000.0
10678713,0,0.0,1.0,0.0,0.0,0.0,1.0,0.0,0.0,0.0,0.0,0.0,0.0,0.0,0.0,0.0,0.0,0.0,1.0,0.057142857142857155,0.09090909090909091,0.09090909090909091,0.0,0.05555555555555555,0,0,1,0,0,0,1,1,0.0,0.0,0.0,255000.0
10678714,0,0.0,1.0,0.0,0.0,0.0,1.0,0.0,0.0,0.0,0.0,0.0,0.0,0.0,0.0,0.0,1.0,0.0,0.0,0.06428571428571428,0.09090909090909091,0.09090909090909091,0.0,0.05555555555555555,0,0,0,0,0,0,0,1,0.0,0.13,0.0,245000.0
10678717,1,0.0,0.0,1.0,0.0,0.0,0.0,0.0,1.0,0.0,0.0,0.0,0.0,0.0,0.0,0.0,0.0,0.0,1.0,0.04081632653061225,0.09090909090909091,0.09090909090909091,0.07142857142857142,0.05555555555555555,3,5,0,0,1,0,1,1,0.19,0.15,0.00022925663078953234,75000.0
10678722,0,0.0,0.0,1.0,0.0,0.0,0.0,0.0,0.0,0.0,1.0,0.0,0.0,0.0,0.0,0.0,0.0,0.0,1.0,0.06224489795918368,0.09090909090909091,0.09090909090909091,0.0,0.05555555555555555,0,1,1,1,0,0,0,1,0.0,0.1,0.0,261000.0
10678721,0,0.0,0.0,1.0,0.0,0.0,0.0,0.0,0.0,0.0,1.0,0.0,0.0,0.0,0.0,0.0,0.0,0.0,1.0,0.06938775510204082,0.09090909090909091,0.09090909090909091,0.0,0.05555555555555555,0,1,1,1,0,0,0,1,0.0,0.15,0.0,285000.0
10678723,0,0.0,0.0,1.0,0.0,0.0,0.0,0.0,0.0,0.0,1.0,0.0,0.0,0.0,0.0,0.0,0.0,0.0,1.0,0.07959183673469389,0.09090909090909091,0.09090909090909091,0.0,0.05555555555555555,0,1,1,1,0,0,0,1,0.0,0.14,0.0,304000.0
10678720,0,0.0,0.0,1.0,0.0,0.0,0.0,0.0,0.0,0.0,1.0,0.0,0.0,0.0,0.0,0.0,0.0,0.0,1.0,0.05204081632653062,0.0,0.09090909090909091,0.0,0.05555555555555555,0,1,1,1,0,0,0,1,0.0,0.1,0.0,224000.0
10678718,1,0.0,1.0,0.0,0.0,0.0,0.0,0.0,0.0,1.0,0.0,0.0,0.0,0.0,0.0,0.0,0.0,1.0,0.0,0.17040816326530614,0.2727272727272727,0.09090909090909091,0.0,0.05555555555555555,2,6,0,0,0,0,1,0,0.0,0.0,0.000935367053621292,489000.0
10678724,0,0.0,0.0,1.0,0.0,0.0,0.0,0.0,0.0,0.0,1.0,0.0,0.0,0.0,0.0,0.0,0.0,0.0,1.0,0.05204081632653062,0.0,0.09090909090909091,0.0,0.05555555555555555,0,1,1,1,0,0,0,1,0.0,0.1,0.0,228000.0
10678725,0,0.0,0.0,1.0,0.0,0.0,0.0,0.0,0.0,0.0,1.0,0.0,0.0,0.0,0.0,0.0,0.0,0.0,1.0,0.06938775510204082,0.09090909090909091,0.09090909090909091,0.0,0.05555555555555555,0,1,1,1,0,0,0,1,0.0,0.15,0.0,280000.0
10678726,0,0.0,0.0,1.0,0.0,0.0,0.0,0.0,0.0,0.0,1.0,0.0,0.0,0.0,0.0,0.0,0.0,0.0,1.0,0.06224489795918368,0.09090909090909091,0.09090909090909091,0.0,0.05555555555555555,0,1,1,1,0,0,0,1,0.0,0.1,0.0,253000.0
10678727,0,0.0,0.0,1.0,0.0,0.0,0.0,0.0,0.0,0.0,1.0,0.0,0.0,0.0,0.0,0.0,0.0,0.0,1.0,0.07959183673469389,0.09090909090909091,0.09090909090909091,0.0,0.05555555555555555,0,1,1,1,0,0,0,1,0.0,0.16,0.0,309000.0
10678749,1,0.0,1.0,0.0,0.0,0.0,0.0,0.0,0.0,0.0,0.0,0.0,0.0,0.0,1.0,0.0,0.0,1.0,0.0,0.163265306122449,0.1818181818181818,0.09090909090909091,0.0,0.0,4,5,0,0,0,0,1,1,0.065,0.3,0.00021091610032636975,190000.0
10678752,1,0.0,1.0,0.0,0.0,0.0,0.0,1.0,0.0,0.0,0.0,0.0,0.0,0.0,0.0,1.0,0.0,0.0,0.0,0.06938775510204082,0.09090909090909091,0.0,0.0,0.0,0,5,1,0,0,0,0,0,0.0,0.0,0.0,375000.0
10678751,0,0.0,1.0,0.0,0.0,0.0,0.0,0.0,0.0,0.0,0.0,0.0,0.0,0.0,1.0,0.0,0.0,0.0,1.0,0.020408163265306124,0.0,0.09090909090909091,0.0,0.0,4,4,1,0,0,0,0,1,0.0,0.0,0.0,175000.0
10678753,1,0.0,1.0,0.0,0.0,0.0,0.0,1.0,0.0,0.0,0.0,0.0,0.0,0.0,0.0,1.0,0.0,0.0,0.0,0.1275510204081633,0.1818181818181818,0.0,0.0,0.0,0,3,0,0,0,0,0,0,0.0,0.0,5.7772670958962145e-05,580000.0
10678754,1,0.0,1.0,0.0,0.0,0.0,0.0,1.0,0.0,0.0,0.0,0.0,0.0,0.0,0.0,1.0,0.0,0.0,0.0,0.1469387755102041,0.6363636363636364,0.18181818181818182,0.0,0.05555555555555555,0,4,0,0,0,0,0,1,0.0,0.06,5.960672400527841e-05,710000.0
10678756,0,0.0,1.0,0.0,0.0,0.0,0.0,0.0,0.0,0.0,0.0,0.0,0.0,0.0,1.0,1.0,0.0,0.0,0.0,0.07142857142857142,0.1818181818181818,0.09090909090909091,0.0,0.0,1,2,0,0,0,0,1,1,0.0,0.0,0.0,330000.0
10678755,0,0.0,1.0,0.0,0.0,0.0,0.0,0.0,0.0,0.0,0.0,0.0,0.0,0.0,1.0,0.0,0.0,0.0,1.0,0.07959183673469389,0.09090909090909091,0.09090909090909091,0.0,0.1111111111111111,1,2,0,0,0,0,0,1,0.0,0.0,0.0,325000.0
10678757,0,0.0,1.0,0.0,0.0,0.0,0.0,0.0,0.0,0.0,0.0,0.0,0.0,0.0,1.0,0.0,0.0,0.0,1.0,0.10204081632653061,0.09090909090909091,0.0,0.0,0.0,2,4,0,0,0,0,0,0,0.0,0.0,0.0,210000.0
10678762,1,0.0,1.0,0.0,0.0,0.0,1.0,0.0,0.0,0.0,0.0,0.0,0.0,0.0,0.0,0.0,0.0,1.0,0.0,0.16836734693877553,0.1818181818181818,0.09090909090909091,0.0,0.05555555555555555,5,6,0,0,0,0,1,0,0.0,0.0,0.00022925663078953234,220000.0
10678766,1,0.0,1.0,0.0,0.0,0.0,0.0,0.0,0.0,0.0,0.0,0.0,0.0,0.0,1.0,0.0,0.0,1.0,0.0,0.13673469387755105,0.2727272727272727,0.09090909090909091,0.0,0.0,2,2,0,0,0,0,1,1,0.0,0.1,6.602590966738531e-05,299000.0
10678765,1,1.0,0.0,0.0,0.0,1.0,0.0,0.0,0.0,0.0,0.0,0.0,0.0,0.0,0.0,0.0,0.0,0.0,1.0,0.2448979591836735,0.1818181818181818,0.0,0.0,0.0,5,0,0,0,0,0,0,0,0.0,0.0,0.0002751079569474388,895000.0
10678775,1,0.0,1.0,0.0,0.0,0.0,0.0,1.0,0.0,0.0,0.0,0.0,0.0,0.0,0.0,0.0,0.0,0.0,1.0,0.10408163265306122,0.09090909090909091,0.09090909090909091,0.0,0.05555555555555555,4,6,0,0,0,0,1,0,0.0,0.0,0.00026960579780849,235000.0
10678779,1,0.0,1.0,0.0,1.0,0.0,0.0,0.0,0.0,0.0,0.0,0.0,0.0,0.0,0.0,0.0,0.0,0.0,1.0,0.20102040816326533,0.1818181818181818,0.09090909090909091,0.0,0.1111111111111111,1,1,0,0,0,0,1,0,0.0,0.0,0.00326002928982715,469000.0
10678781,1,0.0,1.0,0.0,1.0,0.0,0.0,0.0,0.0,0.0,0.0,0.0,0.0,0.0,0.0,0.0,0.0,0.0,1.0,0.20408163265306126,0.36363636363636365,0.09090909090909091,0.0,0.1111111111111111,1,2,0,0,1,0,1,1,0.0,0.0,0.0007033593432622852,475000.0
10678768,0,0.0,1.0,0.0,0.0,0.0,1.0,0.0,0.0,0.0,0.0,0.0,0.0,0.0,0.0,0.0,0.0,0.0,1.0,0.0979591836734694,0.09090909090909091,0.09090909090909091,0.0,0.05555555555555555,1,0,1,0,0,0,0,1,0.0,0.0,0.0,351356.0
10678780,1,0.0,1.0,0.0,1.0,0.0,0.0,0.0,0.0,0.0,0.0,0.0,0.0,0.0,0.0,0.0,0.0,1.0,0.0,0.15612244897959185,0.1818181818181818,0.09090909090909091,0.0,0.1111111111111111,1,2,0,0,0,0,1,1,0.0,0.0,0.001304928742454018,465000.0
10678782,1,0.0,1.0,0.0,1.0,0.0,0.0,0.0,0.0,0.0,0.0,0.0,0.0,0.0,0.0,0.0,0.0,0.0,1.0,0.20714285714285716,0.1818181818181818,0.09090909090909091,0.0,0.0,4,3,0,0,0,0,1,0,0.0,0.0,0.0007510447224665079,339000.0
10678784,1,0.0,1.0,0.0,1.0,0.0,0.0,0.0,0.0,0.0,0.0,0.0,0.0,0.0,0.0,0.0,0.0,1.0,0.0,0.20000000000000004,0.1818181818181818,0.09090909090909091,0.0,0.05555555555555555,0,2,0,0,0,0,0,0,0.0,0.0,0.00026685471823901564,449000.0
10678787,0,0.0,1.0,0.0,0.0,0.0,0.0,0.0,0.0,0.0,0.0,0.0,0.0,0.0,1.0,0.0,0.0,1.0,0.0,0.09387755102040818,0.1818181818181818,0.2727272727272727,0.0,0.16666666666666666,1,2,1,0,0,0,1,1,0.0,0.0,0.0,185500.0
10678788,0,0.0,1.0,0.0,0.0,0.0,0.0,0.0,0.0,0.0,0.0,0.0,0.0,0.0,1.0,0.0,0.0,1.0,0.0,0.015306122448979595,0.0,0.09090909090909091,0.0,0.05555555555555555,1,3,1,0,0,0,1,1,0.0,0.0,0.0,92000.0
10678789,0,0.0,1.0,0.0,0.0,0.0,0.0,0.0,0.0,0.0,0.0,0.0,0.0,0.0,1.0,0.0,0.0,1.0,0.0,0.018367346938775515,0.0,0.09090909090909091,0.0,0.0,1,2,1,0,0,0,1,1,0.0,0.0,0.0,93500.0
10678790,0,0.0,1.0,0.0,0.0,0.0,0.0,0.0,0.0,0.0,0.0,0.0,0.0,0.0,1.0,0.0,0.0,1.0,0.0,0.051020408163265314,0.09090909090909091,0.09090909090909091,0.07142857142857142,0.05555555555555555,0,0,1,0,0,0,0,1,0.0,0.0,0.0,595000.0
10547723,1,0.0,1.0,0.0,0.0,0.0,0.0,1.0,0.0,0.0,0.0,0.0,0.0,0.0,0.0,0.0,0.0,1.0,0.0,0.163265306122449,0.09090909090909091,0.09090909090909091,0.0,0.1111111111111111,3,3,0,0,0,0,1,1,0.25,0.2,0.00030720388525797335,270000.0
10678801,1,0.0,1.0,0.0,0.0,0.0,0.0,0.0,0.0,0.0,0.0,0.0,0.0,0.0,1.0,0.0,0.0,0.0,1.0,0.5459183673469388,0.2727272727272727,0.0,0.0,0.0,1,3,0,0,0,0,1,0,0.0,0.0,0.0016818266434720092,785000.0
10678800,0,0.0,1.0,0.0,1.0,0.0,0.0,0.0,0.0,0.0,0.0,0.0,0.0,0.0,0.0,0.0,0.0,1.0,0.0,0.17040816326530614,0.1818181818181818,0.09090909090909091,0.0,0.0,0,0,0,0,0,0,0,1,0.0,0.31,0.0,999000.0
10678802,1,0.0,1.0,0.0,0.0,0.0,0.0,0.0,0.0,1.0,0.0,0.0,0.0,0.0,0.0,0.0,0.0,1.0,0.0,0.20510204081632655,0.36363636363636365,0.2727272727272727,0.0,0.16666666666666666,0,0,0,0,0,0,1,1,0.074,0.16,0.00026043553257690873,355000.0
10678805,1,1.0,0.0,0.0,0.0,1.0,0.0,0.0,0.0,0.0,0.0,0.0,0.0,0.0,0.0,0.0,1.0,0.0,0.0,0.2857142857142857,0.4545454545454545,0.4545454545454546,0.3571428571428571,0.2777777777777778,3,7,0,0,0,0,1,0,0.02,0.0,0.00022925663078953234,795000.0
10547728,1,0.0,1.0,0.0,0.0,0.0,1.0,0.0,0.0,0.0,0.0,0.0,0.0,0.0,0.0,0.0,0.0,0.0,1.0,0.1510204081632653,0.2727272727272727,0.18181818181818182,0.0,0.1111111111111111,0,3,0,0,0,0,1,1,0.21,0.0,0.0002475971612526949,459000.0
10678809,1,0.0,1.0,0.0,1.0,0.0,0.0,0.0,0.0,0.0,0.0,0.0,0.0,0.0,0.0,0.0,1.0,0.0,0.0,0.2091836734693878,0.36363636363636365,0.18181818181818182,0.0,0.05555555555555555,2,4,0,1,0,0,1,0,0.1,0.0,0.0,535000.0
10678808,1,0.0,1.0,0.0,1.0,0.0,0.0,0.0,0.0,0.0,0.0,0.0,0.0,0.0,0.0,0.0,1.0,0.0,0.0,0.2091836734693878,0.36363636363636365,0.18181818181818182,0.0,0.05555555555555555,2,4,0,1,0,0,1,0,0.1,0.0,0.0,535000.0
10678812,1,0.0,1.0,0.0,1.0,0.0,0.0,0.0,0.0,0.0,0.0,0.0,0.0,0.0,0.0,0.0,0.0,0.0,1.0,0.2785714285714286,0.6363636363636364,0.09090909090909091,0.07142857142857142,0.1111111111111111,2,5,0,1,0,0,1,0,0.23700000000000002,0.0,0.00039890653757378625,499000.0
10678813,1,0.0,1.0,0.0,1.0,0.0,0.0,0.0,0.0,0.0,0.0,0.0,0.0,0.0,0.0,0.0,0.0,0.0,1.0,0.16836734693877553,0.1818181818181818,0.18181818181818182,0.07142857142857142,0.16666666666666666,3,2,0,1,0,0,1,1,0.065,0.15,0.00017331801287688646,499000.0
10678811,0,0.0,1.0,0.0,1.0,0.0,0.0,0.0,0.0,0.0,0.0,0.0,0.0,0.0,0.0,0.0,1.0,0.0,0.0,0.10204081632653061,0.1818181818181818,0.09090909090909091,0.0,0.1111111111111111,2,2,1,1,0,0,1,1,0.0,0.02,0.0,359000.0
10678810,1,0.0,1.0,0.0,1.0,0.0,0.0,0.0,0.0,0.0,0.0,0.0,0.0,0.0,0.0,0.0,1.0,0.0,0.0,0.20612244897959187,0.1818181818181818,0.2727272727272727,0.0,0.16666666666666666,5,4,0,1,0,0,1,0,0.0,0.0,0.00011462831539476617,379000.0
10678815,0,1.0,0.0,0.0,0.0,1.0,0.0,0.0,0.0,0.0,0.0,0.0,0.0,0.0,0.0,0.0,0.0,1.0,0.0,0.1326530612244898,0.2727272727272727,0.18181818181818182,0.07142857142857142,0.1111111111111111,3,3,1,0,0,0,0,1,0.0,0.09,0.0,595000.0
10678825,0,1.0,0.0,0.0,0.0,1.0,0.0,0.0,0.0,0.0,0.0,0.0,0.0,0.0,0.0,0.0,1.0,0.0,0.0,0.29081632653061223,0.1818181818181818,0.2727272727272727,0.0,0.16666666666666666,0,4,1,0,0,0,0,1,0.0,1.0,0.0,3324000.0
10678824,0,1.0,0.0,0.0,0.0,1.0,0.0,0.0,0.0,0.0,0.0,0.0,0.0,0.0,0.0,0.0,1.0,0.0,0.0,0.07653061224489796,0.09090909090909091,0.09090909090909091,0.0,0.05555555555555555,1,7,1,0,0,0,0,1,0.0,0.23,0.0,269000.0
10678816,0,0.0,1.0,0.0,1.0,0.0,0.0,0.0,0.0,0.0,0.0,0.0,0.0,0.0,0.0,0.0,0.0,0.0,1.0,0.0673469387755102,0.09090909090909091,0.09090909090909091,0.0,0.05555555555555555,5,3,1,1,0,0,0,1,0.0,0.0,0.0,199000.0
10678827,0,1.0,0.0,0.0,0.0,1.0,0.0,0.0,0.0,0.0,0.0,0.0,0.0,0.0,0.0,0.0,1.0,0.0,0.0,0.2938775510204082,0.1818181818181818,0.2727272727272727,0.0,0.16666666666666666,0,2,1,0,0,0,0,1,0.0,1.0,0.0,3324000.0
10678834,0,0.0,1.0,0.0,0.0,0.0,0.0,1.0,0.0,0.0,0.0,0.0,0.0,0.0,0.0,0.0,0.0,0.0,1.0,0.06326530612244899,0.09090909090909091,0.09090909090909091,0.0,0.05555555555555555,3,3,1,0,0,0,0,1,0.0,0.0,0.0,375000.0
10678832,1,0.0,1.0,0.0,1.0,0.0,0.0,0.0,0.0,0.0,0.0,0.0,0.0,0.0,0.0,0.0,0.0,0.0,1.0,0.10918367346938776,0.1818181818181818,0.18181818181818182,0.0,0.1111111111111111,0,2,0,0,0,0,1,1,0.05,0.18,0.00011462831539476617,399000.0
10678836,1,0.0,1.0,0.0,1.0,0.0,0.0,0.0,0.0,0.0,0.0,0.0,0.0,0.0,0.0,0.0,0.0,0.0,1.0,0.3959183673469388,0.1818181818181818,0.09090909090909091,0.0,0.38888888888888884,0,4,0,0,0,0,0,1,0.0,0.0,0.0017882017201583521,795000.0
10678835,1,0.0,1.0,0.0,0.0,0.0,0.0,1.0,0.0,0.0,0.0,0.0,0.0,0.0,0.0,0.0,0.0,1.0,0.0,0.3010204081632653,0.2727272727272727,0.09090909090909091,0.0,0.05555555555555555,5,6,0,0,0,0,0,1,0.0,0.0,0.007338046238311351,529000.0
10678833,1,0.0,1.0,0.0,1.0,0.0,0.0,0.0,0.0,0.0,0.0,0.0,0.0,0.0,0.0,0.0,0.0,0.0,1.0,0.1510204081632653,0.1818181818181818,0.09090909090909091,0.0,0.1111111111111111,1,0,0,0,0,0,0,1,0.0,0.12,0.00039798951105062815,559000.0
10678838,1,0.0,1.0,0.0,0.0,0.0,1.0,0.0,0.0,0.0,0.0,0.0,0.0,0.0,0.0,0.0,0.0,0.0,1.0,0.15306122448979595,0.1818181818181818,0.09090909090909091,0.0,0.1111111111111111,3,4,0,0,0,0,0,1,0.0,0.0,0.00016506477416846328,335000.0
10678839,1,0.0,1.0,0.0,0.0,0.0,1.0,0.0,0.0,0.0,0.0,0.0,0.0,0.0,0.0,0.0,1.0,0.0,0.0,0.14489795918367349,0.1818181818181818,0.09090909090909091,0.0,0.1111111111111111,3,2,0,0,0,0,0,1,0.0,0.0,0.00022650555122005793,399000.0
10678840,1,0.0,1.0,0.0,0.0,0.0,1.0,0.0,0.0,0.0,0.0,0.0,0.0,0.0,0.0,0.0,0.0,0.0,1.0,0.10204081632653061,0.09090909090909091,0.09090909090909091,0.0,0.05555555555555555,3,2,0,1,0,0,1,1,0.09,0.1,0.0001219645275800312,245000.0
10678845,1,0.0,1.0,0.0,0.0,0.0,0.0,1.0,0.0,0.0,0.0,0.0,0.0,0.0,0.0,0.0,1.0,0.0,0.0,0.28061224489795916,0.36363636363636365,0.18181818181818182,0.07142857142857142,0.16666666666666666,3,3,0,0,0,0,1,1,0.8,0.28,0.0012489901245413722,935000.0
10678841,1,0.0,1.0,0.0,0.0,0.0,0.0,1.0,0.0,0.0,0.0,0.0,0.0,0.0,0.0,0.0,1.0,0.0,0.0,0.1836734693877551,0.2727272727272727,0.09090909090909091,0.0,0.0,3,0,0,0,0,0,0,1,0.0,0.0,0.0004383386780695858,515000.0
10678848,0,0.0,0.0,1.0,0.0,0.0,0.0,0.0,0.0,0.0,1.0,0.0,0.0,0.0,0.0,0.0,0.0,0.0,1.0,0.039795918367346944,0.0,0.09090909090909091,0.07142857142857142,0.05555555555555555,1,2,1,0,0,0,0,1,0.0,0.12,0.0,209000.0
10678849,1,0.0,1.0,0.0,0.0,0.0,0.0,0.0,0.0,0.0,0.0,0.0,0.0,0.0,1.0,0.0,0.0,1.0,0.0,0.19897959183673472,0.36363636363636365,0.09090909090909091,0.0,0.0,5,6,0,0,0,0,0,1,0.0,0.0,0.0002283396042663742,975000.0
10678851,0,1.0,0.0,0.0,0.0,1.0,0.0,0.0,0.0,0.0,0.0,0.0,0.0,0.0,0.0,0.0,0.0,1.0,0.0,0.14285714285714288,0.1818181818181818,0.09090909090909091,0.07142857142857142,0.1111111111111111,1,4,1,0,0,0,0,1,0.0,0.1,0.0,495000.0
10678844,0,1.0,0.0,0.0,0.0,1.0,0.0,0.0,0.0,0.0,0.0,0.0,0.0,0.0,0.0,0.0,0.0,1.0,0.0,0.1479591836734694,0.1818181818181818,0.2727272727272727,0.21428571428571427,0.1111111111111111,1,2,1,0,0,0,1,1,0.145,0.45,0.0,995000.0
10678850,1,1.0,0.0,0.0,0.0,1.0,0.0,0.0,0.0,0.0,0.0,0.0,0.0,0.0,0.0,0.0,1.0,0.0,0.0,0.1806122448979592,0.1818181818181818,0.18181818181818182,0.14285714285714285,0.16666666666666666,5,7,0,0,0,0,0,0,0.0,0.0,0.0,585000.0
10678863,1,0.0,0.0,1.0,0.0,0.0,0.0,0.0,0.0,0.0,1.0,0.0,0.0,0.0,0.0,0.0,0.0,0.0,1.0,0.15306122448979595,0.2727272727272727,0.18181818181818182,0.0,0.05555555555555555,3,5,0,0,0,0,1,1,1.0,0.0,0.002774005232553341,495000.0
10678858,1,0.0,1.0,0.0,0.0,0.0,1.0,0.0,0.0,0.0,0.0,0.0,0.0,0.0,0.0,0.0,0.0,0.0,1.0,0.18877551020408165,0.36363636363636365,0.09090909090909091,0.14285714285714285,0.1111111111111111,3,6,0,0,0,0,1,1,0.165,0.4,0.00037139574187904236,285000.0
10678865,0,0.0,0.0,1.0,0.0,0.0,0.0,0.0,0.0,0.0,1.0,0.0,0.0,0.0,0.0,1.0,0.0,0.0,0.0,0.25,0.36363636363636365,0.18181818181818182,0.14285714285714285,0.16666666666666666,0,4,1,0,0,0,0,1,0.0,0.0,0.0,550000.0
10678864,0,0.0,0.0,1.0,0.0,0.0,0.0,0.0,0.0,0.0,1.0,0.0,0.0,0.0,0.0,0.0,1.0,0.0,0.0,0.25,0.36363636363636365,0.18181818181818182,0.14285714285714285,0.16666666666666666,0,4,1,0,0,0,0,1,0.0,0.0,0.0,550000.0
10678866,1,0.0,0.0,1.0,0.0,0.0,0.0,0.0,0.0,0.0,0.0,0.0,0.0,1.0,0.0,0.0,0.0,0.0,1.0,0.20408163265306126,0.2727272727272727,0.18181818181818182,0.0,0.0,1,3,0,0,0,0,0,1,0.0,0.0,0.00450993644089168,895000.0
10678868,1,0.0,1.0,0.0,1.0,0.0,0.0,0.0,0.0,0.0,0.0,0.0,0.0,0.0,0.0,0.0,0.0,0.0,1.0,0.11224489795918369,0.1818181818181818,0.09090909090909091,0.0,0.05555555555555555,4,0,0,0,0,0,1,0,0.076,0.0,0.00013571992542740313,199000.0
10678846,1,1.0,0.0,0.0,0.0,1.0,0.0,0.0,0.0,0.0,0.0,0.0,0.0,0.0,0.0,0.0,1.0,0.0,0.0,0.11734693877551022,0.1818181818181818,0.2727272727272727,0.14285714285714285,0.1111111111111111,3,6,0,0,0,0,1,1,0.02,0.04,6.602590966738531e-05,495000.0
10678869,1,0.0,0.0,1.0,0.0,0.0,0.0,0.0,0.0,0.0,0.0,0.0,1.0,0.0,0.0,0.0,0.0,1.0,0.0,0.32346938775510203,0.09090909090909091,0.09090909090909091,0.07142857142857142,0.1111111111111111,0,5,0,0,0,0,0,0,0.0,0.0,0.00019532664943268155,225000.0
10678880,1,0.0,1.0,0.0,1.0,0.0,0.0,0.0,0.0,0.0,0.0,0.0,0.0,0.0,0.0,0.0,0.0,1.0,0.0,0.07653061224489796,0.09090909090909091,0.09090909090909091,0.0,0.0,0,6,0,0,0,0,1,0,0.032,0.0,0.0,149000.0
10678870,1,0.0,0.0,1.0,0.0,0.0,0.0,0.0,0.0,0.0,0.0,0.0,1.0,0.0,0.0,0.0,0.0,1.0,0.0,0.05612244897959184,0.09090909090909091,0.09090909090909091,0.0,0.05555555555555555,0,5,0,0,0,0,0,0,0.0,0.0,0.0,98000.0
10678876,1,0.0,1.0,0.0,1.0,0.0,0.0,0.0,0.0,0.0,0.0,0.0,0.0,0.0,0.0,0.0,0.0,0.0,1.0,0.3846938775510204,0.4545454545454545,0.09090909090909091,0.0,0.0,3,5,0,0,0,0,0,1,0.0,0.0,0.0012774179467592742,650000.0
10678871,1,0.0,0.0,1.0,0.0,0.0,0.0,0.0,0.0,0.0,1.0,0.0,0.0,0.0,0.0,1.0,0.0,0.0,0.0,0.04183673469387755,0.09090909090909091,0.0,0.07142857142857142,0.05555555555555555,5,7,0,1,0,0,0,0,0.0,0.0,5.0436458773697115e-05,69000.0
10678887,1,0.0,1.0,0.0,0.0,0.0,1.0,0.0,0.0,0.0,0.0,0.0,0.0,0.0,0.0,0.0,0.0,0.0,1.0,0.10714285714285715,0.1818181818181818,0.09090909090909091,0.0,0.1111111111111111,3,3,0,0,0,0,0,1,0.0,0.09,7.519617489896661e-05,249000.0
10678886,1,0.0,1.0,0.0,0.0,0.0,1.0,0.0,0.0,0.0,0.0,0.0,0.0,0.0,0.0,0.0,0.0,1.0,0.0,0.26224489795918365,0.2727272727272727,0.09090909090909091,0.0,0.1111111111111111,1,2,0,0,0,0,0,1,0.0,0.2,9.903886450107797e-05,470000.0
10678884,1,0.0,0.0,1.0,0.0,0.0,0.0,0.0,0.0,0.0,1.0,0.0,0.0,0.0,0.0,0.0,0.0,0.0,1.0,0.13367346938775512,0.1818181818181818,0.09090909090909091,0.0,0.0,3,3,0,0,0,0,0,1,0.0,0.0,0.0005979012930991003,265000.0
10678882,0,0.0,1.0,0.0,1.0,0.0,0.0,0.0,0.0,0.0,0.0,0.0,0.0,0.0,0.0,0.0,0.0,0.0,1.0,0.12346938775510205,0.1818181818181818,0.09090909090909091,0.0,0.05555555555555555,0,5,0,0,0,0,0,0,0.0,0.0,0.0,270000.0
10678883,1,0.0,1.0,0.0,1.0,0.0,0.0,0.0,0.0,0.0,0.0,0.0,0.0,0.0,0.0,0.0,0.0,0.0,1.0,0.12346938775510205,0.1818181818181818,0.09090909090909091,0.0,0.05555555555555555,0,5,0,0,0,0,0,0,0.0,0.0,3.0261875264218268e-05,270000.0
10678888,0,0.0,1.0,0.0,0.0,0.0,1.0,0.0,0.0,0.0,0.0,0.0,0.0,0.0,0.0,0.0,0.0,0.0,1.0,0.10714285714285715,0.1818181818181818,0.09090909090909091,0.0,0.1111111111111111,3,3,0,0,0,0,0,1,0.0,0.09,0.0,249000.0
10678889,1,0.0,1.0,0.0,0.0,0.0,1.0,0.0,0.0,0.0,0.0,0.0,0.0,0.0,0.0,0.0,0.0,0.0,1.0,0.2418367346938776,0.1818181818181818,0.18181818181818182,0.0,0.0,1,3,0,0,0,0,0,1,0.0,0.2,0.00033471468095271724,435000.0
10678890,1,0.0,1.0,0.0,0.0,0.0,1.0,0.0,0.0,0.0,0.0,0.0,0.0,0.0,0.0,0.0,0.0,1.0,0.0,0.15510204081632656,0.1818181818181818,0.09090909090909091,0.0,0.05555555555555555,3,3,0,0,0,0,1,1,0.15,0.2,0.0003558062909853542,315000.0
10678892,0,0.0,1.0,0.0,1.0,0.0,0.0,0.0,0.0,0.0,0.0,0.0,0.0,0.0,0.0,0.0,0.0,1.0,0.0,0.113265306122449,0.09090909090909091,0.09090909090909091,0.0,0.05555555555555555,1,2,1,0,0,0,0,1,0.0,0.25,0.0,435000.0
10678891,0,0.0,1.0,0.0,1.0,0.0,0.0,0.0,0.0,0.0,0.0,0.0,0.0,0.0,0.0,0.0,0.0,1.0,0.0,0.10306122448979593,0.09090909090909091,0.09090909090909091,0.0,0.05555555555555555,3,2,1,0,0,0,1,1,0.024,0.0,0.0,359000.0
10678893,0,0.0,1.0,0.0,1.0,0.0,0.0,0.0,0.0,0.0,0.0,0.0,0.0,0.0,0.0,1.0,0.0,0.0,0.0,0.1,0.09090909090909091,0.09090909090909091,0.0,0.05555555555555555,3,2,1,0,0,0,0,1,0.0,0.03,0.0,329000.0
10678896,1,0.0,1.0,0.0,1.0,0.0,0.0,0.0,0.0,0.0,0.0,0.0,0.0,0.0,0.0,0.0,0.0,0.0,1.0,0.2857142857142857,0.2727272727272727,0.18181818181818182,0.0,0.16666666666666666,0,2,0,0,0,0,0,1,0.0,0.0,0.0012865882119908554,745000.0
10678898,1,0.0,1.0,0.0,1.0,0.0,0.0,0.0,0.0,0.0,0.0,0.0,0.0,0.0,0.0,0.0,0.0,1.0,0.0,0.20204081632653065,0.09090909090909091,0.09090909090909091,0.0,0.1111111111111111,2,3,0,0,0,0,0,1,0.0,0.0,0.00040532572323589316,389000.0
10678895,1,0.0,1.0,0.0,1.0,0.0,0.0,0.0,0.0,0.0,0.0,0.0,0.0,0.0,0.0,0.0,0.0,0.0,1.0,0.2091836734693878,0.2727272727272727,0.18181818181818182,0.0,0.16666666666666666,0,2,0,0,1,0,0,1,0.0,0.0,0.0008409133217360046,767000.0
10678897,1,0.0,1.0,0.0,1.0,0.0,0.0,0.0,0.0,0.0,0.0,0.0,0.0,0.0,0.0,0.0,0.0,1.0,0.0,0.2142857142857143,0.2727272727272727,0.09090909090909091,0.0,0.1111111111111111,1,0,0,0,0,0,0,1,0.0,0.0,0.00022742257774321608,387000.0
10678894,1,1.0,0.0,0.0,0.0,1.0,0.0,0.0,0.0,0.0,0.0,0.0,0.0,0.0,0.0,0.0,1.0,0.0,0.0,0.15816326530612246,0.2727272727272727,0.09090909090909091,0.07142857142857142,0.16666666666666666,1,5,0,0,0,0,1,1,0.03,0.0,0.0,595000.0
10678904,1,0.0,1.0,0.0,0.0,0.0,0.0,0.0,0.0,0.0,0.0,0.0,0.0,0.0,1.0,0.0,0.0,1.0,0.0,0.32346938775510203,0.2727272727272727,0.18181818181818182,0.14285714285714285,0.1111111111111111,2,2,0,0,0,0,0,1,0.0,0.0,0.007950619955780981,1485000.0
10678905,1,0.0,0.0,1.0,0.0,0.0,0.0,0.0,0.0,0.0,1.0,0.0,0.0,0.0,0.0,0.0,0.0,0.0,1.0,0.09183673469387757,0.1818181818181818,0.09090909090909091,0.0,0.1111111111111111,3,7,0,0,0,0,0,1,0.0,0.0,0.002007371059193145,300000.0
10678902,1,0.0,0.0,1.0,0.0,0.0,0.0,0.0,0.0,0.0,1.0,0.0,0.0,0.0,0.0,0.0,0.0,0.0,1.0,0.15306122448979595,0.1818181818181818,0.09090909090909091,0.07142857142857142,0.1111111111111111,0,5,0,0,0,0,0,1,0.0,0.0,0.00021275015337268602,379000.0
10678910,0,1.0,0.0,0.0,0.0,1.0,0.0,0.0,0.0,0.0,0.0,0.0,0.0,0.0,0.0,0.0,1.0,0.0,0.0,0.07142857142857142,0.09090909090909091,0.18181818181818182,0.07142857142857142,0.1111111111111111,1,0,0,0,0,0,0,1,0.0,0.07,0.0,480000.0
10678912,0,0.0,1.0,0.0,1.0,0.0,0.0,0.0,0.0,0.0,0.0,0.0,0.0,0.0,0.0,0.0,0.0,0.0,1.0,0.0816326530612245,0.09090909090909091,0.09090909090909091,0.07142857142857142,0.05555555555555555,3,4,0,0,0,0,0,1,0.0,0.15,0.0,255000.0
10678918,1,0.0,1.0,0.0,1.0,0.0,0.0,0.0,0.0,0.0,0.0,0.0,0.0,0.0,0.0,0.0,0.0,0.0,1.0,0.2857142857142857,0.1818181818181818,0.09090909090909091,0.0,0.0,0,2,0,0,1,0,0,1,0.0,0.0,0.002275142803955319,1045000.0
10678917,1,0.0,1.0,0.0,1.0,0.0,0.0,0.0,0.0,0.0,0.0,0.0,0.0,0.0,0.0,0.0,1.0,0.0,0.0,0.3336734693877551,0.4545454545454545,0.2727272727272727,0.0,0.2222222222222222,1,2,0,0,0,0,0,1,0.0,1.0,0.00023659284297479738,1200000.0
10678916,0,0.0,1.0,0.0,1.0,0.0,0.0,0.0,0.0,0.0,0.0,0.0,0.0,0.0,0.0,0.0,0.0,0.0,1.0,0.08265306122448982,0.09090909090909091,0.09090909090909091,0.0,0.0,0,3,1,0,0,0,0,1,0.0,0.2,0.0,200000.0
10678914,0,0.0,1.0,0.0,1.0,0.0,0.0,0.0,0.0,0.0,0.0,0.0,0.0,0.0,0.0,0.0,0.0,1.0,0.0,0.06632653061224492,0.09090909090909091,0.09090909090909091,0.0,0.05555555555555555,3,2,1,0,0,0,0,1,0.0,0.07,0.0,169000.0
10678921,0,0.0,1.0,0.0,0.0,0.0,0.0,0.0,0.0,1.0,0.0,0.0,0.0,0.0,0.0,0.0,0.0,0.0,1.0,0.06938775510204082,0.09090909090909091,0.09090909090909091,0.0,0.0,0,1,0,0,0,0,0,1,0.0,0.0,0.0,289000.0
10678919,0,0.0,1.0,0.0,1.0,0.0,0.0,0.0,0.0,0.0,0.0,0.0,0.0,0.0,0.0,0.0,0.0,1.0,0.0,0.07755102040816328,0.09090909090909091,0.09090909090909091,0.0,0.0,3,2,1,0,0,0,0,1,0.0,0.0,0.0,299000.0
10678922,0,0.0,1.0,0.0,1.0,0.0,0.0,0.0,0.0,0.0,0.0,0.0,0.0,0.0,0.0,0.0,0.0,0.0,1.0,0.06632653061224492,0.1818181818181818,0.09090909090909091,0.0,0.05555555555555555,3,2,1,1,0,0,1,1,0.0,0.0,0.0,220000.0
10678924,0,0.0,1.0,0.0,0.0,0.0,1.0,0.0,0.0,0.0,0.0,0.0,0.0,0.0,0.0,0.0,0.0,0.0,1.0,0.07244897959183674,0.09090909090909091,0.09090909090909091,0.0,0.05555555555555555,1,2,0,0,0,0,0,1,0.0,0.0,0.0,195000.0
10678923,1,0.0,1.0,0.0,1.0,0.0,0.0,0.0,0.0,0.0,0.0,0.0,0.0,0.0,0.0,0.0,1.0,0.0,0.0,0.16734693877551024,0.2727272727272727,0.18181818181818182,0.0,0.1111111111111111,3,3,0,1,0,0,1,0,0.022,0.0,9.170265231581294e-05,399000.0
10678925,1,0.0,1.0,0.0,0.0,0.0,1.0,0.0,0.0,0.0,0.0,0.0,0.0,0.0,0.0,0.0,0.0,1.0,0.0,0.16938775510204085,0.1818181818181818,0.09090909090909091,0.0,0.1111111111111111,4,3,0,0,0,0,0,1,0.0,0.0,0.00020174583509478846,389000.0
10678926,0,0.0,1.0,0.0,0.0,0.0,1.0,0.0,0.0,0.0,0.0,0.0,0.0,0.0,0.0,0.0,0.0,1.0,0.0,0.04183673469387755,0.0,0.09090909090909091,0.0,0.05555555555555555,3,2,0,0,0,0,0,1,0.0,0.0,0.0,199000.0
10678927,1,0.0,0.0,1.0,0.0,0.0,0.0,0.0,0.0,0.0,1.0,0.0,0.0,0.0,0.0,0.0,1.0,0.0,0.0,0.07346938775510206,0.09090909090909091,0.09090909090909091,0.07142857142857142,0.05555555555555555,4,4,0,0,0,0,0,1,0.0,0.28,9.353670536212919e-05,120000.0
10678931,1,0.0,1.0,0.0,0.0,0.0,0.0,0.0,0.0,1.0,0.0,0.0,0.0,0.0,0.0,0.0,0.0,0.0,1.0,0.1306122448979592,0.1818181818181818,0.09090909090909091,0.0,0.0,0,0,0,0,0,0,1,0,0.34500000000000003,0.0,0.00031637415048955465,343050.0
10678933,1,0.0,1.0,0.0,0.0,0.0,0.0,0.0,0.0,1.0,0.0,0.0,0.0,0.0,0.0,0.0,0.0,0.0,1.0,0.2459183673469388,0.2727272727272727,0.09090909090909091,0.0,0.0,1,3,0,0,0,0,0,1,0.0,0.0,0.0010729210320950112,449000.0
10678928,0,1.0,0.0,0.0,0.0,1.0,0.0,0.0,0.0,0.0,0.0,0.0,0.0,0.0,0.0,0.0,1.0,0.0,0.0,0.04081632653061225,0.09090909090909091,0.09090909090909091,0.0,0.05555555555555555,3,5,0,0,0,0,0,1,0.0,0.03,0.0,179000.0
10678934,1,0.0,1.0,0.0,0.0,0.0,0.0,1.0,0.0,0.0,0.0,0.0,0.0,0.0,0.0,0.0,0.0,0.0,1.0,0.09387755102040818,0.1818181818181818,0.09090909090909091,0.07142857142857142,0.1111111111111111,4,4,0,0,0,0,1,1,0.47500000000000003,0.19,0.0005135348529685524,410000.0
10678929,1,0.0,1.0,0.0,0.0,0.0,0.0,0.0,0.0,0.0,0.0,0.0,0.0,0.0,1.0,0.0,0.0,0.0,1.0,0.17551020408163268,0.2727272727272727,0.09090909090909091,0.07142857142857142,0.0,4,5,0,0,0,0,1,1,0.026000000000000002,0.0,0.00010637507668634301,125000.0
10678935,1,0.0,1.0,0.0,0.0,0.0,0.0,1.0,0.0,0.0,0.0,0.0,0.0,0.0,0.0,0.0,0.0,0.0,1.0,0.20408163265306126,0.2727272727272727,0.18181818181818182,0.14285714285714285,0.1111111111111111,2,3,0,0,0,0,1,1,0.28,0.25,0.0006144077705159467,529000.0
10678936,1,0.0,1.0,0.0,0.0,0.0,0.0,1.0,0.0,0.0,0.0,0.0,0.0,0.0,0.0,0.0,0.0,0.0,1.0,0.12244897959183676,0.2727272727272727,0.09090909090909091,0.0,0.05555555555555555,3,4,0,0,0,0,1,0,1.0,0.0,0.0011151042521602853,375000.0
10678948,1,0.0,0.0,1.0,0.0,0.0,0.0,0.0,0.0,0.0,0.0,0.0,1.0,0.0,0.0,0.0,0.0,0.0,1.0,0.25,0.4545454545454545,0.18181818181818182,0.14285714285714285,0.1111111111111111,1,4,0,0,0,0,1,1,1.0,0.85,0.0027199006676870115,495000.0
10547878,1,0.0,0.0,1.0,0.0,0.0,0.0,0.0,0.0,0.0,1.0,0.0,0.0,0.0,0.0,0.0,0.0,0.0,1.0,0.11224489795918369,0.1818181818181818,0.09090909090909091,0.0,0.0,3,4,0,0,0,0,0,0,0.0,0.0,0.0020312137487952563,210000.0
10678969,1,0.0,1.0,0.0,0.0,0.0,0.0,0.0,0.0,1.0,0.0,0.0,0.0,0.0,0.0,0.0,0.0,0.0,1.0,0.16632653061224492,0.1818181818181818,0.09090909090909091,0.0,0.05555555555555555,5,6,0,0,0,0,0,1,0.0,0.0,0.0010298207855065794,230000.0
10678966,0,0.0,0.0,1.0,0.0,0.0,0.0,0.0,0.0,0.0,0.0,1.0,0.0,0.0,0.0,0.0,0.0,1.0,0.0,0.06224489795918368,0.0,0.09090909090909091,0.0,0.0,0,0,0,0,0,0,0,1,0.0,0.06,0.0,270000.0
10678968,1,0.0,1.0,0.0,0.0,0.0,0.0,0.0,0.0,1.0,0.0,0.0,0.0,0.0,0.0,0.0,0.0,0.0,1.0,0.18265306122448982,0.1818181818181818,0.09090909090909091,0.0,0.1111111111111111,2,2,0,0,0,0,0,1,0.0,0.0,0.0011930515066287263,435000.0
10678986,0,1.0,0.0,0.0,0.0,1.0,0.0,0.0,0.0,0.0,0.0,0.0,0.0,0.0,0.0,0.0,1.0,0.0,0.0,0.05612244897959184,0.09090909090909091,0.09090909090909091,0.0,0.05555555555555555,3,4,1,1,0,0,0,1,0.0,0.04,0.0,219000.0
10678982,1,1.0,0.0,0.0,0.0,1.0,0.0,0.0,0.0,0.0,0.0,0.0,0.0,0.0,0.0,0.0,0.0,0.0,1.0,0.13673469387755105,0.1818181818181818,0.09090909090909091,0.0,0.1111111111111111,5,7,0,0,0,0,1,1,0.023,0.06,0.0,480000.0
10678989,0,0.0,1.0,0.0,1.0,0.0,0.0,0.0,0.0,0.0,0.0,0.0,0.0,0.0,0.0,0.0,1.0,0.0,0.0,0.06122448979591837,0.09090909090909091,0.09090909090909091,0.07142857142857142,0.05555555555555555,1,3,0,0,0,0,1,0,0.035,0.0,0.0,317900.0
10678990,1,0.0,1.0,0.0,1.0,0.0,0.0,0.0,0.0,0.0,0.0,0.0,0.0,0.0,0.0,0.0,0.0,0.0,1.0,0.14285714285714288,0.2727272727272727,0.18181818181818182,0.0,0.0,1,3,0,0,0,0,0,1,0.0,0.0,0.0001375539784737194,389000.0
10678991,1,0.0,1.0,0.0,1.0,0.0,0.0,0.0,0.0,0.0,0.0,0.0,0.0,0.0,0.0,0.0,0.0,0.0,1.0,0.14285714285714288,0.2727272727272727,0.09090909090909091,0.0,0.1111111111111111,4,4,0,0,0,0,0,1,0.0,0.0,0.00021458420641900226,299000.0
10678997,1,0.0,1.0,0.0,0.0,0.0,0.0,0.0,0.0,1.0,0.0,0.0,0.0,0.0,0.0,0.0,0.0,0.0,1.0,0.15510204081632656,0.1818181818181818,0.09090909090909091,0.0,0.05555555555555555,3,5,0,0,0,0,1,1,0.2,0.25,0.00037322979492535865,300000.0
10678994,0,1.0,0.0,0.0,0.0,1.0,0.0,0.0,0.0,0.0,0.0,0.0,0.0,0.0,0.0,0.0,0.0,0.0,1.0,0.08673469387755103,0.09090909090909091,0.09090909090909091,0.0,0.1111111111111111,2,7,1,0,0,0,0,1,0.0,0.08,0.0,570000.0
10678992,1,0.0,1.0,0.0,1.0,0.0,0.0,0.0,0.0,0.0,0.0,0.0,0.0,0.0,0.0,0.0,0.0,0.0,1.0,0.1602040816326531,0.1818181818181818,0.09090909090909091,0.0,0.1111111111111111,0,3,0,0,0,0,0,1,0.0,0.0,0.00019807772900215593,349000.0
10679001,0,0.0,1.0,0.0,0.0,0.0,1.0,0.0,0.0,0.0,0.0,0.0,0.0,0.0,0.0,0.0,0.0,0.0,1.0,0.13571428571428573,0.1818181818181818,0.18181818181818182,0.0,0.1111111111111111,0,0,0,0,0,0,0,1,0.0,0.23,0.0,499000.0
10679002,1,0.0,0.0,1.0,0.0,0.0,0.0,0.0,0.0,0.0,1.0,0.0,0.0,0.0,0.0,0.0,0.0,0.0,1.0,0.10816326530612247,0.1818181818181818,0.09090909090909091,0.0,0.1111111111111111,3,5,0,0,0,0,0,1,0.0,0.5700000000000001,0.00021458420641900226,269000.0
10679005,0,0.0,1.0,0.0,0.0,0.0,1.0,0.0,0.0,0.0,0.0,0.0,0.0,0.0,0.0,0.0,0.0,1.0,0.0,0.08571428571428572,0.09090909090909091,0.09090909090909091,0.0,0.05555555555555555,1,0,1,0,0,0,1,1,0.05,0.18,0.0,360000.0
10679015,1,0.0,1.0,0.0,0.0,0.0,1.0,0.0,0.0,0.0,0.0,0.0,0.0,0.0,0.0,0.0,0.0,1.0,0.0,0.16734693877551024,0.1818181818181818,0.09090909090909091,0.0,0.1111111111111111,1,0,0,0,0,0,0,1,0.0,0.0,0.00032371036267481965,329000.0
10679016,1,0.0,1.0,0.0,0.0,0.0,1.0,0.0,0.0,0.0,0.0,0.0,0.0,0.0,0.0,0.0,0.0,1.0,0.0,0.1642857142857143,0.1818181818181818,0.09090909090909091,0.0,0.1111111111111111,1,0,0,0,0,0,0,1,0.0,0.0,0.00031454009744323835,327000.0
10679018,1,0.0,1.0,0.0,0.0,0.0,1.0,0.0,0.0,0.0,0.0,0.0,0.0,0.0,0.0,0.0,0.0,1.0,0.0,0.16734693877551024,0.1818181818181818,0.09090909090909091,0.0,0.1111111111111111,1,0,0,0,0,0,0,1,0.0,0.0,0.0003319636013832428,329000.0
10679029,0,0.0,1.0,0.0,0.0,0.0,1.0,0.0,0.0,0.0,0.0,0.0,0.0,0.0,0.0,1.0,0.0,0.0,0.0,0.09489795918367347,0.1818181818181818,0.09090909090909091,0.0,0.0,1,0,1,0,0,0,0,1,0.0,0.1,0.0,455300.0
10679017,1,0.0,1.0,0.0,0.0,0.0,1.0,0.0,0.0,0.0,0.0,0.0,0.0,0.0,0.0,0.0,0.0,1.0,0.0,0.1602040816326531,0.1818181818181818,0.09090909090909091,0.0,0.1111111111111111,1,0,0,0,0,0,0,1,0.0,0.0,0.0003723127684022005,329000.0
10679030,0,0.0,1.0,0.0,0.0,0.0,1.0,0.0,0.0,0.0,0.0,0.0,0.0,0.0,0.0,1.0,0.0,0.0,0.0,0.09591836734693879,0.09090909090909091,0.09090909090909091,0.0,0.0,1,0,0,0,0,0,0,1,0.0,0.11,0.0,461300.0
10679028,0,0.0,1.0,0.0,0.0,0.0,1.0,0.0,0.0,0.0,0.0,0.0,0.0,0.0,0.0,1.0,0.0,0.0,0.0,0.04489795918367347,0.0,0.09090909090909091,0.0,0.0,1,0,1,0,0,0,0,1,0.0,0.07,0.0,320800.0
10679031,0,0.0,1.0,0.0,0.0,0.0,1.0,0.0,0.0,0.0,0.0,0.0,0.0,0.0,0.0,1.0,0.0,0.0,0.0,0.0816326530612245,0.09090909090909091,0.09090909090909091,0.0,0.0,1,0,0,0,0,0,0,1,0.0,0.46,0.0,418300.0
10679033,0,0.0,1.0,0.0,0.0,0.0,1.0,0.0,0.0,0.0,0.0,0.0,0.0,0.0,0.0,1.0,0.0,0.0,0.0,0.13673469387755105,0.1818181818181818,0.09090909090909091,0.0,0.0,1,0,1,0,0,0,0,1,0.0,0.24,0.0,621375.0
10679034,0,0.0,1.0,0.0,0.0,0.0,1.0,0.0,0.0,0.0,0.0,0.0,0.0,0.0,0.0,1.0,0.0,0.0,0.0,0.1285714285714286,0.1818181818181818,0.09090909090909091,0.0,0.0,1,0,1,0,0,0,0,1,0.0,0.27,0.0,601900.0
10679032,0,0.0,1.0,0.0,0.0,0.0,1.0,0.0,0.0,0.0,0.0,0.0,0.0,0.0,0.0,1.0,0.0,0.0,0.0,0.05000000000000001,0.0,0.09090909090909091,0.0,0.0,1,0,1,0,0,0,0,1,0.0,0.1,0.0,340500.0
10679045,1,0.0,1.0,0.0,0.0,0.0,1.0,0.0,0.0,0.0,0.0,0.0,0.0,0.0,0.0,0.0,0.0,1.0,0.0,0.14183673469387756,0.1818181818181818,0.18181818181818182,0.07142857142857142,0.1111111111111111,1,0,0,0,0,0,0,1,0.0,0.12,0.0,409310.0
10679046,1,0.0,1.0,0.0,0.0,0.0,1.0,0.0,0.0,0.0,0.0,0.0,0.0,0.0,0.0,0.0,0.0,1.0,0.0,0.14183673469387756,0.1818181818181818,0.18181818181818182,0.07142857142857142,0.1111111111111111,1,0,0,0,0,0,0,1,0.0,0.12,0.0,415291.0
10679050,0,0.0,1.0,0.0,0.0,0.0,1.0,0.0,0.0,0.0,0.0,0.0,0.0,0.0,0.0,0.0,0.0,0.0,1.0,0.09897959183673471,0.09090909090909091,0.18181818181818182,0.0,0.05555555555555555,1,1,1,0,0,0,1,1,0.45,0.55,0.0,395000.0
10679035,0,0.0,1.0,0.0,0.0,0.0,1.0,0.0,0.0,0.0,0.0,0.0,0.0,0.0,0.0,1.0,0.0,0.0,0.0,0.11224489795918369,0.1818181818181818,0.09090909090909091,0.0,0.0,1,0,1,0,0,0,0,1,0.0,0.25,0.0,549150.0
10679048,1,0.0,1.0,0.0,0.0,0.0,1.0,0.0,0.0,0.0,0.0,0.0,0.0,0.0,0.0,0.0,1.0,0.0,0.0,0.16632653061224492,0.2727272727272727,0.18181818181818182,0.0,0.16666666666666666,1,0,0,0,0,0,1,1,0.242,0.14,0.00014030505804319378,569000.0
10679052,0,0.0,1.0,0.0,0.0,0.0,1.0,0.0,0.0,0.0,0.0,0.0,0.0,0.0,0.0,1.0,0.0,0.0,0.0,0.0816326530612245,0.09090909090909091,0.09090909090909091,0.0,0.05555555555555555,1,2,1,0,0,0,0,1,0.0,0.02,0.0,435000.0
10679054,0,0.0,1.0,0.0,1.0,0.0,0.0,0.0,0.0,0.0,0.0,0.0,0.0,0.0,0.0,0.0,0.0,0.0,1.0,0.06632653061224492,0.09090909090909091,0.09090909090909091,0.0,0.05555555555555555,5,2,1,1,0,0,0,0,0.0,0.0,0.0,153800.0
10679053,1,0.0,1.0,0.0,0.0,0.0,1.0,0.0,0.0,0.0,0.0,0.0,0.0,0.0,0.0,1.0,0.0,0.0,0.0,0.2510204081632653,0.2727272727272727,0.09090909090909091,0.0,0.16666666666666666,5,4,0,0,0,0,1,1,0.093,0.33,0.00024026094906742988,785000.0
10679056,1,0.0,0.0,1.0,0.0,0.0,0.0,0.0,0.0,0.0,1.0,0.0,0.0,0.0,0.0,1.0,0.0,0.0,0.0,0.13979591836734695,0.2727272727272727,0.09090909090909091,0.07142857142857142,0.1111111111111111,3,2,0,0,0,0,1,1,0.23,0.0,0.0003026187526421827,349000.0
10679058,1,0.0,0.0,1.0,0.0,0.0,0.0,0.0,0.0,0.0,0.0,0.0,1.0,0.0,0.0,0.0,0.0,0.0,1.0,0.21836734693877555,0.1818181818181818,0.09090909090909091,0.07142857142857142,0.05555555555555555,1,2,0,0,0,0,1,1,0.279,0.0,0.0003787319540643074,300000.0
10679060,1,0.0,0.0,1.0,0.0,0.0,0.0,0.0,1.0,0.0,0.0,0.0,0.0,0.0,0.0,0.0,0.0,1.0,0.0,0.10816326530612247,0.1818181818181818,0.09090909090909091,0.07142857142857142,0.0,3,4,0,0,0,0,1,1,0.1,0.0,0.00015222640284424946,149000.0
10679059,1,0.0,0.0,1.0,0.0,0.0,0.0,0.0,0.0,0.0,0.0,0.0,1.0,0.0,0.0,0.0,0.0,0.0,1.0,0.13775510204081634,0.1818181818181818,0.09090909090909091,0.07142857142857142,0.1111111111111111,1,3,0,0,1,0,1,1,0.719,0.0,0.0008409133217360046,395000.0
10679068,1,0.0,0.0,1.0,0.0,0.0,0.0,0.0,1.0,0.0,0.0,0.0,0.0,0.0,0.0,0.0,1.0,0.0,0.0,0.2142857142857143,0.1818181818181818,0.18181818181818182,0.0,0.0,3,6,0,0,0,0,0,0,0.0,0.0,0.0,185000.0
10679065,1,0.0,0.0,1.0,0.0,0.0,0.0,0.0,1.0,0.0,0.0,0.0,0.0,0.0,0.0,0.0,1.0,0.0,0.0,0.22448979591836737,0.2727272727272727,0.18181818181818182,0.07142857142857142,0.1111111111111111,4,5,0,0,0,0,0,1,0.0,0.0,0.0005043645877369712,185000.0
10679069,1,0.0,0.0,1.0,0.0,0.0,0.0,0.0,1.0,0.0,0.0,0.0,0.0,0.0,0.0,0.0,1.0,0.0,0.0,0.09183673469387757,0.09090909090909091,0.09090909090909091,0.07142857142857142,0.05555555555555555,4,6,0,0,0,0,0,1,0.0,0.0,0.0,159000.0
10679078,0,0.0,0.0,1.0,0.0,0.0,0.0,0.0,0.0,0.0,0.0,1.0,0.0,0.0,0.0,0.0,0.0,1.0,0.0,0.11938775510204083,0.1818181818181818,0.09090909090909091,0.0,0.05555555555555555,0,5,0,0,0,0,1,1,0.335,0.0,0.0,180000.0
10679079,0,0.0,0.0,1.0,0.0,0.0,0.0,0.0,0.0,0.0,0.0,1.0,0.0,0.0,0.0,0.0,0.0,1.0,0.0,0.07142857142857142,0.09090909090909091,0.09090909090909091,0.0,0.05555555555555555,2,2,1,0,0,0,0,1,0.0,0.0,0.0,199000.0
10679080,1,0.0,0.0,1.0,0.0,0.0,0.0,0.0,0.0,0.0,0.0,0.0,1.0,0.0,0.0,0.0,0.0,0.0,1.0,0.2285714285714286,0.2727272727272727,0.09090909090909091,0.0,0.05555555555555555,2,6,0,0,0,0,1,1,0.271,0.42,0.000545630781279087,240000.0
10679083,1,0.0,1.0,0.0,0.0,0.0,1.0,0.0,0.0,0.0,0.0,0.0,0.0,0.0,0.0,0.0,0.0,1.0,0.0,0.15306122448979595,0.1818181818181818,0.09090909090909091,0.0,0.1111111111111111,3,4,0,0,0,0,0,1,0.0,0.0,0.000503447561213813,270000.0
10679088,0,0.0,1.0,0.0,0.0,0.0,1.0,0.0,0.0,0.0,0.0,0.0,0.0,0.0,0.0,0.0,0.0,1.0,0.0,0.15816326530612246,0.1818181818181818,0.18181818181818182,0.07142857142857142,0.1111111111111111,3,1,1,0,0,0,0,1,0.0,0.12,0.0,279000.0
10679082,1,0.0,0.0,1.0,0.0,0.0,0.0,0.0,0.0,0.0,1.0,0.0,0.0,0.0,0.0,0.0,0.0,1.0,0.0,0.1326530612244898,0.2727272727272727,0.18181818181818182,0.0,0.0,4,5,0,0,0,0,0,1,0.0,0.0,0.0,174000.0
10679087,0,0.0,1.0,0.0,1.0,0.0,0.0,0.0,0.0,0.0,0.0,0.0,0.0,0.0,0.0,0.0,0.0,0.0,1.0,0.08265306122448982,0.1818181818181818,0.09090909090909091,0.0,0.1111111111111111,1,1,1,0,0,0,0,1,0.0,0.12,0.0,395000.0
10679086,0,0.0,1.0,0.0,1.0,0.0,0.0,0.0,0.0,0.0,0.0,0.0,0.0,0.0,0.0,0.0,0.0,1.0,0.0,0.09897959183673471,0.1818181818181818,0.09090909090909091,0.0,0.05555555555555555,1,4,0,0,0,0,0,1,0.0,0.0,0.0,309000.0
10679090,1,0.0,1.0,0.0,0.0,0.0,1.0,0.0,0.0,0.0,0.0,0.0,0.0,0.0,0.0,0.0,0.0,1.0,0.0,0.1438775510204082,0.09090909090909091,0.09090909090909091,0.0,0.05555555555555555,1,3,0,0,0,0,1,1,0.42,0.25,0.0006235780357475279,439000.0
10679085,1,0.0,0.0,1.0,0.0,0.0,0.0,0.0,1.0,0.0,0.0,0.0,0.0,0.0,0.0,0.0,0.0,0.0,1.0,0.29081632653061223,0.1818181818181818,0.18181818181818182,0.07142857142857142,0.1111111111111111,1,4,0,0,0,0,0,1,0.0,0.0,0.001467242437053007,460000.0
10679091,1,0.0,0.0,1.0,0.0,0.0,0.0,0.0,0.0,0.0,0.0,1.0,0.0,0.0,0.0,0.0,0.0,0.0,1.0,0.15306122448979595,0.1818181818181818,0.09090909090909091,0.14285714285714285,0.05555555555555555,5,5,0,0,0,0,1,1,0.1,0.0,0.00022375447165058355,270000.0
10679096,1,0.0,1.0,0.0,1.0,0.0,0.0,0.0,0.0,0.0,0.0,0.0,0.0,0.0,0.0,0.0,0.0,0.0,1.0,0.14489795918367349,0.09090909090909091,0.09090909090909091,0.0,0.0,0,4,0,0,0,0,0,1,0.0,0.0,0.001915668406877332,589000.0
10679098,1,0.0,1.0,0.0,0.0,0.0,1.0,0.0,0.0,0.0,0.0,0.0,0.0,0.0,0.0,0.0,0.0,1.0,0.0,0.2826530612244898,0.36363636363636365,0.09090909090909091,0.0,0.1111111111111111,3,4,0,0,0,0,1,1,0.603,0.9,0.0013260203524866551,395000.0
10679101,0,0.0,0.0,1.0,0.0,0.0,0.0,0.0,0.0,0.0,1.0,0.0,0.0,0.0,0.0,0.0,1.0,0.0,0.0,0.1979591836734694,0.1818181818181818,0.09090909090909091,0.0,0.1111111111111111,4,5,1,0,0,0,0,0,0.0,0.0,0.0,375000.0
10679102,1,0.0,0.0,1.0,0.0,0.0,0.0,0.0,1.0,0.0,0.0,0.0,0.0,0.0,0.0,0.0,0.0,0.0,1.0,0.10204081632653061,0.1818181818181818,0.09090909090909091,0.07142857142857142,0.05555555555555555,3,4,0,0,0,0,1,1,0.427,0.2,0.0005043645877369712,319000.0
10679099,1,0.0,1.0,0.0,0.0,0.0,1.0,0.0,0.0,0.0,0.0,0.0,0.0,0.0,0.0,0.0,0.0,0.0,1.0,0.3142857142857143,0.1818181818181818,0.18181818181818182,0.0,0.1111111111111111,3,3,0,0,0,0,1,1,0.662,1.0,0.0008335771095507395,399000.0
10679105,1,0.0,0.0,1.0,0.0,0.0,0.0,0.0,0.0,0.0,0.0,0.0,1.0,0.0,0.0,0.0,1.0,0.0,0.0,0.15306122448979595,0.1818181818181818,0.09090909090909091,0.07142857142857142,0.1111111111111111,1,4,0,0,1,0,0,1,0.0,0.2,0.0005272902508159244,349000.0
10679110,0,0.0,1.0,0.0,0.0,0.0,0.0,0.0,0.0,0.0,0.0,0.0,0.0,0.0,1.0,0.0,0.0,0.0,1.0,0.04591836734693878,0.0,0.09090909090909091,0.0,0.0,0,6,1,0,0,0,0,0,0.0,0.0,0.0,220000.0
10679108,1,0.0,1.0,0.0,0.0,0.0,0.0,1.0,0.0,0.0,0.0,0.0,0.0,0.0,0.0,0.0,0.0,1.0,0.0,0.1459183673469388,0.0,0.09090909090909091,0.0,0.1111111111111111,3,6,0,0,0,0,0,0,0.0,0.0,0.0,248000.0
10679131,0,0.0,1.0,0.0,1.0,0.0,0.0,0.0,0.0,0.0,0.0,0.0,0.0,0.0,0.0,0.0,0.0,0.0,1.0,0.08673469387755103,0.09090909090909091,0.09090909090909091,0.0,0.1111111111111111,1,3,0,0,0,0,0,0,0.0,0.0,0.0,299000.0
10679132,0,0.0,1.0,0.0,1.0,0.0,0.0,0.0,0.0,0.0,0.0,0.0,0.0,0.0,0.0,0.0,0.0,0.0,1.0,0.12244897959183676,0.1818181818181818,0.09090909090909091,0.0,0.05555555555555555,1,1,1,0,0,0,0,1,0.0,0.0,0.0,329000.0
10679128,0,0.0,1.0,0.0,0.0,0.0,0.0,0.0,0.0,1.0,0.0,0.0,0.0,0.0,0.0,0.0,0.0,0.0,1.0,0.08979591836734696,0.09090909090909091,0.09090909090909091,0.0,0.05555555555555555,1,1,1,0,0,0,0,1,0.0,0.0,0.0,250000.0
10679129,0,0.0,1.0,0.0,0.0,0.0,0.0,0.0,0.0,1.0,0.0,0.0,0.0,0.0,0.0,0.0,0.0,0.0,1.0,0.10204081632653061,0.09090909090909091,0.09090909090909091,0.0,0.05555555555555555,1,0,0,0,0,0,0,1,0.0,0.11,0.0,205114.0
10679134,1,0.0,1.0,0.0,1.0,0.0,0.0,0.0,0.0,0.0,0.0,0.0,0.0,0.0,0.0,0.0,0.0,0.0,1.0,0.1,0.09090909090909091,0.09090909090909091,0.0,0.0,2,4,0,0,0,0,1,0,0.3,0.0,0.0005135348529685524,339000.0
10679126,1,0.0,0.0,1.0,0.0,0.0,0.0,0.0,0.0,0.0,0.0,0.0,0.0,1.0,0.0,0.0,0.0,1.0,0.0,0.22959183673469388,0.2727272727272727,0.18181818181818182,0.14285714285714285,0.1111111111111111,3,4,0,0,0,0,1,1,1.0,0.4,0.0018019571180057242,650000.0
10679137,1,0.0,1.0,0.0,0.0,0.0,0.0,0.0,0.0,1.0,0.0,0.0,0.0,0.0,0.0,0.0,0.0,0.0,1.0,0.20408163265306126,0.2727272727272727,0.09090909090909091,0.0,0.0,3,3,0,0,0,0,0,0,0.0,0.0,0.0003649765562169355,299000.0
10679139,1,0.0,1.0,0.0,0.0,0.0,0.0,0.0,0.0,1.0,0.0,0.0,0.0,0.0,0.0,0.0,0.0,0.0,1.0,0.17551020408163268,0.1818181818181818,0.18181818181818182,0.0,0.05555555555555555,1,3,0,0,0,0,0,0,0.0,0.0,0.0018340530463162588,519000.0
10679141,1,0.0,1.0,0.0,0.0,0.0,0.0,1.0,0.0,0.0,0.0,0.0,0.0,0.0,0.0,0.0,0.0,0.0,1.0,0.22142857142857145,0.2727272727272727,0.09090909090909091,0.0,0.05555555555555555,5,4,0,0,0,0,1,1,0.28500000000000003,0.25,0.00038515113972641433,289000.0
10679140,0,0.0,1.0,0.0,0.0,0.0,0.0,1.0,0.0,0.0,0.0,0.0,0.0,0.0,0.0,1.0,0.0,0.0,0.0,0.08469387755102042,0.0,0.09090909090909091,0.0,0.05555555555555555,3,3,1,0,0,0,0,1,0.0,0.0,0.0,487000.0
10679142,1,0.0,1.0,0.0,0.0,0.0,0.0,0.0,0.0,0.0,0.0,0.0,0.0,0.0,1.0,0.0,0.0,1.0,0.0,0.1459183673469388,0.1818181818181818,0.09090909090909091,0.0,0.0,5,4,0,0,0,0,0,0,0.0,0.0,0.00010087291754739423,219000.0
10679143,1,0.0,1.0,0.0,0.0,0.0,0.0,0.0,0.0,0.0,0.0,0.0,0.0,0.0,1.0,0.0,0.0,0.0,1.0,0.2785714285714286,0.2727272727272727,0.18181818181818182,0.0,0.0,0,3,0,0,0,0,0,1,0.0,0.0,0.0003227933361516615,535000.0
10679146,0,0.0,1.0,0.0,0.0,0.0,0.0,0.0,0.0,0.0,0.0,0.0,0.0,0.0,1.0,0.0,0.0,0.0,1.0,0.034693877551020415,0.0,0.09090909090909091,0.0,0.05555555555555555,2,4,0,0,0,0,0,0,0.0,0.0,0.0,149000.0
10679151,0,1.0,0.0,0.0,0.0,1.0,0.0,0.0,0.0,0.0,0.0,0.0,0.0,0.0,0.0,0.0,1.0,0.0,0.0,0.08571428571428572,0.1818181818181818,0.09090909090909091,0.0,0.05555555555555555,3,5,1,0,0,0,0,0,0.0,0.0,0.0,295000.0
10679149,0,0.0,1.0,0.0,0.0,0.0,0.0,0.0,0.0,0.0,0.0,0.0,0.0,0.0,1.0,0.0,0.0,0.0,1.0,0.12142857142857144,0.1818181818181818,0.09090909090909091,0.0,0.0,1,0,0,0,0,0,0,1,0.0,0.05,0.0,485000.0
10679171,1,0.0,1.0,0.0,0.0,0.0,1.0,0.0,0.0,0.0,0.0,0.0,0.0,0.0,0.0,0.0,0.0,1.0,0.0,0.05612244897959184,0.09090909090909091,0.09090909090909091,0.0,0.0,3,3,0,0,0,0,0,1,0.0,0.15,0.00013938803152003566,194000.0
10285954,0,0.0,1.0,0.0,0.0,0.0,0.0,0.0,0.0,0.0,0.0,0.0,0.0,0.0,1.0,0.0,0.0,1.0,0.0,0.07857142857142857,0.1818181818181818,0.18181818181818182,0.0,0.05555555555555555,0,2,1,0,0,0,0,0,0.0,0.0,0.0,635000.0
10679152,0,0.0,1.0,0.0,0.0,0.0,0.0,0.0,0.0,0.0,0.0,0.0,0.0,0.0,1.0,0.0,0.0,0.0,1.0,0.07040816326530613,0.09090909090909091,0.09090909090909091,0.0,0.0,0,2,0,0,0,0,0,1,0.0,0.0,0.0,274000.0
10679163,1,0.0,1.0,0.0,0.0,0.0,1.0,0.0,0.0,0.0,0.0,0.0,0.0,0.0,0.0,0.0,0.0,1.0,0.0,0.15714285714285717,0.1818181818181818,0.09090909090909091,0.07142857142857142,0.1111111111111111,5,4,0,0,0,0,0,0,0.0,0.0,0.00034205089313798224,259000.0
10679174,1,0.0,1.0,0.0,1.0,0.0,0.0,0.0,0.0,0.0,0.0,0.0,0.0,0.0,0.0,0.0,0.0,1.0,0.0,0.17346938775510207,0.2727272727272727,0.18181818181818182,0.14285714285714285,0.05555555555555555,1,2,0,0,0,0,1,1,0.024,0.24,0.00010087291754739423,285000.0
10679173,1,0.0,1.0,0.0,0.0,0.0,1.0,0.0,0.0,0.0,0.0,0.0,0.0,0.0,0.0,0.0,0.0,1.0,0.0,0.05612244897959184,0.09090909090909091,0.09090909090909091,0.0,0.0,3,3,0,0,0,0,0,1,0.0,0.15,0.00013938803152003566,194000.0
10679172,1,0.0,1.0,0.0,1.0,0.0,0.0,0.0,0.0,0.0,0.0,0.0,0.0,0.0,0.0,0.0,0.0,1.0,0.0,0.10510204081632654,0.09090909090909091,0.09090909090909091,0.07142857142857142,0.05555555555555555,5,6,0,0,0,0,1,1,0.184,0.3,0.00021641825946531852,135000.0
10679175,1,0.0,1.0,0.0,1.0,0.0,0.0,0.0,0.0,0.0,0.0,0.0,0.0,0.0,0.0,0.0,0.0,1.0,0.0,0.11224489795918369,0.09090909090909091,0.09090909090909091,0.07142857142857142,0.05555555555555555,3,6,0,0,0,0,1,0,0.09,0.0,0.00019349259638636528,210000.0
10679177,0,0.0,1.0,0.0,0.0,0.0,1.0,0.0,0.0,0.0,0.0,0.0,0.0,0.0,0.0,0.0,0.0,0.0,1.0,0.05510204081632653,0.09090909090909091,0.09090909090909091,0.0,0.05555555555555555,1,0,1,0,0,0,1,1,0.044,0.16,0.0,241795.0
10679176,1,0.0,1.0,0.0,1.0,0.0,0.0,0.0,0.0,0.0,0.0,0.0,0.0,0.0,0.0,0.0,0.0,0.0,1.0,0.176530612244898,0.1818181818181818,0.09090909090909091,0.0,0.1111111111111111,4,5,0,0,0,0,0,0,0.0,0.0,0.0007391233776654522,495000.0
10679180,0,0.0,0.0,1.0,0.0,0.0,0.0,0.0,0.0,0.0,1.0,0.0,0.0,0.0,0.0,1.0,0.0,0.0,0.0,0.051020408163265314,0.09090909090909091,0.09090909090909091,0.0,0.05555555555555555,3,5,0,0,0,0,0,0,0.0,0.0,0.0,159000.0
10679185,0,0.0,0.0,1.0,0.0,0.0,0.0,0.0,0.0,0.0,1.0,0.0,0.0,0.0,0.0,0.0,1.0,0.0,0.0,0.017346938775510204,0.0,0.09090909090909091,0.0,0.05555555555555555,4,4,0,0,0,0,0,0,0.0,0.0,0.0,69000.0
10679186,0,0.0,0.0,1.0,0.0,0.0,0.0,0.0,0.0,0.0,1.0,0.0,0.0,0.0,0.0,0.0,1.0,0.0,0.0,0.013265306122448979,0.0,0.09090909090909091,0.0,0.05555555555555555,4,4,0,0,0,0,0,0,0.0,0.0,0.0,79000.0
10679187,0,0.0,0.0,1.0,0.0,0.0,0.0,0.0,0.0,0.0,1.0,0.0,0.0,0.0,0.0,1.0,0.0,0.0,0.0,0.09387755102040818,0.1818181818181818,0.09090909090909091,0.0,0.05555555555555555,6,1,0,0,0,0,0,1,0.0,0.07,0.0,199000.0
10679183,1,0.0,0.0,1.0,0.0,0.0,0.0,0.0,0.0,0.0,1.0,0.0,0.0,0.0,0.0,1.0,0.0,0.0,0.0,0.1469387755102041,0.1818181818181818,0.09090909090909091,0.07142857142857142,0.16666666666666666,4,7,0,0,0,0,0,1,0.0,0.0,3.668106092632517e-05,190000.0
10679188,0,0.0,0.0,1.0,0.0,0.0,0.0,0.0,0.0,0.0,1.0,0.0,0.0,0.0,0.0,1.0,0.0,0.0,0.0,0.09387755102040818,0.1818181818181818,0.09090909090909091,0.0,0.05555555555555555,6,1,0,0,0,0,0,1,0.0,0.07,0.0,269000.0
10548122,1,0.0,0.0,1.0,0.0,0.0,0.0,0.0,1.0,0.0,0.0,0.0,0.0,0.0,0.0,0.0,0.0,1.0,0.0,0.11224489795918369,0.09090909090909091,0.09090909090909091,0.0,0.05555555555555555,3,6,0,1,0,0,0,0,0.0,0.0,0.0001375539784737194,149000.0
10679195,1,0.0,1.0,0.0,1.0,0.0,0.0,0.0,0.0,0.0,0.0,0.0,0.0,0.0,0.0,1.0,0.0,0.0,0.0,0.2857142857142857,0.36363636363636365,0.36363636363636365,0.0,0.0,5,5,0,0,0,0,0,1,0.0,0.0,7.519617489896661e-05,549000.0
10679197,1,0.0,1.0,0.0,0.0,0.0,1.0,0.0,0.0,0.0,0.0,0.0,0.0,0.0,0.0,0.0,0.0,0.0,1.0,0.10714285714285715,0.1818181818181818,0.09090909090909091,0.0,0.0,1,3,0,0,0,0,0,1,0.0,0.0,8.803454622318042e-05,299000.0
10679201,0,0.0,1.0,0.0,0.0,0.0,1.0,0.0,0.0,0.0,0.0,0.0,0.0,0.0,0.0,0.0,0.0,0.0,1.0,0.0816326530612245,0.1818181818181818,0.09090909090909091,0.0,0.05555555555555555,1,5,0,0,0,0,0,1,0.0,0.0,0.0,275000.0
10679204,1,0.0,0.0,1.0,0.0,0.0,0.0,0.0,0.0,0.0,1.0,0.0,0.0,0.0,0.0,0.0,1.0,0.0,0.0,0.2571428571428571,0.2727272727272727,0.0,0.2857142857142857,0.2222222222222222,4,4,0,0,0,0,1,1,0.11,0.2,0.00026043553257690873,226000.0
10679205,1,0.0,0.0,1.0,0.0,0.0,0.0,0.0,0.0,0.0,1.0,0.0,0.0,0.0,0.0,0.0,1.0,0.0,0.0,0.2285714285714286,0.36363636363636365,0.0,0.21428571428571427,0.16666666666666666,3,5,0,0,0,0,1,0,0.15,0.0,0.0004493429963474834,295000.0
10679207,0,0.0,0.0,1.0,0.0,0.0,0.0,0.0,0.0,0.0,1.0,0.0,0.0,0.0,0.0,0.0,0.0,0.0,1.0,0.09183673469387757,0.1818181818181818,0.09090909090909091,0.07142857142857142,0.05555555555555555,1,1,1,0,0,0,0,1,0.0,0.08,0.0,266163.0
10679211,1,0.0,0.0,1.0,0.0,0.0,0.0,0.0,0.0,0.0,0.0,1.0,0.0,0.0,0.0,0.0,0.0,0.0,1.0,0.23979591836734696,0.4545454545454545,0.18181818181818182,0.14285714285714285,0.1111111111111111,3,4,0,0,1,0,0,1,0.0,0.0,0.0007097785289243921,440000.0
10679206,0,0.0,0.0,1.0,0.0,0.0,0.0,0.0,0.0,0.0,1.0,0.0,0.0,0.0,0.0,0.0,0.0,0.0,1.0,0.1469387755102041,0.1818181818181818,0.18181818181818182,0.14285714285714285,0.1111111111111111,1,1,1,0,0,0,0,1,0.0,0.17,0.0,391887.0
10679208,0,0.0,0.0,1.0,0.0,0.0,0.0,0.0,0.0,0.0,1.0,0.0,0.0,0.0,0.0,0.0,0.0,0.0,1.0,0.09183673469387757,0.1818181818181818,0.09090909090909091,0.07142857142857142,0.05555555555555555,0,1,1,0,0,0,0,1,0.0,0.08,0.0,279188.0
10679214,0,0.0,1.0,0.0,0.0,0.0,1.0,0.0,0.0,0.0,0.0,0.0,0.0,0.0,0.0,0.0,0.0,1.0,0.0,0.0816326530612245,0.09090909090909091,0.09090909090909091,0.0,0.05555555555555555,1,3,1,0,0,0,0,0,0.0,0.0,0.0,210000.0
10679212,1,0.0,0.0,1.0,0.0,0.0,0.0,0.0,0.0,0.0,0.0,1.0,0.0,0.0,0.0,0.0,0.0,0.0,1.0,0.04081632653061225,0.09090909090909091,0.09090909090909091,0.0,0.05555555555555555,4,5,0,0,0,0,1,1,0.14,0.0,0.00020174583509478846,150000.0
10679213,1,0.0,1.0,0.0,1.0,0.0,0.0,0.0,0.0,0.0,0.0,0.0,0.0,0.0,0.0,0.0,0.0,0.0,1.0,0.11734693877551022,0.1818181818181818,0.09090909090909091,0.0,0.1111111111111111,0,4,0,0,0,0,1,0,0.121,0.0,0.00018799043724741652,399000.0
10679221,0,1.0,0.0,0.0,0.0,1.0,0.0,0.0,0.0,0.0,0.0,0.0,0.0,0.0,0.0,0.0,0.0,0.0,1.0,0.051020408163265314,0.09090909090909091,0.09090909090909091,0.0,0.05555555555555555,0,4,1,0,0,0,0,1,0.0,0.06,0.0,255000.0
10679222,0,1.0,0.0,0.0,0.0,1.0,0.0,0.0,0.0,0.0,0.0,0.0,0.0,0.0,0.0,0.0,0.0,0.0,1.0,0.12244897959183676,0.09090909090909091,0.09090909090909091,0.0,0.05555555555555555,0,5,1,0,0,0,0,0,0.0,0.0,0.0,415000.0
10679230,1,0.0,1.0,0.0,0.0,0.0,0.0,1.0,0.0,0.0,0.0,0.0,0.0,0.0,0.0,0.0,0.0,0.0,1.0,0.20612244897959187,0.36363636363636365,0.09090909090909091,0.07142857142857142,0.1111111111111111,1,0,0,0,0,0,0,1,0.0,0.0,0.0009720481145476171,530000.0
10679229,1,0.0,1.0,0.0,0.0,0.0,0.0,1.0,0.0,0.0,0.0,0.0,0.0,0.0,0.0,0.0,0.0,0.0,1.0,0.20816326530612247,0.36363636363636365,0.09090909090909091,0.07142857142857142,0.1111111111111111,1,0,0,0,0,0,0,1,0.0,0.0,0.0006354993805485836,515000.0
10417086,0,0.0,1.0,0.0,0.0,0.0,1.0,0.0,0.0,0.0,0.0,0.0,0.0,0.0,0.0,0.0,0.0,0.0,1.0,0.1979591836734694,0.09090909090909091,0.18181818181818182,0.0,0.1111111111111111,1,0,0,1,0,0,0,0,0.0,0.0,0.0,1595000.0
10679233,1,0.0,0.0,1.0,0.0,0.0,0.0,0.0,0.0,0.0,0.0,1.0,0.0,0.0,0.0,0.0,0.0,1.0,0.0,0.15816326530612246,0.4545454545454545,0.0,0.0,0.0,5,7,0,0,0,0,0,1,0.0,0.0,0.000531875383431715,299000.0
10679232,1,0.0,0.0,1.0,0.0,0.0,0.0,0.0,0.0,0.0,0.0,1.0,0.0,0.0,0.0,0.0,0.0,1.0,0.0,0.15816326530612246,0.4545454545454545,0.0,0.0,0.0,5,7,0,0,0,0,0,1,0.0,0.0,0.000531875383431715,299000.0
10679237,0,0.0,1.0,0.0,0.0,0.0,0.0,0.0,0.0,0.0,0.0,0.0,0.0,0.0,1.0,0.0,0.0,1.0,0.0,0.05306122448979592,0.09090909090909091,0.09090909090909091,0.0,0.1111111111111111,5,4,1,0,0,0,0,1,0.0,0.0,0.0,795000.0
10679236,1,0.0,1.0,0.0,0.0,0.0,0.0,0.0,0.0,1.0,0.0,0.0,0.0,0.0,0.0,0.0,0.0,0.0,1.0,0.2969387755102041,0.1818181818181818,0.09090909090909091,0.07142857142857142,0.0,5,6,0,1,0,0,0,0,0.0,0.0,0.025860147953059246,649000.0
10679242,1,0.0,1.0,0.0,1.0,0.0,0.0,0.0,0.0,0.0,0.0,0.0,0.0,0.0,0.0,0.0,0.0,1.0,0.0,0.1510204081632653,0.2727272727272727,0.09090909090909091,0.07142857142857142,0.1111111111111111,1,2,0,0,0,0,1,1,0.056,0.15,9.903886450107797e-05,645000.0
10679241,1,0.0,1.0,0.0,1.0,0.0,0.0,0.0,0.0,0.0,0.0,0.0,0.0,0.0,0.0,0.0,0.0,0.0,1.0,0.20408163265306126,0.2727272727272727,0.09090909090909091,0.0,0.1111111111111111,3,5,0,0,1,0,1,1,1.0,0.0,0.0022008636555795103,575000.0
10679243,1,0.0,1.0,0.0,1.0,0.0,0.0,0.0,0.0,0.0,0.0,0.0,0.0,0.0,0.0,0.0,0.0,1.0,0.0,0.10102040816326532,0.2727272727272727,0.09090909090909091,0.07142857142857142,0.1111111111111111,1,2,0,0,0,0,1,0,0.024,0.0,6.23578035747528e-05,475000.0
10679245,0,0.0,1.0,0.0,1.0,0.0,0.0,0.0,0.0,0.0,0.0,0.0,0.0,0.0,0.0,0.0,1.0,0.0,0.0,0.1295918367346939,0.09090909090909091,0.09090909090909091,0.0,0.1111111111111111,1,2,1,0,0,0,0,1,0.0,0.0,0.0,595000.0
10679244,1,0.0,1.0,0.0,1.0,0.0,0.0,0.0,0.0,0.0,0.0,0.0,0.0,0.0,0.0,0.0,0.0,0.0,1.0,0.4897959183673469,0.36363636363636365,0.2727272727272727,0.0,0.16666666666666666,1,0,0,0,0,0,0,1,0.0,0.0,0.005479233475869823,1350000.0
10679247,0,0.0,1.0,0.0,1.0,0.0,0.0,0.0,0.0,0.0,0.0,0.0,0.0,0.0,0.0,0.0,1.0,0.0,0.0,0.11836734693877551,0.1818181818181818,0.18181818181818182,0.0,0.16666666666666666,1,2,1,0,0,0,0,1,0.0,0.0,0.0,595000.0
10679246,0,0.0,1.0,0.0,1.0,0.0,0.0,0.0,0.0,0.0,0.0,0.0,0.0,0.0,0.0,0.0,1.0,0.0,0.0,0.12142857142857144,0.09090909090909091,0.18181818181818182,0.0,0.1111111111111111,1,1,1,0,0,0,0,1,0.0,0.0,0.0,595000.0
10679258,1,0.0,1.0,0.0,1.0,0.0,0.0,0.0,0.0,0.0,0.0,0.0,0.0,0.0,0.0,0.0,0.0,0.0,1.0,0.3704081632653061,0.4545454545454545,0.18181818181818182,0.0,0.2222222222222222,1,1,0,0,1,0,0,1,0.0,0.0,0.00568648147010356,1099000.0
10679256,1,0.0,1.0,0.0,1.0,0.0,0.0,0.0,0.0,0.0,0.0,0.0,0.0,0.0,0.0,0.0,0.0,0.0,1.0,0.13877551020408166,0.2727272727272727,0.18181818181818182,0.0,0.1111111111111111,1,1,0,0,0,0,0,1,0.0,0.0,0.0003906532988653631,525000.0
10679257,0,0.0,1.0,0.0,1.0,0.0,0.0,0.0,0.0,0.0,0.0,0.0,0.0,0.0,0.0,0.0,0.0,1.0,0.0,0.030612244897959183,0.0,0.09090909090909091,0.0,0.05555555555555555,2,2,0,0,0,0,0,0,0.0,0.0,0.0,199000.0
10679261,1,1.0,0.0,0.0,0.0,1.0,0.0,0.0,0.0,0.0,0.0,0.0,0.0,0.0,0.0,0.0,1.0,0.0,0.0,0.2489795918367347,0.2727272727272727,0.18181818181818182,0.21428571428571427,0.16666666666666666,5,7,0,0,0,0,0,1,0.0,0.13,8.253238708423164e-05,490000.0
10679265,0,0.0,0.0,1.0,0.0,0.0,0.0,0.0,0.0,0.0,1.0,0.0,0.0,0.0,0.0,0.0,1.0,0.0,0.0,0.0979591836734694,0.1818181818181818,0.09090909090909091,0.0,0.05555555555555555,3,3,1,0,0,0,0,1,0.0,0.07,0.0,239000.0
10679269,0,1.0,0.0,0.0,0.0,1.0,0.0,0.0,0.0,0.0,0.0,0.0,0.0,0.0,0.0,1.0,0.0,0.0,0.0,0.1602040816326531,0.1818181818181818,0.18181818181818182,0.0,0.16666666666666666,1,0,1,0,0,0,0,1,0.0,0.3,0.0,1395000.0
10679268,0,1.0,0.0,0.0,0.0,1.0,0.0,0.0,0.0,0.0,0.0,0.0,0.0,0.0,0.0,1.0,0.0,0.0,0.0,0.4326530612244898,0.2727272727272727,0.36363636363636365,0.0,0.3333333333333333,1,0,1,0,0,0,0,1,0.0,1.0,0.0,4000000.0
10679271,1,0.0,1.0,0.0,1.0,0.0,0.0,0.0,0.0,0.0,0.0,0.0,0.0,0.0,0.0,0.0,0.0,0.0,1.0,0.10204081632653061,0.1818181818181818,0.09090909090909091,1.0,0.16666666666666666,1,1,0,0,0,0,1,0,0.03,0.0,0.00010087291754739423,399500.0
10679275,1,0.0,0.0,1.0,0.0,0.0,0.0,0.0,1.0,0.0,0.0,0.0,0.0,0.0,0.0,0.0,0.0,0.0,1.0,0.12040816326530615,0.2727272727272727,0.09090909090909091,0.07142857142857142,0.1111111111111111,3,4,0,0,0,0,1,1,0.25,0.71,0.00036681060926325174,135000.0
10679276,1,0.0,0.0,1.0,0.0,0.0,0.0,0.0,1.0,0.0,0.0,0.0,0.0,0.0,0.0,0.0,1.0,0.0,0.0,0.23163265306122452,0.1818181818181818,0.18181818181818182,0.14285714285714285,0.1111111111111111,5,7,0,0,0,0,1,1,1.0,1.0,0.008970353449532821,390000.0
10679270,0,1.0,0.0,0.0,0.0,1.0,0.0,0.0,0.0,0.0,0.0,0.0,0.0,0.0,0.0,1.0,0.0,0.0,0.0,0.17551020408163268,0.1818181818181818,0.18181818181818182,0.0,0.16666666666666666,1,0,1,0,0,0,0,1,0.0,0.26,0.0,1485000.0
10679278,0,0.0,0.0,1.0,0.0,0.0,0.0,0.0,1.0,0.0,0.0,0.0,0.0,0.0,0.0,1.0,0.0,0.0,0.0,0.0816326530612245,0.0,0.09090909090909091,0.0,0.0,6,0,1,0,0,0,0,0,0.0,0.0,0.0,64000.0
10679282,1,1.0,0.0,0.0,0.0,1.0,0.0,0.0,0.0,0.0,0.0,0.0,0.0,0.0,0.0,0.0,1.0,0.0,0.0,0.23979591836734696,0.36363636363636365,0.18181818181818182,0.14285714285714285,0.16666666666666666,3,7,0,0,0,0,0,1,0.0,0.27,0.00013021776628845437,740000.0
10679279,0,0.0,0.0,1.0,0.0,0.0,0.0,0.0,0.0,0.0,1.0,0.0,0.0,0.0,0.0,0.0,0.0,0.0,1.0,0.07959183673469389,0.09090909090909091,0.09090909090909091,0.0,0.1111111111111111,1,0,1,0,0,0,0,0,0.0,0.0,0.0,402226.0
10679283,1,0.0,0.0,1.0,0.0,0.0,0.0,0.0,0.0,0.0,0.0,0.0,0.0,1.0,0.0,0.0,0.0,0.0,1.0,0.11224489795918369,0.2727272727272727,0.18181818181818182,0.07142857142857142,0.05555555555555555,5,0,0,0,0,0,0,0,0.0,0.0,0.0005612202321727751,425000.0
10679286,0,0.0,1.0,0.0,0.0,0.0,0.0,0.0,0.0,1.0,0.0,0.0,0.0,0.0,0.0,0.0,0.0,1.0,0.0,0.08469387755102042,0.09090909090909091,0.09090909090909091,0.0,0.05555555555555555,1,2,1,0,0,0,0,1,0.0,0.29,0.0,373000.0
10679293,1,0.0,1.0,0.0,0.0,0.0,0.0,1.0,0.0,0.0,0.0,0.0,0.0,0.0,0.0,0.0,0.0,0.0,1.0,0.13367346938775512,0.09090909090909091,0.09090909090909091,0.0,0.1111111111111111,5,6,0,1,0,0,1,1,0.15,0.25,0.00037139574187904236,280000.0
10679287,0,0.0,1.0,0.0,1.0,0.0,0.0,0.0,0.0,0.0,0.0,0.0,0.0,0.0,0.0,0.0,0.0,0.0,1.0,0.07959183673469389,0.09090909090909091,0.09090909090909091,0.0,0.0,0,0,0,0,0,0,0,1,0.0,0.0,0.0,254560.0
10679290,1,0.0,0.0,1.0,0.0,0.0,0.0,0.0,0.0,0.0,0.0,0.0,1.0,0.0,0.0,1.0,0.0,0.0,0.0,0.25,0.5454545454545454,0.09090909090909091,0.0,0.1111111111111111,0,0,0,0,0,0,0,1,0.0,0.2,0.0022668895652468955,849000.0
10679289,1,0.0,0.0,1.0,0.0,0.0,0.0,0.0,0.0,0.0,1.0,0.0,0.0,0.0,0.0,0.0,0.0,0.0,1.0,0.19387755102040818,0.09090909090909091,0.09090909090909091,0.0,0.16666666666666666,0,4,0,0,0,0,0,0,0.0,0.0,0.0,335000.0
10679295,1,0.0,1.0,0.0,0.0,0.0,0.0,1.0,0.0,0.0,0.0,0.0,0.0,0.0,0.0,0.0,0.0,0.0,1.0,0.3122448979591837,0.36363636363636365,0.18181818181818182,0.0,0.1111111111111111,1,1,0,1,1,0,0,1,0.0,0.0,0.00144615082702037,980000.0
10679294,0,0.0,0.0,1.0,0.0,0.0,0.0,0.0,1.0,0.0,0.0,0.0,0.0,0.0,0.0,0.0,0.0,1.0,0.0,0.06632653061224492,0.0,0.0,0.07142857142857142,0.05555555555555555,2,0,0,0,0,0,0,0,0.0,0.0,0.0,85000.0
10679301,0,1.0,0.0,0.0,0.0,1.0,0.0,0.0,0.0,0.0,0.0,0.0,0.0,0.0,0.0,1.0,0.0,0.0,0.0,0.03571428571428572,0.1818181818181818,0.18181818181818182,0.14285714285714285,0.05555555555555555,2,0,0,0,0,0,0,0,0.0,0.0,0.0,225000.0
10679304,1,0.0,1.0,0.0,1.0,0.0,0.0,0.0,0.0,0.0,0.0,0.0,0.0,0.0,0.0,0.0,0.0,0.0,1.0,0.22653061224489798,0.36363636363636365,0.18181818181818182,0.0,0.16666666666666666,3,4,0,0,0,0,0,1,0.0,0.0,0.0007042763697854434,725000.0
10679305,1,0.0,1.0,0.0,1.0,0.0,0.0,0.0,0.0,0.0,0.0,0.0,0.0,0.0,0.0,0.0,0.0,0.0,1.0,0.22653061224489798,0.36363636363636365,0.18181818181818182,0.0,0.16666666666666666,3,4,0,0,0,0,0,1,0.0,0.0,0.0007042763697854434,725000.0
10679308,0,1.0,0.0,0.0,0.0,1.0,0.0,0.0,0.0,0.0,0.0,0.0,0.0,0.0,0.0,0.0,0.0,0.0,1.0,0.11938775510204083,0.1818181818181818,0.18181818181818182,0.0,0.0,3,7,0,0,0,0,0,1,0.0,0.08,0.0,495000.0
10679309,1,0.0,0.0,1.0,0.0,0.0,0.0,0.0,0.0,0.0,1.0,0.0,0.0,0.0,0.0,0.0,0.0,0.0,1.0,0.0816326530612245,0.09090909090909091,0.09090909090909091,0.07142857142857142,0.05555555555555555,0,7,0,0,0,0,0,0,0.0,0.0,0.0,100000.0
10679310,1,0.0,0.0,1.0,0.0,0.0,0.0,0.0,0.0,0.0,1.0,0.0,0.0,0.0,0.0,0.0,0.0,0.0,1.0,0.113265306122449,0.09090909090909091,0.09090909090909091,0.07142857142857142,0.05555555555555555,0,0,0,0,0,0,0,0,0.0,0.0,9.537075840844545e-05,140000.0
10679324,1,0.0,0.0,1.0,0.0,0.0,0.0,0.0,0.0,0.0,1.0,0.0,0.0,0.0,0.0,0.0,0.0,1.0,0.0,0.06836734693877553,0.1818181818181818,0.09090909090909091,0.21428571428571427,0.05555555555555555,2,6,0,0,0,0,1,1,0.106,0.64,0.00013296884585792875,159000.0
10679311,1,0.0,0.0,1.0,0.0,0.0,0.0,0.0,0.0,0.0,0.0,0.0,1.0,0.0,0.0,0.0,1.0,0.0,0.0,0.10204081632653061,0.09090909090909091,0.09090909090909091,0.0,0.0,3,7,0,0,0,0,0,0,0.0,0.0,5.960672400527841e-05,135000.0
10679319,0,0.0,1.0,0.0,1.0,0.0,0.0,0.0,0.0,0.0,0.0,0.0,0.0,0.0,0.0,0.0,1.0,0.0,0.0,0.1642857142857143,0.1818181818181818,0.09090909090909091,0.0,0.0,1,0,1,0,0,0,0,1,0.0,0.35000000000000003,0.0,956000.0
10679318,0,0.0,1.0,0.0,0.0,0.0,0.0,1.0,0.0,0.0,0.0,0.0,0.0,0.0,0.0,0.0,0.0,0.0,1.0,0.09489795918367347,0.09090909090909091,0.0,0.0,0.0,1,0,1,0,0,0,0,1,0.0,0.17,0.0,349000.0
10679312,0,0.0,0.0,1.0,0.0,0.0,0.0,0.0,0.0,0.0,0.0,0.0,1.0,0.0,0.0,0.0,1.0,0.0,0.0,0.10204081632653061,0.09090909090909091,0.09090909090909091,0.0,0.0,3,7,0,0,0,0,0,0,0.0,0.0,0.0,135000.0
10679321,0,1.0,0.0,0.0,0.0,1.0,0.0,0.0,0.0,0.0,0.0,0.0,0.0,0.0,0.0,0.0,0.0,0.0,1.0,0.030612244897959183,0.0,0.09090909090909091,0.0,0.05555555555555555,2,4,0,0,0,0,0,1,0.0,0.06,0.0,268000.0
10679325,1,0.0,0.0,1.0,0.0,0.0,0.0,0.0,0.0,0.0,1.0,0.0,0.0,0.0,0.0,0.0,0.0,1.0,0.0,0.1275510204081633,0.1818181818181818,0.18181818181818182,0.14285714285714285,0.05555555555555555,3,3,0,0,0,0,0,1,0.0,1.0,0.0001687328802610958,229000.0
10679328,1,0.0,0.0,1.0,0.0,0.0,0.0,0.0,1.0,0.0,0.0,0.0,0.0,0.0,0.0,0.0,0.0,0.0,1.0,0.07959183673469389,0.09090909090909091,0.09090909090909091,0.07142857142857142,0.05555555555555555,2,4,0,0,0,0,1,1,0.04,0.1,8.253238708423164e-05,159000.0
10679326,1,0.0,1.0,0.0,1.0,0.0,0.0,0.0,0.0,0.0,0.0,0.0,0.0,0.0,0.0,0.0,0.0,1.0,0.0,0.1,0.09090909090909091,0.09090909090909091,0.0,0.05555555555555555,0,4,0,0,0,0,1,0,0.028,0.0,9.170265231581294e-05,299000.0
10679329,1,0.0,0.0,1.0,0.0,0.0,0.0,0.0,1.0,0.0,0.0,0.0,0.0,0.0,0.0,1.0,0.0,0.0,0.0,0.08061224489795918,0.09090909090909091,0.09090909090909091,0.07142857142857142,0.05555555555555555,1,4,0,0,0,0,0,1,0.0,0.0,0.0,149000.0
10679331,1,0.0,0.0,1.0,0.0,0.0,0.0,0.0,1.0,0.0,0.0,0.0,0.0,0.0,0.0,0.0,0.0,0.0,1.0,0.1469387755102041,0.2727272727272727,0.09090909090909091,0.07142857142857142,0.1111111111111111,3,4,0,0,0,0,1,1,0.16,0.0,8.253238708423164e-05,184999.0
10679342,1,0.0,0.0,1.0,0.0,0.0,0.0,0.0,0.0,0.0,0.0,0.0,1.0,0.0,0.0,0.0,0.0,0.0,1.0,0.15306122448979595,0.09090909090909091,0.09090909090909091,0.0,0.1111111111111111,5,0,0,0,0,0,0,1,0.0,0.0,0.00037781492754114927,125000.0
10679332,1,0.0,0.0,1.0,0.0,0.0,0.0,0.0,1.0,0.0,0.0,0.0,0.0,0.0,0.0,0.0,1.0,0.0,0.0,0.10204081632653061,0.1818181818181818,0.09090909090909091,0.07142857142857142,0.05555555555555555,3,5,0,0,0,0,1,1,0.185,0.0,0.00016964990678425393,169999.0
10679344,1,0.0,0.0,1.0,0.0,0.0,0.0,0.0,0.0,0.0,1.0,0.0,0.0,0.0,0.0,0.0,0.0,1.0,0.0,0.06428571428571428,0.1818181818181818,0.09090909090909091,0.0,0.1111111111111111,3,6,0,0,0,0,1,1,1.0,0.13,0.0010958466951739645,299000.0
10679343,1,0.0,0.0,1.0,0.0,0.0,0.0,0.0,0.0,0.0,1.0,0.0,0.0,0.0,0.0,0.0,0.0,0.0,1.0,0.33979591836734696,0.5454545454545454,0.09090909090909091,0.14285714285714285,0.16666666666666666,3,4,0,0,1,0,1,1,1.0,0.45,0.001417723004802468,449000.0
10679345,1,0.0,1.0,0.0,1.0,0.0,0.0,0.0,0.0,0.0,0.0,0.0,0.0,0.0,0.0,0.0,0.0,0.0,1.0,0.15816326530612246,0.1818181818181818,0.09090909090909091,0.07142857142857142,0.0,0,6,0,0,0,0,0,1,0.0,0.0,0.0005327924099548731,249000.0
10679346,1,0.0,0.0,1.0,0.0,0.0,0.0,0.0,1.0,0.0,0.0,0.0,0.0,0.0,0.0,0.0,0.0,0.0,1.0,0.14285714285714288,0.09090909090909091,0.09090909090909091,0.07142857142857142,0.1111111111111111,4,4,0,0,0,0,1,1,0.166,0.0,0.00021275015337268602,139500.0
10679351,1,0.0,1.0,0.0,0.0,0.0,0.0,1.0,0.0,0.0,0.0,0.0,0.0,0.0,0.0,0.0,0.0,1.0,0.0,0.1142857142857143,0.1818181818181818,0.09090909090909091,0.07142857142857142,0.1111111111111111,3,6,0,0,0,0,1,1,0.4,0.4,0.0005713075239275146,430000.0
10679352,0,0.0,0.0,1.0,0.0,0.0,0.0,0.0,0.0,0.0,0.0,0.0,0.0,1.0,0.0,0.0,0.0,0.0,1.0,0.0673469387755102,0.09090909090909091,0.09090909090909091,0.0,0.05555555555555555,3,2,1,0,0,0,0,1,0.0,0.05,0.0,375000.0
10679358,1,0.0,0.0,1.0,0.0,0.0,0.0,0.0,0.0,0.0,1.0,0.0,0.0,0.0,0.0,0.0,0.0,0.0,1.0,0.10510204081632654,0.09090909090909091,0.09090909090909091,0.07142857142857142,0.1111111111111111,4,5,0,0,0,0,0,1,0.0,0.19,0.0001430561376126682,159000.0
10679356,1,0.0,0.0,1.0,0.0,0.0,0.0,0.0,0.0,0.0,1.0,0.0,0.0,0.0,0.0,0.0,0.0,1.0,0.0,0.09693877551020408,0.1818181818181818,0.09090909090909091,0.07142857142857142,0.1111111111111111,4,7,0,0,0,0,1,1,0.11,0.6,0.00017882017201583522,179000.0
10679359,1,0.0,0.0,1.0,0.0,0.0,0.0,0.0,0.0,0.0,1.0,0.0,0.0,0.0,0.0,0.0,0.0,1.0,0.0,0.04591836734693878,0.09090909090909091,0.09090909090909091,0.07142857142857142,0.05555555555555555,4,4,0,0,0,0,0,1,0.0,0.2,4.126619354211582e-05,85000.0
10679361,1,0.0,1.0,0.0,0.0,0.0,1.0,0.0,0.0,0.0,0.0,0.0,0.0,0.0,0.0,0.0,0.0,1.0,0.0,0.1438775510204082,0.1818181818181818,0.18181818181818182,0.14285714285714285,0.1111111111111111,1,1,1,0,0,0,0,1,0.0,0.11,0.00014764127022845884,329000.0
10679360,1,0.0,0.0,1.0,0.0,0.0,0.0,0.0,0.0,0.0,1.0,0.0,0.0,0.0,0.0,0.0,0.0,1.0,0.0,0.16632653061224492,0.2727272727272727,0.09090909090909091,0.07142857142857142,0.05555555555555555,4,7,0,0,0,0,1,1,1.0,0.5,0.0013947973417235146,249000.0
10548287,0,0.0,0.0,1.0,0.0,0.0,0.0,0.0,0.0,0.0,0.0,0.0,1.0,0.0,0.0,0.0,0.0,0.0,1.0,0.015306122448979595,0.0,0.09090909090909091,0.0,0.05555555555555555,1,4,0,0,0,0,0,0,0.0,0.0,0.0,57000.0
10679362,1,0.0,1.0,0.0,0.0,0.0,1.0,0.0,0.0,0.0,0.0,0.0,0.0,0.0,0.0,0.0,0.0,1.0,0.0,0.16836734693877553,0.2727272727272727,0.09090909090909091,0.0,0.1111111111111111,3,2,0,0,0,0,1,1,0.06,0.12,0.00016506477416846328,260000.0
10679369,1,0.0,0.0,1.0,0.0,0.0,0.0,0.0,0.0,0.0,1.0,0.0,0.0,0.0,0.0,0.0,0.0,1.0,0.0,0.09183673469387757,0.1818181818181818,0.09090909090909091,0.07142857142857142,0.1111111111111111,3,4,0,0,0,0,0,1,0.0,0.12,0.0,225000.0
10679365,1,0.0,1.0,0.0,1.0,0.0,0.0,0.0,0.0,0.0,0.0,0.0,0.0,0.0,0.0,0.0,0.0,1.0,0.0,0.18979591836734697,0.2727272727272727,0.09090909090909091,0.0,0.0,3,3,0,0,0,0,1,1,0.08,0.2,0.00015589450893688199,474000.0
10679375,1,0.0,0.0,1.0,0.0,0.0,0.0,0.0,0.0,0.0,1.0,0.0,0.0,0.0,0.0,0.0,0.0,0.0,1.0,0.1112244897959184,0.09090909090909091,0.0,0.07142857142857142,0.05555555555555555,5,5,0,0,0,0,1,1,0.095,0.15,0.0001751520659232027,165000.0
10679374,1,0.0,1.0,0.0,1.0,0.0,0.0,0.0,0.0,0.0,0.0,0.0,0.0,0.0,0.0,0.0,0.0,0.0,1.0,0.04081632653061225,0.0,0.09090909090909091,0.0,0.05555555555555555,4,6,0,0,0,0,0,1,0.0,0.28,7.336212185265035e-05,195000.0
10679373,1,0.0,0.0,1.0,0.0,0.0,0.0,0.0,0.0,0.0,0.0,0.0,1.0,0.0,0.0,0.0,0.0,1.0,0.0,0.0673469387755102,0.1818181818181818,0.18181818181818182,0.14285714285714285,0.1111111111111111,4,6,0,0,0,0,0,0,0.0,0.0,4.126619354211582e-05,145000.0
10679376,1,0.0,0.0,1.0,0.0,0.0,0.0,0.0,0.0,0.0,0.0,1.0,0.0,0.0,0.0,0.0,0.0,0.0,1.0,0.11938775510204083,0.1818181818181818,0.09090909090909091,0.0,0.05555555555555555,3,6,0,0,0,0,1,1,0.974,0.0,0.0015653642750309267,369000.0
10679379,0,0.0,1.0,0.0,0.0,0.0,0.0,0.0,0.0,1.0,0.0,0.0,0.0,0.0,0.0,0.0,0.0,0.0,1.0,0.06836734693877553,0.09090909090909091,0.09090909090909091,0.07142857142857142,0.05555555555555555,3,2,0,0,0,0,0,1,0.0,0.32,0.0,199000.0
10679382,0,1.0,0.0,0.0,0.0,1.0,0.0,0.0,0.0,0.0,0.0,0.0,0.0,0.0,0.0,0.0,1.0,0.0,0.0,0.03571428571428572,0.0,0.09090909090909091,0.07142857142857142,0.05555555555555555,5,0,0,0,0,0,0,1,0.0,0.03,0.0,219000.0
10679380,1,0.0,0.0,1.0,0.0,0.0,0.0,0.0,0.0,0.0,1.0,0.0,0.0,0.0,0.0,0.0,0.0,0.0,1.0,0.16836734693877553,0.2727272727272727,0.09090909090909091,0.07142857142857142,0.1111111111111111,2,5,0,0,0,0,0,0,0.0,0.0,0.0,189000.0
10679383,0,1.0,0.0,0.0,0.0,1.0,0.0,0.0,0.0,0.0,0.0,0.0,0.0,0.0,0.0,0.0,1.0,0.0,0.0,0.07142857142857142,0.09090909090909091,0.0,0.07142857142857142,0.05555555555555555,1,0,0,0,0,0,1,0,0.04,0.0,0.0,275000.0
10679391,1,0.0,0.0,1.0,0.0,0.0,0.0,0.0,0.0,0.0,1.0,0.0,0.0,0.0,0.0,0.0,0.0,1.0,0.0,0.06122448979591837,0.09090909090909091,0.09090909090909091,0.07142857142857142,0.05555555555555555,3,5,0,0,0,0,0,0,0.0,0.0,2.475971612526949e-05,89000.0
10679395,1,0.0,0.0,1.0,0.0,0.0,0.0,0.0,0.0,0.0,0.0,0.0,0.0,1.0,0.0,0.0,0.0,0.0,1.0,0.19387755102040818,0.1818181818181818,0.18181818181818182,0.0,0.1111111111111111,0,3,0,1,1,0,1,1,0.0,0.0,0.0030261875264218268,825000.0
10679393,1,0.0,0.0,1.0,0.0,0.0,0.0,0.0,1.0,0.0,0.0,0.0,0.0,0.0,0.0,0.0,1.0,0.0,0.0,0.1326530612244898,0.2727272727272727,0.09090909090909091,0.0,0.1111111111111111,0,5,0,0,0,0,1,1,0.935,0.0,0.0008574197991528509,239000.0
10679403,0,0.0,1.0,0.0,0.0,0.0,1.0,0.0,0.0,0.0,0.0,0.0,0.0,0.0,0.0,0.0,1.0,0.0,0.0,0.1785714285714286,0.2727272727272727,0.18181818181818182,0.0,0.1111111111111111,3,4,1,1,0,0,0,1,0.0,0.43,0.0,575000.0
10679404,0,0.0,1.0,0.0,0.0,0.0,1.0,0.0,0.0,0.0,0.0,0.0,0.0,0.0,0.0,0.0,1.0,0.0,0.0,0.1785714285714286,0.2727272727272727,0.18181818181818182,0.0,0.1111111111111111,3,4,1,1,0,0,0,1,0.0,0.43,0.0,575000.0
10679407,0,0.0,0.0,1.0,0.0,0.0,0.0,0.0,0.0,0.0,0.0,0.0,1.0,0.0,0.0,0.0,0.0,1.0,0.0,0.0816326530612245,0.09090909090909091,0.0,0.07142857142857142,0.05555555555555555,3,7,0,0,0,0,0,0,0.0,0.0,0.0,174000.0
10679406,0,0.0,0.0,1.0,0.0,0.0,0.0,0.0,0.0,0.0,0.0,0.0,1.0,0.0,0.0,0.0,0.0,1.0,0.0,0.0836734693877551,0.09090909090909091,0.09090909090909091,0.0,0.05555555555555555,2,3,1,0,0,1,0,1,0.0,0.03,0.0,245000.0
10679409,1,0.0,1.0,0.0,1.0,0.0,0.0,0.0,0.0,0.0,0.0,0.0,0.0,0.0,0.0,0.0,0.0,0.0,1.0,0.7448979591836735,0.2727272727272727,0.36363636363636365,0.0,0.0,1,3,0,0,0,0,0,0,0.0,0.0,0.009032711253107574,3995000.0
10679405,1,0.0,0.0,1.0,0.0,0.0,0.0,0.0,0.0,0.0,0.0,0.0,1.0,0.0,0.0,0.0,0.0,0.0,1.0,0.0336734693877551,0.09090909090909091,0.09090909090909091,0.0,0.05555555555555555,3,7,0,1,0,0,1,1,0.224,0.05,0.00020541394118742096,59000.0
10679411,1,0.0,0.0,1.0,0.0,0.0,0.0,0.0,1.0,0.0,0.0,0.0,0.0,0.0,0.0,0.0,1.0,0.0,0.0,0.09183673469387757,0.0,0.0,0.0,0.0,6,7,0,0,0,0,0,0,0.0,0.0,0.00015130937632109134,45000.0
10679415,1,0.0,1.0,0.0,0.0,0.0,0.0,1.0,0.0,0.0,0.0,0.0,0.0,0.0,0.0,0.0,0.0,1.0,0.0,0.11734693877551022,0.1818181818181818,0.09090909090909091,0.0,0.0,4,0,0,0,0,0,0,1,0.0,0.3,0.0001971607024789978,287000.0
10679413,0,1.0,0.0,0.0,0.0,1.0,0.0,0.0,0.0,0.0,0.0,0.0,0.0,0.0,0.0,0.0,0.0,0.0,1.0,0.13673469387755105,0.1818181818181818,0.09090909090909091,0.0,0.05555555555555555,1,7,0,0,0,0,0,0,0.0,0.0,0.0,398000.0
10679412,0,0.0,1.0,0.0,0.0,0.0,1.0,0.0,0.0,0.0,0.0,0.0,0.0,0.0,0.0,0.0,0.0,0.0,1.0,0.15816326530612246,0.2727272727272727,0.18181818181818182,0.0,0.0,3,2,1,0,0,0,0,1,0.0,0.0,0.0,375000.0
10679414,1,0.0,1.0,0.0,1.0,0.0,0.0,0.0,0.0,0.0,0.0,0.0,0.0,0.0,0.0,0.0,0.0,0.0,1.0,0.1979591836734694,0.1818181818181818,0.09090909090909091,0.0,0.0,4,6,0,0,0,0,0,0,0.0,0.0,0.001269164708050851,365000.0
10679416,1,0.0,0.0,1.0,0.0,0.0,0.0,0.0,0.0,0.0,1.0,0.0,0.0,0.0,0.0,0.0,0.0,0.0,1.0,0.10510204081632654,0.1818181818181818,0.09090909090909091,0.0,0.1111111111111111,3,3,0,0,0,0,0,1,0.0,0.0,0.0010738380586181695,329000.0
10679418,1,0.0,0.0,1.0,0.0,0.0,0.0,0.0,1.0,0.0,0.0,0.0,0.0,0.0,0.0,0.0,1.0,0.0,0.0,0.08877551020408164,0.2727272727272727,0.09090909090909091,0.0,0.0,4,5,0,0,0,0,0,1,0.0,0.0,0.0002475971612526949,215000.0
10679421,1,0.0,1.0,0.0,1.0,0.0,0.0,0.0,0.0,0.0,0.0,0.0,0.0,0.0,0.0,0.0,0.0,0.0,1.0,0.10816326530612247,0.1818181818181818,0.09090909090909091,0.0,0.05555555555555555,5,6,0,0,0,0,0,0,0.0,0.0,0.0005263732242927662,249000.0
10679422,1,0.0,0.0,1.0,0.0,0.0,0.0,0.0,0.0,0.0,0.0,0.0,1.0,0.0,0.0,0.0,0.0,0.0,1.0,0.19387755102040818,0.1818181818181818,0.18181818181818182,0.0,0.16666666666666666,3,6,0,0,0,0,1,0,1.0,0.0,0.0021577634089910785,295000.0
10679426,1,0.0,0.0,1.0,0.0,0.0,0.0,0.0,0.0,0.0,0.0,0.0,1.0,0.0,0.0,0.0,0.0,0.0,1.0,0.286734693877551,0.2727272727272727,0.09090909090909091,0.0,0.1111111111111111,3,2,0,1,0,0,0,0,0.0,0.0,0.0009537075840844546,339000.0
10679433,1,0.0,0.0,1.0,0.0,0.0,0.0,0.0,1.0,0.0,0.0,0.0,0.0,0.0,0.0,0.0,0.0,0.0,1.0,0.20204081632653065,0.1818181818181818,0.09090909090909091,0.0,0.1111111111111111,3,4,0,1,0,0,1,1,0.0,0.25,0.0006437526192570068,430000.0
10679425,1,0.0,0.0,1.0,0.0,0.0,0.0,0.0,0.0,0.0,0.0,0.0,0.0,1.0,0.0,0.0,0.0,0.0,1.0,0.2857142857142857,0.2727272727272727,0.0,0.14285714285714285,0.1111111111111111,4,3,0,1,0,0,0,1,0.0,0.0,0.0006795166536601739,400000.0
10679437,1,0.0,1.0,0.0,1.0,0.0,0.0,0.0,0.0,0.0,0.0,0.0,0.0,0.0,0.0,0.0,1.0,0.0,0.0,0.12653061224489798,0.09090909090909091,0.09090909090909091,0.0,0.0,3,4,0,0,0,0,1,0,0.58,0.0,0.0006235780357475279,449000.0
10679438,0,0.0,0.0,1.0,0.0,0.0,0.0,0.0,0.0,0.0,1.0,0.0,0.0,0.0,0.0,0.0,0.0,1.0,0.0,0.09693877551020408,0.09090909090909091,0.09090909090909091,0.07142857142857142,0.05555555555555555,2,0,0,0,0,0,0,1,0.0,0.01,0.0,195000.0
10679455,1,0.0,1.0,0.0,0.0,0.0,0.0,1.0,0.0,0.0,0.0,0.0,0.0,0.0,0.0,1.0,0.0,0.0,0.0,0.08469387755102042,0.09090909090909091,0.09090909090909091,0.0,0.05555555555555555,4,4,0,0,0,0,0,1,0.0,0.0,9.07856257926548e-05,330000.0
10679451,1,0.0,1.0,0.0,0.0,0.0,0.0,1.0,0.0,0.0,0.0,0.0,0.0,0.0,0.0,0.0,0.0,0.0,1.0,0.2479591836734694,0.1818181818181818,0.09090909090909091,0.0,0.1111111111111111,3,6,0,0,0,0,0,0,0.0,0.0,0.0006483377518727974,410000.0
10679450,1,0.0,0.0,1.0,0.0,0.0,0.0,0.0,0.0,0.0,0.0,0.0,0.0,1.0,0.0,0.0,0.0,0.0,1.0,0.20408163265306126,0.1818181818181818,0.18181818181818182,0.0,0.1111111111111111,0,0,0,0,0,0,0,1,0.0,0.0,0.0011802131353045124,645000.0
10679456,0,1.0,0.0,0.0,0.0,1.0,0.0,0.0,0.0,0.0,0.0,0.0,0.0,0.0,0.0,0.0,1.0,0.0,0.0,0.09693877551020408,0.1818181818181818,0.18181818181818182,0.14285714285714285,0.1111111111111111,3,5,1,0,0,0,0,1,0.0,0.0,0.0,495000.0
10679457,0,0.0,1.0,0.0,1.0,0.0,0.0,0.0,0.0,0.0,0.0,0.0,0.0,0.0,0.0,0.0,0.0,1.0,0.0,0.0163265306122449,0.0,0.09090909090909091,0.0,0.0,4,0,0,0,0,0,0,0,0.0,0.0,0.0,105000.0
10679461,1,0.0,0.0,1.0,0.0,0.0,0.0,0.0,0.0,0.0,0.0,0.0,1.0,0.0,0.0,0.0,0.0,0.0,1.0,0.12142857142857144,0.1818181818181818,0.09090909090909091,0.0,0.1111111111111111,1,1,0,0,0,0,0,1,0.0,0.0,0.0004227492271758976,295000.0
10679463,0,0.0,1.0,0.0,0.0,0.0,0.0,0.0,0.0,0.0,0.0,0.0,0.0,0.0,1.0,0.0,0.0,1.0,0.0,0.06938775510204082,0.09090909090909091,0.09090909090909091,0.0,0.0,4,3,0,0,0,0,0,1,0.0,0.0,0.0,169000.0
10679466,0,0.0,0.0,1.0,0.0,0.0,0.0,0.0,0.0,0.0,0.0,1.0,0.0,0.0,0.0,0.0,0.0,0.0,1.0,0.07448979591836735,0.1818181818181818,0.09090909090909091,0.0,0.05555555555555555,0,6,1,0,0,0,0,0,0.0,0.0,0.0,219000.0
10679470,1,0.0,1.0,0.0,1.0,0.0,0.0,0.0,0.0,0.0,0.0,0.0,0.0,0.0,0.0,0.0,0.0,0.0,1.0,0.163265306122449,0.1818181818181818,0.18181818181818182,0.14285714285714285,0.16666666666666666,1,0,0,0,0,0,0,1,0.0,0.25,0.0001375539784737194,569000.0
10679465,1,0.0,0.0,1.0,0.0,0.0,0.0,0.0,0.0,0.0,0.0,1.0,0.0,0.0,0.0,0.0,0.0,0.0,1.0,0.10204081632653061,0.1818181818181818,0.0,0.0,0.0,0,0,0,0,0,0,1,0,0.0,0.0,0.0006758485475675413,225463.0
10679471,0,0.0,0.0,1.0,0.0,0.0,0.0,0.0,0.0,0.0,0.0,1.0,0.0,0.0,0.0,0.0,0.0,0.0,1.0,0.0816326530612245,0.09090909090909091,0.0,0.07142857142857142,0.05555555555555555,3,3,0,1,0,0,1,0,0.0,0.0,0.0,99000.0
10679467,1,0.0,0.0,1.0,0.0,0.0,0.0,0.0,0.0,0.0,1.0,0.0,0.0,0.0,0.0,0.0,0.0,0.0,1.0,0.006122448979591837,0.0,0.09090909090909091,0.07142857142857142,0.05555555555555555,3,6,0,0,0,0,0,1,0.0,0.1,0.0,99000.0
10679472,1,0.0,0.0,1.0,0.0,0.0,0.0,0.0,0.0,0.0,0.0,0.0,0.0,1.0,0.0,0.0,0.0,0.0,1.0,0.4387755102040817,0.4545454545454545,0.18181818181818182,0.14285714285714285,0.1111111111111111,3,5,0,1,0,0,1,1,0.7000000000000001,0.4,0.0007794725446844099,618000.0
10679473,1,0.0,0.0,1.0,0.0,0.0,0.0,0.0,0.0,0.0,0.0,0.0,0.0,1.0,0.0,0.0,0.0,0.0,1.0,0.2448979591836735,0.2727272727272727,0.09090909090909091,0.0,0.1111111111111111,0,3,0,1,1,0,1,1,0.0,1.0,0.002659376917158575,575000.0
10679476,1,0.0,0.0,1.0,0.0,0.0,0.0,0.0,0.0,0.0,0.0,0.0,1.0,0.0,0.0,0.0,0.0,0.0,1.0,0.6734693877551021,0.6363636363636364,0.6363636363636364,0.0,0.38888888888888884,3,4,0,1,0,0,0,1,0.0,0.0,0.034768143599017316,1000000.0
10679474,1,0.0,0.0,1.0,0.0,0.0,0.0,0.0,0.0,0.0,0.0,1.0,0.0,0.0,0.0,0.0,0.0,0.0,1.0,0.6734693877551021,0.6363636363636364,0.6363636363636364,0.0,0.38888888888888884,3,4,0,1,0,0,0,1,0.0,0.0,0.034768143599017316,1000000.0
10679475,1,0.0,0.0,1.0,0.0,0.0,0.0,0.0,0.0,0.0,0.0,0.0,1.0,0.0,0.0,0.0,0.0,0.0,1.0,0.5918367346938775,0.8181818181818182,0.7272727272727273,0.0,0.0,1,6,0,1,0,0,0,1,0.0,0.0,0.00439714217854323,1250000.0
10679485,0,1.0,0.0,0.0,0.0,1.0,0.0,0.0,0.0,0.0,0.0,0.0,0.0,0.0,0.0,1.0,0.0,0.0,0.0,0.07755102040816328,0.09090909090909091,0.0,0.0,0.05555555555555555,3,3,0,0,0,0,0,1,0.0,0.0,0.0,449000.0
10679483,0,0.0,1.0,0.0,0.0,0.0,0.0,0.0,0.0,0.0,0.0,0.0,0.0,0.0,1.0,0.0,0.0,0.0,1.0,0.05612244897959184,0.09090909090909091,0.09090909090909091,0.0,0.05555555555555555,3,0,1,0,0,0,0,1,0.0,0.35000000000000003,0.0,347500.0
10679481,1,0.0,1.0,0.0,0.0,0.0,1.0,0.0,0.0,0.0,0.0,0.0,0.0,0.0,0.0,0.0,0.0,1.0,0.0,0.10204081632653061,0.1818181818181818,0.09090909090909091,0.0,0.0,5,6,0,0,0,0,0,0,0.0,0.0,0.0018331360197931005,289000.0
10679498,1,0.0,0.0,1.0,0.0,0.0,0.0,0.0,0.0,0.0,0.0,0.0,1.0,0.0,0.0,0.0,0.0,0.0,1.0,0.1306122448979592,0.1818181818181818,0.0,0.07142857142857142,0.1111111111111111,1,1,0,0,0,0,0,1,0.0,0.0,0.00036681060926325174,305000.0
10679488,1,1.0,0.0,0.0,0.0,1.0,0.0,0.0,0.0,0.0,0.0,0.0,0.0,0.0,0.0,0.0,0.0,1.0,0.0,0.3622448979591837,0.5454545454545454,0.0,0.0,0.2777777777777778,3,4,0,0,0,0,0,1,0.0,0.0,0.0003860681662495725,1150000.0
10679502,0,0.0,0.0,1.0,0.0,0.0,0.0,0.0,0.0,0.0,1.0,0.0,0.0,0.0,0.0,1.0,0.0,0.0,0.0,0.07857142857142857,0.09090909090909091,0.0,0.07142857142857142,0.05555555555555555,3,2,1,1,0,0,0,1,0.0,0.34,0.0,290000.0
10679503,0,0.0,0.0,1.0,0.0,0.0,0.0,0.0,0.0,0.0,0.0,0.0,1.0,0.0,0.0,1.0,0.0,0.0,0.0,0.0336734693877551,0.09090909090909091,0.09090909090909091,0.0,0.05555555555555555,0,0,0,0,0,0,1,0,0.0,0.0,0.0,239000.0
10679505,1,0.0,0.0,1.0,0.0,0.0,0.0,0.0,0.0,0.0,0.0,0.0,1.0,0.0,0.0,0.0,0.0,0.0,1.0,0.13469387755102044,0.2727272727272727,0.09090909090909091,0.0,0.1111111111111111,0,3,0,0,0,0,1,0,0.0,0.0,0.00015039234979793322,269000.0
10679513,1,0.0,0.0,1.0,0.0,0.0,0.0,0.0,0.0,0.0,0.0,1.0,0.0,0.0,0.0,0.0,0.0,0.0,1.0,0.15408163265306124,0.1818181818181818,0.0,0.07142857142857142,0.05555555555555555,5,7,0,0,0,0,1,0,0.6900000000000001,0.0,0.0,250000.0
10679506,1,0.0,0.0,1.0,0.0,0.0,0.0,0.0,0.0,0.0,1.0,0.0,0.0,0.0,0.0,0.0,0.0,0.0,1.0,0.005102040816326529,0.0,0.09090909090909091,0.07142857142857142,0.05555555555555555,3,7,0,0,0,0,0,1,0.0,0.1,0.0,99000.0
10679516,0,0.0,0.0,1.0,0.0,0.0,0.0,0.0,0.0,0.0,1.0,0.0,0.0,0.0,0.0,0.0,0.0,0.0,1.0,0.07551020408163267,0.09090909090909091,0.0,0.0,0.0,3,3,0,0,0,0,0,0,0.0,0.0,0.0,160000.0
10679517,1,0.0,0.0,1.0,0.0,0.0,0.0,0.0,1.0,0.0,0.0,0.0,0.0,0.0,0.0,0.0,1.0,0.0,0.0,0.04897959183673469,0.0,0.09090909090909091,0.0,0.05555555555555555,0,7,0,0,0,0,1,0,0.12,0.0,0.00015956261502951451,78000.0
10679518,0,0.0,1.0,0.0,1.0,0.0,0.0,0.0,0.0,0.0,0.0,0.0,0.0,0.0,0.0,0.0,0.0,1.0,0.0,0.06632653061224492,0.09090909090909091,0.09090909090909091,0.0,0.0,0,0,1,0,0,0,0,1,0.0,0.12,0.0,425000.0
10679523,1,0.0,0.0,1.0,0.0,0.0,0.0,0.0,0.0,0.0,1.0,0.0,0.0,0.0,0.0,0.0,0.0,0.0,1.0,0.025510204081632654,0.09090909090909091,0.09090909090909091,0.07142857142857142,0.05555555555555555,3,7,0,0,0,0,0,1,0.0,0.11,0.0,149000.0
10679542,1,1.0,0.0,0.0,0.0,1.0,0.0,0.0,0.0,0.0,0.0,0.0,0.0,0.0,0.0,0.0,0.0,0.0,1.0,0.5142857142857143,0.6363636363636364,0.4545454545454546,0.3571428571428571,0.2777777777777778,3,6,1,0,0,0,0,1,0.0,0.2,0.0002751079569474388,1675000.0
10679544,0,1.0,0.0,0.0,0.0,1.0,0.0,0.0,0.0,0.0,0.0,0.0,0.0,0.0,0.0,0.0,0.0,0.0,1.0,0.07040816326530613,0.1818181818181818,0.09090909090909091,0.07142857142857142,0.05555555555555555,3,4,1,0,0,0,0,1,0.0,0.1,0.0,285000.0
10679546,1,0.0,0.0,1.0,0.0,0.0,0.0,0.0,1.0,0.0,0.0,0.0,0.0,0.0,0.0,1.0,0.0,0.0,0.0,0.08265306122448982,0.2727272727272727,0.09090909090909091,0.0,0.1111111111111111,1,0,0,1,0,1,1,0,0.065,0.0,0.00012379858062634745,89000.0
10679547,0,1.0,0.0,0.0,0.0,1.0,0.0,0.0,0.0,0.0,0.0,0.0,0.0,0.0,0.0,0.0,1.0,0.0,0.0,0.051020408163265314,0.09090909090909091,0.09090909090909091,0.07142857142857142,0.05555555555555555,5,0,0,0,0,0,0,1,0.0,0.03,0.0,239000.0
10679553,1,1.0,0.0,0.0,0.0,1.0,0.0,0.0,0.0,0.0,0.0,0.0,0.0,0.0,0.0,0.0,0.0,0.0,1.0,0.1479591836734694,0.2727272727272727,0.18181818181818182,0.0,0.16666666666666666,4,7,0,0,0,0,1,1,0.08600000000000001,0.22,0.00017331801287688646,575000.0
10679561,0,1.0,0.0,0.0,0.0,1.0,0.0,0.0,0.0,0.0,0.0,0.0,0.0,0.0,0.0,0.0,1.0,0.0,0.0,0.176530612244898,0.36363636363636365,0.2727272727272727,0.21428571428571427,0.16666666666666666,4,7,0,0,0,0,1,0,0.055,0.0,0.0,360000.0
10679572,1,0.0,0.0,1.0,0.0,0.0,0.0,0.0,0.0,0.0,1.0,0.0,0.0,0.0,0.0,0.0,0.0,0.0,1.0,0.17551020408163268,0.2727272727272727,0.09090909090909091,0.07142857142857142,0.16666666666666666,0,5,0,0,0,0,0,1,0.0,0.84,0.0004401727311159021,495000.0
10679569,0,0.0,0.0,1.0,0.0,0.0,0.0,0.0,0.0,0.0,1.0,0.0,0.0,0.0,0.0,1.0,0.0,0.0,0.0,0.0336734693877551,0.0,0.09090909090909091,0.0,0.05555555555555555,0,3,0,0,0,0,0,0,0.0,0.0,0.0,149000.0
10679574,1,0.0,1.0,0.0,0.0,0.0,0.0,1.0,0.0,0.0,0.0,0.0,0.0,0.0,0.0,0.0,0.0,0.0,1.0,0.09591836734693879,0.09090909090909091,0.09090909090909091,0.0,0.05555555555555555,5,6,0,1,0,0,1,0,0.0,0.0,0.0002283396042663742,198000.0
10679580,0,1.0,0.0,0.0,0.0,1.0,0.0,0.0,0.0,0.0,0.0,0.0,0.0,0.0,0.0,0.0,0.0,0.0,1.0,0.04081632653061225,0.0,0.09090909090909091,0.0,0.05555555555555555,3,3,1,0,0,0,0,1,0.0,0.04,0.0,198000.0
10679582,1,1.0,0.0,0.0,0.0,1.0,0.0,0.0,0.0,0.0,0.0,0.0,0.0,0.0,0.0,0.0,1.0,0.0,0.0,0.30612244897959184,0.2727272727272727,0.0,0.0,0.16666666666666666,3,6,0,0,1,0,1,1,0.267,0.0,0.0003750638479716749,749000.0
10679575,0,1.0,0.0,0.0,0.0,1.0,0.0,0.0,0.0,0.0,0.0,0.0,0.0,0.0,0.0,0.0,0.0,0.0,1.0,0.06020408163265307,0.09090909090909091,0.09090909090909091,0.0,0.05555555555555555,3,3,1,0,0,0,0,1,0.0,0.0,0.0,239000.0
10679583,1,0.0,1.0,0.0,0.0,0.0,0.0,0.0,0.0,1.0,0.0,0.0,0.0,0.0,0.0,0.0,0.0,1.0,0.0,0.13571428571428573,0.09090909090909091,0.09090909090909091,0.0,0.0,3,6,0,0,0,0,0,1,0.0,0.0,0.0018276338606541518,475000.0
10679585,1,1.0,0.0,0.0,0.0,1.0,0.0,0.0,0.0,0.0,0.0,0.0,0.0,0.0,0.0,0.0,1.0,0.0,0.0,0.1836734693877551,0.2727272727272727,0.0,0.0,0.05555555555555555,4,7,0,0,0,0,0,0,0.0,0.0,6.144077705159467e-05,595000.0
10679588,0,1.0,0.0,0.0,0.0,1.0,0.0,0.0,0.0,0.0,0.0,0.0,0.0,0.0,0.0,1.0,0.0,0.0,0.0,0.15306122448979595,0.09090909090909091,0.0,0.0,0.05555555555555555,3,5,0,0,0,0,0,1,0.0,0.0,0.0,595000.0
10679595,0,0.0,1.0,0.0,0.0,0.0,0.0,0.0,0.0,0.0,0.0,0.0,0.0,0.0,1.0,0.0,0.0,0.0,1.0,0.09489795918367347,0.09090909090909091,0.18181818181818182,0.0,0.0,1,1,0,0,0,0,0,1,0.0,0.67,0.0,785000.0
10679598,0,0.0,0.0,1.0,0.0,0.0,0.0,0.0,0.0,0.0,1.0,0.0,0.0,0.0,0.0,0.0,0.0,0.0,1.0,0.06632653061224492,0.09090909090909091,0.09090909090909091,0.07142857142857142,0.1111111111111111,3,4,0,0,0,0,0,0,0.0,0.0,0.0,170000.0
10679599,1,0.0,0.0,1.0,0.0,0.0,0.0,0.0,0.0,0.0,0.0,0.0,0.0,1.0,0.0,0.0,0.0,0.0,1.0,0.20816326530612247,0.2727272727272727,0.18181818181818182,0.14285714285714285,0.16666666666666666,4,6,0,0,0,0,1,1,1.0,0.0,0.0018248827810846773,595000.0
10679608,0,0.0,1.0,0.0,0.0,0.0,1.0,0.0,0.0,0.0,0.0,0.0,0.0,0.0,0.0,0.0,0.0,1.0,0.0,0.08469387755102042,0.09090909090909091,0.09090909090909091,0.0,0.0,3,2,0,0,0,0,0,1,0.0,0.12,0.0,235000.0
10679606,0,0.0,0.0,1.0,0.0,0.0,0.0,0.0,0.0,0.0,1.0,0.0,0.0,0.0,0.0,0.0,0.0,0.0,1.0,0.07653061224489796,0.09090909090909091,0.09090909090909091,0.07142857142857142,0.05555555555555555,3,4,1,0,0,0,0,0,0.0,0.0,0.0,159900.0
10679609,1,0.0,0.0,1.0,0.0,0.0,0.0,0.0,0.0,0.0,0.0,0.0,1.0,0.0,0.0,0.0,0.0,0.0,1.0,0.05612244897959184,0.09090909090909091,0.09090909090909091,0.0,0.05555555555555555,0,0,0,0,0,0,0,1,0.0,0.01,0.0019257556986320716,135000.0
10679610,1,0.0,0.0,1.0,0.0,0.0,0.0,0.0,0.0,0.0,0.0,0.0,1.0,0.0,0.0,0.0,0.0,0.0,1.0,0.14285714285714288,0.1818181818181818,0.0,0.07142857142857142,0.1111111111111111,1,2,0,0,0,0,0,1,0.0,0.0,0.0,285000.0
10679611,0,0.0,1.0,0.0,1.0,0.0,0.0,0.0,0.0,0.0,0.0,0.0,0.0,0.0,0.0,0.0,0.0,0.0,1.0,0.07142857142857142,0.09090909090909091,0.09090909090909091,0.0,0.1111111111111111,0,2,1,0,0,1,0,0,0.0,0.0,0.0,265000.0
10679605,0,0.0,1.0,0.0,1.0,0.0,0.0,0.0,0.0,0.0,0.0,0.0,0.0,0.0,0.0,0.0,0.0,1.0,0.0,0.0673469387755102,0.09090909090909091,0.09090909090909091,0.0,0.05555555555555555,3,3,0,0,0,0,0,1,0.0,0.0,0.0,219500.0
10417466,1,0.0,1.0,0.0,0.0,0.0,1.0,0.0,0.0,0.0,0.0,0.0,0.0,0.0,0.0,0.0,1.0,0.0,0.0,0.15204081632653063,0.1818181818181818,0.18181818181818182,0.0,0.1111111111111111,0,0,0,0,0,0,0,0,0.0,0.0,0.0007336212185265035,804170.0
10679624,0,1.0,0.0,0.0,0.0,1.0,0.0,0.0,0.0,0.0,0.0,0.0,0.0,0.0,0.0,0.0,0.0,0.0,1.0,0.0326530612244898,0.0,0.0,0.0,0.05555555555555555,3,0,0,0,0,0,0,0,0.0,0.0,0.0,195000.0
10679625,0,0.0,0.0,1.0,0.0,0.0,0.0,0.0,0.0,0.0,0.0,0.0,0.0,1.0,0.0,0.0,0.0,0.0,1.0,0.09897959183673471,0.09090909090909091,0.09090909090909091,0.0,0.05555555555555555,1,3,1,0,0,0,0,1,0.0,0.06,0.0,399000.0
10679620,1,0.0,1.0,0.0,0.0,0.0,0.0,0.0,0.0,1.0,0.0,0.0,0.0,0.0,0.0,0.0,0.0,0.0,1.0,0.31734693877551023,0.36363636363636365,0.09090909090909091,0.0,0.0,3,4,0,0,0,0,0,1,0.0,0.0,0.0006364164070717418,319000.0
10679633,1,0.0,1.0,0.0,0.0,0.0,0.0,1.0,0.0,0.0,0.0,0.0,0.0,0.0,0.0,0.0,0.0,0.0,1.0,0.2969387755102041,0.2727272727272727,0.18181818181818182,0.0,0.1111111111111111,0,2,0,0,1,0,0,1,0.0,0.0,0.0007684682264065124,999999.0
10679631,1,0.0,1.0,0.0,1.0,0.0,0.0,0.0,0.0,0.0,0.0,0.0,0.0,0.0,0.0,0.0,0.0,0.0,1.0,0.13673469387755105,0.2727272727272727,0.09090909090909091,0.0,0.0,3,3,0,1,0,0,1,0,0.0,0.0,0.00018982449029373278,349000.0
10679635,0,1.0,0.0,0.0,0.0,1.0,0.0,0.0,0.0,0.0,0.0,0.0,0.0,0.0,0.0,1.0,0.0,0.0,0.0,0.06428571428571428,0.09090909090909091,0.09090909090909091,0.0,0.05555555555555555,2,0,0,1,0,0,0,1,0.0,0.12,0.0,370000.0
10679637,0,0.0,1.0,0.0,0.0,0.0,0.0,0.0,0.0,0.0,0.0,0.0,0.0,0.0,1.0,0.0,0.0,1.0,0.0,0.10408163265306122,0.09090909090909091,0.09090909090909091,0.0,0.0,1,0,0,0,0,0,0,1,0.0,0.16,0.0,575000.0
10679638,0,0.0,1.0,0.0,0.0,0.0,0.0,0.0,0.0,0.0,0.0,0.0,0.0,0.0,1.0,0.0,0.0,1.0,0.0,0.10408163265306122,0.09090909090909091,0.09090909090909091,0.0,0.0,1,0,0,0,0,0,0,1,0.0,0.11,0.0,445000.0
10679639,1,0.0,1.0,0.0,0.0,0.0,1.0,0.0,0.0,0.0,0.0,0.0,0.0,0.0,0.0,0.0,1.0,0.0,0.0,0.18775510204081636,0.09090909090909091,0.09090909090909091,0.0,0.0,3,4,0,0,0,0,0,0,0.0,0.0,9.537075840844545e-05,335000.0
10679640,1,0.0,1.0,0.0,0.0,0.0,1.0,0.0,0.0,0.0,0.0,0.0,0.0,0.0,0.0,0.0,0.0,0.0,1.0,0.13367346938775512,0.1818181818181818,0.09090909090909091,0.0,0.1111111111111111,1,2,0,1,0,0,1,1,0.0,0.0,0.0007409574307117685,479000.0
10679642,1,0.0,0.0,1.0,0.0,0.0,0.0,0.0,0.0,0.0,0.0,0.0,1.0,0.0,0.0,0.0,0.0,1.0,0.0,0.10204081632653061,0.1818181818181818,0.09090909090909091,0.0,0.1111111111111111,1,0,0,0,0,0,0,0,0.0,0.0,0.0004493429963474834,190000.0
10679643,1,0.0,0.0,1.0,0.0,0.0,0.0,0.0,0.0,0.0,0.0,0.0,1.0,0.0,0.0,0.0,1.0,0.0,0.0,0.20204081632653065,0.1818181818181818,0.09090909090909091,0.0,0.0,0,6,0,1,0,0,0,1,0.0,0.0,0.0005245391712464499,229000.0
10679649,0,0.0,1.0,0.0,0.0,0.0,0.0,1.0,0.0,0.0,0.0,0.0,0.0,0.0,0.0,0.0,0.0,1.0,0.0,0.08571428571428572,0.09090909090909091,0.09090909090909091,0.0,0.0,3,3,1,0,0,0,0,1,0.0,0.0,0.0,169000.0
10679659,1,0.0,0.0,1.0,0.0,0.0,0.0,0.0,1.0,0.0,0.0,0.0,0.0,0.0,0.0,0.0,0.0,1.0,0.0,0.11224489795918369,0.1818181818181818,0.09090909090909091,0.0,0.1111111111111111,3,3,0,1,1,0,0,1,0.0,0.0,0.0007785555181612518,385000.0
10679653,1,0.0,0.0,1.0,0.0,0.0,0.0,0.0,0.0,0.0,0.0,0.0,1.0,0.0,0.0,0.0,0.0,0.0,1.0,0.17551020408163268,0.36363636363636365,0.18181818181818182,0.0,0.0,3,2,0,0,0,0,1,0,1.0,0.0,0.0018322189932699425,450000.0
10679650,1,0.0,1.0,0.0,1.0,0.0,0.0,0.0,0.0,0.0,0.0,0.0,0.0,0.0,0.0,0.0,0.0,0.0,1.0,0.09489795918367347,0.1818181818181818,0.09090909090909091,0.0,0.1111111111111111,0,1,0,1,0,0,1,0,0.054,0.0,0.0,361000.0
10679654,1,0.0,0.0,1.0,0.0,0.0,0.0,0.0,0.0,0.0,0.0,0.0,1.0,0.0,0.0,0.0,0.0,0.0,1.0,0.17551020408163268,0.36363636363636365,0.18181818181818182,0.0,0.0,3,2,0,0,0,0,1,0,1.0,0.0,0.0018322189932699425,450000.0
10679661,1,0.0,1.0,0.0,0.0,0.0,0.0,0.0,0.0,0.0,0.0,0.0,0.0,0.0,1.0,0.0,0.0,0.0,1.0,0.2653061224489796,0.2727272727272727,0.2727272727272727,0.0,0.1111111111111111,1,0,0,1,0,0,0,1,0.0,0.0,0.005980846984037319,790000.0
10679660,0,0.0,1.0,0.0,0.0,0.0,1.0,0.0,0.0,0.0,0.0,0.0,0.0,0.0,0.0,1.0,0.0,0.0,0.0,0.17346938775510207,0.09090909090909091,0.18181818181818182,0.0,0.1111111111111111,3,0,0,1,0,0,0,0,0.0,0.0,0.0,695000.0
10679663,1,0.0,1.0,0.0,0.0,0.0,0.0,0.0,0.0,0.0,0.0,0.0,0.0,0.0,1.0,0.0,0.0,0.0,1.0,0.18571428571428575,0.1818181818181818,0.09090909090909091,0.07142857142857142,0.05555555555555555,4,5,0,1,0,0,1,1,0.0,0.0,0.00042641733326853013,235000.0
10679665,1,0.0,1.0,0.0,0.0,0.0,0.0,0.0,0.0,0.0,0.0,0.0,0.0,0.0,1.0,0.0,0.0,0.0,1.0,0.2653061224489796,0.2727272727272727,0.2727272727272727,0.0,0.1111111111111111,1,0,0,1,0,0,0,1,0.0,0.0,0.005980846984037319,790000.0
10679666,1,0.0,1.0,0.0,0.0,0.0,1.0,0.0,0.0,0.0,0.0,0.0,0.0,0.0,0.0,1.0,0.0,0.0,0.0,0.17346938775510207,0.09090909090909091,0.18181818181818182,0.0,0.1111111111111111,3,0,0,1,0,0,0,0,0.0,0.0,0.00017423503940004458,695000.0
10679668,0,0.0,0.0,1.0,0.0,0.0,0.0,0.0,1.0,0.0,0.0,0.0,0.0,0.0,0.0,0.0,1.0,0.0,0.0,0.06224489795918368,0.09090909090909091,0.0,0.0,0.0,0,3,1,1,0,0,0,1,0.0,0.0,0.0,145000.0
10679671,0,0.0,1.0,0.0,0.0,0.0,0.0,0.0,0.0,0.0,0.0,0.0,0.0,0.0,1.0,0.0,0.0,1.0,0.0,0.07959183673469389,0.09090909090909091,0.09090909090909091,0.0,0.0,1,0,0,0,0,0,0,1,0.0,0.24,0.0,409000.0
10679673,1,0.0,0.0,1.0,0.0,0.0,0.0,0.0,0.0,0.0,1.0,0.0,0.0,0.0,0.0,0.0,0.0,0.0,1.0,0.23469387755102042,0.7272727272727273,0.0,0.0,0.0,6,5,0,0,0,0,0,0,0.0,0.0,8.895157274633855e-05,110000.0
10679672,1,1.0,0.0,0.0,0.0,1.0,0.0,0.0,0.0,0.0,0.0,0.0,0.0,0.0,0.0,0.0,0.0,0.0,1.0,0.23469387755102042,0.36363636363636365,0.09090909090909091,0.0,0.0,3,7,0,0,0,0,1,1,0.075,0.3,0.00015589450893688199,530000.0
10679680,1,0.0,1.0,0.0,1.0,0.0,0.0,0.0,0.0,0.0,0.0,0.0,0.0,0.0,0.0,0.0,0.0,0.0,1.0,0.059183673469387764,0.09090909090909091,0.09090909090909091,0.0,0.05555555555555555,5,6,0,1,0,0,1,1,0.0,0.0,7.978130751475726e-05,139000.0
10679676,0,0.0,1.0,0.0,0.0,0.0,0.0,0.0,0.0,0.0,0.0,0.0,0.0,0.0,1.0,0.0,0.0,1.0,0.0,0.10918367346938776,0.1818181818181818,0.0,0.0,0.05555555555555555,3,2,1,0,0,0,0,1,0.0,0.0,0.0,360000.0
10679674,0,0.0,1.0,0.0,1.0,0.0,0.0,0.0,0.0,0.0,0.0,0.0,0.0,0.0,0.0,0.0,0.0,1.0,0.0,0.0673469387755102,0.09090909090909091,0.09090909090909091,0.0,0.0,3,2,0,0,0,0,0,0,0.0,0.0,0.0,199000.0
10679681,1,1.0,0.0,0.0,0.0,1.0,0.0,0.0,0.0,0.0,0.0,0.0,0.0,0.0,0.0,0.0,0.0,0.0,1.0,0.06632653061224492,0.09090909090909091,0.0,0.07142857142857142,0.05555555555555555,2,7,0,1,0,0,0,0,0.0,0.0,6.87769892368597e-05,279000.0
10679693,1,0.0,1.0,0.0,0.0,0.0,0.0,0.0,0.0,1.0,0.0,0.0,0.0,0.0,0.0,0.0,0.0,0.0,1.0,0.1,0.09090909090909091,0.09090909090909091,0.0,0.05555555555555555,3,3,0,1,0,0,0,0,0.0,0.0,0.000475019738995911,180000.0
10679690,1,0.0,0.0,1.0,0.0,0.0,0.0,0.0,1.0,0.0,0.0,0.0,0.0,0.0,0.0,0.0,0.0,0.0,1.0,0.23979591836734696,0.2727272727272727,0.18181818181818182,0.0,0.16666666666666666,3,4,0,0,0,0,1,1,1.0,0.0,0.0009702140615013009,365000.0
10679697,0,0.0,1.0,0.0,0.0,0.0,0.0,0.0,0.0,0.0,0.0,0.0,0.0,0.0,1.0,0.0,0.0,1.0,0.0,0.0979591836734694,0.1818181818181818,0.18181818181818182,0.0,0.1111111111111111,3,2,1,0,0,0,0,1,0.0,0.1,0.0,315000.0
10679696,1,0.0,1.0,0.0,0.0,0.0,0.0,0.0,0.0,0.0,0.0,0.0,0.0,0.0,1.0,0.0,0.0,0.0,1.0,0.36836734693877554,0.1818181818181818,0.09090909090909091,0.0,0.1111111111111111,1,2,0,1,0,0,1,1,0.0,0.0,0.0006556739640580625,500000.0
10679695,1,0.0,0.0,1.0,0.0,0.0,0.0,0.0,0.0,0.0,0.0,0.0,0.0,1.0,0.0,0.0,0.0,0.0,1.0,0.336734693877551,0.4545454545454545,0.2727272727272727,0.21428571428571427,0.2222222222222222,1,2,0,0,0,0,1,1,1.0,0.35000000000000003,0.002246714981737417,1300000.0
10679708,1,0.0,1.0,0.0,0.0,0.0,1.0,0.0,0.0,0.0,0.0,0.0,0.0,0.0,0.0,1.0,0.0,0.0,0.0,0.10306122448979593,0.09090909090909091,0.09090909090909091,0.0,0.1111111111111111,5,6,0,0,0,0,0,0,0.0,0.0,6.419185662106905e-05,249000.0
10679706,1,0.0,1.0,0.0,0.0,0.0,0.0,0.0,0.0,0.0,0.0,0.0,0.0,0.0,1.0,0.0,0.0,0.0,1.0,0.18979591836734697,0.36363636363636365,0.09090909090909091,0.0,0.0,5,5,0,1,0,0,1,0,0.9,0.0,0.0015222640284424946,346000.0
10679707,1,0.0,1.0,0.0,0.0,0.0,1.0,0.0,0.0,0.0,0.0,0.0,0.0,0.0,0.0,0.0,1.0,0.0,0.0,0.10306122448979593,0.09090909090909091,0.09090909090909091,0.0,0.1111111111111111,5,6,0,0,0,0,0,0,0.0,0.0,6.419185662106905e-05,249000.0
10679727,1,0.0,1.0,0.0,0.0,0.0,1.0,0.0,0.0,0.0,0.0,0.0,0.0,0.0,0.0,1.0,0.0,0.0,0.0,0.0326530612244898,0.0,0.09090909090909091,0.0,0.05555555555555555,0,0,0,0,0,0,0,0,0.0,0.0,1.8340530463162586e-05,229000.0
10679723,0,0.0,1.0,0.0,0.0,0.0,1.0,0.0,0.0,0.0,0.0,0.0,0.0,0.0,0.0,0.0,1.0,0.0,0.0,0.13775510204081634,0.2727272727272727,0.18181818181818182,0.0,0.1111111111111111,0,2,0,0,0,1,0,1,0.0,0.2,0.0,395000.0
10679729,1,0.0,1.0,0.0,1.0,0.0,0.0,0.0,0.0,0.0,0.0,0.0,0.0,0.0,0.0,0.0,0.0,0.0,1.0,0.1785714285714286,0.1818181818181818,0.09090909090909091,0.0,0.0,5,6,0,1,0,0,1,1,0.096,0.0,0.0003356317074758753,435000.0
10679725,1,0.0,1.0,0.0,0.0,0.0,1.0,0.0,0.0,0.0,0.0,0.0,0.0,0.0,0.0,0.0,0.0,1.0,0.0,0.11836734693877551,0.2727272727272727,0.09090909090909091,0.0,0.1111111111111111,3,2,0,0,0,0,1,0,0.0,0.0,0.00022283744512742543,329000.0
10679730,0,0.0,1.0,0.0,1.0,0.0,0.0,0.0,0.0,0.0,0.0,0.0,0.0,0.0,0.0,0.0,0.0,0.0,1.0,0.0673469387755102,0.09090909090909091,0.09090909090909091,0.0,0.05555555555555555,4,2,1,1,0,0,0,1,0.0,0.1,0.0,199500.0
10679711,0,0.0,1.0,0.0,1.0,0.0,0.0,0.0,0.0,0.0,0.0,0.0,0.0,0.0,0.0,0.0,0.0,0.0,1.0,0.1,0.1818181818181818,0.09090909090909091,0.0,0.05555555555555555,1,1,1,1,0,0,0,1,0.0,0.1,0.0,365000.0
10679743,1,0.0,1.0,0.0,0.0,0.0,0.0,1.0,0.0,0.0,0.0,0.0,0.0,0.0,0.0,0.0,0.0,1.0,0.0,0.15000000000000002,0.1818181818181818,0.09090909090909091,0.0,0.1111111111111111,0,1,0,0,0,0,0,1,0.0,0.0,0.00021458420641900226,390000.0
10679746,1,0.0,1.0,0.0,1.0,0.0,0.0,0.0,0.0,0.0,0.0,0.0,0.0,0.0,0.0,0.0,0.0,0.0,1.0,0.1795918367346939,0.36363636363636365,0.09090909090909091,0.0,0.1111111111111111,3,5,0,0,0,0,0,0,0.0,0.0,0.0007198658206791315,529000.0
10679734,0,0.0,1.0,0.0,0.0,0.0,0.0,0.0,0.0,0.0,0.0,0.0,0.0,0.0,1.0,0.0,0.0,0.0,1.0,0.042857142857142864,0.0,0.09090909090909091,0.0,0.05555555555555555,3,0,1,0,0,0,0,1,0.0,0.05,0.0,239000.0
10679744,0,0.0,1.0,0.0,0.0,0.0,1.0,0.0,0.0,0.0,0.0,0.0,0.0,0.0,0.0,0.0,0.0,1.0,0.0,0.11224489795918369,0.09090909090909091,0.09090909090909091,0.0,0.05555555555555555,4,2,1,0,0,0,0,0,0.0,0.0,0.0,265000.0
10679747,1,0.0,0.0,1.0,0.0,0.0,0.0,0.0,0.0,0.0,0.0,0.0,0.0,1.0,0.0,0.0,0.0,0.0,1.0,0.10204081632653061,0.1818181818181818,0.18181818181818182,0.0,0.1111111111111111,0,7,0,1,0,0,0,0,0.0,0.0,0.0009592097432234033,320000.0
10679751,1,0.0,1.0,0.0,0.0,0.0,0.0,1.0,0.0,0.0,0.0,0.0,0.0,0.0,0.0,0.0,0.0,1.0,0.0,0.08265306122448982,0.1818181818181818,0.09090909090909091,0.0,0.1111111111111111,3,2,0,0,0,0,1,1,0.03,0.0,7.703022794528286e-05,285000.0
10679755,1,0.0,1.0,0.0,1.0,0.0,0.0,0.0,0.0,0.0,0.0,0.0,0.0,0.0,0.0,0.0,0.0,0.0,1.0,0.08775510204081632,0.09090909090909091,0.09090909090909091,0.0,0.0,3,5,0,1,0,0,0,1,0.0,0.09,0.0,269000.0
10679750,1,0.0,1.0,0.0,0.0,0.0,0.0,1.0,0.0,0.0,0.0,0.0,0.0,0.0,0.0,0.0,0.0,1.0,0.0,0.11734693877551022,0.1818181818181818,0.09090909090909091,0.0,0.05555555555555555,3,4,0,0,0,0,0,1,0.0,0.17,8.528346665370602e-05,329000.0
10679756,0,0.0,0.0,1.0,0.0,0.0,0.0,0.0,0.0,0.0,0.0,0.0,1.0,0.0,0.0,0.0,0.0,0.0,1.0,0.051020408163265314,0.0,0.0,0.07142857142857142,0.1111111111111111,1,0,0,0,0,0,0,0,0.0,0.0,0.0,285000.0
10679758,1,0.0,1.0,0.0,0.0,0.0,0.0,1.0,0.0,0.0,0.0,0.0,0.0,0.0,0.0,0.0,0.0,0.0,1.0,0.1112244897959184,0.1818181818181818,0.09090909090909091,0.0,0.1111111111111111,3,5,0,1,0,0,0,0,0.0,0.0,0.0005309583569085568,469000.0
10679764,1,0.0,1.0,0.0,0.0,0.0,1.0,0.0,0.0,0.0,0.0,0.0,0.0,0.0,0.0,0.0,0.0,0.0,1.0,0.163265306122449,0.2727272727272727,0.09090909090909091,0.0,0.05555555555555555,5,6,0,0,0,0,0,0,0.0,0.0,0.0008665900643844322,299000.0
10679761,0,0.0,1.0,0.0,0.0,0.0,0.0,0.0,0.0,0.0,0.0,0.0,0.0,0.0,1.0,0.0,0.0,1.0,0.0,0.06020408163265307,0.09090909090909091,0.09090909090909091,0.0,0.05555555555555555,3,0,1,0,0,0,0,1,0.0,0.08,0.0,305000.0
10679766,1,0.0,1.0,0.0,0.0,0.0,1.0,0.0,0.0,0.0,0.0,0.0,0.0,0.0,0.0,0.0,0.0,0.0,1.0,0.15306122448979595,0.1818181818181818,0.09090909090909091,0.0,0.1111111111111111,3,0,0,1,0,0,1,1,0.0,0.0,0.0002650206651926994,335000.0
10679767,1,0.0,1.0,0.0,0.0,0.0,1.0,0.0,0.0,0.0,0.0,0.0,0.0,0.0,0.0,0.0,0.0,1.0,0.0,0.5918367346938775,0.4545454545454545,0.5454545454545454,0.0,0.0,1,0,0,1,0,0,0,1,0.0,0.0,0.045851326157906463,2250000.0
10679768,1,0.0,1.0,0.0,0.0,0.0,1.0,0.0,0.0,0.0,0.0,0.0,0.0,0.0,0.0,0.0,0.0,0.0,1.0,0.1602040816326531,0.1818181818181818,0.09090909090909091,0.0,0.1111111111111111,3,3,0,1,0,0,0,1,0.0,0.0,0.00041724706803694884,359999.0
10679770,1,0.0,1.0,0.0,0.0,0.0,1.0,0.0,0.0,0.0,0.0,0.0,0.0,0.0,0.0,0.0,0.0,0.0,1.0,0.4897959183673469,0.2727272727272727,0.09090909090909091,0.0,0.0,0,3,0,1,0,0,0,1,0.0,0.0,0.002728153906395435,650000.0
10679769,1,0.0,1.0,0.0,0.0,0.0,1.0,0.0,0.0,0.0,0.0,0.0,0.0,0.0,0.0,0.0,0.0,1.0,0.0,0.12244897959183676,0.2727272727272727,0.09090909090909091,0.0,0.05555555555555555,4,3,0,1,0,0,0,0,0.0,0.0,4.585132615790647e-05,165000.0
10679771,0,0.0,1.0,0.0,0.0,0.0,1.0,0.0,0.0,0.0,0.0,0.0,0.0,0.0,0.0,0.0,0.0,1.0,0.0,0.09693877551020408,0.09090909090909091,0.18181818181818182,0.0,0.05555555555555555,3,2,1,1,0,0,0,1,0.0,0.19,0.0,299000.0
10679772,1,0.0,1.0,0.0,0.0,0.0,1.0,0.0,0.0,0.0,0.0,0.0,0.0,0.0,0.0,0.0,0.0,1.0,0.0,0.20408163265306126,0.2727272727272727,0.09090909090909091,0.0,0.1111111111111111,5,6,0,1,0,0,0,1,0.0,0.0,0.000716197714586499,339000.0
10679773,1,0.0,1.0,0.0,0.0,0.0,1.0,0.0,0.0,0.0,0.0,0.0,0.0,0.0,0.0,0.0,0.0,1.0,0.0,0.04081632653061225,0.09090909090909091,0.09090909090909091,0.0,0.05555555555555555,4,4,0,1,0,0,0,0,0.0,0.0,3.668106092632517e-05,99500.0
10679774,1,0.0,1.0,0.0,0.0,0.0,1.0,0.0,0.0,0.0,0.0,0.0,0.0,0.0,0.0,0.0,0.0,0.0,1.0,0.1326530612244898,0.1818181818181818,0.09090909090909091,0.0,0.05555555555555555,3,0,0,1,0,0,0,0,0.0,0.0,0.0004860240572738086,315000.0
10679775,1,0.0,1.0,0.0,0.0,0.0,1.0,0.0,0.0,0.0,0.0,0.0,0.0,0.0,0.0,0.0,0.0,1.0,0.0,0.4897959183673469,0.2727272727272727,0.09090909090909091,0.0,0.0,0,3,0,1,0,0,0,1,0.0,0.0,0.002728153906395435,650000.0
10679777,1,0.0,1.0,0.0,0.0,0.0,1.0,0.0,0.0,0.0,0.0,0.0,0.0,0.0,0.0,0.0,0.0,1.0,0.0,0.04081632653061225,0.09090909090909091,0.09090909090909091,0.0,0.05555555555555555,4,4,0,1,0,0,0,0,0.0,0.0,3.668106092632517e-05,99500.0
10679778,1,0.0,1.0,0.0,1.0,0.0,0.0,0.0,0.0,0.0,0.0,0.0,0.0,0.0,0.0,1.0,0.0,0.0,0.0,0.4744897959183674,0.4545454545454545,0.2727272727272727,0.21428571428571427,0.16666666666666666,0,5,0,1,0,0,1,1,0.045,0.35000000000000003,0.00015130937632109134,1185000.0
10679776,1,0.0,1.0,0.0,0.0,0.0,1.0,0.0,0.0,0.0,0.0,0.0,0.0,0.0,0.0,0.0,0.0,1.0,0.0,0.1,0.09090909090909091,0.0,0.0,0.0,5,6,0,1,0,0,0,0,0.0,0.0,0.0,155000.0
10548715,0,0.0,1.0,0.0,0.0,0.0,0.0,0.0,0.0,0.0,0.0,0.0,0.0,0.0,1.0,0.0,0.0,1.0,0.0,0.01938775510204082,0.09090909090909091,0.0,0.0,0.05555555555555555,3,3,1,0,0,0,0,0,0.0,0.0,0.0,117000.0
10679789,1,0.0,0.0,1.0,0.0,0.0,0.0,0.0,0.0,0.0,0.0,0.0,1.0,0.0,0.0,0.0,0.0,0.0,1.0,0.18265306122448982,0.2727272727272727,0.09090909090909091,0.07142857142857142,0.1111111111111111,1,1,0,0,0,0,0,0,0.0,0.0,0.0008610879052454835,329000.0
10679792,1,0.0,1.0,0.0,1.0,0.0,0.0,0.0,0.0,0.0,0.0,0.0,0.0,0.0,0.0,0.0,0.0,0.0,1.0,0.29183673469387755,0.2727272727272727,0.2727272727272727,0.0,0.0,3,3,0,1,0,0,1,0,0.0,0.0,0.0010609996872939557,1845000.0
10679799,1,0.0,0.0,1.0,0.0,0.0,0.0,0.0,1.0,0.0,0.0,0.0,0.0,0.0,0.0,0.0,0.0,1.0,0.0,0.19387755102040818,0.09090909090909091,0.0,0.0,0.0,0,7,0,0,0,0,0,1,0.0,0.0,0.00021458420641900226,219000.0
10679809,1,0.0,0.0,1.0,0.0,0.0,0.0,0.0,1.0,0.0,0.0,0.0,0.0,0.0,0.0,0.0,0.0,0.0,1.0,0.1836734693877551,0.1818181818181818,0.09090909090909091,0.0,0.1111111111111111,2,2,0,1,0,0,1,0,0.5,0.0,0.0006327483009791093,475000.0
10679813,1,0.0,0.0,1.0,0.0,0.0,0.0,0.0,0.0,0.0,0.0,0.0,1.0,0.0,0.0,0.0,0.0,0.0,1.0,0.22040816326530616,0.1818181818181818,0.09090909090909091,0.0,0.0,1,2,0,0,0,0,0,0,0.0,0.0,0.0008317430565044233,289000.0
10679811,0,1.0,0.0,0.0,0.0,1.0,0.0,0.0,0.0,0.0,0.0,0.0,0.0,0.0,0.0,0.0,0.0,1.0,0.0,0.034693877551020415,0.0,0.09090909090909091,0.07142857142857142,0.05555555555555555,3,4,1,0,0,0,0,1,0.0,0.04,0.0,215000.0
10679814,1,0.0,1.0,0.0,1.0,0.0,0.0,0.0,0.0,0.0,0.0,0.0,0.0,0.0,0.0,0.0,0.0,1.0,0.0,0.13775510204081634,0.09090909090909091,0.09090909090909091,0.0,0.0,3,4,0,0,0,0,0,1,0.0,0.0,9.07856257926548e-05,349000.0
10679824,1,0.0,0.0,1.0,0.0,0.0,0.0,0.0,1.0,0.0,0.0,0.0,0.0,0.0,0.0,0.0,0.0,0.0,1.0,0.1622448979591837,0.09090909090909091,0.09090909090909091,0.07142857142857142,0.05555555555555555,3,4,0,0,0,0,1,1,0.0,0.0,0.0005135348529685524,230000.0
10679828,0,0.0,1.0,0.0,0.0,0.0,1.0,0.0,0.0,0.0,0.0,0.0,0.0,0.0,0.0,0.0,0.0,1.0,0.0,0.07653061224489796,0.09090909090909091,0.0,0.07142857142857142,0.1111111111111111,0,3,1,1,0,0,0,1,0.0,0.09,0.0,260000.0
10679833,1,0.0,0.0,1.0,0.0,0.0,0.0,0.0,1.0,0.0,0.0,0.0,0.0,0.0,0.0,0.0,1.0,0.0,0.0,0.08571428571428572,0.09090909090909091,0.09090909090909091,0.0,0.05555555555555555,2,7,0,1,0,0,0,1,0.0,0.17,0.0,190000.0
10679834,0,0.0,1.0,0.0,0.0,0.0,0.0,1.0,0.0,0.0,0.0,0.0,0.0,0.0,0.0,0.0,0.0,0.0,1.0,0.04591836734693878,0.0,0.09090909090909091,0.0,0.05555555555555555,2,2,1,1,0,0,0,1,0.0,0.0,0.0,215000.0
10679832,1,0.0,0.0,1.0,0.0,0.0,0.0,0.0,0.0,0.0,0.0,1.0,0.0,0.0,0.0,0.0,0.0,0.0,1.0,0.10204081632653061,0.1818181818181818,0.09090909090909091,0.0,0.1111111111111111,1,2,0,0,0,0,0,0,0.0,0.0,0.0003356317074758753,259000.0
10679831,0,0.0,0.0,1.0,0.0,0.0,0.0,0.0,0.0,0.0,0.0,1.0,0.0,0.0,0.0,0.0,0.0,0.0,1.0,0.04591836734693878,0.0,0.09090909090909091,0.0,0.05555555555555555,2,4,1,1,0,0,0,0,0.0,0.0,0.0,165000.0
10679839,1,0.0,1.0,0.0,0.0,0.0,0.0,1.0,0.0,0.0,0.0,0.0,0.0,0.0,0.0,0.0,0.0,1.0,0.0,0.10204081632653061,0.1818181818181818,0.0,0.07142857142857142,0.05555555555555555,4,0,0,0,0,0,1,1,0.1,0.15,0.00017423503940004458,225000.0
10679827,1,0.0,1.0,0.0,0.0,0.0,1.0,0.0,0.0,0.0,0.0,0.0,0.0,0.0,0.0,0.0,0.0,1.0,0.0,0.1836734693877551,0.1818181818181818,0.09090909090909091,0.0,0.1111111111111111,3,3,0,1,0,0,1,1,0.0,0.0,0.0003356317074758753,359000.0
10679837,0,1.0,0.0,0.0,0.0,1.0,0.0,0.0,0.0,0.0,0.0,0.0,0.0,0.0,0.0,0.0,1.0,0.0,0.0,0.07653061224489796,0.1818181818181818,0.0,0.07142857142857142,0.05555555555555555,0,0,1,1,0,0,1,0,0.0,0.0,0.0,265000.0
10679844,1,0.0,0.0,1.0,0.0,0.0,0.0,0.0,0.0,0.0,0.0,0.0,1.0,0.0,0.0,0.0,0.0,0.0,1.0,0.3153061224489796,0.2727272727272727,0.09090909090909091,0.07142857142857142,0.1111111111111111,0,1,0,1,0,0,1,1,0.8,0.0,0.0007336212185265035,640000.0
10679847,0,1.0,0.0,0.0,0.0,1.0,0.0,0.0,0.0,0.0,0.0,0.0,0.0,0.0,0.0,1.0,0.0,0.0,0.0,0.15408163265306124,0.09090909090909091,0.09090909090909091,0.0,0.1111111111111111,1,4,0,0,0,0,1,0,0.05,0.0,0.0,565000.0
10679848,0,1.0,0.0,0.0,0.0,1.0,0.0,0.0,0.0,0.0,0.0,0.0,0.0,0.0,0.0,0.0,0.0,0.0,1.0,0.15408163265306124,0.09090909090909091,0.09090909090909091,0.0,0.1111111111111111,1,4,0,0,0,0,1,0,0.05,0.0,0.0,565000.0
10679852,0,0.0,0.0,1.0,0.0,0.0,0.0,0.0,0.0,0.0,1.0,0.0,0.0,0.0,0.0,0.0,0.0,0.0,1.0,0.04081632653061225,0.09090909090909091,0.09090909090909091,0.0,0.05555555555555555,1,2,0,1,0,0,0,1,0.0,0.33,0.0,195951.0
10679854,0,0.0,0.0,1.0,0.0,0.0,0.0,0.0,0.0,0.0,1.0,0.0,0.0,0.0,0.0,0.0,0.0,0.0,1.0,0.06020408163265307,0.09090909090909091,0.09090909090909091,0.0,0.05555555555555555,1,2,0,1,0,0,0,1,0.0,0.38,0.0,230651.0
10679853,0,0.0,0.0,1.0,0.0,0.0,0.0,0.0,0.0,0.0,1.0,0.0,0.0,0.0,0.0,0.0,0.0,0.0,1.0,0.034693877551020415,0.0,0.09090909090909091,0.0,0.05555555555555555,1,2,0,1,0,0,0,1,0.0,0.14,0.0,185517.0
10679856,0,0.0,0.0,1.0,0.0,0.0,0.0,0.0,0.0,0.0,1.0,0.0,0.0,0.0,0.0,0.0,0.0,0.0,1.0,0.04591836734693878,0.09090909090909091,0.09090909090909091,0.0,0.05555555555555555,1,2,0,1,0,0,0,1,0.0,0.14,0.0,197590.0
10679857,0,0.0,0.0,1.0,0.0,0.0,0.0,0.0,0.0,0.0,1.0,0.0,0.0,0.0,0.0,0.0,0.0,0.0,1.0,0.06122448979591837,0.09090909090909091,0.09090909090909091,0.0,0.05555555555555555,1,2,0,1,0,0,0,1,0.0,0.05,0.0,224734.0
10679851,0,0.0,0.0,1.0,0.0,0.0,0.0,0.0,0.0,0.0,1.0,0.0,0.0,0.0,0.0,0.0,0.0,0.0,1.0,0.06122448979591837,0.09090909090909091,0.09090909090909091,0.0,0.05555555555555555,1,2,0,1,0,0,0,1,0.0,0.41000000000000003,0.0,236834.0
10679858,0,0.0,0.0,1.0,0.0,0.0,0.0,0.0,0.0,0.0,1.0,0.0,0.0,0.0,0.0,0.0,0.0,0.0,1.0,0.04081632653061225,0.0,0.09090909090909091,0.0,0.05555555555555555,1,2,0,1,0,0,0,0,0.0,0.0,0.0,178351.0
10679859,0,0.0,0.0,1.0,0.0,0.0,0.0,0.0,0.0,0.0,1.0,0.0,0.0,0.0,0.0,0.0,0.0,0.0,1.0,0.0336734693877551,0.0,0.09090909090909091,0.0,0.05555555555555555,1,2,0,1,0,0,0,1,0.0,0.06,0.0,185517.0
10679860,0,0.0,0.0,1.0,0.0,0.0,0.0,0.0,1.0,0.0,0.0,0.0,0.0,0.0,0.0,0.0,0.0,0.0,1.0,0.10714285714285715,0.09090909090909091,0.09090909090909091,0.0,0.0,1,3,0,0,0,0,0,1,0.0,0.0,0.0,199000.0
10679861,0,0.0,0.0,1.0,0.0,0.0,0.0,0.0,0.0,0.0,1.0,0.0,0.0,0.0,0.0,0.0,0.0,0.0,1.0,0.06224489795918368,0.09090909090909091,0.09090909090909091,0.0,0.05555555555555555,1,2,0,1,0,0,0,1,0.0,0.07,0.0,224051.0
10679863,0,0.0,0.0,1.0,0.0,0.0,0.0,0.0,0.0,0.0,1.0,0.0,0.0,0.0,0.0,0.0,0.0,0.0,1.0,0.06326530612244899,0.09090909090909091,0.09090909090909091,0.0,0.05555555555555555,1,2,0,1,0,0,0,1,0.0,0.24,0.0,231219.0
10679864,0,0.0,1.0,0.0,0.0,0.0,1.0,0.0,0.0,0.0,0.0,0.0,0.0,0.0,0.0,0.0,0.0,1.0,0.0,0.08673469387755103,0.09090909090909091,0.0,0.0,0.0,1,0,1,0,0,0,1,1,0.03,0.17,0.0,360000.0
10679865,0,0.0,0.0,1.0,0.0,0.0,0.0,0.0,0.0,0.0,0.0,0.0,0.0,1.0,0.0,0.0,0.0,1.0,0.0,0.10714285714285715,0.09090909090909091,0.09090909090909091,0.0,0.0,0,3,0,0,0,0,0,1,0.0,0.0,0.0,199000.0
10679862,0,0.0,0.0,1.0,0.0,0.0,0.0,0.0,0.0,0.0,1.0,0.0,0.0,0.0,0.0,0.0,0.0,0.0,1.0,0.06122448979591837,0.09090909090909091,0.09090909090909091,0.0,0.05555555555555555,1,2,0,1,0,0,0,1,0.0,0.05,0.0,224734.0
10679867,0,0.0,0.0,1.0,0.0,0.0,0.0,0.0,0.0,0.0,0.0,0.0,0.0,1.0,0.0,0.0,0.0,0.0,1.0,0.06122448979591837,0.09090909090909091,0.18181818181818182,0.0,0.0,0,5,1,0,0,0,0,0,0.0,0.0,0.0,235000.0
10679870,1,0.0,1.0,0.0,0.0,0.0,0.0,1.0,0.0,0.0,0.0,0.0,0.0,0.0,0.0,0.0,0.0,1.0,0.0,0.20408163265306126,0.2727272727272727,0.0,0.07142857142857142,0.1111111111111111,3,5,0,1,0,0,1,1,0.12,0.16,0.0,599000.0
10679866,1,0.0,0.0,1.0,0.0,0.0,0.0,0.0,0.0,0.0,1.0,0.0,0.0,0.0,0.0,1.0,0.0,0.0,0.0,0.12244897959183676,0.2727272727272727,0.2727272727272727,0.0,0.1111111111111111,0,4,0,0,0,0,0,0,0.0,0.0,0.0,325000.0
10679871,1,0.0,1.0,0.0,0.0,0.0,0.0,1.0,0.0,0.0,0.0,0.0,0.0,0.0,0.0,0.0,0.0,1.0,0.0,0.20408163265306126,0.2727272727272727,0.0,0.07142857142857142,0.1111111111111111,3,5,0,1,0,0,1,1,0.12,0.16,0.0,599000.0
10679873,1,0.0,1.0,0.0,0.0,0.0,0.0,1.0,0.0,0.0,0.0,0.0,0.0,0.0,0.0,0.0,0.0,1.0,0.0,0.22142857142857145,0.1818181818181818,0.18181818181818182,0.0,0.0,3,3,0,1,0,0,1,1,0.424,0.5,0.0005217880916769756,620000.0
10679874,0,1.0,0.0,0.0,0.0,1.0,0.0,0.0,0.0,0.0,0.0,0.0,0.0,0.0,0.0,0.0,1.0,0.0,0.0,0.03571428571428572,0.0,0.09090909090909091,0.0,0.05555555555555555,4,0,1,1,0,0,0,0,0.0,0.0,0.0,149000.0
10679887,1,0.0,0.0,1.0,0.0,0.0,0.0,0.0,0.0,0.0,0.0,0.0,0.0,1.0,0.0,0.0,0.0,0.0,1.0,0.1326530612244898,0.1818181818181818,0.09090909090909091,0.0,0.1111111111111111,3,4,0,1,0,0,1,1,0.67,0.35000000000000003,0.0009188605762044456,470000.0
10679885,1,0.0,0.0,1.0,0.0,0.0,0.0,0.0,0.0,0.0,0.0,0.0,1.0,0.0,0.0,0.0,0.0,0.0,1.0,0.13979591836734695,0.1818181818181818,0.09090909090909091,0.0,0.0,1,0,0,0,0,0,0,0,0.0,0.0,0.0004475089433011671,305000.0
10679882,1,0.0,0.0,1.0,0.0,0.0,0.0,0.0,0.0,0.0,0.0,0.0,0.0,1.0,0.0,0.0,0.0,0.0,1.0,0.16938775510204085,0.1818181818181818,0.09090909090909091,0.0,0.1111111111111111,0,4,0,1,0,0,1,1,1.0,0.0,0.0,580000.0
10679889,1,0.0,0.0,1.0,0.0,0.0,0.0,0.0,1.0,0.0,0.0,0.0,0.0,0.0,0.0,0.0,0.0,0.0,1.0,0.11020408163265308,0.1818181818181818,0.09090909090909091,0.0,0.05555555555555555,5,7,0,0,0,0,0,1,0.0,0.0,0.0003127060443969221,119000.0
10679877,1,0.0,1.0,0.0,0.0,0.0,1.0,0.0,0.0,0.0,0.0,0.0,0.0,0.0,0.0,0.0,0.0,0.0,1.0,0.23469387755102042,0.2727272727272727,0.09090909090909091,0.0,0.1111111111111111,1,2,0,1,0,0,1,1,0.228,0.32,0.0006199099296548955,755000.0
10679888,1,0.0,0.0,1.0,0.0,0.0,0.0,0.0,0.0,0.0,1.0,0.0,0.0,0.0,0.0,0.0,0.0,0.0,1.0,0.04591836734693878,0.0,0.09090909090909091,0.0,0.05555555555555555,3,4,0,0,0,0,0,1,0.0,0.29,0.0004383386780695858,185000.0
10679892,1,0.0,1.0,0.0,0.0,0.0,0.0,1.0,0.0,0.0,0.0,0.0,0.0,0.0,0.0,0.0,0.0,0.0,1.0,0.1275510204081633,0.1818181818181818,0.18181818181818182,0.0,0.1111111111111111,3,2,0,1,0,0,0,1,0.0,0.0,0.00014030505804319378,425000.0
10679893,1,0.0,1.0,0.0,0.0,0.0,0.0,0.0,0.0,0.0,0.0,0.0,0.0,0.0,1.0,0.0,0.0,0.0,1.0,0.09897959183673471,0.09090909090909091,0.09090909090909091,0.0,0.05555555555555555,0,6,0,1,0,0,0,0,0.0,0.0,0.0009124413905423386,319000.0
10679896,1,0.0,0.0,1.0,0.0,0.0,0.0,0.0,1.0,0.0,0.0,0.0,0.0,0.0,0.0,0.0,0.0,0.0,1.0,0.13877551020408166,0.2727272727272727,0.09090909090909091,0.0,0.05555555555555555,3,5,0,1,0,0,0,0,0.0,0.0,0.0003090379383042896,269000.0
10679895,1,0.0,1.0,0.0,1.0,0.0,0.0,0.0,0.0,0.0,0.0,0.0,0.0,0.0,0.0,0.0,1.0,0.0,0.0,0.1602040816326531,0.2727272727272727,0.09090909090909091,0.0,0.1111111111111111,4,4,0,1,0,0,1,1,0.15,0.3,0.00022008636555795105,315000.0
10679897,1,0.0,1.0,0.0,1.0,0.0,0.0,0.0,0.0,0.0,0.0,0.0,0.0,0.0,0.0,0.0,0.0,0.0,1.0,0.12653061224489798,0.09090909090909091,0.09090909090909091,0.0,0.1111111111111111,0,6,0,0,0,0,0,0,0.0,0.0,0.0001971607024789978,229000.0
10679899,1,0.0,0.0,1.0,0.0,0.0,0.0,0.0,1.0,0.0,0.0,0.0,0.0,0.0,0.0,0.0,0.0,0.0,1.0,0.0816326530612245,0.09090909090909091,0.09090909090909091,0.0,0.0,5,0,0,1,0,0,1,0,0.109,0.0,0.0001375539784737194,97500.0
10679900,0,0.0,1.0,0.0,0.0,0.0,0.0,1.0,0.0,0.0,0.0,0.0,0.0,0.0,0.0,0.0,0.0,0.0,1.0,0.08673469387755103,0.1818181818181818,0.09090909090909091,0.07142857142857142,0.05555555555555555,1,2,1,0,0,0,0,1,0.0,0.04,0.0,279000.0
10679904,1,0.0,0.0,1.0,0.0,0.0,0.0,0.0,0.0,0.0,1.0,0.0,0.0,0.0,0.0,0.0,0.0,1.0,0.0,0.13367346938775512,0.1818181818181818,0.18181818181818182,0.0,0.1111111111111111,3,6,0,0,0,0,1,1,0.269,0.13,0.0003282954952906103,210000.0
10679905,1,0.0,0.0,1.0,0.0,0.0,0.0,0.0,0.0,0.0,0.0,0.0,1.0,0.0,0.0,0.0,0.0,0.0,1.0,0.13979591836734695,0.1818181818181818,0.09090909090909091,0.0,0.1111111111111111,1,0,0,0,0,0,0,0,0.0,0.0,0.00043283651893063704,305000.0
10679907,1,0.0,1.0,0.0,0.0,0.0,0.0,0.0,0.0,0.0,0.0,0.0,0.0,0.0,1.0,0.0,0.0,0.0,1.0,0.14285714285714288,0.1818181818181818,0.09090909090909091,0.0,0.1111111111111111,0,0,0,1,0,0,0,1,0.0,0.0,0.0007290360859107129,495000.0
10679906,0,0.0,1.0,0.0,0.0,0.0,0.0,0.0,0.0,0.0,0.0,0.0,0.0,0.0,1.0,0.0,0.0,0.0,1.0,0.051020408163265314,0.09090909090909091,0.09090909090909091,0.0,0.05555555555555555,3,2,1,1,0,0,0,1,0.0,0.06,0.0,209000.0
10679909,1,0.0,1.0,0.0,0.0,0.0,0.0,0.0,0.0,0.0,0.0,0.0,0.0,0.0,1.0,0.0,0.0,0.0,1.0,0.14285714285714288,0.1818181818181818,0.09090909090909091,0.0,0.1111111111111111,0,0,0,1,0,0,0,1,0.0,0.0,0.0007473766163738755,495000.0
10679917,1,0.0,1.0,0.0,0.0,0.0,0.0,0.0,0.0,0.0,0.0,0.0,0.0,0.0,1.0,0.0,0.0,0.0,1.0,0.20408163265306126,0.1818181818181818,0.0,0.0,0.1111111111111111,3,1,0,0,0,0,1,0,0.33,0.0,0.0005043645877369712,369000.0
10679915,0,0.0,1.0,0.0,0.0,0.0,0.0,0.0,0.0,0.0,0.0,0.0,0.0,0.0,1.0,0.0,0.0,1.0,0.0,0.05510204081632653,0.0,0.09090909090909091,0.0,0.0,0,0,1,1,0,0,0,1,0.0,0.26,0.0,347500.0
10679916,1,0.0,0.0,1.0,0.0,0.0,0.0,0.0,1.0,0.0,0.0,0.0,0.0,0.0,0.0,0.0,0.0,0.0,1.0,0.4489795918367347,0.4545454545454545,0.18181818181818182,0.0,0.0,3,3,0,1,0,0,1,1,0.0,0.0,0.01149034233517136,795000.0
10679927,1,0.0,0.0,1.0,0.0,0.0,0.0,0.0,0.0,0.0,1.0,0.0,0.0,0.0,0.0,1.0,0.0,0.0,0.0,0.1275510204081633,0.2727272727272727,0.18181818181818182,0.0,0.1111111111111111,3,3,0,0,0,0,0,0,0.0,0.0,4.585132615790647e-05,319000.0
10679922,1,0.0,1.0,0.0,0.0,0.0,0.0,1.0,0.0,0.0,0.0,0.0,0.0,0.0,0.0,0.0,0.0,1.0,0.0,0.13979591836734695,0.1818181818181818,0.09090909090909091,0.07142857142857142,0.0,0,5,0,1,0,0,1,1,0.776,0.0,0.0007116125819707084,399500.0
10679928,1,0.0,0.0,1.0,0.0,0.0,0.0,0.0,1.0,0.0,0.0,0.0,0.0,0.0,0.0,0.0,0.0,0.0,1.0,0.4489795918367347,0.4545454545454545,0.18181818181818182,0.0,0.0,3,3,0,1,0,0,1,0,0.0,0.0,0.01149034233517136,795000.0
10679921,0,1.0,0.0,0.0,0.0,1.0,0.0,0.0,0.0,0.0,0.0,0.0,0.0,0.0,0.0,1.0,0.0,0.0,0.0,0.2285714285714286,0.1818181818181818,0.18181818181818182,0.0,0.16666666666666666,1,6,1,1,0,0,0,1,0.0,0.38,0.0,795000.0
10679923,1,0.0,1.0,0.0,0.0,0.0,0.0,1.0,0.0,0.0,0.0,0.0,0.0,0.0,0.0,0.0,0.0,1.0,0.0,0.13979591836734695,0.1818181818181818,0.09090909090909091,0.07142857142857142,0.0,0,5,0,1,0,0,1,1,0.776,0.0,0.0007116125819707084,399500.0
10679932,0,0.0,0.0,1.0,0.0,0.0,0.0,0.0,0.0,0.0,0.0,0.0,1.0,0.0,0.0,0.0,0.0,0.0,1.0,0.07653061224489796,0.09090909090909091,0.0,0.0,0.0,0,0,0,0,0,0,0,1,0.0,0.3,0.0,470000.0
10679939,1,0.0,0.0,1.0,0.0,0.0,0.0,0.0,1.0,0.0,0.0,0.0,0.0,0.0,0.0,0.0,0.0,0.0,1.0,0.4489795918367347,0.4545454545454545,0.18181818181818182,0.0,0.0,3,3,0,1,0,0,1,0,0.0,0.0,0.01149034233517136,795000.0
10548860,1,0.0,0.0,1.0,0.0,0.0,0.0,0.0,1.0,0.0,0.0,0.0,0.0,0.0,0.0,1.0,0.0,0.0,0.0,0.1836734693877551,0.2727272727272727,0.18181818181818182,0.0,0.16666666666666666,3,3,0,1,0,0,1,1,0.1,0.5,0.00016506477416846328,320000.0
10679941,1,0.0,0.0,1.0,0.0,0.0,0.0,0.0,0.0,0.0,1.0,0.0,0.0,0.0,0.0,0.0,0.0,0.0,1.0,0.13367346938775512,0.1818181818181818,0.0,0.07142857142857142,0.05555555555555555,5,7,0,1,0,0,1,1,0.0,0.12,0.0005612202321727751,175000.0
10679940,1,0.0,0.0,1.0,0.0,0.0,0.0,0.0,0.0,0.0,1.0,0.0,0.0,0.0,0.0,0.0,0.0,0.0,1.0,0.13367346938775512,0.1818181818181818,0.0,0.07142857142857142,0.05555555555555555,5,7,0,1,0,0,1,1,0.0,0.12,0.0012636625489119023,245000.0
10679946,1,0.0,1.0,0.0,0.0,0.0,0.0,0.0,0.0,0.0,0.0,0.0,0.0,0.0,1.0,0.0,0.0,0.0,1.0,0.18265306122448982,0.1818181818181818,0.0,0.0,0.05555555555555555,3,0,0,0,0,0,0,1,0.0,0.25,0.000290697407841127,298000.0
10679947,1,0.0,1.0,0.0,0.0,0.0,0.0,0.0,0.0,0.0,0.0,0.0,0.0,0.0,1.0,0.0,0.0,0.0,1.0,0.18265306122448982,0.1818181818181818,0.0,0.0,0.05555555555555555,3,0,0,0,0,0,0,1,0.0,0.25,0.000290697407841127,230000.0
10679948,1,0.0,1.0,0.0,0.0,0.0,0.0,0.0,0.0,0.0,0.0,0.0,0.0,0.0,1.0,0.0,0.0,0.0,1.0,0.13367346938775512,0.1818181818181818,0.0,0.0,0.1111111111111111,1,0,0,0,0,0,1,1,0.0,0.0,7.703022794528286e-05,320000.0
10679950,0,1.0,0.0,0.0,0.0,1.0,0.0,0.0,0.0,0.0,0.0,0.0,0.0,0.0,0.0,1.0,0.0,0.0,0.0,0.05000000000000001,0.0,0.09090909090909091,0.07142857142857142,0.05555555555555555,2,5,1,0,0,0,0,0,0.0,0.0,0.0,310000.0
10679955,0,0.0,1.0,0.0,0.0,0.0,0.0,1.0,0.0,0.0,0.0,0.0,0.0,0.0,0.0,0.0,0.0,0.0,1.0,0.051020408163265314,0.0,0.09090909090909091,0.0,0.05555555555555555,0,3,1,1,0,0,0,0,0.0,0.0,0.0,230000.0
10679951,1,0.0,0.0,1.0,0.0,0.0,0.0,0.0,0.0,0.0,0.0,0.0,1.0,0.0,0.0,0.0,0.0,0.0,1.0,0.1326530612244898,0.2727272727272727,0.09090909090909091,0.0,0.1111111111111111,3,1,0,0,0,1,1,1,0.9390000000000001,0.3,0.0008610879052454835,329000.0
10679956,1,0.0,0.0,1.0,0.0,0.0,0.0,0.0,1.0,0.0,0.0,0.0,0.0,0.0,0.0,0.0,0.0,0.0,1.0,0.11224489795918369,0.09090909090909091,0.09090909090909091,0.0,0.05555555555555555,5,7,0,1,0,0,0,0,0.0,0.0,0.0,70000.0
10679957,1,1.0,0.0,0.0,0.0,1.0,0.0,0.0,0.0,0.0,0.0,0.0,0.0,0.0,0.0,0.0,1.0,0.0,0.0,0.1479591836734694,0.36363636363636365,0.09090909090909091,0.07142857142857142,0.1111111111111111,1,3,0,0,0,0,1,0,0.16,0.0,0.0002466801347295368,499000.0
10679962,1,0.0,1.0,0.0,1.0,0.0,0.0,0.0,0.0,0.0,0.0,0.0,0.0,0.0,0.0,0.0,0.0,0.0,1.0,0.11734693877551022,0.09090909090909091,0.09090909090909091,0.0,0.05555555555555555,3,5,0,1,0,0,1,0,0.17200000000000001,0.0,0.00024117797559058802,282000.0
10679966,0,1.0,0.0,0.0,0.0,1.0,0.0,0.0,0.0,0.0,0.0,0.0,0.0,0.0,0.0,0.0,0.0,1.0,0.0,0.0163265306122449,0.0,0.09090909090909091,0.0,0.05555555555555555,3,3,0,1,0,0,0,1,0.0,0.0,0.0,265000.0
10679967,0,1.0,0.0,0.0,0.0,1.0,0.0,0.0,0.0,0.0,0.0,0.0,0.0,0.0,0.0,0.0,0.0,1.0,0.0,0.0163265306122449,0.0,0.09090909090909091,0.0,0.05555555555555555,3,3,0,1,0,0,0,1,0.0,0.0,0.0,265000.0
10679970,1,1.0,0.0,0.0,0.0,1.0,0.0,0.0,0.0,0.0,0.0,0.0,0.0,0.0,0.0,0.0,1.0,0.0,0.0,0.21938775510204084,0.36363636363636365,0.36363636363636365,0.0,0.2222222222222222,5,0,0,1,0,0,1,1,0.065,0.4,0.00016964990678425393,400000.0
10679971,1,0.0,0.0,1.0,0.0,0.0,0.0,0.0,0.0,0.0,1.0,0.0,0.0,0.0,0.0,0.0,0.0,0.0,1.0,0.13469387755102044,0.1818181818181818,0.0,0.0,0.0,0,0,0,0,0,0,0,0,0.0,0.0,0.0008840135683244367,299000.0
10679976,0,1.0,0.0,0.0,0.0,1.0,0.0,0.0,0.0,0.0,0.0,0.0,0.0,0.0,0.0,0.0,1.0,0.0,0.0,0.07448979591836735,0.0,0.09090909090909091,0.0,0.05555555555555555,3,3,1,1,0,0,0,1,0.0,0.3,0.0,305000.0
10679979,1,0.0,1.0,0.0,0.0,0.0,0.0,0.0,0.0,0.0,0.0,0.0,0.0,0.0,1.0,0.0,0.0,0.0,1.0,0.1112244897959184,0.2727272727272727,0.09090909090909091,0.14285714285714285,0.1111111111111111,1,2,0,0,1,0,0,0,0.0,0.0,0.0,399000.0
10679980,0,0.0,1.0,0.0,0.0,0.0,1.0,0.0,0.0,0.0,0.0,0.0,0.0,0.0,0.0,0.0,0.0,0.0,1.0,0.09387755102040818,0.1818181818181818,0.09090909090909091,0.0,0.1111111111111111,0,0,0,1,0,0,1,1,0.0,0.09,0.0,319000.0
10679989,0,0.0,1.0,0.0,0.0,0.0,0.0,0.0,0.0,1.0,0.0,0.0,0.0,0.0,0.0,0.0,0.0,0.0,1.0,0.06122448979591837,0.09090909090909091,0.0,0.0,0.1111111111111111,3,3,0,0,1,0,0,1,0.0,0.09,0.0,110000.0
10679990,1,0.0,1.0,0.0,0.0,0.0,0.0,0.0,0.0,1.0,0.0,0.0,0.0,0.0,0.0,0.0,0.0,0.0,1.0,0.06122448979591837,0.09090909090909091,0.0,0.0,0.1111111111111111,3,2,0,0,1,0,0,1,0.0,0.09,0.0,110000.0
10679991,1,0.0,1.0,0.0,0.0,0.0,0.0,0.0,0.0,0.0,0.0,0.0,0.0,0.0,1.0,0.0,0.0,0.0,1.0,0.18265306122448982,0.1818181818181818,0.09090909090909091,0.0,0.1111111111111111,4,2,0,1,0,0,0,1,0.0,0.0,9.628778493160358e-05,190000.0
10679999,1,0.0,0.0,1.0,0.0,0.0,0.0,0.0,0.0,0.0,0.0,1.0,0.0,0.0,0.0,0.0,0.0,0.0,1.0,0.10204081632653061,0.1818181818181818,0.09090909090909091,0.0,0.1111111111111111,1,1,0,0,0,0,0,1,0.0,0.0,0.0003273784687674522,220000.0
10680004,1,0.0,1.0,0.0,0.0,0.0,0.0,0.0,0.0,0.0,0.0,0.0,0.0,0.0,1.0,0.0,0.0,1.0,0.0,0.15816326530612246,0.1818181818181818,0.0,0.0,0.05555555555555555,3,0,0,0,0,0,0,0,0.0,0.0,0.0,269000.0
10680001,1,0.0,0.0,1.0,0.0,0.0,0.0,0.0,0.0,0.0,0.0,1.0,0.0,0.0,0.0,0.0,0.0,0.0,1.0,0.10204081632653061,0.1818181818181818,0.09090909090909091,0.0,0.1111111111111111,0,0,0,0,0,0,1,0,0.0,0.0,0.0021595974620373945,219500.0
10680005,1,0.0,1.0,0.0,0.0,0.0,0.0,0.0,0.0,0.0,0.0,0.0,0.0,0.0,1.0,0.0,0.0,1.0,0.0,0.1785714285714286,0.2727272727272727,0.0,0.0,0.1111111111111111,1,2,0,0,0,0,0,1,0.0,0.3,0.00031912523005902903,590000.0
10680011,0,1.0,0.0,0.0,0.0,1.0,0.0,0.0,0.0,0.0,0.0,0.0,0.0,0.0,0.0,0.0,0.0,0.0,1.0,0.051020408163265314,0.09090909090909091,0.0,0.07142857142857142,0.05555555555555555,0,0,0,0,0,0,0,0,0.0,0.0,0.0,219000.0
10680017,1,0.0,0.0,1.0,0.0,0.0,0.0,0.0,0.0,0.0,0.0,1.0,0.0,0.0,0.0,0.0,0.0,0.0,1.0,0.14285714285714288,0.1818181818181818,0.09090909090909091,0.0,0.1111111111111111,0,0,0,0,0,0,1,0,0.0,0.0,0.0004988624285980224,298500.0
10680012,1,0.0,0.0,1.0,0.0,0.0,0.0,0.0,0.0,0.0,0.0,1.0,0.0,0.0,0.0,0.0,0.0,0.0,1.0,0.10204081632653061,0.1818181818181818,0.09090909090909091,0.0,0.1111111111111111,1,1,0,0,0,0,0,1,0.0,0.0,0.00042641733326853013,220000.0
10680021,0,0.0,0.0,1.0,0.0,0.0,0.0,0.0,0.0,0.0,0.0,0.0,0.0,1.0,0.0,0.0,0.0,0.0,1.0,0.0979591836734694,0.1818181818181818,0.18181818181818182,0.0,0.1111111111111111,3,4,1,0,0,0,0,1,0.0,0.08,0.0,380000.0
10680019,1,0.0,0.0,1.0,0.0,0.0,0.0,0.0,1.0,0.0,0.0,0.0,0.0,0.0,0.0,0.0,1.0,0.0,0.0,0.1285714285714286,0.1818181818181818,0.09090909090909091,0.0,0.05555555555555555,4,6,0,1,0,0,0,0,0.0,0.0,0.0,175000.0
10680020,1,0.0,1.0,0.0,1.0,0.0,0.0,0.0,0.0,0.0,0.0,0.0,0.0,0.0,0.0,0.0,1.0,0.0,0.0,0.11020408163265308,0.1818181818181818,0.09090909090909091,0.0,0.05555555555555555,2,0,0,0,0,0,0,0,0.0,0.0,2.934484874106014e-05,259000.0
10680023,1,1.0,0.0,0.0,0.0,1.0,0.0,0.0,0.0,0.0,0.0,0.0,0.0,0.0,0.0,0.0,0.0,0.0,1.0,0.4897959183673469,0.36363636363636365,0.18181818181818182,0.07142857142857142,0.16666666666666666,1,4,0,0,0,0,1,1,0.45,0.0,0.0010087291754739423,1295000.0
10680024,1,1.0,0.0,0.0,0.0,1.0,0.0,0.0,0.0,0.0,0.0,0.0,0.0,0.0,0.0,0.0,1.0,0.0,0.0,0.23469387755102042,0.36363636363636365,0.18181818181818182,0.14285714285714285,0.16666666666666666,3,4,0,1,0,0,0,1,0.0,0.2,0.00018340530463162587,1250000.0
10680027,1,0.0,0.0,1.0,0.0,0.0,0.0,0.0,0.0,0.0,0.0,1.0,0.0,0.0,0.0,0.0,0.0,1.0,0.0,0.2448979591836735,0.2727272727272727,0.09090909090909091,0.0,0.1111111111111111,3,3,0,1,0,0,1,0,0.0,0.0,0.0002155012329421604,390000.0
10680029,1,0.0,0.0,1.0,0.0,0.0,0.0,0.0,0.0,0.0,0.0,1.0,0.0,0.0,0.0,0.0,0.0,0.0,1.0,0.12244897959183676,0.1818181818181818,0.09090909090909091,0.0,0.1111111111111111,1,0,0,0,0,0,1,0,0.0,0.0,0.0025071505143143256,268500.0
10680025,0,0.0,1.0,0.0,1.0,0.0,0.0,0.0,0.0,0.0,0.0,0.0,0.0,0.0,0.0,0.0,0.0,0.0,1.0,0.1275510204081633,0.09090909090909091,0.18181818181818182,0.0,0.1111111111111111,0,2,1,1,0,0,0,1,0.0,0.9,0.0,785000.0
10680033,1,0.0,0.0,1.0,0.0,0.0,0.0,0.0,0.0,0.0,0.0,0.0,1.0,0.0,0.0,0.0,0.0,0.0,1.0,0.10204081632653061,0.1818181818181818,0.09090909090909091,0.0,0.1111111111111111,1,1,0,0,0,0,0,1,0.0,0.0,0.0003273784687674522,220000.0
10680028,1,0.0,1.0,0.0,0.0,0.0,0.0,1.0,0.0,0.0,0.0,0.0,0.0,0.0,0.0,0.0,0.0,0.0,1.0,0.14285714285714288,0.1818181818181818,0.09090909090909091,0.0,0.1111111111111111,3,3,0,1,0,0,1,1,0.268,0.15,0.00024576310820637867,450000.0
10680032,0,1.0,0.0,0.0,0.0,1.0,0.0,0.0,0.0,0.0,0.0,0.0,0.0,0.0,0.0,0.0,1.0,0.0,0.0,0.07959183673469389,0.09090909090909091,0.09090909090909091,0.07142857142857142,0.05555555555555555,1,3,1,0,0,0,0,1,0.0,0.13,0.0,239000.0
10680038,1,0.0,0.0,1.0,0.0,0.0,0.0,0.0,0.0,0.0,0.0,1.0,0.0,0.0,0.0,0.0,0.0,0.0,1.0,0.10204081632653061,0.1818181818181818,0.09090909090909091,0.0,0.1111111111111111,1,1,0,0,0,0,0,1,0.0,0.0,0.0003273784687674522,220000.0
10680035,1,0.0,0.0,1.0,0.0,0.0,0.0,0.0,0.0,0.0,0.0,0.0,1.0,0.0,0.0,0.0,0.0,0.0,1.0,0.13571428571428573,0.2727272727272727,0.09090909090909091,0.0,0.1111111111111111,3,1,0,0,0,1,1,1,0.9570000000000001,0.3,0.0008775943826623298,329000.0
10680041,1,0.0,0.0,1.0,0.0,0.0,0.0,0.0,0.0,0.0,0.0,0.0,0.0,1.0,0.0,0.0,0.0,0.0,1.0,0.12244897959183676,0.1818181818181818,0.18181818181818182,0.0,0.1111111111111111,5,7,0,0,0,0,1,1,0.0,0.0,0.0009628778493160358,380000.0
10680036,1,0.0,0.0,1.0,0.0,0.0,0.0,0.0,0.0,0.0,1.0,0.0,0.0,0.0,0.0,1.0,0.0,0.0,0.0,0.14081632653061227,0.2727272727272727,0.09090909090909091,0.0,0.05555555555555555,3,5,0,0,0,0,1,1,0.127,0.27,0.00021825231251163479,239000.0
10680040,0,1.0,0.0,0.0,0.0,1.0,0.0,0.0,0.0,0.0,0.0,0.0,0.0,0.0,0.0,1.0,0.0,0.0,0.0,0.014285714285714284,0.0,0.09090909090909091,0.0,0.0,3,3,1,0,0,0,0,0,0.0,0.0,0.0,155000.0
10680044,1,0.0,1.0,0.0,0.0,0.0,0.0,0.0,0.0,0.0,0.0,0.0,0.0,0.0,1.0,0.0,0.0,0.0,1.0,0.1602040816326531,0.1818181818181818,0.09090909090909091,0.0,0.1111111111111111,1,0,0,0,0,0,1,0,0.267,0.0,0.0003503041318464054,374202.0
10680045,0,0.0,1.0,0.0,0.0,0.0,0.0,0.0,0.0,0.0,0.0,0.0,0.0,0.0,1.0,0.0,0.0,0.0,1.0,0.06224489795918368,0.09090909090909091,0.09090909090909091,0.0,0.05555555555555555,1,1,1,0,0,0,0,1,0.0,0.34,0.0,316000.0
10680046,1,0.0,1.0,0.0,0.0,0.0,0.0,0.0,0.0,0.0,0.0,0.0,0.0,0.0,1.0,0.0,0.0,0.0,1.0,0.10816326530612247,0.1818181818181818,0.09090909090909091,0.0,0.1111111111111111,1,0,0,0,0,0,0,0,0.0,0.0,0.00011829642148739869,302000.0
10680047,0,0.0,1.0,0.0,0.0,0.0,0.0,0.0,0.0,0.0,0.0,0.0,0.0,0.0,1.0,0.0,0.0,0.0,1.0,0.04081632653061225,0.0,0.09090909090909091,0.0,0.05555555555555555,1,0,1,0,0,0,0,1,0.0,0.05,0.0,171900.0
10680048,1,0.0,1.0,0.0,0.0,0.0,0.0,0.0,0.0,0.0,0.0,0.0,0.0,0.0,1.0,0.0,0.0,0.0,1.0,0.10816326530612247,0.1818181818181818,0.09090909090909091,0.0,0.1111111111111111,1,0,0,0,0,0,0,0,0.0,0.0,0.0001219645275800312,284000.0
10680050,1,0.0,0.0,1.0,0.0,0.0,0.0,0.0,0.0,0.0,0.0,0.0,1.0,0.0,0.0,0.0,0.0,0.0,1.0,0.10204081632653061,0.1818181818181818,0.09090909090909091,0.0,0.1111111111111111,1,1,0,0,0,0,0,1,0.0,0.0,0.0003273784687674522,220000.0
10680055,0,1.0,0.0,0.0,0.0,1.0,0.0,0.0,0.0,0.0,0.0,0.0,0.0,0.0,0.0,0.0,1.0,0.0,0.0,0.0326530612244898,0.0,0.0,0.07142857142857142,0.05555555555555555,0,7,0,0,0,0,0,1,0.0,0.44,0.0,225000.0
10680056,0,1.0,0.0,0.0,0.0,1.0,0.0,0.0,0.0,0.0,0.0,0.0,0.0,0.0,0.0,0.0,1.0,0.0,0.0,0.0326530612244898,0.0,0.0,0.07142857142857142,0.05555555555555555,0,7,0,0,0,0,0,1,0.0,0.44,0.0,225000.0
10680057,0,1.0,0.0,0.0,0.0,1.0,0.0,0.0,0.0,0.0,0.0,0.0,0.0,0.0,0.0,0.0,1.0,0.0,0.0,0.0816326530612245,0.09090909090909091,0.09090909090909091,0.0,0.05555555555555555,0,6,0,0,0,0,0,1,0.0,0.09,0.0,275000.0
10680058,0,1.0,0.0,0.0,0.0,1.0,0.0,0.0,0.0,0.0,0.0,0.0,0.0,0.0,0.0,0.0,1.0,0.0,0.0,0.0816326530612245,0.09090909090909091,0.09090909090909091,0.0,0.05555555555555555,0,5,0,0,0,0,0,1,0.0,0.09,0.0,275000.0
10680063,1,0.0,0.0,1.0,0.0,0.0,0.0,0.0,0.0,0.0,1.0,0.0,0.0,0.0,0.0,0.0,0.0,0.0,1.0,0.08571428571428572,0.09090909090909091,0.09090909090909091,0.0,0.05555555555555555,2,3,0,1,0,0,1,1,0.2,0.4,0.0004979454020748643,319000.0
10680065,1,0.0,0.0,1.0,0.0,0.0,0.0,0.0,1.0,0.0,0.0,0.0,0.0,0.0,0.0,0.0,0.0,0.0,1.0,0.07346938775510206,0.1818181818181818,0.09090909090909091,0.0,0.1111111111111111,0,5,0,0,0,0,1,0,1.0,0.0,0.00119121745358241,249000.0
10680062,1,0.0,0.0,1.0,0.0,0.0,0.0,0.0,1.0,0.0,0.0,0.0,0.0,0.0,0.0,0.0,0.0,0.0,1.0,0.10204081632653061,0.1818181818181818,0.09090909090909091,0.0,0.1111111111111111,0,0,0,0,0,0,1,0,0.0,0.0,0.0008711751970002228,279500.0
10680068,0,1.0,0.0,0.0,0.0,1.0,0.0,0.0,0.0,0.0,0.0,0.0,0.0,0.0,0.0,0.0,0.0,1.0,0.0,0.07142857142857142,0.0,0.09090909090909091,0.07142857142857142,0.05555555555555555,5,0,0,0,0,0,0,1,0.0,0.07,0.0,269000.0
10680070,1,0.0,0.0,1.0,0.0,0.0,0.0,0.0,0.0,0.0,0.0,0.0,0.0,1.0,0.0,0.0,0.0,0.0,1.0,0.2602040816326531,0.36363636363636365,0.09090909090909091,0.07142857142857142,0.16666666666666666,3,2,0,0,1,0,1,1,1.0,0.68,0.0013416098033803433,870000.0
10680049,0,0.0,1.0,0.0,0.0,0.0,0.0,0.0,0.0,0.0,0.0,0.0,0.0,0.0,1.0,0.0,0.0,0.0,1.0,0.06326530612244899,0.09090909090909091,0.09090909090909091,0.0,0.05555555555555555,3,0,0,0,0,0,0,1,0.0,0.23,0.0,291900.0
10680078,0,0.0,1.0,0.0,1.0,0.0,0.0,0.0,0.0,0.0,0.0,0.0,0.0,0.0,0.0,0.0,0.0,0.0,1.0,0.07551020408163267,0.09090909090909091,0.09090909090909091,0.0,0.05555555555555555,2,3,1,1,0,0,0,1,0.0,0.05,0.0,259000.0
10680080,0,1.0,0.0,0.0,0.0,1.0,0.0,0.0,0.0,0.0,0.0,0.0,0.0,0.0,0.0,0.0,1.0,0.0,0.0,0.0836734693877551,0.0,0.09090909090909091,0.0,0.05555555555555555,4,0,0,1,0,0,1,1,0.045,0.28,0.0,249000.0
10680085,1,0.0,0.0,1.0,0.0,0.0,0.0,0.0,0.0,0.0,0.0,0.0,0.0,1.0,0.0,0.0,0.0,0.0,1.0,0.15306122448979595,0.09090909090909091,0.18181818181818182,0.0,0.0,4,3,0,0,0,0,1,1,0.0,0.0,0.0008500835869675859,585000.0
10680077,1,0.0,0.0,1.0,0.0,0.0,0.0,0.0,1.0,0.0,0.0,0.0,0.0,0.0,0.0,0.0,0.0,0.0,1.0,0.10204081632653061,0.1818181818181818,0.09090909090909091,0.0,0.1111111111111111,0,0,0,0,0,0,1,0,0.0,0.0,0.0008711751970002228,279500.0
10680079,1,0.0,1.0,0.0,1.0,0.0,0.0,0.0,0.0,0.0,0.0,0.0,0.0,0.0,0.0,0.0,0.0,0.0,1.0,0.1785714285714286,0.1818181818181818,0.09090909090909091,0.0,0.0,0,3,0,1,0,0,1,1,0.09,0.0,0.00017882017201583522,449000.0
10680081,0,1.0,0.0,0.0,0.0,1.0,0.0,0.0,0.0,0.0,0.0,0.0,0.0,0.0,0.0,0.0,1.0,0.0,0.0,0.06632653061224492,0.09090909090909091,0.09090909090909091,0.0,0.05555555555555555,0,0,0,1,0,0,0,1,0.0,0.06,0.0,229000.0
10680084,0,0.0,1.0,0.0,1.0,0.0,0.0,0.0,0.0,0.0,0.0,0.0,0.0,0.0,0.0,0.0,0.0,1.0,0.0,0.051020408163265314,0.09090909090909091,0.09090909090909091,0.0,0.05555555555555555,0,2,1,1,0,0,1,1,0.021,0.12,0.0,199000.0
10680087,1,0.0,1.0,0.0,0.0,0.0,0.0,0.0,0.0,0.0,0.0,0.0,0.0,0.0,1.0,0.0,0.0,1.0,0.0,0.19081632653061226,0.4545454545454545,0.2727272727272727,0.0,0.0,3,3,0,1,0,0,0,0,0.0,0.0,9.353670536212919e-05,449000.0
10680088,0,0.0,1.0,0.0,0.0,0.0,0.0,0.0,0.0,0.0,0.0,0.0,0.0,0.0,1.0,0.0,0.0,1.0,0.0,0.19081632653061226,0.4545454545454545,0.2727272727272727,0.0,0.0,3,3,0,1,0,0,0,0,0.0,0.0,0.0,449000.0
10680091,1,0.0,1.0,0.0,0.0,0.0,1.0,0.0,0.0,0.0,0.0,0.0,0.0,0.0,0.0,1.0,0.0,0.0,0.0,0.10510204081632654,0.2727272727272727,0.09090909090909091,0.0,0.05555555555555555,3,6,0,0,0,0,0,1,0.0,0.0,5.0436458773697115e-05,265000.0
10680086,0,0.0,1.0,0.0,0.0,0.0,0.0,0.0,0.0,0.0,0.0,0.0,0.0,0.0,1.0,0.0,0.0,1.0,0.0,0.14285714285714288,0.1818181818181818,0.0,0.0,0.16666666666666666,3,0,0,0,0,0,0,0,0.0,0.0,0.0,295000.0
10680099,1,0.0,1.0,0.0,0.0,0.0,0.0,1.0,0.0,0.0,0.0,0.0,0.0,0.0,0.0,0.0,0.0,1.0,0.0,0.07755102040816328,0.09090909090909091,0.09090909090909091,0.0,0.05555555555555555,3,5,0,0,0,0,0,1,0.0,0.0,0.00011004318277897552,260000.0
10680101,1,0.0,1.0,0.0,0.0,0.0,1.0,0.0,0.0,0.0,0.0,0.0,0.0,0.0,0.0,0.0,0.0,0.0,1.0,0.15918367346938778,0.1818181818181818,0.09090909090909091,0.0,0.05555555555555555,5,4,0,0,0,0,0,0,0.0,0.0,0.0006052375052843654,210000.0
10680108,0,0.0,1.0,0.0,0.0,0.0,0.0,1.0,0.0,0.0,0.0,0.0,0.0,0.0,0.0,0.0,0.0,0.0,1.0,0.07959183673469389,0.09090909090909091,0.09090909090909091,0.0,0.05555555555555555,3,3,0,0,0,0,0,0,0.0,0.0,0.0,275000.0
10680106,0,0.0,1.0,0.0,0.0,0.0,0.0,0.0,0.0,0.0,0.0,0.0,0.0,0.0,1.0,0.0,0.0,0.0,1.0,0.014285714285714284,0.0,0.0,0.07142857142857142,0.0,2,2,1,0,0,0,0,0,0.0,0.0,0.0,125000.0
10680100,1,0.0,1.0,0.0,0.0,0.0,0.0,1.0,0.0,0.0,0.0,0.0,0.0,0.0,0.0,0.0,0.0,1.0,0.0,0.07755102040816328,0.09090909090909091,0.09090909090909091,0.0,0.05555555555555555,3,5,0,0,0,0,0,1,0.0,0.0,0.00011004318277897552,260000.0
10680102,1,0.0,1.0,0.0,0.0,0.0,1.0,0.0,0.0,0.0,0.0,0.0,0.0,0.0,0.0,0.0,0.0,0.0,1.0,0.17755102040816328,0.09090909090909091,0.09090909090909091,0.0,0.1111111111111111,4,6,0,0,0,0,0,0,0.0,0.0,0.00015589450893688199,235000.0
10680112,1,0.0,1.0,0.0,0.0,0.0,0.0,0.0,0.0,0.0,0.0,0.0,0.0,0.0,1.0,0.0,0.0,1.0,0.0,0.13367346938775512,0.1818181818181818,0.18181818181818182,0.0,0.1111111111111111,3,3,0,0,0,0,0,1,0.0,0.0,0.00022008636555795105,280000.0
10680109,1,0.0,0.0,1.0,0.0,0.0,0.0,0.0,0.0,0.0,0.0,0.0,1.0,0.0,0.0,0.0,0.0,0.0,1.0,0.10204081632653061,0.1818181818181818,0.09090909090909091,0.0,0.1111111111111111,1,1,0,0,0,0,0,1,0.0,0.0,0.00042641733326853013,220000.0
10680113,1,0.0,1.0,0.0,0.0,0.0,0.0,0.0,0.0,1.0,0.0,0.0,0.0,0.0,0.0,0.0,0.0,0.0,1.0,0.4622448979591837,0.1818181818181818,0.18181818181818182,0.0,0.0,3,2,0,0,0,1,0,1,0.0,0.0,0.0006694293619054345,549000.0
10680111,1,0.0,1.0,0.0,0.0,0.0,0.0,1.0,0.0,0.0,0.0,0.0,0.0,0.0,0.0,0.0,0.0,0.0,1.0,0.22346938775510206,0.2727272727272727,0.09090909090909091,0.0,0.05555555555555555,3,4,0,0,0,0,1,1,0.045,0.0,0.00015864558850635637,319000.0
10680117,1,0.0,1.0,0.0,0.0,0.0,0.0,0.0,0.0,0.0,0.0,0.0,0.0,0.0,1.0,0.0,0.0,1.0,0.0,0.1489795918367347,0.1818181818181818,0.09090909090909091,0.0,0.05555555555555555,3,4,0,0,0,0,0,0,0.0,0.0,0.00010087291754739423,265000.0
10417975,1,0.0,1.0,0.0,0.0,0.0,0.0,1.0,0.0,0.0,0.0,0.0,0.0,0.0,0.0,0.0,0.0,0.0,1.0,0.163265306122449,0.1818181818181818,0.09090909090909091,0.0,0.1111111111111111,4,6,0,1,0,0,0,1,0.0,0.24,0.0010545805016318487,369000.0
10549055,0,0.0,1.0,0.0,0.0,0.0,1.0,0.0,0.0,0.0,0.0,0.0,0.0,0.0,0.0,0.0,0.0,0.0,1.0,0.057142857142857155,0.0,0.09090909090909091,0.0,0.05555555555555555,1,2,1,0,0,0,0,1,0.0,0.07,0.0,247000.0
10680142,1,0.0,0.0,1.0,0.0,0.0,0.0,0.0,1.0,0.0,0.0,0.0,0.0,0.0,0.0,0.0,0.0,0.0,1.0,0.2448979591836735,0.1818181818181818,0.09090909090909091,0.0,0.0,4,7,0,0,0,0,0,0,0.0,0.0,0.0020587245444900005,310000.0
10680121,1,0.0,0.0,1.0,0.0,0.0,0.0,0.0,0.0,0.0,0.0,1.0,0.0,0.0,0.0,0.0,0.0,0.0,1.0,0.10204081632653061,0.1818181818181818,0.09090909090909091,0.0,0.1111111111111111,1,1,0,0,0,0,0,1,0.0,0.0,0.00042641733326853013,220000.0
10680144,0,0.0,1.0,0.0,1.0,0.0,0.0,0.0,0.0,0.0,0.0,0.0,0.0,0.0,0.0,0.0,0.0,0.0,1.0,0.05816326530612246,0.09090909090909091,0.09090909090909091,0.0,0.0,0,2,0,0,0,0,0,1,0.0,0.06,0.0,209000.0
10680140,1,0.0,1.0,0.0,1.0,0.0,0.0,0.0,0.0,0.0,0.0,0.0,0.0,0.0,0.0,0.0,0.0,0.0,1.0,0.2142857142857143,0.1818181818181818,0.09090909090909091,0.0,0.1111111111111111,3,3,0,1,0,0,1,1,0.0,0.0,0.0009876375654413053,549000.0
10680149,1,0.0,1.0,0.0,0.0,0.0,0.0,1.0,0.0,0.0,0.0,0.0,0.0,0.0,0.0,0.0,0.0,0.0,1.0,0.4826530612244898,0.36363636363636365,0.09090909090909091,0.07142857142857142,0.1111111111111111,3,0,0,1,1,0,1,1,1.0,0.9500000000000001,0.00460347314625381,685000.0
10680150,1,0.0,0.0,1.0,0.0,0.0,0.0,0.0,0.0,0.0,0.0,0.0,1.0,0.0,0.0,0.0,0.0,0.0,1.0,0.10204081632653061,0.1818181818181818,0.09090909090909091,0.0,0.0,1,1,0,0,0,0,0,1,0.0,0.0,0.00042641733326853013,220000.0
10680151,0,0.0,1.0,0.0,0.0,0.0,0.0,0.0,0.0,0.0,0.0,0.0,0.0,0.0,1.0,0.0,0.0,0.0,1.0,0.11734693877551022,0.09090909090909091,0.0,0.07142857142857142,0.05555555555555555,1,1,1,0,0,0,0,0,0.0,0.0,0.0,499000.0
10680152,0,1.0,0.0,0.0,0.0,1.0,0.0,0.0,0.0,0.0,0.0,0.0,0.0,0.0,0.0,0.0,1.0,0.0,0.0,0.04081632653061225,0.0,0.09090909090909091,0.07142857142857142,0.05555555555555555,4,7,0,0,0,0,0,1,0.0,0.2,0.0,185000.0
10680166,1,0.0,1.0,0.0,1.0,0.0,0.0,0.0,0.0,0.0,0.0,0.0,0.0,0.0,0.0,0.0,0.0,0.0,1.0,0.15714285714285717,0.1818181818181818,0.09090909090909091,0.0,0.1111111111111111,0,0,0,1,0,0,1,1,0.0,0.0,0.0003594743970779867,425000.0
10680167,1,0.0,1.0,0.0,0.0,0.0,0.0,0.0,0.0,0.0,0.0,0.0,0.0,0.0,1.0,0.0,0.0,0.0,1.0,0.27653061224489794,0.1818181818181818,0.09090909090909091,0.0,0.0,3,4,0,0,0,0,0,0,0.0,0.0,0.00038515113972641433,295000.0
10680164,1,0.0,0.0,1.0,0.0,0.0,0.0,0.0,0.0,0.0,1.0,0.0,0.0,0.0,0.0,0.0,0.0,1.0,0.0,0.176530612244898,0.4545454545454545,0.18181818181818182,0.0,0.0,6,7,0,0,0,0,1,1,0.0,0.01,0.0002246714981737417,150000.0
10680174,0,1.0,0.0,0.0,0.0,1.0,0.0,0.0,0.0,0.0,0.0,0.0,0.0,0.0,0.0,0.0,1.0,0.0,0.0,0.09387755102040818,0.1818181818181818,0.09090909090909091,0.0,0.05555555555555555,0,6,1,1,0,0,0,1,0.0,0.1,0.0,349000.0
10680171,0,1.0,0.0,0.0,0.0,1.0,0.0,0.0,0.0,0.0,0.0,0.0,0.0,0.0,0.0,0.0,0.0,0.0,1.0,0.09285714285714286,0.09090909090909091,0.09090909090909091,0.0,0.05555555555555555,3,5,1,0,0,0,0,1,0.0,0.12,0.0,300000.0
10680179,0,0.0,0.0,1.0,0.0,0.0,0.0,0.0,0.0,0.0,0.0,0.0,0.0,1.0,0.0,0.0,0.0,1.0,0.0,0.07653061224489796,0.09090909090909091,0.09090909090909091,0.0,0.05555555555555555,0,4,0,0,0,0,0,0,0.0,0.0,0.0,210000.0
10680183,0,0.0,0.0,1.0,0.0,0.0,0.0,0.0,1.0,0.0,0.0,0.0,0.0,0.0,0.0,0.0,0.0,0.0,1.0,0.06836734693877553,0.09090909090909091,0.0,0.07142857142857142,0.05555555555555555,1,2,0,0,0,0,0,0,0.0,0.0,0.0,200000.0
10680176,1,0.0,1.0,0.0,0.0,0.0,1.0,0.0,0.0,0.0,0.0,0.0,0.0,0.0,0.0,0.0,0.0,1.0,0.0,0.12244897959183676,0.1818181818181818,0.09090909090909091,0.0,0.0,1,2,0,0,0,0,0,1,0.0,0.0,0.00018340530463162587,429000.0
10680184,0,0.0,1.0,0.0,0.0,0.0,0.0,0.0,0.0,0.0,0.0,0.0,0.0,0.0,1.0,0.0,0.0,1.0,0.0,0.09081632653061225,0.09090909090909091,0.18181818181818182,0.0,0.0,0,0,1,0,0,0,0,1,0.0,0.18,0.0,329037.0
10680195,1,1.0,0.0,0.0,0.0,1.0,0.0,0.0,0.0,0.0,0.0,0.0,0.0,0.0,0.0,0.0,0.0,0.0,1.0,0.20408163265306126,0.1818181818181818,0.18181818181818182,0.07142857142857142,0.1111111111111111,3,6,0,0,0,0,1,1,0.19,0.0,0.00031637415048955465,765000.0
10680191,0,0.0,1.0,0.0,1.0,0.0,0.0,0.0,0.0,0.0,0.0,0.0,0.0,0.0,0.0,0.0,0.0,1.0,0.0,0.08673469387755103,0.09090909090909091,0.09090909090909091,0.0,0.05555555555555555,1,2,1,0,0,0,0,1,0.0,0.1,0.0,325000.0
10680192,1,1.0,0.0,0.0,0.0,1.0,0.0,0.0,0.0,0.0,0.0,0.0,0.0,0.0,0.0,0.0,0.0,0.0,1.0,0.21938775510204084,0.2727272727272727,0.2727272727272727,0.14285714285714285,0.16666666666666666,2,3,0,0,0,0,1,1,0.05,0.2,0.00011004318277897552,975000.0
10680200,0,0.0,0.0,1.0,0.0,0.0,0.0,0.0,1.0,0.0,0.0,0.0,0.0,0.0,0.0,0.0,0.0,0.0,1.0,0.06632653061224492,0.09090909090909091,0.0,0.07142857142857142,0.05555555555555555,1,2,0,0,0,0,0,0,0.0,0.0,0.0,210000.0
10680198,1,1.0,0.0,0.0,0.0,1.0,0.0,0.0,0.0,0.0,0.0,0.0,0.0,0.0,0.0,0.0,0.0,0.0,1.0,0.2857142857142857,0.36363636363636365,0.09090909090909091,0.14285714285714285,0.2222222222222222,2,0,0,1,0,0,1,1,0.062,0.25,0.00015406045589056572,1250000.0
10680202,1,0.0,0.0,1.0,0.0,0.0,0.0,0.0,1.0,0.0,0.0,0.0,0.0,0.0,0.0,0.0,0.0,0.0,1.0,0.1836734693877551,0.1818181818181818,0.09090909090909091,0.0,0.1111111111111111,0,2,0,0,0,0,0,0,0.0,0.0,0.000602486425714891,350000.0
10680203,1,0.0,0.0,1.0,0.0,0.0,0.0,0.0,0.0,0.0,0.0,0.0,1.0,0.0,0.0,0.0,0.0,0.0,1.0,0.10204081632653061,0.1818181818181818,0.09090909090909091,0.0,0.1111111111111111,3,3,0,1,0,0,1,1,0.22,0.36,0.00030720388525797335,275000.0
10680206,1,0.0,0.0,1.0,0.0,0.0,0.0,0.0,1.0,0.0,0.0,0.0,0.0,0.0,0.0,0.0,0.0,0.0,1.0,0.163265306122449,0.1818181818181818,0.09090909090909091,0.07142857142857142,0.05555555555555555,5,6,0,0,0,0,1,1,0.5,0.38,0.0007336212185265035,245000.0
10680208,0,1.0,0.0,0.0,0.0,1.0,0.0,0.0,0.0,0.0,0.0,0.0,0.0,0.0,0.0,0.0,1.0,0.0,0.0,0.07142857142857142,0.09090909090909091,0.09090909090909091,0.0,0.05555555555555555,0,6,1,0,0,0,0,1,0.0,0.03,0.0,235000.0
10680214,1,0.0,1.0,0.0,0.0,0.0,1.0,0.0,0.0,0.0,0.0,0.0,0.0,0.0,0.0,1.0,0.0,0.0,0.0,0.04081632653061225,0.09090909090909091,0.0,0.0,0.0,1,3,0,0,0,0,0,0,0.0,0.0,1.8340530463162586e-05,290000.0
10680216,0,0.0,1.0,0.0,0.0,0.0,0.0,0.0,0.0,0.0,0.0,0.0,0.0,0.0,1.0,0.0,0.0,1.0,0.0,0.14285714285714288,0.09090909090909091,0.09090909090909091,0.0,0.0,0,0,1,0,0,0,0,1,0.0,0.5,0.0,408120.0
10680212,0,0.0,0.0,1.0,0.0,0.0,0.0,0.0,1.0,0.0,0.0,0.0,0.0,0.0,0.0,0.0,0.0,0.0,1.0,0.0673469387755102,0.09090909090909091,0.0,0.07142857142857142,0.05555555555555555,1,2,0,0,0,0,0,0,0.0,0.0,0.0,190000.0
10680226,0,0.0,0.0,1.0,0.0,0.0,0.0,0.0,1.0,0.0,0.0,0.0,0.0,0.0,0.0,0.0,0.0,0.0,1.0,0.06632653061224492,0.09090909090909091,0.0,0.07142857142857142,0.05555555555555555,1,2,0,0,0,0,0,0,0.0,0.0,0.0,205000.0
10680232,0,0.0,0.0,1.0,0.0,0.0,0.0,0.0,1.0,0.0,0.0,0.0,0.0,0.0,0.0,0.0,0.0,0.0,1.0,0.07142857142857142,0.09090909090909091,0.0,0.07142857142857142,0.05555555555555555,1,2,0,0,0,0,0,0,0.0,0.0,0.0,205000.0
10680223,0,0.0,0.0,1.0,0.0,0.0,0.0,0.0,1.0,0.0,0.0,0.0,0.0,0.0,0.0,0.0,0.0,0.0,1.0,0.06836734693877553,0.09090909090909091,0.0,0.07142857142857142,0.05555555555555555,0,2,0,0,0,0,0,0,0.0,0.0,0.0,195000.0
10680235,0,0.0,0.0,1.0,0.0,0.0,0.0,0.0,1.0,0.0,0.0,0.0,0.0,0.0,0.0,0.0,0.0,0.0,1.0,0.0673469387755102,0.09090909090909091,0.0,0.07142857142857142,0.05555555555555555,1,2,0,0,0,0,0,0,0.0,0.0,0.0,195000.0
10680240,1,0.0,1.0,0.0,0.0,0.0,0.0,0.0,0.0,0.0,0.0,0.0,0.0,0.0,1.0,0.0,0.0,0.0,1.0,0.18265306122448982,0.2727272727272727,0.09090909090909091,0.0,0.05555555555555555,4,6,0,0,0,0,0,0,0.0,0.0,0.0009747991941170915,178000.0
10680241,1,0.0,1.0,0.0,0.0,0.0,0.0,1.0,0.0,0.0,0.0,0.0,0.0,0.0,0.0,0.0,0.0,0.0,1.0,0.1928571428571429,0.1818181818181818,0.18181818181818182,0.0,0.16666666666666666,3,3,0,0,0,0,0,1,0.0,0.0,0.0006694293619054345,645000.0
10680243,1,0.0,0.0,1.0,0.0,0.0,0.0,0.0,0.0,0.0,0.0,0.0,0.0,1.0,0.0,0.0,0.0,0.0,1.0,0.09183673469387757,0.1818181818181818,0.09090909090909091,0.07142857142857142,0.05555555555555555,0,7,0,0,0,0,1,1,0.15,0.1,0.0002530993203916437,375000.0
10680246,1,0.0,0.0,1.0,0.0,0.0,0.0,0.0,1.0,0.0,0.0,0.0,0.0,0.0,0.0,0.0,0.0,0.0,1.0,0.23469387755102042,0.36363636363636365,0.09090909090909091,0.07142857142857142,0.1111111111111111,3,4,0,0,0,0,0,1,0.0,0.0,0.0,250000.0
10680253,1,0.0,0.0,1.0,0.0,0.0,0.0,0.0,0.0,0.0,0.0,1.0,0.0,0.0,0.0,0.0,0.0,0.0,1.0,0.10204081632653061,0.1818181818181818,0.09090909090909091,0.07142857142857142,0.1111111111111111,0,2,0,0,0,0,1,1,0.38,0.0,0.00034847007880008915,270000.0
10680251,1,0.0,0.0,1.0,0.0,0.0,0.0,0.0,0.0,0.0,1.0,0.0,0.0,0.0,0.0,0.0,0.0,0.0,1.0,0.05612244897959184,0.09090909090909091,0.09090909090909091,0.07142857142857142,0.1111111111111111,0,0,0,0,0,0,1,0,0.038,0.0,0.00010087291754739423,159900.0
10680254,1,0.0,0.0,1.0,0.0,0.0,0.0,0.0,0.0,0.0,0.0,1.0,0.0,0.0,0.0,0.0,0.0,0.0,1.0,0.15306122448979595,0.1818181818181818,0.09090909090909091,0.07142857142857142,0.1111111111111111,3,4,0,0,0,0,1,1,1.0,0.0,0.0010940126421276483,398000.0
10680255,0,0.0,0.0,1.0,0.0,0.0,0.0,0.0,0.0,0.0,0.0,0.0,0.0,1.0,0.0,0.0,0.0,0.0,1.0,0.1836734693877551,0.2727272727272727,0.18181818181818182,0.07142857142857142,0.1111111111111111,1,5,0,0,0,0,1,1,0.1,0.0,0.0,569000.0
10418112,0,1.0,0.0,0.0,0.0,1.0,0.0,0.0,0.0,0.0,0.0,0.0,0.0,0.0,0.0,0.0,1.0,0.0,0.0,0.05612244897959184,0.09090909090909091,0.09090909090909091,0.0,0.05555555555555555,4,7,0,0,0,0,0,0,0.0,0.0,0.0,198000.0
10680267,0,0.0,0.0,1.0,0.0,0.0,0.0,0.0,1.0,0.0,0.0,0.0,0.0,0.0,0.0,0.0,1.0,0.0,0.0,0.06836734693877553,0.09090909090909091,0.09090909090909091,0.07142857142857142,0.05555555555555555,1,2,0,0,0,0,0,1,0.0,0.07,0.0,195000.0
10680266,1,0.0,1.0,0.0,1.0,0.0,0.0,0.0,0.0,0.0,0.0,0.0,0.0,0.0,0.0,0.0,0.0,1.0,0.0,0.1479591836734694,0.1818181818181818,0.18181818181818182,0.0,0.0,3,3,0,0,0,0,1,1,0.45,0.4,0.0006153247970391047,524000.0
10680270,0,0.0,1.0,0.0,0.0,0.0,1.0,0.0,0.0,0.0,0.0,0.0,0.0,0.0,0.0,0.0,0.0,1.0,0.0,0.05510204081632653,0.0,0.0,0.0,0.0,0,2,0,0,0,0,0,1,0.0,0.0,0.0,248900.0
10680274,1,0.0,1.0,0.0,1.0,0.0,0.0,0.0,0.0,0.0,0.0,0.0,0.0,0.0,0.0,0.0,0.0,0.0,1.0,0.30714285714285716,0.2727272727272727,0.18181818181818182,0.0,0.16666666666666666,3,3,0,1,1,0,1,1,0.0,0.0,0.001517678895826704,499000.0
10680277,0,0.0,1.0,0.0,1.0,0.0,0.0,0.0,0.0,0.0,0.0,0.0,0.0,0.0,0.0,0.0,0.0,0.0,1.0,0.04591836734693878,0.0,0.0,0.07142857142857142,0.05555555555555555,3,0,0,1,0,0,1,1,0.0,0.0,0.0,275000.0
10680278,0,0.0,1.0,0.0,0.0,0.0,1.0,0.0,0.0,0.0,0.0,0.0,0.0,0.0,0.0,0.0,0.0,1.0,0.0,0.14489795918367349,0.2727272727272727,0.09090909090909091,0.0,0.0,2,2,0,0,0,0,1,0,0.146,0.0,0.0,335000.0
10680279,1,0.0,0.0,1.0,0.0,0.0,0.0,0.0,0.0,0.0,0.0,1.0,0.0,0.0,0.0,0.0,0.0,0.0,1.0,0.18469387755102043,0.1818181818181818,0.09090909090909091,0.0,0.05555555555555555,0,5,0,0,0,0,0,1,0.0,0.0,0.0004979454020748643,269000.0
10680281,1,0.0,1.0,0.0,0.0,0.0,0.0,0.0,0.0,0.0,0.0,0.0,0.0,0.0,1.0,0.0,0.0,0.0,1.0,0.163265306122449,0.1818181818181818,0.0,0.0,0.1111111111111111,4,4,0,0,0,0,0,0,0.0,0.0,0.00018707341072425837,249500.0
10680282,0,1.0,0.0,0.0,0.0,1.0,0.0,0.0,0.0,0.0,0.0,0.0,0.0,0.0,0.0,0.0,0.0,0.0,1.0,0.11224489795918369,0.1818181818181818,0.09090909090909091,0.07142857142857142,0.1111111111111111,4,0,0,0,0,0,0,1,0.0,0.26,0.0,495000.0
10680284,1,0.0,1.0,0.0,0.0,0.0,0.0,1.0,0.0,0.0,0.0,0.0,0.0,0.0,0.0,0.0,0.0,0.0,1.0,0.10816326530612247,0.09090909090909091,0.09090909090909091,0.0,0.0,5,6,0,0,0,0,0,0,0.0,0.0,0.0003310465748600847,219000.0
10680285,0,0.0,0.0,1.0,0.0,0.0,0.0,0.0,1.0,0.0,0.0,0.0,0.0,0.0,0.0,0.0,0.0,0.0,1.0,0.09387755102040818,0.09090909090909091,0.09090909090909091,0.0,0.1111111111111111,0,4,1,0,0,0,0,1,0.0,0.06,0.0,200000.0
10680288,1,0.0,0.0,1.0,0.0,0.0,0.0,0.0,1.0,0.0,0.0,0.0,0.0,0.0,0.0,0.0,1.0,0.0,0.0,0.0816326530612245,0.09090909090909091,0.09090909090909091,0.0,0.05555555555555555,1,4,0,0,0,0,0,1,0.0,0.4,0.00010087291754739423,140000.0
10680292,1,0.0,1.0,0.0,0.0,0.0,0.0,0.0,0.0,0.0,0.0,0.0,0.0,0.0,1.0,0.0,0.0,0.0,1.0,0.08265306122448982,0.09090909090909091,0.0,0.0,0.05555555555555555,5,6,0,0,0,0,0,1,0.0,0.0,7.978130751475726e-05,89000.0
10680294,1,0.0,1.0,0.0,0.0,0.0,1.0,0.0,0.0,0.0,0.0,0.0,0.0,0.0,0.0,0.0,0.0,0.0,1.0,0.059183673469387764,0.09090909090909091,0.09090909090909091,0.0,0.1111111111111111,1,0,0,0,0,0,0,1,0.0,0.0,0.0,238000.0
10680293,1,0.0,1.0,0.0,0.0,0.0,0.0,1.0,0.0,0.0,0.0,0.0,0.0,0.0,0.0,0.0,0.0,1.0,0.0,0.12244897959183676,0.1818181818181818,0.09090909090909091,0.0,0.1111111111111111,2,2,0,0,0,0,1,1,0.09,0.3,0.00022925663078953234,365000.0
10680300,0,1.0,0.0,0.0,0.0,1.0,0.0,0.0,0.0,0.0,0.0,0.0,0.0,0.0,0.0,0.0,1.0,0.0,0.0,0.02142857142857143,0.0,0.09090909090909091,0.0,0.05555555555555555,5,7,0,0,0,0,0,0,0.0,0.0,0.0,139000.0
10680301,0,0.0,0.0,1.0,0.0,0.0,0.0,0.0,0.0,0.0,1.0,0.0,0.0,0.0,0.0,0.0,0.0,1.0,0.0,0.09285714285714286,0.1818181818181818,0.09090909090909091,0.0,0.05555555555555555,3,5,0,0,0,0,0,0,0.0,0.0,0.0,135000.0
10680303,0,1.0,0.0,0.0,0.0,1.0,0.0,0.0,0.0,0.0,0.0,0.0,0.0,0.0,0.0,0.0,1.0,0.0,0.0,0.020408163265306124,0.0,0.09090909090909091,0.07142857142857142,0.05555555555555555,4,0,1,0,0,0,0,1,0.0,0.03,0.0,225000.0
10680298,1,0.0,0.0,1.0,0.0,0.0,0.0,0.0,0.0,0.0,0.0,0.0,0.0,1.0,0.0,0.0,0.0,1.0,0.0,0.413265306122449,0.5454545454545454,0.09090909090909091,0.14285714285714285,0.2222222222222222,0,4,0,0,0,0,1,0,0.76,0.0,0.000807900366902312,795000.0
10680313,0,1.0,0.0,0.0,0.0,1.0,0.0,0.0,0.0,0.0,0.0,0.0,0.0,0.0,0.0,0.0,0.0,1.0,0.0,0.04897959183673469,0.0,0.09090909090909091,0.0,0.05555555555555555,4,4,1,0,0,0,0,1,0.0,0.0,0.0,230000.0
10680305,0,0.0,1.0,0.0,0.0,0.0,0.0,0.0,0.0,0.0,0.0,0.0,0.0,0.0,1.0,0.0,0.0,1.0,0.0,0.04897959183673469,0.09090909090909091,0.09090909090909091,0.0,0.0,5,3,1,0,0,0,0,1,0.0,0.0,0.0,134000.0
10680310,0,0.0,1.0,0.0,0.0,0.0,0.0,0.0,0.0,0.0,0.0,0.0,0.0,0.0,1.0,0.0,0.0,0.0,1.0,0.07142857142857142,0.09090909090909091,0.09090909090909091,0.07142857142857142,0.05555555555555555,1,0,1,0,0,0,0,1,0.0,0.15,0.0,545000.0
10680318,1,0.0,1.0,0.0,0.0,0.0,0.0,0.0,0.0,0.0,0.0,0.0,0.0,0.0,1.0,0.0,0.0,0.0,1.0,0.12244897959183676,0.1818181818181818,0.09090909090909091,0.0,0.0,0,0,0,0,0,0,1,0,0.02,0.0,0.0003411338666148241,375000.0
10680321,1,0.0,0.0,1.0,0.0,0.0,0.0,0.0,0.0,0.0,0.0,0.0,0.0,1.0,0.0,0.0,0.0,0.0,1.0,0.45816326530612245,0.4545454545454545,0.09090909090909091,0.14285714285714285,0.16666666666666666,2,3,0,1,1,0,1,1,0.8,0.65,0.0013975484212929892,1785000.0
10680322,0,0.0,0.0,1.0,0.0,0.0,0.0,0.0,0.0,0.0,0.0,0.0,1.0,0.0,0.0,0.0,0.0,0.0,1.0,0.07653061224489796,0.09090909090909091,0.0,0.0,0.0,0,0,0,0,0,0,0,1,0.0,0.9500000000000001,0.0,335000.0
10680325,0,0.0,0.0,1.0,0.0,0.0,0.0,0.0,0.0,0.0,0.0,0.0,1.0,0.0,0.0,0.0,0.0,0.0,1.0,0.07653061224489796,0.1818181818181818,0.0,0.0,0.0,0,0,0,0,0,0,0,1,0.0,0.9500000000000001,0.0,320000.0
10680317,0,1.0,0.0,0.0,0.0,1.0,0.0,0.0,0.0,0.0,0.0,0.0,0.0,0.0,0.0,0.0,1.0,0.0,0.0,0.07142857142857142,0.09090909090909091,0.09090909090909091,0.0,0.05555555555555555,0,3,1,0,0,0,0,1,0.0,0.05,0.0,290000.0
10680326,0,0.0,0.0,1.0,0.0,0.0,0.0,0.0,0.0,0.0,0.0,0.0,1.0,0.0,0.0,0.0,0.0,0.0,1.0,0.07653061224489796,0.09090909090909091,0.0,0.0,0.0,0,0,0,0,0,0,0,1,0.0,0.9500000000000001,0.0,285000.0
10680327,0,1.0,0.0,0.0,0.0,1.0,0.0,0.0,0.0,0.0,0.0,0.0,0.0,0.0,0.0,0.0,0.0,0.0,1.0,0.05612244897959184,0.09090909090909091,0.09090909090909091,0.0,0.05555555555555555,3,5,0,0,0,0,1,1,0.17,0.2,0.0,279000.0
10680328,1,0.0,1.0,0.0,0.0,0.0,1.0,0.0,0.0,0.0,0.0,0.0,0.0,0.0,0.0,0.0,0.0,1.0,0.0,0.12448979591836737,0.1818181818181818,0.0,0.0,0.05555555555555555,4,6,0,0,0,0,1,1,0.13,0.0,0.00021091610032636975,199000.0
10680332,1,0.0,0.0,1.0,0.0,0.0,0.0,0.0,1.0,0.0,0.0,0.0,0.0,0.0,0.0,0.0,0.0,0.0,1.0,0.10204081632653061,0.09090909090909091,0.09090909090909091,0.07142857142857142,0.05555555555555555,4,6,0,0,0,0,1,1,0.13,0.0,0.0003026187526421827,149000.0
10680336,1,0.0,1.0,0.0,0.0,0.0,0.0,1.0,0.0,0.0,0.0,0.0,0.0,0.0,0.0,0.0,0.0,0.0,1.0,0.24693877551020413,0.2727272727272727,0.18181818181818182,0.0,0.16666666666666666,1,2,0,1,0,0,1,1,1.0,0.4,0.0012563263367266371,785000.0
10680340,1,0.0,1.0,0.0,0.0,0.0,1.0,0.0,0.0,0.0,0.0,0.0,0.0,0.0,0.0,0.0,0.0,1.0,0.0,0.13979591836734695,0.2727272727272727,0.09090909090909091,0.0,0.1111111111111111,3,6,0,0,0,0,0,1,0.0,0.0,5.135348529685524e-05,250000.0
10680333,1,0.0,0.0,1.0,0.0,0.0,0.0,0.0,0.0,0.0,0.0,0.0,0.0,1.0,0.0,0.0,0.0,0.0,1.0,0.2091836734693878,0.1818181818181818,0.09090909090909091,0.0,0.1111111111111111,0,3,0,0,0,0,0,0,0.0,0.0,0.0004997794551211805,270000.0
10680353,0,0.0,1.0,0.0,0.0,0.0,1.0,0.0,0.0,0.0,0.0,0.0,0.0,0.0,0.0,0.0,0.0,1.0,0.0,0.10204081632653061,0.09090909090909091,0.0,0.0,0.1111111111111111,3,0,1,0,0,0,0,0,0.0,0.0,0.0,425000.0
10680355,1,0.0,0.0,1.0,0.0,0.0,0.0,0.0,0.0,0.0,0.0,0.0,0.0,1.0,0.0,0.0,0.0,0.0,1.0,0.1959183673469388,0.36363636363636365,0.18181818181818182,0.0,0.16666666666666666,1,4,0,1,0,0,1,1,0.0,0.0,0.000950039477991822,599000.0
10680356,1,0.0,0.0,1.0,0.0,0.0,0.0,0.0,0.0,0.0,0.0,0.0,0.0,1.0,0.0,0.0,0.0,0.0,1.0,0.1959183673469388,0.36363636363636365,0.18181818181818182,0.0,0.16666666666666666,1,4,0,1,0,0,1,1,0.0,0.0,0.000950039477991822,599000.0
10680354,1,0.0,1.0,0.0,0.0,0.0,1.0,0.0,0.0,0.0,0.0,0.0,0.0,0.0,0.0,0.0,1.0,0.0,0.0,0.13775510204081634,0.1818181818181818,0.09090909090909091,0.0,0.1111111111111111,3,1,0,0,0,0,0,0,0.0,0.0,0.0014855829675161694,455000.0
10680366,1,0.0,0.0,1.0,0.0,0.0,0.0,0.0,0.0,0.0,0.0,0.0,1.0,0.0,0.0,0.0,1.0,0.0,0.0,0.10714285714285715,0.09090909090909091,0.0,0.07142857142857142,0.1111111111111111,0,3,0,1,0,0,0,1,0.0,0.0,0.0011866323209666193,360000.0
10680357,1,0.0,0.0,1.0,0.0,0.0,0.0,0.0,1.0,0.0,0.0,0.0,0.0,0.0,0.0,0.0,1.0,0.0,0.0,0.09387755102040818,0.09090909090909091,0.09090909090909091,0.0,0.05555555555555555,5,0,0,0,0,0,1,0,0.608,0.0,0.0006868528658454389,69000.0
10680365,1,0.0,0.0,1.0,0.0,0.0,0.0,0.0,0.0,0.0,0.0,0.0,1.0,0.0,0.0,0.0,1.0,0.0,0.0,0.10714285714285715,0.09090909090909091,0.0,0.07142857142857142,0.1111111111111111,0,3,0,1,0,0,0,1,0.0,0.0,0.0011866323209666193,360000.0
10680368,1,0.0,0.0,1.0,0.0,0.0,0.0,0.0,0.0,0.0,0.0,0.0,1.0,0.0,0.0,0.0,0.0,0.0,1.0,0.2836734693877551,0.1818181818181818,0.09090909090909091,0.0,0.05555555555555555,0,3,0,1,0,0,0,1,0.0,0.0,0.00042366625369905575,180000.0
10680369,1,0.0,0.0,1.0,0.0,0.0,0.0,0.0,0.0,0.0,0.0,0.0,1.0,0.0,0.0,0.0,0.0,0.0,1.0,0.13673469387755105,0.1818181818181818,0.09090909090909091,0.0,0.05555555555555555,0,7,0,1,0,0,0,1,0.0,0.0,0.002149510170282655,325000.0
10680372,1,0.0,0.0,1.0,0.0,0.0,0.0,0.0,0.0,0.0,0.0,0.0,1.0,0.0,0.0,0.0,1.0,0.0,0.0,0.10714285714285715,0.09090909090909091,0.0,0.07142857142857142,0.1111111111111111,0,3,0,1,0,0,0,1,0.0,0.0,0.0011866323209666193,360000.0
10680367,1,0.0,0.0,1.0,0.0,0.0,0.0,0.0,1.0,0.0,0.0,0.0,0.0,0.0,0.0,0.0,1.0,0.0,0.0,0.20102040816326533,0.2727272727272727,0.0,0.0,0.16666666666666666,0,7,0,1,0,0,0,1,0.0,0.0,0.0004245832802222139,220000.0
10680371,1,0.0,0.0,1.0,0.0,0.0,0.0,0.0,0.0,0.0,0.0,0.0,1.0,0.0,0.0,0.0,1.0,0.0,0.0,0.10714285714285715,0.09090909090909091,0.0,0.07142857142857142,0.1111111111111111,0,3,0,1,0,0,0,1,0.0,0.0,0.0011866323209666193,360000.0
10680370,1,0.0,0.0,1.0,0.0,0.0,0.0,0.0,0.0,0.0,0.0,0.0,1.0,0.0,0.0,0.0,1.0,0.0,0.0,0.16938775510204085,0.1818181818181818,0.09090909090909091,0.0,0.1111111111111111,0,7,0,1,0,0,0,0,0.0,0.0,0.0004649324472411716,199000.0
10680381,1,0.0,0.0,1.0,0.0,0.0,0.0,0.0,1.0,0.0,0.0,0.0,0.0,0.0,0.0,0.0,0.0,0.0,1.0,0.15816326530612246,0.2727272727272727,0.09090909090909091,0.0,0.0,3,5,0,1,0,0,0,0,0.0,0.0,0.00038515113972641433,250000.0
10680374,1,0.0,0.0,1.0,0.0,0.0,0.0,0.0,0.0,0.0,0.0,0.0,0.0,1.0,0.0,0.0,0.0,0.0,1.0,0.1602040816326531,0.36363636363636365,0.18181818181818182,0.0,0.16666666666666666,5,3,0,1,0,0,1,1,1.0,0.5,0.0020302967222720985,540000.0
10680379,1,0.0,0.0,1.0,0.0,0.0,0.0,0.0,0.0,0.0,0.0,1.0,0.0,0.0,0.0,0.0,0.0,0.0,1.0,0.09387755102040818,0.1818181818181818,0.09090909090909091,0.0,0.1111111111111111,0,0,0,1,0,0,1,0,0.0,0.0,0.0012948414506992786,421500.0
10680380,1,0.0,0.0,1.0,0.0,0.0,0.0,0.0,1.0,0.0,0.0,0.0,0.0,0.0,0.0,0.0,0.0,1.0,0.0,0.11224489795918369,0.1818181818181818,0.09090909090909091,0.0,0.1111111111111111,3,3,0,1,1,0,0,1,0.0,0.0,0.0007785555181612518,385000.0
10680377,1,0.0,1.0,0.0,1.0,0.0,0.0,0.0,0.0,0.0,0.0,0.0,0.0,0.0,0.0,0.0,0.0,0.0,1.0,0.11530612244897961,0.1818181818181818,0.18181818181818182,0.0,0.1111111111111111,3,6,0,1,0,0,0,1,0.0,0.35000000000000003,0.0,280000.0
10680373,1,0.0,0.0,1.0,0.0,0.0,0.0,0.0,0.0,0.0,0.0,0.0,0.0,1.0,0.0,0.0,0.0,0.0,1.0,0.15306122448979595,0.1818181818181818,0.09090909090909091,0.07142857142857142,0.1111111111111111,5,5,0,1,0,0,0,0,0.0,0.0,0.0008601708787223253,410000.0
10680384,0,0.0,1.0,0.0,0.0,0.0,0.0,1.0,0.0,0.0,0.0,0.0,0.0,0.0,0.0,0.0,0.0,0.0,1.0,0.06020408163265307,0.09090909090909091,0.09090909090909091,0.0,0.05555555555555555,0,3,1,1,0,0,0,1,0.0,0.25,0.0,295000.0
10680385,0,0.0,1.0,0.0,1.0,0.0,0.0,0.0,0.0,0.0,0.0,0.0,0.0,0.0,0.0,1.0,0.0,0.0,0.0,0.07244897959183674,0.09090909090909091,0.09090909090909091,0.0,0.0,1,2,0,1,0,0,0,0,0.0,0.0,0.0,368000.0
10680382,1,0.0,0.0,1.0,0.0,0.0,0.0,0.0,1.0,0.0,0.0,0.0,0.0,0.0,0.0,0.0,0.0,1.0,0.0,0.12244897959183676,0.1818181818181818,0.0,0.0,0.0,0,5,0,1,0,0,0,1,0.0,0.0,0.0006217439827012117,290000.0
10680389,0,0.0,1.0,0.0,0.0,0.0,0.0,0.0,0.0,1.0,0.0,0.0,0.0,0.0,0.0,0.0,0.0,0.0,1.0,0.08775510204081632,0.1818181818181818,0.09090909090909091,0.0,0.05555555555555555,1,2,1,0,0,0,0,1,0.0,0.53,0.0,285000.0
10680388,1,0.0,1.0,0.0,0.0,0.0,0.0,1.0,0.0,0.0,0.0,0.0,0.0,0.0,0.0,0.0,0.0,0.0,1.0,0.23469387755102042,0.2727272727272727,0.09090909090909091,0.07142857142857142,0.1111111111111111,4,3,0,1,0,0,1,1,0.17,0.15,0.00032095928310534527,620000.0
10680390,1,0.0,1.0,0.0,0.0,0.0,0.0,0.0,0.0,0.0,0.0,0.0,0.0,0.0,1.0,0.0,0.0,0.0,1.0,0.14285714285714288,0.1818181818181818,0.09090909090909091,0.0,0.1111111111111111,3,2,0,1,0,0,0,1,0.0,0.0,0.0003292125218137684,339000.0
10680391,0,0.0,0.0,1.0,0.0,0.0,0.0,0.0,0.0,0.0,1.0,0.0,0.0,0.0,0.0,0.0,1.0,0.0,0.0,0.05612244897959184,0.0,0.09090909090909091,0.0,0.05555555555555555,3,7,0,1,0,0,0,0,0.0,0.0,0.0,135500.0
10680393,1,0.0,0.0,1.0,0.0,0.0,0.0,0.0,1.0,0.0,0.0,0.0,0.0,0.0,0.0,0.0,0.0,0.0,1.0,0.1795918367346939,0.2727272727272727,0.09090909090909091,0.0,0.1111111111111111,0,6,0,1,0,0,0,1,0.0,0.0,0.0007794725446844099,269000.0
10680395,1,0.0,0.0,1.0,0.0,0.0,0.0,0.0,1.0,0.0,0.0,0.0,0.0,0.0,0.0,0.0,0.0,0.0,1.0,0.17244897959183675,0.09090909090909091,0.09090909090909091,0.0,0.05555555555555555,0,7,0,1,0,0,0,1,0.0,0.0,0.0002219204186042673,135000.0
10680397,1,0.0,0.0,1.0,0.0,0.0,0.0,0.0,1.0,0.0,0.0,0.0,0.0,0.0,0.0,0.0,0.0,1.0,0.0,0.11938775510204083,0.2727272727272727,0.0,0.0,0.0,0,7,0,1,0,0,0,0,0.0,0.0,5.502159138948776e-05,89000.0
10680394,1,0.0,0.0,1.0,0.0,0.0,0.0,0.0,1.0,0.0,0.0,0.0,0.0,0.0,0.0,0.0,0.0,1.0,0.0,0.11938775510204083,0.2727272727272727,0.0,0.0,0.0,0,7,0,1,0,0,0,0,0.0,0.0,5.502159138948776e-05,89000.0
10680398,1,0.0,0.0,1.0,0.0,0.0,0.0,0.0,1.0,0.0,0.0,0.0,0.0,0.0,0.0,0.0,0.0,1.0,0.0,0.11938775510204083,0.2727272727272727,0.0,0.0,0.0,0,7,0,1,0,0,0,0,0.0,0.0,5.502159138948776e-05,89000.0
10680406,1,0.0,1.0,0.0,1.0,0.0,0.0,0.0,0.0,0.0,0.0,0.0,0.0,0.0,0.0,0.0,0.0,1.0,0.0,0.07959183673469389,0.09090909090909091,0.09090909090909091,0.0,0.05555555555555555,3,4,0,1,0,0,0,1,0.0,0.23,0.00012288155410318933,279000.0
10680405,0,0.0,1.0,0.0,1.0,0.0,0.0,0.0,0.0,0.0,0.0,0.0,0.0,0.0,0.0,0.0,0.0,1.0,0.0,0.08061224489795918,0.09090909090909091,0.09090909090909091,0.0,0.05555555555555555,3,4,0,1,0,0,0,0,0.0,0.0,0.0,220000.0
10680420,1,0.0,1.0,0.0,0.0,0.0,0.0,1.0,0.0,0.0,0.0,0.0,0.0,0.0,0.0,0.0,0.0,1.0,0.0,0.11734693877551022,0.1818181818181818,0.0,0.07142857142857142,0.1111111111111111,0,6,0,1,0,0,1,1,0.743,0.19,0.0007712193059759868,360000.0
10680408,1,0.0,0.0,1.0,0.0,0.0,0.0,0.0,0.0,0.0,1.0,0.0,0.0,0.0,0.0,0.0,0.0,0.0,1.0,0.3979591836734694,0.2727272727272727,0.18181818181818182,0.0,0.16666666666666666,0,4,0,1,0,0,0,0,0.0,0.0,0.0010591656342476394,390000.0
10680413,0,0.0,1.0,0.0,1.0,0.0,0.0,0.0,0.0,0.0,0.0,0.0,0.0,0.0,0.0,0.0,0.0,0.0,1.0,0.06326530612244899,0.09090909090909091,0.09090909090909091,0.0,0.05555555555555555,4,5,0,1,0,0,0,1,0.0,0.02,0.0,149000.0
10680418,1,0.0,1.0,0.0,0.0,0.0,0.0,0.0,0.0,0.0,0.0,0.0,0.0,0.0,1.0,0.0,0.0,0.0,1.0,0.10204081632653061,0.1818181818181818,0.09090909090909091,0.0,0.05555555555555555,3,0,0,1,0,0,0,1,0.0,0.0,0.00017973719853899334,265000.0
10680416,1,0.0,1.0,0.0,0.0,0.0,0.0,0.0,0.0,0.0,0.0,0.0,0.0,0.0,1.0,0.0,0.0,0.0,1.0,0.10204081632653061,0.1818181818181818,0.09090909090909091,0.0,0.05555555555555555,3,0,0,1,0,0,0,1,0.0,0.0,0.00017973719853899334,265000.0
10680421,0,0.0,1.0,0.0,0.0,0.0,0.0,0.0,0.0,1.0,0.0,0.0,0.0,0.0,0.0,0.0,0.0,0.0,1.0,0.07244897959183674,0.0,0.09090909090909091,0.0,0.0,0,0,1,1,0,0,1,1,0.016,0.14,0.0,197876.0
10680423,1,0.0,1.0,0.0,1.0,0.0,0.0,0.0,0.0,0.0,0.0,0.0,0.0,0.0,0.0,0.0,0.0,0.0,1.0,0.12244897959183676,0.2727272727272727,0.09090909090909091,0.0,0.0,4,5,0,1,0,0,1,0,0.03,0.0,0.0,369500.0
10680424,1,0.0,1.0,0.0,0.0,0.0,1.0,0.0,0.0,0.0,0.0,0.0,0.0,0.0,0.0,0.0,0.0,0.0,1.0,0.3326530612244898,0.2727272727272727,0.18181818181818182,0.0,0.1111111111111111,0,4,0,1,0,0,1,0,0.0,0.0,0.001233400673647684,795000.0
10680426,1,0.0,1.0,0.0,0.0,0.0,1.0,0.0,0.0,0.0,0.0,0.0,0.0,0.0,0.0,0.0,0.0,1.0,0.0,0.1479591836734694,0.1818181818181818,0.09090909090909091,0.0,0.05555555555555555,3,2,0,1,0,0,0,1,0.0,0.0,0.0004401727311159021,245000.0
10680427,1,0.0,0.0,1.0,0.0,0.0,0.0,0.0,0.0,0.0,1.0,0.0,0.0,0.0,0.0,0.0,0.0,0.0,1.0,0.15306122448979595,0.2727272727272727,0.18181818181818182,0.0,0.1111111111111111,1,2,0,1,0,0,0,1,0.0,0.0,0.0011453661274245035,449000.0
10680428,1,0.0,0.0,1.0,0.0,0.0,0.0,0.0,0.0,0.0,1.0,0.0,0.0,0.0,0.0,0.0,0.0,0.0,1.0,0.15306122448979595,0.2727272727272727,0.18181818181818182,0.0,0.1111111111111111,1,2,0,1,0,0,0,1,0.0,0.0,0.0011481172069939779,449000.0
10549353,1,0.0,1.0,0.0,0.0,0.0,0.0,1.0,0.0,0.0,0.0,0.0,0.0,0.0,0.0,0.0,0.0,0.0,1.0,0.12551020408163266,0.09090909090909091,0.18181818181818182,0.0,0.1111111111111111,4,6,0,1,0,0,0,0,0.0,0.0,0.0006419185662106905,335000.0
10680436,1,0.0,0.0,1.0,0.0,0.0,0.0,0.0,1.0,0.0,0.0,0.0,0.0,0.0,0.0,0.0,0.0,1.0,0.0,0.113265306122449,0.1818181818181818,0.09090909090909091,0.0,0.05555555555555555,4,6,0,0,0,0,1,0,0.8,0.0,0.0009812183797791984,175000.0
10680434,0,0.0,1.0,0.0,1.0,0.0,0.0,0.0,0.0,0.0,0.0,0.0,0.0,0.0,0.0,0.0,0.0,0.0,1.0,0.02448979591836735,0.0,0.0,0.0,0.0,4,3,1,1,0,0,1,0,0.0,0.0,0.0,112500.0
10680432,0,1.0,0.0,0.0,0.0,1.0,0.0,0.0,0.0,0.0,0.0,0.0,0.0,0.0,0.0,0.0,0.0,0.0,1.0,0.0836734693877551,0.1818181818181818,0.09090909090909091,0.07142857142857142,0.0,3,6,0,0,0,0,0,1,0.0,0.04,0.0,385000.0
10680456,0,1.0,0.0,0.0,0.0,1.0,0.0,0.0,0.0,0.0,0.0,0.0,0.0,0.0,0.0,0.0,1.0,0.0,0.0,0.05612244897959184,0.0,0.09090909090909091,0.07142857142857142,0.05555555555555555,1,5,0,1,0,0,0,0,0.0,0.0,0.0,369000.0
10680447,1,1.0,0.0,0.0,0.0,1.0,0.0,0.0,0.0,0.0,0.0,0.0,0.0,0.0,0.0,0.0,1.0,0.0,0.0,0.4897959183673469,0.8181818181818182,0.0,0.0,0.0,5,0,0,1,0,0,1,1,0.03,0.42,0.00011004318277897552,1195000.0
10680446,0,0.0,1.0,0.0,0.0,0.0,0.0,0.0,0.0,0.0,0.0,0.0,0.0,0.0,1.0,0.0,0.0,0.0,1.0,0.0653061224489796,0.09090909090909091,0.09090909090909091,0.0,0.05555555555555555,3,2,1,0,0,0,0,1,0.0,0.0,0.0,349000.0
10680455,1,0.0,1.0,0.0,0.0,0.0,0.0,0.0,0.0,1.0,0.0,0.0,0.0,0.0,0.0,0.0,0.0,0.0,1.0,0.13673469387755105,0.09090909090909091,0.18181818181818182,0.0,0.0,2,3,0,1,0,0,0,0,0.0,0.0,0.0001467242437053007,299000.0
10680450,1,0.0,0.0,1.0,0.0,0.0,0.0,0.0,0.0,0.0,0.0,1.0,0.0,0.0,0.0,0.0,0.0,0.0,1.0,0.30306122448979594,0.2727272727272727,0.36363636363636365,0.0,0.0,0,3,0,1,0,0,1,1,0.0,0.0,0.0006941890780307039,740000.0
10680458,1,0.0,1.0,0.0,1.0,0.0,0.0,0.0,0.0,0.0,0.0,0.0,0.0,0.0,0.0,0.0,0.0,0.0,1.0,0.2091836734693878,0.2727272727272727,0.09090909090909091,0.0,0.0,5,6,0,1,0,0,1,0,0.0,0.0,0.0015727004872161919,438500.0
10680465,1,0.0,1.0,0.0,0.0,0.0,1.0,0.0,0.0,0.0,0.0,0.0,0.0,0.0,0.0,0.0,0.0,0.0,1.0,0.1306122448979592,0.1818181818181818,0.09090909090909091,0.0,0.05555555555555555,3,6,0,1,0,0,1,1,0.15,0.24,0.00024209500211374614,250000.0
10680474,1,0.0,1.0,0.0,0.0,0.0,0.0,0.0,0.0,0.0,0.0,0.0,0.0,0.0,1.0,0.0,0.0,0.0,1.0,0.31326530612244896,0.36363636363636365,0.18181818181818182,0.0,0.1111111111111111,4,4,0,1,0,0,1,0,0.0,0.0,0.001332439538148762,620000.0
10680473,0,0.0,1.0,0.0,0.0,0.0,1.0,0.0,0.0,0.0,0.0,0.0,0.0,0.0,0.0,0.0,0.0,1.0,0.0,0.09693877551020408,0.09090909090909091,0.18181818181818182,0.07142857142857142,0.1111111111111111,0,2,1,1,0,0,0,0,0.0,0.0,0.0,349000.0
10549395,1,0.0,0.0,1.0,0.0,0.0,0.0,0.0,0.0,0.0,1.0,0.0,0.0,0.0,0.0,0.0,0.0,1.0,0.0,0.13673469387755105,0.09090909090909091,0.09090909090909091,0.0,0.05555555555555555,5,4,0,0,0,0,1,0,0.121,0.0,0.0001815712515853096,195000.0
10680476,0,0.0,1.0,0.0,0.0,0.0,1.0,0.0,0.0,0.0,0.0,0.0,0.0,0.0,0.0,0.0,0.0,1.0,0.0,0.1285714285714286,0.09090909090909091,0.18181818181818182,0.0,0.05555555555555555,0,1,1,1,0,0,0,0,0.0,0.0,0.0,368180.0
10680482,1,0.0,0.0,1.0,0.0,0.0,0.0,0.0,1.0,0.0,0.0,0.0,0.0,0.0,0.0,0.0,0.0,0.0,1.0,0.1928571428571429,0.2727272727272727,0.09090909090909091,0.0,0.05555555555555555,3,7,0,1,0,0,0,1,0.0,0.0,0.0009903886450107796,215000.0
10680479,1,0.0,0.0,1.0,0.0,0.0,0.0,0.0,1.0,0.0,0.0,0.0,0.0,0.0,0.0,0.0,0.0,0.0,1.0,0.2479591836734694,0.1818181818181818,0.09090909090909091,0.07142857142857142,0.0,3,7,0,1,0,0,0,1,0.0,0.0,0.0003585573705548286,225000.0
10680481,1,0.0,0.0,1.0,0.0,0.0,0.0,0.0,1.0,0.0,0.0,0.0,0.0,0.0,0.0,0.0,0.0,1.0,0.0,0.20204081632653065,0.1818181818181818,0.09090909090909091,0.0,0.05555555555555555,4,6,0,1,0,0,0,1,0.0,0.0,0.00022925663078953234,165000.0
10680490,1,0.0,1.0,0.0,1.0,0.0,0.0,0.0,0.0,0.0,0.0,0.0,0.0,0.0,0.0,0.0,0.0,0.0,1.0,0.1295918367346939,0.1818181818181818,0.09090909090909091,0.0,0.1111111111111111,1,2,0,0,0,0,1,1,0.18,0.21,0.0003026187526421827,455000.0
10680491,1,0.0,0.0,1.0,0.0,0.0,0.0,0.0,0.0,0.0,0.0,0.0,1.0,0.0,0.0,0.0,0.0,0.0,1.0,0.4489795918367347,0.9999999999999999,0.36363636363636365,0.2857142857142857,0.2222222222222222,0,5,0,1,0,0,1,1,0.645,0.04,0.0006905209719380714,125000.0
10680485,1,0.0,0.0,1.0,0.0,0.0,0.0,0.0,1.0,0.0,0.0,0.0,0.0,0.0,0.0,0.0,0.0,0.0,1.0,0.2479591836734694,0.1818181818181818,0.09090909090909091,0.07142857142857142,0.0,3,7,0,1,0,0,0,1,0.0,0.0,0.0003585573705548286,225000.0
10680497,0,0.0,1.0,0.0,1.0,0.0,0.0,0.0,0.0,0.0,0.0,0.0,0.0,0.0,0.0,0.0,0.0,0.0,1.0,0.05612244897959184,0.0,0.09090909090909091,0.0,0.05555555555555555,0,0,0,1,0,0,0,1,0.0,0.13,0.0,235000.0
10680495,1,0.0,1.0,0.0,0.0,0.0,1.0,0.0,0.0,0.0,0.0,0.0,0.0,0.0,0.0,0.0,0.0,0.0,1.0,0.15816326530612246,0.1818181818181818,0.09090909090909091,0.0,0.1111111111111111,3,4,0,0,0,0,1,1,0.06,0.18,0.000184322331154784,308500.0
10680499,0,0.0,0.0,1.0,0.0,0.0,0.0,0.0,0.0,0.0,1.0,0.0,0.0,0.0,0.0,0.0,1.0,0.0,0.0,0.09387755102040818,0.09090909090909091,0.09090909090909091,0.0,0.05555555555555555,0,3,1,1,0,0,0,1,0.0,0.03,0.0,285000.0
10680498,1,1.0,0.0,0.0,0.0,1.0,0.0,0.0,0.0,0.0,0.0,0.0,0.0,0.0,0.0,0.0,1.0,0.0,0.0,0.18571428571428575,0.1818181818181818,0.09090909090909091,0.07142857142857142,0.1111111111111111,3,5,0,0,0,0,1,1,0.04,0.02,9.170265231581294e-05,375000.0
10680501,0,0.0,0.0,1.0,0.0,0.0,0.0,0.0,0.0,0.0,1.0,0.0,0.0,0.0,0.0,1.0,0.0,0.0,0.0,0.09387755102040818,0.09090909090909091,0.09090909090909091,0.0,0.05555555555555555,0,3,1,1,0,0,0,1,0.0,0.03,0.0,285000.0
10680496,0,0.0,1.0,0.0,1.0,0.0,0.0,0.0,0.0,0.0,0.0,0.0,0.0,0.0,0.0,0.0,0.0,0.0,1.0,0.08469387755102042,0.09090909090909091,0.09090909090909091,0.0,0.05555555555555555,0,0,0,1,0,0,1,1,0.036000000000000004,0.16,0.0,299000.0
10680502,0,1.0,0.0,0.0,0.0,1.0,0.0,0.0,0.0,0.0,0.0,0.0,0.0,0.0,0.0,1.0,0.0,0.0,0.0,0.10408163265306122,0.09090909090909091,0.09090909090909091,0.07142857142857142,0.1111111111111111,1,2,0,1,0,0,1,0,0.0,0.0,0.0,499000.0
10680507,1,0.0,1.0,0.0,0.0,0.0,1.0,0.0,0.0,0.0,0.0,0.0,0.0,0.0,0.0,0.0,0.0,0.0,1.0,0.22653061224489798,0.2727272727272727,0.09090909090909091,0.07142857142857142,0.1111111111111111,3,4,0,1,0,0,0,0,0.0,0.0,0.00020174583509478846,430000.0
10680503,1,0.0,0.0,1.0,0.0,0.0,0.0,0.0,1.0,0.0,0.0,0.0,0.0,0.0,0.0,0.0,0.0,0.0,1.0,0.17346938775510207,0.1818181818181818,0.09090909090909091,0.0,0.1111111111111111,3,4,0,1,0,0,1,1,0.0,0.0,0.0009271138149128688,324500.0
10680509,0,0.0,1.0,0.0,0.0,0.0,1.0,0.0,0.0,0.0,0.0,0.0,0.0,0.0,0.0,0.0,0.0,0.0,1.0,0.059183673469387764,0.09090909090909091,0.09090909090909091,0.07142857142857142,0.05555555555555555,0,3,0,1,0,0,0,0,0.0,0.0,0.0,220000.0
10680512,0,0.0,1.0,0.0,0.0,0.0,1.0,0.0,0.0,0.0,0.0,0.0,0.0,0.0,0.0,0.0,0.0,0.0,1.0,0.059183673469387764,0.09090909090909091,0.09090909090909091,0.07142857142857142,0.05555555555555555,0,2,0,1,0,0,0,0,0.0,0.0,0.0,220000.0
10680510,0,0.0,1.0,0.0,0.0,0.0,1.0,0.0,0.0,0.0,0.0,0.0,0.0,0.0,0.0,0.0,0.0,0.0,1.0,0.059183673469387764,0.09090909090909091,0.09090909090909091,0.07142857142857142,0.05555555555555555,0,3,0,1,0,0,0,0,0.0,0.0,0.0,220000.0
10680511,0,0.0,1.0,0.0,0.0,0.0,1.0,0.0,0.0,0.0,0.0,0.0,0.0,0.0,0.0,0.0,0.0,0.0,1.0,0.059183673469387764,0.09090909090909091,0.09090909090909091,0.07142857142857142,0.05555555555555555,3,2,0,1,0,0,0,0,0.0,0.0,0.0,220000.0
10680514,0,0.0,1.0,0.0,0.0,0.0,1.0,0.0,0.0,0.0,0.0,0.0,0.0,0.0,0.0,0.0,0.0,0.0,1.0,0.13367346938775512,0.09090909090909091,0.09090909090909091,0.07142857142857142,0.1111111111111111,0,1,1,1,0,0,1,1,0.0,0.07,0.0,519000.0
10680513,1,0.0,1.0,0.0,0.0,0.0,1.0,0.0,0.0,0.0,0.0,0.0,0.0,0.0,0.0,0.0,0.0,0.0,1.0,0.39285714285714285,0.5454545454545454,0.18181818181818182,0.14285714285714285,0.2222222222222222,4,5,0,1,0,0,1,0,1.0,0.0,0.004157798255998958,690000.0
10680518,1,0.0,1.0,0.0,0.0,0.0,1.0,0.0,0.0,0.0,0.0,0.0,0.0,0.0,0.0,0.0,0.0,0.0,1.0,0.08673469387755103,0.1818181818181818,0.09090909090909091,0.0,0.1111111111111111,5,6,0,1,0,0,1,0,0.528,0.0,0.0006144077705159467,335000.0
10680517,1,0.0,1.0,0.0,0.0,0.0,1.0,0.0,0.0,0.0,0.0,0.0,0.0,0.0,0.0,0.0,0.0,0.0,1.0,0.13367346938775512,0.09090909090909091,0.09090909090909091,0.07142857142857142,0.1111111111111111,0,1,1,1,0,0,1,1,0.0,0.07,0.0,519000.0
10680520,1,0.0,1.0,0.0,0.0,0.0,1.0,0.0,0.0,0.0,0.0,0.0,0.0,0.0,0.0,0.0,0.0,0.0,1.0,0.16122448979591839,0.1818181818181818,0.09090909090909091,0.07142857142857142,0.05555555555555555,5,6,0,1,0,0,1,1,0.5740000000000001,0.25,0.0006685123353822763,250000.0
10680519,0,0.0,1.0,0.0,1.0,0.0,0.0,0.0,0.0,0.0,0.0,0.0,0.0,0.0,0.0,0.0,0.0,0.0,1.0,0.06938775510204082,0.09090909090909091,0.09090909090909091,0.0,0.05555555555555555,3,2,0,1,0,0,0,0,0.0,0.0,0.0,255000.0
10680521,1,0.0,1.0,0.0,0.0,0.0,1.0,0.0,0.0,0.0,0.0,0.0,0.0,0.0,0.0,0.0,0.0,0.0,1.0,0.39285714285714285,0.5454545454545454,0.18181818181818182,0.0,0.2222222222222222,4,5,0,1,0,0,1,0,0.0,0.0,0.004157798255998958,690000.0
10680523,0,1.0,0.0,0.0,0.0,1.0,0.0,0.0,0.0,0.0,0.0,0.0,0.0,0.0,0.0,0.0,1.0,0.0,0.0,0.07448979591836735,0.09090909090909091,0.09090909090909091,0.07142857142857142,0.1111111111111111,3,2,1,1,0,0,0,1,0.0,0.15,0.0,450000.0
10549453,0,0.0,1.0,0.0,1.0,0.0,0.0,0.0,0.0,0.0,0.0,0.0,0.0,0.0,0.0,1.0,0.0,0.0,0.0,0.0836734693877551,0.1818181818181818,0.09090909090909091,0.0,0.05555555555555555,1,3,1,1,0,0,0,1,0.0,0.13,0.0,270000.0
10680533,1,0.0,1.0,0.0,0.0,0.0,0.0,1.0,0.0,0.0,0.0,0.0,0.0,0.0,0.0,1.0,0.0,0.0,0.0,0.21938775510204084,0.2727272727272727,0.09090909090909091,0.0,0.05555555555555555,5,0,0,0,0,0,0,0,0.0,0.0,0.00013113479281161248,495000.0
10680531,1,0.0,1.0,0.0,0.0,0.0,0.0,0.0,0.0,0.0,0.0,0.0,0.0,0.0,1.0,0.0,0.0,0.0,1.0,0.15612244897959185,0.09090909090909091,0.0,0.0,0.0,5,6,0,0,0,0,1,0,0.41000000000000003,0.0,0.0006896039454149132,299000.0
10680539,0,0.0,1.0,0.0,0.0,0.0,0.0,1.0,0.0,0.0,0.0,0.0,0.0,0.0,0.0,0.0,0.0,0.0,1.0,0.08571428571428572,0.1818181818181818,0.09090909090909091,0.0,0.1111111111111111,0,1,1,1,0,0,1,1,0.0,0.06,0.0,299344.0
10680542,0,0.0,1.0,0.0,0.0,0.0,0.0,1.0,0.0,0.0,0.0,0.0,0.0,0.0,0.0,0.0,0.0,0.0,1.0,0.07653061224489796,0.09090909090909091,0.09090909090909091,0.0,0.1111111111111111,0,1,1,1,0,0,1,1,0.0,0.19,0.0,302021.0
10680537,1,0.0,1.0,0.0,0.0,0.0,1.0,0.0,0.0,0.0,0.0,0.0,0.0,0.0,0.0,0.0,1.0,0.0,0.0,0.20102040816326533,0.1818181818181818,0.09090909090909091,0.0,0.1111111111111111,3,6,0,0,0,0,0,0,0.0,0.0,0.0005887310278675191,299000.0
10680543,1,0.0,1.0,0.0,1.0,0.0,0.0,0.0,0.0,0.0,0.0,0.0,0.0,0.0,0.0,0.0,0.0,0.0,1.0,0.29183673469387755,0.36363636363636365,0.2727272727272727,0.0,0.16666666666666666,3,3,0,0,0,0,1,0,0.0,0.0,0.0019340089373404948,586000.0
10680551,0,0.0,1.0,0.0,0.0,0.0,0.0,0.0,0.0,0.0,0.0,0.0,0.0,0.0,1.0,0.0,0.0,1.0,0.0,0.19387755102040818,0.09090909090909091,0.09090909090909091,0.07142857142857142,0.05555555555555555,3,3,1,1,0,0,0,1,0.0,0.0,0.0,269000.0
10680546,1,0.0,1.0,0.0,0.0,0.0,1.0,0.0,0.0,0.0,0.0,0.0,0.0,0.0,0.0,0.0,0.0,0.0,1.0,0.12142857142857144,0.1818181818181818,0.09090909090909091,0.0,0.1111111111111111,3,2,0,0,0,0,1,1,0.0,0.0,0.00025126526734532744,469000.0
10680545,0,0.0,1.0,0.0,0.0,0.0,0.0,0.0,0.0,0.0,0.0,0.0,0.0,0.0,1.0,0.0,0.0,0.0,1.0,0.05000000000000001,0.0,0.09090909090909091,0.0,0.05555555555555555,3,1,1,0,0,0,0,0,0.0,0.0,0.0,249000.0
10680547,1,0.0,0.0,1.0,0.0,0.0,0.0,0.0,0.0,0.0,0.0,0.0,1.0,0.0,0.0,0.0,0.0,0.0,1.0,0.15000000000000002,0.36363636363636365,0.09090909090909091,0.0,0.1111111111111111,0,5,0,1,0,0,1,1,0.65,0.9,0.0009766332471634078,339000.0
10680564,1,0.0,1.0,0.0,0.0,0.0,1.0,0.0,0.0,0.0,0.0,0.0,0.0,0.0,0.0,0.0,0.0,0.0,1.0,0.07857142857142857,0.09090909090909091,0.09090909090909091,0.0,0.1111111111111111,3,5,0,0,0,0,1,1,0.0,0.0,0.0008354111625970558,297000.0
10680565,1,0.0,1.0,0.0,0.0,0.0,1.0,0.0,0.0,0.0,0.0,0.0,0.0,0.0,0.0,0.0,0.0,0.0,1.0,0.1836734693877551,0.1818181818181818,0.09090909090909091,0.0,0.1111111111111111,5,5,0,0,0,0,0,1,0.0,0.0,0.0011114361460676527,410000.0
10680574,0,1.0,0.0,0.0,0.0,1.0,0.0,0.0,0.0,0.0,0.0,0.0,0.0,0.0,0.0,1.0,0.0,0.0,0.0,0.07244897959183674,0.0,0.09090909090909091,0.0,0.05555555555555555,0,5,0,1,0,0,1,0,0.0,0.0,0.0,300000.0
10680576,1,0.0,1.0,0.0,0.0,0.0,0.0,0.0,0.0,0.0,0.0,0.0,0.0,0.0,1.0,0.0,0.0,1.0,0.0,0.3959183673469388,0.2727272727272727,0.18181818181818182,0.0,0.16666666666666666,4,0,0,0,0,0,0,1,0.0,0.0,0.00017423503940004458,350000.0
10680588,1,0.0,0.0,1.0,0.0,0.0,0.0,0.0,0.0,0.0,0.0,0.0,0.0,1.0,0.0,0.0,0.0,0.0,1.0,0.14285714285714288,0.36363636363636365,0.18181818181818182,0.0,0.1111111111111111,3,2,0,0,0,0,1,1,0.2,0.0,0.008711751970002228,395000.0
10680590,1,0.0,0.0,1.0,0.0,0.0,0.0,0.0,0.0,0.0,0.0,1.0,0.0,0.0,0.0,0.0,0.0,1.0,0.0,0.22653061224489798,0.1818181818181818,0.09090909090909091,0.0,0.1111111111111111,0,4,0,1,0,0,0,1,0.0,0.0,0.001014231334612891,445000.0
10680600,0,0.0,1.0,0.0,0.0,0.0,0.0,0.0,0.0,0.0,0.0,0.0,0.0,0.0,1.0,0.0,0.0,1.0,0.0,0.08673469387755103,0.09090909090909091,0.09090909090909091,0.0,0.0,1,0,0,0,0,0,0,1,0.0,0.3,0.0,495000.0
10680599,0,0.0,1.0,0.0,0.0,0.0,0.0,0.0,0.0,0.0,0.0,0.0,0.0,0.0,1.0,0.0,0.0,1.0,0.0,0.16836734693877553,0.1818181818181818,0.18181818181818182,0.0,0.0,1,0,0,0,0,0,0,1,0.0,0.29,0.0,950000.0
10680604,1,0.0,1.0,0.0,0.0,0.0,0.0,0.0,0.0,1.0,0.0,0.0,0.0,0.0,0.0,0.0,0.0,0.0,1.0,0.11734693877551022,0.1818181818181818,0.09090909090909091,0.07142857142857142,0.1111111111111111,1,0,0,1,0,0,0,0,0.0,0.0,0.0,162500.0
10680598,0,0.0,1.0,0.0,0.0,0.0,0.0,0.0,0.0,0.0,0.0,0.0,0.0,0.0,1.0,0.0,0.0,1.0,0.0,0.08673469387755103,0.09090909090909091,0.09090909090909091,0.0,0.0,0,0,0,0,0,0,0,1,0.0,0.33,0.0,545000.0
10680620,0,0.0,1.0,0.0,1.0,0.0,0.0,0.0,0.0,0.0,0.0,0.0,0.0,0.0,0.0,0.0,0.0,1.0,0.0,0.057142857142857155,0.09090909090909091,0.09090909090909091,0.0,0.05555555555555555,3,3,0,1,0,0,0,1,0.0,0.02,0.0,209000.0
10680614,1,0.0,1.0,0.0,1.0,0.0,0.0,0.0,0.0,0.0,0.0,0.0,0.0,0.0,0.0,0.0,0.0,0.0,1.0,0.0816326530612245,0.1818181818181818,0.09090909090909091,0.0,0.1111111111111111,1,0,0,1,0,1,0,1,0.0,0.4,0.0019395110964794435,475000.0
10680610,1,0.0,1.0,0.0,1.0,0.0,0.0,0.0,0.0,0.0,0.0,0.0,0.0,0.0,0.0,0.0,0.0,1.0,0.0,0.27653061224489794,0.36363636363636365,0.18181818181818182,0.0,0.0,0,2,0,1,0,0,0,0,0.0,0.0,0.0004401727311159021,549000.0
10680623,1,0.0,1.0,0.0,0.0,0.0,0.0,1.0,0.0,0.0,0.0,0.0,0.0,0.0,0.0,0.0,0.0,0.0,1.0,0.15816326530612246,0.1818181818181818,0.09090909090909091,0.0,0.05555555555555555,4,3,0,1,0,0,1,1,0.0,0.21,0.0002659376917158575,375000.0
10680627,0,0.0,0.0,1.0,0.0,0.0,0.0,0.0,0.0,0.0,1.0,0.0,0.0,0.0,0.0,0.0,0.0,0.0,1.0,0.0816326530612245,0.09090909090909091,0.09090909090909091,0.0,0.05555555555555555,1,3,0,0,0,0,0,1,0.0,0.16,0.0,165000.0
10680622,0,0.0,1.0,0.0,1.0,0.0,0.0,0.0,0.0,0.0,0.0,0.0,0.0,0.0,0.0,0.0,0.0,0.0,1.0,0.04795918367346939,0.0,0.09090909090909091,0.0,0.05555555555555555,3,2,1,1,0,0,0,1,0.0,0.08,0.0,190000.0
10680595,1,0.0,1.0,0.0,1.0,0.0,0.0,0.0,0.0,0.0,0.0,0.0,0.0,0.0,0.0,1.0,0.0,0.0,0.0,0.28775510204081634,0.2727272727272727,0.36363636363636365,0.0,0.2222222222222222,5,4,0,1,0,0,0,0,0.0,0.0,6.87769892368597e-05,1050000.0
10680621,1,0.0,1.0,0.0,0.0,0.0,1.0,0.0,0.0,0.0,0.0,0.0,0.0,0.0,0.0,0.0,1.0,0.0,0.0,0.15306122448979595,0.2727272727272727,0.18181818181818182,0.0,0.1111111111111111,1,3,0,0,0,1,1,0,0.0,0.0,0.00026685471823901564,439000.0
10680631,0,1.0,0.0,0.0,0.0,1.0,0.0,0.0,0.0,0.0,0.0,0.0,0.0,0.0,0.0,0.0,1.0,0.0,0.0,0.11224489795918369,0.09090909090909091,0.09090909090909091,0.0,0.05555555555555555,4,0,0,1,0,0,0,1,0.0,0.06,0.0,295000.0
10680624,0,0.0,1.0,0.0,0.0,0.0,0.0,1.0,0.0,0.0,0.0,0.0,0.0,0.0,0.0,0.0,0.0,1.0,0.0,0.0653061224489796,0.0,0.09090909090909091,0.0,0.05555555555555555,3,3,0,1,0,0,0,0,0.0,0.0,0.0,175000.0
10680633,1,0.0,1.0,0.0,0.0,0.0,1.0,0.0,0.0,0.0,0.0,0.0,0.0,0.0,0.0,0.0,0.0,1.0,0.0,0.1438775510204082,0.09090909090909091,0.09090909090909091,0.0,0.05555555555555555,0,6,0,1,0,0,0,0,0.0,0.0,0.00018890746377057464,200000.0
10680635,1,0.0,1.0,0.0,0.0,0.0,0.0,1.0,0.0,0.0,0.0,0.0,0.0,0.0,0.0,0.0,0.0,0.0,1.0,0.3663265306122449,0.1818181818181818,0.09090909090909091,0.0,0.1111111111111111,0,2,0,1,0,0,0,0,0.0,0.0,0.0011527023396097685,430000.0
10680640,1,0.0,1.0,0.0,0.0,0.0,0.0,1.0,0.0,0.0,0.0,0.0,0.0,0.0,0.0,0.0,0.0,0.0,1.0,0.17346938775510207,0.2727272727272727,0.18181818181818182,0.0,0.0,3,3,0,0,0,0,1,0,0.23,0.0,0.00028244416913270385,599000.0
10680645,1,0.0,1.0,0.0,0.0,0.0,0.0,0.0,0.0,0.0,0.0,0.0,0.0,0.0,1.0,0.0,0.0,0.0,1.0,0.11938775510204083,0.1818181818181818,0.09090909090909091,0.0,0.1111111111111111,4,4,0,1,0,0,0,1,0.0,0.0,0.00019899475552531408,199000.0
10680650,1,0.0,1.0,0.0,0.0,0.0,1.0,0.0,0.0,0.0,0.0,0.0,0.0,0.0,0.0,1.0,0.0,0.0,0.0,0.08571428571428572,0.09090909090909091,0.0,0.07142857142857142,0.0,3,4,0,0,0,0,0,1,0.0,0.06,4.4934299634748335e-05,315000.0
10680647,1,0.0,1.0,0.0,0.0,0.0,0.0,0.0,0.0,1.0,0.0,0.0,0.0,0.0,0.0,0.0,0.0,1.0,0.0,0.1653061224489796,0.2727272727272727,0.09090909090909091,0.07142857142857142,0.1111111111111111,4,4,0,0,0,0,1,1,0.08,0.2,0.00034205089313798224,399000.0
10680657,0,1.0,0.0,0.0,0.0,1.0,0.0,0.0,0.0,0.0,0.0,0.0,0.0,0.0,0.0,0.0,1.0,0.0,0.0,0.12244897959183676,0.1818181818181818,0.09090909090909091,0.0,0.1111111111111111,2,0,0,0,0,0,1,1,0.04,0.16,0.0,635000.0
10680658,0,0.0,1.0,0.0,1.0,0.0,0.0,0.0,0.0,0.0,0.0,0.0,0.0,0.0,0.0,0.0,0.0,0.0,1.0,0.08571428571428572,0.1818181818181818,0.09090909090909091,0.0,0.0,0,0,0,0,0,0,0,1,0.0,0.05,0.0,320000.0
10680659,1,0.0,0.0,1.0,0.0,0.0,0.0,0.0,0.0,0.0,0.0,0.0,0.0,1.0,0.0,0.0,0.0,0.0,1.0,0.15816326530612246,0.2727272727272727,0.09090909090909091,0.0,0.1111111111111111,0,1,0,1,0,0,0,1,0.0,0.3,0.0007051933963086015,400000.0
10680670,0,1.0,0.0,0.0,0.0,1.0,0.0,0.0,0.0,0.0,0.0,0.0,0.0,0.0,0.0,0.0,0.0,0.0,1.0,0.057142857142857155,0.09090909090909091,0.18181818181818182,0.0,0.05555555555555555,5,7,0,1,0,0,0,0,0.0,0.0,0.0,295000.0
10680661,1,0.0,1.0,0.0,0.0,0.0,0.0,1.0,0.0,0.0,0.0,0.0,0.0,0.0,0.0,0.0,0.0,0.0,1.0,0.2112244897959184,0.2727272727272727,0.0,0.07142857142857142,0.05555555555555555,4,6,0,1,0,0,0,0,0.0,0.0,0.0004126619354211582,398000.0
10680684,0,0.0,1.0,0.0,1.0,0.0,0.0,0.0,0.0,0.0,0.0,0.0,0.0,0.0,0.0,0.0,0.0,0.0,1.0,0.09183673469387757,0.1818181818181818,0.0,0.0,0.1111111111111111,3,2,0,0,0,0,0,0,0.0,0.0,0.0,239000.0
10680682,1,0.0,0.0,1.0,0.0,0.0,0.0,0.0,0.0,0.0,0.0,0.0,0.0,1.0,0.0,0.0,0.0,1.0,0.0,0.14081632653061227,0.2727272727272727,0.09090909090909091,0.0,0.1111111111111111,3,4,0,1,0,0,1,1,0.0,0.25,0.0006419185662106905,450000.0
10680671,1,1.0,0.0,0.0,0.0,1.0,0.0,0.0,0.0,0.0,0.0,0.0,0.0,0.0,0.0,1.0,0.0,0.0,0.0,0.2857142857142857,0.36363636363636365,0.4545454545454546,0.0,0.2777777777777778,3,6,0,1,0,0,0,1,0.0,0.2,0.00011004318277897552,1100000.0
10680679,0,0.0,1.0,0.0,1.0,0.0,0.0,0.0,0.0,0.0,0.0,0.0,0.0,0.0,0.0,0.0,0.0,1.0,0.0,0.07142857142857142,0.09090909090909091,0.09090909090909091,0.07142857142857142,0.05555555555555555,1,2,0,0,0,0,0,1,0.0,0.03,0.0,259000.0
10680681,1,0.0,1.0,0.0,0.0,0.0,0.0,0.0,0.0,0.0,0.0,0.0,0.0,0.0,1.0,0.0,0.0,0.0,1.0,0.0816326530612245,0.1818181818181818,0.09090909090909091,0.0,0.05555555555555555,1,6,0,0,0,0,1,0,0.0,0.0,0.0001439731641358263,299000.0
10680691,0,0.0,0.0,1.0,0.0,0.0,0.0,0.0,0.0,0.0,0.0,0.0,1.0,0.0,0.0,0.0,0.0,0.0,1.0,0.07653061224489796,0.09090909090909091,0.0,0.0,0.0,0,0,0,0,0,0,0,1,0.0,0.9500000000000001,0.0,320000.0
10680690,1,0.0,1.0,0.0,0.0,0.0,0.0,1.0,0.0,0.0,0.0,0.0,0.0,0.0,0.0,0.0,0.0,0.0,1.0,0.22448979591836737,0.1818181818181818,0.18181818181818182,0.07142857142857142,0.16666666666666666,0,0,0,0,0,0,0,1,0.0,0.5,0.0007079444758780758,550000.0
10549860,0,0.0,1.0,0.0,0.0,0.0,0.0,0.0,0.0,0.0,0.0,0.0,0.0,0.0,1.0,0.0,0.0,0.0,1.0,0.04591836734693878,0.09090909090909091,0.09090909090909091,0.0,0.05555555555555555,1,3,1,0,0,0,0,0,0.0,0.0,0.0,185000.0
10418694,0,0.0,0.0,1.0,0.0,0.0,0.0,0.0,0.0,0.0,1.0,0.0,0.0,0.0,0.0,0.0,1.0,0.0,0.0,0.039795918367346944,0.0,0.09090909090909091,0.0,0.05555555555555555,1,5,0,0,0,0,0,0,0.0,0.0,0.0,145000.0
10156467,1,0.0,0.0,1.0,0.0,0.0,0.0,0.0,1.0,0.0,0.0,0.0,0.0,0.0,0.0,0.0,0.0,1.0,0.0,0.3163265306122449,0.36363636363636365,0.2727272727272727,0.0,0.0,0,4,0,1,0,0,1,1,0.0,0.0,0.0032105098575766107,650000.0
10549700,0,0.0,1.0,0.0,1.0,0.0,0.0,0.0,0.0,0.0,0.0,0.0,0.0,0.0,0.0,0.0,0.0,0.0,1.0,0.0653061224489796,0.09090909090909091,0.09090909090909091,0.0,0.05555555555555555,3,3,0,1,0,0,1,0,0.054,0.0,0.0,229000.0
10549947,1,0.0,1.0,0.0,0.0,0.0,0.0,0.0,0.0,0.0,0.0,0.0,0.0,0.0,1.0,0.0,0.0,0.0,1.0,0.15510204081632656,0.2727272727272727,0.09090909090909091,0.0,0.1111111111111111,0,2,0,0,0,0,1,1,0.0,0.0,0.0002063309677105791,360000.0
10287809,0,0.0,1.0,0.0,1.0,0.0,0.0,0.0,0.0,0.0,0.0,0.0,0.0,0.0,0.0,1.0,0.0,0.0,0.0,0.09693877551020408,0.1818181818181818,0.09090909090909091,0.0,0.05555555555555555,3,3,1,1,0,0,0,1,0.0,0.11,0.0,415000.0
10418911,0,0.0,0.0,1.0,0.0,0.0,0.0,0.0,0.0,0.0,1.0,0.0,0.0,0.0,0.0,1.0,0.0,0.0,0.0,0.07142857142857142,0.09090909090909091,0.09090909090909091,0.0,0.0,4,3,1,1,0,0,1,1,0.0,0.03,0.0,225000.0
10550268,1,0.0,1.0,0.0,0.0,0.0,1.0,0.0,0.0,0.0,0.0,0.0,0.0,0.0,0.0,0.0,0.0,0.0,1.0,0.1479591836734694,0.09090909090909091,0.09090909090909091,0.07142857142857142,0.1111111111111111,0,5,0,0,0,0,1,1,0.28,0.0,0.00034847007880008915,219000.0
10550497,1,0.0,1.0,0.0,0.0,0.0,0.0,0.0,0.0,0.0,0.0,0.0,0.0,0.0,1.0,0.0,0.0,0.0,1.0,0.19387755102040818,0.1818181818181818,0.09090909090909091,0.0,0.05555555555555555,0,6,0,0,0,0,1,0,0.0,0.0,0.0003035357791653408,175000.0
10550577,1,0.0,1.0,0.0,1.0,0.0,0.0,0.0,0.0,0.0,0.0,0.0,0.0,0.0,0.0,0.0,0.0,0.0,1.0,0.07551020408163267,0.09090909090909091,0.09090909090909091,0.0,0.05555555555555555,0,4,0,0,0,0,0,1,0.0,0.0,7.336212185265035e-05,249000.0
10288524,0,0.0,1.0,0.0,0.0,0.0,0.0,0.0,0.0,0.0,0.0,0.0,0.0,0.0,1.0,0.0,0.0,0.0,1.0,0.03877551020408163,0.0,0.09090909090909091,0.0,0.0,0,3,0,0,0,0,0,0,0.0,0.0,0.0,295000.0
10550947,0,0.0,1.0,0.0,1.0,0.0,0.0,0.0,0.0,0.0,0.0,0.0,0.0,0.0,0.0,0.0,0.0,1.0,0.0,0.06938775510204082,0.09090909090909091,0.09090909090909091,0.0,0.05555555555555555,3,6,0,0,0,0,0,1,0.0,0.05,0.0,229000.0
10550397,1,0.0,1.0,0.0,1.0,0.0,0.0,0.0,0.0,0.0,0.0,0.0,0.0,0.0,0.0,0.0,0.0,0.0,1.0,0.07959183673469389,0.1818181818181818,0.09090909090909091,0.0,0.05555555555555555,0,6,0,0,0,0,1,0,0.0,0.0,0.00016506477416846328,239000.0
10550968,1,0.0,1.0,0.0,0.0,0.0,0.0,1.0,0.0,0.0,0.0,0.0,0.0,0.0,0.0,0.0,0.0,0.0,1.0,0.15918367346938778,0.2727272727272727,0.09090909090909091,0.0,0.0,0,4,0,0,0,0,0,0,0.0,0.0,7.703022794528286e-05,275000.0
10550637,1,0.0,1.0,0.0,1.0,0.0,0.0,0.0,0.0,0.0,0.0,0.0,0.0,0.0,0.0,0.0,0.0,0.0,1.0,0.37244897959183676,0.09090909090909091,0.09090909090909091,0.0,0.0,3,4,0,0,0,0,1,1,0.085,0.0,0.0002778590365169132,304900.0
10419359,0,0.0,0.0,1.0,0.0,0.0,0.0,0.0,0.0,0.0,0.0,0.0,1.0,0.0,0.0,0.0,0.0,1.0,0.0,0.11224489795918369,0.2727272727272727,0.09090909090909091,0.0,0.1111111111111111,5,2,0,1,0,0,0,0,0.0,0.0,0.0,165000.0
10551168,0,0.0,0.0,1.0,0.0,0.0,0.0,0.0,1.0,0.0,0.0,0.0,0.0,0.0,0.0,0.0,1.0,0.0,0.0,0.07142857142857142,0.09090909090909091,0.09090909090909091,0.0,0.05555555555555555,1,1,1,0,0,0,0,0,0.0,0.0,0.0,215000.0
10420097,1,0.0,1.0,0.0,0.0,0.0,1.0,0.0,0.0,0.0,0.0,0.0,0.0,0.0,0.0,0.0,0.0,1.0,0.0,0.13367346938775512,0.09090909090909091,0.09090909090909091,0.07142857142857142,0.1111111111111111,0,4,0,0,0,0,1,1,0.015,0.15,0.00010362399711686861,159000.0
10289078,1,0.0,1.0,0.0,0.0,0.0,0.0,0.0,0.0,0.0,0.0,0.0,0.0,0.0,1.0,0.0,0.0,0.0,1.0,0.08877551020408164,0.09090909090909091,0.09090909090909091,0.0,0.0,0,0,0,0,0,0,0,0,0.0,0.0,0.00016414774764530516,249660.0
10289128,1,0.0,0.0,1.0,0.0,0.0,0.0,0.0,1.0,0.0,0.0,0.0,0.0,0.0,0.0,0.0,0.0,0.0,1.0,0.14081632653061227,0.36363636363636365,0.09090909090909091,0.07142857142857142,0.1111111111111111,3,5,0,0,0,0,0,1,0.0,0.21,0.00035764034403167045,230000.0
10551295,0,0.0,1.0,0.0,1.0,0.0,0.0,0.0,0.0,0.0,0.0,0.0,0.0,0.0,0.0,0.0,0.0,0.0,1.0,0.07959183673469389,0.1818181818181818,0.09090909090909091,0.0,0.05555555555555555,3,3,0,1,0,0,0,1,0.0,0.0,0.0,239000.0
10551186,0,0.0,1.0,0.0,0.0,0.0,0.0,0.0,0.0,0.0,0.0,0.0,0.0,0.0,1.0,0.0,0.0,1.0,0.0,0.0336734693877551,0.0,0.09090909090909091,0.0,0.05555555555555555,0,3,0,0,0,0,0,0,0.0,0.0,0.0,139000.0
10420223,0,0.0,0.0,1.0,0.0,0.0,0.0,0.0,0.0,0.0,1.0,0.0,0.0,0.0,0.0,1.0,0.0,0.0,0.0,0.04081632653061225,0.09090909090909091,0.09090909090909091,0.07142857142857142,0.05555555555555555,3,3,0,0,0,0,1,1,0.15,0.0,0.0,160000.0
10551415,1,0.0,1.0,0.0,1.0,0.0,0.0,0.0,0.0,0.0,0.0,0.0,0.0,0.0,0.0,0.0,0.0,0.0,1.0,0.3877551020408163,0.5454545454545454,0.18181818181818182,0.0,0.1111111111111111,1,3,0,1,0,0,1,1,1.0,0.5,0.0013480289890424502,749900.0
10551420,1,0.0,1.0,0.0,1.0,0.0,0.0,0.0,0.0,0.0,0.0,0.0,0.0,0.0,0.0,0.0,0.0,0.0,1.0,0.22959183673469388,0.1818181818181818,0.2727272727272727,0.0,0.16666666666666666,1,2,0,1,0,0,1,0,0.0,0.0,0.0011261085704381828,829000.0
10551441,0,0.0,1.0,0.0,0.0,0.0,0.0,0.0,0.0,0.0,0.0,0.0,0.0,0.0,1.0,0.0,0.0,1.0,0.0,0.06632653061224492,0.09090909090909091,0.09090909090909091,0.0,0.05555555555555555,1,2,1,0,0,0,0,1,0.0,0.0,0.0,269000.0
10420548,1,0.0,1.0,0.0,0.0,0.0,1.0,0.0,0.0,0.0,0.0,0.0,0.0,0.0,0.0,0.0,0.0,0.0,1.0,0.1510204081632653,0.2727272727272727,0.18181818181818182,0.0,0.1111111111111111,0,3,0,0,0,0,1,1,0.21,0.0,0.0002475971612526949,459000.0
10420464,1,0.0,1.0,0.0,1.0,0.0,0.0,0.0,0.0,0.0,0.0,0.0,0.0,0.0,0.0,0.0,0.0,0.0,1.0,0.42551020408163265,0.2727272727272727,0.09090909090909091,0.14285714285714285,0.16666666666666666,1,3,0,0,1,0,0,1,0.0,0.0,0.0016047964155267264,895000.0
10551740,1,0.0,1.0,0.0,0.0,0.0,1.0,0.0,0.0,0.0,0.0,0.0,0.0,0.0,0.0,0.0,1.0,0.0,0.0,0.11020408163265308,0.1818181818181818,0.0,0.0,0.0,3,5,0,0,0,0,0,1,0.0,0.0,0.0002778590365169132,295000.0
10551850,0,0.0,1.0,0.0,0.0,0.0,0.0,0.0,0.0,0.0,0.0,0.0,0.0,0.0,1.0,0.0,0.0,1.0,0.0,0.06836734693877553,0.09090909090909091,0.09090909090909091,0.0,0.0,5,2,1,0,0,0,0,1,0.0,0.05,0.0,180000.0
10551748,0,0.0,1.0,0.0,0.0,0.0,1.0,0.0,0.0,0.0,0.0,0.0,0.0,0.0,0.0,1.0,0.0,0.0,0.0,0.07142857142857142,0.09090909090909091,0.09090909090909091,0.0,0.05555555555555555,3,2,1,1,0,0,0,0,0.0,0.0,0.0,260000.0
10551894,1,0.0,1.0,0.0,0.0,0.0,0.0,1.0,0.0,0.0,0.0,0.0,0.0,0.0,0.0,0.0,0.0,0.0,1.0,0.6428571428571429,0.4545454545454545,0.4545454545454546,0.0,0.3333333333333333,1,0,1,0,0,0,0,1,0.0,0.0,0.0018340530463162588,3950000.0
10551987,0,1.0,0.0,0.0,0.0,1.0,0.0,0.0,0.0,0.0,0.0,0.0,0.0,0.0,0.0,0.0,0.0,0.0,1.0,0.12551020408163266,0.09090909090909091,0.18181818181818182,0.14285714285714285,0.16666666666666666,1,2,1,0,0,0,0,1,0.0,1.0,0.0,1350000.0
10552045,0,0.0,1.0,0.0,0.0,0.0,1.0,0.0,0.0,0.0,0.0,0.0,0.0,0.0,0.0,0.0,0.0,1.0,0.0,0.0326530612244898,0.0,0.09090909090909091,0.0,0.05555555555555555,3,0,1,0,0,0,0,1,0.0,0.0,0.0,186000.0
10552071,1,0.0,1.0,0.0,1.0,0.0,0.0,0.0,0.0,0.0,0.0,0.0,0.0,0.0,0.0,0.0,0.0,1.0,0.0,0.163265306122449,0.1818181818181818,0.09090909090909091,0.0,0.1111111111111111,5,4,0,0,0,0,1,1,0.0,0.01,0.0,349000.0
10289798,1,0.0,1.0,0.0,0.0,0.0,0.0,0.0,0.0,1.0,0.0,0.0,0.0,0.0,0.0,0.0,0.0,0.0,1.0,0.35714285714285715,0.36363636363636365,0.18181818181818182,0.0,0.1111111111111111,0,3,0,0,0,0,1,1,0.0,0.0,0.0009142754435886549,695000.0
10552120,0,0.0,1.0,0.0,1.0,0.0,0.0,0.0,0.0,0.0,0.0,0.0,0.0,0.0,0.0,0.0,0.0,0.0,1.0,0.12244897959183676,0.1818181818181818,0.18181818181818182,0.0,0.05555555555555555,1,2,1,0,0,0,1,1,0.085,0.25,0.0,330000.0
10552123,0,0.0,1.0,0.0,1.0,0.0,0.0,0.0,0.0,0.0,0.0,0.0,0.0,0.0,0.0,0.0,0.0,0.0,1.0,0.06020408163265307,0.09090909090909091,0.09090909090909091,0.0,0.05555555555555555,3,2,1,0,0,0,0,0,0.0,0.0,0.0,259000.0
10538017,1,0.0,1.0,0.0,0.0,0.0,0.0,0.0,0.0,0.0,0.0,0.0,0.0,0.0,1.0,0.0,0.0,0.0,1.0,0.1306122448979592,0.1818181818181818,0.09090909090909091,0.0,0.1111111111111111,0,1,0,0,0,0,0,0,0.0,0.0,0.00037964898058746556,331970.0
10552135,1,0.0,1.0,0.0,0.0,0.0,1.0,0.0,0.0,0.0,0.0,0.0,0.0,0.0,0.0,0.0,0.0,0.0,1.0,0.10714285714285715,0.1818181818181818,0.09090909090909091,0.0,0.05555555555555555,3,4,0,0,0,0,0,0,0.0,0.0,0.00020449691466426284,269990.0
10421066,1,0.0,0.0,1.0,0.0,0.0,0.0,0.0,1.0,0.0,0.0,0.0,0.0,0.0,0.0,0.0,0.0,0.0,1.0,0.30612244897959184,0.1818181818181818,0.09090909090909091,0.0,0.0,3,5,0,0,0,0,0,0,0.0,0.0,0.0013865441030150917,370000.0
10552467,0,0.0,1.0,0.0,0.0,0.0,1.0,0.0,0.0,0.0,0.0,0.0,0.0,0.0,0.0,0.0,1.0,0.0,0.0,0.07142857142857142,0.09090909090909091,0.09090909090909091,0.0,0.05555555555555555,4,5,0,0,0,0,1,0,0.006,0.0,0.0,169000.0
10552521,0,0.0,1.0,0.0,1.0,0.0,0.0,0.0,0.0,0.0,0.0,0.0,0.0,0.0,0.0,0.0,0.0,1.0,0.0,0.10408163265306122,0.1818181818181818,0.0,0.0,0.0,3,3,1,0,0,0,0,1,0.0,0.0,0.0,259000.0
10552511,1,0.0,0.0,1.0,0.0,0.0,0.0,0.0,0.0,0.0,1.0,0.0,0.0,0.0,0.0,0.0,0.0,1.0,0.0,0.05408163265306123,0.09090909090909091,0.09090909090909091,0.0,0.05555555555555555,5,6,0,0,0,0,1,1,0.069,0.12,0.0001467242437053007,75000.0
10553098,1,0.0,1.0,0.0,0.0,0.0,0.0,0.0,0.0,1.0,0.0,0.0,0.0,0.0,0.0,0.0,0.0,1.0,0.0,0.10612244897959186,0.1818181818181818,0.09090909090909091,0.0,0.05555555555555555,3,6,0,1,0,0,0,0,0.0,0.0,0.0005117007999222362,275000.0
10552468,0,0.0,1.0,0.0,0.0,0.0,1.0,0.0,0.0,0.0,0.0,0.0,0.0,0.0,0.0,0.0,1.0,0.0,0.0,0.07142857142857142,0.09090909090909091,0.0,0.0,0.0,0,0,0,0,0,0,0,0,0.0,0.0,0.0,189000.0
10552912,1,0.0,1.0,0.0,0.0,0.0,0.0,0.0,0.0,0.0,0.0,0.0,0.0,0.0,1.0,0.0,0.0,0.0,1.0,0.31020408163265306,0.09090909090909091,0.09090909090909091,0.0,0.0,5,6,0,0,0,0,0,1,0.0,0.0,0.0013058457689771761,299500.0
10421856,0,1.0,0.0,0.0,0.0,1.0,0.0,0.0,0.0,0.0,0.0,0.0,0.0,0.0,0.0,0.0,1.0,0.0,0.0,0.10816326530612247,0.09090909090909091,0.09090909090909091,0.0,0.05555555555555555,0,0,0,0,0,0,0,1,0.0,0.07,0.0,299000.0
10422336,0,0.0,0.0,1.0,0.0,0.0,0.0,0.0,1.0,0.0,0.0,0.0,0.0,0.0,0.0,0.0,1.0,0.0,0.0,0.09897959183673471,0.09090909090909091,0.09090909090909091,0.07142857142857142,0.0,0,6,0,0,0,0,0,0,0.0,0.0,0.0,100000.0
10553448,1,0.0,0.0,1.0,0.0,0.0,0.0,0.0,1.0,0.0,0.0,0.0,0.0,0.0,0.0,0.0,0.0,0.0,1.0,0.13571428571428573,0.1818181818181818,0.09090909090909091,0.0,0.0,1,3,0,0,0,0,0,1,0.0,0.27,0.0035580629098535418,349000.0
10553705,0,1.0,0.0,0.0,0.0,1.0,0.0,0.0,0.0,0.0,0.0,0.0,0.0,0.0,0.0,0.0,1.0,0.0,0.0,0.1,0.09090909090909091,0.09090909090909091,0.0,0.05555555555555555,3,5,1,0,0,0,0,0,0.0,0.0,0.0,320000.0
10553441,1,0.0,0.0,1.0,0.0,0.0,0.0,0.0,0.0,0.0,1.0,0.0,0.0,0.0,0.0,0.0,0.0,1.0,0.0,0.2714285714285714,0.36363636363636365,0.36363636363636365,0.0,0.0,5,3,0,0,0,0,0,0,0.0,0.0,0.0,319000.0
10291273,0,0.0,1.0,0.0,0.0,0.0,0.0,0.0,0.0,0.0,0.0,0.0,0.0,0.0,1.0,0.0,0.0,1.0,0.0,0.034693877551020415,0.0,0.09090909090909091,0.0,0.05555555555555555,3,4,1,0,0,0,0,0,0.0,0.0,0.0,149000.0
10553847,1,0.0,0.0,1.0,0.0,0.0,0.0,0.0,1.0,0.0,0.0,0.0,0.0,0.0,0.0,0.0,0.0,0.0,1.0,0.1326530612244898,0.1818181818181818,0.09090909090909091,0.0,0.0,5,7,0,0,0,0,0,0,0.0,0.0,0.002530993203916437,275000.0
10553818,1,0.0,1.0,0.0,0.0,0.0,1.0,0.0,0.0,0.0,0.0,0.0,0.0,0.0,0.0,0.0,0.0,1.0,0.0,0.1275510204081633,0.09090909090909091,0.09090909090909091,0.0,0.0,2,2,0,0,0,0,0,1,0.0,0.68,0.0006776826006138576,475000.0
10553783,0,1.0,0.0,0.0,0.0,1.0,0.0,0.0,0.0,0.0,0.0,0.0,0.0,0.0,0.0,0.0,1.0,0.0,0.0,0.0979591836734694,0.09090909090909091,0.09090909090909091,0.0,0.05555555555555555,3,6,1,0,0,0,0,0,0.0,0.0,0.0,299000.0
10554021,1,0.0,1.0,0.0,0.0,0.0,0.0,1.0,0.0,0.0,0.0,0.0,0.0,0.0,0.0,0.0,0.0,0.0,1.0,0.08673469387755103,0.1818181818181818,0.09090909090909091,0.0,0.1111111111111111,3,2,0,1,0,0,0,1,0.0,0.62,0.00015406045589056572,324000.0
10554271,1,0.0,1.0,0.0,0.0,0.0,1.0,0.0,0.0,0.0,0.0,0.0,0.0,0.0,0.0,0.0,0.0,1.0,0.0,0.1112244897959184,0.1818181818181818,0.09090909090909091,0.0,0.05555555555555555,5,0,0,0,0,0,0,1,0.0,0.07,7.336212185265035e-05,120000.0
10161169,1,0.0,1.0,0.0,0.0,0.0,1.0,0.0,0.0,0.0,0.0,0.0,0.0,0.0,0.0,0.0,0.0,0.0,1.0,0.15306122448979595,0.1818181818181818,0.09090909090909091,0.0,0.1111111111111111,0,0,0,0,0,0,0,0,0.0,0.0,0.00019440962290952343,438692.0
10554413,1,0.0,1.0,0.0,1.0,0.0,0.0,0.0,0.0,0.0,0.0,0.0,0.0,0.0,0.0,0.0,0.0,0.0,1.0,0.09693877551020408,0.1818181818181818,0.09090909090909091,0.0,0.0,1,5,0,0,0,0,1,0,0.0,0.0,0.00011921344801055682,260000.0
10292438,0,0.0,1.0,0.0,1.0,0.0,0.0,0.0,0.0,0.0,0.0,0.0,0.0,0.0,0.0,0.0,0.0,0.0,1.0,0.08775510204081632,0.09090909090909091,0.09090909090909091,0.0,0.05555555555555555,0,0,1,1,0,0,0,1,0.0,0.75,0.0,330000.0
10554963,1,0.0,1.0,0.0,1.0,0.0,0.0,0.0,0.0,0.0,0.0,0.0,0.0,0.0,0.0,0.0,0.0,0.0,1.0,0.1326530612244898,0.1818181818181818,0.09090909090909091,0.0,0.0,3,3,0,1,0,0,1,1,0.0,0.42,0.00040991085585168383,410000.0
10554935,0,0.0,1.0,0.0,0.0,0.0,0.0,1.0,0.0,0.0,0.0,0.0,0.0,0.0,0.0,0.0,1.0,0.0,0.0,0.06632653061224492,0.09090909090909091,0.09090909090909091,0.07142857142857142,0.05555555555555555,3,3,1,0,0,0,0,0,0.0,0.0,0.0,285000.0
10555254,1,0.0,1.0,0.0,1.0,0.0,0.0,0.0,0.0,0.0,0.0,0.0,0.0,0.0,0.0,0.0,0.0,1.0,0.0,0.14285714285714288,0.1818181818181818,0.09090909090909091,0.0,0.05555555555555555,3,3,0,0,0,0,1,0,0.404,0.0,0.00046218136767169716,315000.0
10555196,1,1.0,0.0,0.0,0.0,1.0,0.0,0.0,0.0,0.0,0.0,0.0,0.0,0.0,0.0,0.0,0.0,0.0,1.0,0.1836734693877551,0.36363636363636365,0.36363636363636365,0.21428571428571427,0.2777777777777778,3,6,0,0,0,0,1,1,0.05,0.18,0.00012379858062634745,939000.0
10555356,1,1.0,0.0,0.0,0.0,1.0,0.0,0.0,0.0,0.0,0.0,0.0,0.0,0.0,0.0,0.0,1.0,0.0,0.0,0.336734693877551,0.36363636363636365,0.2727272727272727,0.0,0.0,3,0,0,0,0,0,0,0,0.0,0.0,8.711751970002229e-05,790000.0
10555484,0,0.0,0.0,1.0,0.0,0.0,0.0,0.0,0.0,0.0,1.0,0.0,0.0,0.0,0.0,0.0,1.0,0.0,0.0,0.05510204081632653,0.09090909090909091,0.0,0.07142857142857142,0.1111111111111111,3,2,0,0,0,0,0,0,0.0,0.0,0.0,185000.0
10555607,0,0.0,1.0,0.0,1.0,0.0,0.0,0.0,0.0,0.0,0.0,0.0,0.0,0.0,0.0,0.0,0.0,0.0,1.0,0.051020408163265314,0.0,0.09090909090909091,0.0,0.0,5,0,0,0,0,0,0,1,0.0,0.02,0.0,163000.0
10555510,1,0.0,1.0,0.0,0.0,0.0,0.0,0.0,0.0,0.0,0.0,0.0,0.0,0.0,1.0,0.0,0.0,0.0,1.0,0.08979591836734696,0.1818181818181818,0.09090909090909091,0.0,0.0,0,0,0,0,0,0,0,0,0.0,0.0,0.00015956261502951451,257500.0
10555375,0,1.0,0.0,0.0,0.0,1.0,0.0,0.0,0.0,0.0,0.0,0.0,0.0,0.0,0.0,0.0,0.0,0.0,1.0,0.07959183673469389,0.1818181818181818,0.09090909090909091,0.0,0.05555555555555555,1,3,1,0,0,0,0,1,0.0,0.1,0.0,277000.0
10162465,0,0.0,1.0,0.0,0.0,0.0,0.0,0.0,0.0,0.0,0.0,0.0,0.0,0.0,1.0,0.0,0.0,0.0,1.0,0.06224489795918368,0.09090909090909091,0.09090909090909091,0.0,0.05555555555555555,3,2,1,1,0,0,0,1,0.0,0.0,0.0,450000.0
10424568,1,0.0,0.0,1.0,0.0,0.0,0.0,0.0,1.0,0.0,0.0,0.0,0.0,0.0,0.0,0.0,1.0,0.0,0.0,0.17448979591836736,0.1818181818181818,0.0,0.0,0.1111111111111111,3,5,0,0,0,0,1,1,0.17,0.15,0.00024117797559058802,249000.0
10555744,0,0.0,1.0,0.0,1.0,0.0,0.0,0.0,0.0,0.0,0.0,0.0,0.0,0.0,0.0,0.0,0.0,0.0,1.0,0.08673469387755103,0.1818181818181818,0.09090909090909091,0.0,0.0,3,2,0,1,0,0,0,1,0.0,0.02,0.0,280000.0
9900496,0,0.0,1.0,0.0,1.0,0.0,0.0,0.0,0.0,0.0,0.0,0.0,0.0,0.0,0.0,0.0,0.0,0.0,1.0,0.07959183673469389,0.09090909090909091,0.09090909090909091,0.0,0.05555555555555555,3,6,0,0,0,0,0,1,0.0,0.05,0.0,265000.0
10555879,0,0.0,0.0,1.0,0.0,0.0,0.0,0.0,0.0,0.0,1.0,0.0,0.0,0.0,0.0,0.0,1.0,0.0,0.0,0.04591836734693878,0.09090909090909091,0.09090909090909091,0.07142857142857142,0.05555555555555555,0,5,0,0,0,0,0,0,0.0,0.0,0.0,124000.0
10555880,0,0.0,0.0,1.0,0.0,0.0,0.0,0.0,0.0,0.0,1.0,0.0,0.0,0.0,0.0,0.0,1.0,0.0,0.0,0.020408163265306124,0.0,0.09090909090909091,0.0,0.05555555555555555,0,6,0,0,0,0,0,0,0.0,0.0,0.0,104000.0
10555988,0,0.0,1.0,0.0,1.0,0.0,0.0,0.0,0.0,0.0,0.0,0.0,0.0,0.0,0.0,0.0,0.0,0.0,1.0,0.09387755102040818,0.1818181818181818,0.18181818181818182,0.0,0.05555555555555555,3,4,0,1,0,0,0,1,0.0,0.16,0.0,320000.0
10555989,0,1.0,0.0,0.0,0.0,1.0,0.0,0.0,0.0,0.0,0.0,0.0,0.0,0.0,0.0,0.0,0.0,0.0,1.0,0.057142857142857155,0.09090909090909091,0.0,0.07142857142857142,0.05555555555555555,3,3,1,1,0,0,0,0,0.0,0.0,0.0,254000.0
10669090,0,0.0,1.0,0.0,0.0,0.0,1.0,0.0,0.0,0.0,0.0,0.0,0.0,0.0,0.0,0.0,0.0,0.0,1.0,0.05000000000000001,0.0,0.09090909090909091,0.0,0.05555555555555555,1,0,1,0,0,0,0,1,0.0,0.08,0.0,265000.0
10556148,1,0.0,1.0,0.0,0.0,0.0,1.0,0.0,0.0,0.0,0.0,0.0,0.0,0.0,0.0,0.0,0.0,1.0,0.0,0.2489795918367347,0.2727272727272727,0.09090909090909091,0.07142857142857142,0.1111111111111111,4,6,0,1,0,0,0,0,0.0,0.0,0.0002971165935032339,249900.0
10669088,0,0.0,1.0,0.0,0.0,0.0,1.0,0.0,0.0,0.0,0.0,0.0,0.0,0.0,0.0,0.0,0.0,0.0,1.0,0.05306122448979592,0.0,0.09090909090909091,0.0,0.05555555555555555,1,0,1,0,0,0,0,1,0.0,0.18,0.0,265000.0
10669087,0,0.0,1.0,0.0,0.0,0.0,1.0,0.0,0.0,0.0,0.0,0.0,0.0,0.0,0.0,0.0,0.0,0.0,1.0,0.07653061224489796,0.09090909090909091,0.09090909090909091,0.0,0.05555555555555555,1,0,1,0,0,0,0,1,0.0,0.25,0.0,320000.0
10556146,1,0.0,1.0,0.0,0.0,0.0,1.0,0.0,0.0,0.0,0.0,0.0,0.0,0.0,0.0,0.0,0.0,1.0,0.0,0.2489795918367347,0.2727272727272727,0.09090909090909091,0.07142857142857142,0.1111111111111111,4,6,0,1,0,0,0,0,0.0,0.0,0.0002971165935032339,249900.0
10556344,0,0.0,1.0,0.0,1.0,0.0,0.0,0.0,0.0,0.0,0.0,0.0,0.0,0.0,0.0,0.0,0.0,1.0,0.0,0.07346938775510206,0.09090909090909091,0.09090909090909091,0.0,0.05555555555555555,1,2,1,1,0,0,0,1,0.0,0.07,0.0,249000.0
10556381,0,1.0,0.0,0.0,0.0,1.0,0.0,0.0,0.0,0.0,0.0,0.0,0.0,0.0,0.0,0.0,1.0,0.0,0.0,0.10204081632653061,0.0,0.09090909090909091,0.0,0.05555555555555555,5,0,0,0,0,0,1,0,0.075,0.0,0.0,369000.0
10294373,1,0.0,1.0,0.0,0.0,0.0,0.0,0.0,0.0,0.0,0.0,0.0,0.0,0.0,1.0,0.0,0.0,0.0,1.0,0.08877551020408164,0.09090909090909091,0.0,0.0,0.0,0,1,0,0,0,0,0,0,0.0,0.0,0.00016414774764530516,248565.0
10556517,0,0.0,1.0,0.0,1.0,0.0,0.0,0.0,0.0,0.0,0.0,0.0,0.0,0.0,0.0,0.0,0.0,0.0,1.0,0.06632653061224492,0.09090909090909091,0.09090909090909091,0.0,0.05555555555555555,0,0,0,1,0,0,0,1,0.0,0.04,0.0,280000.0
10556649,0,0.0,1.0,0.0,0.0,0.0,0.0,0.0,0.0,0.0,0.0,0.0,0.0,0.0,1.0,0.0,0.0,0.0,1.0,0.03877551020408163,0.09090909090909091,0.0,0.0,0.05555555555555555,3,4,0,0,0,0,0,1,0.0,0.0,0.0,225000.0
10294439,1,0.0,1.0,0.0,0.0,0.0,0.0,0.0,0.0,0.0,0.0,0.0,0.0,0.0,1.0,0.0,0.0,0.0,1.0,0.1602040816326531,0.1818181818181818,0.09090909090909091,0.0,0.0,5,6,0,0,0,0,1,0,0.0,0.0,0.0003943214049579956,175000.0
10163543,0,0.0,0.0,1.0,0.0,0.0,0.0,0.0,1.0,0.0,0.0,0.0,0.0,0.0,0.0,0.0,0.0,1.0,0.0,0.06938775510204082,0.09090909090909091,0.09090909090909091,0.0,0.05555555555555555,1,1,1,0,0,0,0,0,0.0,0.0,0.0,240000.0
10556816,0,1.0,0.0,0.0,0.0,1.0,0.0,0.0,0.0,0.0,0.0,0.0,0.0,0.0,0.0,0.0,1.0,0.0,0.0,0.1785714285714286,0.1818181818181818,0.18181818181818182,0.0,0.1111111111111111,0,3,0,1,0,0,1,1,0.0,0.0,0.0,570000.0
10294832,0,0.0,1.0,0.0,0.0,0.0,0.0,0.0,0.0,1.0,0.0,0.0,0.0,0.0,0.0,0.0,0.0,0.0,1.0,0.057142857142857155,0.09090909090909091,0.09090909090909091,0.0,0.05555555555555555,3,3,0,1,0,0,0,1,0.0,0.13,0.0,169000.0
10557268,0,0.0,1.0,0.0,0.0,0.0,1.0,0.0,0.0,0.0,0.0,0.0,0.0,0.0,0.0,0.0,0.0,0.0,1.0,0.09183673469387757,0.09090909090909091,0.09090909090909091,0.0,0.1111111111111111,1,1,1,0,0,0,0,1,0.0,0.07,0.0,275000.0
10032718,0,0.0,1.0,0.0,0.0,0.0,0.0,0.0,0.0,0.0,0.0,0.0,0.0,0.0,1.0,0.0,0.0,0.0,1.0,0.09183673469387757,0.1818181818181818,0.09090909090909091,0.0,0.05555555555555555,0,2,0,0,0,0,0,1,0.0,0.0,0.0,239000.0
10557232,1,0.0,0.0,1.0,0.0,0.0,0.0,0.0,0.0,0.0,0.0,1.0,0.0,0.0,0.0,0.0,0.0,0.0,1.0,0.3040816326530612,0.36363636363636365,0.09090909090909091,0.0,0.1111111111111111,5,7,0,0,0,0,0,1,0.0,0.0,0.011580210934440857,329000.0
10426279,0,0.0,0.0,1.0,0.0,0.0,0.0,0.0,0.0,0.0,0.0,1.0,0.0,0.0,0.0,0.0,0.0,0.0,1.0,0.12244897959183676,0.09090909090909091,0.09090909090909091,0.0,0.1111111111111111,1,1,0,0,0,0,0,1,0.0,0.0,0.0,399000.0
10426306,0,0.0,0.0,1.0,0.0,0.0,0.0,0.0,1.0,0.0,0.0,0.0,0.0,0.0,0.0,0.0,0.0,0.0,1.0,0.08265306122448982,0.1818181818181818,0.09090909090909091,0.0,0.05555555555555555,1,1,0,0,0,0,0,0,0.0,0.0,0.0,175000.0
10557703,1,0.0,0.0,1.0,0.0,0.0,0.0,0.0,0.0,0.0,0.0,1.0,0.0,0.0,0.0,0.0,0.0,0.0,1.0,0.007142857142857145,0.09090909090909091,0.09090909090909091,0.0,0.05555555555555555,5,7,0,0,0,0,0,1,0.0,0.0,0.0002815271426095457,65000.0
10557755,0,1.0,0.0,0.0,0.0,1.0,0.0,0.0,0.0,0.0,0.0,0.0,0.0,0.0,0.0,0.0,1.0,0.0,0.0,0.1,0.09090909090909091,0.09090909090909091,0.0,0.05555555555555555,3,6,1,0,0,0,0,0,0.0,0.0,0.0,309000.0
10426599,0,0.0,1.0,0.0,0.0,0.0,0.0,0.0,0.0,0.0,0.0,0.0,0.0,0.0,1.0,0.0,0.0,0.0,1.0,0.05204081632653062,0.09090909090909091,0.09090909090909091,0.0,0.0,3,2,1,0,0,0,0,1,0.0,0.06,0.0,285000.0
10557968,0,0.0,1.0,0.0,1.0,0.0,0.0,0.0,0.0,0.0,0.0,0.0,0.0,0.0,0.0,1.0,0.0,0.0,0.0,0.051020408163265314,0.0,0.09090909090909091,0.0,0.05555555555555555,1,0,1,0,0,0,0,0,0.0,0.0,0.0,490000.0
10557754,0,1.0,0.0,0.0,0.0,1.0,0.0,0.0,0.0,0.0,0.0,0.0,0.0,0.0,0.0,0.0,1.0,0.0,0.0,0.1,0.09090909090909091,0.09090909090909091,0.0,0.05555555555555555,3,6,1,0,0,0,0,0,0.0,0.0,0.0,280000.0
10558046,0,0.0,1.0,0.0,0.0,0.0,1.0,0.0,0.0,0.0,0.0,0.0,0.0,0.0,0.0,1.0,0.0,0.0,0.0,0.05612244897959184,0.09090909090909091,0.09090909090909091,0.0,0.0,3,2,1,0,0,0,0,1,0.0,0.0,0.0,149000.0
10557990,0,0.0,0.0,1.0,0.0,0.0,0.0,0.0,0.0,0.0,0.0,0.0,0.0,1.0,0.0,0.0,0.0,0.0,1.0,0.16836734693877553,0.1818181818181818,0.09090909090909091,0.14285714285714285,0.2222222222222222,1,3,1,0,0,0,0,0,0.0,0.0,0.0,399000.0
10296053,1,0.0,1.0,0.0,0.0,0.0,0.0,0.0,0.0,0.0,0.0,0.0,0.0,0.0,1.0,0.0,0.0,0.0,1.0,0.1163265306122449,0.1818181818181818,0.09090909090909091,0.0,0.1111111111111111,0,0,0,0,0,0,0,0,0.0,0.0,0.00018615638420110025,260990.0
10427241,0,0.0,0.0,1.0,0.0,0.0,0.0,0.0,0.0,0.0,0.0,1.0,0.0,0.0,0.0,0.0,0.0,0.0,1.0,0.034693877551020415,0.1818181818181818,0.09090909090909091,0.0,0.0,0,6,0,0,0,0,0,0,0.0,0.0,0.0,125000.0
10427323,1,0.0,0.0,1.0,0.0,0.0,0.0,0.0,0.0,0.0,0.0,0.0,1.0,0.0,0.0,0.0,0.0,0.0,1.0,0.0816326530612245,0.09090909090909091,0.18181818181818182,0.0,0.05555555555555555,4,6,0,0,0,0,0,0,0.0,0.0,5.502159138948776e-05,130000.0
10558072,0,0.0,1.0,0.0,1.0,0.0,0.0,0.0,0.0,0.0,0.0,0.0,0.0,0.0,0.0,0.0,0.0,0.0,1.0,0.05306122448979592,0.09090909090909091,0.09090909090909091,0.0,0.05555555555555555,3,3,1,1,0,0,0,1,0.0,0.02,0.0,189000.0
10558701,0,1.0,0.0,0.0,0.0,1.0,0.0,0.0,0.0,0.0,0.0,0.0,0.0,0.0,0.0,0.0,1.0,0.0,0.0,0.11224489795918369,0.2727272727272727,0.09090909090909091,0.07142857142857142,0.0,0,7,0,0,0,0,0,0,0.0,0.0,0.0,265000.0
10559054,1,0.0,1.0,0.0,0.0,0.0,1.0,0.0,0.0,0.0,0.0,0.0,0.0,0.0,0.0,0.0,0.0,0.0,1.0,0.20306122448979594,0.2727272727272727,0.09090909090909091,0.0,0.05555555555555555,3,3,0,0,0,0,0,1,0.0,0.0,0.00010729210320950113,320000.0
10559323,1,0.0,1.0,0.0,1.0,0.0,0.0,0.0,0.0,0.0,0.0,0.0,0.0,0.0,0.0,0.0,0.0,0.0,1.0,0.13673469387755105,0.1818181818181818,0.09090909090909091,0.0,0.0,3,3,0,0,0,0,0,0,0.0,0.0,0.00011921344801055682,295000.0
10559230,1,0.0,1.0,0.0,0.0,0.0,0.0,0.0,0.0,1.0,0.0,0.0,0.0,0.0,0.0,0.0,0.0,1.0,0.0,0.163265306122449,0.2727272727272727,0.18181818181818182,0.0,0.1111111111111111,1,0,0,0,0,0,0,0,0.0,0.0,7.336212185265035e-05,329000.0
10559339,0,1.0,0.0,0.0,0.0,1.0,0.0,0.0,0.0,0.0,0.0,0.0,0.0,0.0,0.0,0.0,1.0,0.0,0.0,0.04081632653061225,0.0,0.0,0.07142857142857142,0.05555555555555555,1,6,0,1,0,0,0,0,0.0,0.0,0.0,199000.0
10559550,0,0.0,1.0,0.0,0.0,0.0,0.0,0.0,0.0,0.0,0.0,0.0,0.0,0.0,1.0,0.0,0.0,0.0,1.0,0.025510204081632654,0.0,0.0,0.0,0.05555555555555555,3,2,1,0,0,0,0,0,0.0,0.0,0.0,159000.0
10559543,0,0.0,1.0,0.0,0.0,0.0,0.0,0.0,0.0,0.0,0.0,0.0,0.0,0.0,1.0,0.0,0.0,0.0,1.0,0.059183673469387764,0.0,0.0,0.0,0.05555555555555555,3,4,0,0,0,0,0,0,0.0,0.0,0.0,219000.0
10559681,1,0.0,1.0,0.0,0.0,0.0,0.0,1.0,0.0,0.0,0.0,0.0,0.0,0.0,0.0,0.0,0.0,1.0,0.0,0.35714285714285715,0.1818181818181818,0.18181818181818182,0.0,0.1111111111111111,0,6,0,0,0,0,1,0,0.43,0.0,0.0007061104228317595,499000.0
10559583,0,1.0,0.0,0.0,0.0,1.0,0.0,0.0,0.0,0.0,0.0,0.0,0.0,0.0,0.0,0.0,1.0,0.0,0.0,0.07653061224489796,0.09090909090909091,0.09090909090909091,0.0,0.05555555555555555,0,7,1,0,0,0,0,0,0.0,0.0,0.0,259000.0
10166459,0,0.0,1.0,0.0,0.0,0.0,0.0,0.0,0.0,0.0,0.0,0.0,0.0,0.0,1.0,0.0,0.0,1.0,0.0,0.04795918367346939,0.09090909090909091,0.09090909090909091,0.0,0.05555555555555555,0,3,1,0,0,0,0,1,0.0,0.13,0.0,265000.0
10560008,1,0.0,1.0,0.0,1.0,0.0,0.0,0.0,0.0,0.0,0.0,0.0,0.0,0.0,0.0,0.0,0.0,0.0,1.0,0.14285714285714288,0.09090909090909091,0.09090909090909091,0.0,0.05555555555555555,5,6,0,1,0,0,0,0,0.0,0.0,0.0002521822938684856,285000.0
10035620,1,0.0,1.0,0.0,0.0,0.0,0.0,0.0,0.0,0.0,0.0,0.0,0.0,0.0,1.0,0.0,0.0,0.0,1.0,0.012244897959183675,0.0,0.09090909090909091,0.0,0.05555555555555555,3,6,0,0,0,0,0,0,0.0,0.0,0.0,90000.0
10560102,0,0.0,1.0,0.0,0.0,0.0,1.0,0.0,0.0,0.0,0.0,0.0,0.0,0.0,0.0,0.0,0.0,0.0,1.0,0.11734693877551022,0.1818181818181818,0.09090909090909091,0.0,0.1111111111111111,3,2,0,0,0,0,0,1,0.0,0.0,0.0,349500.0
10429093,0,1.0,0.0,0.0,0.0,1.0,0.0,0.0,0.0,0.0,0.0,0.0,0.0,0.0,0.0,0.0,1.0,0.0,0.0,0.07142857142857142,0.09090909090909091,0.09090909090909091,0.0,0.05555555555555555,3,3,0,0,0,0,0,1,0.0,0.05,0.0,185000.0
10559956,1,0.0,1.0,0.0,0.0,0.0,0.0,1.0,0.0,0.0,0.0,0.0,0.0,0.0,0.0,0.0,1.0,0.0,0.0,0.12551020408163266,0.1818181818181818,0.09090909090909091,0.0,0.1111111111111111,3,2,0,1,0,0,1,0,0.0,0.0,0.0002631866121463831,495000.0
10560289,1,0.0,1.0,0.0,0.0,0.0,0.0,0.0,0.0,0.0,0.0,0.0,0.0,0.0,1.0,0.0,0.0,1.0,0.0,0.09387755102040818,0.09090909090909091,0.09090909090909091,0.0,0.0,0,6,0,0,0,0,1,0,0.0,0.0,0.0005355434895243476,220000.0
10560656,0,0.0,1.0,0.0,0.0,0.0,0.0,0.0,0.0,0.0,0.0,0.0,0.0,0.0,1.0,0.0,0.0,0.0,1.0,0.05000000000000001,0.09090909090909091,0.09090909090909091,0.0,0.0,1,2,1,0,0,0,0,1,0.0,0.0,0.0,169000.0
10560712,1,0.0,1.0,0.0,0.0,0.0,1.0,0.0,0.0,0.0,0.0,0.0,0.0,0.0,0.0,0.0,0.0,0.0,1.0,0.1326530612244898,0.1818181818181818,0.09090909090909091,0.0,0.05555555555555555,5,6,0,0,0,0,1,1,0.3,0.12,0.0004649324472411716,350000.0
10560655,0,0.0,1.0,0.0,0.0,0.0,0.0,0.0,0.0,0.0,0.0,0.0,0.0,0.0,1.0,0.0,0.0,0.0,1.0,0.05000000000000001,0.09090909090909091,0.09090909090909091,0.0,0.0,0,2,1,0,0,0,0,1,0.0,0.0,0.0,169000.0
10560725,0,0.0,1.0,0.0,0.0,0.0,0.0,0.0,0.0,0.0,0.0,0.0,0.0,0.0,1.0,0.0,0.0,0.0,1.0,0.05306122448979592,0.09090909090909091,0.09090909090909091,0.0,0.05555555555555555,1,2,1,0,0,0,0,1,0.0,0.0,0.0,200000.0
10560692,1,0.0,1.0,0.0,0.0,0.0,0.0,0.0,0.0,1.0,0.0,0.0,0.0,0.0,0.0,0.0,0.0,0.0,1.0,0.18775510204081636,0.1818181818181818,0.09090909090909091,0.0,0.0,1,4,0,0,0,0,1,1,0.0,0.0,0.0006685123353822763,395000.0
10560783,1,0.0,0.0,1.0,0.0,0.0,0.0,0.0,1.0,0.0,0.0,0.0,0.0,0.0,0.0,0.0,0.0,1.0,0.0,0.20408163265306126,0.0,0.09090909090909091,0.07142857142857142,0.0,3,3,0,0,0,0,0,0,0.0,0.0,0.00010087291754739423,295000.0
10560881,0,0.0,1.0,0.0,1.0,0.0,0.0,0.0,0.0,0.0,0.0,0.0,0.0,0.0,0.0,0.0,0.0,0.0,1.0,0.06632653061224492,0.09090909090909091,0.09090909090909091,0.0,0.05555555555555555,0,6,0,0,0,0,0,1,0.0,0.03,0.0,179000.0
10561281,0,0.0,1.0,0.0,0.0,0.0,0.0,0.0,0.0,0.0,0.0,0.0,0.0,0.0,1.0,0.0,0.0,1.0,0.0,0.07448979591836735,0.1818181818181818,0.18181818181818182,0.14285714285714285,0.05555555555555555,2,2,0,0,0,0,0,1,0.0,0.0,0.0,635000.0
10561566,0,0.0,1.0,0.0,0.0,0.0,0.0,0.0,0.0,0.0,0.0,0.0,0.0,0.0,1.0,0.0,0.0,0.0,1.0,0.07040816326530613,0.09090909090909091,0.0,0.0,0.0,3,2,1,0,0,0,0,1,0.0,0.0,0.0,365000.0
10431070,0,1.0,0.0,0.0,0.0,1.0,0.0,0.0,0.0,0.0,0.0,0.0,0.0,0.0,0.0,1.0,0.0,0.0,0.0,0.21020408163265308,0.09090909090909091,0.18181818181818182,0.0,0.0,1,3,1,0,0,0,0,1,0.0,0.0,0.0,745000.0
10562284,1,0.0,1.0,0.0,1.0,0.0,0.0,0.0,0.0,0.0,0.0,0.0,0.0,0.0,0.0,0.0,0.0,0.0,1.0,0.16122448979591839,0.1818181818181818,0.09090909090909091,0.0,0.05555555555555555,3,6,0,1,0,0,1,1,0.0,0.0,0.000984886485871831,449800.0
10562461,1,0.0,0.0,1.0,0.0,0.0,0.0,0.0,0.0,0.0,1.0,0.0,0.0,0.0,0.0,0.0,0.0,0.0,1.0,0.09387755102040818,0.1818181818181818,0.0,0.07142857142857142,0.05555555555555555,0,4,0,0,0,0,0,1,0.0,0.19,0.0008161536056107351,335000.0
10431477,0,0.0,1.0,0.0,0.0,0.0,0.0,0.0,0.0,0.0,0.0,0.0,0.0,0.0,1.0,0.0,0.0,0.0,1.0,0.010204081632653062,0.0,0.0,0.0,0.05555555555555555,3,6,1,0,0,0,0,1,0.0,0.0,0.0,75000.0
10562799,0,0.0,1.0,0.0,1.0,0.0,0.0,0.0,0.0,0.0,0.0,0.0,0.0,0.0,0.0,0.0,0.0,0.0,1.0,0.0836734693877551,0.0,0.09090909090909091,0.0,0.05555555555555555,3,4,0,1,0,0,0,1,0.0,0.3,0.0,289900.0
10562854,0,0.0,1.0,0.0,0.0,0.0,0.0,0.0,0.0,0.0,0.0,0.0,0.0,0.0,1.0,0.0,0.0,0.0,1.0,0.04081632653061225,0.09090909090909091,0.09090909090909091,0.0,0.0,1,3,1,0,0,0,1,1,0.0,0.0,0.0,260000.0
10562815,0,1.0,0.0,0.0,0.0,1.0,0.0,0.0,0.0,0.0,0.0,0.0,0.0,0.0,0.0,1.0,0.0,0.0,0.0,0.12040816326530615,0.1818181818181818,0.09090909090909091,0.0,0.1111111111111111,2,4,0,1,0,0,0,1,0.0,0.06,0.0,580000.0
10562879,0,0.0,0.0,1.0,0.0,0.0,0.0,0.0,0.0,0.0,1.0,0.0,0.0,0.0,0.0,1.0,0.0,0.0,0.0,0.06632653061224492,0.09090909090909091,0.0,0.07142857142857142,0.0,2,0,1,0,0,0,0,0,0.0,0.0,0.0,209000.0
10562935,1,0.0,0.0,1.0,0.0,0.0,0.0,0.0,0.0,0.0,1.0,0.0,0.0,0.0,0.0,0.0,0.0,0.0,1.0,0.15612244897959185,0.1818181818181818,0.18181818181818182,0.07142857142857142,0.1111111111111111,3,3,0,0,0,0,1,1,0.3,0.42,0.0007648001203138799,370000.0
10038706,0,0.0,1.0,0.0,0.0,0.0,0.0,0.0,0.0,0.0,0.0,0.0,0.0,0.0,1.0,0.0,0.0,0.0,1.0,0.06122448979591837,0.0,0.09090909090909091,0.0,0.05555555555555555,3,4,1,1,0,0,0,1,0.0,0.09,0.0,375000.0
10563005,1,0.0,0.0,1.0,0.0,0.0,0.0,0.0,0.0,0.0,0.0,1.0,0.0,0.0,0.0,0.0,0.0,0.0,1.0,0.10204081632653061,0.1818181818181818,0.09090909090909091,0.0,0.0,0,5,0,0,0,0,0,0,0.0,0.0,0.0016506477416846329,290000.0
10432235,1,0.0,1.0,0.0,0.0,0.0,0.0,0.0,0.0,1.0,0.0,0.0,0.0,0.0,0.0,0.0,0.0,0.0,1.0,0.15714285714285717,0.2727272727272727,0.09090909090909091,0.07142857142857142,0.05555555555555555,4,5,0,1,0,0,1,1,0.265,0.45,0.0004401727311159021,178000.0
10563785,1,0.0,0.0,1.0,0.0,0.0,0.0,0.0,0.0,0.0,1.0,0.0,0.0,0.0,0.0,0.0,0.0,0.0,1.0,0.3163265306122449,0.2727272727272727,0.09090909090909091,0.0,0.1111111111111111,3,5,0,0,0,0,1,1,0.85,1.0,0.001439731641358263,400000.0
10300962,0,0.0,0.0,1.0,0.0,0.0,0.0,0.0,0.0,0.0,1.0,0.0,0.0,0.0,0.0,0.0,0.0,1.0,0.0,0.06632653061224492,0.0,0.0,0.07142857142857142,0.05555555555555555,3,7,0,1,0,0,0,0,0.0,0.0,0.0,99000.0
10563903,0,0.0,1.0,0.0,0.0,0.0,0.0,0.0,0.0,0.0,0.0,0.0,0.0,0.0,1.0,0.0,0.0,1.0,0.0,0.07755102040816328,0.09090909090909091,0.09090909090909091,0.0,0.1111111111111111,1,1,1,0,0,0,0,1,0.0,0.0,0.0,325000.0
10039396,0,1.0,0.0,0.0,0.0,1.0,0.0,0.0,0.0,0.0,0.0,0.0,0.0,0.0,0.0,0.0,0.0,1.0,0.0,0.04591836734693878,0.0,0.09090909090909091,0.0,0.05555555555555555,2,3,1,1,0,0,0,1,0.0,0.0,0.0,215000.0
10564072,1,0.0,1.0,0.0,0.0,0.0,0.0,0.0,0.0,0.0,0.0,0.0,0.0,0.0,1.0,0.0,0.0,0.0,1.0,0.29489795918367345,0.36363636363636365,0.09090909090909091,0.0,0.0,2,4,0,0,0,0,0,1,0.0,0.0,0.0006235780357475279,449000.0
10433248,0,0.0,1.0,0.0,1.0,0.0,0.0,0.0,0.0,0.0,0.0,0.0,0.0,0.0,0.0,0.0,0.0,0.0,1.0,0.06224489795918368,0.09090909090909091,0.09090909090909091,0.0,0.05555555555555555,3,3,0,0,0,0,0,1,0.0,0.09,0.0,210000.0
10564379,1,0.0,1.0,0.0,0.0,0.0,1.0,0.0,0.0,0.0,0.0,0.0,0.0,0.0,0.0,0.0,0.0,1.0,0.0,0.2163265306122449,0.1818181818181818,0.09090909090909091,0.0,0.05555555555555555,1,3,0,1,0,0,1,1,0.0,0.0,0.0008023982077633632,624000.0
10564455,0,1.0,0.0,0.0,0.0,1.0,0.0,0.0,0.0,0.0,0.0,0.0,0.0,0.0,0.0,0.0,1.0,0.0,0.0,0.04489795918367347,0.0,0.09090909090909091,0.07142857142857142,0.05555555555555555,3,7,0,0,0,0,0,0,0.0,0.0,0.0,175000.0
10564467,1,0.0,0.0,1.0,0.0,0.0,0.0,0.0,0.0,0.0,1.0,0.0,0.0,0.0,0.0,0.0,0.0,0.0,1.0,0.2857142857142857,0.36363636363636365,0.2727272727272727,0.0,0.16666666666666666,1,4,0,1,0,0,1,0,0.75,0.0,0.0008253238708423164,499000.0
10564456,0,1.0,0.0,0.0,0.0,1.0,0.0,0.0,0.0,0.0,0.0,0.0,0.0,0.0,0.0,0.0,1.0,0.0,0.0,0.04897959183673469,0.0,0.09090909090909091,0.07142857142857142,0.05555555555555555,3,4,0,0,0,0,0,0,0.0,0.0,0.0,175000.0
10564504,1,0.0,1.0,0.0,0.0,0.0,0.0,1.0,0.0,0.0,0.0,0.0,0.0,0.0,0.0,0.0,0.0,0.0,1.0,0.1785714285714286,0.2727272727272727,0.09090909090909091,0.0,0.05555555555555555,5,6,0,0,0,0,1,1,0.448,0.03,0.0006281631683633186,269000.0
10564776,0,1.0,0.0,0.0,0.0,1.0,0.0,0.0,0.0,0.0,0.0,0.0,0.0,0.0,0.0,0.0,0.0,0.0,1.0,0.16938775510204085,0.1818181818181818,0.09090909090909091,0.14285714285714285,0.2222222222222222,0,5,0,0,0,0,1,0,0.05,0.0,0.0,545000.0
10564773,1,0.0,0.0,1.0,0.0,0.0,0.0,0.0,1.0,0.0,0.0,0.0,0.0,0.0,0.0,0.0,0.0,0.0,1.0,0.06632653061224492,0.0,0.09090909090909091,0.0,0.05555555555555555,0,5,0,0,0,0,0,1,0.0,0.4,0.00011737939496424056,95000.0
10564839,1,0.0,1.0,0.0,0.0,0.0,0.0,0.0,0.0,0.0,0.0,0.0,0.0,0.0,1.0,0.0,1.0,0.0,0.0,0.6183673469387756,0.2727272727272727,0.18181818181818182,0.0,0.0,3,4,0,0,0,0,0,0,0.0,0.0,0.0010692529260023789,585000.0
10434008,1,0.0,1.0,0.0,0.0,0.0,1.0,0.0,0.0,0.0,0.0,0.0,0.0,0.0,0.0,0.0,0.0,0.0,1.0,0.0836734693877551,0.1818181818181818,0.09090909090909091,0.0,0.05555555555555555,4,6,0,1,0,0,0,1,0.0,0.0,0.0001687328802610958,196000.0
10565151,0,0.0,1.0,0.0,0.0,0.0,0.0,0.0,0.0,0.0,0.0,0.0,0.0,0.0,1.0,0.0,0.0,0.0,1.0,0.09897959183673471,0.1818181818181818,0.0,0.0,0.1111111111111111,3,2,0,0,0,0,0,0,0.0,0.0,0.0,185000.0
10565182,1,0.0,0.0,1.0,0.0,0.0,0.0,0.0,0.0,0.0,1.0,0.0,0.0,0.0,0.0,0.0,0.0,0.0,1.0,0.22142857142857145,0.36363636363636365,0.18181818181818182,0.0,0.2222222222222222,3,4,0,1,0,0,1,0,0.0,0.0,0.0014213911108951005,329000.0
10565264,0,0.0,1.0,0.0,1.0,0.0,0.0,0.0,0.0,0.0,0.0,0.0,0.0,0.0,0.0,0.0,0.0,0.0,1.0,0.0673469387755102,0.0,0.09090909090909091,0.0,0.05555555555555555,3,4,0,1,0,0,1,0,0.09,0.0,0.0,225000.0
10565267,0,0.0,1.0,0.0,1.0,0.0,0.0,0.0,0.0,0.0,0.0,0.0,0.0,0.0,0.0,0.0,0.0,0.0,1.0,0.0673469387755102,0.0,0.09090909090909091,0.0,0.05555555555555555,3,4,0,1,0,0,1,0,0.09,0.0,0.0,225000.0
10565279,0,0.0,1.0,0.0,0.0,0.0,0.0,0.0,0.0,0.0,0.0,0.0,0.0,0.0,1.0,0.0,0.0,0.0,1.0,0.07142857142857142,0.09090909090909091,0.09090909090909091,0.0,0.05555555555555555,3,3,1,0,0,0,0,1,0.0,0.06,0.0,329000.0
10565614,0,0.0,1.0,0.0,0.0,0.0,0.0,0.0,0.0,0.0,0.0,0.0,0.0,0.0,1.0,0.0,0.0,0.0,1.0,0.07346938775510206,0.09090909090909091,0.09090909090909091,0.0,0.05555555555555555,0,2,0,0,0,0,0,0,0.0,0.0,0.0,235000.0
10434936,1,0.0,1.0,0.0,1.0,0.0,0.0,0.0,0.0,0.0,0.0,0.0,0.0,0.0,0.0,0.0,1.0,0.0,0.0,0.08673469387755103,0.09090909090909091,0.09090909090909091,0.0,0.0,0,5,0,0,0,0,0,1,0.0,0.0,0.0002063309677105791,215000.0
10434602,0,0.0,0.0,1.0,0.0,0.0,0.0,0.0,0.0,0.0,0.0,0.0,1.0,0.0,0.0,0.0,0.0,1.0,0.0,0.12142857142857144,0.1818181818181818,0.09090909090909091,0.07142857142857142,0.16666666666666666,0,2,1,1,0,0,0,1,0.0,0.05,0.0,225000.0
10566098,0,0.0,1.0,0.0,1.0,0.0,0.0,0.0,0.0,0.0,0.0,0.0,0.0,0.0,0.0,0.0,0.0,1.0,0.0,0.05204081632653062,0.0,0.09090909090909091,0.0,0.05555555555555555,4,2,0,0,0,0,0,1,0.0,0.08,0.0,189000.0
10566099,0,0.0,1.0,0.0,1.0,0.0,0.0,0.0,0.0,0.0,0.0,0.0,0.0,0.0,0.0,0.0,0.0,1.0,0.0,0.05306122448979592,0.0,0.09090909090909091,0.0,0.05555555555555555,4,6,0,0,0,0,0,1,0.0,0.08,0.0,189000.0
10566105,0,0.0,1.0,0.0,1.0,0.0,0.0,0.0,0.0,0.0,0.0,0.0,0.0,0.0,0.0,0.0,0.0,0.0,1.0,0.0673469387755102,0.1818181818181818,0.09090909090909091,0.07142857142857142,0.05555555555555555,3,1,1,0,0,0,0,1,0.0,0.08,0.0,259500.0
10566100,0,0.0,1.0,0.0,1.0,0.0,0.0,0.0,0.0,0.0,0.0,0.0,0.0,0.0,0.0,0.0,0.0,1.0,0.0,0.0653061224489796,0.0,0.09090909090909091,0.0,0.05555555555555555,4,2,0,0,0,0,0,1,0.0,0.08,0.0,209000.0
10566101,0,0.0,1.0,0.0,1.0,0.0,0.0,0.0,0.0,0.0,0.0,0.0,0.0,0.0,0.0,0.0,0.0,1.0,0.0,0.0653061224489796,0.0,0.09090909090909091,0.0,0.05555555555555555,4,6,0,0,0,0,0,1,0.0,0.08,0.0,209000.0
10566229,1,0.0,1.0,0.0,0.0,0.0,0.0,1.0,0.0,0.0,0.0,0.0,0.0,0.0,0.0,0.0,0.0,0.0,1.0,0.16632653061224492,0.2727272727272727,0.09090909090909091,0.0,0.0,3,4,0,0,0,0,0,0,0.0,0.0,0.0002659376917158575,379000.0
10566548,1,0.0,0.0,1.0,0.0,0.0,0.0,0.0,0.0,0.0,0.0,0.0,0.0,1.0,0.0,0.0,0.0,0.0,1.0,0.11530612244897961,0.1818181818181818,0.0,0.07142857142857142,0.05555555555555555,2,3,0,1,0,0,0,1,0.0,0.0,0.00033929981356850786,325000.0
10566440,1,0.0,1.0,0.0,0.0,0.0,1.0,0.0,0.0,0.0,0.0,0.0,0.0,0.0,0.0,0.0,0.0,1.0,0.0,0.176530612244898,0.2727272727272727,0.09090909090909091,0.0,0.1111111111111111,0,2,0,0,0,0,1,0,0.075,0.0,0.00019165854334004902,250000.0
10566504,0,0.0,0.0,1.0,0.0,0.0,0.0,0.0,1.0,0.0,0.0,0.0,0.0,0.0,0.0,0.0,0.0,0.0,1.0,0.04081632653061225,0.09090909090909091,0.09090909090909091,0.0,0.0,3,3,0,0,0,0,0,1,0.0,0.21,0.0,149000.0
10566468,0,0.0,1.0,0.0,1.0,0.0,0.0,0.0,0.0,0.0,0.0,0.0,0.0,0.0,0.0,0.0,0.0,0.0,1.0,0.07244897959183674,0.09090909090909091,0.09090909090909091,0.0,0.05555555555555555,1,1,0,0,0,0,0,1,0.0,0.0,0.0,215000.0
10566655,1,0.0,1.0,0.0,0.0,0.0,0.0,0.0,0.0,0.0,0.0,0.0,0.0,0.0,1.0,0.0,0.0,0.0,1.0,0.17551020408163268,0.1818181818181818,0.09090909090909091,0.0,0.1111111111111111,3,3,0,1,0,1,1,0,0.0,0.0,0.0016084645216193588,425000.0
10435653,0,0.0,0.0,1.0,0.0,0.0,0.0,0.0,0.0,0.0,0.0,1.0,0.0,0.0,0.0,0.0,0.0,0.0,1.0,0.08979591836734696,0.09090909090909091,0.09090909090909091,0.07142857142857142,0.1111111111111111,1,1,0,0,0,0,0,1,0.0,0.3,0.0,255000.0
10567187,1,0.0,1.0,0.0,1.0,0.0,0.0,0.0,0.0,0.0,0.0,0.0,0.0,0.0,0.0,0.0,0.0,0.0,1.0,0.08673469387755103,0.09090909090909091,0.09090909090909091,0.0,0.05555555555555555,4,3,0,0,0,1,1,1,0.03,0.2,6.23578035747528e-05,230000.0
10436253,1,0.0,0.0,1.0,0.0,0.0,0.0,0.0,0.0,0.0,1.0,0.0,0.0,0.0,0.0,0.0,0.0,1.0,0.0,0.1326530612244898,0.2727272727272727,0.09090909090909091,0.0,0.1111111111111111,3,5,0,1,0,0,0,1,0.0,0.0,0.00031178901787376397,199000.0
10567148,0,0.0,1.0,0.0,0.0,0.0,0.0,1.0,0.0,0.0,0.0,0.0,0.0,0.0,0.0,1.0,0.0,0.0,0.0,0.06020408163265307,0.09090909090909091,0.09090909090909091,0.0,0.05555555555555555,2,6,0,0,0,0,0,0,0.0,0.0,0.0,289000.0
10567231,0,0.0,1.0,0.0,0.0,0.0,0.0,0.0,0.0,0.0,0.0,0.0,0.0,0.0,1.0,0.0,0.0,1.0,0.0,0.15816326530612246,0.36363636363636365,0.2727272727272727,0.21428571428571427,0.2222222222222222,1,2,1,0,0,0,1,1,0.17200000000000001,0.6,0.0,1660000.0
10436323,1,0.0,0.0,1.0,0.0,0.0,0.0,0.0,0.0,0.0,0.0,1.0,0.0,0.0,0.0,0.0,0.0,0.0,1.0,0.07448979591836735,0.1818181818181818,0.0,0.21428571428571427,0.1111111111111111,5,6,0,1,0,0,0,0,0.0,0.0,5.593861791264589e-05,169000.0
10567521,1,0.0,1.0,0.0,1.0,0.0,0.0,0.0,0.0,0.0,0.0,0.0,0.0,0.0,0.0,0.0,0.0,0.0,1.0,0.3224489795918367,0.4545454545454545,0.09090909090909091,0.07142857142857142,0.1111111111111111,4,5,0,1,0,0,1,1,1.0,0.2,0.001083925350372909,550000.0
10567636,0,0.0,1.0,0.0,0.0,0.0,0.0,1.0,0.0,0.0,0.0,0.0,0.0,0.0,0.0,0.0,0.0,0.0,1.0,0.04489795918367347,0.0,0.09090909090909091,0.0,0.05555555555555555,0,4,0,0,0,0,0,1,0.0,0.03,0.0,194000.0
10567577,1,0.0,1.0,0.0,0.0,0.0,1.0,0.0,0.0,0.0,0.0,0.0,0.0,0.0,0.0,0.0,1.0,0.0,0.0,0.19387755102040818,0.1818181818181818,0.09090909090909091,0.0,0.0,3,5,0,0,0,0,0,0,0.0,0.0,0.00017882017201583522,210000.0
10567948,0,0.0,1.0,0.0,0.0,0.0,0.0,1.0,0.0,0.0,0.0,0.0,0.0,0.0,0.0,0.0,1.0,0.0,0.0,0.13571428571428573,0.09090909090909091,0.09090909090909091,0.0,0.05555555555555555,1,4,0,0,0,0,0,1,0.0,0.09,0.0,450000.0
10568035,1,0.0,0.0,1.0,0.0,0.0,0.0,0.0,0.0,0.0,0.0,1.0,0.0,0.0,0.0,0.0,0.0,0.0,1.0,0.3877551020408163,0.4545454545454545,0.18181818181818182,0.14285714285714285,0.2777777777777778,1,3,0,0,0,0,0,1,0.0,0.01,0.001396631394769831,530000.0
10568209,1,1.0,0.0,0.0,0.0,1.0,0.0,0.0,0.0,0.0,0.0,0.0,0.0,0.0,0.0,0.0,1.0,0.0,0.0,0.2642857142857143,0.4545454545454545,0.36363636363636365,0.0,0.2777777777777778,4,6,0,0,0,0,1,1,0.04,0.15,0.00015589450893688199,1090000.0
10568021,0,0.0,1.0,0.0,1.0,0.0,0.0,0.0,0.0,0.0,0.0,0.0,0.0,0.0,0.0,0.0,0.0,0.0,1.0,0.11734693877551022,0.09090909090909091,0.09090909090909091,0.0,0.05555555555555555,3,2,0,1,0,0,0,1,0.0,0.0,0.0,315000.0
10568091,0,0.0,1.0,0.0,1.0,0.0,0.0,0.0,0.0,0.0,0.0,0.0,0.0,0.0,0.0,0.0,1.0,0.0,0.0,0.030612244897959183,0.0,0.09090909090909091,0.0,0.0,1,3,0,0,0,0,0,1,0.0,0.3,0.0,227000.0
10568210,0,1.0,0.0,0.0,0.0,1.0,0.0,0.0,0.0,0.0,0.0,0.0,0.0,0.0,0.0,0.0,1.0,0.0,0.0,0.010204081632653062,0.0,0.0,0.0,0.0,3,6,0,0,0,0,0,0,0.0,0.0,0.0,170000.0
10568382,0,0.0,0.0,1.0,0.0,0.0,0.0,0.0,0.0,0.0,1.0,0.0,0.0,0.0,0.0,1.0,0.0,0.0,0.0,0.030612244897959183,0.09090909090909091,0.09090909090909091,0.07142857142857142,0.05555555555555555,3,7,0,0,0,0,0,0,0.0,0.0,0.0,149000.0
10568472,0,1.0,0.0,0.0,0.0,1.0,0.0,0.0,0.0,0.0,0.0,0.0,0.0,0.0,0.0,0.0,1.0,0.0,0.0,0.08673469387755103,0.09090909090909091,0.09090909090909091,0.07142857142857142,0.05555555555555555,4,7,1,0,0,0,1,1,0.075,0.15,0.0,335000.0
10568459,0,0.0,0.0,1.0,0.0,0.0,0.0,0.0,1.0,0.0,0.0,0.0,0.0,0.0,0.0,0.0,1.0,0.0,0.0,0.08571428571428572,0.1818181818181818,0.09090909090909091,0.0,0.05555555555555555,3,3,1,1,0,0,0,1,0.0,0.09,0.0,165000.0
10568616,0,1.0,0.0,0.0,0.0,1.0,0.0,0.0,0.0,0.0,0.0,0.0,0.0,0.0,0.0,0.0,1.0,0.0,0.0,0.09183673469387757,0.09090909090909091,0.09090909090909091,0.0,0.05555555555555555,3,7,1,0,0,0,0,0,0.0,0.0,0.0,325000.0
10568599,0,1.0,0.0,0.0,0.0,1.0,0.0,0.0,0.0,0.0,0.0,0.0,0.0,0.0,0.0,0.0,1.0,0.0,0.0,0.07346938775510206,0.09090909090909091,0.09090909090909091,0.0,0.0,3,4,1,0,0,0,0,0,0.0,0.0,0.0,245000.0
10568477,1,0.0,1.0,0.0,0.0,0.0,0.0,0.0,0.0,0.0,0.0,0.0,0.0,0.0,1.0,0.0,0.0,0.0,1.0,0.2857142857142857,0.2727272727272727,0.09090909090909091,0.14285714285714285,0.16666666666666666,1,2,0,1,0,0,1,1,0.5,0.5,0.0008253238708423164,595000.0
10568820,0,0.0,1.0,0.0,1.0,0.0,0.0,0.0,0.0,0.0,0.0,0.0,0.0,0.0,0.0,0.0,1.0,0.0,0.0,0.05612244897959184,0.09090909090909091,0.09090909090909091,0.0,0.05555555555555555,3,0,0,0,0,0,0,1,0.0,0.04,0.0,209000.0
10568789,0,0.0,1.0,0.0,1.0,0.0,0.0,0.0,0.0,0.0,0.0,0.0,0.0,0.0,0.0,0.0,1.0,0.0,0.0,0.08571428571428572,0.1818181818181818,0.09090909090909091,0.0,0.05555555555555555,3,3,1,0,0,0,0,1,0.0,0.03,0.0,299000.0
10437789,0,0.0,1.0,0.0,0.0,0.0,0.0,0.0,0.0,0.0,0.0,0.0,0.0,0.0,1.0,0.0,0.0,0.0,1.0,0.07551020408163267,0.09090909090909091,0.09090909090909091,0.0,0.0,4,5,0,0,0,0,0,0,0.0,0.0,0.0,170000.0
10569155,0,0.0,1.0,0.0,1.0,0.0,0.0,0.0,0.0,0.0,0.0,0.0,0.0,0.0,0.0,0.0,0.0,0.0,1.0,0.08775510204081632,0.1818181818181818,0.09090909090909091,0.0,0.05555555555555555,0,2,1,0,0,0,0,1,0.0,0.02,0.0,270000.0
10569126,0,0.0,1.0,0.0,0.0,0.0,0.0,0.0,0.0,0.0,0.0,0.0,0.0,0.0,1.0,0.0,0.0,0.0,1.0,0.04489795918367347,0.09090909090909091,0.09090909090909091,0.0,0.05555555555555555,0,4,0,0,0,0,0,0,0.0,0.0,0.0,179000.0
10569454,0,0.0,1.0,0.0,1.0,0.0,0.0,0.0,0.0,0.0,0.0,0.0,0.0,0.0,0.0,0.0,0.0,1.0,0.0,0.07551020408163267,0.09090909090909091,0.09090909090909091,0.0,0.05555555555555555,1,2,0,0,0,0,1,1,0.0,0.0,0.0,295000.0
10569559,1,0.0,1.0,0.0,1.0,0.0,0.0,0.0,0.0,0.0,0.0,0.0,0.0,0.0,0.0,0.0,0.0,0.0,1.0,0.10714285714285715,0.2727272727272727,0.09090909090909091,0.0,0.1111111111111111,1,3,0,0,0,0,1,0,0.055,0.0,0.00029895064654955015,279000.0
10569824,0,0.0,0.0,1.0,0.0,0.0,0.0,0.0,0.0,0.0,1.0,0.0,0.0,0.0,0.0,1.0,0.0,0.0,0.0,0.030612244897959183,0.09090909090909091,0.09090909090909091,0.07142857142857142,0.0,3,2,0,0,0,0,0,0,0.0,0.0,0.0,157500.0
10569823,0,0.0,0.0,1.0,0.0,0.0,0.0,0.0,0.0,0.0,1.0,0.0,0.0,0.0,0.0,1.0,0.0,0.0,0.0,0.030612244897959183,0.0,0.09090909090909091,0.07142857142857142,0.05555555555555555,3,6,0,0,0,0,0,0,0.0,0.0,0.0,159000.0
10438858,0,1.0,0.0,0.0,0.0,1.0,0.0,0.0,0.0,0.0,0.0,0.0,0.0,0.0,0.0,0.0,1.0,0.0,0.0,0.13775510204081634,0.1818181818181818,0.18181818181818182,0.14285714285714285,0.1111111111111111,5,5,1,0,0,0,0,1,0.0,0.1,0.0,299000.0
10570067,1,0.0,0.0,1.0,0.0,0.0,0.0,0.0,1.0,0.0,0.0,0.0,0.0,0.0,0.0,0.0,0.0,0.0,1.0,0.16836734693877553,0.2727272727272727,0.2727272727272727,0.21428571428571427,0.16666666666666666,3,5,0,0,0,0,1,1,0.12,0.08,0.00022925663078953234,279900.0
10570201,0,1.0,0.0,0.0,0.0,1.0,0.0,0.0,0.0,0.0,0.0,0.0,0.0,0.0,0.0,0.0,0.0,0.0,1.0,0.023469387755102045,0.0,0.09090909090909091,0.0,0.0,3,3,0,0,0,0,0,0,0.0,0.0,0.0,179000.0
10570116,1,1.0,0.0,0.0,0.0,1.0,0.0,0.0,0.0,0.0,0.0,0.0,0.0,0.0,0.0,0.0,1.0,0.0,0.0,0.3469387755102041,0.6363636363636364,0.2727272727272727,0.0,0.2222222222222222,3,7,0,0,0,0,0,1,0.0,0.0,0.0,720000.0
10438905,1,0.0,1.0,0.0,1.0,0.0,0.0,0.0,0.0,0.0,0.0,0.0,0.0,0.0,0.0,0.0,0.0,0.0,1.0,0.2448979591836735,0.1818181818181818,0.09090909090909091,0.0,0.05555555555555555,1,1,0,0,1,0,1,1,0.0,0.52,0.0019505154147573412,598000.0
10045964,0,0.0,1.0,0.0,0.0,0.0,0.0,0.0,0.0,0.0,0.0,0.0,0.0,0.0,1.0,0.0,0.0,1.0,0.0,0.06122448979591837,0.1818181818181818,0.09090909090909091,0.0,0.0,0,6,1,0,0,0,0,0,0.0,0.0,0.0,550000.0
10570312,1,0.0,1.0,0.0,0.0,0.0,1.0,0.0,0.0,0.0,0.0,0.0,0.0,0.0,0.0,0.0,0.0,0.0,1.0,0.1306122448979592,0.1818181818181818,0.09090909090909091,0.07142857142857142,0.05555555555555555,3,4,0,0,0,0,1,1,0.25,0.2,0.0006345823540254255,280000.0
10570320,1,0.0,1.0,0.0,0.0,0.0,1.0,0.0,0.0,0.0,0.0,0.0,0.0,0.0,0.0,0.0,0.0,0.0,1.0,0.1306122448979592,0.1818181818181818,0.09090909090909091,0.07142857142857142,0.05555555555555555,3,4,0,0,0,0,1,1,0.25,0.2,0.0006345823540254255,280000.0
10570379,1,0.0,0.0,1.0,0.0,0.0,0.0,0.0,1.0,0.0,0.0,0.0,0.0,0.0,0.0,0.0,0.0,1.0,0.0,0.14285714285714288,0.1818181818181818,0.0,0.0,0.0,0,0,0,0,0,0,0,0,0.0,0.0,0.0004814389246580179,100000.0
10308415,0,0.0,1.0,0.0,0.0,0.0,1.0,0.0,0.0,0.0,0.0,0.0,0.0,0.0,0.0,0.0,0.0,0.0,1.0,0.05612244897959184,0.09090909090909091,0.09090909090909091,0.0,0.05555555555555555,3,3,0,0,0,0,0,0,0.0,0.0,0.0,209500.0
10570590,1,0.0,0.0,1.0,0.0,0.0,0.0,0.0,0.0,0.0,0.0,1.0,0.0,0.0,0.0,0.0,0.0,0.0,1.0,0.22142857142857145,0.2727272727272727,0.0,0.0,0.0,5,5,0,0,0,0,1,0,0.02,0.0,0.0,190000.0
10570715,1,0.0,1.0,0.0,0.0,0.0,0.0,0.0,0.0,0.0,0.0,0.0,0.0,0.0,1.0,0.0,0.0,0.0,1.0,0.16632653061224492,0.2727272727272727,0.09090909090909091,0.0,0.1111111111111111,1,2,0,0,0,0,0,1,0.0,0.0,0.00024851418777585305,399000.0
10570763,0,1.0,0.0,0.0,0.0,1.0,0.0,0.0,0.0,0.0,0.0,0.0,0.0,0.0,0.0,1.0,0.0,0.0,0.0,0.17346938775510207,0.1818181818181818,0.18181818181818182,0.07142857142857142,0.16666666666666666,1,5,1,0,0,0,0,1,0.0,0.27,0.0,745000.0
10570810,1,0.0,0.0,1.0,0.0,0.0,0.0,0.0,0.0,0.0,0.0,1.0,0.0,0.0,0.0,0.0,0.0,0.0,1.0,0.11224489795918369,0.2727272727272727,0.09090909090909091,0.07142857142857142,0.1111111111111111,4,4,0,1,0,0,1,1,0.0,0.55,0.0011004318277897552,249000.0
10177703,0,0.0,1.0,0.0,0.0,0.0,0.0,0.0,0.0,0.0,0.0,0.0,0.0,0.0,1.0,0.0,0.0,0.0,1.0,0.051020408163265314,0.09090909090909091,0.09090909090909091,0.0,0.05555555555555555,0,3,0,0,0,0,0,1,0.0,0.0,0.0,349000.0
10570992,0,1.0,0.0,0.0,0.0,1.0,0.0,0.0,0.0,0.0,0.0,0.0,0.0,0.0,0.0,0.0,1.0,0.0,0.0,0.05510204081632653,0.09090909090909091,0.0,0.07142857142857142,0.05555555555555555,0,4,1,1,0,0,0,0,0.0,0.0,0.0,275000.0
10571046,1,0.0,0.0,1.0,0.0,0.0,0.0,0.0,1.0,0.0,0.0,0.0,0.0,0.0,0.0,0.0,0.0,0.0,1.0,0.20408163265306126,0.2727272727272727,0.09090909090909091,0.0,0.1111111111111111,3,4,0,0,0,0,1,1,0.0,0.16,0.0019165854334004904,335000.0
10440161,0,0.0,0.0,1.0,0.0,0.0,0.0,0.0,1.0,0.0,0.0,0.0,0.0,0.0,0.0,0.0,0.0,1.0,0.0,0.10102040816326532,0.1818181818181818,0.09090909090909091,0.0,0.1111111111111111,0,2,0,1,0,0,0,1,0.0,0.0,0.0,255000.0
10440162,0,0.0,0.0,1.0,0.0,0.0,0.0,0.0,1.0,0.0,0.0,0.0,0.0,0.0,0.0,0.0,0.0,1.0,0.0,0.06632653061224492,0.09090909090909091,0.09090909090909091,0.0,0.1111111111111111,0,2,0,1,0,0,0,0,0.0,0.0,0.0,210000.0
10571082,1,0.0,1.0,0.0,0.0,0.0,0.0,0.0,0.0,0.0,0.0,0.0,0.0,0.0,1.0,0.0,0.0,0.0,1.0,0.0816326530612245,0.09090909090909091,0.09090909090909091,0.0,0.05555555555555555,5,6,0,1,0,0,1,0,0.0,0.0,0.0001531434293674076,124000.0
10177914,0,0.0,1.0,0.0,0.0,0.0,1.0,0.0,0.0,0.0,0.0,0.0,0.0,0.0,0.0,0.0,0.0,1.0,0.0,0.10204081632653061,0.1818181818181818,0.18181818181818182,0.0,0.0,5,2,0,0,0,0,0,1,0.0,0.0,0.0,225000.0
10440163,0,0.0,0.0,1.0,0.0,0.0,0.0,0.0,1.0,0.0,0.0,0.0,0.0,0.0,0.0,0.0,0.0,1.0,0.0,0.07142857142857142,0.09090909090909091,0.09090909090909091,0.0,0.1111111111111111,0,2,0,1,0,0,0,0,0.0,0.0,0.0,217000.0
10571257,1,0.0,1.0,0.0,0.0,0.0,1.0,0.0,0.0,0.0,0.0,0.0,0.0,0.0,0.0,0.0,0.0,0.0,1.0,0.1816326530612245,0.1818181818181818,0.09090909090909091,0.0,0.1111111111111111,0,1,0,1,0,0,1,1,0.0,0.0,0.0002686887712853319,514000.0
10571305,0,1.0,0.0,0.0,0.0,1.0,0.0,0.0,0.0,0.0,0.0,0.0,0.0,0.0,0.0,0.0,1.0,0.0,0.0,0.07653061224489796,0.1818181818181818,0.09090909090909091,0.0,0.05555555555555555,3,0,1,0,0,0,1,1,0.05,0.01,0.0,315000.0
10571507,0,0.0,0.0,1.0,0.0,0.0,0.0,0.0,0.0,0.0,1.0,0.0,0.0,0.0,0.0,0.0,0.0,1.0,0.0,0.23469387755102042,0.36363636363636365,0.0,0.14285714285714285,0.1111111111111111,3,7,0,1,0,0,1,1,0.0,0.9,0.0,310000.0
10571307,0,1.0,0.0,0.0,0.0,1.0,0.0,0.0,0.0,0.0,0.0,0.0,0.0,0.0,0.0,0.0,1.0,0.0,0.0,0.1806122448979592,0.2727272727272727,0.18181818181818182,0.07142857142857142,0.1111111111111111,3,4,1,0,0,0,0,1,0.0,0.27,0.0,509000.0
10571573,0,0.0,0.0,1.0,0.0,0.0,0.0,0.0,0.0,0.0,0.0,1.0,0.0,0.0,0.0,0.0,0.0,1.0,0.0,0.06428571428571428,0.09090909090909091,0.0,0.07142857142857142,0.05555555555555555,0,5,1,1,0,0,0,1,0.0,0.07,0.0,169000.0
10440868,0,1.0,0.0,0.0,0.0,1.0,0.0,0.0,0.0,0.0,0.0,0.0,0.0,0.0,0.0,0.0,0.0,0.0,1.0,0.0816326530612245,0.09090909090909091,0.18181818181818182,0.0,0.1111111111111111,3,3,0,0,0,0,0,1,0.0,0.1,0.0,295000.0
10571769,0,0.0,1.0,0.0,0.0,0.0,0.0,0.0,0.0,0.0,0.0,0.0,0.0,0.0,1.0,0.0,0.0,1.0,0.0,0.08571428571428572,0.09090909090909091,0.09090909090909091,0.0,0.05555555555555555,3,2,1,0,0,0,0,1,0.0,0.0,0.0,255000.0
10572080,1,0.0,1.0,0.0,0.0,0.0,0.0,0.0,0.0,0.0,0.0,0.0,0.0,0.0,1.0,0.0,0.0,0.0,1.0,0.17755102040816328,0.1818181818181818,0.09090909090909091,0.0,0.05555555555555555,1,4,0,0,0,0,1,1,0.0,0.0,0.00106375076686343,337500.0
10441046,0,0.0,0.0,1.0,0.0,0.0,0.0,0.0,0.0,0.0,1.0,0.0,0.0,0.0,0.0,0.0,1.0,0.0,0.0,0.051020408163265314,0.0,0.09090909090909091,0.0,0.05555555555555555,1,2,1,0,0,0,0,1,0.0,0.07,0.0,145000.0
10441267,0,0.0,0.0,1.0,0.0,0.0,0.0,0.0,1.0,0.0,0.0,0.0,0.0,0.0,0.0,0.0,0.0,1.0,0.0,0.042857142857142864,0.0,0.09090909090909091,0.0,0.05555555555555555,0,2,0,1,0,0,0,0,0.0,0.0,0.0,165000.0
10572434,1,0.0,1.0,0.0,1.0,0.0,0.0,0.0,0.0,0.0,0.0,0.0,0.0,0.0,0.0,0.0,1.0,0.0,0.0,0.2428571428571429,0.5454545454545454,0.18181818181818182,0.0,0.1111111111111111,0,6,0,0,0,0,0,1,0.0,0.35000000000000003,0.00010545805016318488,299000.0
10441390,1,0.0,1.0,0.0,0.0,0.0,0.0,0.0,0.0,0.0,0.0,0.0,0.0,0.0,1.0,0.0,0.0,0.0,1.0,0.2091836734693878,0.1818181818181818,0.0,0.0,0.0,1,0,0,0,0,0,0,1,0.0,0.0,0.00022742257774321608,285000.0
10572490,1,0.0,0.0,1.0,0.0,0.0,0.0,0.0,1.0,0.0,0.0,0.0,0.0,0.0,0.0,0.0,0.0,1.0,0.0,0.1479591836734694,0.1818181818181818,0.09090909090909091,0.07142857142857142,0.0,1,3,0,0,0,0,0,1,0.0,0.24,0.0,360000.0
10441802,1,0.0,1.0,0.0,0.0,0.0,0.0,0.0,0.0,0.0,0.0,0.0,0.0,0.0,1.0,0.0,0.0,0.0,1.0,0.06632653061224492,0.1818181818181818,0.09090909090909091,0.0,0.05555555555555555,4,5,0,0,0,0,0,0,0.0,0.0,3.668106092632517e-05,139500.0
10048849,0,0.0,1.0,0.0,1.0,0.0,0.0,0.0,0.0,0.0,0.0,0.0,0.0,0.0,0.0,1.0,0.0,0.0,0.0,0.09183673469387757,0.1818181818181818,0.09090909090909091,0.0,0.1111111111111111,0,2,0,0,0,0,0,1,0.0,0.35000000000000003,0.0,495000.0
10572837,1,0.0,1.0,0.0,1.0,0.0,0.0,0.0,0.0,0.0,0.0,0.0,0.0,0.0,0.0,0.0,0.0,0.0,1.0,0.20000000000000004,0.2727272727272727,0.09090909090909091,0.0,0.0,3,2,0,0,0,0,0,0,0.0,0.0,0.00016323072112214702,449500.0
10573688,1,0.0,1.0,0.0,1.0,0.0,0.0,0.0,0.0,0.0,0.0,0.0,0.0,0.0,0.0,0.0,0.0,0.0,1.0,0.09183673469387757,0.09090909090909091,0.09090909090909091,0.0,0.05555555555555555,0,6,0,0,0,0,0,1,0.0,0.0,9.628778493160358e-05,195000.0
10572881,1,0.0,1.0,0.0,0.0,0.0,0.0,0.0,0.0,1.0,0.0,0.0,0.0,0.0,0.0,0.0,0.0,0.0,1.0,0.20204081632653065,0.1818181818181818,0.18181818181818182,0.0,0.0,1,3,0,1,0,0,1,0,0.0,0.0,0.0004585132615790647,279000.0
10442419,0,0.0,1.0,0.0,1.0,0.0,0.0,0.0,0.0,0.0,0.0,0.0,0.0,0.0,0.0,0.0,0.0,0.0,1.0,0.0673469387755102,0.09090909090909091,0.09090909090909091,0.0,0.0,3,2,0,0,0,0,0,1,0.0,0.0,0.0,165000.0
10572703,1,0.0,0.0,1.0,0.0,0.0,0.0,0.0,0.0,0.0,0.0,0.0,0.0,1.0,0.0,0.0,0.0,0.0,1.0,0.1836734693877551,0.09090909090909091,0.09090909090909091,0.0,0.0,3,5,0,0,0,0,0,1,0.0,0.0,0.0003539722379390379,395000.0
10574139,1,0.0,0.0,1.0,0.0,0.0,0.0,0.0,0.0,0.0,0.0,0.0,1.0,0.0,0.0,0.0,0.0,0.0,1.0,0.28775510204081634,0.2727272727272727,0.09090909090909091,0.0,0.1111111111111111,3,4,0,0,0,0,1,1,1.0,0.01,0.0018340530463162588,380000.0
10574198,0,0.0,1.0,0.0,1.0,0.0,0.0,0.0,0.0,0.0,0.0,0.0,0.0,0.0,0.0,0.0,1.0,0.0,0.0,0.06122448979591837,0.0,0.09090909090909091,0.0,0.0,0,2,0,0,0,0,0,1,0.0,0.0,0.0,300000.0
10574171,0,0.0,1.0,0.0,1.0,0.0,0.0,0.0,0.0,0.0,0.0,0.0,0.0,0.0,0.0,0.0,1.0,0.0,0.0,0.036734693877551024,0.0,0.09090909090909091,0.0,0.0,0,2,0,0,0,0,0,1,0.0,0.07,0.0,300000.0
10574219,0,0.0,1.0,0.0,1.0,0.0,0.0,0.0,0.0,0.0,0.0,0.0,0.0,0.0,0.0,0.0,1.0,0.0,0.0,0.09387755102040818,0.1818181818181818,0.09090909090909091,0.0,0.0,0,2,0,0,0,0,0,1,0.0,0.0,0.0,525000.0
10574527,0,1.0,0.0,0.0,0.0,1.0,0.0,0.0,0.0,0.0,0.0,0.0,0.0,0.0,0.0,0.0,1.0,0.0,0.0,0.06122448979591837,0.0,0.09090909090909091,0.0,0.05555555555555555,0,0,0,0,0,0,1,1,0.074,0.03,0.0,225000.0
10181154,1,0.0,1.0,0.0,1.0,0.0,0.0,0.0,0.0,0.0,0.0,0.0,0.0,0.0,0.0,0.0,0.0,0.0,1.0,0.12448979591836737,0.1818181818181818,0.0,0.0,0.0,5,0,0,0,0,0,0,0,0.0,0.0,0.00116187260484135,280000.0
10574528,0,1.0,0.0,0.0,0.0,1.0,0.0,0.0,0.0,0.0,0.0,0.0,0.0,0.0,0.0,0.0,1.0,0.0,0.0,0.163265306122449,0.2727272727272727,0.09090909090909091,0.0,0.05555555555555555,0,0,0,0,0,0,1,1,0.074,0.03,0.0,275000.0
10574680,1,0.0,1.0,0.0,0.0,0.0,0.0,1.0,0.0,0.0,0.0,0.0,0.0,0.0,0.0,0.0,0.0,0.0,1.0,0.16836734693877553,0.1818181818181818,0.09090909090909091,0.0,0.05555555555555555,5,6,0,0,0,0,1,1,0.0,0.01,0.0002778590365169132,230000.0
10443637,1,0.0,0.0,1.0,0.0,0.0,0.0,0.0,1.0,0.0,0.0,0.0,0.0,0.0,0.0,0.0,1.0,0.0,0.0,0.2857142857142857,0.5454545454545454,0.2727272727272727,0.0,0.16666666666666666,6,7,0,1,0,0,0,0,0.0,0.0,0.0,160000.0
10443602,0,0.0,0.0,1.0,0.0,0.0,0.0,0.0,0.0,0.0,1.0,0.0,0.0,0.0,0.0,0.0,0.0,0.0,1.0,0.0653061224489796,0.09090909090909091,0.0,0.07142857142857142,0.05555555555555555,3,6,1,0,0,0,0,1,0.0,0.03,0.0,149000.0
10443754,1,0.0,1.0,0.0,0.0,0.0,0.0,0.0,0.0,0.0,0.0,0.0,0.0,0.0,1.0,0.0,0.0,0.0,1.0,0.16734693877551024,0.1818181818181818,0.0,0.0,0.0,1,4,0,0,0,0,0,1,0.0,0.0,0.0005502159138948776,449500.0
10443756,1,0.0,1.0,0.0,0.0,0.0,0.0,0.0,0.0,0.0,0.0,0.0,0.0,0.0,1.0,0.0,0.0,0.0,1.0,0.16734693877551024,0.1818181818181818,0.0,0.0,0.0,1,4,0,0,0,0,0,1,0.0,0.0,0.0005502159138948776,449500.0
10443755,1,0.0,1.0,0.0,0.0,0.0,0.0,0.0,0.0,0.0,0.0,0.0,0.0,0.0,1.0,0.0,0.0,0.0,1.0,0.16734693877551024,0.1818181818181818,0.0,0.0,0.0,1,4,0,0,0,0,0,1,0.0,0.0,0.0005502159138948776,449500.0
9919469,1,0.0,0.0,1.0,0.0,0.0,0.0,0.0,1.0,0.0,0.0,0.0,0.0,0.0,0.0,0.0,0.0,1.0,0.0,0.326530612244898,0.36363636363636365,0.18181818181818182,0.07142857142857142,0.1111111111111111,4,5,0,1,0,0,1,0,0.0,0.0,0.0027006431107006908,325000.0
10575051,1,0.0,1.0,0.0,0.0,0.0,1.0,0.0,0.0,0.0,0.0,0.0,0.0,0.0,0.0,0.0,0.0,0.0,1.0,0.2448979591836735,0.1818181818181818,0.09090909090909091,0.07142857142857142,0.1111111111111111,1,1,0,0,0,0,0,0,0.0,0.0,0.0008574197991528509,649000.0
10443838,0,0.0,1.0,0.0,0.0,0.0,0.0,0.0,0.0,0.0,0.0,0.0,0.0,0.0,1.0,0.0,0.0,0.0,1.0,0.09285714285714286,0.09090909090909091,0.18181818181818182,0.0,0.05555555555555555,1,2,1,0,0,0,0,1,0.0,0.23,0.0,695000.0
10444040,0,0.0,0.0,1.0,0.0,0.0,0.0,0.0,1.0,0.0,0.0,0.0,0.0,0.0,0.0,0.0,0.0,1.0,0.0,0.10408163265306122,0.09090909090909091,0.09090909090909091,0.0,0.05555555555555555,0,7,0,1,0,0,0,1,0.0,0.15,0.0,125000.0
10575096,1,0.0,0.0,1.0,0.0,0.0,0.0,0.0,0.0,0.0,0.0,0.0,1.0,0.0,0.0,0.0,1.0,0.0,0.0,0.1326530612244898,0.1818181818181818,0.09090909090909091,0.0,0.1111111111111111,2,3,0,1,0,0,1,1,0.0,0.32,0.0004906091898895992,349000.0
10444268,1,0.0,1.0,0.0,0.0,0.0,0.0,0.0,0.0,0.0,0.0,0.0,0.0,0.0,1.0,0.0,0.0,0.0,1.0,0.14285714285714288,0.1818181818181818,0.09090909090909091,0.0,0.0,1,4,0,0,0,0,0,1,0.0,0.0,0.00035764034403167045,545000.0
10575411,0,0.0,1.0,0.0,1.0,0.0,0.0,0.0,0.0,0.0,0.0,0.0,0.0,0.0,0.0,0.0,0.0,0.0,1.0,0.11224489795918369,0.1818181818181818,0.09090909090909091,0.0,0.05555555555555555,1,2,0,0,0,0,0,1,0.0,0.56,0.0,359500.0
10575570,1,0.0,0.0,1.0,0.0,0.0,0.0,0.0,1.0,0.0,0.0,0.0,0.0,0.0,0.0,0.0,0.0,0.0,1.0,0.1969387755102041,0.1818181818181818,0.18181818181818182,0.0,0.1111111111111111,0,0,0,0,0,0,0,0,0.0,0.0,0.0009537075840844546,532302.0
10575664,0,0.0,1.0,0.0,0.0,0.0,0.0,0.0,0.0,0.0,0.0,0.0,0.0,0.0,1.0,0.0,0.0,1.0,0.0,0.1163265306122449,0.2727272727272727,0.18181818181818182,0.0,0.0,2,2,1,0,0,0,0,0,0.0,0.0,0.0,379000.0
10575945,0,0.0,0.0,1.0,0.0,0.0,0.0,0.0,1.0,0.0,0.0,0.0,0.0,0.0,0.0,0.0,1.0,0.0,0.0,0.05510204081632653,0.09090909090909091,0.09090909090909091,0.0,0.05555555555555555,0,2,1,1,0,0,0,1,0.0,0.71,0.0,175000.0
10313767,0,0.0,0.0,1.0,0.0,0.0,0.0,0.0,0.0,0.0,0.0,0.0,1.0,0.0,0.0,0.0,0.0,1.0,0.0,0.1,0.1818181818181818,0.09090909090909091,0.0,0.1111111111111111,5,2,0,0,0,0,0,0,0.0,0.0,0.0,165000.0
10575964,0,0.0,1.0,0.0,0.0,0.0,0.0,1.0,0.0,0.0,0.0,0.0,0.0,0.0,0.0,0.0,0.0,0.0,1.0,0.04081632653061225,0.0,0.09090909090909091,0.0,0.05555555555555555,1,2,1,0,0,0,0,1,0.0,0.0,0.0,169000.0
10575984,0,0.0,1.0,0.0,1.0,0.0,0.0,0.0,0.0,0.0,0.0,0.0,0.0,0.0,0.0,0.0,0.0,0.0,1.0,0.1326530612244898,0.09090909090909091,0.09090909090909091,0.0,0.1111111111111111,3,2,1,0,0,0,0,1,0.0,0.0,0.0,360000.0
10575962,1,0.0,0.0,1.0,0.0,0.0,0.0,0.0,1.0,0.0,0.0,0.0,0.0,0.0,0.0,0.0,0.0,1.0,0.0,0.07142857142857142,0.1818181818181818,0.09090909090909091,0.07142857142857142,0.1111111111111111,3,4,0,0,0,0,0,0,0.0,0.0,0.0,145000.0
10575959,0,0.0,0.0,1.0,0.0,0.0,0.0,0.0,0.0,0.0,0.0,1.0,0.0,0.0,0.0,0.0,0.0,1.0,0.0,0.08061224489795918,0.09090909090909091,0.09090909090909091,0.0,0.0,3,2,1,1,0,0,1,0,0.0,0.0,0.0,295000.0
10444915,1,0.0,0.0,1.0,0.0,0.0,0.0,0.0,0.0,0.0,1.0,0.0,0.0,0.0,0.0,0.0,1.0,0.0,0.0,0.2602040816326531,0.2727272727272727,0.09090909090909091,0.07142857142857142,0.16666666666666666,4,4,0,0,0,0,0,1,0.0,0.6,0.0013810419438761428,420000.0
10576030,1,0.0,1.0,0.0,1.0,0.0,0.0,0.0,0.0,0.0,0.0,0.0,0.0,0.0,0.0,0.0,0.0,1.0,0.0,0.13367346938775512,0.09090909090909091,0.09090909090909091,0.0,0.16666666666666666,3,4,0,0,0,0,0,1,0.0,0.08,6.0523750528436535e-05,314000.0
10444972,0,1.0,0.0,0.0,0.0,1.0,0.0,0.0,0.0,0.0,0.0,0.0,0.0,0.0,0.0,0.0,1.0,0.0,0.0,0.08673469387755103,0.1818181818181818,0.09090909090909091,0.0,0.05555555555555555,4,4,1,0,0,0,0,1,0.0,0.17,0.0,252000.0
10576348,0,0.0,1.0,0.0,0.0,0.0,0.0,1.0,0.0,0.0,0.0,0.0,0.0,0.0,0.0,1.0,0.0,0.0,0.0,0.06938775510204082,0.09090909090909091,0.09090909090909091,0.0,0.0,3,3,0,0,0,0,0,1,0.0,0.0,0.0,375000.0
10445151,1,0.0,0.0,1.0,0.0,0.0,0.0,0.0,0.0,0.0,1.0,0.0,0.0,0.0,0.0,0.0,0.0,1.0,0.0,0.06122448979591837,0.0,0.09090909090909091,0.07142857142857142,0.05555555555555555,6,6,0,0,0,0,1,1,0.055,0.2,0.00013938803152003566,65000.0
10576366,1,0.0,0.0,1.0,0.0,0.0,0.0,0.0,0.0,0.0,0.0,0.0,0.0,1.0,0.0,0.0,0.0,0.0,1.0,0.11224489795918369,0.09090909090909091,0.2727272727272727,0.14285714285714285,0.16666666666666666,3,5,0,0,0,0,1,1,0.055,0.2,0.00014213911108951004,260000.0
10576368,0,0.0,1.0,0.0,0.0,0.0,0.0,0.0,0.0,0.0,0.0,0.0,0.0,0.0,1.0,0.0,0.0,1.0,0.0,0.04183673469387755,0.0,0.09090909090909091,0.0,0.0,0,5,0,0,0,0,0,1,0.0,0.0,0.0,175000.0
10576402,0,0.0,1.0,0.0,0.0,0.0,0.0,1.0,0.0,0.0,0.0,0.0,0.0,0.0,0.0,0.0,0.0,0.0,1.0,0.09693877551020408,0.1818181818181818,0.09090909090909091,0.0,0.05555555555555555,1,0,1,0,0,0,0,1,0.0,0.15,0.0,325000.0
10576449,1,0.0,1.0,0.0,0.0,0.0,0.0,1.0,0.0,0.0,0.0,0.0,0.0,0.0,0.0,0.0,0.0,0.0,1.0,0.4897959183673469,0.4545454545454545,0.2727272727272727,0.21428571428571427,0.2777777777777778,4,4,0,0,0,0,1,1,1.0,1.0,0.005338011391303471,1590000.0
10314264,1,0.0,0.0,1.0,0.0,0.0,0.0,0.0,1.0,0.0,0.0,0.0,0.0,0.0,0.0,0.0,1.0,0.0,0.0,0.19387755102040818,0.1818181818181818,0.09090909090909091,0.07142857142857142,0.16666666666666666,1,4,0,0,0,0,0,1,0.0,0.0,0.0,240000.0
10576530,0,1.0,0.0,0.0,0.0,1.0,0.0,0.0,0.0,0.0,0.0,0.0,0.0,0.0,0.0,0.0,1.0,0.0,0.0,0.07142857142857142,0.09090909090909091,0.09090909090909091,0.0,0.05555555555555555,1,0,1,1,0,0,0,1,0.0,0.22,0.0,249000.0
10445447,1,0.0,1.0,0.0,0.0,0.0,0.0,1.0,0.0,0.0,0.0,0.0,0.0,0.0,0.0,0.0,0.0,0.0,1.0,0.2755102040816327,0.36363636363636365,0.09090909090909091,0.0,0.0,4,4,0,0,0,0,0,0,0.0,0.0,0.0002494312142990112,315000.0
10576566,0,0.0,1.0,0.0,0.0,0.0,0.0,0.0,0.0,0.0,0.0,0.0,0.0,0.0,1.0,0.0,0.0,0.0,1.0,0.04081632653061225,0.0,0.09090909090909091,0.0,0.05555555555555555,1,0,0,0,0,0,0,0,0.0,0.0,0.0,248000.0
10576607,0,0.0,1.0,0.0,0.0,0.0,0.0,0.0,0.0,1.0,0.0,0.0,0.0,0.0,0.0,0.0,0.0,1.0,0.0,0.09693877551020408,0.09090909090909091,0.09090909090909091,0.0,0.1111111111111111,4,3,1,1,0,0,0,1,0.0,0.26,0.0,235000.0
10576611,1,0.0,1.0,0.0,0.0,0.0,1.0,0.0,0.0,0.0,0.0,0.0,0.0,0.0,0.0,0.0,1.0,0.0,0.0,0.04387755102040817,0.0,0.09090909090909091,0.0,0.05555555555555555,6,6,0,1,0,0,1,1,0.581,0.5,0.0006483377518727974,167500.0
10576608,0,0.0,1.0,0.0,0.0,0.0,0.0,0.0,0.0,1.0,0.0,0.0,0.0,0.0,0.0,0.0,0.0,1.0,0.0,0.09693877551020408,0.09090909090909091,0.09090909090909091,0.0,0.05555555555555555,4,3,1,1,0,0,0,1,0.0,0.25,0.0,235000.0
10576749,1,0.0,1.0,0.0,0.0,0.0,0.0,0.0,0.0,0.0,0.0,0.0,0.0,0.0,1.0,0.0,0.0,1.0,0.0,0.11224489795918369,0.09090909090909091,0.0,0.0,0.1111111111111111,3,5,0,0,0,0,0,0,0.0,0.0,0.0,132000.0
10576819,0,0.0,1.0,0.0,0.0,0.0,0.0,0.0,0.0,0.0,0.0,0.0,0.0,0.0,1.0,0.0,0.0,1.0,0.0,0.07244897959183674,0.09090909090909091,0.09090909090909091,0.0,0.0,1,2,0,0,0,0,0,1,0.0,0.0,0.0,239000.0
10445743,0,0.0,1.0,0.0,1.0,0.0,0.0,0.0,0.0,0.0,0.0,0.0,0.0,0.0,0.0,0.0,1.0,0.0,0.0,0.08979591836734696,0.09090909090909091,0.09090909090909091,0.07142857142857142,0.05555555555555555,0,2,1,1,0,0,1,0,0.027,0.0,0.0,325000.0
10576889,1,0.0,1.0,0.0,0.0,0.0,0.0,0.0,0.0,0.0,0.0,0.0,0.0,0.0,1.0,0.0,0.0,0.0,1.0,0.1326530612244898,0.36363636363636365,0.09090909090909091,0.0,0.1111111111111111,0,6,0,0,0,0,1,1,0.0,0.0,8.253238708423164e-05,177500.0
10445758,0,0.0,1.0,0.0,0.0,0.0,0.0,0.0,0.0,0.0,0.0,0.0,0.0,0.0,1.0,0.0,0.0,0.0,1.0,0.12346938775510205,0.1818181818181818,0.09090909090909091,0.0,0.05555555555555555,3,5,0,1,0,0,0,0,0.0,0.0,0.0,275000.0
10576943,1,0.0,1.0,0.0,1.0,0.0,0.0,0.0,0.0,0.0,0.0,0.0,0.0,0.0,0.0,0.0,0.0,0.0,1.0,0.22244897959183677,0.1818181818181818,0.18181818181818182,0.0,0.16666666666666666,0,4,0,0,0,0,0,1,0.0,0.2,0.00044567489025485087,648000.0
10577036,1,0.0,1.0,0.0,1.0,0.0,0.0,0.0,0.0,0.0,0.0,0.0,0.0,0.0,0.0,0.0,0.0,0.0,1.0,0.20612244897959187,0.1818181818181818,0.0,0.07142857142857142,0.1111111111111111,3,6,0,0,0,0,1,1,0.0,0.0,0.005144518794917106,849000.0
10446018,0,1.0,0.0,0.0,0.0,1.0,0.0,0.0,0.0,0.0,0.0,0.0,0.0,0.0,0.0,0.0,1.0,0.0,0.0,0.06122448979591837,0.09090909090909091,0.0,0.07142857142857142,0.05555555555555555,0,4,1,0,0,0,0,1,0.0,0.1,0.0,199000.0
10577201,0,0.0,0.0,1.0,0.0,0.0,0.0,0.0,0.0,0.0,1.0,0.0,0.0,0.0,0.0,0.0,0.0,1.0,0.0,0.0836734693877551,0.1818181818181818,0.09090909090909091,0.0,0.05555555555555555,3,3,0,1,0,0,0,0,0.0,0.0,0.0,155000.0
10577107,0,0.0,0.0,1.0,0.0,0.0,0.0,0.0,0.0,0.0,1.0,0.0,0.0,0.0,0.0,0.0,0.0,0.0,1.0,0.1163265306122449,0.1818181818181818,0.09090909090909091,0.0,0.05555555555555555,3,3,1,0,0,0,0,1,0.0,0.01,0.0,285000.0
10577287,1,0.0,1.0,0.0,0.0,0.0,1.0,0.0,0.0,0.0,0.0,0.0,0.0,0.0,0.0,0.0,0.0,0.0,1.0,0.2602040816326531,0.2727272727272727,0.09090909090909091,0.0,0.16666666666666666,4,5,0,0,0,0,0,1,0.0,0.0,0.0004410897576390602,259000.0
10577110,1,0.0,1.0,0.0,1.0,0.0,0.0,0.0,0.0,0.0,0.0,0.0,0.0,0.0,0.0,0.0,0.0,1.0,0.0,0.163265306122449,0.1818181818181818,0.09090909090909091,0.0,0.0,5,6,0,0,0,0,0,0,0.0,0.0,0.0003273784687674522,350000.0
10577300,1,1.0,0.0,0.0,0.0,1.0,0.0,0.0,0.0,0.0,0.0,0.0,0.0,0.0,0.0,0.0,0.0,0.0,1.0,0.27040816326530615,0.36363636363636365,0.18181818181818182,0.0,0.1111111111111111,4,0,0,0,0,0,1,0,0.1,0.0,0.00017882017201583522,465000.0
10577358,1,0.0,1.0,0.0,0.0,0.0,0.0,0.0,0.0,1.0,0.0,0.0,0.0,0.0,0.0,0.0,0.0,1.0,0.0,0.15000000000000002,0.09090909090909091,0.09090909090909091,0.0,0.0,0,0,0,0,0,0,0,0,0.0,0.0,0.0010710869790486952,208000.0
10577427,1,0.0,1.0,0.0,1.0,0.0,0.0,0.0,0.0,0.0,0.0,0.0,0.0,0.0,0.0,0.0,0.0,0.0,1.0,0.40816326530612246,0.4545454545454545,0.2727272727272727,0.07142857142857142,0.16666666666666666,0,2,0,1,0,0,0,0,0.0,0.0,0.0009913056715339379,965000.0
10577482,1,0.0,0.0,1.0,0.0,0.0,0.0,0.0,0.0,0.0,1.0,0.0,0.0,0.0,0.0,0.0,0.0,0.0,1.0,0.13469387755102044,0.1818181818181818,0.0,0.0,0.0,0,0,0,0,0,0,0,0,0.0,0.0,0.0008840135683244367,299000.0
10577366,1,0.0,0.0,1.0,0.0,0.0,0.0,0.0,1.0,0.0,0.0,0.0,0.0,0.0,0.0,1.0,0.0,0.0,0.0,0.09183673469387757,0.09090909090909091,0.09090909090909091,0.0,0.05555555555555555,0,6,0,0,0,0,0,1,0.0,0.25,6.87769892368597e-05,99000.0
10577365,1,0.0,0.0,1.0,0.0,0.0,0.0,0.0,1.0,0.0,0.0,0.0,0.0,0.0,0.0,1.0,0.0,0.0,0.0,0.1275510204081633,0.09090909090909091,0.09090909090909091,0.0,0.05555555555555555,0,6,0,0,0,0,0,1,0.0,0.05,0.00037139574187904236,159000.0
10577505,1,1.0,0.0,0.0,0.0,1.0,0.0,0.0,0.0,0.0,0.0,0.0,0.0,0.0,0.0,0.0,1.0,0.0,0.0,0.4387755102040817,0.36363636363636365,0.18181818181818182,0.0,0.16666666666666666,4,0,1,1,0,1,1,1,0.15,0.3,0.00031178901787376397,830000.0
10446505,1,0.0,1.0,0.0,0.0,0.0,0.0,0.0,0.0,0.0,0.0,0.0,0.0,0.0,1.0,0.0,0.0,0.0,1.0,0.05306122448979592,0.09090909090909091,0.0,0.0,0.05555555555555555,4,5,0,0,0,0,0,1,0.0,0.07,5.502159138948776e-05,114500.0
10577555,0,0.0,0.0,1.0,0.0,0.0,0.0,0.0,0.0,0.0,1.0,0.0,0.0,0.0,0.0,1.0,0.0,0.0,0.0,0.057142857142857155,0.0,0.09090909090909091,0.0,0.05555555555555555,4,3,1,1,0,0,0,0,0.0,0.0,0.0,164000.0
10577601,0,0.0,0.0,1.0,0.0,0.0,0.0,0.0,0.0,0.0,0.0,0.0,0.0,1.0,0.0,0.0,0.0,1.0,0.0,0.09183673469387757,0.09090909090909091,0.09090909090909091,0.0,0.05555555555555555,3,2,1,0,0,0,0,1,0.0,0.06,0.0,340000.0
10446540,0,0.0,1.0,0.0,0.0,0.0,1.0,0.0,0.0,0.0,0.0,0.0,0.0,0.0,0.0,0.0,0.0,0.0,1.0,0.04183673469387755,0.0,0.09090909090909091,0.0,0.05555555555555555,3,2,0,0,0,0,0,0,0.0,0.0,0.0,295000.0
10577671,0,1.0,0.0,0.0,0.0,1.0,0.0,0.0,0.0,0.0,0.0,0.0,0.0,0.0,0.0,0.0,1.0,0.0,0.0,0.04387755102040817,0.0,0.0,0.07142857142857142,0.0,0,4,0,0,0,0,0,0,0.0,0.0,0.0,280000.0
10577624,1,0.0,1.0,0.0,0.0,0.0,0.0,0.0,0.0,0.0,0.0,0.0,0.0,0.0,1.0,0.0,0.0,0.0,1.0,0.1642857142857143,0.2727272727272727,0.0,0.0,0.0,5,6,0,0,0,0,0,1,0.0,0.0,0.00019532664943268155,225000.0
10577851,0,0.0,1.0,0.0,1.0,0.0,0.0,0.0,0.0,0.0,0.0,0.0,0.0,0.0,0.0,0.0,1.0,0.0,0.0,0.057142857142857155,0.09090909090909091,0.09090909090909091,0.0,0.05555555555555555,0,4,0,1,0,0,0,1,0.0,0.0,0.0,249000.0
10577681,0,1.0,0.0,0.0,0.0,1.0,0.0,0.0,0.0,0.0,0.0,0.0,0.0,0.0,0.0,0.0,0.0,0.0,1.0,0.04081632653061225,0.0,0.09090909090909091,0.0,0.0,0,0,0,0,0,0,0,0,0.0,0.0,0.0,215000.0
10184518,1,0.0,0.0,1.0,0.0,0.0,0.0,0.0,0.0,0.0,0.0,0.0,1.0,0.0,0.0,0.0,0.0,0.0,1.0,0.022448979591836733,0.09090909090909091,0.09090909090909091,0.07142857142857142,0.05555555555555555,1,0,0,1,1,0,0,1,0.0,0.16,0.00024117797559058802,64000.0
10578241,0,0.0,1.0,0.0,1.0,0.0,0.0,0.0,0.0,0.0,0.0,0.0,0.0,0.0,0.0,1.0,0.0,0.0,0.0,0.04387755102040817,0.0,0.09090909090909091,0.07142857142857142,0.05555555555555555,1,1,1,0,0,0,0,1,0.0,0.06,0.0,299000.0
10447123,1,0.0,0.0,1.0,0.0,0.0,0.0,0.0,1.0,0.0,0.0,0.0,0.0,0.0,0.0,0.0,1.0,0.0,0.0,0.07142857142857142,0.09090909090909091,0.09090909090909091,0.0,0.0,2,5,0,0,0,0,0,0,0.0,0.0,0.0,149000.0
10578412,0,0.0,1.0,0.0,0.0,0.0,0.0,1.0,0.0,0.0,0.0,0.0,0.0,0.0,0.0,0.0,0.0,0.0,1.0,0.05306122448979592,0.09090909090909091,0.09090909090909091,0.0,0.05555555555555555,1,2,1,0,0,0,0,1,0.0,0.0,0.0,199000.0
10578645,0,0.0,1.0,0.0,1.0,0.0,0.0,0.0,0.0,0.0,0.0,0.0,0.0,0.0,0.0,0.0,0.0,1.0,0.0,0.07755102040816328,0.09090909090909091,0.09090909090909091,0.0,0.05555555555555555,3,3,1,0,0,0,0,1,0.0,0.14,0.0,218000.0
10578356,1,0.0,0.0,1.0,0.0,0.0,0.0,0.0,1.0,0.0,0.0,0.0,0.0,0.0,0.0,0.0,0.0,0.0,1.0,0.2142857142857143,0.4545454545454545,0.2727272727272727,0.14285714285714285,0.16666666666666666,3,3,0,0,0,0,1,1,0.5,0.25,0.0008335771095507395,379900.0
10447398,1,0.0,0.0,1.0,0.0,0.0,0.0,0.0,1.0,0.0,0.0,0.0,0.0,0.0,0.0,0.0,0.0,1.0,0.0,0.1510204081632653,0.0,0.09090909090909091,0.0,0.0,0,7,0,0,0,0,0,0,0.0,0.0,0.0005960672400527841,115000.0
10316426,0,0.0,0.0,1.0,0.0,0.0,0.0,0.0,1.0,0.0,0.0,0.0,0.0,0.0,0.0,1.0,0.0,0.0,0.0,0.06632653061224492,0.09090909090909091,0.0,0.07142857142857142,0.05555555555555555,3,3,1,0,0,0,0,0,0.0,0.0,0.0,110000.0
10578524,1,0.0,0.0,1.0,0.0,0.0,0.0,0.0,0.0,0.0,0.0,0.0,1.0,0.0,0.0,0.0,0.0,0.0,1.0,0.15306122448979595,0.1818181818181818,0.0,0.21428571428571427,0.16666666666666666,3,5,0,1,0,0,1,1,0.0,0.0,0.0015561940097993455,335000.0
10578706,1,0.0,1.0,0.0,1.0,0.0,0.0,0.0,0.0,0.0,0.0,0.0,0.0,0.0,0.0,0.0,0.0,0.0,1.0,0.15306122448979595,0.1818181818181818,0.09090909090909091,0.0,0.05555555555555555,3,5,0,0,0,0,1,1,0.114,0.19,0.0002613525591000669,355000.0
10316825,0,0.0,1.0,0.0,0.0,0.0,0.0,1.0,0.0,0.0,0.0,0.0,0.0,0.0,0.0,0.0,0.0,1.0,0.0,0.09387755102040818,0.09090909090909091,0.09090909090909091,0.0,0.0,3,2,1,0,0,0,1,1,0.042,0.23,0.0,260000.0
10578988,0,0.0,1.0,0.0,0.0,0.0,0.0,0.0,0.0,0.0,0.0,0.0,0.0,0.0,1.0,0.0,0.0,1.0,0.0,0.04081632653061225,0.0,0.09090909090909091,0.0,0.0,1,1,0,0,0,0,1,1,0.0,0.0,0.0,385000.0
10579058,1,0.0,1.0,0.0,0.0,0.0,0.0,0.0,0.0,1.0,0.0,0.0,0.0,0.0,0.0,0.0,0.0,1.0,0.0,0.15510204081632656,0.1818181818181818,0.09090909090909091,0.0,0.1111111111111111,1,2,0,0,0,0,1,1,0.0,0.0,0.0003044528056884989,399900.0
10579103,0,1.0,0.0,0.0,0.0,1.0,0.0,0.0,0.0,0.0,0.0,0.0,0.0,0.0,0.0,0.0,0.0,1.0,0.0,0.04387755102040817,0.0,0.09090909090909091,0.0,0.05555555555555555,1,3,1,0,0,0,0,1,0.0,0.06,0.0,275000.0
10447991,1,0.0,1.0,0.0,0.0,0.0,0.0,1.0,0.0,0.0,0.0,0.0,0.0,0.0,0.0,0.0,0.0,0.0,1.0,0.29285714285714287,0.1818181818181818,0.09090909090909091,0.07142857142857142,0.1111111111111111,3,3,0,0,0,0,0,1,0.0,0.0,0.00041633004151379074,520000.0
10579093,0,1.0,0.0,0.0,0.0,1.0,0.0,0.0,0.0,0.0,0.0,0.0,0.0,0.0,0.0,0.0,1.0,0.0,0.0,0.07653061224489796,0.09090909090909091,0.09090909090909091,0.0,0.1111111111111111,3,0,1,0,0,0,0,1,0.0,0.05,0.0,415000.0
10579269,0,0.0,1.0,0.0,1.0,0.0,0.0,0.0,0.0,0.0,0.0,0.0,0.0,0.0,0.0,0.0,0.0,1.0,0.0,0.051020408163265314,0.09090909090909091,0.09090909090909091,0.0,0.0,0,2,1,0,0,0,0,1,0.0,0.09,0.0,182000.0
10448159,0,0.0,0.0,1.0,0.0,0.0,0.0,0.0,0.0,0.0,0.0,1.0,0.0,0.0,0.0,0.0,0.0,0.0,1.0,0.0326530612244898,0.0,0.0,0.07142857142857142,0.05555555555555555,0,4,0,0,0,0,0,0,0.0,0.0,0.0,110000.0
10579331,1,1.0,0.0,0.0,0.0,1.0,0.0,0.0,0.0,0.0,0.0,0.0,0.0,0.0,0.0,0.0,0.0,0.0,1.0,0.4897959183673469,0.6363636363636364,0.36363636363636365,0.0,0.0,3,0,1,0,0,0,0,0,0.0,0.0,0.0001283837132421381,1250000.0
10186202,0,0.0,0.0,1.0,0.0,0.0,0.0,0.0,0.0,0.0,1.0,0.0,0.0,0.0,0.0,1.0,0.0,0.0,0.0,0.07244897959183674,0.09090909090909091,0.0,0.07142857142857142,0.05555555555555555,4,3,1,1,0,0,0,1,0.0,0.02,0.0,225000.0
10579498,1,0.0,1.0,0.0,0.0,0.0,1.0,0.0,0.0,0.0,0.0,0.0,0.0,0.0,0.0,0.0,0.0,1.0,0.0,0.06836734693877553,0.0,0.0,0.07142857142857142,0.05555555555555555,0,6,0,0,0,0,1,0,0.15,0.0,0.0002934484874106014,275000.0
10579502,0,1.0,0.0,0.0,0.0,1.0,0.0,0.0,0.0,0.0,0.0,0.0,0.0,0.0,0.0,0.0,1.0,0.0,0.0,0.015306122448979595,0.0,0.09090909090909091,0.0,0.05555555555555555,2,3,1,0,0,0,0,0,0.0,0.0,0.0,229000.0
10579564,1,0.0,1.0,0.0,0.0,0.0,1.0,0.0,0.0,0.0,0.0,0.0,0.0,0.0,0.0,0.0,0.0,0.0,1.0,0.2857142857142857,0.2727272727272727,0.09090909090909091,0.0,0.1111111111111111,4,6,0,1,0,0,0,0,0.0,0.0,0.0007006082636928108,369000.0
10579752,1,0.0,1.0,0.0,1.0,0.0,0.0,0.0,0.0,0.0,0.0,0.0,0.0,0.0,0.0,0.0,0.0,1.0,0.0,0.09183673469387757,0.2727272727272727,0.0,0.0,0.05555555555555555,5,6,0,0,0,0,1,0,0.1,0.0,0.00014213911108951004,190000.0
10579820,1,0.0,1.0,0.0,0.0,0.0,0.0,0.0,0.0,0.0,0.0,0.0,0.0,0.0,1.0,0.0,0.0,0.0,1.0,0.17755102040816328,0.1818181818181818,0.09090909090909091,0.0,0.0,3,4,0,0,0,0,0,0,0.0,0.0,0.00036681060926325174,259000.0
10579973,0,0.0,0.0,1.0,0.0,0.0,0.0,0.0,0.0,0.0,1.0,0.0,0.0,0.0,0.0,1.0,0.0,0.0,0.0,0.07653061224489796,0.09090909090909091,0.09090909090909091,0.0,0.0,4,4,0,0,0,0,0,0,0.0,0.0,0.0,145000.0
10448952,0,0.0,1.0,0.0,1.0,0.0,0.0,0.0,0.0,0.0,0.0,0.0,0.0,0.0,0.0,1.0,0.0,0.0,0.0,0.05612244897959184,0.0,0.09090909090909091,0.07142857142857142,0.05555555555555555,4,2,1,0,0,0,0,1,0.0,0.05,0.0,298000.0
10186800,1,0.0,0.0,1.0,0.0,0.0,0.0,0.0,0.0,0.0,1.0,0.0,0.0,0.0,0.0,0.0,0.0,1.0,0.0,0.2571428571428571,0.4545454545454545,0.2727272727272727,0.07142857142857142,0.2222222222222222,3,2,1,0,0,0,0,0,0.0,0.0,0.0001999117820484722,345000.0
10317985,0,0.0,1.0,0.0,0.0,0.0,0.0,0.0,0.0,0.0,0.0,0.0,0.0,0.0,1.0,0.0,0.0,1.0,0.0,0.08877551020408164,0.09090909090909091,0.09090909090909091,0.0,0.05555555555555555,3,2,1,0,0,0,0,0,0.0,0.0,0.0,185000.0
10449096,1,0.0,1.0,0.0,1.0,0.0,0.0,0.0,0.0,0.0,0.0,0.0,0.0,0.0,0.0,0.0,0.0,1.0,0.0,0.06020408163265307,0.4545454545454545,0.2727272727272727,0.21428571428571427,0.16666666666666666,3,2,0,0,0,0,0,1,0.0,0.0,0.00017056693330741205,595000.0
10580387,0,0.0,0.0,1.0,0.0,0.0,0.0,0.0,0.0,0.0,1.0,0.0,0.0,0.0,0.0,0.0,0.0,1.0,0.0,0.1479591836734694,0.0,0.0,0.07142857142857142,0.05555555555555555,0,0,0,1,0,0,0,0,0.0,0.0,0.0,150000.0
10449165,0,1.0,0.0,0.0,0.0,1.0,0.0,0.0,0.0,0.0,0.0,0.0,0.0,0.0,0.0,0.0,0.0,0.0,1.0,0.04897959183673469,0.09090909090909091,0.09090909090909091,0.07142857142857142,0.05555555555555555,4,0,0,0,0,0,0,0,0.0,0.0,0.0,220000.0
10449166,0,1.0,0.0,0.0,0.0,1.0,0.0,0.0,0.0,0.0,0.0,0.0,0.0,0.0,0.0,0.0,0.0,0.0,1.0,0.04897959183673469,0.09090909090909091,0.09090909090909091,0.07142857142857142,0.05555555555555555,4,5,0,0,0,0,0,0,0.0,0.0,0.0,220000.0
10580361,0,0.0,0.0,1.0,0.0,0.0,0.0,0.0,0.0,0.0,1.0,0.0,0.0,0.0,0.0,0.0,1.0,0.0,0.0,0.17346938775510207,0.1818181818181818,0.18181818181818182,0.0,0.1111111111111111,3,3,1,1,0,0,0,1,0.0,0.04,0.0,375000.0
10318353,1,0.0,0.0,1.0,0.0,0.0,0.0,0.0,0.0,0.0,1.0,0.0,0.0,0.0,0.0,0.0,1.0,0.0,0.0,0.2091836734693878,0.1818181818181818,0.09090909090909091,0.0,0.1111111111111111,2,3,0,0,0,0,0,0,0.0,0.0,0.0012590774162961117,425000.0
10449331,0,0.0,0.0,1.0,0.0,0.0,0.0,0.0,1.0,0.0,0.0,0.0,0.0,0.0,0.0,0.0,1.0,0.0,0.0,0.09591836734693879,0.09090909090909091,0.09090909090909091,0.0,0.0,1,3,1,0,0,0,0,1,0.0,0.5,0.0,199000.0
10580464,1,0.0,1.0,0.0,0.0,0.0,0.0,0.0,0.0,1.0,0.0,0.0,0.0,0.0,0.0,0.0,0.0,0.0,1.0,0.18469387755102043,0.1818181818181818,0.09090909090909091,0.0,0.0,2,1,0,1,0,0,0,0,0.0,0.0,0.0009289478679591851,499000.0
10580731,1,0.0,1.0,0.0,0.0,0.0,0.0,1.0,0.0,0.0,0.0,0.0,0.0,0.0,0.0,0.0,0.0,0.0,1.0,0.25204081632653064,0.2727272727272727,0.18181818181818182,0.0,0.1111111111111111,1,2,0,0,0,0,1,1,0.0,0.2,0.0004282513863148464,685000.0
10449507,1,0.0,0.0,1.0,0.0,0.0,0.0,0.0,0.0,0.0,0.0,0.0,1.0,0.0,0.0,0.0,0.0,0.0,1.0,0.13877551020408166,0.1818181818181818,0.09090909090909091,0.0,0.05555555555555555,5,7,0,0,0,0,1,1,0.383,0.0,0.0004841900042274923,269000.0
10581026,1,0.0,1.0,0.0,0.0,0.0,1.0,0.0,0.0,0.0,0.0,0.0,0.0,0.0,0.0,0.0,1.0,0.0,0.0,0.22653061224489798,0.1818181818181818,0.09090909090909091,0.0,0.1111111111111111,0,5,0,0,0,0,1,0,0.057,0.0,0.00014122208456635192,375000.0
10581081,0,1.0,0.0,0.0,0.0,1.0,0.0,0.0,0.0,0.0,0.0,0.0,0.0,0.0,0.0,0.0,0.0,0.0,1.0,0.0816326530612245,0.09090909090909091,0.09090909090909091,0.0,0.05555555555555555,2,3,1,0,0,0,0,1,0.0,0.05,0.0,375000.0
10581088,1,0.0,1.0,0.0,0.0,0.0,1.0,0.0,0.0,0.0,0.0,0.0,0.0,0.0,0.0,0.0,0.0,1.0,0.0,0.26224489795918365,0.36363636363636365,0.18181818181818182,0.14285714285714285,0.16666666666666666,3,3,0,1,0,0,0,1,0.0,0.01,0.0,595000.0
10449877,0,0.0,0.0,1.0,0.0,0.0,0.0,0.0,0.0,0.0,1.0,0.0,0.0,0.0,0.0,0.0,0.0,0.0,1.0,0.06224489795918368,0.0,0.09090909090909091,0.0,0.0,0,2,0,1,0,0,0,1,0.0,0.12,0.0,192000.0
10581267,1,0.0,0.0,1.0,0.0,0.0,0.0,0.0,0.0,0.0,1.0,0.0,0.0,0.0,0.0,0.0,0.0,0.0,1.0,0.12244897959183676,0.09090909090909091,0.0,0.07142857142857142,0.1111111111111111,2,4,0,1,0,0,1,1,0.026000000000000002,0.15,0.0001467242437053007,260000.0
10581242,0,1.0,0.0,0.0,0.0,1.0,0.0,0.0,0.0,0.0,0.0,0.0,0.0,0.0,0.0,0.0,0.0,0.0,1.0,0.09591836734693879,0.09090909090909091,0.18181818181818182,0.0,0.05555555555555555,4,3,1,1,0,0,0,1,0.0,0.05,0.0,420000.0
10581474,0,0.0,0.0,1.0,0.0,0.0,0.0,0.0,0.0,0.0,0.0,0.0,1.0,0.0,0.0,0.0,0.0,0.0,1.0,0.08469387755102042,0.09090909090909091,0.09090909090909091,0.0,0.05555555555555555,2,2,0,1,0,0,0,0,0.0,0.0,0.0,145000.0
10581475,0,0.0,0.0,1.0,0.0,0.0,0.0,0.0,0.0,0.0,0.0,0.0,1.0,0.0,0.0,0.0,0.0,0.0,1.0,0.06326530612244899,0.09090909090909091,0.09090909090909091,0.0,0.05555555555555555,2,2,0,1,0,0,0,0,0.0,0.0,0.0,135000.0
10581587,0,0.0,1.0,0.0,1.0,0.0,0.0,0.0,0.0,0.0,0.0,0.0,0.0,0.0,0.0,0.0,0.0,1.0,0.0,0.06632653061224492,0.09090909090909091,0.09090909090909091,0.0,0.05555555555555555,3,4,1,0,0,0,0,0,0.0,0.0,0.0,175000.0
10581542,0,1.0,0.0,0.0,0.0,1.0,0.0,0.0,0.0,0.0,0.0,0.0,0.0,0.0,0.0,0.0,0.0,0.0,1.0,0.05816326530612246,0.09090909090909091,0.0,0.07142857142857142,0.05555555555555555,1,0,0,0,0,0,0,1,0.0,0.25,0.0,320000.0
10450535,0,0.0,1.0,0.0,0.0,0.0,0.0,0.0,0.0,0.0,0.0,0.0,0.0,0.0,1.0,0.0,1.0,0.0,0.0,0.03877551020408163,0.0,0.09090909090909091,0.0,0.05555555555555555,3,2,1,0,0,0,0,0,0.0,0.0,0.0,230000.0
10581541,1,0.0,1.0,0.0,1.0,0.0,0.0,0.0,0.0,0.0,0.0,0.0,0.0,0.0,0.0,0.0,0.0,0.0,1.0,0.10204081632653061,0.2727272727272727,0.09090909090909091,0.0,0.1111111111111111,3,4,0,0,0,0,0,0,0.0,0.0,0.0,299000.0
10581702,0,0.0,1.0,0.0,1.0,0.0,0.0,0.0,0.0,0.0,0.0,0.0,0.0,0.0,0.0,0.0,0.0,1.0,0.0,0.0673469387755102,0.09090909090909091,0.09090909090909091,0.07142857142857142,0.05555555555555555,1,6,1,0,0,0,0,1,0.0,0.08,0.0,189000.0
10450683,0,0.0,0.0,1.0,0.0,0.0,0.0,0.0,0.0,0.0,0.0,0.0,0.0,1.0,0.0,0.0,0.0,0.0,1.0,0.11734693877551022,0.1818181818181818,0.09090909090909091,0.0,0.05555555555555555,1,3,1,1,0,0,0,0,0.0,0.0,0.0,340000.0
10451221,0,1.0,0.0,0.0,0.0,1.0,0.0,0.0,0.0,0.0,0.0,0.0,0.0,0.0,0.0,0.0,0.0,0.0,1.0,0.1275510204081633,0.2727272727272727,0.18181818181818182,0.14285714285714285,0.1111111111111111,3,7,1,0,0,0,0,1,0.0,0.44,0.0,355000.0
10450830,0,0.0,1.0,0.0,0.0,0.0,0.0,0.0,0.0,0.0,0.0,0.0,0.0,0.0,1.0,0.0,0.0,0.0,1.0,0.04591836734693878,0.0,0.09090909090909091,0.0,0.0,1,1,0,0,0,0,0,1,0.0,0.0,0.0,285000.0
10581979,1,0.0,1.0,0.0,0.0,0.0,0.0,1.0,0.0,0.0,0.0,0.0,0.0,0.0,0.0,0.0,1.0,0.0,0.0,0.16734693877551024,0.36363636363636365,0.09090909090909091,0.0,0.0,5,5,0,0,0,0,0,0,0.0,0.0,0.0003026187526421827,349000.0
10188714,1,0.0,1.0,0.0,0.0,0.0,0.0,0.0,0.0,0.0,0.0,0.0,0.0,0.0,1.0,0.0,0.0,0.0,1.0,0.1479591836734694,0.1818181818181818,0.09090909090909091,0.0,0.05555555555555555,4,6,0,0,0,0,1,0,0.0,0.0,0.0008280749504117908,239000.0
10582251,0,0.0,1.0,0.0,0.0,0.0,1.0,0.0,0.0,0.0,0.0,0.0,0.0,0.0,0.0,0.0,1.0,0.0,0.0,0.09183673469387757,0.1818181818181818,0.09090909090909091,0.0,0.05555555555555555,3,2,1,0,0,0,0,1,0.0,0.03,0.0,319000.0
10450829,0,0.0,1.0,0.0,0.0,0.0,0.0,0.0,0.0,0.0,0.0,0.0,0.0,0.0,1.0,0.0,0.0,0.0,1.0,0.1163265306122449,0.1818181818181818,0.09090909090909091,0.0,0.0,1,2,0,0,0,0,1,0,0.0,0.0,0.0,299000.0
10582397,1,0.0,0.0,1.0,0.0,0.0,0.0,0.0,1.0,0.0,0.0,0.0,0.0,0.0,0.0,0.0,0.0,0.0,1.0,0.09897959183673471,0.0,0.09090909090909091,0.07142857142857142,0.05555555555555555,5,4,0,0,0,0,1,1,0.1,0.1,0.00022008636555795105,115000.0
10582401,0,0.0,0.0,1.0,0.0,0.0,0.0,0.0,0.0,0.0,1.0,0.0,0.0,0.0,0.0,0.0,0.0,0.0,1.0,0.07551020408163267,0.09090909090909091,0.09090909090909091,0.07142857142857142,0.05555555555555555,1,2,1,0,0,0,0,1,0.0,0.14,0.0,235000.0
10582856,1,0.0,1.0,0.0,0.0,0.0,1.0,0.0,0.0,0.0,0.0,0.0,0.0,0.0,0.0,0.0,0.0,0.0,1.0,0.1602040816326531,0.1818181818181818,0.09090909090909091,0.0,0.1111111111111111,1,1,0,0,0,0,0,1,0.0,0.0,0.00032095928310534527,575000.0
10582464,0,0.0,0.0,1.0,0.0,0.0,0.0,0.0,1.0,0.0,0.0,0.0,0.0,0.0,0.0,0.0,0.0,0.0,1.0,0.042857142857142864,0.0,0.09090909090909091,0.0,0.05555555555555555,3,4,0,0,0,0,0,0,0.0,0.0,0.0,145000.0
10582725,1,0.0,1.0,0.0,1.0,0.0,0.0,0.0,0.0,0.0,0.0,0.0,0.0,0.0,0.0,0.0,0.0,0.0,1.0,0.19387755102040818,0.2727272727272727,0.18181818181818182,0.0,0.0,1,2,0,0,0,0,0,1,0.0,0.0,0.0002815271426095457,399000.0
10582702,1,0.0,1.0,0.0,0.0,0.0,0.0,0.0,0.0,0.0,0.0,0.0,0.0,0.0,1.0,0.0,0.0,0.0,1.0,0.16938775510204085,0.1818181818181818,0.09090909090909091,0.0,0.05555555555555555,0,5,0,0,0,0,0,1,0.0,0.32,0.00017056693330741205,290000.0
10582812,0,0.0,0.0,1.0,0.0,0.0,0.0,0.0,0.0,0.0,0.0,0.0,0.0,1.0,0.0,0.0,0.0,0.0,1.0,0.04591836734693878,0.09090909090909091,0.09090909090909091,0.0,0.1111111111111111,3,3,0,0,0,0,0,0,0.0,0.0,0.0,259000.0
10582971,1,0.0,1.0,0.0,0.0,0.0,0.0,1.0,0.0,0.0,0.0,0.0,0.0,0.0,0.0,0.0,0.0,0.0,1.0,0.2857142857142857,0.2727272727272727,0.18181818181818182,0.0,0.1111111111111111,3,2,0,1,1,0,1,1,1.0,0.8,0.0015589450893688198,749000.0
10582859,0,0.0,1.0,0.0,1.0,0.0,0.0,0.0,0.0,0.0,0.0,0.0,0.0,0.0,0.0,0.0,0.0,0.0,1.0,0.05510204081632653,0.09090909090909091,0.09090909090909091,0.0,0.05555555555555555,2,2,0,0,0,0,0,1,0.0,0.03,0.0,229000.0
10583046,1,0.0,0.0,1.0,0.0,0.0,0.0,0.0,0.0,0.0,0.0,0.0,0.0,1.0,0.0,0.0,0.0,0.0,1.0,0.15306122448979595,0.09090909090909091,0.09090909090909091,0.0,0.1111111111111111,1,3,0,1,0,0,0,1,0.0,0.23,0.0005043645877369712,545000.0
10321179,1,0.0,0.0,1.0,0.0,0.0,0.0,0.0,0.0,0.0,1.0,0.0,0.0,0.0,0.0,0.0,0.0,0.0,1.0,0.10204081632653061,0.09090909090909091,0.09090909090909091,0.07142857142857142,0.05555555555555555,5,7,0,0,0,0,0,1,0.0,0.16,8.253238708423164e-05,138000.0
10452274,0,0.0,1.0,0.0,0.0,0.0,0.0,0.0,0.0,0.0,0.0,0.0,0.0,0.0,1.0,0.0,0.0,1.0,0.0,0.03571428571428572,0.0,0.09090909090909091,0.0,0.05555555555555555,1,1,1,0,0,0,0,0,0.0,0.0,0.0,299000.0
10190036,0,0.0,1.0,0.0,0.0,0.0,0.0,0.0,0.0,0.0,0.0,0.0,0.0,0.0,1.0,0.0,0.0,1.0,0.0,0.04591836734693878,0.09090909090909091,0.0,0.0,0.05555555555555555,1,5,1,0,0,0,0,1,0.0,0.0,0.0,139000.0
10583106,0,0.0,1.0,0.0,0.0,0.0,0.0,0.0,0.0,0.0,0.0,0.0,0.0,0.0,1.0,0.0,0.0,0.0,1.0,0.09897959183673471,0.09090909090909091,0.09090909090909091,0.0,0.0,3,2,1,0,0,0,0,1,0.0,0.46,0.0,259000.0
10583177,0,0.0,1.0,0.0,0.0,0.0,0.0,0.0,0.0,0.0,0.0,0.0,0.0,0.0,1.0,0.0,0.0,0.0,1.0,0.0816326530612245,0.1818181818181818,0.09090909090909091,0.0,0.05555555555555555,1,2,1,0,0,0,0,0,0.0,0.0,0.0,499000.0
10452360,1,0.0,1.0,0.0,0.0,0.0,0.0,0.0,0.0,0.0,0.0,0.0,0.0,0.0,1.0,0.0,0.0,1.0,0.0,0.2724489795918367,0.2727272727272727,0.09090909090909091,0.07142857142857142,0.1111111111111111,1,2,0,0,0,0,1,1,0.45,0.75,0.0006758485475675413,485000.0
10452525,1,0.0,1.0,0.0,0.0,0.0,0.0,1.0,0.0,0.0,0.0,0.0,0.0,0.0,0.0,0.0,0.0,0.0,1.0,0.3163265306122449,0.36363636363636365,0.2727272727272727,0.0,0.2777777777777778,3,4,0,1,0,0,1,1,0.0,0.0,0.0006914379984612295,825000.0
10583724,0,0.0,1.0,0.0,1.0,0.0,0.0,0.0,0.0,0.0,0.0,0.0,0.0,0.0,0.0,1.0,0.0,0.0,0.0,0.05510204081632653,0.0,0.09090909090909091,0.07142857142857142,0.05555555555555555,3,2,0,0,0,0,0,1,0.0,0.24,0.0,205000.0
10583860,0,0.0,0.0,1.0,0.0,0.0,0.0,0.0,1.0,0.0,0.0,0.0,0.0,0.0,0.0,1.0,0.0,0.0,0.0,0.08571428571428572,0.1818181818181818,0.09090909090909091,0.0,0.05555555555555555,3,3,1,1,0,0,0,1,0.0,0.09,0.0,165000.0
10452871,1,0.0,0.0,1.0,0.0,0.0,0.0,0.0,0.0,0.0,1.0,0.0,0.0,0.0,0.0,0.0,0.0,1.0,0.0,0.1836734693877551,0.2727272727272727,0.09090909090909091,0.07142857142857142,0.1111111111111111,1,1,0,0,0,1,1,1,0.5,0.06,0.0006419185662106905,600000.0
10583865,0,0.0,0.0,1.0,0.0,0.0,0.0,0.0,0.0,0.0,1.0,0.0,0.0,0.0,0.0,0.0,0.0,1.0,0.0,0.0816326530612245,0.1818181818181818,0.09090909090909091,0.0,0.0,0,4,0,0,0,0,0,0,0.0,0.0,0.0,169000.0
10584220,1,0.0,1.0,0.0,0.0,0.0,1.0,0.0,0.0,0.0,0.0,0.0,0.0,0.0,0.0,0.0,0.0,1.0,0.0,0.13571428571428573,0.1818181818181818,0.09090909090909091,0.0,0.05555555555555555,4,4,0,0,0,0,1,1,0.046,0.2,0.00016506477416846328,269000.0
10453146,0,0.0,1.0,0.0,1.0,0.0,0.0,0.0,0.0,0.0,0.0,0.0,0.0,0.0,0.0,0.0,0.0,1.0,0.0,0.10612244897959186,0.09090909090909091,0.18181818181818182,0.0,0.1111111111111111,1,4,1,0,0,1,0,1,0.0,0.2,0.0,269000.0
10584287,1,0.0,1.0,0.0,1.0,0.0,0.0,0.0,0.0,0.0,0.0,0.0,0.0,0.0,0.0,0.0,0.0,0.0,1.0,0.16836734693877553,0.1818181818181818,0.0,0.0,0.05555555555555555,3,5,0,0,0,0,1,0,0.0,0.0,0.0006428355927338487,284000.0
10584295,0,0.0,1.0,0.0,0.0,0.0,0.0,0.0,0.0,0.0,0.0,0.0,0.0,0.0,1.0,0.0,0.0,0.0,1.0,0.08673469387755103,0.1818181818181818,0.09090909090909091,0.0,0.05555555555555555,3,3,0,0,0,0,0,1,0.0,0.08,0.0,369000.0
10453247,1,0.0,1.0,0.0,0.0,0.0,0.0,1.0,0.0,0.0,0.0,0.0,0.0,0.0,0.0,0.0,0.0,0.0,1.0,0.21836734693877555,0.1818181818181818,0.09090909090909091,0.0,0.1111111111111111,3,0,0,0,0,0,1,0,0.18,0.0,0.00022008636555795105,420000.0
10584354,1,0.0,0.0,1.0,0.0,0.0,0.0,0.0,1.0,0.0,0.0,0.0,0.0,0.0,0.0,0.0,0.0,0.0,1.0,0.08673469387755103,0.1818181818181818,0.0,0.07142857142857142,0.05555555555555555,3,5,0,1,0,0,0,0,0.0,0.0,6.785996271370157e-05,175000.0
10453301,1,0.0,0.0,1.0,0.0,0.0,0.0,0.0,0.0,0.0,0.0,0.0,1.0,0.0,0.0,0.0,0.0,0.0,1.0,0.1326530612244898,0.1818181818181818,0.09090909090909091,0.0,0.1111111111111111,3,5,0,1,0,0,0,0,0.0,0.0,0.0017423503940004457,215000.0
10453584,1,0.0,1.0,0.0,0.0,0.0,0.0,1.0,0.0,0.0,0.0,0.0,0.0,0.0,0.0,0.0,0.0,1.0,0.0,0.34285714285714286,0.1818181818181818,0.18181818181818182,0.0,0.1111111111111111,3,2,0,1,0,0,0,1,0.0,0.51,0.0001623136945989889,825000.0
10585540,1,0.0,0.0,1.0,0.0,0.0,0.0,0.0,0.0,0.0,0.0,1.0,0.0,0.0,0.0,0.0,0.0,0.0,1.0,0.1326530612244898,0.1818181818181818,0.09090909090909091,0.07142857142857142,0.05555555555555555,5,7,0,0,0,0,1,1,1.0,0.0,0.001283837132421381,220000.0
10454086,1,0.0,1.0,0.0,0.0,0.0,0.0,0.0,0.0,0.0,0.0,0.0,0.0,0.0,1.0,0.0,0.0,0.0,1.0,0.20408163265306126,0.09090909090909091,0.18181818181818182,0.14285714285714285,0.0,2,3,0,0,0,0,0,1,0.0,0.0,0.00029895064654955015,549000.0
10454083,0,1.0,0.0,0.0,0.0,1.0,0.0,0.0,0.0,0.0,0.0,0.0,0.0,0.0,0.0,0.0,0.0,0.0,1.0,0.07040816326530613,0.09090909090909091,0.09090909090909091,0.0,0.05555555555555555,5,6,1,1,0,0,0,1,0.0,0.08,0.0,280000.0
10584531,1,0.0,1.0,0.0,1.0,0.0,0.0,0.0,0.0,0.0,0.0,0.0,0.0,0.0,0.0,0.0,0.0,0.0,1.0,0.15306122448979595,0.1818181818181818,0.09090909090909091,0.07142857142857142,0.05555555555555555,3,3,0,1,0,0,1,1,0.289,0.3,0.0003374657605221916,299900.0
10585723,0,0.0,0.0,1.0,0.0,0.0,0.0,0.0,0.0,0.0,0.0,1.0,0.0,0.0,0.0,0.0,0.0,0.0,1.0,0.05816326530612246,0.09090909090909091,0.09090909090909091,0.0,0.05555555555555555,3,3,0,0,0,0,1,0,0.3,0.0,0.0,144900.0
10454484,0,0.0,1.0,0.0,1.0,0.0,0.0,0.0,0.0,0.0,0.0,0.0,0.0,0.0,0.0,0.0,1.0,0.0,0.0,0.08979591836734696,0.09090909090909091,0.09090909090909091,0.07142857142857142,0.05555555555555555,0,2,1,1,0,0,1,0,0.027,0.0,0.0,325000.0
10454686,0,0.0,1.0,0.0,0.0,0.0,0.0,0.0,0.0,0.0,0.0,0.0,0.0,0.0,1.0,0.0,0.0,0.0,1.0,0.06224489795918368,0.09090909090909091,0.09090909090909091,0.0,0.0,3,3,1,0,0,0,0,1,0.0,0.21,0.0,155000.0
10585994,0,1.0,0.0,0.0,0.0,1.0,0.0,0.0,0.0,0.0,0.0,0.0,0.0,0.0,0.0,0.0,0.0,0.0,1.0,0.07959183673469389,0.1818181818181818,0.09090909090909091,0.0,0.1111111111111111,3,0,1,0,0,0,0,1,0.0,0.2,0.0,230000.0
10585725,0,0.0,0.0,1.0,0.0,0.0,0.0,0.0,0.0,0.0,0.0,1.0,0.0,0.0,0.0,0.0,0.0,0.0,1.0,0.05816326530612246,0.09090909090909091,0.09090909090909091,0.0,0.05555555555555555,3,5,0,0,0,0,1,0,0.3,0.0,0.0,144900.0
10585937,1,0.0,0.0,1.0,0.0,0.0,0.0,0.0,0.0,0.0,1.0,0.0,0.0,0.0,0.0,0.0,1.0,0.0,0.0,0.06428571428571428,0.1818181818181818,0.09090909090909091,0.0,0.1111111111111111,3,4,0,0,0,0,0,1,0.0,0.28,6.87769892368597e-05,220000.0
10586303,1,0.0,0.0,1.0,0.0,0.0,0.0,0.0,1.0,0.0,0.0,0.0,0.0,0.0,0.0,0.0,0.0,0.0,1.0,0.21938775510204084,0.2727272727272727,0.09090909090909091,0.0,0.1111111111111111,1,4,0,0,0,0,1,1,0.5,0.11,0.0008354111625970558,410000.0
10586446,1,0.0,0.0,1.0,0.0,0.0,0.0,0.0,1.0,0.0,0.0,0.0,0.0,0.0,0.0,0.0,0.0,1.0,0.0,0.3877551020408163,0.36363636363636365,0.18181818181818182,0.0,0.1111111111111111,3,4,0,1,0,0,1,1,0.0,0.7000000000000001,0.0027419093042428066,450000.0
10585890,1,0.0,0.0,1.0,0.0,0.0,0.0,0.0,0.0,0.0,1.0,0.0,0.0,0.0,0.0,1.0,0.0,0.0,0.0,0.16632653061224492,0.2727272727272727,0.18181818181818182,0.07142857142857142,0.1111111111111111,0,4,0,0,0,0,1,1,0.111,0.25,0.00020357988814110472,249000.0
10586463,1,0.0,0.0,1.0,0.0,0.0,0.0,0.0,1.0,0.0,0.0,0.0,0.0,0.0,0.0,0.0,0.0,1.0,0.0,0.3877551020408163,0.36363636363636365,0.18181818181818182,0.0,0.1111111111111111,3,4,0,1,0,0,1,1,0.0,0.7000000000000001,0.0027419093042428066,450000.0
10455486,1,1.0,0.0,0.0,0.0,1.0,0.0,0.0,0.0,0.0,0.0,0.0,0.0,0.0,0.0,0.0,0.0,0.0,1.0,0.2142857142857143,0.36363636363636365,0.2727272727272727,0.2857142857142857,0.2222222222222222,3,7,0,0,0,0,0,1,0.0,0.16,8.986859926949667e-05,465000.0
10586465,0,0.0,1.0,0.0,0.0,0.0,0.0,0.0,0.0,0.0,0.0,0.0,0.0,0.0,1.0,0.0,0.0,1.0,0.0,0.12653061224489798,0.1818181818181818,0.09090909090909091,0.0,0.05555555555555555,4,4,1,0,0,0,0,0,0.0,0.0,0.0,205000.0
10586486,1,0.0,1.0,0.0,0.0,0.0,0.0,0.0,0.0,0.0,0.0,0.0,0.0,0.0,1.0,0.0,0.0,0.0,1.0,0.1142857142857143,0.1818181818181818,0.09090909090909091,0.0,0.0,4,5,0,0,0,0,0,1,0.0,0.0,0.00019807772900215593,185000.0
10455525,1,0.0,1.0,0.0,0.0,0.0,0.0,1.0,0.0,0.0,0.0,0.0,0.0,0.0,0.0,0.0,1.0,0.0,0.0,0.2112244897959184,0.36363636363636365,0.18181818181818182,0.0,0.1111111111111111,0,5,0,0,0,0,0,1,0.0,0.0,0.0010811742708034344,625000.0
10455594,0,0.0,1.0,0.0,0.0,0.0,0.0,0.0,0.0,0.0,0.0,0.0,0.0,0.0,1.0,0.0,0.0,0.0,1.0,0.06224489795918368,0.09090909090909091,0.09090909090909091,0.0,0.0,4,3,1,0,0,0,0,1,0.0,0.21,0.0,139500.0
10586791,0,1.0,0.0,0.0,0.0,1.0,0.0,0.0,0.0,0.0,0.0,0.0,0.0,0.0,0.0,1.0,0.0,0.0,0.0,0.03571428571428572,0.0,0.0,0.07142857142857142,0.0,2,3,1,0,0,0,0,1,0.0,0.06,0.0,259000.0
10586764,0,0.0,1.0,0.0,0.0,0.0,0.0,0.0,0.0,1.0,0.0,0.0,0.0,0.0,0.0,0.0,0.0,1.0,0.0,0.07346938775510206,0.09090909090909091,0.09090909090909091,0.0,0.16666666666666666,0,3,0,1,0,0,0,0,0.0,0.0,0.0,350000.0
10455752,1,0.0,1.0,0.0,0.0,0.0,1.0,0.0,0.0,0.0,0.0,0.0,0.0,0.0,0.0,0.0,0.0,0.0,1.0,0.15612244897959185,0.1818181818181818,0.09090909090909091,0.0,0.1111111111111111,5,4,0,0,0,0,1,0,0.0,0.0,0.000843664401305479,540000.0
10586848,1,0.0,0.0,1.0,0.0,0.0,0.0,0.0,0.0,0.0,0.0,1.0,0.0,0.0,0.0,0.0,0.0,0.0,1.0,0.20816326530612247,0.1818181818181818,0.18181818181818182,0.0,0.0,5,6,0,0,0,0,0,0,0.0,0.0,0.0010178994407055236,160000.0
10456068,1,0.0,1.0,0.0,0.0,0.0,1.0,0.0,0.0,0.0,0.0,0.0,0.0,0.0,0.0,0.0,0.0,1.0,0.0,0.12040816326530615,0.1818181818181818,0.09090909090909091,0.0,0.05555555555555555,4,5,0,0,0,0,1,1,0.273,0.0,0.0002503482408221693,195000.0
10587141,0,0.0,1.0,0.0,1.0,0.0,0.0,0.0,0.0,0.0,0.0,0.0,0.0,0.0,0.0,0.0,1.0,0.0,0.0,0.11224489795918369,0.1818181818181818,0.09090909090909091,0.0,0.05555555555555555,3,0,1,0,0,0,0,1,0.0,0.14,0.0,290000.0
10586972,1,0.0,0.0,1.0,0.0,0.0,0.0,0.0,1.0,0.0,0.0,0.0,0.0,0.0,0.0,0.0,0.0,0.0,1.0,0.163265306122449,0.4545454545454545,0.09090909090909091,0.07142857142857142,0.0,0,1,0,0,0,0,1,1,0.56,0.2,0.0006052375052843654,360000.0
10456491,0,0.0,0.0,1.0,0.0,0.0,0.0,0.0,0.0,0.0,1.0,0.0,0.0,0.0,0.0,0.0,1.0,0.0,0.0,0.04795918367346939,0.09090909090909091,0.09090909090909091,0.0,0.0,0,4,1,0,0,0,0,0,0.0,0.0,0.0,129000.0
10587307,0,0.0,1.0,0.0,0.0,0.0,1.0,0.0,0.0,0.0,0.0,0.0,0.0,0.0,0.0,0.0,0.0,0.0,1.0,0.06938775510204082,0.09090909090909091,0.09090909090909091,0.07142857142857142,0.05555555555555555,3,3,1,1,0,0,0,1,0.0,0.06,0.0,227000.0
10193686,0,0.0,1.0,0.0,0.0,0.0,1.0,0.0,0.0,0.0,0.0,0.0,0.0,0.0,0.0,0.0,0.0,1.0,0.0,0.20204081632653065,0.1818181818181818,0.09090909090909091,0.0,0.0,3,3,0,0,0,0,0,0,0.0,0.0,0.0,489000.0
10587792,1,0.0,1.0,0.0,0.0,0.0,1.0,0.0,0.0,0.0,0.0,0.0,0.0,0.0,0.0,0.0,0.0,1.0,0.0,0.17755102040816328,0.2727272727272727,0.18181818181818182,0.0,0.16666666666666666,0,0,0,0,0,0,0,1,0.0,0.0,0.0005832288687285703,429000.0
10587669,0,1.0,0.0,0.0,0.0,1.0,0.0,0.0,0.0,0.0,0.0,0.0,0.0,0.0,0.0,0.0,1.0,0.0,0.0,0.0816326530612245,0.09090909090909091,0.09090909090909091,0.0,0.05555555555555555,1,4,1,0,0,0,0,1,0.0,0.12,0.0,310000.0
10325428,1,0.0,1.0,0.0,0.0,0.0,0.0,1.0,0.0,0.0,0.0,0.0,0.0,0.0,0.0,0.0,0.0,1.0,0.0,0.11224489795918369,0.1818181818181818,0.09090909090909091,0.0,0.1111111111111111,2,3,0,0,0,0,1,1,0.0,0.0,0.0002659376917158575,469000.0
10588098,0,0.0,1.0,0.0,1.0,0.0,0.0,0.0,0.0,0.0,0.0,0.0,0.0,0.0,0.0,0.0,0.0,0.0,1.0,0.04591836734693878,0.0,0.09090909090909091,0.0,0.05555555555555555,0,3,0,0,0,0,0,1,0.0,0.0,0.0,183000.0
10588137,1,0.0,0.0,1.0,0.0,0.0,0.0,0.0,0.0,0.0,1.0,0.0,0.0,0.0,0.0,0.0,0.0,0.0,1.0,0.1326530612244898,0.1818181818181818,0.09090909090909091,0.07142857142857142,0.1111111111111111,0,2,0,0,0,0,1,1,0.5,0.0,0.0005502159138948776,269000.0
10588264,1,0.0,1.0,0.0,1.0,0.0,0.0,0.0,0.0,0.0,0.0,0.0,0.0,0.0,0.0,0.0,1.0,0.0,0.0,0.18673469387755104,0.1818181818181818,0.09090909090909091,0.0,0.0,3,6,0,0,0,0,0,1,0.0,0.0,0.0002567674264842762,279000.0
10457228,0,0.0,1.0,0.0,0.0,0.0,0.0,0.0,0.0,0.0,0.0,0.0,0.0,0.0,1.0,0.0,0.0,0.0,1.0,0.1112244897959184,0.1818181818181818,0.18181818181818182,0.0,0.1111111111111111,2,3,0,0,0,0,0,0,0.0,0.0,0.0,415000.0
10325768,1,0.0,1.0,0.0,1.0,0.0,0.0,0.0,0.0,0.0,0.0,0.0,0.0,0.0,0.0,0.0,0.0,1.0,0.0,0.0816326530612245,0.09090909090909091,0.09090909090909091,0.07142857142857142,0.1111111111111111,3,5,0,1,0,0,1,1,0.11,0.2,0.00018340530463162587,285000.0
10588312,1,0.0,1.0,0.0,0.0,0.0,1.0,0.0,0.0,0.0,0.0,0.0,0.0,0.0,0.0,0.0,0.0,0.0,1.0,0.1479591836734694,0.1818181818181818,0.09090909090909091,0.0,0.1111111111111111,2,3,0,0,0,0,0,1,0.0,0.22,0.00011004318277897552,275000.0
10588313,1,0.0,1.0,0.0,0.0,0.0,1.0,0.0,0.0,0.0,0.0,0.0,0.0,0.0,0.0,0.0,0.0,1.0,0.0,0.1479591836734694,0.1818181818181818,0.09090909090909091,0.0,0.1111111111111111,2,3,0,0,0,0,0,1,0.0,0.22,0.00011004318277897552,275000.0
10588314,1,0.0,1.0,0.0,0.0,0.0,1.0,0.0,0.0,0.0,0.0,0.0,0.0,0.0,0.0,0.0,0.0,0.0,1.0,0.1479591836734694,0.1818181818181818,0.09090909090909091,0.0,0.1111111111111111,2,3,0,0,0,0,0,1,0.0,0.22,0.00011004318277897552,275000.0
10588380,1,0.0,0.0,1.0,0.0,0.0,0.0,0.0,1.0,0.0,0.0,0.0,0.0,0.0,0.0,0.0,0.0,0.0,1.0,0.08571428571428572,0.09090909090909091,0.09090909090909091,0.07142857142857142,0.0,1,3,0,0,0,0,1,1,0.23,0.0,0.0003273784687674522,239000.0
10588500,0,1.0,0.0,0.0,0.0,1.0,0.0,0.0,0.0,0.0,0.0,0.0,0.0,0.0,0.0,1.0,0.0,0.0,0.0,0.35306122448979593,0.1818181818181818,0.18181818181818182,0.0,0.2222222222222222,1,3,1,0,0,0,0,1,0.0,1.0,0.0,1250000.0
10588492,1,0.0,0.0,1.0,0.0,0.0,0.0,0.0,1.0,0.0,0.0,0.0,0.0,0.0,0.0,1.0,0.0,0.0,0.0,0.0816326530612245,0.1818181818181818,0.09090909090909091,0.07142857142857142,0.05555555555555555,4,6,0,0,0,0,0,1,0.0,0.0,0.0,160000.0
10457486,0,0.0,1.0,0.0,0.0,0.0,0.0,0.0,0.0,1.0,0.0,0.0,0.0,0.0,0.0,0.0,0.0,1.0,0.0,0.10102040816326532,0.09090909090909091,0.09090909090909091,0.0,0.1111111111111111,0,2,1,0,0,0,1,1,0.0,0.63,0.0,549000.0
10457489,0,0.0,1.0,0.0,0.0,0.0,0.0,0.0,0.0,1.0,0.0,0.0,0.0,0.0,0.0,0.0,0.0,1.0,0.0,0.1,0.09090909090909091,0.09090909090909091,0.0,0.05555555555555555,0,4,0,0,0,0,0,0,0.0,0.0,0.0,225000.0
10326522,0,1.0,0.0,0.0,0.0,1.0,0.0,0.0,0.0,0.0,0.0,0.0,0.0,0.0,0.0,0.0,1.0,0.0,0.0,0.11734693877551022,0.1818181818181818,0.18181818181818182,0.0,0.1111111111111111,4,6,1,0,0,0,0,1,0.0,0.07,0.0,329000.0
10588692,1,1.0,0.0,0.0,0.0,1.0,0.0,0.0,0.0,0.0,0.0,0.0,0.0,0.0,0.0,0.0,1.0,0.0,0.0,0.28775510204081634,0.2727272727272727,0.18181818181818182,0.0,0.0,3,7,0,0,0,0,0,1,0.0,0.02,0.00016047964155267263,549000.0
10588935,1,0.0,0.0,1.0,0.0,0.0,0.0,0.0,0.0,0.0,0.0,0.0,1.0,0.0,0.0,0.0,0.0,0.0,1.0,0.23469387755102042,0.2727272727272727,0.09090909090909091,0.07142857142857142,0.16666666666666666,3,7,0,1,0,0,1,0,0.24,0.0,0.0004860240572738086,225000.0
10588936,1,0.0,0.0,1.0,0.0,0.0,0.0,0.0,1.0,0.0,0.0,0.0,0.0,0.0,0.0,0.0,0.0,0.0,1.0,0.20714285714285716,0.0,0.0,0.07142857142857142,0.1111111111111111,3,3,0,1,0,0,1,1,0.0,0.0,0.00040532572323589316,295000.0
10457760,1,0.0,0.0,1.0,0.0,0.0,0.0,0.0,0.0,0.0,0.0,1.0,0.0,0.0,0.0,0.0,0.0,0.0,1.0,0.04693877551020408,0.09090909090909091,0.09090909090909091,0.0,0.0,3,7,0,0,0,0,0,0,0.0,0.0,0.0007427914837580847,179000.0
10588941,1,0.0,0.0,1.0,0.0,0.0,0.0,0.0,0.0,0.0,0.0,0.0,1.0,0.0,0.0,0.0,0.0,0.0,1.0,0.20510204081632655,0.1818181818181818,0.0,0.07142857142857142,0.05555555555555555,1,4,0,0,0,1,1,1,1.0,0.7000000000000001,0.009758996259448812,545000.0
10589010,0,0.0,1.0,0.0,1.0,0.0,0.0,0.0,0.0,0.0,0.0,0.0,0.0,0.0,0.0,0.0,0.0,1.0,0.0,0.06836734693877553,0.09090909090909091,0.09090909090909091,0.0,0.0,3,2,0,0,0,0,0,0,0.0,0.0,0.0,219000.0
10589212,1,0.0,1.0,0.0,0.0,0.0,0.0,1.0,0.0,0.0,0.0,0.0,0.0,0.0,0.0,0.0,0.0,0.0,1.0,0.22448979591836737,0.1818181818181818,0.18181818181818182,0.0,0.1111111111111111,1,2,0,0,0,0,0,1,0.0,0.64,0.0001724009863537283,499000.0
10589399,0,0.0,0.0,1.0,0.0,0.0,0.0,0.0,1.0,0.0,0.0,0.0,0.0,0.0,0.0,1.0,0.0,0.0,0.0,0.0816326530612245,0.09090909090909091,0.09090909090909091,0.0,0.05555555555555555,4,6,0,0,0,0,0,1,0.0,0.15,0.0,135000.0
10589415,1,0.0,0.0,1.0,0.0,0.0,0.0,0.0,0.0,0.0,1.0,0.0,0.0,0.0,0.0,0.0,1.0,0.0,0.0,0.1326530612244898,0.2727272727272727,0.09090909090909091,0.07142857142857142,0.16666666666666666,3,4,0,1,0,0,1,1,0.055,0.15,0.00017882017201583522,249000.0
10589477,0,1.0,0.0,0.0,0.0,1.0,0.0,0.0,0.0,0.0,0.0,0.0,0.0,0.0,0.0,0.0,1.0,0.0,0.0,0.04081632653061225,0.0,0.09090909090909091,0.0,0.05555555555555555,0,7,0,0,0,0,0,0,0.0,0.0,0.0,149000.0
10458485,1,0.0,0.0,1.0,0.0,0.0,0.0,0.0,0.0,0.0,1.0,0.0,0.0,0.0,0.0,0.0,0.0,1.0,0.0,0.20408163265306126,0.1818181818181818,0.09090909090909091,0.07142857142857142,0.1111111111111111,1,4,0,1,0,0,1,1,0.082,0.4,0.00035764034403167045,350000.0
10589425,1,0.0,1.0,0.0,0.0,0.0,0.0,1.0,0.0,0.0,0.0,0.0,0.0,0.0,0.0,0.0,0.0,0.0,1.0,0.17551020408163268,0.2727272727272727,0.09090909090909091,0.0,0.0,5,0,0,0,0,0,0,0,0.0,0.0,0.0012994265833150692,240000.0
10589742,1,0.0,0.0,1.0,0.0,0.0,0.0,0.0,0.0,0.0,1.0,0.0,0.0,0.0,0.0,0.0,0.0,0.0,1.0,0.22959183673469388,0.09090909090909091,0.09090909090909091,0.0,0.05555555555555555,3,3,0,0,0,1,1,1,0.922,0.25,0.0009830524328255147,358000.0
10590369,0,1.0,0.0,0.0,0.0,1.0,0.0,0.0,0.0,0.0,0.0,0.0,0.0,0.0,0.0,0.0,1.0,0.0,0.0,0.09693877551020408,0.09090909090909091,0.09090909090909091,0.14285714285714285,0.1111111111111111,4,7,0,0,0,0,0,0,0.0,0.0,0.0,259000.0
9934709,0,0.0,1.0,0.0,1.0,0.0,0.0,0.0,0.0,0.0,0.0,0.0,0.0,0.0,0.0,0.0,0.0,1.0,0.0,0.0816326530612245,0.09090909090909091,0.09090909090909091,0.0,0.05555555555555555,3,0,1,1,0,0,0,1,0.0,0.03,0.0,202000.0
10328264,0,0.0,1.0,0.0,0.0,0.0,0.0,0.0,0.0,0.0,0.0,0.0,0.0,0.0,1.0,0.0,0.0,1.0,0.0,0.05306122448979592,0.09090909090909091,0.09090909090909091,0.0,0.0,3,4,1,0,0,0,0,0,0.0,0.0,0.0,175000.0
10590708,1,0.0,0.0,1.0,0.0,0.0,0.0,0.0,0.0,0.0,1.0,0.0,0.0,0.0,0.0,0.0,0.0,0.0,1.0,0.1326530612244898,0.2727272727272727,0.0,0.0,0.0,5,0,0,0,0,0,1,1,0.45,0.1,0.0006125737174696304,90000.0
10590034,1,0.0,1.0,0.0,0.0,0.0,0.0,0.0,0.0,0.0,0.0,0.0,0.0,0.0,1.0,0.0,0.0,1.0,0.0,0.08877551020408164,0.09090909090909091,0.0,0.0,0.0,5,6,0,1,0,0,0,0,0.0,0.0,0.0,115000.0
10590727,1,0.0,1.0,0.0,0.0,0.0,1.0,0.0,0.0,0.0,0.0,0.0,0.0,0.0,0.0,0.0,0.0,0.0,1.0,0.17551020408163268,0.1818181818181818,0.09090909090909091,0.0,0.0,0,4,0,0,0,0,0,1,0.0,0.0,0.0006079885848538398,310000.0
10590440,0,0.0,1.0,0.0,0.0,0.0,0.0,0.0,0.0,1.0,0.0,0.0,0.0,0.0,0.0,0.0,0.0,1.0,0.0,0.12448979591836737,0.1818181818181818,0.0,0.0,0.0,2,2,0,0,0,0,1,0,0.0,0.0,0.0,259000.0
10590774,0,0.0,1.0,0.0,1.0,0.0,0.0,0.0,0.0,0.0,0.0,0.0,0.0,0.0,0.0,0.0,0.0,0.0,1.0,0.08979591836734696,0.1818181818181818,0.09090909090909091,0.0,0.05555555555555555,3,2,0,1,0,0,0,1,0.0,0.1,0.0,299000.0
10591055,0,0.0,1.0,0.0,0.0,0.0,0.0,1.0,0.0,0.0,0.0,0.0,0.0,0.0,0.0,0.0,1.0,0.0,0.0,0.13673469387755105,0.2727272727272727,0.09090909090909091,0.0,0.1111111111111111,0,4,0,0,0,0,0,1,0.0,0.0,0.0,325000.0
10591007,1,1.0,0.0,0.0,0.0,1.0,0.0,0.0,0.0,0.0,0.0,0.0,0.0,0.0,0.0,0.0,0.0,0.0,1.0,0.1836734693877551,0.1818181818181818,0.2727272727272727,0.0,0.16666666666666666,3,5,0,0,0,0,0,0,0.0,0.0,8.069833403791538e-05,499000.0
10591330,1,0.0,0.0,1.0,0.0,0.0,0.0,0.0,0.0,0.0,1.0,0.0,0.0,0.0,0.0,0.0,0.0,0.0,1.0,0.23469387755102042,0.2727272727272727,0.09090909090909091,0.0,0.05555555555555555,6,5,0,0,0,0,0,1,0.0,0.5,0.0005685564443580402,295000.0
10329448,1,0.0,1.0,0.0,0.0,0.0,0.0,0.0,0.0,0.0,0.0,0.0,0.0,0.0,1.0,0.0,0.0,0.0,1.0,0.07346938775510206,0.09090909090909091,0.09090909090909091,0.0,0.05555555555555555,4,6,0,0,0,0,0,1,0.0,0.0,0.00039798951105062815,190000.0
10591582,0,0.0,1.0,0.0,0.0,0.0,0.0,0.0,0.0,0.0,0.0,0.0,0.0,0.0,1.0,0.0,0.0,0.0,1.0,0.07142857142857142,0.09090909090909091,0.09090909090909091,0.0,0.05555555555555555,3,5,0,0,0,0,0,0,0.0,0.0,0.0,205000.0
10591699,1,0.0,1.0,0.0,1.0,0.0,0.0,0.0,0.0,0.0,0.0,0.0,0.0,0.0,0.0,0.0,0.0,1.0,0.0,0.08469387755102042,0.09090909090909091,0.18181818181818182,0.0,0.05555555555555555,4,6,0,0,0,0,0,0,0.0,0.0,0.00011737939496424056,205000.0
10591887,1,0.0,1.0,0.0,0.0,0.0,1.0,0.0,0.0,0.0,0.0,0.0,0.0,0.0,0.0,0.0,0.0,0.0,1.0,0.4428571428571429,0.36363636363636365,0.2727272727272727,0.0,0.2777777777777778,3,3,0,1,0,0,1,0,0.0,0.0,0.0020541394118742096,925000.0
10591890,1,0.0,1.0,0.0,0.0,0.0,1.0,0.0,0.0,0.0,0.0,0.0,0.0,0.0,0.0,0.0,0.0,0.0,1.0,0.4428571428571429,0.36363636363636365,0.2727272727272727,0.0,0.2777777777777778,3,3,0,1,0,0,1,0,0.0,0.0,0.0020541394118742096,925000.0
10591958,1,0.0,0.0,1.0,0.0,0.0,0.0,0.0,1.0,0.0,0.0,0.0,0.0,0.0,0.0,0.0,0.0,1.0,0.0,0.04591836734693878,0.09090909090909091,0.09090909090909091,0.0,0.05555555555555555,3,6,0,1,0,0,0,0,0.0,0.0,0.0,75000.0
10592198,0,0.0,0.0,1.0,0.0,0.0,0.0,0.0,0.0,0.0,0.0,0.0,0.0,1.0,0.0,0.0,0.0,1.0,0.0,0.06122448979591837,0.09090909090909091,0.09090909090909091,0.0,0.05555555555555555,4,3,1,1,0,0,0,1,0.0,0.07,0.0,220000.0
10592260,0,0.0,0.0,1.0,0.0,0.0,0.0,0.0,0.0,0.0,0.0,0.0,0.0,1.0,0.0,0.0,0.0,0.0,1.0,0.06836734693877553,0.09090909090909091,0.09090909090909091,0.0,0.05555555555555555,0,2,1,0,0,0,0,1,0.0,0.45,0.0,370000.0
10592669,1,0.0,1.0,0.0,0.0,0.0,0.0,1.0,0.0,0.0,0.0,0.0,0.0,0.0,0.0,0.0,0.0,0.0,1.0,0.18877551020408165,0.2727272727272727,0.18181818181818182,0.0,0.16666666666666666,3,4,0,1,0,0,1,1,0.0,0.25,0.0005557180730338263,670000.0
9937390,0,0.0,1.0,0.0,0.0,0.0,0.0,0.0,0.0,0.0,0.0,0.0,0.0,0.0,1.0,0.0,0.0,1.0,0.0,0.0836734693877551,0.09090909090909091,0.09090909090909091,0.0,0.05555555555555555,4,4,1,0,0,0,0,1,0.0,0.53,0.0,358000.0
10592634,0,1.0,0.0,0.0,0.0,1.0,0.0,0.0,0.0,0.0,0.0,0.0,0.0,0.0,0.0,0.0,0.0,0.0,1.0,0.13673469387755105,0.1818181818181818,0.09090909090909091,0.07142857142857142,0.1111111111111111,3,5,1,1,0,0,0,0,0.0,0.0,0.0,595000.0
10592803,0,0.0,1.0,0.0,0.0,0.0,1.0,0.0,0.0,0.0,0.0,0.0,0.0,0.0,0.0,0.0,0.0,1.0,0.0,0.04795918367346939,0.0,0.09090909090909091,0.0,0.05555555555555555,3,5,0,0,0,0,0,0,0.0,0.0,0.0,124000.0
10461844,0,0.0,0.0,1.0,0.0,0.0,0.0,0.0,1.0,0.0,0.0,0.0,0.0,0.0,0.0,1.0,0.0,0.0,0.0,0.06122448979591837,0.09090909090909091,0.09090909090909091,0.0,0.05555555555555555,4,3,1,0,0,0,0,1,0.0,0.0,0.0,67000.0
10592877,1,0.0,1.0,0.0,0.0,0.0,1.0,0.0,0.0,0.0,0.0,0.0,0.0,0.0,0.0,0.0,0.0,1.0,0.0,0.09183673469387757,0.09090909090909091,0.09090909090909091,0.0,0.05555555555555555,4,4,0,0,0,0,1,1,0.0,0.0,0.00023842689602111364,110500.0
10592919,0,0.0,1.0,0.0,1.0,0.0,0.0,0.0,0.0,0.0,0.0,0.0,0.0,0.0,0.0,0.0,0.0,0.0,1.0,0.07346938775510206,0.09090909090909091,0.09090909090909091,0.0,0.0,3,3,1,0,0,0,0,1,0.0,0.12,0.0,325000.0
10330751,1,1.0,0.0,0.0,0.0,1.0,0.0,0.0,0.0,0.0,0.0,0.0,0.0,0.0,0.0,1.0,0.0,0.0,0.0,0.2530612244897959,0.2727272727272727,0.0,0.2857142857142857,0.0,5,0,0,0,0,0,0,0,0.0,0.0,0.00024576310820637867,399000.0
10592922,1,0.0,1.0,0.0,1.0,0.0,0.0,0.0,0.0,0.0,0.0,0.0,0.0,0.0,0.0,0.0,0.0,0.0,1.0,0.1112244897959184,0.09090909090909091,0.09090909090909091,0.0,0.0,4,6,0,0,0,0,0,0,0.0,0.0,0.00013663695195056128,289000.0
10462037,1,0.0,0.0,1.0,0.0,0.0,0.0,0.0,0.0,0.0,0.0,1.0,0.0,0.0,0.0,0.0,0.0,1.0,0.0,0.09387755102040818,0.1818181818181818,0.09090909090909091,0.07142857142857142,0.05555555555555555,5,7,0,0,0,0,0,1,0.0,0.0,5.502159138948776e-05,185000.0
10593123,1,0.0,1.0,0.0,0.0,0.0,0.0,0.0,0.0,0.0,0.0,0.0,0.0,0.0,1.0,0.0,0.0,1.0,0.0,0.10204081632653061,0.2727272727272727,0.09090909090909091,0.0,0.05555555555555555,4,6,0,0,0,0,0,0,0.0,0.0,0.00015130937632109134,180000.0
10462349,0,1.0,0.0,0.0,0.0,1.0,0.0,0.0,0.0,0.0,0.0,0.0,0.0,0.0,0.0,0.0,1.0,0.0,0.0,0.11224489795918369,0.09090909090909091,0.18181818181818182,0.07142857142857142,0.1111111111111111,3,4,1,0,0,0,0,1,0.0,0.1,0.0,360000.0
10331044,0,1.0,0.0,0.0,0.0,1.0,0.0,0.0,0.0,0.0,0.0,0.0,0.0,0.0,0.0,0.0,1.0,0.0,0.0,0.20408163265306126,0.1818181818181818,0.09090909090909091,0.07142857142857142,0.05555555555555555,5,0,1,1,0,0,0,1,0.0,0.06,0.0,669000.0
10462312,0,1.0,0.0,0.0,0.0,1.0,0.0,0.0,0.0,0.0,0.0,0.0,0.0,0.0,0.0,0.0,1.0,0.0,0.0,0.13367346938775512,0.1818181818181818,0.09090909090909091,0.07142857142857142,0.1111111111111111,0,0,0,0,0,0,0,0,0.0,0.0,0.0,299000.0
10593776,0,0.0,1.0,0.0,0.0,0.0,1.0,0.0,0.0,0.0,0.0,0.0,0.0,0.0,0.0,0.0,0.0,0.0,1.0,0.06122448979591837,0.09090909090909091,0.09090909090909091,0.0,0.05555555555555555,3,1,0,0,0,0,0,0,0.0,0.0,0.0,225000.0
10593567,1,0.0,1.0,0.0,1.0,0.0,0.0,0.0,0.0,0.0,0.0,0.0,0.0,0.0,0.0,0.0,0.0,1.0,0.0,0.11224489795918369,0.1818181818181818,0.09090909090909091,0.07142857142857142,0.16666666666666666,2,5,0,0,0,0,1,1,0.168,0.2,0.00021183312684952787,399000.0
10331447,0,0.0,1.0,0.0,1.0,0.0,0.0,0.0,0.0,0.0,0.0,0.0,0.0,0.0,0.0,0.0,0.0,0.0,1.0,0.015306122448979595,0.0,0.09090909090909091,0.0,0.05555555555555555,5,3,0,1,0,0,0,0,0.0,0.0,0.0,107000.0
10593797,1,0.0,0.0,1.0,0.0,0.0,0.0,0.0,0.0,0.0,0.0,0.0,0.0,1.0,0.0,0.0,0.0,0.0,1.0,0.34285714285714286,0.09090909090909091,0.18181818181818182,0.14285714285714285,0.16666666666666666,2,2,1,0,0,0,0,1,0.0,0.0,0.004585132615790646,1650000.0
10593876,0,0.0,1.0,0.0,1.0,0.0,0.0,0.0,0.0,0.0,0.0,0.0,0.0,0.0,0.0,0.0,1.0,0.0,0.0,0.03571428571428572,0.0,0.09090909090909091,0.07142857142857142,0.05555555555555555,0,3,0,0,0,0,0,0,0.0,0.0,0.0,184000.0
10593810,0,0.0,1.0,0.0,0.0,0.0,0.0,1.0,0.0,0.0,0.0,0.0,0.0,0.0,0.0,1.0,0.0,0.0,0.0,0.15816326530612246,0.1818181818181818,0.18181818181818182,0.07142857142857142,0.05555555555555555,1,0,1,0,0,0,0,1,0.0,0.48,0.0,695000.0
10463117,0,1.0,0.0,0.0,0.0,1.0,0.0,0.0,0.0,0.0,0.0,0.0,0.0,0.0,0.0,0.0,1.0,0.0,0.0,0.10204081632653061,0.1818181818181818,0.09090909090909091,0.07142857142857142,0.05555555555555555,2,5,0,1,0,0,0,0,0.0,0.0,0.0,219000.0
10594284,1,0.0,0.0,1.0,0.0,0.0,0.0,0.0,0.0,0.0,1.0,0.0,0.0,0.0,0.0,1.0,0.0,0.0,0.0,0.1326530612244898,0.1818181818181818,0.09090909090909091,0.07142857142857142,0.1111111111111111,4,3,0,0,0,0,0,1,0.0,0.1,5.960672400527841e-05,230000.0
10594239,1,0.0,1.0,0.0,0.0,0.0,0.0,1.0,0.0,0.0,0.0,0.0,0.0,0.0,0.0,0.0,0.0,0.0,1.0,0.1306122448979592,0.2727272727272727,0.09090909090909091,0.0,0.05555555555555555,5,6,0,0,0,0,0,1,0.0,0.0,0.001467242437053007,295000.0
10594376,1,0.0,1.0,0.0,0.0,0.0,0.0,0.0,0.0,0.0,0.0,0.0,0.0,0.0,1.0,0.0,0.0,0.0,1.0,0.19897959183673472,0.2727272727272727,0.18181818181818182,0.0,0.05555555555555555,1,3,0,0,0,0,1,0,0.5,0.0,0.0006465036988264812,620000.0
10463640,1,0.0,1.0,0.0,0.0,0.0,0.0,1.0,0.0,0.0,0.0,0.0,0.0,0.0,0.0,0.0,1.0,0.0,0.0,0.1326530612244898,0.09090909090909091,0.09090909090909091,0.0,0.05555555555555555,0,6,0,0,0,0,1,0,0.0,0.0,0.0004025746436664188,260000.0
10594718,1,0.0,0.0,1.0,0.0,0.0,0.0,0.0,1.0,0.0,0.0,0.0,0.0,0.0,0.0,0.0,0.0,0.0,1.0,0.2602040816326531,0.2727272727272727,0.18181818181818182,0.0,0.1111111111111111,4,3,0,0,0,0,0,0,0.0,0.0,0.002347587899284811,399000.0
10594720,1,0.0,0.0,1.0,0.0,0.0,0.0,0.0,1.0,0.0,0.0,0.0,0.0,0.0,0.0,0.0,0.0,0.0,1.0,0.2602040816326531,0.2727272727272727,0.18181818181818182,0.0,0.1111111111111111,4,3,0,0,0,0,0,1,0.0,0.0,0.002347587899284811,399000.0
10201632,1,0.0,1.0,0.0,1.0,0.0,0.0,0.0,0.0,0.0,0.0,0.0,0.0,0.0,0.0,0.0,0.0,0.0,1.0,0.1969387755102041,0.2727272727272727,0.09090909090909091,0.0,0.1111111111111111,1,5,0,0,0,0,1,0,0.0,0.0,0.0009234457088202363,449000.0
10594754,1,0.0,0.0,1.0,0.0,0.0,0.0,0.0,0.0,0.0,0.0,0.0,1.0,0.0,0.0,0.0,0.0,0.0,1.0,0.19897959183673472,0.2727272727272727,0.18181818181818182,0.0,0.1111111111111111,0,3,0,0,1,0,1,0,0.007,0.0,0.0007794725446844099,475000.0
10463883,1,0.0,0.0,1.0,0.0,0.0,0.0,0.0,1.0,0.0,0.0,0.0,0.0,0.0,0.0,0.0,1.0,0.0,0.0,0.10714285714285715,0.09090909090909091,0.0,0.0,0.05555555555555555,6,5,0,0,0,0,1,0,0.12,0.0,0.00015589450893688199,99000.0
9808607,0,1.0,0.0,0.0,0.0,1.0,0.0,0.0,0.0,0.0,0.0,0.0,0.0,0.0,0.0,0.0,1.0,0.0,0.0,0.06632653061224492,0.09090909090909091,0.09090909090909091,0.0,0.0,0,5,0,0,0,0,1,0,0.035,0.0,0.0,199000.0
10595136,0,0.0,1.0,0.0,0.0,0.0,1.0,0.0,0.0,0.0,0.0,0.0,0.0,0.0,0.0,0.0,0.0,1.0,0.0,0.0816326530612245,0.09090909090909091,0.09090909090909091,0.0,0.05555555555555555,1,1,1,0,0,0,0,1,0.0,0.13,0.0,285000.0
10464399,0,0.0,1.0,0.0,1.0,0.0,0.0,0.0,0.0,0.0,0.0,0.0,0.0,0.0,0.0,0.0,0.0,0.0,1.0,0.07653061224489796,0.09090909090909091,0.09090909090909091,0.0,0.05555555555555555,3,2,1,0,0,0,0,0,0.0,0.0,0.0,187500.0
10595230,1,0.0,1.0,0.0,1.0,0.0,0.0,0.0,0.0,0.0,0.0,0.0,0.0,0.0,0.0,0.0,0.0,1.0,0.0,0.11938775510204083,0.09090909090909091,0.18181818181818182,0.07142857142857142,0.05555555555555555,5,3,0,0,0,0,0,0,0.0,0.0,6.87769892368597e-05,199500.0
10464462,0,0.0,1.0,0.0,1.0,0.0,0.0,0.0,0.0,0.0,0.0,0.0,0.0,0.0,0.0,0.0,1.0,0.0,0.0,0.08571428571428572,0.09090909090909091,0.09090909090909091,0.0,0.05555555555555555,3,2,1,1,0,0,0,1,0.0,0.02,0.0,170000.0
10464534,0,0.0,1.0,0.0,1.0,0.0,0.0,0.0,0.0,0.0,0.0,0.0,0.0,0.0,0.0,0.0,0.0,1.0,0.0,0.08877551020408164,0.09090909090909091,0.09090909090909091,0.0,0.05555555555555555,1,0,1,0,0,0,0,0,0.0,0.0,0.0,289000.0
9940689,1,0.0,1.0,0.0,1.0,0.0,0.0,0.0,0.0,0.0,0.0,0.0,0.0,0.0,0.0,0.0,0.0,0.0,1.0,0.09693877551020408,0.1818181818181818,0.09090909090909091,0.0,0.1111111111111111,5,4,0,1,0,0,0,0,0.0,0.0,4.034916701895769e-05,190000.0
10334433,1,0.0,1.0,0.0,1.0,0.0,0.0,0.0,0.0,0.0,0.0,0.0,0.0,0.0,0.0,0.0,0.0,0.0,1.0,0.2857142857142857,0.2727272727272727,0.0,0.0,0.0,5,6,0,0,0,0,0,0,0.0,0.0,0.0009243627353433943,180000.0
10334315,1,0.0,0.0,1.0,0.0,0.0,0.0,0.0,0.0,0.0,1.0,0.0,0.0,0.0,0.0,0.0,0.0,1.0,0.0,0.21734693877551023,0.36363636363636365,0.09090909090909091,0.07142857142857142,0.1111111111111111,5,4,0,0,0,0,0,1,0.0,0.06,5.960672400527841e-05,109000.0
10465786,0,0.0,1.0,0.0,0.0,0.0,0.0,0.0,0.0,0.0,0.0,0.0,0.0,0.0,1.0,0.0,0.0,0.0,1.0,0.06428571428571428,0.09090909090909091,0.09090909090909091,0.0,0.05555555555555555,0,2,0,0,0,0,1,1,0.0,0.0,0.0,475000.0
10596964,1,0.0,1.0,0.0,0.0,0.0,1.0,0.0,0.0,0.0,0.0,0.0,0.0,0.0,0.0,1.0,0.0,0.0,0.0,0.11020408163265308,0.36363636363636365,0.09090909090909091,0.0,0.05555555555555555,5,0,0,0,0,0,0,0,0.0,0.0,4.676835268106459e-05,295000.0
10597209,1,0.0,1.0,0.0,1.0,0.0,0.0,0.0,0.0,0.0,0.0,0.0,0.0,0.0,0.0,0.0,0.0,1.0,0.0,0.163265306122449,0.1818181818181818,0.09090909090909091,0.0,0.1111111111111111,3,2,0,0,0,0,0,1,0.0,0.0,0.00011921344801055682,385000.0
10597249,1,0.0,0.0,1.0,0.0,0.0,0.0,0.0,0.0,0.0,0.0,0.0,1.0,0.0,0.0,0.0,0.0,0.0,1.0,0.030612244897959183,0.09090909090909091,0.0,0.07142857142857142,0.05555555555555555,2,0,0,0,0,0,1,1,0.34400000000000003,0.1,0.0003154571239663965,69000.0
10073335,1,0.0,0.0,1.0,0.0,0.0,0.0,0.0,0.0,0.0,0.0,0.0,1.0,0.0,0.0,0.0,0.0,0.0,1.0,0.19897959183673472,0.36363636363636365,0.18181818181818182,0.07142857142857142,0.16666666666666666,0,6,0,1,0,0,0,0,0.0,0.0,0.0016790755639025348,295000.0
10073212,1,0.0,0.0,1.0,0.0,0.0,0.0,0.0,0.0,0.0,0.0,1.0,0.0,0.0,0.0,0.0,0.0,0.0,1.0,0.14285714285714288,0.1818181818181818,0.09090909090909091,0.0,0.1111111111111111,0,2,0,1,0,0,1,1,0.0,0.18,0.0003374657605221916,350000.0
10597349,0,0.0,1.0,0.0,1.0,0.0,0.0,0.0,0.0,0.0,0.0,0.0,0.0,0.0,0.0,0.0,0.0,0.0,1.0,0.04081632653061225,0.0,0.09090909090909091,0.0,0.0,3,1,1,0,0,0,0,1,0.0,0.08,0.0,239000.0
10597610,1,0.0,1.0,0.0,1.0,0.0,0.0,0.0,0.0,0.0,0.0,0.0,0.0,0.0,0.0,0.0,1.0,0.0,0.0,0.034693877551020415,0.2727272727272727,0.36363636363636365,0.0,0.2222222222222222,4,0,0,0,0,0,0,0,0.0,0.0,5.410456486632963e-05,675000.0
10466771,1,0.0,0.0,1.0,0.0,0.0,0.0,0.0,0.0,0.0,1.0,0.0,0.0,0.0,0.0,0.0,0.0,0.0,1.0,0.09183673469387757,0.1818181818181818,0.0,0.07142857142857142,0.1111111111111111,3,6,0,1,0,0,0,1,0.0,0.18,0.00030078469959586644,229000.0
10466865,0,0.0,1.0,0.0,1.0,0.0,0.0,0.0,0.0,0.0,0.0,0.0,0.0,0.0,0.0,0.0,0.0,1.0,0.0,0.06836734693877553,0.09090909090909091,0.0,0.0,0.0,0,2,0,0,0,0,0,1,0.0,0.0,0.0,205000.0
10466958,1,0.0,0.0,1.0,0.0,0.0,0.0,0.0,0.0,0.0,0.0,0.0,0.0,1.0,0.0,0.0,0.0,1.0,0.0,0.19387755102040818,0.36363636363636365,0.09090909090909091,0.0,0.1111111111111111,1,5,0,1,0,0,1,1,0.0,0.12,0.0007033593432622852,550000.0
10597949,0,1.0,0.0,0.0,0.0,1.0,0.0,0.0,0.0,0.0,0.0,0.0,0.0,0.0,0.0,0.0,0.0,0.0,1.0,0.05510204081632653,0.09090909090909091,0.09090909090909091,0.0,0.05555555555555555,3,5,1,0,0,0,0,0,0.0,0.0,0.0,295000.0
10598168,0,1.0,0.0,0.0,0.0,1.0,0.0,0.0,0.0,0.0,0.0,0.0,0.0,0.0,0.0,0.0,1.0,0.0,0.0,0.07857142857142857,0.1818181818181818,0.09090909090909091,0.07142857142857142,0.1111111111111111,2,0,1,1,0,0,0,1,0.0,0.05,0.0,289000.0
10598277,1,0.0,0.0,1.0,0.0,0.0,0.0,0.0,1.0,0.0,0.0,0.0,0.0,0.0,0.0,0.0,0.0,0.0,1.0,0.1142857142857143,0.09090909090909091,0.09090909090909091,0.07142857142857142,0.0,0,0,0,0,0,0,1,0,0.5750000000000001,0.0,0.0005960672400527841,170000.0
10598159,0,0.0,1.0,0.0,1.0,0.0,0.0,0.0,0.0,0.0,0.0,0.0,0.0,0.0,0.0,0.0,1.0,0.0,0.0,0.04387755102040817,0.0,0.09090909090909091,0.0,0.05555555555555555,0,3,1,0,0,0,0,0,0.0,0.0,0.0,155000.0
10598700,1,0.0,1.0,0.0,0.0,0.0,0.0,1.0,0.0,0.0,0.0,0.0,0.0,0.0,0.0,0.0,0.0,0.0,1.0,0.2448979591836735,0.36363636363636365,0.18181818181818182,0.07142857142857142,0.16666666666666666,1,3,0,0,0,0,1,1,0.8,0.8,0.0008812624887549623,795000.0
10074195,1,0.0,0.0,1.0,0.0,0.0,0.0,0.0,0.0,0.0,1.0,0.0,0.0,0.0,0.0,0.0,0.0,1.0,0.0,0.22244897959183677,0.5454545454545454,0.09090909090909091,0.0,0.1111111111111111,4,4,0,0,0,0,1,1,0.061,0.0,0.00012654966019582184,285000.0
10598559,0,0.0,1.0,0.0,0.0,0.0,0.0,0.0,0.0,0.0,0.0,0.0,0.0,0.0,1.0,0.0,0.0,0.0,1.0,0.06122448979591837,0.09090909090909091,0.09090909090909091,0.0,0.05555555555555555,3,2,1,0,0,0,0,1,0.0,0.15,0.0,249000.0
10598487,1,0.0,0.0,1.0,0.0,0.0,0.0,0.0,1.0,0.0,0.0,0.0,0.0,0.0,0.0,0.0,0.0,1.0,0.0,0.12448979591836737,0.1818181818181818,0.0,0.0,0.0,3,5,0,0,0,0,0,0,0.0,0.0,0.0005997353461454166,219000.0
10598745,1,0.0,1.0,0.0,0.0,0.0,0.0,0.0,0.0,0.0,0.0,0.0,0.0,0.0,1.0,0.0,0.0,0.0,1.0,0.22959183673469388,0.1818181818181818,0.09090909090909091,0.0,0.16666666666666666,5,0,0,0,0,0,1,0,0.0,0.0,0.00040532572323589316,279000.0
10598653,1,0.0,1.0,0.0,0.0,0.0,1.0,0.0,0.0,0.0,0.0,0.0,0.0,0.0,0.0,0.0,0.0,0.0,1.0,0.1112244897959184,0.2727272727272727,0.09090909090909091,0.0,0.1111111111111111,1,1,0,0,0,0,0,1,0.0,0.0,0.00011279426234844991,309000.0
10467599,1,0.0,0.0,1.0,0.0,0.0,0.0,0.0,0.0,0.0,1.0,0.0,0.0,0.0,0.0,0.0,0.0,0.0,1.0,0.6428571428571429,0.36363636363636365,0.09090909090909091,0.07142857142857142,0.1111111111111111,5,0,0,1,0,0,1,1,1.0,0.12,0.006419185662106906,695000.0
10599329,0,0.0,1.0,0.0,1.0,0.0,0.0,0.0,0.0,0.0,0.0,0.0,0.0,0.0,0.0,0.0,1.0,0.0,0.0,0.11836734693877551,0.1818181818181818,0.09090909090909091,0.0,0.1111111111111111,3,2,1,0,0,0,0,1,0.0,0.29,0.0,454000.0
10468164,0,0.0,1.0,0.0,0.0,0.0,0.0,0.0,0.0,0.0,0.0,0.0,0.0,0.0,1.0,0.0,0.0,0.0,1.0,0.04081632653061225,0.0,0.09090909090909091,0.0,0.05555555555555555,2,2,1,0,0,0,0,0,0.0,0.0,0.0,199000.0
10468276,0,0.0,0.0,1.0,0.0,0.0,0.0,0.0,1.0,0.0,0.0,0.0,0.0,0.0,0.0,0.0,0.0,1.0,0.0,0.007142857142857145,0.0,0.0,0.07142857142857142,0.05555555555555555,4,7,0,1,0,0,0,0,0.0,0.0,0.0,60000.0
10468278,0,0.0,0.0,1.0,0.0,0.0,0.0,0.0,1.0,0.0,0.0,0.0,0.0,0.0,0.0,0.0,0.0,1.0,0.0,0.005102040816326529,0.0,0.0,0.07142857142857142,0.05555555555555555,4,7,0,1,0,0,0,0,0.0,0.0,0.0,65000.0
10468281,0,0.0,0.0,1.0,0.0,0.0,0.0,0.0,1.0,0.0,0.0,0.0,0.0,0.0,0.0,0.0,0.0,1.0,0.0,0.012244897959183675,0.0,0.0,0.07142857142857142,0.05555555555555555,4,7,0,1,0,0,0,0,0.0,0.0,0.0,65000.0
10468274,0,0.0,0.0,1.0,0.0,0.0,0.0,0.0,1.0,0.0,0.0,0.0,0.0,0.0,0.0,0.0,0.0,1.0,0.0,0.05204081632653062,0.09090909090909091,0.0,0.07142857142857142,0.05555555555555555,4,0,0,1,0,0,0,0,0.0,0.0,0.0,95000.0
10468280,0,0.0,0.0,1.0,0.0,0.0,0.0,0.0,1.0,0.0,0.0,0.0,0.0,0.0,0.0,0.0,0.0,1.0,0.0,0.007142857142857145,0.0,0.0,0.07142857142857142,0.05555555555555555,4,7,0,1,0,0,0,0,0.0,0.0,0.0,65000.0
10468279,0,0.0,0.0,1.0,0.0,0.0,0.0,0.0,1.0,0.0,0.0,0.0,0.0,0.0,0.0,0.0,0.0,1.0,0.0,0.009183673469387754,0.0,0.0,0.07142857142857142,0.05555555555555555,4,6,0,1,0,0,0,0,0.0,0.0,0.0,65000.0
10599768,0,1.0,0.0,0.0,0.0,1.0,0.0,0.0,0.0,0.0,0.0,0.0,0.0,0.0,0.0,0.0,1.0,0.0,0.0,0.08265306122448982,0.09090909090909091,0.09090909090909091,0.0,0.05555555555555555,3,2,1,0,0,0,0,1,0.0,0.9500000000000001,0.0,425000.0
10468340,1,0.0,0.0,1.0,0.0,0.0,0.0,0.0,0.0,0.0,0.0,0.0,0.0,1.0,0.0,0.0,0.0,0.0,1.0,0.13775510204081634,0.2727272727272727,0.09090909090909091,0.07142857142857142,0.0,0,5,0,1,0,0,1,1,0.0,0.0,0.0009692970349781427,275000.0
10599704,0,0.0,0.0,1.0,0.0,0.0,0.0,0.0,0.0,0.0,0.0,0.0,0.0,1.0,0.0,0.0,0.0,0.0,1.0,0.11224489795918369,0.1818181818181818,0.18181818181818182,0.0,0.1111111111111111,3,4,1,0,0,0,0,1,0.0,0.2,0.0,265000.0
10599823,1,0.0,0.0,1.0,0.0,0.0,0.0,0.0,1.0,0.0,0.0,0.0,0.0,0.0,0.0,0.0,0.0,1.0,0.0,0.19387755102040818,0.1818181818181818,0.09090909090909091,0.0,0.05555555555555555,0,6,0,0,0,0,0,0,0.0,0.0,0.001637809370360419,300000.0
10599840,1,0.0,0.0,1.0,0.0,0.0,0.0,0.0,0.0,0.0,1.0,0.0,0.0,0.0,0.0,0.0,0.0,0.0,1.0,0.11938775510204083,0.09090909090909091,0.09090909090909091,0.0,0.0,5,7,0,0,0,0,0,0,0.0,0.0,0.0008390792686896883,190000.0
10600083,0,0.0,1.0,0.0,0.0,0.0,0.0,0.0,0.0,0.0,0.0,0.0,0.0,0.0,1.0,0.0,0.0,1.0,0.0,0.05612244897959184,0.09090909090909091,0.18181818181818182,0.0,0.05555555555555555,1,2,1,0,0,0,0,1,0.0,0.25,0.0,369000.0
10600113,1,0.0,0.0,1.0,0.0,0.0,0.0,0.0,0.0,0.0,0.0,0.0,0.0,1.0,0.0,0.0,0.0,0.0,1.0,0.09693877551020408,0.1818181818181818,0.0,0.07142857142857142,0.05555555555555555,5,6,0,0,0,0,1,1,0.093,0.1,0.00014764127022845884,185000.0
10599962,0,0.0,1.0,0.0,0.0,0.0,0.0,0.0,0.0,0.0,0.0,0.0,0.0,0.0,1.0,0.0,0.0,0.0,1.0,0.0816326530612245,0.2727272727272727,0.09090909090909091,0.0,0.0,2,0,1,0,0,0,0,0,0.0,0.0,0.0,239500.0
10600327,0,0.0,1.0,0.0,0.0,0.0,0.0,1.0,0.0,0.0,0.0,0.0,0.0,0.0,0.0,0.0,0.0,0.0,1.0,0.07448979591836735,0.09090909090909091,0.09090909090909091,0.0,0.05555555555555555,4,5,1,0,0,0,0,1,0.0,0.12,0.0,235000.0
10600219,0,0.0,1.0,0.0,0.0,0.0,0.0,0.0,0.0,0.0,0.0,0.0,0.0,0.0,1.0,0.0,0.0,0.0,1.0,0.05204081632653062,0.09090909090909091,0.09090909090909091,0.0,0.05555555555555555,2,0,1,0,0,0,0,1,0.0,0.02,0.0,220000.0
10600388,1,0.0,1.0,0.0,0.0,0.0,1.0,0.0,0.0,0.0,0.0,0.0,0.0,0.0,0.0,0.0,0.0,1.0,0.0,0.10306122448979593,0.1818181818181818,0.09090909090909091,0.0,0.05555555555555555,5,5,0,1,0,0,0,1,0.0,0.0,0.0,219000.0
10469127,1,0.0,1.0,0.0,0.0,0.0,0.0,1.0,0.0,0.0,0.0,0.0,0.0,0.0,0.0,0.0,0.0,0.0,1.0,0.16734693877551024,0.36363636363636365,0.09090909090909091,0.0,0.1111111111111111,1,2,0,0,0,0,1,1,0.4,0.33,0.0006345823540254255,495000.0
10600363,0,0.0,1.0,0.0,0.0,0.0,0.0,0.0,0.0,0.0,0.0,0.0,0.0,0.0,1.0,0.0,0.0,0.0,1.0,0.05204081632653062,0.09090909090909091,0.09090909090909091,0.0,0.0,2,0,1,0,0,0,0,1,0.0,0.22,0.0,235000.0
10600397,0,0.0,1.0,0.0,1.0,0.0,0.0,0.0,0.0,0.0,0.0,0.0,0.0,0.0,0.0,1.0,0.0,0.0,0.0,0.14285714285714288,0.1818181818181818,0.09090909090909091,0.07142857142857142,0.16666666666666666,1,1,1,0,0,0,0,1,0.0,0.16,0.0,740000.0
10469343,1,0.0,1.0,0.0,0.0,0.0,1.0,0.0,0.0,0.0,0.0,0.0,0.0,0.0,0.0,0.0,0.0,0.0,1.0,0.13775510204081634,0.09090909090909091,0.0,0.07142857142857142,0.0,5,6,0,0,0,0,1,0,0.0,0.0,0.0005300413303853988,310000.0
10600537,0,0.0,1.0,0.0,0.0,0.0,0.0,0.0,0.0,0.0,0.0,0.0,0.0,0.0,1.0,0.0,0.0,1.0,0.0,0.07551020408163267,0.1818181818181818,0.0,0.0,0.0,3,2,0,1,0,0,0,0,0.0,0.0,0.0,185000.0
10600467,1,0.0,1.0,0.0,0.0,0.0,0.0,0.0,0.0,0.0,0.0,0.0,0.0,0.0,1.0,0.0,0.0,1.0,0.0,0.1326530612244898,0.09090909090909091,0.09090909090909091,0.0,0.05555555555555555,3,3,0,1,0,0,0,1,0.0,0.0,4.585132615790647e-05,249900.0
10600577,0,0.0,1.0,0.0,1.0,0.0,0.0,0.0,0.0,0.0,0.0,0.0,0.0,0.0,0.0,0.0,0.0,1.0,0.0,0.07755102040816328,0.1818181818181818,0.0,0.0,0.05555555555555555,3,3,0,0,0,0,0,0,0.0,0.0,0.0,209000.0
10600997,1,0.0,1.0,0.0,0.0,0.0,1.0,0.0,0.0,0.0,0.0,0.0,0.0,0.0,0.0,0.0,1.0,0.0,0.0,0.10816326530612247,0.1818181818181818,0.09090909090909091,0.0,0.0,3,0,0,0,0,0,1,0,1.0,0.0,0.0015497748241372386,395000.0
10601008,0,0.0,1.0,0.0,0.0,0.0,0.0,0.0,0.0,0.0,0.0,0.0,0.0,0.0,1.0,0.0,0.0,1.0,0.0,0.09387755102040818,0.1818181818181818,0.09090909090909091,0.0,0.0,3,4,1,0,0,0,0,1,0.0,0.16,0.0,205000.0
10601064,1,0.0,1.0,0.0,1.0,0.0,0.0,0.0,0.0,0.0,0.0,0.0,0.0,0.0,0.0,0.0,0.0,0.0,1.0,0.1479591836734694,0.09090909090909091,0.09090909090909091,0.0,0.05555555555555555,4,0,0,0,0,0,1,1,0.081,0.0,0.00015130937632109134,255000.0
10338936,0,0.0,1.0,0.0,0.0,0.0,0.0,0.0,0.0,1.0,0.0,0.0,0.0,0.0,0.0,0.0,0.0,0.0,1.0,0.0816326530612245,0.09090909090909091,0.09090909090909091,0.0,0.0,3,2,1,0,0,0,0,1,0.0,0.07,0.0,260000.0
10601389,0,1.0,0.0,0.0,0.0,1.0,0.0,0.0,0.0,0.0,0.0,0.0,0.0,0.0,0.0,0.0,1.0,0.0,0.0,0.06224489795918368,0.09090909090909091,0.09090909090909091,0.0,0.05555555555555555,1,3,1,1,0,0,0,1,0.0,0.14,0.0,215000.0
10470115,0,0.0,1.0,0.0,0.0,0.0,0.0,0.0,0.0,0.0,0.0,0.0,0.0,0.0,1.0,0.0,0.0,0.0,1.0,0.03571428571428572,0.0,0.09090909090909091,0.0,0.05555555555555555,3,3,0,0,0,0,0,1,0.0,0.04,0.0,129000.0
10339356,1,0.0,0.0,1.0,0.0,0.0,0.0,0.0,0.0,0.0,0.0,1.0,0.0,0.0,0.0,0.0,0.0,0.0,1.0,0.1,0.2727272727272727,0.18181818181818182,0.07142857142857142,0.16666666666666666,5,6,0,1,0,0,0,1,0.0,0.0,0.0,99000.0
10601770,0,0.0,1.0,0.0,0.0,0.0,0.0,0.0,0.0,0.0,0.0,0.0,0.0,0.0,1.0,0.0,0.0,0.0,1.0,0.0673469387755102,0.09090909090909091,0.18181818181818182,0.0,0.05555555555555555,1,5,1,0,0,0,1,1,0.0,0.0,0.0,369000.0
10601772,1,0.0,1.0,0.0,0.0,0.0,1.0,0.0,0.0,0.0,0.0,0.0,0.0,0.0,0.0,0.0,0.0,1.0,0.0,0.11938775510204083,0.1818181818181818,0.09090909090909091,0.0,0.1111111111111111,0,1,0,0,0,0,0,0,0.0,0.0,0.0002659376917158575,300700.0
10601773,1,0.0,1.0,0.0,0.0,0.0,1.0,0.0,0.0,0.0,0.0,0.0,0.0,0.0,0.0,0.0,0.0,1.0,0.0,0.11938775510204083,0.1818181818181818,0.09090909090909091,0.0,0.1111111111111111,0,1,0,0,0,0,0,0,0.0,0.0,0.00027327390390112255,302700.0
10471052,1,0.0,0.0,1.0,0.0,0.0,0.0,0.0,1.0,0.0,0.0,0.0,0.0,0.0,0.0,0.0,0.0,0.0,1.0,0.14285714285714288,0.1818181818181818,0.0,0.0,0.0,0,0,0,0,0,0,0,0,0.0,0.0,0.0004814389246580179,100000.0
10601774,1,0.0,1.0,0.0,0.0,0.0,1.0,0.0,0.0,0.0,0.0,0.0,0.0,0.0,0.0,0.0,0.0,1.0,0.0,0.1163265306122449,0.1818181818181818,0.09090909090909091,0.0,0.1111111111111111,0,1,0,0,0,0,0,0,0.0,0.0,0.0002815271426095457,301900.0
10471095,1,0.0,0.0,1.0,0.0,0.0,0.0,0.0,1.0,0.0,0.0,0.0,0.0,0.0,0.0,0.0,0.0,0.0,1.0,0.14285714285714288,0.1818181818181818,0.0,0.0,0.0,0,0,0,0,0,0,0,0,0.0,0.0,0.0004814389246580179,100000.0
10602306,0,0.0,1.0,0.0,1.0,0.0,0.0,0.0,0.0,0.0,0.0,0.0,0.0,0.0,0.0,0.0,0.0,1.0,0.0,0.07346938775510206,0.09090909090909091,0.09090909090909091,0.0,0.05555555555555555,1,2,0,0,0,0,0,1,0.0,0.0,0.0,255000.0
10340302,0,0.0,1.0,0.0,0.0,0.0,0.0,1.0,0.0,0.0,0.0,0.0,0.0,0.0,0.0,0.0,0.0,0.0,1.0,0.23469387755102042,0.2727272727272727,0.09090909090909091,0.0,0.05555555555555555,3,2,1,0,0,1,0,1,0.0,0.0,0.0,595000.0
10602345,0,1.0,0.0,0.0,0.0,1.0,0.0,0.0,0.0,0.0,0.0,0.0,0.0,0.0,0.0,1.0,0.0,0.0,0.0,0.07755102040816328,0.09090909090909091,0.09090909090909091,0.07142857142857142,0.1111111111111111,1,3,1,0,0,0,0,1,0.0,0.09,0.0,449000.0
10602461,0,0.0,0.0,1.0,0.0,0.0,0.0,0.0,1.0,0.0,0.0,0.0,0.0,0.0,0.0,0.0,0.0,0.0,1.0,0.11530612244897961,0.09090909090909091,0.09090909090909091,0.0,0.05555555555555555,3,6,0,0,0,0,0,0,0.0,0.0,0.0,89000.0
10471535,1,0.0,1.0,0.0,0.0,0.0,0.0,1.0,0.0,0.0,0.0,0.0,0.0,0.0,0.0,0.0,0.0,0.0,1.0,0.15510204081632656,0.1818181818181818,0.0,0.0,0.0,5,5,0,0,0,0,1,0,0.0,0.0,0.00016506477416846328,255000.0
10602469,0,1.0,0.0,0.0,0.0,1.0,0.0,0.0,0.0,0.0,0.0,0.0,0.0,0.0,0.0,0.0,1.0,0.0,0.0,0.07142857142857142,0.09090909090909091,0.09090909090909091,0.07142857142857142,0.05555555555555555,1,7,0,0,0,0,0,0,0.0,0.0,0.0,215000.0
10340440,0,0.0,1.0,0.0,1.0,0.0,0.0,0.0,0.0,0.0,0.0,0.0,0.0,0.0,0.0,0.0,1.0,0.0,0.0,0.03775510204081633,0.0,0.09090909090909091,0.0,0.05555555555555555,3,2,1,0,0,0,0,1,0.0,0.02,0.0,182000.0
10602636,0,0.0,1.0,0.0,1.0,0.0,0.0,0.0,0.0,0.0,0.0,0.0,0.0,0.0,0.0,0.0,1.0,0.0,0.0,0.1806122448979592,0.1818181818181818,0.09090909090909091,0.0,0.1111111111111111,3,2,1,0,0,0,0,1,0.0,0.32,0.0,663000.0
10471673,1,0.0,1.0,0.0,0.0,0.0,0.0,0.0,0.0,0.0,0.0,0.0,0.0,0.0,1.0,0.0,0.0,1.0,0.0,0.5091836734693878,0.2727272727272727,0.36363636363636365,0.0,0.2777777777777778,0,3,0,0,0,0,1,0,0.5,0.0,0.0006969401576001783,499000.0
10471674,1,0.0,1.0,0.0,0.0,0.0,0.0,0.0,0.0,0.0,0.0,0.0,0.0,0.0,1.0,0.0,0.0,1.0,0.0,0.15510204081632656,0.2727272727272727,0.09090909090909091,0.0,0.1111111111111111,0,6,0,0,0,0,1,0,0.08,0.0,0.00015130937632109134,150000.0
10602771,1,1.0,0.0,0.0,0.0,1.0,0.0,0.0,0.0,0.0,0.0,0.0,0.0,0.0,0.0,0.0,0.0,0.0,1.0,0.2540816326530612,0.4545454545454545,0.09090909090909091,0.14285714285714285,0.16666666666666666,3,0,0,1,0,0,1,1,0.185,0.2,0.00035305521141587977,750000.0
10602773,1,1.0,0.0,0.0,0.0,1.0,0.0,0.0,0.0,0.0,0.0,0.0,0.0,0.0,0.0,0.0,1.0,0.0,0.0,0.2540816326530612,0.4545454545454545,0.09090909090909091,0.14285714285714285,0.16666666666666666,3,0,0,1,0,0,1,1,0.185,0.2,0.00035305521141587977,750000.0
10209804,0,0.0,0.0,1.0,0.0,0.0,0.0,0.0,0.0,0.0,1.0,0.0,0.0,0.0,0.0,0.0,1.0,0.0,0.0,0.06326530612244899,0.09090909090909091,0.09090909090909091,0.0,0.05555555555555555,3,5,0,1,0,0,0,0,0.0,0.0,0.0,149000.0
10209945,0,0.0,1.0,0.0,0.0,0.0,0.0,0.0,0.0,0.0,0.0,0.0,0.0,0.0,1.0,0.0,0.0,0.0,1.0,0.1,0.09090909090909091,0.09090909090909091,0.0,0.1111111111111111,1,0,1,0,0,0,0,1,0.0,1.0,0.0,399000.0
10603245,0,1.0,0.0,0.0,0.0,1.0,0.0,0.0,0.0,0.0,0.0,0.0,0.0,0.0,0.0,0.0,1.0,0.0,0.0,0.07142857142857142,0.09090909090909091,0.0,0.0,0.0,4,5,0,0,0,0,0,1,0.0,0.12,0.0,195000.0
10472196,1,0.0,1.0,0.0,0.0,0.0,1.0,0.0,0.0,0.0,0.0,0.0,0.0,0.0,0.0,0.0,0.0,0.0,1.0,0.18877551020408165,0.1818181818181818,0.09090909090909091,0.0,0.1111111111111111,0,0,0,0,0,0,1,0,0.0,0.0,0.00027969308956322947,509093.0
10603190,0,0.0,1.0,0.0,0.0,0.0,0.0,1.0,0.0,0.0,0.0,0.0,0.0,0.0,0.0,0.0,0.0,0.0,1.0,0.14285714285714288,0.1818181818181818,0.09090909090909091,0.07142857142857142,0.1111111111111111,1,0,0,0,0,0,0,1,0.0,0.2,0.0,339000.0
10472348,1,0.0,0.0,1.0,0.0,0.0,0.0,0.0,0.0,0.0,1.0,0.0,0.0,0.0,0.0,1.0,0.0,0.0,0.0,0.41122448979591836,0.5454545454545454,0.18181818181818182,0.07142857142857142,0.16666666666666666,4,7,0,0,0,0,0,1,0.0,0.0,0.0006694293619054345,620000.0
10603120,0,0.0,1.0,0.0,1.0,0.0,0.0,0.0,0.0,0.0,0.0,0.0,0.0,0.0,0.0,0.0,1.0,0.0,0.0,0.023469387755102045,0.0,0.09090909090909091,0.0,0.05555555555555555,3,3,1,0,0,0,0,0,0.0,0.0,0.0,150000.0
10341300,1,0.0,1.0,0.0,0.0,0.0,0.0,0.0,0.0,0.0,0.0,0.0,0.0,0.0,1.0,0.0,0.0,0.0,1.0,0.1112244897959184,0.1818181818181818,0.0,0.0,0.0,3,0,0,0,0,0,0,0,0.0,0.0,0.00011279426234844991,301000.0
10603679,1,1.0,0.0,0.0,0.0,1.0,0.0,0.0,0.0,0.0,0.0,0.0,0.0,0.0,0.0,0.0,1.0,0.0,0.0,0.15306122448979595,0.2727272727272727,0.18181818181818182,0.14285714285714285,0.16666666666666666,0,7,0,0,0,0,0,1,0.0,0.15,0.0,369000.0
10472531,0,0.0,1.0,0.0,0.0,0.0,1.0,0.0,0.0,0.0,0.0,0.0,0.0,0.0,0.0,0.0,0.0,0.0,1.0,0.10714285714285715,0.1818181818181818,0.09090909090909091,0.07142857142857142,0.05555555555555555,1,2,0,0,0,0,0,1,0.0,0.18,0.0,249000.0
10604116,0,0.0,1.0,0.0,1.0,0.0,0.0,0.0,0.0,0.0,0.0,0.0,0.0,0.0,0.0,0.0,0.0,0.0,1.0,0.06938775510204082,0.09090909090909091,0.09090909090909091,0.0,0.05555555555555555,3,4,0,1,0,0,0,1,0.0,0.0,0.0,215000.0
10604131,1,0.0,1.0,0.0,0.0,0.0,0.0,1.0,0.0,0.0,0.0,0.0,0.0,0.0,0.0,0.0,1.0,0.0,0.0,0.14489795918367349,0.09090909090909091,0.18181818181818182,0.0,0.1111111111111111,0,0,0,0,0,0,1,1,0.0,0.01,0.00031637415048955465,499000.0
10472667,0,0.0,1.0,0.0,0.0,0.0,0.0,1.0,0.0,0.0,0.0,0.0,0.0,0.0,0.0,0.0,0.0,1.0,0.0,0.07142857142857142,0.1818181818181818,0.18181818181818182,0.07142857142857142,0.1111111111111111,1,0,1,0,0,0,0,1,0.0,0.0,0.0,349000.0
10473070,1,0.0,0.0,1.0,0.0,0.0,0.0,0.0,1.0,0.0,0.0,0.0,0.0,0.0,0.0,0.0,0.0,0.0,1.0,0.8163265306122449,0.5454545454545454,0.09090909090909091,0.42857142857142855,1.0,1,0,0,0,0,0,0,0,0.0,0.0,0.0,775000.0
10472910,0,0.0,1.0,0.0,0.0,0.0,1.0,0.0,0.0,0.0,0.0,0.0,0.0,0.0,0.0,1.0,0.0,0.0,0.0,0.08673469387755103,0.1818181818181818,0.09090909090909091,0.0,0.05555555555555555,0,2,1,0,0,0,0,0,0.0,0.0,0.0,150000.0
10604134,1,0.0,0.0,1.0,0.0,0.0,0.0,0.0,0.0,0.0,0.0,0.0,0.0,1.0,0.0,0.0,0.0,0.0,1.0,0.1326530612244898,0.1818181818181818,0.09090909090909091,0.0,0.1111111111111111,5,7,0,0,0,0,1,1,0.4,0.01,0.0008775943826623298,260000.0
10603733,1,0.0,0.0,1.0,0.0,0.0,0.0,0.0,1.0,0.0,0.0,0.0,0.0,0.0,0.0,0.0,0.0,0.0,1.0,0.19081632653061226,0.2727272727272727,0.09090909090909091,0.07142857142857142,0.16666666666666666,3,5,0,0,0,0,1,1,0.2,0.24,0.0002613525591000669,299999.0
10473288,0,0.0,1.0,0.0,0.0,0.0,0.0,1.0,0.0,0.0,0.0,0.0,0.0,0.0,0.0,0.0,0.0,1.0,0.0,0.08673469387755103,0.09090909090909091,0.09090909090909091,0.0,0.05555555555555555,4,3,0,0,0,0,0,1,0.0,0.06,0.0,270000.0
10211243,0,0.0,1.0,0.0,0.0,0.0,0.0,0.0,0.0,0.0,0.0,0.0,0.0,0.0,1.0,0.0,0.0,0.0,1.0,0.1,0.09090909090909091,0.09090909090909091,0.0,0.1111111111111111,1,2,1,0,0,0,1,1,0.0,1.0,0.0,399000.0
10473184,0,0.0,1.0,0.0,1.0,0.0,0.0,0.0,0.0,0.0,0.0,0.0,0.0,0.0,0.0,0.0,0.0,0.0,1.0,0.04081632653061225,0.09090909090909091,0.09090909090909091,0.0,0.05555555555555555,3,3,0,1,0,0,0,0,0.0,0.0,0.0,179000.0
10473404,0,0.0,1.0,0.0,1.0,0.0,0.0,0.0,0.0,0.0,0.0,0.0,0.0,0.0,0.0,0.0,0.0,0.0,1.0,0.08673469387755103,0.09090909090909091,0.09090909090909091,0.07142857142857142,0.0,1,2,1,0,0,0,0,1,0.0,0.02,0.0,243000.0
10211409,1,0.0,1.0,0.0,0.0,0.0,0.0,1.0,0.0,0.0,0.0,0.0,0.0,0.0,0.0,0.0,0.0,0.0,1.0,0.15714285714285717,0.2727272727272727,0.0,0.0,0.05555555555555555,4,4,0,0,0,0,0,0,0.0,0.0,0.0002191693390347929,190000.0
10342641,1,0.0,0.0,1.0,0.0,0.0,0.0,0.0,0.0,0.0,1.0,0.0,0.0,0.0,0.0,0.0,0.0,1.0,0.0,0.1326530612244898,0.2727272727272727,0.09090909090909091,0.07142857142857142,0.0,3,4,0,1,0,0,0,0,0.0,0.0,0.0,185000.0
10604811,1,0.0,0.0,1.0,0.0,0.0,0.0,0.0,0.0,0.0,1.0,0.0,0.0,0.0,0.0,0.0,0.0,0.0,1.0,0.08061224489795918,0.09090909090909091,0.09090909090909091,0.0,0.05555555555555555,4,4,0,0,0,0,1,1,0.05,0.1,0.0,125000.0
10473812,0,0.0,1.0,0.0,0.0,0.0,0.0,0.0,0.0,0.0,0.0,0.0,0.0,0.0,1.0,0.0,0.0,1.0,0.0,0.07142857142857142,0.09090909090909091,0.09090909090909091,0.0,0.05555555555555555,0,4,1,0,0,0,0,0,0.0,0.0,0.0,169000.0
10342816,1,0.0,1.0,0.0,0.0,0.0,0.0,0.0,0.0,0.0,0.0,0.0,0.0,0.0,1.0,0.0,0.0,1.0,0.0,0.1275510204081633,0.1818181818181818,0.0,0.0,0.0,0,0,0,0,0,0,0,1,0.0,0.46,0.00010912615625581739,334200.0
10342818,1,0.0,1.0,0.0,0.0,0.0,0.0,0.0,0.0,0.0,0.0,0.0,0.0,0.0,1.0,0.0,0.0,1.0,0.0,0.11836734693877551,0.1818181818181818,0.0,0.0,0.0,0,0,0,0,0,0,0,1,0.0,0.42,0.00010087291754739423,331000.0
10342817,1,0.0,1.0,0.0,0.0,0.0,0.0,0.0,0.0,0.0,0.0,0.0,0.0,0.0,1.0,0.0,0.0,1.0,0.0,0.12244897959183676,0.1818181818181818,0.0,0.0,0.0,0,0,0,0,0,0,0,1,0.0,0.46,0.00010545805016318488,330800.0
10342830,0,0.0,1.0,0.0,0.0,0.0,0.0,0.0,0.0,0.0,0.0,0.0,0.0,0.0,1.0,0.0,0.0,1.0,0.0,0.0816326530612245,0.09090909090909091,0.09090909090909091,0.0,0.05555555555555555,0,1,0,0,0,0,0,1,0.0,0.62,0.0,298500.0
10342831,0,0.0,1.0,0.0,0.0,0.0,0.0,0.0,0.0,0.0,0.0,0.0,0.0,0.0,1.0,0.0,0.0,1.0,0.0,0.06326530612244899,0.09090909090909091,0.09090909090909091,0.0,0.05555555555555555,0,1,0,0,0,0,0,1,0.0,0.72,0.0,235400.0
10342842,0,0.0,1.0,0.0,0.0,0.0,1.0,0.0,0.0,0.0,0.0,0.0,0.0,0.0,0.0,1.0,0.0,0.0,0.0,0.06632653061224492,0.09090909090909091,0.09090909090909091,0.0,0.05555555555555555,0,0,0,0,0,0,0,1,0.0,0.06,0.0,508629.0
10342911,1,0.0,1.0,0.0,0.0,0.0,0.0,0.0,0.0,1.0,0.0,0.0,0.0,0.0,0.0,0.0,0.0,0.0,1.0,0.10204081632653061,0.0,0.09090909090909091,0.0,0.05555555555555555,0,6,0,0,0,0,1,0,0.0,0.0,0.0012425709388792653,249000.0
10342841,0,0.0,1.0,0.0,0.0,0.0,1.0,0.0,0.0,0.0,0.0,0.0,0.0,0.0,0.0,1.0,0.0,0.0,0.0,0.09693877551020408,0.09090909090909091,0.09090909090909091,0.0,0.05555555555555555,0,0,0,0,0,0,0,1,0.0,0.13,0.0,649777.0
10605069,0,1.0,0.0,0.0,0.0,1.0,0.0,0.0,0.0,0.0,0.0,0.0,0.0,0.0,0.0,0.0,1.0,0.0,0.0,0.05306122448979592,0.09090909090909091,0.09090909090909091,0.0,0.05555555555555555,5,6,1,0,0,0,0,1,0.0,0.03,0.0,239000.0
10211852,1,0.0,0.0,1.0,0.0,0.0,0.0,0.0,0.0,0.0,0.0,0.0,0.0,1.0,0.0,0.0,0.0,0.0,1.0,0.8183673469387756,0.36363636363636365,0.36363636363636365,0.0,0.2777777777777778,3,2,0,0,1,0,0,1,0.0,0.0,0.004878581103201248,1750000.0
10605108,1,0.0,0.0,1.0,0.0,0.0,0.0,0.0,0.0,0.0,1.0,0.0,0.0,0.0,0.0,0.0,0.0,0.0,1.0,0.09897959183673471,0.1818181818181818,0.09090909090909091,0.07142857142857142,0.16666666666666666,3,3,0,0,0,0,1,1,0.132,0.1,0.00016689882721477954,299000.0
10605278,0,0.0,1.0,0.0,0.0,0.0,0.0,0.0,0.0,0.0,0.0,0.0,0.0,0.0,1.0,0.0,0.0,0.0,1.0,0.031632653061224494,0.0,0.09090909090909091,0.0,0.05555555555555555,3,5,1,0,0,0,0,1,0.0,0.0,0.0,183000.0
10605581,0,0.0,0.0,1.0,0.0,0.0,0.0,0.0,0.0,0.0,1.0,0.0,0.0,0.0,0.0,1.0,0.0,0.0,0.0,0.08877551020408164,0.09090909090909091,0.09090909090909091,0.0,0.05555555555555555,0,3,1,0,0,0,0,1,0.0,0.02,0.0,199000.0
10605679,0,0.0,1.0,0.0,0.0,0.0,1.0,0.0,0.0,0.0,0.0,0.0,0.0,0.0,0.0,1.0,0.0,0.0,0.0,0.05204081632653062,0.09090909090909091,0.09090909090909091,0.0,0.05555555555555555,3,2,1,0,0,0,0,1,0.0,0.14,0.0,174000.0
10605864,0,0.0,1.0,0.0,1.0,0.0,0.0,0.0,0.0,0.0,0.0,0.0,0.0,0.0,0.0,0.0,0.0,0.0,1.0,0.09489795918367347,0.1818181818181818,0.09090909090909091,0.0,0.1111111111111111,1,0,0,0,0,0,0,1,0.0,0.3,0.0,295000.0
10605832,0,1.0,0.0,0.0,0.0,1.0,0.0,0.0,0.0,0.0,0.0,0.0,0.0,0.0,0.0,0.0,0.0,0.0,1.0,0.025510204081632654,0.0,0.09090909090909091,0.0,0.0,0,0,0,0,0,0,0,0,0.0,0.0,0.0,215000.0
10474800,1,0.0,1.0,0.0,1.0,0.0,0.0,0.0,0.0,0.0,0.0,0.0,0.0,0.0,0.0,0.0,1.0,0.0,0.0,0.13469387755102044,0.1818181818181818,0.09090909090909091,0.0,0.05555555555555555,0,3,0,0,0,0,0,1,0.0,0.04,3.7598087449483305e-05,317000.0
10605872,1,0.0,1.0,0.0,1.0,0.0,0.0,0.0,0.0,0.0,0.0,0.0,0.0,0.0,0.0,0.0,0.0,0.0,1.0,0.1459183673469388,0.2727272727272727,0.18181818181818182,0.0,0.1111111111111111,3,6,0,0,1,0,0,1,0.0,0.0,0.0025484167078564414,465000.0
10474824,1,0.0,0.0,1.0,0.0,0.0,0.0,0.0,1.0,0.0,0.0,0.0,0.0,0.0,0.0,0.0,0.0,0.0,1.0,0.08469387755102042,0.09090909090909091,0.09090909090909091,0.0,0.1111111111111111,3,2,0,0,0,0,0,1,0.0,0.15,9.445373188528732e-05,170000.0
10474825,0,0.0,0.0,1.0,0.0,0.0,0.0,0.0,1.0,0.0,0.0,0.0,0.0,0.0,0.0,0.0,0.0,0.0,1.0,0.08469387755102042,0.09090909090909091,0.09090909090909091,0.0,0.1111111111111111,3,2,1,0,0,0,0,1,0.0,0.15,0.0,170000.0
10606168,0,0.0,1.0,0.0,1.0,0.0,0.0,0.0,0.0,0.0,0.0,0.0,0.0,0.0,0.0,0.0,0.0,0.0,1.0,0.12551020408163266,0.09090909090909091,0.18181818181818182,0.0,0.1111111111111111,1,2,1,1,0,0,0,1,0.0,0.0,0.0,469000.0
10605898,0,0.0,1.0,0.0,1.0,0.0,0.0,0.0,0.0,0.0,0.0,0.0,0.0,0.0,0.0,0.0,0.0,0.0,1.0,0.09489795918367347,0.1818181818181818,0.0,0.0,0.1111111111111111,1,0,0,0,0,0,0,1,0.0,0.3,0.0,295000.0
10606186,0,0.0,0.0,1.0,0.0,0.0,0.0,0.0,0.0,0.0,0.0,0.0,0.0,1.0,0.0,0.0,0.0,0.0,1.0,0.13775510204081634,0.2727272727272727,0.18181818181818182,0.0,0.0,0,0,0,0,0,0,0,0,0.0,0.0,0.0,395000.0
10605931,1,0.0,0.0,1.0,0.0,0.0,0.0,0.0,0.0,0.0,1.0,0.0,0.0,0.0,0.0,0.0,1.0,0.0,0.0,0.1653061224489796,0.09090909090909091,0.09090909090909091,0.0,0.05555555555555555,3,6,0,0,0,0,1,1,0.11,0.2,0.0001659818006916214,199000.0
10606265,0,0.0,1.0,0.0,0.0,0.0,0.0,0.0,0.0,0.0,0.0,0.0,0.0,0.0,1.0,0.0,0.0,1.0,0.0,0.059183673469387764,0.09090909090909091,0.09090909090909091,0.0,0.0,0,2,0,0,0,0,0,0,0.0,0.0,0.0,647500.0
10606437,1,0.0,1.0,0.0,0.0,0.0,0.0,0.0,0.0,1.0,0.0,0.0,0.0,0.0,0.0,0.0,0.0,0.0,1.0,0.2989795918367347,0.36363636363636365,0.18181818181818182,0.0,0.16666666666666666,0,2,0,1,0,0,0,0,0.0,0.0,0.008748433030928553,629000.0
10475364,1,0.0,1.0,0.0,0.0,0.0,1.0,0.0,0.0,0.0,0.0,0.0,0.0,0.0,0.0,0.0,0.0,0.0,1.0,0.3346938775510204,0.2727272727272727,0.09090909090909091,0.07142857142857142,0.1111111111111111,3,4,0,1,0,0,0,1,0.0,0.5,0.0008060663138559957,360000.0
10606514,1,0.0,0.0,1.0,0.0,0.0,0.0,0.0,0.0,0.0,0.0,0.0,1.0,0.0,0.0,0.0,1.0,0.0,0.0,0.11224489795918369,0.1818181818181818,0.09090909090909091,0.0,0.05555555555555555,3,5,0,1,0,0,0,0,0.0,0.0,0.00018340530463162587,169000.0
10475538,0,0.0,0.0,1.0,0.0,0.0,0.0,0.0,1.0,0.0,0.0,0.0,0.0,0.0,0.0,1.0,0.0,0.0,0.0,0.051020408163265314,0.09090909090909091,0.36363636363636365,0.0,0.05555555555555555,5,3,0,0,0,0,0,1,0.0,0.02,0.0,117000.0
10606326,0,0.0,1.0,0.0,0.0,0.0,0.0,1.0,0.0,0.0,0.0,0.0,0.0,0.0,0.0,0.0,0.0,1.0,0.0,0.05000000000000001,0.09090909090909091,0.09090909090909091,0.0,0.05555555555555555,3,4,1,0,0,0,0,1,0.0,0.06,0.0,169000.0
10607047,1,0.0,1.0,0.0,1.0,0.0,0.0,0.0,0.0,0.0,0.0,0.0,0.0,0.0,0.0,0.0,0.0,0.0,1.0,0.0816326530612245,0.1818181818181818,0.09090909090909091,0.0,0.05555555555555555,5,6,0,1,0,0,1,0,0.15,0.0,0.0002595185060537506,170000.0
10607066,1,0.0,1.0,0.0,1.0,0.0,0.0,0.0,0.0,0.0,0.0,0.0,0.0,0.0,0.0,0.0,0.0,0.0,1.0,0.25918367346938775,0.36363636363636365,0.18181818181818182,0.07142857142857142,0.1111111111111111,2,2,0,1,0,0,1,1,0.33,0.3,0.0008152365790875769,645000.0
10476011,0,0.0,1.0,0.0,1.0,0.0,0.0,0.0,0.0,0.0,0.0,0.0,0.0,0.0,0.0,0.0,0.0,0.0,1.0,0.06122448979591837,0.09090909090909091,0.0,0.0,0.0,1,2,0,0,0,0,0,1,0.0,0.0,0.0,269000.0
10607273,1,0.0,1.0,0.0,1.0,0.0,0.0,0.0,0.0,0.0,0.0,0.0,0.0,0.0,0.0,0.0,0.0,0.0,1.0,0.17346938775510207,0.09090909090909091,0.09090909090909091,0.0,0.05555555555555555,3,2,0,1,0,0,0,0,0.0,0.0,8.620049317686416e-05,415000.0
10082791,1,0.0,0.0,1.0,0.0,0.0,0.0,0.0,1.0,0.0,0.0,0.0,0.0,0.0,0.0,0.0,1.0,0.0,0.0,0.29489795918367345,0.2727272727272727,0.0,0.0,0.1111111111111111,3,2,0,0,0,0,0,1,0.0,1.0,0.0,385000.0
10607117,1,0.0,1.0,0.0,1.0,0.0,0.0,0.0,0.0,0.0,0.0,0.0,0.0,0.0,0.0,0.0,0.0,0.0,1.0,0.1326530612244898,0.09090909090909091,0.09090909090909091,0.0,0.1111111111111111,1,2,0,1,0,0,1,0,0.025,0.0,8.986859926949667e-05,275000.0
10476102,1,0.0,0.0,1.0,0.0,0.0,0.0,0.0,0.0,0.0,1.0,0.0,0.0,0.0,0.0,0.0,0.0,1.0,0.0,0.15816326530612246,0.1818181818181818,0.2727272727272727,0.0,0.0,3,4,0,0,0,0,0,1,0.0,0.2,0.0002246714981737417,197000.0
10476311,0,0.0,0.0,1.0,0.0,0.0,0.0,0.0,1.0,0.0,0.0,0.0,0.0,0.0,0.0,0.0,0.0,0.0,1.0,0.10816326530612247,0.1818181818181818,0.09090909090909091,0.0,0.1111111111111111,0,2,0,1,0,0,0,1,0.0,0.0,0.0,269000.0
10476310,0,0.0,0.0,1.0,0.0,0.0,0.0,0.0,1.0,0.0,0.0,0.0,0.0,0.0,0.0,0.0,0.0,0.0,1.0,0.07551020408163267,0.09090909090909091,0.09090909090909091,0.0,0.1111111111111111,0,2,0,1,0,0,0,0,0.0,0.0,0.0,205000.0
10607425,0,0.0,1.0,0.0,0.0,0.0,0.0,0.0,0.0,0.0,0.0,0.0,0.0,0.0,1.0,0.0,0.0,1.0,0.0,0.03571428571428572,0.0,0.09090909090909091,0.0,0.0,0,4,0,0,0,0,0,0,0.0,0.0,0.0,95000.0
10476386,0,0.0,1.0,0.0,0.0,0.0,0.0,0.0,0.0,0.0,0.0,0.0,0.0,0.0,1.0,0.0,0.0,0.0,1.0,0.04081632653061225,0.09090909090909091,0.09090909090909091,0.0,0.05555555555555555,3,5,0,0,0,0,1,0,0.0,0.0,0.0,135000.0
10607530,1,0.0,0.0,1.0,0.0,0.0,0.0,0.0,0.0,0.0,1.0,0.0,0.0,0.0,0.0,1.0,0.0,0.0,0.0,0.15306122448979595,0.1818181818181818,0.09090909090909091,0.07142857142857142,0.1111111111111111,3,4,0,1,0,0,1,1,0.3,0.2,0.00037598087449483304,335000.0
10607552,0,0.0,1.0,0.0,1.0,0.0,0.0,0.0,0.0,0.0,0.0,0.0,0.0,0.0,0.0,0.0,0.0,1.0,0.0,0.09387755102040818,0.1818181818181818,0.09090909090909091,0.0,0.05555555555555555,2,2,1,1,0,0,0,1,0.0,0.2,0.0,264900.0
10607596,1,0.0,1.0,0.0,1.0,0.0,0.0,0.0,0.0,0.0,0.0,0.0,0.0,0.0,0.0,0.0,1.0,0.0,0.0,0.14285714285714288,0.2727272727272727,0.09090909090909091,0.0,0.1111111111111111,3,4,0,1,0,0,1,0,0.045,0.0,0.0,335000.0
10607604,0,0.0,1.0,0.0,1.0,0.0,0.0,0.0,0.0,0.0,0.0,0.0,0.0,0.0,0.0,0.0,0.0,0.0,1.0,0.0816326530612245,0.09090909090909091,0.09090909090909091,0.0,0.05555555555555555,3,2,1,1,0,0,0,1,0.0,0.06,0.0,221000.0
10607781,1,0.0,1.0,0.0,0.0,0.0,0.0,0.0,0.0,0.0,0.0,0.0,0.0,0.0,1.0,0.0,0.0,0.0,1.0,0.09897959183673471,0.1818181818181818,0.09090909090909091,0.0,0.05555555555555555,3,3,0,0,0,0,0,0,0.0,0.0,0.00035488926446219606,159000.0
10607616,1,0.0,0.0,1.0,0.0,0.0,0.0,0.0,0.0,0.0,0.0,0.0,1.0,0.0,0.0,0.0,0.0,0.0,1.0,0.163265306122449,0.1818181818181818,0.09090909090909091,0.0,0.1111111111111111,3,5,0,1,0,0,1,1,0.787,0.15,0.0010261526794139468,239000.0
10607627,0,1.0,0.0,0.0,0.0,1.0,0.0,0.0,0.0,0.0,0.0,0.0,0.0,0.0,0.0,0.0,1.0,0.0,0.0,0.05204081632653062,0.09090909090909091,0.09090909090909091,0.0,0.05555555555555555,2,7,0,0,0,0,0,0,0.0,0.0,0.0,275000.0
10607843,1,0.0,0.0,1.0,0.0,0.0,0.0,0.0,0.0,0.0,1.0,0.0,0.0,0.0,0.0,0.0,0.0,0.0,1.0,0.3112244897959184,0.1818181818181818,0.09090909090909091,0.0,0.1111111111111111,0,3,0,1,0,0,1,1,1.0,0.12,0.0,299000.0
10476728,1,0.0,1.0,0.0,0.0,0.0,0.0,1.0,0.0,0.0,0.0,0.0,0.0,0.0,0.0,0.0,0.0,0.0,1.0,0.2857142857142857,0.36363636363636365,0.18181818181818182,0.0,0.1111111111111111,5,0,0,0,0,0,1,1,1.0,0.3,0.0014305613761266818,720000.0
10476872,1,0.0,1.0,0.0,1.0,0.0,0.0,0.0,0.0,0.0,0.0,0.0,0.0,0.0,0.0,0.0,0.0,0.0,1.0,0.11224489795918369,0.09090909090909091,0.09090909090909091,0.0,0.05555555555555555,4,0,0,0,0,0,1,0,1.0,0.0,0.0018854065316131138,348500.0
10608199,1,0.0,1.0,0.0,1.0,0.0,0.0,0.0,0.0,0.0,0.0,0.0,0.0,0.0,0.0,0.0,0.0,0.0,1.0,0.1479591836734694,0.1818181818181818,0.09090909090909091,0.0,0.05555555555555555,0,4,0,0,0,0,0,0,0.0,0.0,9.170265231581294e-05,299000.0
10477173,0,0.0,0.0,1.0,0.0,0.0,0.0,0.0,1.0,0.0,0.0,0.0,0.0,0.0,0.0,0.0,0.0,0.0,1.0,0.07448979591836735,0.09090909090909091,0.09090909090909091,0.07142857142857142,0.05555555555555555,1,0,1,0,0,0,1,0,0.063,0.0,0.0,215000.0
10477175,0,0.0,0.0,1.0,0.0,0.0,0.0,0.0,1.0,0.0,0.0,0.0,0.0,0.0,0.0,0.0,0.0,0.0,1.0,0.09489795918367347,0.09090909090909091,0.09090909090909091,0.07142857142857142,0.05555555555555555,1,0,1,0,0,0,0,1,0.0,0.06,0.0,240000.0
10608319,0,0.0,1.0,0.0,0.0,0.0,0.0,1.0,0.0,0.0,0.0,0.0,0.0,0.0,0.0,1.0,0.0,0.0,0.0,0.006122448979591837,0.0,0.09090909090909091,0.0,0.0,0,3,0,0,0,0,0,0,0.0,0.0,0.0,195000.0
10608330,1,0.0,1.0,0.0,1.0,0.0,0.0,0.0,0.0,0.0,0.0,0.0,0.0,0.0,0.0,0.0,0.0,0.0,1.0,0.1785714285714286,0.09090909090909091,0.09090909090909091,0.0,0.05555555555555555,1,3,0,0,0,0,0,1,0.0,0.0,0.00017882017201583522,385000.0
10608449,0,0.0,1.0,0.0,0.0,0.0,0.0,0.0,0.0,1.0,0.0,0.0,0.0,0.0,0.0,0.0,0.0,1.0,0.0,0.09693877551020408,0.09090909090909091,0.09090909090909091,0.0,0.0,1,2,1,0,0,0,0,1,0.0,0.16,0.0,229000.0
10608536,1,0.0,0.0,1.0,0.0,0.0,0.0,0.0,0.0,0.0,0.0,1.0,0.0,0.0,0.0,0.0,0.0,0.0,1.0,0.1836734693877551,0.2727272727272727,0.18181818181818182,0.14285714285714285,0.1111111111111111,3,3,0,0,0,0,1,1,0.35000000000000003,0.13,0.0005327924099548731,400000.0
10477779,0,0.0,1.0,0.0,0.0,0.0,0.0,0.0,0.0,0.0,0.0,0.0,0.0,0.0,1.0,0.0,0.0,0.0,1.0,0.057142857142857155,0.09090909090909091,0.09090909090909091,0.0,0.05555555555555555,3,4,1,0,0,0,0,1,0.0,0.32,0.0,275000.0
10478066,1,0.0,1.0,0.0,1.0,0.0,0.0,0.0,0.0,0.0,0.0,0.0,0.0,0.0,0.0,0.0,0.0,1.0,0.0,0.1622448979591837,0.1818181818181818,0.09090909090909091,0.0,0.1111111111111111,3,2,0,1,1,0,1,1,0.68,0.77,0.0013196011668245482,490000.0
10477835,0,1.0,0.0,0.0,0.0,1.0,0.0,0.0,0.0,0.0,0.0,0.0,0.0,0.0,0.0,0.0,0.0,1.0,0.0,0.0020408163265306124,0.0,0.0,0.07142857142857142,0.0,0,5,1,1,0,0,0,0,0.0,0.0,0.0,110000.0
10478152,1,0.0,1.0,0.0,1.0,0.0,0.0,0.0,0.0,0.0,0.0,0.0,0.0,0.0,0.0,0.0,0.0,0.0,1.0,0.22448979591836737,0.36363636363636365,0.2727272727272727,0.21428571428571427,0.16666666666666666,3,3,0,0,0,0,1,1,0.03,0.16,0.00011462831539476617,360000.0
10478162,1,0.0,0.0,1.0,0.0,0.0,0.0,0.0,1.0,0.0,0.0,0.0,0.0,0.0,0.0,0.0,0.0,1.0,0.0,0.030612244897959183,0.09090909090909091,0.09090909090909091,0.0,0.05555555555555555,0,4,0,0,0,0,0,0,0.0,0.0,3.943214049579956e-05,70000.0
10609555,0,1.0,0.0,0.0,0.0,1.0,0.0,0.0,0.0,0.0,0.0,0.0,0.0,0.0,0.0,0.0,0.0,0.0,1.0,0.15510204081632656,0.1818181818181818,0.18181818181818182,0.0,0.1111111111111111,2,3,1,0,0,0,0,1,0.0,0.26,0.0,950000.0
10609346,0,1.0,0.0,0.0,0.0,1.0,0.0,0.0,0.0,0.0,0.0,0.0,0.0,0.0,0.0,0.0,1.0,0.0,0.0,0.05204081632653062,0.0,0.09090909090909091,0.0,0.0,2,7,0,0,0,0,0,0,0.0,0.0,0.0,275000.0
10609712,1,0.0,1.0,0.0,0.0,0.0,0.0,1.0,0.0,0.0,0.0,0.0,0.0,0.0,0.0,0.0,0.0,0.0,1.0,0.163265306122449,0.4545454545454545,0.09090909090909091,0.07142857142857142,0.16666666666666666,5,0,0,0,0,0,1,0,0.3,0.0,0.0,345000.0
10609309,1,0.0,1.0,0.0,0.0,0.0,0.0,0.0,0.0,0.0,0.0,0.0,0.0,0.0,1.0,0.0,0.0,0.0,1.0,0.09693877551020408,0.1818181818181818,0.09090909090909091,0.07142857142857142,0.05555555555555555,1,3,0,0,0,0,0,1,0.0,0.0,0.0004951943225053898,298600.0
10609479,1,0.0,1.0,0.0,0.0,0.0,1.0,0.0,0.0,0.0,0.0,0.0,0.0,0.0,0.0,0.0,0.0,1.0,0.0,0.10816326530612247,0.1818181818181818,0.09090909090909091,0.0,0.1111111111111111,1,1,0,0,0,0,1,0,0.22,0.0,0.00032095928310534527,298000.0
10609716,1,0.0,0.0,1.0,0.0,0.0,0.0,0.0,1.0,0.0,0.0,0.0,0.0,0.0,0.0,0.0,0.0,1.0,0.0,0.10204081632653061,0.1818181818181818,0.0,0.07142857142857142,0.05555555555555555,0,4,0,1,0,0,1,0,0.0,0.0,0.00017423503940004458,159000.0
10609720,1,0.0,0.0,1.0,0.0,0.0,0.0,0.0,0.0,0.0,1.0,0.0,0.0,0.0,0.0,0.0,0.0,0.0,1.0,0.15204081632653063,0.1818181818181818,0.09090909090909091,0.0,0.05555555555555555,5,7,0,1,0,0,1,1,0.2,0.1,0.000290697407841127,219000.0
10478749,1,0.0,1.0,0.0,0.0,0.0,1.0,0.0,0.0,0.0,0.0,0.0,0.0,0.0,0.0,0.0,0.0,1.0,0.0,0.18265306122448982,0.2727272727272727,0.0,0.0,0.0,3,5,0,0,0,0,0,1,0.0,0.0,0.00018340530463162587,270000.0
10478748,0,0.0,1.0,0.0,1.0,0.0,0.0,0.0,0.0,0.0,0.0,0.0,0.0,0.0,0.0,0.0,1.0,0.0,0.0,0.07551020408163267,0.0,0.09090909090909091,0.0,0.05555555555555555,0,2,0,0,0,0,0,0,0.0,0.0,0.0,254000.0
10610043,1,0.0,1.0,0.0,0.0,0.0,0.0,0.0,0.0,0.0,0.0,0.0,0.0,0.0,1.0,0.0,0.0,0.0,1.0,0.15714285714285717,0.1818181818181818,0.09090909090909091,0.0,0.1111111111111111,0,0,0,0,0,0,0,0,0.0,0.0,0.001077506164710802,729883.0
10609993,0,1.0,0.0,0.0,0.0,1.0,0.0,0.0,0.0,0.0,0.0,0.0,0.0,0.0,0.0,1.0,0.0,0.0,0.0,0.030612244897959183,0.0,0.09090909090909091,0.0,0.0,0,3,0,0,0,0,0,0,0.0,0.0,0.0,259500.0
10610039,1,0.0,1.0,0.0,0.0,0.0,0.0,0.0,0.0,0.0,0.0,0.0,0.0,0.0,1.0,0.0,0.0,0.0,1.0,0.1489795918367347,0.1818181818181818,0.09090909090909091,0.0,0.1111111111111111,0,0,0,0,0,0,0,0,0.0,0.0,0.0007272020328643966,565364.0
10610091,1,0.0,1.0,0.0,0.0,0.0,0.0,0.0,0.0,0.0,0.0,0.0,0.0,0.0,1.0,0.0,0.0,0.0,1.0,0.09897959183673471,0.2727272727272727,0.09090909090909091,0.0,0.05555555555555555,4,5,0,0,0,0,1,0,0.0,0.0,0.00019807772900215593,185000.0
10479142,1,0.0,1.0,0.0,0.0,0.0,0.0,0.0,0.0,0.0,0.0,0.0,0.0,0.0,1.0,0.0,0.0,0.0,1.0,0.21836734693877555,0.09090909090909091,0.09090909090909091,0.0,0.05555555555555555,5,6,0,0,0,0,1,1,0.0,0.0,0.002616276670570143,289000.0
10479122,1,0.0,0.0,1.0,0.0,0.0,0.0,0.0,1.0,0.0,0.0,0.0,0.0,0.0,0.0,0.0,0.0,1.0,0.0,0.15816326530612246,0.2727272727272727,0.09090909090909091,0.0,0.1111111111111111,0,0,0,0,0,0,0,0,0.0,0.0,0.00029803362002639206,265934.0
10479124,1,0.0,0.0,1.0,0.0,0.0,0.0,0.0,1.0,0.0,0.0,0.0,0.0,0.0,0.0,0.0,0.0,1.0,0.0,0.16632653061224492,0.2727272727272727,0.09090909090909091,0.0,0.1111111111111111,0,0,0,0,0,0,0,0,0.0,0.0,0.0002347587899284811,267861.0
10610567,0,1.0,0.0,0.0,0.0,1.0,0.0,0.0,0.0,0.0,0.0,0.0,0.0,0.0,0.0,0.0,1.0,0.0,0.0,0.0816326530612245,0.09090909090909091,0.09090909090909091,0.0,0.05555555555555555,1,4,0,0,0,0,0,0,0.0,0.0,0.0,365000.0
10610443,0,1.0,0.0,0.0,0.0,1.0,0.0,0.0,0.0,0.0,0.0,0.0,0.0,0.0,0.0,0.0,0.0,0.0,1.0,0.05612244897959184,0.09090909090909091,0.09090909090909091,0.0,0.05555555555555555,0,0,1,0,0,0,0,1,0.0,0.18,0.0,200000.0
10610582,1,0.0,1.0,0.0,0.0,0.0,1.0,0.0,0.0,0.0,0.0,0.0,0.0,0.0,0.0,0.0,0.0,0.0,1.0,0.09183673469387757,0.09090909090909091,0.09090909090909091,0.0,0.05555555555555555,3,6,0,0,0,0,1,1,0.065,0.0,0.0001283837132421381,175000.0
10610606,1,0.0,0.0,1.0,0.0,0.0,0.0,0.0,1.0,0.0,0.0,0.0,0.0,0.0,0.0,0.0,0.0,0.0,1.0,0.2653061224489796,0.36363636363636365,0.18181818181818182,0.14285714285714285,0.0,1,4,0,0,0,0,1,1,1.0,0.6,0.001459906224867742,620000.0
10610694,0,0.0,1.0,0.0,0.0,0.0,0.0,1.0,0.0,0.0,0.0,0.0,0.0,0.0,0.0,0.0,0.0,0.0,1.0,0.05816326530612246,0.09090909090909091,0.09090909090909091,0.0,0.05555555555555555,4,3,0,0,0,0,0,0,0.0,0.0,0.0,219000.0
10610808,0,1.0,0.0,0.0,0.0,1.0,0.0,0.0,0.0,0.0,0.0,0.0,0.0,0.0,0.0,0.0,1.0,0.0,0.0,0.15306122448979595,0.1818181818181818,0.09090909090909091,0.07142857142857142,0.1111111111111111,1,5,1,1,0,0,0,1,0.0,0.01,0.0,880000.0
10479695,1,0.0,0.0,1.0,0.0,0.0,0.0,0.0,1.0,0.0,0.0,0.0,0.0,0.0,0.0,0.0,0.0,0.0,1.0,0.3051020408163265,0.36363636363636365,0.18181818181818182,0.14285714285714285,0.0,3,4,0,0,0,0,0,1,0.0,0.0,0.0057130752392751455,550000.0
10479538,0,0.0,1.0,0.0,0.0,0.0,0.0,0.0,0.0,0.0,0.0,0.0,0.0,0.0,1.0,0.0,0.0,1.0,0.0,0.05510204081632653,0.09090909090909091,0.09090909090909091,0.0,0.05555555555555555,2,2,1,0,0,0,0,1,0.0,0.0,0.0,647500.0
10479767,1,0.0,1.0,0.0,1.0,0.0,0.0,0.0,0.0,0.0,0.0,0.0,0.0,0.0,0.0,0.0,0.0,0.0,1.0,0.1295918367346939,0.1818181818181818,0.09090909090909091,0.07142857142857142,0.05555555555555555,5,6,0,0,0,0,1,0,0.35000000000000003,0.0,0.0007106955554475503,139000.0
10611096,1,0.0,0.0,1.0,0.0,0.0,0.0,0.0,1.0,0.0,0.0,0.0,0.0,0.0,0.0,0.0,0.0,0.0,1.0,0.21938775510204084,0.2727272727272727,0.09090909090909091,0.0,0.1111111111111111,1,4,0,0,0,0,1,1,0.5,0.11,0.0008354111625970558,410000.0
10611025,1,0.0,1.0,0.0,0.0,0.0,0.0,1.0,0.0,0.0,0.0,0.0,0.0,0.0,0.0,0.0,0.0,0.0,1.0,0.12551020408163266,0.09090909090909091,0.09090909090909091,0.0,0.05555555555555555,5,5,0,1,0,0,0,1,0.0,0.0,0.0005548010465106682,369000.0
10479875,0,1.0,0.0,0.0,0.0,1.0,0.0,0.0,0.0,0.0,0.0,0.0,0.0,0.0,0.0,0.0,1.0,0.0,0.0,0.036734693877551024,0.09090909090909091,0.09090909090909091,0.0,0.05555555555555555,4,0,1,0,0,0,0,1,0.0,0.21,0.0,242500.0
10611367,1,0.0,1.0,0.0,0.0,0.0,0.0,0.0,0.0,1.0,0.0,0.0,0.0,0.0,0.0,0.0,0.0,0.0,1.0,0.1112244897959184,0.09090909090909091,0.09090909090909091,0.0,0.1111111111111111,0,0,0,1,0,0,1,0,0.0,0.0,0.000340216840091666,370000.0
10611447,0,0.0,1.0,0.0,0.0,0.0,1.0,0.0,0.0,0.0,0.0,0.0,0.0,0.0,0.0,1.0,0.0,0.0,0.0,0.08673469387755103,0.1818181818181818,0.09090909090909091,0.0,0.1111111111111111,4,2,1,1,0,0,0,0,0.0,0.0,0.0,399500.0
10480476,0,0.0,1.0,0.0,1.0,0.0,0.0,0.0,0.0,0.0,0.0,0.0,0.0,0.0,0.0,0.0,1.0,0.0,0.0,0.04795918367346939,0.0,0.09090909090909091,0.0,0.05555555555555555,1,2,1,0,0,0,0,1,0.0,0.07,0.0,299000.0
10480569,1,0.0,1.0,0.0,0.0,0.0,1.0,0.0,0.0,0.0,0.0,0.0,0.0,0.0,0.0,0.0,0.0,0.0,1.0,0.12346938775510205,0.2727272727272727,0.09090909090909091,0.07142857142857142,0.1111111111111111,5,6,0,1,0,0,1,0,0.0,0.0,0.0002448460816832205,235000.0
10611481,1,0.0,1.0,0.0,0.0,0.0,0.0,1.0,0.0,0.0,0.0,0.0,0.0,0.0,0.0,0.0,0.0,0.0,1.0,0.2683673469387755,0.1818181818181818,0.18181818181818182,0.0,0.1111111111111111,1,1,0,0,0,0,0,1,0.0,0.0,0.0008454984543517952,895000.0
10611624,1,0.0,0.0,1.0,0.0,0.0,0.0,0.0,1.0,0.0,0.0,0.0,0.0,0.0,0.0,0.0,0.0,0.0,1.0,0.21938775510204084,0.2727272727272727,0.09090909090909091,0.0,0.1111111111111111,1,4,0,0,0,0,1,1,0.5,0.11,0.0008354111625970558,410000.0
10611657,0,0.0,1.0,0.0,1.0,0.0,0.0,0.0,0.0,0.0,0.0,0.0,0.0,0.0,0.0,0.0,1.0,0.0,0.0,0.09183673469387757,0.09090909090909091,0.09090909090909091,0.0,0.0,3,4,1,0,0,0,0,1,0.0,0.15,0.0,265000.0
10087383,1,0.0,1.0,0.0,0.0,0.0,0.0,0.0,0.0,0.0,0.0,0.0,0.0,0.0,1.0,0.0,0.0,0.0,1.0,0.1326530612244898,0.1818181818181818,0.09090909090909091,0.0,0.1111111111111111,0,0,0,0,0,0,0,0,0.0,0.0,0.0,292061.0
10480716,0,0.0,1.0,0.0,0.0,0.0,0.0,0.0,0.0,0.0,0.0,0.0,0.0,0.0,1.0,0.0,0.0,1.0,0.0,0.08061224489795918,0.09090909090909091,0.18181818181818182,0.0,0.0,1,2,1,0,0,0,0,1,0.0,0.0,0.0,995000.0
10611711,0,0.0,1.0,0.0,0.0,0.0,1.0,0.0,0.0,0.0,0.0,0.0,0.0,0.0,0.0,1.0,0.0,0.0,0.0,0.163265306122449,0.1818181818181818,0.18181818181818182,0.0,0.1111111111111111,4,0,0,1,0,0,0,1,0.0,0.13,0.0,480000.0
10611827,0,0.0,0.0,1.0,0.0,0.0,0.0,0.0,0.0,0.0,1.0,0.0,0.0,0.0,0.0,0.0,1.0,0.0,0.0,0.1275510204081633,0.1818181818181818,0.18181818181818182,0.0,0.1111111111111111,3,2,1,1,0,0,0,1,0.0,0.2,0.0,399000.0
10611828,0,0.0,0.0,1.0,0.0,0.0,0.0,0.0,0.0,0.0,1.0,0.0,0.0,0.0,0.0,0.0,1.0,0.0,0.0,0.1275510204081633,0.1818181818181818,0.18181818181818182,0.0,0.1111111111111111,3,2,1,1,0,0,0,1,0.0,0.2,0.0,399000.0
10480892,1,0.0,1.0,0.0,0.0,0.0,0.0,0.0,0.0,0.0,0.0,0.0,0.0,0.0,1.0,0.0,0.0,1.0,0.0,0.1285714285714286,0.1818181818181818,0.18181818181818182,0.14285714285714285,0.0,0,6,0,0,0,0,0,0,0.0,0.0,6.87769892368597e-05,259000.0
10612033,0,1.0,0.0,0.0,0.0,1.0,0.0,0.0,0.0,0.0,0.0,0.0,0.0,0.0,0.0,0.0,1.0,0.0,0.0,0.10204081632653061,0.09090909090909091,0.18181818181818182,0.07142857142857142,0.1111111111111111,4,7,0,0,0,0,0,1,0.0,0.12,0.0,285000.0
10611898,0,0.0,0.0,1.0,0.0,0.0,0.0,0.0,0.0,0.0,0.0,1.0,0.0,0.0,0.0,0.0,0.0,0.0,1.0,0.11734693877551022,0.09090909090909091,0.09090909090909091,0.0,0.05555555555555555,3,3,0,1,0,0,0,0,0.0,0.0,0.0,145000.0
10612034,0,1.0,0.0,0.0,0.0,1.0,0.0,0.0,0.0,0.0,0.0,0.0,0.0,0.0,0.0,0.0,1.0,0.0,0.0,0.10204081632653061,0.09090909090909091,0.18181818181818182,0.07142857142857142,0.1111111111111111,4,7,0,0,0,0,0,1,0.0,0.12,0.0,285000.0
10611892,0,0.0,1.0,0.0,1.0,0.0,0.0,0.0,0.0,0.0,0.0,0.0,0.0,0.0,0.0,1.0,0.0,0.0,0.0,0.09591836734693879,0.09090909090909091,0.09090909090909091,0.0,0.05555555555555555,1,0,0,0,0,0,0,1,0.0,0.09,0.0,675000.0
10480955,0,0.0,0.0,1.0,0.0,0.0,0.0,0.0,0.0,0.0,0.0,1.0,0.0,0.0,0.0,0.0,0.0,1.0,0.0,0.08469387755102042,0.2727272727272727,0.09090909090909091,0.0,0.1111111111111111,3,3,1,0,0,0,0,0,0.0,0.0,0.0,238000.0
10481191,1,1.0,0.0,0.0,0.0,1.0,0.0,0.0,0.0,0.0,0.0,0.0,0.0,0.0,0.0,0.0,1.0,0.0,0.0,0.1836734693877551,0.36363636363636365,0.09090909090909091,0.14285714285714285,0.16666666666666666,4,0,0,0,0,0,0,1,0.0,0.01,0.0,426000.0
10612233,1,0.0,1.0,0.0,0.0,0.0,0.0,1.0,0.0,0.0,0.0,0.0,0.0,0.0,0.0,0.0,0.0,1.0,0.0,0.13979591836734695,0.1818181818181818,0.09090909090909091,0.0,0.05555555555555555,3,5,0,0,0,0,0,1,0.0,0.0,0.0007116125819707084,399500.0
10612328,1,0.0,0.0,1.0,0.0,0.0,0.0,0.0,0.0,0.0,1.0,0.0,0.0,0.0,0.0,0.0,0.0,1.0,0.0,0.07142857142857142,0.0,0.09090909090909091,0.0,0.05555555555555555,3,7,0,1,0,0,1,0,0.58,0.0,0.0006116566909464723,237000.0
10612274,1,0.0,0.0,1.0,0.0,0.0,0.0,0.0,0.0,0.0,0.0,0.0,1.0,0.0,0.0,0.0,0.0,0.0,1.0,0.1836734693877551,0.2727272727272727,0.09090909090909091,0.0,0.05555555555555555,2,0,0,0,0,0,0,1,0.0,0.3,0.0,299000.0
10350315,0,0.0,1.0,0.0,0.0,0.0,1.0,0.0,0.0,0.0,0.0,0.0,0.0,0.0,0.0,0.0,0.0,0.0,1.0,0.11224489795918369,0.1818181818181818,0.18181818181818182,0.0,0.0,0,0,1,0,0,0,0,1,0.0,0.15,0.0,315000.0
10612458,0,0.0,1.0,0.0,0.0,0.0,0.0,0.0,0.0,0.0,0.0,0.0,0.0,0.0,1.0,0.0,0.0,0.0,1.0,0.018367346938775515,0.0,0.09090909090909091,0.0,0.0,3,2,0,0,0,0,0,0,0.0,0.0,0.0,135000.0
10350268,1,0.0,0.0,1.0,0.0,0.0,0.0,0.0,0.0,0.0,0.0,0.0,0.0,1.0,0.0,0.0,0.0,1.0,0.0,0.1316326530612245,0.0,0.09090909090909091,0.07142857142857142,0.1111111111111111,3,0,0,0,0,0,0,1,0.0,0.12,0.0,325000.0
9957142,0,0.0,1.0,0.0,0.0,0.0,0.0,0.0,0.0,0.0,0.0,0.0,0.0,0.0,1.0,0.0,0.0,1.0,0.0,0.3336734693877551,0.1818181818181818,0.2727272727272727,0.0,0.16666666666666666,1,0,1,0,1,0,1,0,0.55,0.0,0.0,1295000.0
10612338,1,0.0,1.0,0.0,1.0,0.0,0.0,0.0,0.0,0.0,0.0,0.0,0.0,0.0,0.0,0.0,0.0,0.0,1.0,0.14081632653061227,0.2727272727272727,0.09090909090909091,0.0,0.1111111111111111,3,0,0,0,0,0,1,1,0.3,0.4,0.0008372452156433721,450000.0
10481435,1,0.0,1.0,0.0,1.0,0.0,0.0,0.0,0.0,0.0,0.0,0.0,0.0,0.0,0.0,0.0,0.0,0.0,1.0,0.17448979591836736,0.2727272727272727,0.0,0.0,0.1111111111111111,1,0,0,0,0,0,1,0,0.0,0.0,0.0007519617489896661,499000.0
10612540,1,0.0,1.0,0.0,0.0,0.0,1.0,0.0,0.0,0.0,0.0,0.0,0.0,0.0,0.0,0.0,0.0,0.0,1.0,0.32755102040816325,0.2727272727272727,0.18181818181818182,0.0,0.0,0,6,0,0,0,0,1,0,0.0,0.0,0.0018404722319783657,625000.0
10481436,1,0.0,1.0,0.0,1.0,0.0,0.0,0.0,0.0,0.0,0.0,0.0,0.0,0.0,0.0,0.0,0.0,0.0,1.0,0.17448979591836736,0.2727272727272727,0.0,0.0,0.1111111111111111,1,0,0,0,0,0,1,0,0.0,0.0,0.0007519617489896661,499000.0
10612708,1,0.0,1.0,0.0,0.0,0.0,1.0,0.0,0.0,0.0,0.0,0.0,0.0,0.0,0.0,0.0,0.0,0.0,1.0,0.17448979591836736,0.1818181818181818,0.09090909090909091,0.0,0.1111111111111111,3,0,0,0,0,0,0,0,0.0,0.0,0.0,385000.0
10612849,0,0.0,1.0,0.0,0.0,0.0,0.0,0.0,0.0,0.0,0.0,0.0,0.0,0.0,1.0,0.0,0.0,0.0,1.0,0.04795918367346939,0.1818181818181818,0.09090909090909091,0.0,0.05555555555555555,0,2,1,0,0,0,0,1,0.0,0.0,0.0,230000.0
10613048,1,0.0,0.0,1.0,0.0,0.0,0.0,0.0,1.0,0.0,0.0,0.0,0.0,0.0,0.0,0.0,0.0,0.0,1.0,0.22653061224489798,0.09090909090909091,0.09090909090909091,0.0,0.05555555555555555,0,4,0,0,0,0,0,1,0.0,1.0,0.0070592701752712796,410000.0
10612998,0,0.0,1.0,0.0,0.0,0.0,1.0,0.0,0.0,0.0,0.0,0.0,0.0,0.0,0.0,0.0,0.0,1.0,0.0,0.051020408163265314,0.0,0.09090909090909091,0.0,0.05555555555555555,0,2,0,0,0,0,0,0,0.0,0.0,0.0,199000.0
10613077,1,0.0,1.0,0.0,0.0,0.0,0.0,0.0,0.0,0.0,0.0,0.0,0.0,0.0,1.0,0.0,0.0,0.0,1.0,0.20612244897959187,0.2727272727272727,0.09090909090909091,0.0,0.0,5,5,0,0,0,0,1,0,0.0,0.0,0.00037598087449483304,250000.0
10613007,1,0.0,1.0,0.0,0.0,0.0,0.0,0.0,0.0,0.0,0.0,0.0,0.0,0.0,1.0,0.0,0.0,0.0,1.0,0.5714285714285715,0.2727272727272727,0.0,0.0,0.0,0,6,0,0,0,0,0,0,0.0,0.0,0.0009564586636539289,659000.0
10482196,1,0.0,1.0,0.0,0.0,0.0,0.0,0.0,0.0,0.0,0.0,0.0,0.0,0.0,1.0,0.0,0.0,0.0,1.0,0.14285714285714288,0.09090909090909091,0.09090909090909091,0.0,0.05555555555555555,1,0,0,0,0,0,1,1,0.544,0.23,0.0006410015396875324,499000.0
10613473,0,1.0,0.0,0.0,0.0,1.0,0.0,0.0,0.0,0.0,0.0,0.0,0.0,0.0,0.0,0.0,0.0,1.0,0.0,0.2510204081632653,0.2727272727272727,0.18181818181818182,0.07142857142857142,0.05555555555555555,3,5,1,0,0,0,0,1,0.0,0.0,0.0,998000.0
10482374,0,1.0,0.0,0.0,0.0,1.0,0.0,0.0,0.0,0.0,0.0,0.0,0.0,0.0,0.0,0.0,1.0,0.0,0.0,0.06632653061224492,0.09090909090909091,0.09090909090909091,0.0,0.1111111111111111,1,0,0,0,0,0,0,0,0.0,0.0,0.0,280000.0
10482762,0,0.0,1.0,0.0,0.0,0.0,0.0,0.0,0.0,0.0,0.0,0.0,0.0,0.0,1.0,0.0,0.0,1.0,0.0,0.11938775510204083,0.1818181818181818,0.09090909090909091,0.0,0.05555555555555555,3,3,1,0,0,0,0,1,0.0,0.05,0.0,199000.0
10613632,1,0.0,1.0,0.0,0.0,0.0,0.0,0.0,0.0,1.0,0.0,0.0,0.0,0.0,0.0,0.0,0.0,0.0,1.0,0.20408163265306126,0.1818181818181818,0.09090909090909091,0.0,0.05555555555555555,4,5,0,0,0,0,1,1,1.0,0.12,0.0015772856198319825,322000.0
10613850,1,0.0,0.0,1.0,0.0,0.0,0.0,0.0,1.0,0.0,0.0,0.0,0.0,0.0,0.0,0.0,0.0,0.0,1.0,0.113265306122449,0.1818181818181818,0.09090909090909091,0.07142857142857142,0.0,1,2,0,0,0,0,1,1,0.12,0.0,0.00028244416913270385,319000.0
10351353,1,0.0,1.0,0.0,0.0,0.0,0.0,1.0,0.0,0.0,0.0,0.0,0.0,0.0,0.0,0.0,0.0,1.0,0.0,0.11836734693877551,0.2727272727272727,0.09090909090909091,0.0,0.05555555555555555,5,6,0,0,0,0,1,1,0.186,0.06,0.0002842782221790201,189000.0
10613854,1,0.0,0.0,1.0,0.0,0.0,0.0,0.0,1.0,0.0,0.0,0.0,0.0,0.0,0.0,0.0,0.0,1.0,0.0,0.15306122448979595,0.36363636363636365,0.09090909090909091,0.14285714285714285,0.0,3,5,0,0,0,0,1,1,0.2,0.5,0.000475019738995911,299000.0
10613818,1,0.0,0.0,1.0,0.0,0.0,0.0,0.0,1.0,0.0,0.0,0.0,0.0,0.0,0.0,0.0,0.0,0.0,1.0,0.19183673469387758,0.2727272727272727,0.18181818181818182,0.14285714285714285,0.0,3,3,0,0,0,0,1,1,0.18,0.0,0.00033471468095271724,209000.0
10613962,1,0.0,1.0,0.0,1.0,0.0,0.0,0.0,0.0,0.0,0.0,0.0,0.0,0.0,0.0,0.0,1.0,0.0,0.0,0.0816326530612245,0.1818181818181818,0.09090909090909091,0.0,0.1111111111111111,2,2,0,0,0,0,0,1,0.0,0.0,0.00023200771035900673,299000.0
10614007,0,0.0,1.0,0.0,0.0,0.0,0.0,0.0,0.0,0.0,0.0,0.0,0.0,0.0,1.0,0.0,0.0,1.0,0.0,0.4622448979591837,0.9090909090909091,0.0,0.0,0.0,1,0,0,0,0,0,0,0,0.0,0.0,0.0,1950000.0
10482935,0,0.0,1.0,0.0,0.0,0.0,1.0,0.0,0.0,0.0,0.0,0.0,0.0,0.0,0.0,0.0,0.0,1.0,0.0,0.14285714285714288,0.1818181818181818,0.09090909090909091,0.0,0.05555555555555555,3,2,0,1,0,0,0,1,0.0,0.1,0.0,334000.0
10614044,1,0.0,0.0,1.0,0.0,0.0,0.0,0.0,1.0,0.0,0.0,0.0,0.0,0.0,0.0,0.0,1.0,0.0,0.0,0.09183673469387757,0.1818181818181818,0.09090909090909091,0.0,0.05555555555555555,2,6,0,1,0,0,0,0,0.0,0.0,0.0001467242437053007,189000.0
10614059,0,0.0,1.0,0.0,0.0,0.0,1.0,0.0,0.0,0.0,0.0,0.0,0.0,0.0,0.0,0.0,0.0,0.0,1.0,0.19387755102040818,0.1818181818181818,0.09090909090909091,0.0,0.1111111111111111,0,2,1,0,0,0,0,0,0.0,0.0,0.0,535000.0
10614123,0,0.0,0.0,1.0,0.0,0.0,0.0,0.0,0.0,0.0,0.0,0.0,1.0,0.0,0.0,0.0,0.0,0.0,1.0,0.05816326530612246,0.09090909090909091,0.09090909090909091,0.0,0.05555555555555555,1,1,1,0,0,0,0,1,0.0,0.06,0.0,241000.0
10614145,0,0.0,1.0,0.0,0.0,0.0,1.0,0.0,0.0,0.0,0.0,0.0,0.0,0.0,0.0,0.0,0.0,1.0,0.0,0.07959183673469389,0.1818181818181818,0.09090909090909091,0.0,0.05555555555555555,4,6,0,0,0,0,0,1,0.0,0.08,0.0,199000.0
10614151,0,0.0,0.0,1.0,0.0,0.0,0.0,0.0,0.0,0.0,0.0,0.0,1.0,0.0,0.0,1.0,0.0,0.0,0.0,0.0816326530612245,0.09090909090909091,0.0,0.07142857142857142,0.0,0,2,1,0,0,0,0,1,0.0,0.06,0.0,315000.0
10614156,0,0.0,1.0,0.0,0.0,0.0,1.0,0.0,0.0,0.0,0.0,0.0,0.0,0.0,0.0,0.0,0.0,0.0,1.0,0.12448979591836737,0.1818181818181818,0.09090909090909091,0.0,0.1111111111111111,3,1,1,0,0,0,0,1,0.0,0.07,0.0,269000.0
10483099,0,0.0,1.0,0.0,1.0,0.0,0.0,0.0,0.0,0.0,0.0,0.0,0.0,0.0,0.0,0.0,1.0,0.0,0.0,0.06224489795918368,0.09090909090909091,0.09090909090909091,0.0,0.05555555555555555,3,3,1,0,0,0,0,1,0.0,0.04,0.0,195000.0
10614169,0,0.0,1.0,0.0,0.0,0.0,0.0,1.0,0.0,0.0,0.0,0.0,0.0,0.0,0.0,0.0,0.0,1.0,0.0,0.07142857142857142,0.09090909090909091,0.0,0.0,0.0,3,4,0,0,0,0,0,0,0.0,0.0,0.0,315000.0
10483138,1,0.0,1.0,0.0,0.0,0.0,0.0,1.0,0.0,0.0,0.0,0.0,0.0,0.0,0.0,0.0,0.0,1.0,0.0,0.12244897959183676,0.09090909090909091,0.09090909090909091,0.0,0.1111111111111111,4,4,0,1,0,0,0,0,0.0,0.0,0.0,198000.0
10614210,0,0.0,1.0,0.0,1.0,0.0,0.0,0.0,0.0,0.0,0.0,0.0,0.0,0.0,0.0,0.0,1.0,0.0,0.0,0.14285714285714288,0.09090909090909091,0.09090909090909091,0.0,0.1111111111111111,1,2,1,1,0,1,0,1,0.0,0.45,0.0,749000.0
10614188,0,0.0,0.0,1.0,0.0,0.0,0.0,0.0,0.0,0.0,0.0,0.0,1.0,0.0,0.0,0.0,0.0,0.0,1.0,0.05816326530612246,0.09090909090909091,0.09090909090909091,0.0,0.05555555555555555,1,2,1,0,0,0,0,1,0.0,0.06,0.0,237000.0
10614202,0,1.0,0.0,0.0,0.0,1.0,0.0,0.0,0.0,0.0,0.0,0.0,0.0,0.0,0.0,1.0,0.0,0.0,0.0,0.14081632653061227,0.09090909090909091,0.18181818181818182,0.0,0.0,0,4,0,0,0,0,0,1,0.0,0.1,0.0,495000.0
10614220,0,0.0,0.0,1.0,0.0,0.0,0.0,0.0,0.0,0.0,1.0,0.0,0.0,0.0,0.0,0.0,0.0,0.0,1.0,0.09489795918367347,0.1818181818181818,0.09090909090909091,0.0,0.05555555555555555,0,2,0,0,0,0,0,1,0.0,0.27,0.0,369000.0
10614228,0,1.0,0.0,0.0,0.0,1.0,0.0,0.0,0.0,0.0,0.0,0.0,0.0,0.0,0.0,0.0,0.0,0.0,1.0,0.07755102040816328,0.09090909090909091,0.09090909090909091,0.07142857142857142,0.05555555555555555,3,6,0,0,0,0,0,0,0.0,0.0,0.0,389000.0
10614225,0,0.0,1.0,0.0,1.0,0.0,0.0,0.0,0.0,0.0,0.0,0.0,0.0,0.0,0.0,0.0,0.0,0.0,1.0,0.04591836734693878,0.0,0.09090909090909091,0.0,0.05555555555555555,1,0,0,0,0,0,0,1,0.0,0.3,0.0,269000.0
10614254,0,0.0,1.0,0.0,0.0,0.0,0.0,0.0,0.0,0.0,0.0,0.0,0.0,0.0,1.0,0.0,0.0,1.0,0.0,0.16938775510204085,0.09090909090909091,0.09090909090909091,0.07142857142857142,0.1111111111111111,1,2,1,0,0,0,1,1,0.0,1.0,0.0,695000.0
10614292,0,0.0,1.0,0.0,0.0,0.0,0.0,1.0,0.0,0.0,0.0,0.0,0.0,0.0,0.0,0.0,0.0,1.0,0.0,0.10510204081632654,0.1818181818181818,0.09090909090909091,0.0,0.1111111111111111,1,2,0,0,0,0,0,1,0.0,0.0,0.0,320000.0
10614288,0,0.0,1.0,0.0,0.0,0.0,0.0,0.0,0.0,1.0,0.0,0.0,0.0,0.0,0.0,0.0,0.0,0.0,1.0,0.0653061224489796,0.09090909090909091,0.09090909090909091,0.0,0.05555555555555555,5,5,0,0,0,0,0,0,0.0,0.0,0.0,149000.0
10614298,0,0.0,0.0,1.0,0.0,0.0,0.0,0.0,1.0,0.0,0.0,0.0,0.0,0.0,0.0,0.0,0.0,1.0,0.0,0.07346938775510206,0.09090909090909091,0.09090909090909091,0.07142857142857142,0.1111111111111111,0,2,0,0,0,0,0,1,0.0,0.13,0.0,99999.0
10614299,0,0.0,0.0,1.0,0.0,0.0,0.0,0.0,1.0,0.0,0.0,0.0,0.0,0.0,0.0,0.0,0.0,1.0,0.0,0.10204081632653061,0.1818181818181818,0.09090909090909091,0.07142857142857142,0.1111111111111111,0,1,0,0,0,0,0,1,0.0,0.0,0.0,99999.0
10614293,0,0.0,1.0,0.0,0.0,0.0,0.0,1.0,0.0,0.0,0.0,0.0,0.0,0.0,0.0,0.0,0.0,0.0,1.0,0.07857142857142857,0.09090909090909091,0.09090909090909091,0.07142857142857142,0.05555555555555555,0,0,0,0,0,0,0,1,0.0,0.13,0.0,312000.0
10614309,0,0.0,0.0,1.0,0.0,0.0,0.0,0.0,0.0,0.0,1.0,0.0,0.0,0.0,0.0,0.0,0.0,1.0,0.0,0.10714285714285715,0.1818181818181818,0.09090909090909091,0.0,0.1111111111111111,3,7,0,0,0,0,0,1,0.0,0.3,0.0,170000.0
10614323,0,0.0,0.0,1.0,0.0,0.0,0.0,0.0,0.0,0.0,1.0,0.0,0.0,0.0,0.0,0.0,0.0,1.0,0.0,0.05612244897959184,0.0,0.09090909090909091,0.07142857142857142,0.05555555555555555,4,5,1,0,0,0,0,1,0.0,0.1,0.0,169000.0
10614330,0,0.0,0.0,1.0,0.0,0.0,0.0,0.0,0.0,0.0,1.0,0.0,0.0,0.0,0.0,0.0,0.0,1.0,0.0,0.0653061224489796,0.1818181818181818,0.0,0.07142857142857142,0.05555555555555555,4,2,1,0,0,0,0,0,0.0,0.0,0.0,155000.0
10614331,0,0.0,0.0,1.0,0.0,0.0,0.0,0.0,0.0,0.0,1.0,0.0,0.0,0.0,0.0,0.0,0.0,0.0,1.0,0.09897959183673471,0.1818181818181818,0.09090909090909091,0.0,0.0,1,0,0,0,0,0,0,1,0.0,0.21,0.0,335000.0
10614355,0,0.0,1.0,0.0,1.0,0.0,0.0,0.0,0.0,0.0,0.0,0.0,0.0,0.0,0.0,0.0,0.0,0.0,1.0,0.05000000000000001,0.0,0.09090909090909091,0.0,0.05555555555555555,0,4,0,0,0,0,0,1,0.0,0.05,0.0,165000.0
10614363,0,0.0,1.0,0.0,0.0,0.0,0.0,0.0,0.0,0.0,0.0,0.0,0.0,0.0,1.0,0.0,0.0,1.0,0.0,0.9744897959183674,0.6363636363636364,0.7272727272727273,0.42857142857142855,0.0,4,3,0,0,0,0,0,1,0.0,0.0,0.0,1150000.0
10614370,1,0.0,1.0,0.0,0.0,0.0,0.0,1.0,0.0,0.0,0.0,0.0,0.0,0.0,0.0,0.0,0.0,0.0,1.0,0.25510204081632654,0.36363636363636365,0.18181818181818182,0.14285714285714285,0.16666666666666666,1,1,0,0,0,0,1,1,0.28,0.3,0.0007336212185265035,725000.0
10614360,0,0.0,1.0,0.0,0.0,0.0,0.0,0.0,0.0,0.0,0.0,0.0,0.0,0.0,1.0,0.0,0.0,0.0,1.0,0.3469387755102041,0.1818181818181818,0.18181818181818182,0.14285714285714285,0.1111111111111111,1,2,1,0,0,0,0,1,0.0,0.4,0.0,498000.0
10614416,0,1.0,0.0,0.0,0.0,1.0,0.0,0.0,0.0,0.0,0.0,0.0,0.0,0.0,0.0,0.0,1.0,0.0,0.0,0.0816326530612245,0.09090909090909091,0.09090909090909091,0.0,0.05555555555555555,3,0,1,0,0,0,0,1,0.0,0.03,0.0,295000.0
10614409,0,1.0,0.0,0.0,0.0,1.0,0.0,0.0,0.0,0.0,0.0,0.0,0.0,0.0,0.0,0.0,1.0,0.0,0.0,0.1836734693877551,0.1818181818181818,0.18181818181818182,0.0,0.16666666666666666,4,4,1,1,0,0,0,0,0.0,0.0,0.0,840000.0
10614442,0,0.0,1.0,0.0,1.0,0.0,0.0,0.0,0.0,0.0,0.0,0.0,0.0,0.0,0.0,0.0,0.0,0.0,1.0,0.059183673469387764,0.09090909090909091,0.09090909090909091,0.0,0.05555555555555555,5,2,0,0,0,0,0,1,0.0,0.0,0.0,175000.0
10614467,1,0.0,0.0,1.0,0.0,0.0,0.0,0.0,0.0,0.0,0.0,0.0,0.0,1.0,0.0,0.0,0.0,0.0,1.0,0.326530612244898,0.36363636363636365,0.18181818181818182,0.07142857142857142,0.16666666666666666,4,2,0,1,0,0,1,1,0.65,0.0,0.000737289324619136,520000.0
10352394,1,1.0,0.0,0.0,0.0,1.0,0.0,0.0,0.0,0.0,0.0,0.0,0.0,0.0,0.0,0.0,1.0,0.0,0.0,0.2448979591836735,0.36363636363636365,0.18181818181818182,0.14285714285714285,0.1111111111111111,1,7,0,0,0,0,0,1,0.0,0.0,0.0,470000.0
10614520,0,0.0,1.0,0.0,0.0,0.0,0.0,0.0,0.0,0.0,0.0,0.0,0.0,0.0,1.0,0.0,0.0,0.0,1.0,0.06428571428571428,0.09090909090909091,0.0,0.0,0.05555555555555555,1,2,1,0,0,0,0,1,0.0,0.05,0.0,309000.0
10483453,1,0.0,1.0,0.0,0.0,0.0,0.0,0.0,0.0,0.0,0.0,0.0,0.0,0.0,1.0,0.0,0.0,0.0,1.0,0.15306122448979595,0.1818181818181818,0.09090909090909091,0.0,0.05555555555555555,1,6,0,0,0,0,1,1,0.0,0.0,0.0005337094364780313,210000.0
10614550,0,0.0,1.0,0.0,1.0,0.0,0.0,0.0,0.0,0.0,0.0,0.0,0.0,0.0,0.0,0.0,0.0,1.0,0.0,0.07142857142857142,0.1818181818181818,0.09090909090909091,0.0,0.05555555555555555,3,0,1,0,0,0,0,1,0.0,0.05,0.0,210000.0
10614558,0,0.0,0.0,1.0,0.0,0.0,0.0,0.0,0.0,0.0,0.0,0.0,1.0,0.0,0.0,0.0,1.0,0.0,0.0,0.08469387755102042,0.09090909090909091,0.09090909090909091,0.0,0.1111111111111111,2,0,0,0,0,0,1,1,0.15,0.1,0.0,210000.0
10614559,0,1.0,0.0,0.0,0.0,1.0,0.0,0.0,0.0,0.0,0.0,0.0,0.0,0.0,0.0,0.0,1.0,0.0,0.0,0.09183673469387757,0.09090909090909091,0.09090909090909091,0.0,0.05555555555555555,3,4,1,0,0,0,0,1,0.0,0.01,0.0,255000.0
10614567,0,1.0,0.0,0.0,0.0,1.0,0.0,0.0,0.0,0.0,0.0,0.0,0.0,0.0,0.0,0.0,1.0,0.0,0.0,0.07142857142857142,0.1818181818181818,0.09090909090909091,0.07142857142857142,0.05555555555555555,3,4,1,0,0,0,0,1,0.0,0.06,0.0,280000.0
10614574,0,1.0,0.0,0.0,0.0,1.0,0.0,0.0,0.0,0.0,0.0,0.0,0.0,0.0,0.0,0.0,1.0,0.0,0.0,0.07653061224489796,0.2727272727272727,0.09090909090909091,0.07142857142857142,0.1111111111111111,3,6,0,1,0,0,0,1,0.0,0.01,0.0,195000.0
10614571,0,0.0,0.0,1.0,0.0,0.0,0.0,0.0,0.0,0.0,1.0,0.0,0.0,0.0,0.0,0.0,0.0,0.0,1.0,0.06326530612244899,0.09090909090909091,0.09090909090909091,0.0,0.05555555555555555,3,4,0,0,0,0,0,0,0.0,0.0,0.0,199000.0
10614603,0,0.0,0.0,1.0,0.0,0.0,0.0,0.0,1.0,0.0,0.0,0.0,0.0,0.0,0.0,0.0,0.0,0.0,1.0,0.06632653061224492,0.09090909090909091,0.09090909090909091,0.0,0.05555555555555555,3,1,1,0,0,0,0,1,0.0,0.06,0.0,210000.0
10614573,0,1.0,0.0,0.0,0.0,1.0,0.0,0.0,0.0,0.0,0.0,0.0,0.0,0.0,0.0,0.0,1.0,0.0,0.0,0.0336734693877551,0.0,0.0,0.07142857142857142,0.05555555555555555,3,5,0,1,0,0,0,1,0.0,0.02,0.0,140000.0
10614604,0,0.0,1.0,0.0,0.0,0.0,0.0,0.0,0.0,0.0,0.0,0.0,0.0,0.0,1.0,0.0,0.0,0.0,1.0,0.06020408163265307,0.09090909090909091,0.0,0.0,0.05555555555555555,1,0,1,0,0,0,0,0,0.0,0.0,0.0,375000.0
10614613,0,0.0,1.0,0.0,0.0,0.0,0.0,1.0,0.0,0.0,0.0,0.0,0.0,0.0,0.0,0.0,1.0,0.0,0.0,0.09693877551020408,0.09090909090909091,0.09090909090909091,0.0,0.1111111111111111,3,3,1,1,0,0,0,1,0.0,0.12,0.0,350000.0
10614624,0,0.0,1.0,0.0,0.0,0.0,1.0,0.0,0.0,0.0,0.0,0.0,0.0,0.0,0.0,0.0,0.0,0.0,1.0,0.07142857142857142,0.09090909090909091,0.09090909090909091,0.0,0.05555555555555555,3,1,1,1,0,0,0,1,0.0,0.0,0.0,293000.0
10614611,0,0.0,1.0,0.0,1.0,0.0,0.0,0.0,0.0,0.0,0.0,0.0,0.0,0.0,0.0,0.0,0.0,0.0,1.0,0.15000000000000002,0.1818181818181818,0.18181818181818182,0.07142857142857142,0.16666666666666666,1,3,0,1,0,0,1,1,0.0,0.13,0.0,545000.0
10614630,0,0.0,1.0,0.0,0.0,0.0,0.0,0.0,0.0,0.0,0.0,0.0,0.0,0.0,1.0,0.0,0.0,0.0,1.0,0.09387755102040818,0.1818181818181818,0.18181818181818182,0.0,0.1111111111111111,1,2,1,0,0,0,0,1,0.0,0.11,0.0,760000.0
10614631,0,0.0,1.0,0.0,0.0,0.0,0.0,0.0,0.0,0.0,0.0,0.0,0.0,0.0,1.0,0.0,0.0,1.0,0.0,0.042857142857142864,0.0,0.0,0.0,0.1111111111111111,1,1,1,0,0,0,0,0,0.0,0.0,0.0,349000.0
10614634,0,0.0,1.0,0.0,0.0,0.0,0.0,0.0,0.0,0.0,0.0,0.0,0.0,0.0,1.0,0.0,0.0,0.0,1.0,0.05306122448979592,0.09090909090909091,0.09090909090909091,0.0,0.05555555555555555,3,6,0,0,0,0,1,0,0.02,0.0,0.0,150000.0
10614644,0,0.0,1.0,0.0,0.0,0.0,0.0,0.0,0.0,0.0,0.0,0.0,0.0,0.0,1.0,0.0,0.0,1.0,0.0,0.08775510204081632,0.1818181818181818,0.18181818181818182,0.0,0.0,0,1,0,0,0,0,0,0,0.0,0.0,0.0,695000.0
10614657,0,0.0,1.0,0.0,0.0,0.0,0.0,0.0,0.0,1.0,0.0,0.0,0.0,0.0,0.0,0.0,0.0,0.0,1.0,0.10306122448979593,0.09090909090909091,0.09090909090909091,0.0,0.05555555555555555,3,2,1,0,0,0,1,1,0.0,0.24,0.0,295000.0
10614698,0,0.0,1.0,0.0,0.0,0.0,0.0,0.0,0.0,1.0,0.0,0.0,0.0,0.0,0.0,0.0,0.0,1.0,0.0,0.04693877551020408,0.0,0.09090909090909091,0.0,0.05555555555555555,3,3,0,1,0,0,0,1,0.0,0.0,0.0,130000.0
10614645,0,0.0,1.0,0.0,0.0,0.0,0.0,1.0,0.0,0.0,0.0,0.0,0.0,0.0,0.0,0.0,0.0,1.0,0.0,0.11020408163265308,0.1818181818181818,0.18181818181818182,0.0,0.1111111111111111,0,0,1,0,0,0,0,0,0.0,0.0,0.0,335000.0
10614706,0,0.0,1.0,0.0,0.0,0.0,0.0,0.0,0.0,0.0,0.0,0.0,0.0,0.0,1.0,0.0,0.0,1.0,0.0,0.2857142857142857,0.36363636363636365,0.2727272727272727,0.0,0.16666666666666666,0,0,0,1,0,0,0,1,0.0,0.0,0.0,545000.0
10614701,1,0.0,0.0,1.0,0.0,0.0,0.0,0.0,0.0,0.0,0.0,0.0,0.0,1.0,0.0,0.0,0.0,0.0,1.0,0.06632653061224492,0.09090909090909091,0.09090909090909091,0.0,0.05555555555555555,3,6,0,0,0,0,0,0,0.0,0.0,0.0008986859926949668,299000.0
10614711,0,0.0,0.0,1.0,0.0,0.0,0.0,0.0,0.0,0.0,1.0,0.0,0.0,0.0,0.0,0.0,1.0,0.0,0.0,0.05306122448979592,0.09090909090909091,0.09090909090909091,0.07142857142857142,0.05555555555555555,2,2,0,0,0,0,0,0,0.0,0.0,0.0,189000.0
10614738,0,0.0,1.0,0.0,0.0,0.0,0.0,1.0,0.0,0.0,0.0,0.0,0.0,0.0,0.0,0.0,0.0,0.0,1.0,0.08877551020408164,0.2727272727272727,0.0,0.07142857142857142,0.1111111111111111,0,0,1,0,0,0,0,1,0.0,0.18,0.0,290000.0
10614748,0,0.0,1.0,0.0,1.0,0.0,0.0,0.0,0.0,0.0,0.0,0.0,0.0,0.0,0.0,0.0,0.0,0.0,1.0,0.04795918367346939,0.09090909090909091,0.09090909090909091,0.0,0.05555555555555555,3,5,0,1,0,0,0,1,0.0,0.09,0.0,205000.0
10614710,0,0.0,1.0,0.0,0.0,0.0,0.0,0.0,0.0,0.0,0.0,0.0,0.0,0.0,1.0,0.0,0.0,0.0,1.0,0.07857142857142857,0.1818181818181818,0.09090909090909091,0.0,0.05555555555555555,3,2,1,0,0,0,1,0,0.0,0.0,0.0,199000.0
10614755,0,1.0,0.0,0.0,0.0,1.0,0.0,0.0,0.0,0.0,0.0,0.0,0.0,0.0,0.0,1.0,0.0,0.0,0.0,0.04591836734693878,0.0,0.09090909090909091,0.0,0.05555555555555555,1,0,1,0,0,0,0,0,0.0,0.0,0.0,235000.0
10614767,0,0.0,1.0,0.0,0.0,0.0,0.0,0.0,0.0,1.0,0.0,0.0,0.0,0.0,0.0,0.0,0.0,1.0,0.0,0.10510204081632654,0.1818181818181818,0.09090909090909091,0.0,0.0,3,0,1,0,0,0,0,1,0.0,0.0,0.0,293814.0
10614750,0,1.0,0.0,0.0,0.0,1.0,0.0,0.0,0.0,0.0,0.0,0.0,0.0,0.0,0.0,1.0,0.0,0.0,0.0,0.15918367346938778,0.09090909090909091,0.09090909090909091,0.0,0.05555555555555555,3,6,0,1,0,0,0,1,0.0,0.12,0.0,645000.0
10614771,0,0.0,1.0,0.0,0.0,0.0,0.0,0.0,0.0,1.0,0.0,0.0,0.0,0.0,0.0,0.0,0.0,1.0,0.0,0.10510204081632654,0.1818181818181818,0.09090909090909091,0.0,0.0,3,0,1,0,0,0,0,1,0.0,0.0,0.0,287507.0
10614774,0,0.0,1.0,0.0,0.0,0.0,1.0,0.0,0.0,0.0,0.0,0.0,0.0,0.0,0.0,0.0,0.0,0.0,1.0,0.09693877551020408,0.09090909090909091,0.18181818181818182,0.0,0.1111111111111111,1,2,1,0,0,1,0,1,0.0,0.1,0.0,299000.0
10614776,0,0.0,1.0,0.0,1.0,0.0,0.0,0.0,0.0,0.0,0.0,0.0,0.0,0.0,0.0,0.0,0.0,1.0,0.0,0.07653061224489796,0.09090909090909091,0.09090909090909091,0.0,0.05555555555555555,3,2,1,1,0,0,0,1,0.0,0.02,0.0,189000.0
10614792,0,0.0,1.0,0.0,0.0,0.0,0.0,0.0,0.0,1.0,0.0,0.0,0.0,0.0,0.0,0.0,0.0,1.0,0.0,0.07142857142857142,0.0,0.09090909090909091,0.0,0.0,3,0,1,0,0,0,0,1,0.0,0.0,0.0,250039.0
10614801,0,0.0,1.0,0.0,0.0,0.0,0.0,1.0,0.0,0.0,0.0,0.0,0.0,0.0,0.0,0.0,0.0,1.0,0.0,0.1959183673469388,0.2727272727272727,0.18181818181818182,0.0,0.0,3,4,1,0,0,0,0,1,0.0,0.34,0.0,369000.0
10614836,0,0.0,0.0,1.0,0.0,0.0,0.0,0.0,1.0,0.0,0.0,0.0,0.0,0.0,0.0,1.0,0.0,0.0,0.0,0.06632653061224492,0.09090909090909091,0.0,0.07142857142857142,0.0,0,4,0,1,0,0,0,1,0.0,0.0,0.0,180000.0
10483758,0,0.0,1.0,0.0,0.0,0.0,0.0,1.0,0.0,0.0,0.0,0.0,0.0,0.0,0.0,0.0,0.0,0.0,1.0,0.051020408163265314,0.09090909090909091,0.18181818181818182,0.07142857142857142,0.05555555555555555,3,2,1,0,0,0,0,1,0.0,0.16,0.0,180000.0
10614831,0,1.0,0.0,0.0,0.0,1.0,0.0,0.0,0.0,0.0,0.0,0.0,0.0,0.0,0.0,0.0,0.0,0.0,1.0,0.08469387755102042,0.09090909090909091,0.18181818181818182,0.0,0.1111111111111111,0,2,1,1,0,0,0,1,0.0,0.11,0.0,315000.0
10614867,0,1.0,0.0,0.0,0.0,1.0,0.0,0.0,0.0,0.0,0.0,0.0,0.0,0.0,0.0,0.0,0.0,0.0,1.0,0.06122448979591837,0.09090909090909091,0.09090909090909091,0.07142857142857142,0.05555555555555555,1,4,1,0,0,0,0,1,0.0,0.06,0.0,365000.0
10352716,1,0.0,1.0,0.0,0.0,0.0,0.0,0.0,0.0,0.0,0.0,0.0,0.0,0.0,1.0,0.0,0.0,0.0,1.0,0.1795918367346939,0.1818181818181818,0.0,0.0,0.1111111111111111,0,0,0,0,0,0,0,0,0.0,0.0,0.002198112576010036,635346.0
10614875,0,0.0,0.0,1.0,0.0,0.0,0.0,0.0,0.0,0.0,1.0,0.0,0.0,0.0,0.0,0.0,0.0,0.0,1.0,0.07653061224489796,0.09090909090909091,0.09090909090909091,0.07142857142857142,0.05555555555555555,4,2,1,0,0,0,0,0,0.0,0.0,0.0,189000.0
10614861,0,0.0,0.0,1.0,0.0,0.0,0.0,0.0,0.0,0.0,0.0,0.0,0.0,1.0,0.0,0.0,0.0,0.0,1.0,0.05816326530612246,0.09090909090909091,0.09090909090909091,0.0,0.05555555555555555,1,2,1,0,0,0,0,1,0.0,0.06,0.0,335000.0
10614863,0,0.0,0.0,1.0,0.0,0.0,0.0,0.0,0.0,0.0,1.0,0.0,0.0,0.0,0.0,0.0,0.0,0.0,1.0,0.11224489795918369,0.09090909090909091,0.09090909090909091,0.0,0.0,3,4,0,0,0,0,0,0,0.0,0.0,0.0,200000.0
10614846,0,0.0,0.0,1.0,0.0,0.0,0.0,0.0,0.0,0.0,0.0,0.0,0.0,1.0,0.0,0.0,0.0,0.0,1.0,0.06122448979591837,0.09090909090909091,0.09090909090909091,0.0,0.0,3,6,0,1,0,0,0,0,0.0,0.0,0.0,150000.0
10614879,0,1.0,0.0,0.0,0.0,1.0,0.0,0.0,0.0,0.0,0.0,0.0,0.0,0.0,0.0,0.0,1.0,0.0,0.0,0.06632653061224492,0.0,0.09090909090909091,0.0,0.05555555555555555,3,4,0,1,0,0,0,1,0.0,0.01,0.0,229000.0
10614888,0,0.0,1.0,0.0,0.0,0.0,0.0,1.0,0.0,0.0,0.0,0.0,0.0,0.0,0.0,1.0,0.0,0.0,0.0,0.08469387755102042,0.09090909090909091,0.09090909090909091,0.0,0.1111111111111111,0,0,1,1,0,0,0,1,0.0,0.06,0.0,450000.0
10614883,1,0.0,1.0,0.0,0.0,0.0,1.0,0.0,0.0,0.0,0.0,0.0,0.0,0.0,0.0,0.0,0.0,0.0,1.0,0.1959183673469388,0.2727272727272727,0.09090909090909091,0.0,0.1111111111111111,2,3,0,0,0,0,1,0,0.75,0.0,0.0008253238708423164,512000.0
10614909,0,0.0,0.0,1.0,0.0,0.0,0.0,0.0,0.0,0.0,1.0,0.0,0.0,0.0,0.0,0.0,0.0,1.0,0.0,0.07551020408163267,0.09090909090909091,0.09090909090909091,0.0,0.05555555555555555,3,6,1,0,0,0,0,0,0.0,0.0,0.0,135000.0
10352754,1,0.0,1.0,0.0,0.0,0.0,0.0,1.0,0.0,0.0,0.0,0.0,0.0,0.0,0.0,0.0,0.0,0.0,1.0,0.11734693877551022,0.1818181818181818,0.09090909090909091,0.0,0.1111111111111111,4,6,0,1,0,0,1,0,0.0,0.0,0.0004199981476064232,349000.0
10614949,0,1.0,0.0,0.0,0.0,1.0,0.0,0.0,0.0,0.0,0.0,0.0,0.0,0.0,0.0,0.0,1.0,0.0,0.0,0.06224489795918368,0.09090909090909091,0.09090909090909091,0.0,0.05555555555555555,0,4,0,0,0,0,0,0,0.0,0.0,0.0,299000.0
10614959,0,0.0,1.0,0.0,1.0,0.0,0.0,0.0,0.0,0.0,0.0,0.0,0.0,0.0,0.0,0.0,0.0,0.0,1.0,0.09591836734693879,0.1818181818181818,0.09090909090909091,0.0,0.05555555555555555,3,2,0,1,0,0,0,1,0.0,0.13,0.0,229000.0
10614932,0,1.0,0.0,0.0,0.0,1.0,0.0,0.0,0.0,0.0,0.0,0.0,0.0,0.0,0.0,1.0,0.0,0.0,0.0,0.07346938775510206,0.09090909090909091,0.09090909090909091,0.07142857142857142,0.05555555555555555,3,5,1,1,0,0,0,1,0.0,0.04,0.0,395000.0
10614951,0,1.0,0.0,0.0,0.0,1.0,0.0,0.0,0.0,0.0,0.0,0.0,0.0,0.0,0.0,0.0,1.0,0.0,0.0,0.06632653061224492,0.09090909090909091,0.09090909090909091,0.0,0.05555555555555555,3,4,1,0,0,0,0,1,0.0,0.03,0.0,385000.0
10614961,0,0.0,1.0,0.0,1.0,0.0,0.0,0.0,0.0,0.0,0.0,0.0,0.0,0.0,0.0,0.0,0.0,0.0,1.0,0.09591836734693879,0.1818181818181818,0.09090909090909091,0.0,0.05555555555555555,2,2,0,1,0,0,0,1,0.0,0.06,0.0,229000.0
10614975,0,1.0,0.0,0.0,0.0,1.0,0.0,0.0,0.0,0.0,0.0,0.0,0.0,0.0,0.0,0.0,1.0,0.0,0.0,0.04183673469387755,0.0,0.09090909090909091,0.07142857142857142,0.05555555555555555,0,7,0,0,0,0,0,1,0.0,0.06,0.0,199000.0
10614974,0,1.0,0.0,0.0,0.0,1.0,0.0,0.0,0.0,0.0,0.0,0.0,0.0,0.0,0.0,0.0,0.0,0.0,1.0,0.13469387755102044,0.1818181818181818,0.18181818181818182,0.07142857142857142,0.1111111111111111,3,7,1,0,0,0,0,1,0.0,0.09,0.0,549000.0
10614977,0,1.0,0.0,0.0,0.0,1.0,0.0,0.0,0.0,0.0,0.0,0.0,0.0,0.0,0.0,0.0,1.0,0.0,0.0,0.07857142857142857,0.1818181818181818,0.09090909090909091,0.0,0.0,4,0,1,0,0,0,0,1,0.0,0.2,0.0,210000.0
10483910,0,0.0,1.0,0.0,1.0,0.0,0.0,0.0,0.0,0.0,0.0,0.0,0.0,0.0,0.0,0.0,0.0,1.0,0.0,0.11836734693877551,0.09090909090909091,0.18181818181818182,0.0,0.05555555555555555,1,0,1,0,0,0,0,1,0.0,0.16,0.0,457500.0
10483909,0,0.0,1.0,0.0,1.0,0.0,0.0,0.0,0.0,0.0,0.0,0.0,0.0,0.0,0.0,0.0,0.0,1.0,0.0,0.09285714285714286,0.09090909090909091,0.18181818181818182,0.0,0.05555555555555555,1,0,1,0,0,0,0,1,0.0,0.28,0.0,413900.0
10615023,1,0.0,0.0,1.0,0.0,0.0,0.0,0.0,1.0,0.0,0.0,0.0,0.0,0.0,0.0,0.0,1.0,0.0,0.0,0.1836734693877551,0.09090909090909091,0.09090909090909091,0.07142857142857142,0.1111111111111111,5,7,0,0,0,0,0,1,0.0,0.0,0.00020174583509478846,120000.0
10615012,0,1.0,0.0,0.0,0.0,1.0,0.0,0.0,0.0,0.0,0.0,0.0,0.0,0.0,0.0,0.0,1.0,0.0,0.0,0.0336734693877551,0.0,0.0,0.07142857142857142,0.05555555555555555,3,6,0,1,0,0,0,1,0.0,0.02,0.0,140000.0
10615013,1,0.0,1.0,0.0,0.0,0.0,0.0,1.0,0.0,0.0,0.0,0.0,0.0,0.0,0.0,0.0,0.0,0.0,1.0,0.16836734693877553,0.1818181818181818,0.09090909090909091,0.0,0.05555555555555555,3,4,0,0,0,0,0,0,0.0,0.0,0.0008381622421665303,444900.0
10615035,0,0.0,1.0,0.0,1.0,0.0,0.0,0.0,0.0,0.0,0.0,0.0,0.0,0.0,0.0,1.0,0.0,0.0,0.0,0.17346938775510207,0.09090909090909091,0.18181818181818182,0.14285714285714285,0.1111111111111111,2,2,1,0,0,0,1,1,0.07,0.7000000000000001,0.0,1245000.0
10615050,0,0.0,1.0,0.0,1.0,0.0,0.0,0.0,0.0,0.0,0.0,0.0,0.0,0.0,0.0,0.0,0.0,0.0,1.0,0.08673469387755103,0.09090909090909091,0.09090909090909091,0.0,0.05555555555555555,3,3,0,1,0,0,0,1,0.0,0.09,0.0,239900.0
10615062,0,0.0,1.0,0.0,0.0,0.0,0.0,0.0,0.0,0.0,0.0,0.0,0.0,0.0,1.0,1.0,0.0,0.0,0.0,0.06020408163265307,0.09090909090909091,0.09090909090909091,0.0,0.05555555555555555,0,6,0,0,0,0,1,0,0.007,0.0,0.0,220000.0
10615057,0,0.0,1.0,0.0,0.0,0.0,0.0,1.0,0.0,0.0,0.0,0.0,0.0,0.0,0.0,0.0,0.0,0.0,1.0,0.07142857142857142,0.09090909090909091,0.09090909090909091,0.0,0.0,3,3,1,0,0,0,0,1,0.0,0.05,0.0,340000.0
10615061,0,1.0,0.0,0.0,0.0,1.0,0.0,0.0,0.0,0.0,0.0,0.0,0.0,0.0,0.0,0.0,1.0,0.0,0.0,0.07857142857142857,0.09090909090909091,0.09090909090909091,0.0,0.0,4,5,1,0,0,0,0,1,0.0,0.2,0.0,205000.0
10615079,0,0.0,1.0,0.0,0.0,0.0,0.0,1.0,0.0,0.0,0.0,0.0,0.0,0.0,0.0,0.0,0.0,0.0,1.0,0.06836734693877553,0.09090909090909091,0.09090909090909091,0.0,0.05555555555555555,3,4,0,0,0,0,0,1,0.0,0.02,0.0,275000.0
10615111,0,0.0,1.0,0.0,1.0,0.0,0.0,0.0,0.0,0.0,0.0,0.0,0.0,0.0,0.0,0.0,0.0,1.0,0.0,0.07653061224489796,0.09090909090909091,0.09090909090909091,0.0,0.05555555555555555,4,2,1,1,0,0,0,1,0.0,0.03,0.0,189500.0
10615096,0,1.0,0.0,0.0,0.0,1.0,0.0,0.0,0.0,0.0,0.0,0.0,0.0,0.0,0.0,0.0,1.0,0.0,0.0,0.07857142857142857,0.09090909090909091,0.09090909090909091,0.0,0.0,4,5,0,0,0,0,0,1,0.0,0.2,0.0,205000.0
10615106,0,0.0,0.0,1.0,0.0,0.0,0.0,0.0,0.0,0.0,0.0,0.0,0.0,1.0,0.0,0.0,0.0,0.0,1.0,0.06122448979591837,0.09090909090909091,0.09090909090909091,0.0,0.05555555555555555,1,2,1,0,0,0,0,1,0.0,0.03,0.0,349000.0
10615123,0,1.0,0.0,0.0,0.0,1.0,0.0,0.0,0.0,0.0,0.0,0.0,0.0,0.0,0.0,0.0,1.0,0.0,0.0,0.07142857142857142,0.0,0.0,0.07142857142857142,0.1111111111111111,2,5,0,0,0,0,1,1,0.055,0.1,0.0,465000.0
10615115,0,1.0,0.0,0.0,0.0,1.0,0.0,0.0,0.0,0.0,0.0,0.0,0.0,0.0,0.0,0.0,1.0,0.0,0.0,0.07959183673469389,0.09090909090909091,0.09090909090909091,0.0,0.05555555555555555,2,5,0,0,0,0,0,1,0.0,0.2,0.0,260000.0
10615120,0,0.0,1.0,0.0,0.0,0.0,1.0,0.0,0.0,0.0,0.0,0.0,0.0,0.0,0.0,0.0,0.0,1.0,0.0,0.05204081632653062,0.09090909090909091,0.0,0.0,0.05555555555555555,1,0,1,0,0,0,0,1,0.0,0.0,0.0,630000.0
10615121,0,0.0,1.0,0.0,0.0,0.0,1.0,0.0,0.0,0.0,0.0,0.0,0.0,0.0,0.0,0.0,0.0,1.0,0.0,0.051020408163265314,0.09090909090909091,0.0,0.0,0.05555555555555555,1,2,1,0,0,0,1,1,0.0,0.0,0.0,219000.0
10615116,1,0.0,0.0,1.0,0.0,0.0,0.0,0.0,0.0,0.0,1.0,0.0,0.0,0.0,0.0,0.0,0.0,0.0,1.0,0.3693877551020408,0.1818181818181818,0.09090909090909091,0.0,0.0,3,5,0,0,0,1,1,1,1.0,0.5,0.0016506477416846329,395000.0
10615119,0,0.0,1.0,0.0,0.0,0.0,1.0,0.0,0.0,0.0,0.0,0.0,0.0,0.0,0.0,0.0,0.0,1.0,0.0,0.051020408163265314,0.09090909090909091,0.0,0.0,0.05555555555555555,3,2,1,0,0,0,1,1,0.0,0.0,0.0,199000.0
10615124,0,0.0,0.0,1.0,0.0,0.0,0.0,0.0,0.0,0.0,1.0,0.0,0.0,0.0,0.0,0.0,0.0,1.0,0.0,0.06326530612244899,0.0,0.09090909090909091,0.0,0.05555555555555555,1,1,1,0,0,0,0,1,0.0,0.09,0.0,199000.0
10615171,0,0.0,1.0,0.0,1.0,0.0,0.0,0.0,0.0,0.0,0.0,0.0,0.0,0.0,0.0,0.0,0.0,0.0,1.0,0.1306122448979592,0.09090909090909091,0.18181818181818182,0.0,0.0,3,2,1,0,0,0,0,1,0.0,0.18,0.0,495000.0
10615174,0,0.0,0.0,1.0,0.0,0.0,0.0,0.0,0.0,0.0,1.0,0.0,0.0,0.0,0.0,0.0,1.0,0.0,0.0,0.10816326530612247,0.1818181818181818,0.09090909090909091,0.0,0.05555555555555555,1,2,1,1,0,0,1,1,0.75,0.4,0.0,600000.0
10615126,0,1.0,0.0,0.0,0.0,1.0,0.0,0.0,0.0,0.0,0.0,0.0,0.0,0.0,0.0,0.0,1.0,0.0,0.0,0.10714285714285715,0.09090909090909091,0.09090909090909091,0.07142857142857142,0.1111111111111111,0,0,1,0,0,0,0,1,0.0,0.01,0.0,395000.0
10615188,0,1.0,0.0,0.0,0.0,1.0,0.0,0.0,0.0,0.0,0.0,0.0,0.0,0.0,0.0,1.0,0.0,0.0,0.0,0.08775510204081632,0.09090909090909091,0.09090909090909091,0.07142857142857142,0.05555555555555555,3,3,0,0,0,0,1,1,0.04,0.11,0.0,400000.0
10615209,0,0.0,0.0,1.0,0.0,0.0,0.0,0.0,0.0,0.0,0.0,0.0,1.0,0.0,0.0,0.0,0.0,0.0,1.0,0.10408163265306122,0.1818181818181818,0.18181818181818182,0.0,0.1111111111111111,2,4,0,1,0,0,0,0,0.0,0.0,0.0,189000.0
10615176,0,0.0,0.0,1.0,0.0,0.0,0.0,0.0,0.0,0.0,1.0,0.0,0.0,0.0,0.0,1.0,0.0,0.0,0.0,0.11224489795918369,0.09090909090909091,0.09090909090909091,0.0,0.05555555555555555,3,4,1,1,0,0,0,1,0.0,0.05,0.0,310000.0
10615192,0,0.0,0.0,1.0,0.0,0.0,0.0,0.0,0.0,0.0,1.0,0.0,0.0,0.0,0.0,0.0,0.0,0.0,1.0,0.14285714285714288,0.09090909090909091,0.09090909090909091,0.07142857142857142,0.1111111111111111,1,2,1,0,1,0,0,1,0.0,0.13,0.0,360000.0
10615208,0,0.0,0.0,1.0,0.0,0.0,0.0,0.0,0.0,0.0,0.0,0.0,1.0,0.0,0.0,0.0,0.0,0.0,1.0,0.06122448979591837,0.09090909090909091,0.09090909090909091,0.07142857142857142,0.05555555555555555,2,4,0,1,0,0,0,0,0.0,0.0,0.0,179000.0
10615180,0,0.0,1.0,0.0,0.0,0.0,1.0,0.0,0.0,0.0,0.0,0.0,0.0,0.0,0.0,0.0,1.0,0.0,0.0,0.23265306122448984,0.36363636363636365,0.09090909090909091,0.0,0.1111111111111111,4,3,0,1,0,0,0,1,0.0,0.0,0.0,285000.0
10615219,0,0.0,1.0,0.0,0.0,0.0,1.0,0.0,0.0,0.0,0.0,0.0,0.0,0.0,0.0,0.0,0.0,1.0,0.0,0.06326530612244899,0.09090909090909091,0.0,0.0,0.05555555555555555,3,2,1,0,0,0,0,1,0.0,0.0,0.0,150000.0
10615235,0,0.0,0.0,1.0,0.0,0.0,0.0,0.0,0.0,0.0,1.0,0.0,0.0,0.0,0.0,1.0,0.0,0.0,0.0,0.05816326530612246,0.09090909090909091,0.09090909090909091,0.0,0.05555555555555555,3,2,0,0,0,0,0,1,0.0,0.0,0.0,215000.0
10615210,0,0.0,0.0,1.0,0.0,0.0,0.0,0.0,0.0,0.0,0.0,0.0,1.0,0.0,0.0,0.0,0.0,0.0,1.0,0.05612244897959184,0.09090909090909091,0.09090909090909091,0.0,0.05555555555555555,0,2,1,1,0,0,0,1,0.0,0.07,0.0,249000.0
10353115,0,0.0,0.0,1.0,0.0,0.0,0.0,0.0,0.0,0.0,1.0,0.0,0.0,0.0,0.0,0.0,0.0,0.0,1.0,0.07142857142857142,0.1818181818181818,0.0,0.07142857142857142,0.05555555555555555,3,7,0,1,0,0,0,0,0.0,0.0,0.0,185000.0
10615310,0,1.0,0.0,0.0,0.0,1.0,0.0,0.0,0.0,0.0,0.0,0.0,0.0,0.0,0.0,0.0,1.0,0.0,0.0,0.04081632653061225,0.0,0.0,0.07142857142857142,0.05555555555555555,5,7,0,0,0,0,0,0,0.0,0.0,0.0,145000.0
10484214,1,0.0,0.0,1.0,0.0,0.0,0.0,0.0,1.0,0.0,0.0,0.0,0.0,0.0,0.0,0.0,0.0,1.0,0.0,0.1969387755102041,0.1818181818181818,0.09090909090909091,0.07142857142857142,0.05555555555555555,5,7,0,0,0,0,1,0,0.184,0.0,0.0002751079569474388,75000.0
10615291,1,0.0,0.0,1.0,0.0,0.0,0.0,0.0,0.0,0.0,0.0,0.0,0.0,1.0,0.0,0.0,0.0,1.0,0.0,0.12244897959183676,0.2727272727272727,0.18181818181818182,0.0,0.1111111111111111,3,4,0,1,0,0,1,1,0.5700000000000001,0.18,0.0006758485475675413,465000.0
10615314,0,1.0,0.0,0.0,0.0,1.0,0.0,0.0,0.0,0.0,0.0,0.0,0.0,0.0,0.0,0.0,1.0,0.0,0.0,0.04081632653061225,0.09090909090909091,0.18181818181818182,0.0,0.1111111111111111,3,7,0,0,0,0,0,1,0.0,0.0,0.0,169000.0
10615288,0,1.0,0.0,0.0,0.0,1.0,0.0,0.0,0.0,0.0,0.0,0.0,0.0,0.0,0.0,0.0,1.0,0.0,0.0,0.04081632653061225,0.0,0.0,0.07142857142857142,0.05555555555555555,5,7,0,0,0,0,0,0,0.0,0.0,0.0,135000.0
10615278,0,1.0,0.0,0.0,0.0,1.0,0.0,0.0,0.0,0.0,0.0,0.0,0.0,0.0,0.0,0.0,1.0,0.0,0.0,0.03571428571428572,0.0,0.09090909090909091,0.0,0.05555555555555555,5,6,0,0,0,0,1,1,0.15,0.2,0.0,175000.0
10615330,0,1.0,0.0,0.0,0.0,1.0,0.0,0.0,0.0,0.0,0.0,0.0,0.0,0.0,0.0,0.0,0.0,1.0,0.0,0.03877551020408163,0.0,0.09090909090909091,0.0,0.05555555555555555,3,7,0,1,0,0,0,0,0.0,0.0,0.0,235000.0
10615378,0,0.0,0.0,1.0,0.0,0.0,0.0,0.0,1.0,0.0,0.0,0.0,0.0,0.0,0.0,0.0,0.0,0.0,1.0,0.04081632653061225,0.0,0.09090909090909091,0.0,0.05555555555555555,0,7,0,0,0,0,0,0,0.0,0.0,0.0,120000.0
10615349,0,1.0,0.0,0.0,0.0,1.0,0.0,0.0,0.0,0.0,0.0,0.0,0.0,0.0,0.0,0.0,1.0,0.0,0.0,0.07142857142857142,0.0,0.09090909090909091,0.0,0.0,0,0,0,0,0,0,0,0,0.0,0.0,0.0,215000.0
10615359,0,0.0,1.0,0.0,0.0,0.0,1.0,0.0,0.0,0.0,0.0,0.0,0.0,0.0,0.0,0.0,0.0,1.0,0.0,0.07142857142857142,0.1818181818181818,0.09090909090909091,0.0,0.05555555555555555,3,2,1,0,0,0,0,1,0.0,0.16,0.0,195000.0
10615381,0,0.0,0.0,1.0,0.0,0.0,0.0,0.0,1.0,0.0,0.0,0.0,0.0,0.0,0.0,0.0,0.0,0.0,1.0,0.09183673469387757,0.09090909090909091,0.09090909090909091,0.07142857142857142,0.16666666666666666,0,7,0,0,0,0,0,1,0.0,0.15,0.0,260000.0
10615379,0,0.0,0.0,1.0,0.0,0.0,0.0,0.0,1.0,0.0,0.0,0.0,0.0,0.0,0.0,0.0,0.0,0.0,1.0,0.04081632653061225,0.09090909090909091,0.0,0.07142857142857142,0.05555555555555555,0,4,0,0,0,0,0,0,0.0,0.0,0.0,160000.0
10615384,0,0.0,1.0,0.0,1.0,0.0,0.0,0.0,0.0,0.0,0.0,0.0,0.0,0.0,0.0,0.0,0.0,0.0,1.0,0.11734693877551022,0.09090909090909091,0.18181818181818182,0.0,0.0,1,2,0,0,0,0,0,1,0.0,0.0,0.0,475000.0
10353268,1,0.0,1.0,0.0,0.0,0.0,0.0,0.0,0.0,1.0,0.0,0.0,0.0,0.0,0.0,0.0,0.0,0.0,1.0,0.18877551020408165,0.09090909090909091,0.09090909090909091,0.0,0.1111111111111111,3,3,0,1,0,0,0,0,0.0,0.0,0.002026628616179466,435000.0
10615423,0,0.0,1.0,0.0,1.0,0.0,0.0,0.0,0.0,0.0,0.0,0.0,0.0,0.0,0.0,0.0,1.0,0.0,0.0,0.1979591836734694,0.1818181818181818,0.18181818181818182,0.0,0.0,3,2,1,1,0,0,0,1,0.0,0.4,0.0,1975000.0
10615388,0,0.0,1.0,0.0,0.0,0.0,0.0,0.0,0.0,0.0,0.0,0.0,0.0,0.0,1.0,0.0,0.0,0.0,1.0,0.02142857142857143,0.0,0.09090909090909091,0.0,0.05555555555555555,1,0,1,0,0,0,0,1,0.0,0.06,0.0,260000.0
10615390,0,0.0,1.0,0.0,0.0,0.0,0.0,0.0,0.0,0.0,0.0,0.0,0.0,0.0,1.0,0.0,0.0,0.0,1.0,0.031632653061224494,0.0,0.09090909090909091,0.0,0.05555555555555555,1,2,1,0,0,0,0,1,0.0,0.06,0.0,289000.0
10615425,0,0.0,1.0,0.0,1.0,0.0,0.0,0.0,0.0,0.0,0.0,0.0,0.0,0.0,0.0,1.0,0.0,0.0,0.0,0.336734693877551,0.1818181818181818,0.18181818181818182,0.0,0.16666666666666666,3,2,1,1,0,0,0,1,0.0,0.15,0.0,1400000.0
10615465,0,1.0,0.0,0.0,0.0,1.0,0.0,0.0,0.0,0.0,0.0,0.0,0.0,0.0,0.0,0.0,1.0,0.0,0.0,0.11734693877551022,0.09090909090909091,0.0,0.14285714285714285,0.1111111111111111,3,6,0,1,0,0,0,0,0.0,0.0,0.0,335000.0
10615478,0,0.0,1.0,0.0,0.0,0.0,1.0,0.0,0.0,0.0,0.0,0.0,0.0,0.0,0.0,0.0,0.0,1.0,0.0,0.06632653061224492,0.09090909090909091,0.09090909090909091,0.0,0.05555555555555555,3,1,1,1,0,0,0,1,0.0,0.08,0.0,199000.0
10615455,0,0.0,1.0,0.0,0.0,0.0,0.0,0.0,0.0,0.0,0.0,0.0,0.0,0.0,1.0,0.0,0.0,0.0,1.0,0.030612244897959183,0.0,0.0,0.0,0.0,3,6,0,1,0,0,0,1,0.0,0.0,0.0,159000.0
10615483,0,1.0,0.0,0.0,0.0,1.0,0.0,0.0,0.0,0.0,0.0,0.0,0.0,0.0,0.0,0.0,0.0,1.0,0.0,0.10204081632653061,0.09090909090909091,0.18181818181818182,0.0,0.1111111111111111,4,4,0,1,0,0,1,0,0.3,0.0,0.0,430000.0
10615487,0,1.0,0.0,0.0,0.0,1.0,0.0,0.0,0.0,0.0,0.0,0.0,0.0,0.0,0.0,0.0,0.0,1.0,0.0,0.051020408163265314,0.09090909090909091,0.09090909090909091,0.0,0.05555555555555555,4,4,0,1,0,0,0,0,0.0,0.0,0.0,260000.0
10615494,0,0.0,1.0,0.0,1.0,0.0,0.0,0.0,0.0,0.0,0.0,0.0,0.0,0.0,0.0,0.0,0.0,1.0,0.0,0.1510204081632653,0.09090909090909091,0.09090909090909091,0.07142857142857142,0.1111111111111111,1,1,1,1,0,0,0,1,0.0,0.18,0.0,698000.0
10615519,0,0.0,1.0,0.0,1.0,0.0,0.0,0.0,0.0,0.0,0.0,0.0,0.0,0.0,0.0,0.0,0.0,0.0,1.0,0.07244897959183674,0.09090909090909091,0.09090909090909091,0.0,0.0,3,2,1,1,0,0,0,0,0.0,0.0,0.0,210000.0
10615520,0,1.0,0.0,0.0,0.0,1.0,0.0,0.0,0.0,0.0,0.0,0.0,0.0,0.0,0.0,0.0,1.0,0.0,0.0,0.09183673469387757,0.09090909090909091,0.09090909090909091,0.0,0.0,4,6,1,0,0,0,1,0,0.065,0.0,0.0,375000.0
10615525,0,0.0,0.0,1.0,0.0,0.0,0.0,0.0,1.0,0.0,0.0,0.0,0.0,0.0,0.0,0.0,1.0,0.0,0.0,0.06122448979591837,0.0,0.09090909090909091,0.0,0.0,1,2,1,0,0,0,0,1,0.0,0.01,0.0,170000.0
10615550,0,0.0,1.0,0.0,1.0,0.0,0.0,0.0,0.0,0.0,0.0,0.0,0.0,0.0,0.0,0.0,0.0,1.0,0.0,0.11224489795918369,0.09090909090909091,0.09090909090909091,0.0,0.1111111111111111,1,2,1,1,0,0,0,1,0.0,0.25,0.0,380000.0
10615547,0,0.0,1.0,0.0,1.0,0.0,0.0,0.0,0.0,0.0,0.0,0.0,0.0,0.0,0.0,0.0,0.0,0.0,1.0,0.028571428571428574,0.0,0.09090909090909091,0.0,0.05555555555555555,0,5,0,0,0,0,0,0,0.0,0.0,0.0,179000.0
10615541,0,0.0,0.0,1.0,0.0,0.0,0.0,0.0,1.0,0.0,0.0,0.0,0.0,0.0,0.0,0.0,0.0,0.0,1.0,0.042857142857142864,0.0,0.09090909090909091,0.0,0.05555555555555555,3,2,0,1,0,0,0,1,0.0,0.02,0.0,130000.0
10615576,0,0.0,1.0,0.0,0.0,0.0,0.0,0.0,0.0,0.0,0.0,0.0,0.0,0.0,1.0,0.0,0.0,0.0,1.0,0.07244897959183674,0.09090909090909091,0.0,0.0,0.0,3,5,0,0,0,0,1,0,0.0,0.0,0.0,279500.0
10615583,0,0.0,1.0,0.0,0.0,0.0,0.0,0.0,0.0,0.0,0.0,0.0,0.0,0.0,1.0,0.0,0.0,1.0,0.0,0.07653061224489796,0.09090909090909091,0.0,0.0,0.0,0,1,1,0,0,0,0,1,0.0,0.51,0.0,530000.0
10615578,0,0.0,1.0,0.0,0.0,0.0,0.0,0.0,0.0,0.0,0.0,0.0,0.0,0.0,1.0,0.0,0.0,0.0,1.0,0.09183673469387757,0.09090909090909091,0.09090909090909091,0.0,0.05555555555555555,3,2,1,0,0,0,0,0,0.0,0.0,0.0,269000.0
10615601,0,0.0,1.0,0.0,0.0,0.0,0.0,0.0,0.0,0.0,0.0,0.0,0.0,0.0,1.0,0.0,0.0,0.0,1.0,0.057142857142857155,0.1818181818181818,0.09090909090909091,0.0,0.1111111111111111,3,4,0,0,0,0,0,0,0.0,0.0,0.0,198000.0
10615588,0,0.0,1.0,0.0,0.0,0.0,0.0,0.0,0.0,0.0,0.0,0.0,0.0,0.0,1.0,0.0,0.0,0.0,1.0,0.02959183673469388,0.09090909090909091,0.09090909090909091,0.0,0.05555555555555555,3,6,1,0,0,0,0,0,0.0,0.0,0.0,105000.0
10615597,1,0.0,1.0,0.0,0.0,0.0,1.0,0.0,0.0,0.0,0.0,0.0,0.0,0.0,0.0,0.0,0.0,0.0,1.0,0.163265306122449,0.1818181818181818,0.0,0.0,0.1111111111111111,1,1,0,0,0,0,0,0,0.0,0.0,6.87769892368597e-05,372000.0
10615607,0,0.0,1.0,0.0,0.0,0.0,0.0,0.0,0.0,0.0,0.0,0.0,0.0,0.0,1.0,0.0,0.0,1.0,0.0,0.022448979591836733,0.0,0.09090909090909091,0.0,0.0,1,2,0,0,0,0,0,0,0.0,0.0,0.0,445000.0
10615621,1,0.0,1.0,0.0,0.0,0.0,0.0,0.0,0.0,0.0,0.0,0.0,0.0,0.0,1.0,0.0,0.0,0.0,1.0,0.1489795918367347,0.2727272727272727,0.09090909090909091,0.0,0.05555555555555555,0,5,0,0,0,0,1,1,0.123,0.0,0.0,185000.0
10615611,0,0.0,1.0,0.0,0.0,0.0,0.0,0.0,0.0,0.0,0.0,0.0,0.0,0.0,1.0,0.0,0.0,0.0,1.0,0.039795918367346944,0.0,0.0,0.0,0.0,3,0,1,0,0,0,1,0,0.013000000000000001,0.0,0.0,195000.0
10615622,0,0.0,1.0,0.0,0.0,0.0,0.0,0.0,0.0,0.0,0.0,0.0,0.0,0.0,1.0,0.0,0.0,0.0,1.0,0.07755102040816328,0.09090909090909091,0.09090909090909091,0.0,0.05555555555555555,0,1,0,0,0,0,0,1,0.0,0.09,0.0,275000.0
10615625,0,1.0,0.0,0.0,0.0,1.0,0.0,0.0,0.0,0.0,0.0,0.0,0.0,0.0,0.0,0.0,1.0,0.0,0.0,0.10204081632653061,0.1818181818181818,0.09090909090909091,0.07142857142857142,0.1111111111111111,0,7,1,1,0,0,0,1,0.0,0.16,0.0,199000.0
10615624,0,0.0,1.0,0.0,0.0,0.0,0.0,0.0,0.0,0.0,0.0,0.0,0.0,0.0,1.0,0.0,0.0,0.0,1.0,0.09183673469387757,0.1818181818181818,0.09090909090909091,0.0,0.05555555555555555,0,2,0,0,0,0,0,1,0.0,0.05,0.0,399000.0
10615651,0,0.0,1.0,0.0,1.0,0.0,0.0,0.0,0.0,0.0,0.0,0.0,0.0,0.0,0.0,0.0,0.0,0.0,1.0,0.07346938775510206,0.09090909090909091,0.09090909090909091,0.0,0.05555555555555555,3,2,1,1,0,0,0,0,0.0,0.0,0.0,274500.0
10615652,1,0.0,0.0,1.0,0.0,0.0,0.0,0.0,0.0,0.0,0.0,0.0,1.0,0.0,0.0,0.0,0.0,1.0,0.0,0.19387755102040818,0.1818181818181818,0.18181818181818182,0.0,0.1111111111111111,1,2,0,1,1,0,0,0,0.0,0.0,0.0012159771697076796,640000.0
10484566,1,0.0,1.0,0.0,1.0,0.0,0.0,0.0,0.0,0.0,0.0,0.0,0.0,0.0,0.0,0.0,0.0,0.0,1.0,0.12448979591836737,0.36363636363636365,0.09090909090909091,0.0,0.05555555555555555,4,6,0,1,0,0,1,0,0.0,0.0,0.00021733528598847667,285000.0
10353516,0,0.0,1.0,0.0,0.0,0.0,0.0,0.0,0.0,0.0,0.0,0.0,0.0,0.0,1.0,0.0,0.0,1.0,0.0,0.030612244897959183,0.0,0.0,0.0,0.05555555555555555,1,2,1,0,0,0,0,1,0.0,0.0,0.0,440000.0
10615667,0,1.0,0.0,0.0,0.0,1.0,0.0,0.0,0.0,0.0,0.0,0.0,0.0,0.0,0.0,0.0,1.0,0.0,0.0,0.05612244897959184,0.0,0.09090909090909091,0.0,0.05555555555555555,2,0,1,1,0,0,0,1,0.0,0.07,0.0,295000.0
10615679,0,1.0,0.0,0.0,0.0,1.0,0.0,0.0,0.0,0.0,0.0,0.0,0.0,0.0,0.0,0.0,1.0,0.0,0.0,0.0326530612244898,0.0,0.09090909090909091,0.0,0.0,4,4,1,0,0,0,0,0,0.0,0.0,0.0,145000.0
10615696,0,1.0,0.0,0.0,0.0,1.0,0.0,0.0,0.0,0.0,0.0,0.0,0.0,0.0,0.0,0.0,1.0,0.0,0.0,0.05204081632653062,0.09090909090909091,0.09090909090909091,0.0,0.05555555555555555,2,0,0,0,0,0,0,0,0.0,0.0,0.0,275000.0
10615697,0,1.0,0.0,0.0,0.0,1.0,0.0,0.0,0.0,0.0,0.0,0.0,0.0,0.0,0.0,0.0,1.0,0.0,0.0,0.05204081632653062,0.0,0.09090909090909091,0.0,0.0,3,7,0,0,0,0,0,0,0.0,0.0,0.0,275000.0
10615768,0,1.0,0.0,0.0,0.0,1.0,0.0,0.0,0.0,0.0,0.0,0.0,0.0,0.0,0.0,0.0,1.0,0.0,0.0,0.0816326530612245,0.09090909090909091,0.09090909090909091,0.0,0.05555555555555555,3,6,1,1,0,0,0,1,0.0,0.06,0.0,245000.0
10615783,0,1.0,0.0,0.0,0.0,1.0,0.0,0.0,0.0,0.0,0.0,0.0,0.0,0.0,0.0,0.0,1.0,0.0,0.0,0.06632653061224492,0.09090909090909091,0.09090909090909091,0.07142857142857142,0.1111111111111111,3,5,1,0,0,0,0,1,0.0,0.02,0.0,375000.0
10615788,0,1.0,0.0,0.0,0.0,1.0,0.0,0.0,0.0,0.0,0.0,0.0,0.0,0.0,0.0,0.0,0.0,0.0,1.0,0.10204081632653061,0.09090909090909091,0.09090909090909091,0.07142857142857142,0.05555555555555555,1,3,1,1,0,0,0,1,0.0,0.18,0.0,430000.0
10615803,0,1.0,0.0,0.0,0.0,1.0,0.0,0.0,0.0,0.0,0.0,0.0,0.0,0.0,0.0,0.0,0.0,0.0,1.0,0.14489795918367349,0.1818181818181818,0.18181818181818182,0.0,0.0,4,4,1,0,0,0,0,1,0.0,0.1,0.0,545000.0
10615855,0,0.0,1.0,0.0,0.0,0.0,0.0,0.0,0.0,0.0,0.0,0.0,0.0,0.0,1.0,0.0,0.0,0.0,1.0,0.07040816326530613,0.09090909090909091,0.09090909090909091,0.0,0.05555555555555555,1,4,1,0,0,0,0,1,0.0,0.0,0.0,385000.0
10222649,0,0.0,1.0,0.0,1.0,0.0,0.0,0.0,0.0,0.0,0.0,0.0,0.0,0.0,0.0,0.0,0.0,0.0,1.0,0.05306122448979592,0.09090909090909091,0.09090909090909091,0.0,0.05555555555555555,1,3,1,0,0,0,0,0,0.0,0.0,0.0,149000.0
10615871,0,0.0,1.0,0.0,0.0,0.0,0.0,0.0,0.0,0.0,0.0,0.0,0.0,0.0,1.0,0.0,0.0,0.0,1.0,0.05612244897959184,0.09090909090909091,0.09090909090909091,0.0,0.05555555555555555,0,2,1,0,0,0,1,1,0.0,0.0,0.0,349000.0
10615873,0,0.0,0.0,1.0,0.0,0.0,0.0,0.0,1.0,0.0,0.0,0.0,0.0,0.0,0.0,0.0,0.0,1.0,0.0,0.03775510204081633,0.0,0.09090909090909091,0.0,0.05555555555555555,0,2,1,1,0,0,0,1,0.0,0.06,0.0,198000.0
10615875,0,0.0,0.0,1.0,0.0,0.0,0.0,0.0,1.0,0.0,0.0,0.0,0.0,0.0,0.0,0.0,0.0,1.0,0.0,0.0653061224489796,0.09090909090909091,0.09090909090909091,0.0,0.05555555555555555,0,1,1,1,0,0,1,1,0.0,0.08,0.0,216500.0
10615899,0,0.0,1.0,0.0,0.0,0.0,0.0,0.0,0.0,0.0,0.0,0.0,0.0,0.0,1.0,0.0,0.0,0.0,1.0,0.06122448979591837,0.09090909090909091,0.09090909090909091,0.0,0.05555555555555555,0,2,1,0,0,0,1,1,0.0,0.0,0.0,240000.0
10615874,0,0.0,0.0,1.0,0.0,0.0,0.0,0.0,0.0,0.0,0.0,0.0,1.0,0.0,0.0,0.0,0.0,1.0,0.0,0.07857142857142857,0.09090909090909091,0.09090909090909091,0.0,0.05555555555555555,0,2,1,1,0,0,1,1,0.0,0.23,0.0,330000.0
10615882,0,0.0,1.0,0.0,1.0,0.0,0.0,0.0,0.0,0.0,0.0,0.0,0.0,0.0,0.0,0.0,0.0,0.0,1.0,0.07142857142857142,0.09090909090909091,0.0,0.0,0.05555555555555555,1,1,1,1,0,0,0,1,0.0,0.12,0.0,249000.0
10615905,1,0.0,1.0,0.0,0.0,0.0,0.0,0.0,0.0,0.0,0.0,0.0,0.0,0.0,1.0,0.0,1.0,0.0,0.0,0.3122448979591837,0.36363636363636365,0.18181818181818182,0.0,0.1111111111111111,0,3,0,0,0,0,1,1,0.0,0.0,0.0015873729115867218,495000.0
10615916,0,0.0,1.0,0.0,0.0,0.0,0.0,0.0,0.0,0.0,0.0,0.0,0.0,0.0,1.0,0.0,0.0,1.0,0.0,0.20102040816326533,0.1818181818181818,0.0,0.0,0.0,3,2,0,0,0,0,0,0,0.0,0.0,0.0,300000.0
10615927,0,0.0,1.0,0.0,0.0,0.0,0.0,0.0,0.0,0.0,0.0,0.0,0.0,0.0,1.0,0.0,0.0,1.0,0.0,0.030612244897959183,0.0,0.0,0.0,0.05555555555555555,0,2,1,0,0,0,0,0,0.0,0.0,0.0,275000.0
10615919,0,0.0,1.0,0.0,0.0,0.0,0.0,0.0,0.0,0.0,0.0,0.0,0.0,0.0,1.0,0.0,0.0,1.0,0.0,0.06632653061224492,0.09090909090909091,0.0,0.0,0.0,1,4,0,0,0,0,0,1,0.0,0.0,0.0,169000.0
10615951,0,0.0,1.0,0.0,0.0,0.0,0.0,1.0,0.0,0.0,0.0,0.0,0.0,0.0,0.0,0.0,0.0,1.0,0.0,0.05612244897959184,0.09090909090909091,0.09090909090909091,0.0,0.0,3,2,1,0,0,0,0,1,0.0,0.15,0.0,279000.0
10615970,1,0.0,1.0,0.0,0.0,0.0,1.0,0.0,0.0,0.0,0.0,0.0,0.0,0.0,0.0,0.0,0.0,1.0,0.0,0.14285714285714288,0.1818181818181818,0.09090909090909091,0.0,0.05555555555555555,5,5,0,0,0,0,1,1,0.0,0.0,0.0007143636615401827,269000.0
10615977,0,0.0,1.0,0.0,1.0,0.0,0.0,0.0,0.0,0.0,0.0,0.0,0.0,0.0,0.0,0.0,1.0,0.0,0.0,0.026530612244897965,0.0,0.09090909090909091,0.0,0.05555555555555555,1,3,0,0,0,0,0,0,0.0,0.0,0.0,154000.0
10615971,0,0.0,1.0,0.0,1.0,0.0,0.0,0.0,0.0,0.0,0.0,0.0,0.0,0.0,0.0,0.0,0.0,0.0,1.0,0.051020408163265314,0.09090909090909091,0.09090909090909091,0.0,0.05555555555555555,1,0,1,0,0,0,0,1,0.0,0.0,0.0,259000.0
10615992,0,0.0,1.0,0.0,0.0,0.0,1.0,0.0,0.0,0.0,0.0,0.0,0.0,0.0,0.0,0.0,0.0,0.0,1.0,0.10714285714285715,0.1818181818181818,0.09090909090909091,0.0,0.05555555555555555,0,3,0,0,0,0,0,1,0.0,0.03,0.0,270000.0
10615972,0,0.0,1.0,0.0,1.0,0.0,0.0,0.0,0.0,0.0,0.0,0.0,0.0,0.0,0.0,0.0,0.0,0.0,1.0,0.051020408163265314,0.09090909090909091,0.09090909090909091,0.0,0.05555555555555555,1,0,1,0,0,0,0,1,0.0,0.0,0.0,259000.0
10616040,0,0.0,1.0,0.0,1.0,0.0,0.0,0.0,0.0,0.0,0.0,0.0,0.0,0.0,0.0,0.0,1.0,0.0,0.0,0.06632653061224492,0.09090909090909091,0.09090909090909091,0.0,0.0,5,3,1,0,0,0,0,1,0.0,0.09,0.0,239000.0
10616039,0,0.0,1.0,0.0,1.0,0.0,0.0,0.0,0.0,0.0,0.0,0.0,0.0,0.0,0.0,0.0,1.0,0.0,0.0,0.06632653061224492,0.09090909090909091,0.09090909090909091,0.0,0.0,5,3,1,0,0,0,0,1,0.0,0.08,0.0,234000.0
10616043,0,0.0,1.0,0.0,1.0,0.0,0.0,0.0,0.0,0.0,0.0,0.0,0.0,0.0,0.0,0.0,1.0,0.0,0.0,0.11734693877551022,0.09090909090909091,0.09090909090909091,0.0,0.0,0,4,1,0,0,0,0,1,0.0,0.19,0.0,389000.0
10616045,0,0.0,1.0,0.0,0.0,0.0,0.0,0.0,0.0,0.0,0.0,0.0,0.0,0.0,1.0,0.0,0.0,1.0,0.0,0.09183673469387757,0.0,0.09090909090909091,0.0,0.0,1,3,1,0,0,0,1,1,0.0,0.0,0.0,1695000.0
10616050,0,0.0,1.0,0.0,1.0,0.0,0.0,0.0,0.0,0.0,0.0,0.0,0.0,0.0,0.0,0.0,0.0,1.0,0.0,0.0336734693877551,0.0,0.09090909090909091,0.0,0.0,4,3,0,0,0,0,0,1,0.0,0.07,0.0,160000.0
10616094,0,0.0,1.0,0.0,1.0,0.0,0.0,0.0,0.0,0.0,0.0,0.0,0.0,0.0,0.0,0.0,0.0,1.0,0.0,0.03775510204081633,0.0,0.09090909090909091,0.0,0.0,1,3,0,1,0,0,0,0,0.0,0.0,0.0,259000.0
10616058,0,0.0,1.0,0.0,1.0,0.0,0.0,0.0,0.0,0.0,0.0,0.0,0.0,0.0,0.0,0.0,0.0,0.0,1.0,0.05816326530612246,0.0,0.09090909090909091,0.0,0.05555555555555555,2,2,0,0,0,0,1,0,0.03,0.0,0.0,265000.0
10616057,0,0.0,1.0,0.0,1.0,0.0,0.0,0.0,0.0,0.0,0.0,0.0,0.0,0.0,0.0,0.0,0.0,0.0,1.0,0.042857142857142864,0.0,0.09090909090909091,0.0,0.05555555555555555,2,3,0,0,0,0,0,1,0.0,0.03,0.0,249500.0
10616051,0,0.0,1.0,0.0,1.0,0.0,0.0,0.0,0.0,0.0,0.0,0.0,0.0,0.0,0.0,0.0,0.0,1.0,0.0,0.07551020408163267,0.09090909090909091,0.09090909090909091,0.0,0.0,0,3,0,0,0,0,0,0,0.0,0.0,0.0,248000.0
10616119,0,0.0,1.0,0.0,1.0,0.0,0.0,0.0,0.0,0.0,0.0,0.0,0.0,0.0,0.0,0.0,0.0,1.0,0.0,0.07142857142857142,0.1818181818181818,0.09090909090909091,0.0,0.05555555555555555,3,2,1,1,0,0,0,1,0.0,0.0,0.0,299000.0
10616122,0,0.0,1.0,0.0,1.0,0.0,0.0,0.0,0.0,0.0,0.0,0.0,0.0,0.0,0.0,0.0,0.0,1.0,0.0,0.08775510204081632,0.09090909090909091,0.09090909090909091,0.0,0.05555555555555555,3,5,0,1,0,0,1,1,0.0,0.21,0.0,269000.0
10616112,0,0.0,1.0,0.0,1.0,0.0,0.0,0.0,0.0,0.0,0.0,0.0,0.0,0.0,0.0,0.0,0.0,1.0,0.0,0.07857142857142857,0.1818181818181818,0.09090909090909091,0.0,0.05555555555555555,3,2,1,1,0,0,0,1,0.0,0.0,0.0,245000.0
10616138,0,0.0,1.0,0.0,0.0,0.0,0.0,0.0,0.0,0.0,0.0,0.0,0.0,0.0,1.0,1.0,0.0,0.0,0.0,0.09081632653061225,0.1818181818181818,0.09090909090909091,0.0,0.0,0,3,1,0,0,0,0,1,0.0,0.0,0.0,349000.0
10616123,0,0.0,1.0,0.0,1.0,0.0,0.0,0.0,0.0,0.0,0.0,0.0,0.0,0.0,0.0,0.0,0.0,1.0,0.0,0.07448979591836735,0.1818181818181818,0.09090909090909091,0.0,0.05555555555555555,3,3,1,1,0,0,0,1,0.0,0.0,0.0,229000.0
10485084,0,0.0,1.0,0.0,0.0,0.0,0.0,0.0,0.0,0.0,0.0,0.0,0.0,0.0,1.0,0.0,0.0,1.0,0.0,0.07857142857142857,0.1818181818181818,0.18181818181818182,0.0,0.1111111111111111,1,0,1,0,0,0,0,1,0.0,0.0,0.0,2095000.0
10616139,0,0.0,1.0,0.0,1.0,0.0,0.0,0.0,0.0,0.0,0.0,0.0,0.0,0.0,0.0,1.0,0.0,0.0,0.0,0.06326530612244899,0.09090909090909091,0.09090909090909091,0.0,0.05555555555555555,1,1,1,0,0,0,0,1,0.0,0.24,0.0,399000.0
10616162,0,0.0,1.0,0.0,0.0,0.0,0.0,0.0,0.0,0.0,0.0,0.0,0.0,0.0,1.0,0.0,0.0,1.0,0.0,0.23367346938775516,0.2727272727272727,0.18181818181818182,0.0,0.1111111111111111,0,3,1,0,0,0,0,1,0.0,0.0,0.0,1150000.0
10616145,0,0.0,1.0,0.0,0.0,0.0,0.0,0.0,0.0,0.0,0.0,0.0,0.0,0.0,1.0,0.0,0.0,1.0,0.0,0.06632653061224492,0.09090909090909091,0.09090909090909091,0.0,0.05555555555555555,2,2,0,0,0,0,0,1,0.0,0.0,0.0,279000.0
10616148,0,0.0,1.0,0.0,0.0,0.0,0.0,0.0,0.0,0.0,0.0,0.0,0.0,0.0,1.0,0.0,0.0,0.0,1.0,0.08877551020408164,0.09090909090909091,0.09090909090909091,0.0,0.05555555555555555,1,1,1,0,0,0,1,1,0.0,0.0,0.0,317000.0
10616184,0,0.0,1.0,0.0,0.0,0.0,1.0,0.0,0.0,0.0,0.0,0.0,0.0,0.0,0.0,0.0,1.0,0.0,0.0,0.21020408163265308,0.0,0.09090909090909091,0.0,0.1111111111111111,3,2,0,0,0,0,0,0,0.0,0.0,0.0,369000.0
10616165,0,0.0,1.0,0.0,0.0,0.0,1.0,0.0,0.0,0.0,0.0,0.0,0.0,0.0,0.0,0.0,1.0,0.0,0.0,0.05408163265306123,0.09090909090909091,0.09090909090909091,0.0,0.05555555555555555,1,3,0,0,0,0,0,0,0.0,0.0,0.0,245000.0
10616191,0,0.0,1.0,0.0,1.0,0.0,0.0,0.0,0.0,0.0,0.0,0.0,0.0,0.0,0.0,1.0,0.0,0.0,0.0,0.336734693877551,0.1818181818181818,0.09090909090909091,0.0,0.05555555555555555,0,3,1,0,0,0,1,1,0.0,0.42,0.0,1195000.0
10616192,0,0.0,1.0,0.0,1.0,0.0,0.0,0.0,0.0,0.0,0.0,0.0,0.0,0.0,0.0,1.0,0.0,0.0,0.0,0.06224489795918368,0.09090909090909091,0.09090909090909091,0.0,0.05555555555555555,0,1,1,0,0,0,1,1,0.0,0.1,0.0,369000.0
10616197,0,0.0,1.0,0.0,1.0,0.0,0.0,0.0,0.0,0.0,0.0,0.0,0.0,0.0,0.0,0.0,0.0,0.0,1.0,0.13571428571428573,0.09090909090909091,0.18181818181818182,0.0,0.0,0,1,1,0,0,0,0,1,0.0,0.62,0.0,765000.0
10616202,0,0.0,1.0,0.0,1.0,0.0,0.0,0.0,0.0,0.0,0.0,0.0,0.0,0.0,0.0,0.0,0.0,1.0,0.0,0.10714285714285715,0.1818181818181818,0.09090909090909091,0.0,0.05555555555555555,1,3,1,0,0,0,0,1,0.0,0.2,0.0,295000.0
10616199,1,0.0,1.0,0.0,0.0,0.0,1.0,0.0,0.0,0.0,0.0,0.0,0.0,0.0,0.0,0.0,0.0,0.0,1.0,0.16122448979591839,0.1818181818181818,0.18181818181818182,0.0,0.16666666666666666,0,2,0,0,0,0,0,0,0.0,0.0,0.00041724706803694884,449500.0
10616196,0,0.0,1.0,0.0,1.0,0.0,0.0,0.0,0.0,0.0,0.0,0.0,0.0,0.0,0.0,0.0,0.0,0.0,1.0,0.14183673469387756,0.1818181818181818,0.18181818181818182,0.0,0.1111111111111111,0,1,1,0,0,0,0,1,0.0,0.7000000000000001,0.0,660265.0
10616235,0,1.0,0.0,0.0,0.0,1.0,0.0,0.0,0.0,0.0,0.0,0.0,0.0,0.0,0.0,0.0,0.0,0.0,1.0,0.0979591836734694,0.1818181818181818,0.18181818181818182,0.0,0.1111111111111111,1,7,1,0,0,0,1,1,0.05,0.18,0.0,560000.0
10616213,0,0.0,1.0,0.0,1.0,0.0,0.0,0.0,0.0,0.0,0.0,0.0,0.0,0.0,0.0,0.0,0.0,1.0,0.0,0.06632653061224492,0.09090909090909091,0.09090909090909091,0.0,0.05555555555555555,1,2,1,0,0,0,1,1,0.0,0.08,0.0,295000.0
10616240,0,1.0,0.0,0.0,0.0,1.0,0.0,0.0,0.0,0.0,0.0,0.0,0.0,0.0,0.0,0.0,0.0,0.0,1.0,0.09183673469387757,0.1818181818181818,0.09090909090909091,0.07142857142857142,0.1111111111111111,5,4,1,0,0,0,0,1,0.0,0.1,0.0,329000.0
10616217,1,0.0,1.0,0.0,0.0,0.0,1.0,0.0,0.0,0.0,0.0,0.0,0.0,0.0,0.0,0.0,1.0,0.0,0.0,0.10918367346938776,0.2727272727272727,0.09090909090909091,0.0,0.05555555555555555,0,3,0,0,0,0,1,1,0.0,0.0,0.0,320000.0
10616245,0,1.0,0.0,0.0,0.0,1.0,0.0,0.0,0.0,0.0,0.0,0.0,0.0,0.0,0.0,0.0,1.0,0.0,0.0,0.06122448979591837,0.09090909090909091,0.09090909090909091,0.0,0.05555555555555555,1,3,1,0,0,0,0,1,0.0,0.26,0.0,315000.0
10616247,0,1.0,0.0,0.0,0.0,1.0,0.0,0.0,0.0,0.0,0.0,0.0,0.0,0.0,0.0,0.0,1.0,0.0,0.0,0.042857142857142864,0.09090909090909091,0.09090909090909091,0.0,0.05555555555555555,1,0,0,0,0,0,0,1,0.0,0.04,0.0,179000.0
10616246,0,1.0,0.0,0.0,0.0,1.0,0.0,0.0,0.0,0.0,0.0,0.0,0.0,0.0,0.0,0.0,1.0,0.0,0.0,0.042857142857142864,0.09090909090909091,0.09090909090909091,0.0,0.05555555555555555,1,0,0,0,0,0,0,1,0.0,0.04,0.0,179000.0
10616248,0,1.0,0.0,0.0,0.0,1.0,0.0,0.0,0.0,0.0,0.0,0.0,0.0,0.0,0.0,0.0,1.0,0.0,0.0,0.042857142857142864,0.09090909090909091,0.09090909090909091,0.0,0.05555555555555555,1,0,0,0,0,0,0,1,0.0,0.04,0.0,179000.0
10616251,0,1.0,0.0,0.0,0.0,1.0,0.0,0.0,0.0,0.0,0.0,0.0,0.0,0.0,0.0,0.0,1.0,0.0,0.0,0.04387755102040817,0.0,0.09090909090909091,0.0,0.05555555555555555,5,7,0,0,0,0,1,1,0.007,0.0,0.0,159000.0
10616249,0,1.0,0.0,0.0,0.0,1.0,0.0,0.0,0.0,0.0,0.0,0.0,0.0,0.0,0.0,1.0,0.0,0.0,0.0,0.1326530612244898,0.2727272727272727,0.09090909090909091,0.0,0.1111111111111111,1,7,0,0,0,0,0,1,0.0,0.78,0.0,369000.0
10616270,0,0.0,1.0,0.0,0.0,0.0,1.0,0.0,0.0,0.0,0.0,0.0,0.0,0.0,0.0,0.0,0.0,1.0,0.0,0.2979591836734694,0.36363636363636365,0.09090909090909091,0.0,0.0,0,0,0,1,0,0,0,0,0.0,0.0,0.0,265000.0
10616287,0,1.0,0.0,0.0,0.0,1.0,0.0,0.0,0.0,0.0,0.0,0.0,0.0,0.0,0.0,0.0,1.0,0.0,0.0,0.06428571428571428,0.0,0.09090909090909091,0.07142857142857142,0.05555555555555555,1,1,1,0,0,0,0,1,0.0,0.07,0.0,307000.0
10616292,0,0.0,0.0,1.0,0.0,0.0,0.0,0.0,0.0,0.0,0.0,0.0,0.0,1.0,0.0,0.0,0.0,0.0,1.0,0.10204081632653061,0.1818181818181818,0.09090909090909091,0.0,0.1111111111111111,3,3,0,0,0,0,0,1,0.0,0.02,0.0,349000.0
10616290,0,0.0,0.0,1.0,0.0,0.0,0.0,0.0,0.0,0.0,1.0,0.0,0.0,0.0,0.0,0.0,1.0,0.0,0.0,0.00816326530612245,0.0,0.09090909090909091,0.0,0.0,1,3,0,0,0,0,0,0,0.0,0.0,0.0,89900.0
10616289,0,0.0,0.0,1.0,0.0,0.0,0.0,0.0,0.0,0.0,1.0,0.0,0.0,0.0,0.0,0.0,1.0,0.0,0.0,0.06122448979591837,0.0,0.09090909090909091,0.0,0.0,3,5,0,0,0,0,0,1,0.0,0.2,0.0,110000.0
10616295,0,0.0,1.0,0.0,1.0,0.0,0.0,0.0,0.0,0.0,0.0,0.0,0.0,0.0,0.0,1.0,0.0,0.0,0.0,0.07653061224489796,0.09090909090909091,0.09090909090909091,0.0,0.05555555555555555,3,1,1,1,0,0,0,1,0.0,0.12,0.0,450000.0
10616301,0,0.0,1.0,0.0,0.0,0.0,1.0,0.0,0.0,0.0,0.0,0.0,0.0,0.0,0.0,0.0,0.0,0.0,1.0,0.07142857142857142,0.09090909090909091,0.09090909090909091,0.0,0.0,3,1,1,0,0,0,0,1,0.0,0.06,0.0,275000.0
10616303,0,1.0,0.0,0.0,0.0,1.0,0.0,0.0,0.0,0.0,0.0,0.0,0.0,0.0,0.0,0.0,1.0,0.0,0.0,0.1,0.0,0.09090909090909091,0.0,0.05555555555555555,3,7,0,0,0,0,1,1,0.145,0.3,0.0,450000.0
10616306,0,1.0,0.0,0.0,0.0,1.0,0.0,0.0,0.0,0.0,0.0,0.0,0.0,0.0,0.0,0.0,1.0,0.0,0.0,0.031632653061224494,0.0,0.09090909090909091,0.07142857142857142,0.05555555555555555,3,6,0,0,0,0,0,0,0.0,0.0,0.0,220000.0
10616307,0,1.0,0.0,0.0,0.0,1.0,0.0,0.0,0.0,0.0,0.0,0.0,0.0,0.0,0.0,0.0,1.0,0.0,0.0,0.06122448979591837,0.0,0.09090909090909091,0.07142857142857142,0.1111111111111111,3,7,0,0,0,0,0,0,0.0,0.0,0.0,220000.0
10616327,0,0.0,1.0,0.0,1.0,0.0,0.0,0.0,0.0,0.0,0.0,0.0,0.0,0.0,0.0,0.0,0.0,0.0,1.0,0.07959183673469389,0.09090909090909091,0.09090909090909091,0.0,0.05555555555555555,3,4,0,1,0,0,0,1,0.0,0.05,0.0,259000.0
10616311,0,1.0,0.0,0.0,0.0,1.0,0.0,0.0,0.0,0.0,0.0,0.0,0.0,0.0,0.0,0.0,0.0,0.0,1.0,0.05612244897959184,0.09090909090909091,0.09090909090909091,0.0,0.05555555555555555,3,4,1,0,0,0,0,1,0.0,0.18,0.0,262000.0
10616309,0,1.0,0.0,0.0,0.0,1.0,0.0,0.0,0.0,0.0,0.0,0.0,0.0,0.0,0.0,0.0,1.0,0.0,0.0,0.1,0.09090909090909091,0.09090909090909091,0.0,0.05555555555555555,3,7,0,0,0,0,1,1,0.145,0.3,0.0,450000.0
10616374,0,0.0,1.0,0.0,1.0,0.0,0.0,0.0,0.0,0.0,0.0,0.0,0.0,0.0,0.0,0.0,0.0,0.0,1.0,0.05612244897959184,0.09090909090909091,0.09090909090909091,0.0,0.05555555555555555,1,1,1,0,0,0,0,1,0.0,0.22,0.0,239000.0
10616412,0,0.0,0.0,1.0,0.0,0.0,0.0,0.0,1.0,0.0,0.0,0.0,0.0,0.0,0.0,0.0,0.0,0.0,1.0,0.06428571428571428,0.09090909090909091,0.09090909090909091,0.07142857142857142,0.05555555555555555,4,5,0,0,0,0,0,1,0.0,0.0,0.0,168000.0
10354224,1,0.0,1.0,0.0,1.0,0.0,0.0,0.0,0.0,0.0,0.0,0.0,0.0,0.0,0.0,0.0,0.0,0.0,1.0,0.1438775510204082,0.2727272727272727,0.09090909090909091,0.0,0.1111111111111111,2,3,0,0,0,0,0,1,0.0,0.2,0.0005896480543906772,249000.0
10616367,0,0.0,1.0,0.0,1.0,0.0,0.0,0.0,0.0,0.0,0.0,0.0,0.0,0.0,0.0,1.0,0.0,0.0,0.0,0.336734693877551,0.1818181818181818,0.18181818181818182,0.0,0.1111111111111111,1,3,1,0,0,0,0,1,0.0,0.25,0.0,1195000.0
10616411,0,0.0,0.0,1.0,0.0,0.0,0.0,0.0,1.0,0.0,0.0,0.0,0.0,0.0,0.0,0.0,0.0,0.0,1.0,0.06428571428571428,0.09090909090909091,0.09090909090909091,0.07142857142857142,0.05555555555555555,4,5,0,0,0,0,0,1,0.0,0.0,0.0,168000.0
10616418,0,1.0,0.0,0.0,0.0,1.0,0.0,0.0,0.0,0.0,0.0,0.0,0.0,0.0,0.0,0.0,1.0,0.0,0.0,0.08673469387755103,0.1818181818181818,0.09090909090909091,0.0,0.05555555555555555,3,5,0,0,0,0,1,1,0.081,0.31,0.0,299000.0
10616419,0,1.0,0.0,0.0,0.0,1.0,0.0,0.0,0.0,0.0,0.0,0.0,0.0,0.0,0.0,0.0,1.0,0.0,0.0,0.08571428571428572,0.09090909090909091,0.09090909090909091,0.0,0.05555555555555555,3,5,0,0,0,0,0,0,0.0,0.0,0.0,249000.0
10616433,0,0.0,1.0,0.0,1.0,0.0,0.0,0.0,0.0,0.0,0.0,0.0,0.0,0.0,0.0,0.0,1.0,0.0,0.0,0.020408163265306124,0.0,0.09090909090909091,0.0,0.05555555555555555,1,0,0,0,0,0,0,1,0.0,0.0,0.0,149000.0
10616429,0,0.0,0.0,1.0,0.0,0.0,0.0,0.0,0.0,0.0,1.0,0.0,0.0,0.0,0.0,0.0,0.0,1.0,0.0,0.07142857142857142,0.09090909090909091,0.09090909090909091,0.07142857142857142,0.05555555555555555,4,2,1,0,0,0,0,1,0.0,0.0,0.0,199000.0
10616438,0,1.0,0.0,0.0,0.0,1.0,0.0,0.0,0.0,0.0,0.0,0.0,0.0,0.0,0.0,0.0,0.0,0.0,1.0,0.22653061224489798,0.1818181818181818,0.2727272727272727,0.0,0.16666666666666666,1,2,1,0,0,0,0,1,0.0,0.33,0.0,1495000.0
10616448,0,0.0,1.0,0.0,1.0,0.0,0.0,0.0,0.0,0.0,0.0,0.0,0.0,0.0,0.0,0.0,0.0,0.0,1.0,0.07142857142857142,0.09090909090909091,0.09090909090909091,0.07142857142857142,0.05555555555555555,0,0,0,0,0,0,0,1,0.0,0.1,0.0,315000.0
10616449,0,0.0,1.0,0.0,1.0,0.0,0.0,0.0,0.0,0.0,0.0,0.0,0.0,0.0,0.0,0.0,0.0,0.0,1.0,0.08469387755102042,0.1818181818181818,0.09090909090909091,0.07142857142857142,0.05555555555555555,0,0,0,0,0,0,0,1,0.0,0.1,0.0,350000.0
10616451,0,0.0,1.0,0.0,1.0,0.0,0.0,0.0,0.0,0.0,0.0,0.0,0.0,0.0,0.0,0.0,0.0,0.0,1.0,0.08469387755102042,0.1818181818181818,0.09090909090909091,0.07142857142857142,0.05555555555555555,0,0,0,0,0,0,0,1,0.0,0.1,0.0,360000.0
10616452,0,0.0,1.0,0.0,1.0,0.0,0.0,0.0,0.0,0.0,0.0,0.0,0.0,0.0,0.0,0.0,0.0,0.0,1.0,0.10306122448979593,0.09090909090909091,0.09090909090909091,0.07142857142857142,0.05555555555555555,0,0,0,0,0,0,0,1,0.0,0.1,0.0,375000.0
10616450,0,0.0,1.0,0.0,1.0,0.0,0.0,0.0,0.0,0.0,0.0,0.0,0.0,0.0,0.0,0.0,0.0,0.0,1.0,0.07142857142857142,0.09090909090909091,0.09090909090909091,0.07142857142857142,0.05555555555555555,0,0,0,0,0,0,0,1,0.0,0.1,0.0,320000.0
10616474,0,0.0,1.0,0.0,1.0,0.0,0.0,0.0,0.0,0.0,0.0,0.0,0.0,0.0,0.0,0.0,0.0,0.0,1.0,0.09897959183673471,0.09090909090909091,0.09090909090909091,0.0,0.1111111111111111,1,2,1,0,0,0,0,1,0.0,0.21,0.0,295000.0
10616455,0,0.0,1.0,0.0,1.0,0.0,0.0,0.0,0.0,0.0,0.0,0.0,0.0,0.0,0.0,0.0,1.0,0.0,0.0,0.1806122448979592,0.1818181818181818,0.18181818181818182,0.0,0.1111111111111111,1,2,1,0,0,0,0,1,0.0,0.31,0.0,680000.0
10616477,0,0.0,1.0,0.0,1.0,0.0,0.0,0.0,0.0,0.0,0.0,0.0,0.0,0.0,0.0,0.0,0.0,0.0,1.0,0.08469387755102042,0.09090909090909091,0.0,0.0,0.05555555555555555,0,0,1,0,0,0,0,1,0.0,0.0,0.0,320000.0
10616454,0,0.0,1.0,0.0,1.0,0.0,0.0,0.0,0.0,0.0,0.0,0.0,0.0,0.0,0.0,0.0,0.0,0.0,1.0,0.12244897959183676,0.1818181818181818,0.18181818181818182,0.07142857142857142,0.05555555555555555,0,0,0,0,0,0,0,1,0.0,0.1,0.0,399000.0
10616490,0,1.0,0.0,0.0,0.0,1.0,0.0,0.0,0.0,0.0,0.0,0.0,0.0,0.0,0.0,0.0,0.0,0.0,1.0,0.059183673469387764,0.09090909090909091,0.09090909090909091,0.0,0.05555555555555555,5,3,0,0,0,0,0,1,0.0,0.14,0.0,235000.0
10616513,0,0.0,1.0,0.0,0.0,0.0,1.0,0.0,0.0,0.0,0.0,0.0,0.0,0.0,0.0,0.0,0.0,1.0,0.0,0.08571428571428572,0.09090909090909091,0.09090909090909091,0.0,0.05555555555555555,3,2,0,0,0,0,0,1,0.0,0.0,0.0,269000.0
10616510,0,0.0,1.0,0.0,1.0,0.0,0.0,0.0,0.0,0.0,0.0,0.0,0.0,0.0,0.0,0.0,0.0,0.0,1.0,0.07142857142857142,0.09090909090909091,0.09090909090909091,0.0,0.0,1,3,0,0,0,0,0,1,0.0,0.0,0.0,229000.0
10616526,1,0.0,1.0,0.0,1.0,0.0,0.0,0.0,0.0,0.0,0.0,0.0,0.0,0.0,0.0,0.0,0.0,0.0,1.0,0.14489795918367349,0.1818181818181818,0.09090909090909091,0.0,0.1111111111111111,3,2,0,1,0,0,1,1,0.079,0.18,0.0001659818006916214,305000.0
10485466,0,0.0,1.0,0.0,0.0,0.0,0.0,1.0,0.0,0.0,0.0,0.0,0.0,0.0,0.0,0.0,0.0,1.0,0.0,0.07142857142857142,0.09090909090909091,0.09090909090909091,0.0,0.1111111111111111,3,3,0,0,0,0,0,1,0.0,0.05,0.0,245000.0
10616610,0,0.0,1.0,0.0,0.0,0.0,0.0,0.0,0.0,0.0,0.0,0.0,0.0,0.0,1.0,0.0,0.0,0.0,1.0,0.05204081632653062,0.09090909090909091,0.09090909090909091,0.0,0.05555555555555555,3,2,1,0,0,0,0,1,0.0,0.0,0.0,285000.0
10485529,0,0.0,1.0,0.0,0.0,0.0,0.0,0.0,0.0,0.0,0.0,0.0,0.0,0.0,1.0,0.0,0.0,1.0,0.0,0.051020408163265314,0.09090909090909091,0.09090909090909091,0.0,0.05555555555555555,3,1,1,0,0,0,0,0,0.0,0.0,0.0,283000.0
10616631,0,0.0,1.0,0.0,1.0,0.0,0.0,0.0,0.0,0.0,0.0,0.0,0.0,0.0,0.0,0.0,0.0,0.0,1.0,0.07346938775510206,0.09090909090909091,0.09090909090909091,0.0,0.0,1,0,1,0,0,0,0,1,0.0,0.1,0.0,310000.0
10616619,0,0.0,0.0,1.0,0.0,0.0,0.0,0.0,0.0,0.0,1.0,0.0,0.0,0.0,0.0,0.0,0.0,1.0,0.0,0.04591836734693878,0.09090909090909091,0.09090909090909091,0.0,0.05555555555555555,4,7,1,0,0,0,0,1,0.0,0.0,0.0,138000.0
10616654,0,0.0,1.0,0.0,1.0,0.0,0.0,0.0,0.0,0.0,0.0,0.0,0.0,0.0,0.0,0.0,0.0,1.0,0.0,0.05816326530612246,0.09090909090909091,0.09090909090909091,0.0,0.05555555555555555,2,2,0,0,0,0,0,1,0.0,0.08,0.0,225000.0
10616632,0,0.0,1.0,0.0,1.0,0.0,0.0,0.0,0.0,0.0,0.0,0.0,0.0,0.0,0.0,0.0,0.0,0.0,1.0,0.04693877551020408,0.0,0.09090909090909091,0.0,0.0,1,0,1,0,0,0,0,1,0.0,0.1,0.0,217000.0
10616633,0,0.0,1.0,0.0,1.0,0.0,0.0,0.0,0.0,0.0,0.0,0.0,0.0,0.0,0.0,0.0,0.0,0.0,1.0,0.07959183673469389,0.09090909090909091,0.09090909090909091,0.0,0.0,1,0,1,0,0,0,0,1,0.0,0.12,0.0,322000.0
10616655,0,0.0,0.0,1.0,0.0,0.0,0.0,0.0,0.0,0.0,0.0,1.0,0.0,0.0,0.0,0.0,0.0,1.0,0.0,0.06020408163265307,0.09090909090909091,0.09090909090909091,0.07142857142857142,0.05555555555555555,3,5,0,0,0,0,1,1,0.277,0.28,0.0,225000.0
10616668,0,0.0,1.0,0.0,1.0,0.0,0.0,0.0,0.0,0.0,0.0,0.0,0.0,0.0,0.0,0.0,0.0,0.0,1.0,0.042857142857142864,0.0,0.09090909090909091,0.0,0.0,0,2,1,0,0,0,0,1,0.0,0.0,0.0,199000.0
10616612,0,0.0,1.0,0.0,0.0,0.0,1.0,0.0,0.0,0.0,0.0,0.0,0.0,0.0,0.0,0.0,0.0,0.0,1.0,0.09285714285714286,0.09090909090909091,0.09090909090909091,0.0,0.1111111111111111,1,0,1,0,0,0,0,1,0.0,0.04,0.0,325000.0
10616658,0,0.0,1.0,0.0,0.0,0.0,0.0,0.0,0.0,1.0,0.0,0.0,0.0,0.0,0.0,0.0,0.0,0.0,1.0,0.07142857142857142,0.09090909090909091,0.0,0.07142857142857142,0.0,1,1,0,0,0,0,0,0,0.0,0.0,0.0,299000.0
10616691,0,0.0,0.0,1.0,0.0,0.0,0.0,0.0,0.0,0.0,1.0,0.0,0.0,0.0,0.0,0.0,0.0,0.0,1.0,0.08469387755102042,0.09090909090909091,0.09090909090909091,0.0,0.05555555555555555,0,0,1,0,0,0,0,1,0.0,0.38,0.0,365000.0
10616693,0,0.0,0.0,1.0,0.0,0.0,0.0,0.0,0.0,0.0,1.0,0.0,0.0,0.0,0.0,0.0,0.0,1.0,0.0,0.08469387755102042,0.09090909090909091,0.09090909090909091,0.0,0.05555555555555555,0,0,1,0,0,0,0,1,0.0,0.38,0.0,365000.0
10616716,0,1.0,0.0,0.0,0.0,1.0,0.0,0.0,0.0,0.0,0.0,0.0,0.0,0.0,0.0,0.0,1.0,0.0,0.0,0.051020408163265314,0.09090909090909091,0.09090909090909091,0.07142857142857142,0.05555555555555555,3,7,0,0,0,0,0,1,0.0,0.02,0.0,185000.0
10616678,0,0.0,1.0,0.0,1.0,0.0,0.0,0.0,0.0,0.0,0.0,0.0,0.0,0.0,0.0,0.0,0.0,1.0,0.0,0.07653061224489796,0.09090909090909091,0.09090909090909091,0.0,0.05555555555555555,3,2,0,0,0,0,0,1,0.0,0.08,0.0,249000.0
10485692,0,0.0,1.0,0.0,0.0,0.0,0.0,0.0,0.0,0.0,0.0,0.0,0.0,0.0,1.0,0.0,0.0,0.0,1.0,0.0653061224489796,0.09090909090909091,0.09090909090909091,0.0,0.05555555555555555,1,2,1,0,0,0,0,1,0.0,0.0,0.0,319000.0
10616770,0,0.0,1.0,0.0,0.0,0.0,0.0,0.0,0.0,0.0,0.0,0.0,0.0,0.0,1.0,0.0,0.0,0.0,1.0,0.07142857142857142,0.09090909090909091,0.09090909090909091,0.0,0.0,3,1,1,0,0,0,0,1,0.0,0.0,0.0,320000.0
10616777,0,0.0,0.0,1.0,0.0,0.0,0.0,0.0,0.0,0.0,0.0,0.0,0.0,1.0,0.0,0.0,0.0,0.0,1.0,0.1326530612244898,0.2727272727272727,0.09090909090909091,0.07142857142857142,0.05555555555555555,0,3,0,0,0,0,0,1,0.0,0.25,0.0,740000.0
10616798,0,0.0,1.0,0.0,1.0,0.0,0.0,0.0,0.0,0.0,0.0,0.0,0.0,0.0,0.0,0.0,0.0,1.0,0.0,0.10204081632653061,0.09090909090909091,0.09090909090909091,0.07142857142857142,0.05555555555555555,1,3,1,0,0,0,0,1,0.0,0.12,0.0,220000.0
10616788,0,0.0,1.0,0.0,1.0,0.0,0.0,0.0,0.0,0.0,0.0,0.0,0.0,0.0,0.0,0.0,0.0,0.0,1.0,0.07346938775510206,0.09090909090909091,0.09090909090909091,0.0,0.05555555555555555,3,2,0,0,0,0,0,1,0.0,0.26,0.0,232500.0
10616802,0,1.0,0.0,0.0,0.0,1.0,0.0,0.0,0.0,0.0,0.0,0.0,0.0,0.0,0.0,0.0,1.0,0.0,0.0,0.11224489795918369,0.1818181818181818,0.18181818181818182,0.07142857142857142,0.1111111111111111,3,6,0,0,0,0,0,1,0.0,0.4,0.0,650000.0
10616805,0,0.0,1.0,0.0,0.0,0.0,0.0,0.0,0.0,0.0,0.0,0.0,0.0,0.0,1.0,0.0,0.0,1.0,0.0,0.05510204081632653,0.09090909090909091,0.18181818181818182,0.0,0.1111111111111111,1,1,1,0,0,0,0,1,0.0,0.04,0.0,695000.0
10616803,0,1.0,0.0,0.0,0.0,1.0,0.0,0.0,0.0,0.0,0.0,0.0,0.0,0.0,0.0,0.0,1.0,0.0,0.0,0.15306122448979595,0.1818181818181818,0.18181818181818182,0.42857142857142855,0.16666666666666666,1,4,1,0,0,0,1,1,0.35000000000000003,0.25,0.0,740000.0
10616810,0,0.0,1.0,0.0,0.0,0.0,1.0,0.0,0.0,0.0,0.0,0.0,0.0,0.0,0.0,0.0,0.0,1.0,0.0,0.10918367346938776,0.1818181818181818,0.09090909090909091,0.0,0.0,1,0,1,0,0,0,0,1,0.0,0.16,0.0,317500.0
10616813,0,1.0,0.0,0.0,0.0,1.0,0.0,0.0,0.0,0.0,0.0,0.0,0.0,0.0,0.0,0.0,0.0,0.0,1.0,0.06632653061224492,0.09090909090909091,0.09090909090909091,0.07142857142857142,0.05555555555555555,0,0,1,0,0,0,0,1,0.0,0.08,0.0,385000.0
10616831,0,0.0,0.0,1.0,0.0,0.0,0.0,0.0,0.0,0.0,0.0,0.0,0.0,1.0,0.0,0.0,0.0,0.0,1.0,0.11224489795918369,0.1818181818181818,0.18181818181818182,0.0,0.1111111111111111,1,1,1,0,0,0,1,1,0.154,0.18,0.0,465000.0
